Project Name,Package Name,Type Name,MethodName,LOC,CC,PC
eclipse.pde.ui-v_Eclipse_0_9,org.eclipse.pde.internal.runtime,OverlayIcon,OverlayIcon,6,2,2
eclipse.pde.ui-v_Eclipse_0_9,org.eclipse.pde.internal.runtime,OverlayIcon,OverlayIcon,6,2,3
eclipse.pde.ui-v_Eclipse_0_9,org.eclipse.pde.internal.runtime,OverlayIcon,drawBottomLeft,12,4,1
eclipse.pde.ui-v_Eclipse_0_9,org.eclipse.pde.internal.runtime,OverlayIcon,drawBottomRight,12,4,1
eclipse.pde.ui-v_Eclipse_0_9,org.eclipse.pde.internal.runtime,OverlayIcon,drawCompositeImage,10,6,2
eclipse.pde.ui-v_Eclipse_0_9,org.eclipse.pde.internal.runtime,OverlayIcon,drawTopLeft,12,4,1
eclipse.pde.ui-v_Eclipse_0_9,org.eclipse.pde.internal.runtime,OverlayIcon,drawTopRight,12,4,1
eclipse.pde.ui-v_Eclipse_0_9,org.eclipse.pde.internal.runtime,OverlayIcon,getSize,3,1,0
eclipse.pde.ui-v_Eclipse_0_9,org.eclipse.pde.internal.runtime,PDERuntimePlugin,PDERuntimePlugin,10,1,1
eclipse.pde.ui-v_Eclipse_0_9,org.eclipse.pde.internal.runtime,PDERuntimePlugin,getActivePage,3,1,0
eclipse.pde.ui-v_Eclipse_0_9,org.eclipse.pde.internal.runtime,PDERuntimePlugin,getActiveWorkbenchShell,3,1,0
eclipse.pde.ui-v_Eclipse_0_9,org.eclipse.pde.internal.runtime,PDERuntimePlugin,getActiveWorkbenchWindow,3,1,0
eclipse.pde.ui-v_Eclipse_0_9,org.eclipse.pde.internal.runtime,PDERuntimePlugin,getDefault,3,1,0
eclipse.pde.ui-v_Eclipse_0_9,org.eclipse.pde.internal.runtime,PDERuntimePlugin,getInstallLocation,3,1,0
eclipse.pde.ui-v_Eclipse_0_9,org.eclipse.pde.internal.runtime,PDERuntimePlugin,getPluginId,3,1,0
eclipse.pde.ui-v_Eclipse_0_9,org.eclipse.pde.internal.runtime,PDERuntimePlugin,getResourceBundle,3,1,0
eclipse.pde.ui-v_Eclipse_0_9,org.eclipse.pde.internal.runtime,PDERuntimePlugin,getResourceString,12,2,1
eclipse.pde.ui-v_Eclipse_0_9,org.eclipse.pde.internal.runtime,PDERuntimePlugin,getWorkspace,3,1,0
eclipse.pde.ui-v_Eclipse_0_9,org.eclipse.pde.internal.runtime,PDERuntimePlugin,internalGetActivePage,3,1,0
eclipse.pde.ui-v_Eclipse_0_9,org.eclipse.pde.internal.runtime,PDERuntimePlugin,startup,5,1,0
eclipse.pde.ui-v_Eclipse_0_9,org.eclipse.pde.internal.runtime,PDERuntimePluginImages,create,3,1,2
eclipse.pde.ui-v_Eclipse_0_9,org.eclipse.pde.internal.runtime,PDERuntimePluginImages,createManaged,5,1,2
eclipse.pde.ui-v_Eclipse_0_9,org.eclipse.pde.internal.runtime,PDERuntimePluginImages,get,3,1,1
eclipse.pde.ui-v_Eclipse_0_9,org.eclipse.pde.internal.runtime,PDERuntimePluginImages,makeIconURL,11,1,2
eclipse.pde.ui-v_Eclipse_0_9,org.eclipse.pde.internal.runtime,PDERuntimePluginImages,manage,5,1,2
eclipse.pde.ui-v_Eclipse_0_9,org.eclipse.pde.internal.runtime.logview,LogView,LogView,3,1,0
eclipse.pde.ui-v_Eclipse_0_9,org.eclipse.pde.internal.runtime.logview,LogView,createPartControl,66,2,1
eclipse.pde.ui-v_Eclipse_0_9,org.eclipse.pde.internal.runtime.logview,LogView,menuAboutToShow,3,1,1
eclipse.pde.ui-v_Eclipse_0_9,org.eclipse.pde.internal.runtime.logview,LogView,run,3,1,0
eclipse.pde.ui-v_Eclipse_0_9,org.eclipse.pde.internal.runtime.logview,LogView,widgetDefaultSelected,5,2,1
eclipse.pde.ui-v_Eclipse_0_9,org.eclipse.pde.internal.runtime.logview,LogView,dispose,4,1,0
eclipse.pde.ui-v_Eclipse_0_9,org.eclipse.pde.internal.runtime.logview,LogView,fillContextMenu,4,1,1
eclipse.pde.ui-v_Eclipse_0_9,org.eclipse.pde.internal.runtime.logview,LogView,getLogs,5,1,0
eclipse.pde.ui-v_Eclipse_0_9,org.eclipse.pde.internal.runtime.logview,LogView,getTableTreeViewer,3,1,0
eclipse.pde.ui-v_Eclipse_0_9,org.eclipse.pde.internal.runtime.logview,LogView,handleClear,4,1,0
eclipse.pde.ui-v_Eclipse_0_9,org.eclipse.pde.internal.runtime.logview,LogView,logging,4,1,1
eclipse.pde.ui-v_Eclipse_0_9,org.eclipse.pde.internal.runtime.logview,LogView,logging,4,1,2
eclipse.pde.ui-v_Eclipse_0_9,org.eclipse.pde.internal.runtime.logview,LogView,selectionChanged,2,1,2
eclipse.pde.ui-v_Eclipse_0_9,org.eclipse.pde.internal.runtime.logview,LogView,setFocus,3,1,0
eclipse.pde.ui-v_Eclipse_0_9,org.eclipse.pde.internal.runtime.logview,LogViewContentProvider,LogViewContentProvider,3,1,1
eclipse.pde.ui-v_Eclipse_0_9,org.eclipse.pde.internal.runtime.logview,LogViewContentProvider,dispose,2,1,0
eclipse.pde.ui-v_Eclipse_0_9,org.eclipse.pde.internal.runtime.logview,LogViewContentProvider,getChildren,3,1,1
eclipse.pde.ui-v_Eclipse_0_9,org.eclipse.pde.internal.runtime.logview,LogViewContentProvider,getElements,3,1,1
eclipse.pde.ui-v_Eclipse_0_9,org.eclipse.pde.internal.runtime.logview,LogViewContentProvider,getParent,3,1,1
eclipse.pde.ui-v_Eclipse_0_9,org.eclipse.pde.internal.runtime.logview,LogViewContentProvider,hasChildren,3,1,1
eclipse.pde.ui-v_Eclipse_0_9,org.eclipse.pde.internal.runtime.logview,LogViewContentProvider,inputChanged,2,1,3
eclipse.pde.ui-v_Eclipse_0_9,org.eclipse.pde.internal.runtime.logview,LogViewContentProvider,isDeleted,3,1,1
eclipse.pde.ui-v_Eclipse_0_9,org.eclipse.pde.internal.runtime.logview,LogViewLabelProvider,LogViewLabelProvider,5,1,0
eclipse.pde.ui-v_Eclipse_0_9,org.eclipse.pde.internal.runtime.logview,LogViewLabelProvider,dispose,6,1,0
eclipse.pde.ui-v_Eclipse_0_9,org.eclipse.pde.internal.runtime.logview,LogViewLabelProvider,getColumnImage,18,6,2
eclipse.pde.ui-v_Eclipse_0_9,org.eclipse.pde.internal.runtime.logview,LogViewLabelProvider,getColumnText,12,4,2
eclipse.pde.ui-v_Eclipse_0_9,org.eclipse.pde.internal.runtime.logview,StatusAdapter,StatusAdapter,3,1,1
eclipse.pde.ui-v_Eclipse_0_9,org.eclipse.pde.internal.runtime.logview,StatusAdapter,StatusAdapter,4,1,2
eclipse.pde.ui-v_Eclipse_0_9,org.eclipse.pde.internal.runtime.logview,StatusAdapter,getChildren,10,3,0
eclipse.pde.ui-v_Eclipse_0_9,org.eclipse.pde.internal.runtime.logview,StatusAdapter,getParent,3,1,0
eclipse.pde.ui-v_Eclipse_0_9,org.eclipse.pde.internal.runtime.logview,StatusAdapter,getSeverityText,3,1,0
eclipse.pde.ui-v_Eclipse_0_9,org.eclipse.pde.internal.runtime.logview,StatusAdapter,getSeverityText,11,4,1
eclipse.pde.ui-v_Eclipse_0_9,org.eclipse.pde.internal.runtime.logview,StatusAdapter,getStatus,3,1,0
eclipse.pde.ui-v_Eclipse_0_9,org.eclipse.pde.internal.runtime.logview,StatusAdapter,hasChildren,3,1,0
eclipse.pde.ui-v_Eclipse_0_9,org.eclipse.pde.internal.runtime.logview,StatusAdapter,toString,3,1,0
eclipse.pde.ui-v_Eclipse_0_9,org.eclipse.pde.internal.runtime.logview,StatusAdapter,getChildren,3,1,1
eclipse.pde.ui-v_Eclipse_0_9,org.eclipse.pde.internal.runtime.logview,StatusAdapter,getImageDescriptor,3,1,1
eclipse.pde.ui-v_Eclipse_0_9,org.eclipse.pde.internal.runtime.logview,StatusAdapter,getLabel,3,1,1
eclipse.pde.ui-v_Eclipse_0_9,org.eclipse.pde.internal.runtime.logview,StatusAdapter,getParent,3,1,1
eclipse.pde.ui-v_Eclipse_0_9,org.eclipse.pde.internal.runtime.logview,StatusPropertyPage,StatusPropertyPage,4,1,0
eclipse.pde.ui-v_Eclipse_0_9,org.eclipse.pde.internal.runtime.logview,StatusPropertyPage,createContents,43,2,1
eclipse.pde.ui-v_Eclipse_0_9,org.eclipse.pde.internal.runtime.logview,StatusPropertyPage,dispose,4,1,0
eclipse.pde.ui-v_Eclipse_0_9,org.eclipse.pde.internal.runtime.registry,ConfigurationElementAdapter,ConfigurationElementAdapter,3,1,1
eclipse.pde.ui-v_Eclipse_0_9,org.eclipse.pde.internal.runtime.registry,ConfigurationElementAdapter,createChildren,11,3,0
eclipse.pde.ui-v_Eclipse_0_9,org.eclipse.pde.internal.runtime.registry,ConfigurationElementPropertySource,ConfigurationElementPropertySource,3,1,1
eclipse.pde.ui-v_Eclipse_0_9,org.eclipse.pde.internal.runtime.registry,ConfigurationElementPropertySource,getPropertyDescriptors,8,2,0
eclipse.pde.ui-v_Eclipse_0_9,org.eclipse.pde.internal.runtime.registry,ConfigurationElementPropertySource,getPropertyValue,3,1,1
eclipse.pde.ui-v_Eclipse_0_9,org.eclipse.pde.internal.runtime.registry,ExtensionAdapter,ExtensionAdapter,3,1,1
eclipse.pde.ui-v_Eclipse_0_9,org.eclipse.pde.internal.runtime.registry,ExtensionAdapter,createChildren,10,2,0
eclipse.pde.ui-v_Eclipse_0_9,org.eclipse.pde.internal.runtime.registry,ExtensionPointAdapter,ExtensionPointAdapter,3,1,1
eclipse.pde.ui-v_Eclipse_0_9,org.eclipse.pde.internal.runtime.registry,ExtensionPointAdapter,createChildren,10,2,0
eclipse.pde.ui-v_Eclipse_0_9,org.eclipse.pde.internal.runtime.registry,ExtensionPointPropertySource,ExtensionPointPropertySource,3,1,1
eclipse.pde.ui-v_Eclipse_0_9,org.eclipse.pde.internal.runtime.registry,ExtensionPointPropertySource,getPropertyDescriptors,6,1,0
eclipse.pde.ui-v_Eclipse_0_9,org.eclipse.pde.internal.runtime.registry,ExtensionPointPropertySource,getPropertyValue,5,3,1
eclipse.pde.ui-v_Eclipse_0_9,org.eclipse.pde.internal.runtime.registry,ExtensionPropertySource,ExtensionPropertySource,3,1,1
eclipse.pde.ui-v_Eclipse_0_9,org.eclipse.pde.internal.runtime.registry,ExtensionPropertySource,getPropertyDescriptors,7,1,0
eclipse.pde.ui-v_Eclipse_0_9,org.eclipse.pde.internal.runtime.registry,ExtensionPropertySource,getPropertyValue,6,4,1
eclipse.pde.ui-v_Eclipse_0_9,org.eclipse.pde.internal.runtime.registry,IPluginFolder,getChildren,0,1,0
eclipse.pde.ui-v_Eclipse_0_9,org.eclipse.pde.internal.runtime.registry,IPluginFolder,getFolderId,0,1,0
eclipse.pde.ui-v_Eclipse_0_9,org.eclipse.pde.internal.runtime.registry,IPluginFolder,getPluginDescriptor,0,1,0
eclipse.pde.ui-v_Eclipse_0_9,org.eclipse.pde.internal.runtime.registry,LibraryPropertySource,LibraryPropertySource,3,1,1
eclipse.pde.ui-v_Eclipse_0_9,org.eclipse.pde.internal.runtime.registry,LibraryPropertySource,getPropertyDescriptors,7,1,0
eclipse.pde.ui-v_Eclipse_0_9,org.eclipse.pde.internal.runtime.registry,LibraryPropertySource,getPropertyValue,6,4,1
eclipse.pde.ui-v_Eclipse_0_9,org.eclipse.pde.internal.runtime.registry,ParentAdapter,ParentAdapter,3,1,1
eclipse.pde.ui-v_Eclipse_0_9,org.eclipse.pde.internal.runtime.registry,ParentAdapter,createChildren,0,1,0
eclipse.pde.ui-v_Eclipse_0_9,org.eclipse.pde.internal.runtime.registry,ParentAdapter,getChildren,4,2,0
eclipse.pde.ui-v_Eclipse_0_9,org.eclipse.pde.internal.runtime.registry,PluginObjectAdapter,PluginObjectAdapter,3,1,1
eclipse.pde.ui-v_Eclipse_0_9,org.eclipse.pde.internal.runtime.registry,PluginObjectAdapter,getObject,3,1,0
eclipse.pde.ui-v_Eclipse_0_9,org.eclipse.pde.internal.runtime.registry,PluginPropertySource,PluginPropertySource,3,1,1
eclipse.pde.ui-v_Eclipse_0_9,org.eclipse.pde.internal.runtime.registry,PluginPropertySource,getPropertyDescriptors,10,1,0
eclipse.pde.ui-v_Eclipse_0_9,org.eclipse.pde.internal.runtime.registry,PluginPropertySource,getPropertyValue,9,7,1
eclipse.pde.ui-v_Eclipse_0_9,org.eclipse.pde.internal.runtime.registry,PrerequisitePropertySource,PrerequisitePropertySource,3,1,1
eclipse.pde.ui-v_Eclipse_0_9,org.eclipse.pde.internal.runtime.registry,PrerequisitePropertySource,getPropertyDescriptors,9,1,0
eclipse.pde.ui-v_Eclipse_0_9,org.eclipse.pde.internal.runtime.registry,PrerequisitePropertySource,getPropertyValue,11,6,1
eclipse.pde.ui-v_Eclipse_0_9,org.eclipse.pde.internal.runtime.registry,PropertiesAction,PropertiesAction,8,1,1
eclipse.pde.ui-v_Eclipse_0_9,org.eclipse.pde.internal.runtime.registry,PropertiesAction,run,15,1,0
eclipse.pde.ui-v_Eclipse_0_9,org.eclipse.pde.internal.runtime.registry,RegistryBrowser,RegistryBrowser,20,1,0
eclipse.pde.ui-v_Eclipse_0_9,org.eclipse.pde.internal.runtime.registry,RegistryBrowser,run,8,1,0
eclipse.pde.ui-v_Eclipse_0_9,org.eclipse.pde.internal.runtime.registry,RegistryBrowser,run,3,1,0
eclipse.pde.ui-v_Eclipse_0_9,org.eclipse.pde.internal.runtime.registry,RegistryBrowser,createPartControl,23,1,1
eclipse.pde.ui-v_Eclipse_0_9,org.eclipse.pde.internal.runtime.registry,RegistryBrowser,menuAboutToShow,3,1,1
eclipse.pde.ui-v_Eclipse_0_9,org.eclipse.pde.internal.runtime.registry,RegistryBrowser,fillContextMenu,4,1,1
eclipse.pde.ui-v_Eclipse_0_9,org.eclipse.pde.internal.runtime.registry,RegistryBrowser,getTreeViewer,3,1,0
eclipse.pde.ui-v_Eclipse_0_9,org.eclipse.pde.internal.runtime.registry,RegistryBrowser,initializeImages,2,1,0
eclipse.pde.ui-v_Eclipse_0_9,org.eclipse.pde.internal.runtime.registry,RegistryBrowser,selectionChanged,2,1,2
eclipse.pde.ui-v_Eclipse_0_9,org.eclipse.pde.internal.runtime.registry,RegistryBrowser,setFocus,2,1,0
eclipse.pde.ui-v_Eclipse_0_9,org.eclipse.pde.internal.runtime.registry,RegistryBrowserContentProvider,PluginFolder,4,1,2
eclipse.pde.ui-v_Eclipse_0_9,org.eclipse.pde.internal.runtime.registry,RegistryBrowserContentProvider,getPluginDescriptor,3,1,0
eclipse.pde.ui-v_Eclipse_0_9,org.eclipse.pde.internal.runtime.registry,RegistryBrowserContentProvider,getChildren,4,2,0
eclipse.pde.ui-v_Eclipse_0_9,org.eclipse.pde.internal.runtime.registry,RegistryBrowserContentProvider,getFolderId,3,1,0
eclipse.pde.ui-v_Eclipse_0_9,org.eclipse.pde.internal.runtime.registry,RegistryBrowserContentProvider,createAdapter,5,3,2
eclipse.pde.ui-v_Eclipse_0_9,org.eclipse.pde.internal.runtime.registry,RegistryBrowserContentProvider,createPluginFolders,8,1,1
eclipse.pde.ui-v_Eclipse_0_9,org.eclipse.pde.internal.runtime.registry,RegistryBrowserContentProvider,dispose,2,1,0
eclipse.pde.ui-v_Eclipse_0_9,org.eclipse.pde.internal.runtime.registry,RegistryBrowserContentProvider,getChildren,26,8,1
eclipse.pde.ui-v_Eclipse_0_9,org.eclipse.pde.internal.runtime.registry,RegistryBrowserContentProvider,getElements,9,2,1
eclipse.pde.ui-v_Eclipse_0_9,org.eclipse.pde.internal.runtime.registry,RegistryBrowserContentProvider,getFolderChildren,25,7,2
eclipse.pde.ui-v_Eclipse_0_9,org.eclipse.pde.internal.runtime.registry,RegistryBrowserContentProvider,getParent,3,1,1
eclipse.pde.ui-v_Eclipse_0_9,org.eclipse.pde.internal.runtime.registry,RegistryBrowserContentProvider,hasChildren,4,1,1
eclipse.pde.ui-v_Eclipse_0_9,org.eclipse.pde.internal.runtime.registry,RegistryBrowserContentProvider,inputChanged,2,1,3
eclipse.pde.ui-v_Eclipse_0_9,org.eclipse.pde.internal.runtime.registry,RegistryBrowserContentProvider,isDeleted,3,1,1
eclipse.pde.ui-v_Eclipse_0_9,org.eclipse.pde.internal.runtime.registry,PluginFolder,PluginFolder,4,1,2
eclipse.pde.ui-v_Eclipse_0_9,org.eclipse.pde.internal.runtime.registry,PluginFolder,getPluginDescriptor,3,1,0
eclipse.pde.ui-v_Eclipse_0_9,org.eclipse.pde.internal.runtime.registry,PluginFolder,getChildren,4,2,0
eclipse.pde.ui-v_Eclipse_0_9,org.eclipse.pde.internal.runtime.registry,PluginFolder,getFolderId,3,1,0
eclipse.pde.ui-v_Eclipse_0_9,org.eclipse.pde.internal.runtime.registry,RegistryBrowserLabelProvider,RegistryBrowserLabelProvider,14,1,0
eclipse.pde.ui-v_Eclipse_0_9,org.eclipse.pde.internal.runtime.registry,RegistryBrowserLabelProvider,dispose,13,1,0
eclipse.pde.ui-v_Eclipse_0_9,org.eclipse.pde.internal.runtime.registry,RegistryBrowserLabelProvider,getImage,38,13,1
eclipse.pde.ui-v_Eclipse_0_9,org.eclipse.pde.internal.runtime.registry,RegistryBrowserLabelProvider,getText,34,13,1
eclipse.pde.ui-v_Eclipse_0_9,org.eclipse.pde.internal.runtime.registry,RegistryPropertySource,getEditableValue,3,1,0
eclipse.pde.ui-v_Eclipse_0_9,org.eclipse.pde.internal.runtime.registry,RegistryPropertySource,getPropertyDescriptors,3,1,0
eclipse.pde.ui-v_Eclipse_0_9,org.eclipse.pde.internal.runtime.registry,RegistryPropertySource,isPropertySet,3,1,1
eclipse.pde.ui-v_Eclipse_0_9,org.eclipse.pde.internal.runtime.registry,RegistryPropertySource,resetPropertyValue,2,1,1
eclipse.pde.ui-v_Eclipse_0_9,org.eclipse.pde.internal.runtime.registry,RegistryPropertySource,setPropertyValue,2,1,2
eclipse.pde.ui-v_Eclipse_0_9,org.eclipse.pde.internal.runtime.registry,RegistryPropertySource,toDescriptorArray,5,1,1
eclipse.pde.ui-v_Eclipse_0_9,org.eclipse.pde.internal.runtime.registry,RegistryPropertySourceFactory,getAdapter,4,2,2
eclipse.pde.ui-v_Eclipse_0_9,org.eclipse.pde.internal.runtime.registry,RegistryPropertySourceFactory,getAdapterList,3,1,0
eclipse.pde.ui-v_Eclipse_0_9,org.eclipse.pde.internal.runtime.registry,RegistryPropertySourceFactory,getPropertySource,22,8,1
eclipse.pde.ui-v_Eclipse_0_9,org.eclipse.pde.internal,ArraySorter,compare,3,1,2
eclipse.pde.ui-v_Eclipse_0_9,org.eclipse.pde.internal,BaseProject,BaseProject,3,1,0
eclipse.pde.ui-v_Eclipse_0_9,org.eclipse.pde.internal,BaseProject,addToBuildSpec,9,2,1
eclipse.pde.ui-v_Eclipse_0_9,org.eclipse.pde.internal,BaseProject,getBuilderCommand,9,3,2
eclipse.pde.ui-v_Eclipse_0_9,org.eclipse.pde.internal,BaseProject,getProject,3,1,0
eclipse.pde.ui-v_Eclipse_0_9,org.eclipse.pde.internal,BaseProject,getWorkspace,3,1,0
eclipse.pde.ui-v_Eclipse_0_9,org.eclipse.pde.internal,BaseProject,removeFromBuildSpec,13,3,1
eclipse.pde.ui-v_Eclipse_0_9,org.eclipse.pde.internal,BaseProject,setBuilderCommand,21,4,2
eclipse.pde.ui-v_Eclipse_0_9,org.eclipse.pde.internal,BaseProject,setProject,3,1,1
eclipse.pde.ui-v_Eclipse_0_9,org.eclipse.pde.internal,CoreUtility,addNatureToProject,9,1,3
eclipse.pde.ui-v_Eclipse_0_9,org.eclipse.pde.internal,CoreUtility,createFolder,9,3,4
eclipse.pde.ui-v_Eclipse_0_9,org.eclipse.pde.internal,CoreUtility,createProject,9,2,3
eclipse.pde.ui-v_Eclipse_0_9,org.eclipse.pde.internal,ExternalModelManager,ExternalModelManager,2,1,0
eclipse.pde.ui-v_Eclipse_0_9,org.eclipse.pde.internal,ExternalModelManager,addModelProviderListener,3,1,1
eclipse.pde.ui-v_Eclipse_0_9,org.eclipse.pde.internal,ExternalModelManager,clear,3,1,0
eclipse.pde.ui-v_Eclipse_0_9,org.eclipse.pde.internal,ExternalModelManager,createEclipseRelativeHome,6,1,1
eclipse.pde.ui-v_Eclipse_0_9,org.eclipse.pde.internal,ExternalModelManager,findExtensionPoint,15,6,1
eclipse.pde.ui-v_Eclipse_0_9,org.eclipse.pde.internal,ExternalModelManager,findPlugin,10,5,1
eclipse.pde.ui-v_Eclipse_0_9,org.eclipse.pde.internal,ExternalModelManager,fireModelProviderEvent,6,2,1
eclipse.pde.ui-v_Eclipse_0_9,org.eclipse.pde.internal,ExternalModelManager,getEclipseHome,16,3,0
eclipse.pde.ui-v_Eclipse_0_9,org.eclipse.pde.internal,ExternalModelManager,getModels,9,3,0
eclipse.pde.ui-v_Eclipse_0_9,org.eclipse.pde.internal,ExternalModelManager,getPlugin,8,3,1
eclipse.pde.ui-v_Eclipse_0_9,org.eclipse.pde.internal,ExternalModelManager,getPluginCount,4,2,0
eclipse.pde.ui-v_Eclipse_0_9,org.eclipse.pde.internal,ExternalModelManager,getPluginPaths,3,1,0
eclipse.pde.ui-v_Eclipse_0_9,org.eclipse.pde.internal,ExternalModelManager,getPluginPaths,16,3,1
eclipse.pde.ui-v_Eclipse_0_9,org.eclipse.pde.internal,ExternalModelManager,hasEnabledModels,8,4,0
eclipse.pde.ui-v_Eclipse_0_9,org.eclipse.pde.internal,ExternalModelManager,loadModels,8,2,0
eclipse.pde.ui-v_Eclipse_0_9,org.eclipse.pde.internal,ExternalModelManager,processPluginDescriptorModel,20,2,1
eclipse.pde.ui-v_Eclipse_0_9,org.eclipse.pde.internal,ExternalModelManager,processPluginDirectory,19,4,1
eclipse.pde.ui-v_Eclipse_0_9,org.eclipse.pde.internal,ExternalModelManager,reload,11,4,1
eclipse.pde.ui-v_Eclipse_0_9,org.eclipse.pde.internal,ExternalModelManager,removeModelProviderListener,3,1,1
eclipse.pde.ui-v_Eclipse_0_9,org.eclipse.pde.internal,ExternalModelManager,setEclipseHome,8,1,1
eclipse.pde.ui-v_Eclipse_0_9,org.eclipse.pde.internal,OverlayIcon,OverlayIcon,6,2,2
eclipse.pde.ui-v_Eclipse_0_9,org.eclipse.pde.internal,OverlayIcon,OverlayIcon,6,2,3
eclipse.pde.ui-v_Eclipse_0_9,org.eclipse.pde.internal,OverlayIcon,drawBottomLeft,12,4,1
eclipse.pde.ui-v_Eclipse_0_9,org.eclipse.pde.internal,OverlayIcon,drawBottomRight,12,4,1
eclipse.pde.ui-v_Eclipse_0_9,org.eclipse.pde.internal,OverlayIcon,drawCompositeImage,10,6,2
eclipse.pde.ui-v_Eclipse_0_9,org.eclipse.pde.internal,OverlayIcon,drawTopLeft,12,4,1
eclipse.pde.ui-v_Eclipse_0_9,org.eclipse.pde.internal,OverlayIcon,drawTopRight,12,4,1
eclipse.pde.ui-v_Eclipse_0_9,org.eclipse.pde.internal,OverlayIcon,getSize,3,1,0
eclipse.pde.ui-v_Eclipse_0_9,org.eclipse.pde.internal,PDEPerspective,PDEPerspective,3,1,0
eclipse.pde.ui-v_Eclipse_0_9,org.eclipse.pde.internal,PDEPerspective,createInitialLayout,13,1,1
eclipse.pde.ui-v_Eclipse_0_9,org.eclipse.pde.internal,PDEPlugin,PDEPlugin,10,1,1
eclipse.pde.ui-v_Eclipse_0_9,org.eclipse.pde.internal,PDEPlugin,findExtensionPoint,15,6,1
eclipse.pde.ui-v_Eclipse_0_9,org.eclipse.pde.internal,PDEPlugin,findPlugin,9,4,2
eclipse.pde.ui-v_Eclipse_0_9,org.eclipse.pde.internal,PDEPlugin,findPlugin,11,5,3
eclipse.pde.ui-v_Eclipse_0_9,org.eclipse.pde.internal,PDEPlugin,findPlugin,3,1,1
eclipse.pde.ui-v_Eclipse_0_9,org.eclipse.pde.internal,PDEPlugin,findPlugin,10,3,2
eclipse.pde.ui-v_Eclipse_0_9,org.eclipse.pde.internal,PDEPlugin,getActivePage,3,1,0
eclipse.pde.ui-v_Eclipse_0_9,org.eclipse.pde.internal,PDEPlugin,getActiveWorkbenchShell,3,1,0
eclipse.pde.ui-v_Eclipse_0_9,org.eclipse.pde.internal,PDEPlugin,getActiveWorkbenchWindow,3,1,0
eclipse.pde.ui-v_Eclipse_0_9,org.eclipse.pde.internal,PDEPlugin,getDefault,3,1,0
eclipse.pde.ui-v_Eclipse_0_9,org.eclipse.pde.internal,PDEPlugin,getDefaultNameCounters,4,2,0
eclipse.pde.ui-v_Eclipse_0_9,org.eclipse.pde.internal,PDEPlugin,getExternalModelManager,4,2,0
eclipse.pde.ui-v_Eclipse_0_9,org.eclipse.pde.internal,PDEPlugin,getFormattedMessage,4,1,2
eclipse.pde.ui-v_Eclipse_0_9,org.eclipse.pde.internal,PDEPlugin,getFormattedMessage,4,1,2
eclipse.pde.ui-v_Eclipse_0_9,org.eclipse.pde.internal,PDEPlugin,getInstallLocation,3,1,0
eclipse.pde.ui-v_Eclipse_0_9,org.eclipse.pde.internal,PDEPlugin,getPluginId,3,1,0
eclipse.pde.ui-v_Eclipse_0_9,org.eclipse.pde.internal,PDEPlugin,getResourceBundle,3,1,0
eclipse.pde.ui-v_Eclipse_0_9,org.eclipse.pde.internal,PDEPlugin,getResourceString,12,2,1
eclipse.pde.ui-v_Eclipse_0_9,org.eclipse.pde.internal,PDEPlugin,getSchemaRegistry,4,2,0
eclipse.pde.ui-v_Eclipse_0_9,org.eclipse.pde.internal,PDEPlugin,getTracingOptionsManager,4,2,0
eclipse.pde.ui-v_Eclipse_0_9,org.eclipse.pde.internal,PDEPlugin,getWorkspace,3,1,0
eclipse.pde.ui-v_Eclipse_0_9,org.eclipse.pde.internal,PDEPlugin,getWorkspaceModelManager,4,2,0
eclipse.pde.ui-v_Eclipse_0_9,org.eclipse.pde.internal,PDEPlugin,initializePlatformPath,3,1,0
eclipse.pde.ui-v_Eclipse_0_9,org.eclipse.pde.internal,PDEPlugin,internalGetActivePage,3,1,0
eclipse.pde.ui-v_Eclipse_0_9,org.eclipse.pde.internal,PDEPlugin,isVAJ,3,1,0
eclipse.pde.ui-v_Eclipse_0_9,org.eclipse.pde.internal,PDEPlugin,log,3,1,1
eclipse.pde.ui-v_Eclipse_0_9,org.eclipse.pde.internal,PDEPlugin,logErrorMessage,3,1,1
eclipse.pde.ui-v_Eclipse_0_9,org.eclipse.pde.internal,PDEPlugin,logException,10,3,1
eclipse.pde.ui-v_Eclipse_0_9,org.eclipse.pde.internal,PDEPlugin,registerPlatformLaunchers,16,3,1
eclipse.pde.ui-v_Eclipse_0_9,org.eclipse.pde.internal,PDEPlugin,shutdown,5,3,0
eclipse.pde.ui-v_Eclipse_0_9,org.eclipse.pde.internal,PDEPlugin,startup,9,2,0
eclipse.pde.ui-v_Eclipse_0_9,org.eclipse.pde.internal,PDEPluginImages,create,3,1,2
eclipse.pde.ui-v_Eclipse_0_9,org.eclipse.pde.internal,PDEPluginImages,get,4,2,1
eclipse.pde.ui-v_Eclipse_0_9,org.eclipse.pde.internal,PDEPluginImages,getImageDescriptorFromPlugin,10,1,2
eclipse.pde.ui-v_Eclipse_0_9,org.eclipse.pde.internal,PDEPluginImages,getImageFromPlugin,18,3,2
eclipse.pde.ui-v_Eclipse_0_9,org.eclipse.pde.internal,PDEPluginImages,initialize,9,1,0
eclipse.pde.ui-v_Eclipse_0_9,org.eclipse.pde.internal,PDEPluginImages,makeImageURL,11,1,2
eclipse.pde.ui-v_Eclipse_0_9,org.eclipse.pde.internal,PDEPluginImages,manage,5,1,2
eclipse.pde.ui-v_Eclipse_0_9,org.eclipse.pde.internal,PDEProblemFinder,PDEProblemFinder,3,1,0
eclipse.pde.ui-v_Eclipse_0_9,org.eclipse.pde.internal,PDEProblemFinder,fixMe,2,1,1
eclipse.pde.ui-v_Eclipse_0_9,org.eclipse.pde.internal,PDEProblemFinder,fixNLS,2,1,0
eclipse.pde.ui-v_Eclipse_0_9,org.eclipse.pde.internal,PluginProject,PluginProject,3,1,0
eclipse.pde.ui-v_Eclipse_0_9,org.eclipse.pde.internal,PluginProject,configure,4,1,0
eclipse.pde.ui-v_Eclipse_0_9,org.eclipse.pde.internal,PluginProject,deconfigure,4,1,0
eclipse.pde.ui-v_Eclipse_0_9,org.eclipse.pde.internal,Sorter,compare,0,1,2
eclipse.pde.ui-v_Eclipse_0_9,org.eclipse.pde.internal,Sorter,quickSort,20,7,3
eclipse.pde.ui-v_Eclipse_0_9,org.eclipse.pde.internal,Sorter,sort,7,2,1
eclipse.pde.ui-v_Eclipse_0_9,org.eclipse.pde.internal,Sorter,sortInPlace,4,2,1
eclipse.pde.ui-v_Eclipse_0_9,org.eclipse.pde.internal,TracingOptionsManager,TracingOptionsManager,3,1,0
eclipse.pde.ui-v_Eclipse_0_9,org.eclipse.pde.internal,TracingOptionsManager,addToTemplate,5,2,1
eclipse.pde.ui-v_Eclipse_0_9,org.eclipse.pde.internal,TracingOptionsManager,addToTemplate,4,2,1
eclipse.pde.ui-v_Eclipse_0_9,org.eclipse.pde.internal,TracingOptionsManager,createTemplate,5,1,0
eclipse.pde.ui-v_Eclipse_0_9,org.eclipse.pde.internal,TracingOptionsManager,ensureTracingFileExists,8,2,0
eclipse.pde.ui-v_Eclipse_0_9,org.eclipse.pde.internal,TracingOptionsManager,getOptions,14,2,1
eclipse.pde.ui-v_Eclipse_0_9,org.eclipse.pde.internal,TracingOptionsManager,getTemplateTable,4,2,1
eclipse.pde.ui-v_Eclipse_0_9,org.eclipse.pde.internal,TracingOptionsManager,getTracingFileName,4,1,0
eclipse.pde.ui-v_Eclipse_0_9,org.eclipse.pde.internal,TracingOptionsManager,getTracingOptions,6,2,0
eclipse.pde.ui-v_Eclipse_0_9,org.eclipse.pde.internal,TracingOptionsManager,isTraceable,14,2,1
eclipse.pde.ui-v_Eclipse_0_9,org.eclipse.pde.internal,TracingOptionsManager,loadStoredOptions,9,2,0
eclipse.pde.ui-v_Eclipse_0_9,org.eclipse.pde.internal,TracingOptionsManager,openInputStream,24,3,1
eclipse.pde.ui-v_Eclipse_0_9,org.eclipse.pde.internal,TracingOptionsManager,reset,3,1,0
eclipse.pde.ui-v_Eclipse_0_9,org.eclipse.pde.internal,TracingOptionsManager,save,3,1,0
eclipse.pde.ui-v_Eclipse_0_9,org.eclipse.pde.internal,TracingOptionsManager,save,11,1,1
eclipse.pde.ui-v_Eclipse_0_9,org.eclipse.pde.internal,TracingOptionsManager,setTracingOptions,3,1,1
eclipse.pde.ui-v_Eclipse_0_9,org.eclipse.pde.internal,WorkspaceModelManager,isExclusiveAccess,3,1,0
eclipse.pde.ui-v_Eclipse_0_9,org.eclipse.pde.internal,WorkspaceModelManager,WorkspaceModelManager,3,1,0
eclipse.pde.ui-v_Eclipse_0_9,org.eclipse.pde.internal,WorkspaceModelManager,addModelProviderListener,3,1,1
eclipse.pde.ui-v_Eclipse_0_9,org.eclipse.pde.internal,WorkspaceModelManager,addWorkspaceModel,7,3,1
eclipse.pde.ui-v_Eclipse_0_9,org.eclipse.pde.internal,WorkspaceModelManager,checkTracing,5,2,1
eclipse.pde.ui-v_Eclipse_0_9,org.eclipse.pde.internal,WorkspaceModelManager,connect,3,1,2
eclipse.pde.ui-v_Eclipse_0_9,org.eclipse.pde.internal,WorkspaceModelManager,connect,19,5,3
eclipse.pde.ui-v_Eclipse_0_9,org.eclipse.pde.internal,WorkspaceModelManager,createModel,3,1,1
eclipse.pde.ui-v_Eclipse_0_9,org.eclipse.pde.internal,WorkspaceModelManager,createModel,33,7,2
eclipse.pde.ui-v_Eclipse_0_9,org.eclipse.pde.internal,WorkspaceModelManager,createWorkspacePluginModel,7,2,1
eclipse.pde.ui-v_Eclipse_0_9,org.eclipse.pde.internal,WorkspaceModelManager,createWorkspacePluginModel,12,3,1
eclipse.pde.ui-v_Eclipse_0_9,org.eclipse.pde.internal,WorkspaceModelManager,disconnect,15,5,2
eclipse.pde.ui-v_Eclipse_0_9,org.eclipse.pde.internal,WorkspaceModelManager,fireModelProviderEvent,6,2,2
eclipse.pde.ui-v_Eclipse_0_9,org.eclipse.pde.internal,WorkspaceModelManager,getAllEditableModelsUnused,2,1,1
eclipse.pde.ui-v_Eclipse_0_9,org.eclipse.pde.internal,WorkspaceModelManager,getFragmentsFor,14,4,2
eclipse.pde.ui-v_Eclipse_0_9,org.eclipse.pde.internal,WorkspaceModelManager,getModel,10,3,2
eclipse.pde.ui-v_Eclipse_0_9,org.eclipse.pde.internal,WorkspaceModelManager,getWorkspaceFragmentModels,8,2,0
eclipse.pde.ui-v_Eclipse_0_9,org.eclipse.pde.internal,WorkspaceModelManager,getWorkspaceModel,7,3,1
eclipse.pde.ui-v_Eclipse_0_9,org.eclipse.pde.internal,WorkspaceModelManager,getWorkspaceModel,13,3,1
eclipse.pde.ui-v_Eclipse_0_9,org.eclipse.pde.internal,WorkspaceModelManager,getWorkspaceModel,11,4,2
eclipse.pde.ui-v_Eclipse_0_9,org.eclipse.pde.internal,WorkspaceModelManager,getWorkspacePluginModels,8,2,0
eclipse.pde.ui-v_Eclipse_0_9,org.eclipse.pde.internal,WorkspaceModelManager,handleFileDelta,21,7,1
eclipse.pde.ui-v_Eclipse_0_9,org.eclipse.pde.internal,WorkspaceModelManager,handleProjectClosing,3,1,1
eclipse.pde.ui-v_Eclipse_0_9,org.eclipse.pde.internal,WorkspaceModelManager,handleProjectDelta,12,3,1
eclipse.pde.ui-v_Eclipse_0_9,org.eclipse.pde.internal,WorkspaceModelManager,handleProjectToBeDeleted,15,3,1
eclipse.pde.ui-v_Eclipse_0_9,org.eclipse.pde.internal,WorkspaceModelManager,handleResourceDelta,8,1,1
eclipse.pde.ui-v_Eclipse_0_9,org.eclipse.pde.internal,WorkspaceModelManager,initializeWorkspacePluginModels,23,5,0
eclipse.pde.ui-v_Eclipse_0_9,org.eclipse.pde.internal,WorkspaceModelManager,isEditorOpened,19,5,1
eclipse.pde.ui-v_Eclipse_0_9,org.eclipse.pde.internal,WorkspaceModelManager,isPluginProject,10,2,1
eclipse.pde.ui-v_Eclipse_0_9,org.eclipse.pde.internal,WorkspaceModelManager,ensureModelExists,10,4,1
eclipse.pde.ui-v_Eclipse_0_9,org.eclipse.pde.internal,WorkspaceModelManager,isSupportedFile,6,2,1
eclipse.pde.ui-v_Eclipse_0_9,org.eclipse.pde.internal,WorkspaceModelManager,loadWorkspaceModel,13,1,1
eclipse.pde.ui-v_Eclipse_0_9,org.eclipse.pde.internal,WorkspaceModelManager,reloadWorkspaceModel,15,1,1
eclipse.pde.ui-v_Eclipse_0_9,org.eclipse.pde.internal,WorkspaceModelManager,removeModelProviderListener,3,1,1
eclipse.pde.ui-v_Eclipse_0_9,org.eclipse.pde.internal,WorkspaceModelManager,removeWorkspaceModel,12,4,1
eclipse.pde.ui-v_Eclipse_0_9,org.eclipse.pde.internal,WorkspaceModelManager,reset,3,1,0
eclipse.pde.ui-v_Eclipse_0_9,org.eclipse.pde.internal,WorkspaceModelManager,resourceChanged,14,5,1
eclipse.pde.ui-v_Eclipse_0_9,org.eclipse.pde.internal,WorkspaceModelManager,shutdown,14,5,0
eclipse.pde.ui-v_Eclipse_0_9,org.eclipse.pde.internal,WorkspaceModelManager,verifyConsumer,11,3,1
eclipse.pde.ui-v_Eclipse_0_9,org.eclipse.pde.internal,WorkspaceModelManager,visit,13,4,1
eclipse.pde.ui-v_Eclipse_0_9,org.eclipse.pde.internal,ModelInfo,isExclusiveAccess,3,1,0
eclipse.pde.ui-v_Eclipse_0_9,org.eclipse.pde.internal.base,BuildPathUtil,BuildPathUtil,3,1,0
eclipse.pde.ui-v_Eclipse_0_9,org.eclipse.pde.internal.base,BuildPathUtil,ensureFolderExists,7,2,2
eclipse.pde.ui-v_Eclipse_0_9,org.eclipse.pde.internal.base,BuildPathUtil,setBuildPath,15,2,4
eclipse.pde.ui-v_Eclipse_0_9,org.eclipse.pde.internal.base,BuildPathUtil,setBuildPath,12,1,2
eclipse.pde.ui-v_Eclipse_0_9,org.eclipse.pde.internal.base,BuildPathUtil,addSourceFolders,13,4,2
eclipse.pde.ui-v_Eclipse_0_9,org.eclipse.pde.internal.base,BuildPathUtil,addSourceFolder,6,1,3
eclipse.pde.ui-v_Eclipse_0_9,org.eclipse.pde.internal.base,BuildPathUtil,addDependencies,13,3,3
eclipse.pde.ui-v_Eclipse_0_9,org.eclipse.pde.internal.base,BuildPathUtil,addJRE,7,2,1
eclipse.pde.ui-v_Eclipse_0_9,org.eclipse.pde.internal.base,IExtensionWizard,init,0,1,2
eclipse.pde.ui-v_Eclipse_0_9,org.eclipse.pde.internal.base,IPluginContentWizard,init,0,1,3
eclipse.pde.ui-v_Eclipse_0_9,org.eclipse.pde.internal.base,IPluginStructureData,getJavaBuildFolderName,0,1,0
eclipse.pde.ui-v_Eclipse_0_9,org.eclipse.pde.internal.base,IPluginStructureData,getJREPath,0,1,0
eclipse.pde.ui-v_Eclipse_0_9,org.eclipse.pde.internal.base,IPluginStructureData,getJRESourceAnnotation,0,1,0
eclipse.pde.ui-v_Eclipse_0_9,org.eclipse.pde.internal.base,IPluginStructureData,getRuntimeLibraryName,0,1,0
eclipse.pde.ui-v_Eclipse_0_9,org.eclipse.pde.internal.base,IPluginStructureData,getSourceFolderName,0,1,0
eclipse.pde.ui-v_Eclipse_0_9,org.eclipse.pde.internal.base,IProjectProvider,getProject,0,1,0
eclipse.pde.ui-v_Eclipse_0_9,org.eclipse.pde.internal.base,IProjectProvider,getProjectName,0,1,0
eclipse.pde.ui-v_Eclipse_0_9,org.eclipse.pde.internal.base,IProjectProvider,getLocationPath,0,1,0
eclipse.pde.ui-v_Eclipse_0_9,org.eclipse.pde.internal.base.model,IEditable,isDirty,0,1,0
eclipse.pde.ui-v_Eclipse_0_9,org.eclipse.pde.internal.base.model,IEditable,save,0,1,1
eclipse.pde.ui-v_Eclipse_0_9,org.eclipse.pde.internal.base.model,IEditable,setDirty,0,1,1
eclipse.pde.ui-v_Eclipse_0_9,org.eclipse.pde.internal.base.model,IIdentifiable,getId,0,1,0
eclipse.pde.ui-v_Eclipse_0_9,org.eclipse.pde.internal.base.model,IIdentifiable,setId,0,1,1
eclipse.pde.ui-v_Eclipse_0_9,org.eclipse.pde.internal.base.model,IModel,dispose,0,1,0
eclipse.pde.ui-v_Eclipse_0_9,org.eclipse.pde.internal.base.model,IModel,getResourceString,0,1,1
eclipse.pde.ui-v_Eclipse_0_9,org.eclipse.pde.internal.base.model,IModel,getUnderlyingResource,0,1,0
eclipse.pde.ui-v_Eclipse_0_9,org.eclipse.pde.internal.base.model,IModel,isDisposed,0,1,0
eclipse.pde.ui-v_Eclipse_0_9,org.eclipse.pde.internal.base.model,IModel,isEditable,0,1,0
eclipse.pde.ui-v_Eclipse_0_9,org.eclipse.pde.internal.base.model,IModel,isLoaded,0,1,0
eclipse.pde.ui-v_Eclipse_0_9,org.eclipse.pde.internal.base.model,IModel,load,0,1,0
eclipse.pde.ui-v_Eclipse_0_9,org.eclipse.pde.internal.base.model,IModel,load,0,1,1
eclipse.pde.ui-v_Eclipse_0_9,org.eclipse.pde.internal.base.model,IModel,reload,0,1,1
eclipse.pde.ui-v_Eclipse_0_9,org.eclipse.pde.internal.base.model,IModelChangeProvider,addModelChangedListener,0,1,1
eclipse.pde.ui-v_Eclipse_0_9,org.eclipse.pde.internal.base.model,IModelChangeProvider,fireModelChanged,0,1,1
eclipse.pde.ui-v_Eclipse_0_9,org.eclipse.pde.internal.base.model,IModelChangeProvider,fireModelObjectChanged,0,1,2
eclipse.pde.ui-v_Eclipse_0_9,org.eclipse.pde.internal.base.model,IModelChangeProvider,removeModelChangedListener,0,1,1
eclipse.pde.ui-v_Eclipse_0_9,org.eclipse.pde.internal.base.model,IModelChangedEvent,getChangedObjects,0,1,0
eclipse.pde.ui-v_Eclipse_0_9,org.eclipse.pde.internal.base.model,IModelChangedEvent,getChangedProperty,0,1,0
eclipse.pde.ui-v_Eclipse_0_9,org.eclipse.pde.internal.base.model,IModelChangedEvent,getChangeType,0,1,0
eclipse.pde.ui-v_Eclipse_0_9,org.eclipse.pde.internal.base.model,IModelChangedListener,modelChanged,0,1,1
eclipse.pde.ui-v_Eclipse_0_9,org.eclipse.pde.internal.base.model,IModelProvider,addModelProviderListener,0,1,1
eclipse.pde.ui-v_Eclipse_0_9,org.eclipse.pde.internal.base.model,IModelProvider,connect,0,1,2
eclipse.pde.ui-v_Eclipse_0_9,org.eclipse.pde.internal.base.model,IModelProvider,connect,0,1,3
eclipse.pde.ui-v_Eclipse_0_9,org.eclipse.pde.internal.base.model,IModelProvider,disconnect,0,1,2
eclipse.pde.ui-v_Eclipse_0_9,org.eclipse.pde.internal.base.model,IModelProvider,getModel,0,1,2
eclipse.pde.ui-v_Eclipse_0_9,org.eclipse.pde.internal.base.model,IModelProvider,removeModelProviderListener,0,1,1
eclipse.pde.ui-v_Eclipse_0_9,org.eclipse.pde.internal.base.model,IModelProviderEvent,getAffectedModel,0,1,0
eclipse.pde.ui-v_Eclipse_0_9,org.eclipse.pde.internal.base.model,IModelProviderEvent,getEventType,0,1,0
eclipse.pde.ui-v_Eclipse_0_9,org.eclipse.pde.internal.base.model,IModelProviderListener,modelsChanged,0,1,1
eclipse.pde.ui-v_Eclipse_0_9,org.eclipse.pde.internal.base.model,IWritable,write,0,1,2
eclipse.pde.ui-v_Eclipse_0_9,org.eclipse.pde.internal.base.model,ModelChangedEvent,ModelChangedEvent,5,1,3
eclipse.pde.ui-v_Eclipse_0_9,org.eclipse.pde.internal.base.model,ModelChangedEvent,getChangedObjects,3,1,0
eclipse.pde.ui-v_Eclipse_0_9,org.eclipse.pde.internal.base.model,ModelChangedEvent,getChangedProperty,3,1,0
eclipse.pde.ui-v_Eclipse_0_9,org.eclipse.pde.internal.base.model,ModelChangedEvent,getChangeType,3,1,0
eclipse.pde.ui-v_Eclipse_0_9,org.eclipse.pde.internal.base.model,ModelProviderEvent,ModelProviderEvent,4,1,2
eclipse.pde.ui-v_Eclipse_0_9,org.eclipse.pde.internal.base.model,ModelProviderEvent,getAffectedModel,3,1,0
eclipse.pde.ui-v_Eclipse_0_9,org.eclipse.pde.internal.base.model,ModelProviderEvent,getEventType,3,1,0
eclipse.pde.ui-v_Eclipse_0_9,org.eclipse.pde.internal.base.model.build,IBuild,add,0,1,1
eclipse.pde.ui-v_Eclipse_0_9,org.eclipse.pde.internal.base.model.build,IBuild,getBuildEntries,0,1,0
eclipse.pde.ui-v_Eclipse_0_9,org.eclipse.pde.internal.base.model.build,IBuild,getEntry,0,1,1
eclipse.pde.ui-v_Eclipse_0_9,org.eclipse.pde.internal.base.model.build,IBuild,remove,0,1,1
eclipse.pde.ui-v_Eclipse_0_9,org.eclipse.pde.internal.base.model.build,IBuildEntry,addToken,0,1,1
eclipse.pde.ui-v_Eclipse_0_9,org.eclipse.pde.internal.base.model.build,IBuildEntry,getModel,0,1,0
eclipse.pde.ui-v_Eclipse_0_9,org.eclipse.pde.internal.base.model.build,IBuildEntry,getName,0,1,0
eclipse.pde.ui-v_Eclipse_0_9,org.eclipse.pde.internal.base.model.build,IBuildEntry,getTokens,0,1,0
eclipse.pde.ui-v_Eclipse_0_9,org.eclipse.pde.internal.base.model.build,IBuildEntry,removeToken,0,1,1
eclipse.pde.ui-v_Eclipse_0_9,org.eclipse.pde.internal.base.model.build,IBuildEntry,renameToken,0,1,2
eclipse.pde.ui-v_Eclipse_0_9,org.eclipse.pde.internal.base.model.build,IBuildEntry,setName,0,1,1
eclipse.pde.ui-v_Eclipse_0_9,org.eclipse.pde.internal.base.model.build,IBuildModel,getBuild,0,1,0
eclipse.pde.ui-v_Eclipse_0_9,org.eclipse.pde.internal.base.model.build,IBuildModel,getFactory,0,1,0
eclipse.pde.ui-v_Eclipse_0_9,org.eclipse.pde.internal.base.model.build,IBuildModel,getInstallLocation,0,1,0
eclipse.pde.ui-v_Eclipse_0_9,org.eclipse.pde.internal.base.model.build,IBuildModelFactory,createEntry,0,1,1
eclipse.pde.ui-v_Eclipse_0_9,org.eclipse.pde.internal.base.model.component,IComponent,addFragment,0,1,1
eclipse.pde.ui-v_Eclipse_0_9,org.eclipse.pde.internal.base.model.component,IComponent,addPlugin,0,1,1
eclipse.pde.ui-v_Eclipse_0_9,org.eclipse.pde.internal.base.model.component,IComponent,getDescription,0,1,0
eclipse.pde.ui-v_Eclipse_0_9,org.eclipse.pde.internal.base.model.component,IComponent,getFragments,0,1,0
eclipse.pde.ui-v_Eclipse_0_9,org.eclipse.pde.internal.base.model.component,IComponent,getPlugins,0,1,0
eclipse.pde.ui-v_Eclipse_0_9,org.eclipse.pde.internal.base.model.component,IComponent,getProviderName,0,1,0
eclipse.pde.ui-v_Eclipse_0_9,org.eclipse.pde.internal.base.model.component,IComponent,getReferencedModel,0,1,1
eclipse.pde.ui-v_Eclipse_0_9,org.eclipse.pde.internal.base.model.component,IComponent,getURL,0,1,0
eclipse.pde.ui-v_Eclipse_0_9,org.eclipse.pde.internal.base.model.component,IComponent,getVersion,0,1,0
eclipse.pde.ui-v_Eclipse_0_9,org.eclipse.pde.internal.base.model.component,IComponent,removeFragment,0,1,1
eclipse.pde.ui-v_Eclipse_0_9,org.eclipse.pde.internal.base.model.component,IComponent,removePlugin,0,1,1
eclipse.pde.ui-v_Eclipse_0_9,org.eclipse.pde.internal.base.model.component,IComponent,setDescription,0,1,1
eclipse.pde.ui-v_Eclipse_0_9,org.eclipse.pde.internal.base.model.component,IComponent,setProviderName,0,1,1
eclipse.pde.ui-v_Eclipse_0_9,org.eclipse.pde.internal.base.model.component,IComponent,setURL,0,1,1
eclipse.pde.ui-v_Eclipse_0_9,org.eclipse.pde.internal.base.model.component,IComponent,setVersion,0,1,1
eclipse.pde.ui-v_Eclipse_0_9,org.eclipse.pde.internal.base.model.component,IComponentModel,getComponent,0,1,0
eclipse.pde.ui-v_Eclipse_0_9,org.eclipse.pde.internal.base.model.component,IComponentModel,getFactory,0,1,0
eclipse.pde.ui-v_Eclipse_0_9,org.eclipse.pde.internal.base.model.component,IComponentModel,getInstallLocation,0,1,0
eclipse.pde.ui-v_Eclipse_0_9,org.eclipse.pde.internal.base.model.component,IComponentModel,isEnabled,0,1,0
eclipse.pde.ui-v_Eclipse_0_9,org.eclipse.pde.internal.base.model.component,IComponentModel,setEnabled,0,1,1
eclipse.pde.ui-v_Eclipse_0_9,org.eclipse.pde.internal.base.model.component,IComponentModelFactory,createFragment,0,1,0
eclipse.pde.ui-v_Eclipse_0_9,org.eclipse.pde.internal.base.model.component,IComponentModelFactory,createPlugin,0,1,0
eclipse.pde.ui-v_Eclipse_0_9,org.eclipse.pde.internal.base.model.component,IComponentModelFactory,createURL,0,1,0
eclipse.pde.ui-v_Eclipse_0_9,org.eclipse.pde.internal.base.model.component,IComponentModelFactory,createURLElement,0,1,2
eclipse.pde.ui-v_Eclipse_0_9,org.eclipse.pde.internal.base.model.component,IComponentObject,getComponent,0,1,0
eclipse.pde.ui-v_Eclipse_0_9,org.eclipse.pde.internal.base.model.component,IComponentObject,getLabel,0,1,0
eclipse.pde.ui-v_Eclipse_0_9,org.eclipse.pde.internal.base.model.component,IComponentObject,getModel,0,1,0
eclipse.pde.ui-v_Eclipse_0_9,org.eclipse.pde.internal.base.model.component,IComponentObject,getParent,0,1,0
eclipse.pde.ui-v_Eclipse_0_9,org.eclipse.pde.internal.base.model.component,IComponentObject,setLabel,0,1,1
eclipse.pde.ui-v_Eclipse_0_9,org.eclipse.pde.internal.base.model.component,IComponentReference,getVersion,0,1,0
eclipse.pde.ui-v_Eclipse_0_9,org.eclipse.pde.internal.base.model.component,IComponentReference,setVersion,0,1,1
eclipse.pde.ui-v_Eclipse_0_9,org.eclipse.pde.internal.base.model.component,IComponentURL,addDiscovery,0,1,1
eclipse.pde.ui-v_Eclipse_0_9,org.eclipse.pde.internal.base.model.component,IComponentURL,addUpdate,0,1,1
eclipse.pde.ui-v_Eclipse_0_9,org.eclipse.pde.internal.base.model.component,IComponentURL,getDiscoveries,0,1,0
eclipse.pde.ui-v_Eclipse_0_9,org.eclipse.pde.internal.base.model.component,IComponentURL,getUpdates,0,1,0
eclipse.pde.ui-v_Eclipse_0_9,org.eclipse.pde.internal.base.model.component,IComponentURL,removeDiscovery,0,1,1
eclipse.pde.ui-v_Eclipse_0_9,org.eclipse.pde.internal.base.model.component,IComponentURL,removeUpdate,0,1,1
eclipse.pde.ui-v_Eclipse_0_9,org.eclipse.pde.internal.base.model.component,IComponentURLElement,getElementType,0,1,0
eclipse.pde.ui-v_Eclipse_0_9,org.eclipse.pde.internal.base.model.component,IComponentURLElement,getURL,0,1,0
eclipse.pde.ui-v_Eclipse_0_9,org.eclipse.pde.internal.base.model.component,IComponentURLElement,setURL,0,1,1
eclipse.pde.ui-v_Eclipse_0_9,org.eclipse.pde.internal.base.model.plugin,IFragment,getPluginId,0,1,0
eclipse.pde.ui-v_Eclipse_0_9,org.eclipse.pde.internal.base.model.plugin,IFragment,getPluginVersion,0,1,0
eclipse.pde.ui-v_Eclipse_0_9,org.eclipse.pde.internal.base.model.plugin,IFragment,setPluginId,0,1,1
eclipse.pde.ui-v_Eclipse_0_9,org.eclipse.pde.internal.base.model.plugin,IFragment,setPluginVersion,0,1,1
eclipse.pde.ui-v_Eclipse_0_9,org.eclipse.pde.internal.base.model.plugin,IFragmentModel,getFragment,0,1,0
eclipse.pde.ui-v_Eclipse_0_9,org.eclipse.pde.internal.base.model.plugin,IJarEntry,addFolderName,0,1,1
eclipse.pde.ui-v_Eclipse_0_9,org.eclipse.pde.internal.base.model.plugin,IJarEntry,getFolderNames,0,1,0
eclipse.pde.ui-v_Eclipse_0_9,org.eclipse.pde.internal.base.model.plugin,IJarEntry,getModel,0,1,0
eclipse.pde.ui-v_Eclipse_0_9,org.eclipse.pde.internal.base.model.plugin,IJarEntry,getName,0,1,0
eclipse.pde.ui-v_Eclipse_0_9,org.eclipse.pde.internal.base.model.plugin,IJarEntry,removeFolderName,0,1,1
eclipse.pde.ui-v_Eclipse_0_9,org.eclipse.pde.internal.base.model.plugin,IJarEntry,renameFolder,0,1,2
eclipse.pde.ui-v_Eclipse_0_9,org.eclipse.pde.internal.base.model.plugin,IJarEntry,setName,0,1,1
eclipse.pde.ui-v_Eclipse_0_9,org.eclipse.pde.internal.base.model.plugin,IJars,add,0,1,1
eclipse.pde.ui-v_Eclipse_0_9,org.eclipse.pde.internal.base.model.plugin,IJars,getEntry,0,1,1
eclipse.pde.ui-v_Eclipse_0_9,org.eclipse.pde.internal.base.model.plugin,IJars,getJarEntries,0,1,0
eclipse.pde.ui-v_Eclipse_0_9,org.eclipse.pde.internal.base.model.plugin,IJars,remove,0,1,1
eclipse.pde.ui-v_Eclipse_0_9,org.eclipse.pde.internal.base.model.plugin,IJarsModel,getFactory,0,1,0
eclipse.pde.ui-v_Eclipse_0_9,org.eclipse.pde.internal.base.model.plugin,IJarsModel,getInstallLocation,0,1,0
eclipse.pde.ui-v_Eclipse_0_9,org.eclipse.pde.internal.base.model.plugin,IJarsModel,getJars,0,1,0
eclipse.pde.ui-v_Eclipse_0_9,org.eclipse.pde.internal.base.model.plugin,IJarsModel,isFragment,0,1,0
eclipse.pde.ui-v_Eclipse_0_9,org.eclipse.pde.internal.base.model.plugin,IJarsModelFactory,createEntry,0,1,1
eclipse.pde.ui-v_Eclipse_0_9,org.eclipse.pde.internal.base.model.plugin,IPlugin,add,0,1,1
eclipse.pde.ui-v_Eclipse_0_9,org.eclipse.pde.internal.base.model.plugin,IPlugin,getClassName,0,1,0
eclipse.pde.ui-v_Eclipse_0_9,org.eclipse.pde.internal.base.model.plugin,IPlugin,getImports,0,1,0
eclipse.pde.ui-v_Eclipse_0_9,org.eclipse.pde.internal.base.model.plugin,IPlugin,remove,0,1,1
eclipse.pde.ui-v_Eclipse_0_9,org.eclipse.pde.internal.base.model.plugin,IPlugin,setClassName,0,1,1
eclipse.pde.ui-v_Eclipse_0_9,org.eclipse.pde.internal.base.model.plugin,IPluginAttribute,getAttributeInfo,0,1,0
eclipse.pde.ui-v_Eclipse_0_9,org.eclipse.pde.internal.base.model.plugin,IPluginAttribute,getValue,0,1,0
eclipse.pde.ui-v_Eclipse_0_9,org.eclipse.pde.internal.base.model.plugin,IPluginAttribute,setValue,0,1,1
eclipse.pde.ui-v_Eclipse_0_9,org.eclipse.pde.internal.base.model.plugin,IPluginBase,add,0,1,1
eclipse.pde.ui-v_Eclipse_0_9,org.eclipse.pde.internal.base.model.plugin,IPluginBase,add,0,1,1
eclipse.pde.ui-v_Eclipse_0_9,org.eclipse.pde.internal.base.model.plugin,IPluginBase,add,0,1,1
eclipse.pde.ui-v_Eclipse_0_9,org.eclipse.pde.internal.base.model.plugin,IPluginBase,getExtensionPoints,0,1,0
eclipse.pde.ui-v_Eclipse_0_9,org.eclipse.pde.internal.base.model.plugin,IPluginBase,getExtensions,0,1,0
eclipse.pde.ui-v_Eclipse_0_9,org.eclipse.pde.internal.base.model.plugin,IPluginBase,getLibraries,0,1,0
eclipse.pde.ui-v_Eclipse_0_9,org.eclipse.pde.internal.base.model.plugin,IPluginBase,getProviderName,0,1,0
eclipse.pde.ui-v_Eclipse_0_9,org.eclipse.pde.internal.base.model.plugin,IPluginBase,getVersion,0,1,0
eclipse.pde.ui-v_Eclipse_0_9,org.eclipse.pde.internal.base.model.plugin,IPluginBase,remove,0,1,1
eclipse.pde.ui-v_Eclipse_0_9,org.eclipse.pde.internal.base.model.plugin,IPluginBase,remove,0,1,1
eclipse.pde.ui-v_Eclipse_0_9,org.eclipse.pde.internal.base.model.plugin,IPluginBase,remove,0,1,1
eclipse.pde.ui-v_Eclipse_0_9,org.eclipse.pde.internal.base.model.plugin,IPluginBase,setProviderName,0,1,1
eclipse.pde.ui-v_Eclipse_0_9,org.eclipse.pde.internal.base.model.plugin,IPluginBase,setVersion,0,1,1
eclipse.pde.ui-v_Eclipse_0_9,org.eclipse.pde.internal.base.model.plugin,IPluginBase,swap,0,1,2
eclipse.pde.ui-v_Eclipse_0_9,org.eclipse.pde.internal.base.model.plugin,IPluginElement,createCopy,0,1,0
eclipse.pde.ui-v_Eclipse_0_9,org.eclipse.pde.internal.base.model.plugin,IPluginElement,getAttribute,0,1,1
eclipse.pde.ui-v_Eclipse_0_9,org.eclipse.pde.internal.base.model.plugin,IPluginElement,getAttributes,0,1,0
eclipse.pde.ui-v_Eclipse_0_9,org.eclipse.pde.internal.base.model.plugin,IPluginElement,getElementInfo,0,1,0
eclipse.pde.ui-v_Eclipse_0_9,org.eclipse.pde.internal.base.model.plugin,IPluginElement,getText,0,1,0
eclipse.pde.ui-v_Eclipse_0_9,org.eclipse.pde.internal.base.model.plugin,IPluginElement,setAttribute,0,1,2
eclipse.pde.ui-v_Eclipse_0_9,org.eclipse.pde.internal.base.model.plugin,IPluginElement,setText,0,1,1
eclipse.pde.ui-v_Eclipse_0_9,org.eclipse.pde.internal.base.model.plugin,IPluginExtension,getPoint,0,1,0
eclipse.pde.ui-v_Eclipse_0_9,org.eclipse.pde.internal.base.model.plugin,IPluginExtension,getSchema,0,1,0
eclipse.pde.ui-v_Eclipse_0_9,org.eclipse.pde.internal.base.model.plugin,IPluginExtension,setPoint,0,1,1
eclipse.pde.ui-v_Eclipse_0_9,org.eclipse.pde.internal.base.model.plugin,IPluginExtensionPoint,getFullId,0,1,0
eclipse.pde.ui-v_Eclipse_0_9,org.eclipse.pde.internal.base.model.plugin,IPluginExtensionPoint,getSchema,0,1,0
eclipse.pde.ui-v_Eclipse_0_9,org.eclipse.pde.internal.base.model.plugin,IPluginExtensionPoint,setSchema,0,1,1
eclipse.pde.ui-v_Eclipse_0_9,org.eclipse.pde.internal.base.model.plugin,IPluginImport,getMatch,0,1,0
eclipse.pde.ui-v_Eclipse_0_9,org.eclipse.pde.internal.base.model.plugin,IPluginImport,getVersion,0,1,0
eclipse.pde.ui-v_Eclipse_0_9,org.eclipse.pde.internal.base.model.plugin,IPluginImport,isReexported,0,1,0
eclipse.pde.ui-v_Eclipse_0_9,org.eclipse.pde.internal.base.model.plugin,IPluginImport,setMatch,0,1,1
eclipse.pde.ui-v_Eclipse_0_9,org.eclipse.pde.internal.base.model.plugin,IPluginImport,setReexported,0,1,1
eclipse.pde.ui-v_Eclipse_0_9,org.eclipse.pde.internal.base.model.plugin,IPluginImport,setVersion,0,1,1
eclipse.pde.ui-v_Eclipse_0_9,org.eclipse.pde.internal.base.model.plugin,IPluginLibrary,getContentFilters,0,1,0
eclipse.pde.ui-v_Eclipse_0_9,org.eclipse.pde.internal.base.model.plugin,IPluginLibrary,isExported,0,1,0
eclipse.pde.ui-v_Eclipse_0_9,org.eclipse.pde.internal.base.model.plugin,IPluginLibrary,isFullyExported,0,1,0
eclipse.pde.ui-v_Eclipse_0_9,org.eclipse.pde.internal.base.model.plugin,IPluginLibrary,setContentFilters,0,1,1
eclipse.pde.ui-v_Eclipse_0_9,org.eclipse.pde.internal.base.model.plugin,IPluginLibrary,setExported,0,1,1
eclipse.pde.ui-v_Eclipse_0_9,org.eclipse.pde.internal.base.model.plugin,IPluginModel,getPlugin,0,1,0
eclipse.pde.ui-v_Eclipse_0_9,org.eclipse.pde.internal.base.model.plugin,IPluginModelBase,createPluginBase,0,1,0
eclipse.pde.ui-v_Eclipse_0_9,org.eclipse.pde.internal.base.model.plugin,IPluginModelBase,getBuildModel,0,1,0
eclipse.pde.ui-v_Eclipse_0_9,org.eclipse.pde.internal.base.model.plugin,IPluginModelBase,getFactory,0,1,0
eclipse.pde.ui-v_Eclipse_0_9,org.eclipse.pde.internal.base.model.plugin,IPluginModelBase,getInstallLocation,0,1,0
eclipse.pde.ui-v_Eclipse_0_9,org.eclipse.pde.internal.base.model.plugin,IPluginModelBase,getPluginBase,0,1,0
eclipse.pde.ui-v_Eclipse_0_9,org.eclipse.pde.internal.base.model.plugin,IPluginModelBase,isEnabled,0,1,0
eclipse.pde.ui-v_Eclipse_0_9,org.eclipse.pde.internal.base.model.plugin,IPluginModelBase,isFragmentModel,0,1,0
eclipse.pde.ui-v_Eclipse_0_9,org.eclipse.pde.internal.base.model.plugin,IPluginModelBase,setEnabled,0,1,1
eclipse.pde.ui-v_Eclipse_0_9,org.eclipse.pde.internal.base.model.plugin,IPluginModelFactory,createAttribute,0,1,1
eclipse.pde.ui-v_Eclipse_0_9,org.eclipse.pde.internal.base.model.plugin,IPluginModelFactory,createElement,0,1,1
eclipse.pde.ui-v_Eclipse_0_9,org.eclipse.pde.internal.base.model.plugin,IPluginModelFactory,createExtension,0,1,0
eclipse.pde.ui-v_Eclipse_0_9,org.eclipse.pde.internal.base.model.plugin,IPluginModelFactory,createExtensionPoint,0,1,0
eclipse.pde.ui-v_Eclipse_0_9,org.eclipse.pde.internal.base.model.plugin,IPluginModelFactory,createImport,0,1,0
eclipse.pde.ui-v_Eclipse_0_9,org.eclipse.pde.internal.base.model.plugin,IPluginModelFactory,createLibrary,0,1,0
eclipse.pde.ui-v_Eclipse_0_9,org.eclipse.pde.internal.base.model.plugin,IPluginObject,getModel,0,1,0
eclipse.pde.ui-v_Eclipse_0_9,org.eclipse.pde.internal.base.model.plugin,IPluginObject,getName,0,1,0
eclipse.pde.ui-v_Eclipse_0_9,org.eclipse.pde.internal.base.model.plugin,IPluginObject,getParent,0,1,0
eclipse.pde.ui-v_Eclipse_0_9,org.eclipse.pde.internal.base.model.plugin,IPluginObject,getPluginBase,0,1,0
eclipse.pde.ui-v_Eclipse_0_9,org.eclipse.pde.internal.base.model.plugin,IPluginObject,getResourceString,0,1,1
eclipse.pde.ui-v_Eclipse_0_9,org.eclipse.pde.internal.base.model.plugin,IPluginObject,setName,0,1,1
eclipse.pde.ui-v_Eclipse_0_9,org.eclipse.pde.internal.base.model.plugin,IPluginParent,add,0,1,2
eclipse.pde.ui-v_Eclipse_0_9,org.eclipse.pde.internal.base.model.plugin,IPluginParent,add,0,1,1
eclipse.pde.ui-v_Eclipse_0_9,org.eclipse.pde.internal.base.model.plugin,IPluginParent,getChildCount,0,1,0
eclipse.pde.ui-v_Eclipse_0_9,org.eclipse.pde.internal.base.model.plugin,IPluginParent,getChildren,0,1,0
eclipse.pde.ui-v_Eclipse_0_9,org.eclipse.pde.internal.base.model.plugin,IPluginParent,remove,0,1,1
eclipse.pde.ui-v_Eclipse_0_9,org.eclipse.pde.internal.base.schema,IDocumentSection,getSectionId,0,1,0
eclipse.pde.ui-v_Eclipse_0_9,org.eclipse.pde.internal.base.schema,IMetaAttribute,getBasedOn,0,1,0
eclipse.pde.ui-v_Eclipse_0_9,org.eclipse.pde.internal.base.schema,IMetaAttribute,getKind,0,1,0
eclipse.pde.ui-v_Eclipse_0_9,org.eclipse.pde.internal.base.schema,IMetaElement,getIconDescriptor,0,1,0
eclipse.pde.ui-v_Eclipse_0_9,org.eclipse.pde.internal.base.schema,IMetaElement,getIconName,0,1,0
eclipse.pde.ui-v_Eclipse_0_9,org.eclipse.pde.internal.base.schema,IMetaElement,getLabelProperty,0,1,0
eclipse.pde.ui-v_Eclipse_0_9,org.eclipse.pde.internal.base.schema,ISchema,dispose,0,1,0
eclipse.pde.ui-v_Eclipse_0_9,org.eclipse.pde.internal.base.schema,ISchema,findElement,0,1,1
eclipse.pde.ui-v_Eclipse_0_9,org.eclipse.pde.internal.base.schema,ISchema,getCandidateChildren,0,1,1
eclipse.pde.ui-v_Eclipse_0_9,org.eclipse.pde.internal.base.schema,ISchema,getDocumentSections,0,1,0
eclipse.pde.ui-v_Eclipse_0_9,org.eclipse.pde.internal.base.schema,ISchema,getElementCount,0,1,0
eclipse.pde.ui-v_Eclipse_0_9,org.eclipse.pde.internal.base.schema,ISchema,getElements,0,1,0
eclipse.pde.ui-v_Eclipse_0_9,org.eclipse.pde.internal.base.schema,ISchema,getPointId,0,1,0
eclipse.pde.ui-v_Eclipse_0_9,org.eclipse.pde.internal.base.schema,ISchema,getSchemaDescriptor,0,1,0
eclipse.pde.ui-v_Eclipse_0_9,org.eclipse.pde.internal.base.schema,ISchema,getURL,0,1,0
eclipse.pde.ui-v_Eclipse_0_9,org.eclipse.pde.internal.base.schema,ISchema,isDisposed,0,1,0
eclipse.pde.ui-v_Eclipse_0_9,org.eclipse.pde.internal.base.schema,ISchema,isEditable,0,1,0
eclipse.pde.ui-v_Eclipse_0_9,org.eclipse.pde.internal.base.schema,ISchemaAttribute,getType,0,1,0
eclipse.pde.ui-v_Eclipse_0_9,org.eclipse.pde.internal.base.schema,ISchemaAttribute,getUse,0,1,0
eclipse.pde.ui-v_Eclipse_0_9,org.eclipse.pde.internal.base.schema,ISchemaAttribute,getValue,0,1,0
eclipse.pde.ui-v_Eclipse_0_9,org.eclipse.pde.internal.base.schema,ISchemaAttributeProvider,getAttribute,0,1,1
eclipse.pde.ui-v_Eclipse_0_9,org.eclipse.pde.internal.base.schema,ISchemaAttributeProvider,getAttributeCount,0,1,0
eclipse.pde.ui-v_Eclipse_0_9,org.eclipse.pde.internal.base.schema,ISchemaAttributeProvider,getAttributes,0,1,0
eclipse.pde.ui-v_Eclipse_0_9,org.eclipse.pde.internal.base.schema,ISchemaComplexType,getCompositor,0,1,0
eclipse.pde.ui-v_Eclipse_0_9,org.eclipse.pde.internal.base.schema,ISchemaComplexType,isMixed,0,1,0
eclipse.pde.ui-v_Eclipse_0_9,org.eclipse.pde.internal.base.schema,ISchemaCompositor,getChildCount,0,1,0
eclipse.pde.ui-v_Eclipse_0_9,org.eclipse.pde.internal.base.schema,ISchemaCompositor,getChildren,0,1,0
eclipse.pde.ui-v_Eclipse_0_9,org.eclipse.pde.internal.base.schema,ISchemaCompositor,getKind,0,1,0
eclipse.pde.ui-v_Eclipse_0_9,org.eclipse.pde.internal.base.schema,ISchemaDescriptor,createImageDescriptor,0,1,1
eclipse.pde.ui-v_Eclipse_0_9,org.eclipse.pde.internal.base.schema,ISchemaDescriptor,getPointId,0,1,0
eclipse.pde.ui-v_Eclipse_0_9,org.eclipse.pde.internal.base.schema,ISchemaDescriptor,getSchema,0,1,0
eclipse.pde.ui-v_Eclipse_0_9,org.eclipse.pde.internal.base.schema,ISchemaDescriptor,getSchemaURL,0,1,0
eclipse.pde.ui-v_Eclipse_0_9,org.eclipse.pde.internal.base.schema,ISchemaElement,getDTDRepresentation,0,1,0
eclipse.pde.ui-v_Eclipse_0_9,org.eclipse.pde.internal.base.schema,ISchemaElement,getType,0,1,0
eclipse.pde.ui-v_Eclipse_0_9,org.eclipse.pde.internal.base.schema,ISchemaObject,getDescription,0,1,0
eclipse.pde.ui-v_Eclipse_0_9,org.eclipse.pde.internal.base.schema,ISchemaObject,getName,0,1,0
eclipse.pde.ui-v_Eclipse_0_9,org.eclipse.pde.internal.base.schema,ISchemaObject,getParent,0,1,0
eclipse.pde.ui-v_Eclipse_0_9,org.eclipse.pde.internal.base.schema,ISchemaObject,getSchema,0,1,0
eclipse.pde.ui-v_Eclipse_0_9,org.eclipse.pde.internal.base.schema,ISchemaObjectReference,getName,0,1,0
eclipse.pde.ui-v_Eclipse_0_9,org.eclipse.pde.internal.base.schema,ISchemaObjectReference,getReferencedObject,0,1,0
eclipse.pde.ui-v_Eclipse_0_9,org.eclipse.pde.internal.base.schema,ISchemaObjectReference,getReferencedObjectClass,0,1,0
eclipse.pde.ui-v_Eclipse_0_9,org.eclipse.pde.internal.base.schema,ISchemaObjectReference,setReferencedObject,0,1,1
eclipse.pde.ui-v_Eclipse_0_9,org.eclipse.pde.internal.base.schema,ISchemaRepeatable,getMaxOccurs,0,1,0
eclipse.pde.ui-v_Eclipse_0_9,org.eclipse.pde.internal.base.schema,ISchemaRepeatable,getMinOccurs,0,1,0
eclipse.pde.ui-v_Eclipse_0_9,org.eclipse.pde.internal.base.schema,ISchemaRestriction,getBaseType,0,1,0
eclipse.pde.ui-v_Eclipse_0_9,org.eclipse.pde.internal.base.schema,ISchemaRestriction,getChildren,0,1,0
eclipse.pde.ui-v_Eclipse_0_9,org.eclipse.pde.internal.base.schema,ISchemaRestriction,isValueValid,0,1,1
eclipse.pde.ui-v_Eclipse_0_9,org.eclipse.pde.internal.base.schema,ISchemaRestriction,setBaseType,0,1,1
eclipse.pde.ui-v_Eclipse_0_9,org.eclipse.pde.internal.base.schema,ISchemaSimpleType,getRestriction,0,1,0
eclipse.pde.ui-v_Eclipse_0_9,org.eclipse.pde.internal.base.schema,ISchemaType,getName,0,1,0
eclipse.pde.ui-v_Eclipse_0_9,org.eclipse.pde.internal.base.schema,ISchemaType,getSchema,0,1,0
eclipse.pde.ui-v_Eclipse_0_9,org.eclipse.pde.internal.builders,ComponentConsistencyChecker,DeltaVisitor,3,1,1
eclipse.pde.ui-v_Eclipse_0_9,org.eclipse.pde.internal.builders,ComponentConsistencyChecker,visit,23,5,1
eclipse.pde.ui-v_Eclipse_0_9,org.eclipse.pde.internal.builders,ComponentConsistencyChecker,ComponentConsistencyChecker,3,1,0
eclipse.pde.ui-v_Eclipse_0_9,org.eclipse.pde.internal.builders,ComponentConsistencyChecker,build,17,4,3
eclipse.pde.ui-v_Eclipse_0_9,org.eclipse.pde.internal.builders,ComponentConsistencyChecker,checkFile,36,3,2
eclipse.pde.ui-v_Eclipse_0_9,org.eclipse.pde.internal.builders,ComponentConsistencyChecker,isManifestFile,3,1,1
eclipse.pde.ui-v_Eclipse_0_9,org.eclipse.pde.internal.builders,ComponentConsistencyChecker,isValidReference,11,3,1
eclipse.pde.ui-v_Eclipse_0_9,org.eclipse.pde.internal.builders,ComponentConsistencyChecker,startupOnInitialize,3,1,0
eclipse.pde.ui-v_Eclipse_0_9,org.eclipse.pde.internal.builders,ComponentConsistencyChecker,testPluginReferences,24,5,2
eclipse.pde.ui-v_Eclipse_0_9,org.eclipse.pde.internal.builders,DeltaVisitor,DeltaVisitor,3,1,1
eclipse.pde.ui-v_Eclipse_0_9,org.eclipse.pde.internal.builders,DeltaVisitor,visit,23,5,1
eclipse.pde.ui-v_Eclipse_0_9,org.eclipse.pde.internal.builders,ExtensionPointSchemaBuilder,DeltaVisitor,3,1,1
eclipse.pde.ui-v_Eclipse_0_9,org.eclipse.pde.internal.builders,ExtensionPointSchemaBuilder,visit,27,6,1
eclipse.pde.ui-v_Eclipse_0_9,org.eclipse.pde.internal.builders,ExtensionPointSchemaBuilder,ExtensionPointSchemaBuilder,4,1,0
eclipse.pde.ui-v_Eclipse_0_9,org.eclipse.pde.internal.builders,ExtensionPointSchemaBuilder,build,19,5,3
eclipse.pde.ui-v_Eclipse_0_9,org.eclipse.pde.internal.builders,ExtensionPointSchemaBuilder,compileFile,34,4,2
eclipse.pde.ui-v_Eclipse_0_9,org.eclipse.pde.internal.builders,ExtensionPointSchemaBuilder,compileSchemasIn,12,4,2
eclipse.pde.ui-v_Eclipse_0_9,org.eclipse.pde.internal.builders,ExtensionPointSchemaBuilder,getDocLocation,3,1,0
eclipse.pde.ui-v_Eclipse_0_9,org.eclipse.pde.internal.builders,ExtensionPointSchemaBuilder,getOutputFileName,7,1,1
eclipse.pde.ui-v_Eclipse_0_9,org.eclipse.pde.internal.builders,ExtensionPointSchemaBuilder,getSchemaLocation,3,1,0
eclipse.pde.ui-v_Eclipse_0_9,org.eclipse.pde.internal.builders,ExtensionPointSchemaBuilder,isSchemaFile,3,1,1
eclipse.pde.ui-v_Eclipse_0_9,org.eclipse.pde.internal.builders,ExtensionPointSchemaBuilder,removeOutputFile,19,3,2
eclipse.pde.ui-v_Eclipse_0_9,org.eclipse.pde.internal.builders,ExtensionPointSchemaBuilder,startupOnInitialize,3,1,0
eclipse.pde.ui-v_Eclipse_0_9,org.eclipse.pde.internal.builders,ExtensionPointSchemaBuilder,transform,3,1,3
eclipse.pde.ui-v_Eclipse_0_9,org.eclipse.pde.internal.builders,DeltaVisitor,DeltaVisitor,3,1,1
eclipse.pde.ui-v_Eclipse_0_9,org.eclipse.pde.internal.builders,DeltaVisitor,visit,27,6,1
eclipse.pde.ui-v_Eclipse_0_9,org.eclipse.pde.internal.builders,ISchemaTransformer,transform,0,1,3
eclipse.pde.ui-v_Eclipse_0_9,org.eclipse.pde.internal.builders,ManifestConsistencyChecker,DeltaVisitor,3,1,1
eclipse.pde.ui-v_Eclipse_0_9,org.eclipse.pde.internal.builders,ManifestConsistencyChecker,visit,23,5,1
eclipse.pde.ui-v_Eclipse_0_9,org.eclipse.pde.internal.builders,ManifestConsistencyChecker,ManifestConsistencyChecker,3,1,0
eclipse.pde.ui-v_Eclipse_0_9,org.eclipse.pde.internal.builders,ManifestConsistencyChecker,build,24,5,3
eclipse.pde.ui-v_Eclipse_0_9,org.eclipse.pde.internal.builders,ManifestConsistencyChecker,checkFile,18,3,2
eclipse.pde.ui-v_Eclipse_0_9,org.eclipse.pde.internal.builders,ManifestConsistencyChecker,isFragment,4,1,1
eclipse.pde.ui-v_Eclipse_0_9,org.eclipse.pde.internal.builders,ManifestConsistencyChecker,isManifestFile,4,1,1
eclipse.pde.ui-v_Eclipse_0_9,org.eclipse.pde.internal.builders,ManifestConsistencyChecker,reportValidationError,3,1,2
eclipse.pde.ui-v_Eclipse_0_9,org.eclipse.pde.internal.builders,ManifestConsistencyChecker,startupOnInitialize,3,1,0
eclipse.pde.ui-v_Eclipse_0_9,org.eclipse.pde.internal.builders,ManifestConsistencyChecker,validatePlugin,9,2,2
eclipse.pde.ui-v_Eclipse_0_9,org.eclipse.pde.internal.builders,ManifestConsistencyChecker,validateFragment,17,3,2
eclipse.pde.ui-v_Eclipse_0_9,org.eclipse.pde.internal.builders,ManifestConsistencyChecker,validateVersion,11,2,2
eclipse.pde.ui-v_Eclipse_0_9,org.eclipse.pde.internal.builders,DeltaVisitor,DeltaVisitor,3,1,1
eclipse.pde.ui-v_Eclipse_0_9,org.eclipse.pde.internal.builders,DeltaVisitor,visit,23,5,1
eclipse.pde.ui-v_Eclipse_0_9,org.eclipse.pde.internal.builders,ManifestParser,ManifestParser,5,1,1
eclipse.pde.ui-v_Eclipse_0_9,org.eclipse.pde.internal.builders,ManifestParser,parse,24,2,1
eclipse.pde.ui-v_Eclipse_0_9,org.eclipse.pde.internal.builders,PluginErrorReporter,PluginErrorReporter,5,1,1
eclipse.pde.ui-v_Eclipse_0_9,org.eclipse.pde.internal.builders,PluginErrorReporter,addMarker,11,2,4
eclipse.pde.ui-v_Eclipse_0_9,org.eclipse.pde.internal.builders,PluginErrorReporter,addMarker,3,1,3
eclipse.pde.ui-v_Eclipse_0_9,org.eclipse.pde.internal.builders,PluginErrorReporter,error,4,1,1
eclipse.pde.ui-v_Eclipse_0_9,org.eclipse.pde.internal.builders,PluginErrorReporter,fatalError,4,1,1
eclipse.pde.ui-v_Eclipse_0_9,org.eclipse.pde.internal.builders,PluginErrorReporter,getErrorCount,3,1,0
eclipse.pde.ui-v_Eclipse_0_9,org.eclipse.pde.internal.builders,PluginErrorReporter,removeFileMarkers,8,1,0
eclipse.pde.ui-v_Eclipse_0_9,org.eclipse.pde.internal.builders,PluginErrorReporter,reportError,3,1,1
eclipse.pde.ui-v_Eclipse_0_9,org.eclipse.pde.internal.builders,PluginErrorReporter,reportWarning,3,1,1
eclipse.pde.ui-v_Eclipse_0_9,org.eclipse.pde.internal.builders,PluginErrorReporter,reportErrors,2,1,0
eclipse.pde.ui-v_Eclipse_0_9,org.eclipse.pde.internal.builders,PluginErrorReporter,warning,3,1,1
eclipse.pde.ui-v_Eclipse_0_9,org.eclipse.pde.internal.builders,SchemaTransformer,appendAttlist,27,7,3
eclipse.pde.ui-v_Eclipse_0_9,org.eclipse.pde.internal.builders,SchemaTransformer,appendRestriction,12,4,2
eclipse.pde.ui-v_Eclipse_0_9,org.eclipse.pde.internal.builders,SchemaTransformer,calculateMaxAttributeWidth,8,2,1
eclipse.pde.ui-v_Eclipse_0_9,org.eclipse.pde.internal.builders,SchemaTransformer,createDOMTree,15,1,2
eclipse.pde.ui-v_Eclipse_0_9,org.eclipse.pde.internal.builders,SchemaTransformer,isPreEnd,6,3,2
eclipse.pde.ui-v_Eclipse_0_9,org.eclipse.pde.internal.builders,SchemaTransformer,isPreStart,6,3,2
eclipse.pde.ui-v_Eclipse_0_9,org.eclipse.pde.internal.builders,SchemaTransformer,transform,7,3,3
eclipse.pde.ui-v_Eclipse_0_9,org.eclipse.pde.internal.builders,SchemaTransformer,verifySchema,14,4,2
eclipse.pde.ui-v_Eclipse_0_9,org.eclipse.pde.internal.builders,SchemaTransformer,verifyAttribute,49,12,3
eclipse.pde.ui-v_Eclipse_0_9,org.eclipse.pde.internal.builders,SchemaTransformer,transform,20,1,2
eclipse.pde.ui-v_Eclipse_0_9,org.eclipse.pde.internal.builders,SchemaTransformer,transformElement,20,4,2
eclipse.pde.ui-v_Eclipse_0_9,org.eclipse.pde.internal.builders,SchemaTransformer,transformMarkup,7,2,2
eclipse.pde.ui-v_Eclipse_0_9,org.eclipse.pde.internal.builders,SchemaTransformer,transformSection,12,4,3
eclipse.pde.ui-v_Eclipse_0_9,org.eclipse.pde.internal.builders,SchemaTransformer,transformText,36,9,2
eclipse.pde.ui-v_Eclipse_0_9,org.eclipse.pde.internal.codegen,AttributeClassCodeGenerator,AttributeClassCodeGenerator,6,1,4
eclipse.pde.ui-v_Eclipse_0_9,org.eclipse.pde.internal.codegen,AttributeClassCodeGenerator,addAbstractMethod,4,2,1
eclipse.pde.ui-v_Eclipse_0_9,org.eclipse.pde.internal.codegen,AttributeClassCodeGenerator,addImports,7,2,1
eclipse.pde.ui-v_Eclipse_0_9,org.eclipse.pde.internal.codegen,AttributeClassCodeGenerator,addRequiredMethodsFor,4,2,1
eclipse.pde.ui-v_Eclipse_0_9,org.eclipse.pde.internal.codegen,AttributeClassCodeGenerator,addRequiredMethodsFor,26,8,1
eclipse.pde.ui-v_Eclipse_0_9,org.eclipse.pde.internal.codegen,AttributeClassCodeGenerator,calculateReturnValue,28,13,1
eclipse.pde.ui-v_Eclipse_0_9,org.eclipse.pde.internal.codegen,AttributeClassCodeGenerator,findMatchingMethod,9,3,1
eclipse.pde.ui-v_Eclipse_0_9,org.eclipse.pde.internal.codegen,AttributeClassCodeGenerator,findRequiredMethods,30,7,0
eclipse.pde.ui-v_Eclipse_0_9,org.eclipse.pde.internal.codegen,AttributeClassCodeGenerator,warnAboutMissingTypes,13,3,2
eclipse.pde.ui-v_Eclipse_0_9,org.eclipse.pde.internal.codegen,AttributeClassCodeGenerator,findTypeForName,14,4,1
eclipse.pde.ui-v_Eclipse_0_9,org.eclipse.pde.internal.codegen,AttributeClassCodeGenerator,generateContents,41,6,3
eclipse.pde.ui-v_Eclipse_0_9,org.eclipse.pde.internal.codegen,AttributeClassCodeGenerator,generateUnknownContents,14,1,3
eclipse.pde.ui-v_Eclipse_0_9,org.eclipse.pde.internal.codegen,AttributeClassCodeGenerator,generateMethods,13,4,0
eclipse.pde.ui-v_Eclipse_0_9,org.eclipse.pde.internal.codegen,AttributeClassCodeGenerator,generateRequiredMethod,29,6,2
eclipse.pde.ui-v_Eclipse_0_9,org.eclipse.pde.internal.codegen,AttributeClassCodeGenerator,getSimpleName,5,2,1
eclipse.pde.ui-v_Eclipse_0_9,org.eclipse.pde.internal.codegen,AttributeClassCodeGenerator,parseSignature,66,20,1
eclipse.pde.ui-v_Eclipse_0_9,org.eclipse.pde.internal.codegen,AttributeClassCodeGenerator,removeImplementedMethod,4,2,1
eclipse.pde.ui-v_Eclipse_0_9,org.eclipse.pde.internal.codegen,JavaCodeGenerator,JavaCodeGenerator,4,1,2
eclipse.pde.ui-v_Eclipse_0_9,org.eclipse.pde.internal.codegen,JavaCodeGenerator,JavaCodeGenerator,5,1,3
eclipse.pde.ui-v_Eclipse_0_9,org.eclipse.pde.internal.codegen,JavaCodeGenerator,ensureFolderExist,6,2,2
eclipse.pde.ui-v_Eclipse_0_9,org.eclipse.pde.internal.codegen,JavaCodeGenerator,ensureFolderExist,7,2,1
eclipse.pde.ui-v_Eclipse_0_9,org.eclipse.pde.internal.codegen,JavaCodeGenerator,ensureFoldersExist,10,2,1
eclipse.pde.ui-v_Eclipse_0_9,org.eclipse.pde.internal.codegen,JavaCodeGenerator,ensureFoldersExist,9,2,3
eclipse.pde.ui-v_Eclipse_0_9,org.eclipse.pde.internal.codegen,JavaCodeGenerator,generate,25,2,1
eclipse.pde.ui-v_Eclipse_0_9,org.eclipse.pde.internal.codegen,JavaCodeGenerator,generateContents,0,1,3
eclipse.pde.ui-v_Eclipse_0_9,org.eclipse.pde.internal.codegen,JavaCodeGenerator,getProject,3,1,0
eclipse.pde.ui-v_Eclipse_0_9,org.eclipse.pde.internal.codegen,JavaCodeGenerator,getSourceFolder,3,1,0
eclipse.pde.ui-v_Eclipse_0_9,org.eclipse.pde.internal.component,BuildComponentJarAction,getComponentFile,3,1,0
eclipse.pde.ui-v_Eclipse_0_9,org.eclipse.pde.internal.component,BuildComponentJarAction,run,9,3,1
eclipse.pde.ui-v_Eclipse_0_9,org.eclipse.pde.internal.component,BuildComponentJarAction,selectionChanged,11,4,2
eclipse.pde.ui-v_Eclipse_0_9,org.eclipse.pde.internal.component,BuildComponentJarAction,setActivePart,3,1,2
eclipse.pde.ui-v_Eclipse_0_9,org.eclipse.pde.internal.component,BuildComponentJarAction,setComponentFile,3,1,1
eclipse.pde.ui-v_Eclipse_0_9,org.eclipse.pde.internal.component,BuildConsoleViewer,BuildConsoleViewer,7,1,1
eclipse.pde.ui-v_Eclipse_0_9,org.eclipse.pde.internal.component,BuildConsoleViewer,append,11,1,1
eclipse.pde.ui-v_Eclipse_0_9,org.eclipse.pde.internal.component,BuildConsoleViewer,clearDocument,7,2,0
eclipse.pde.ui-v_Eclipse_0_9,org.eclipse.pde.internal.component,BuildConsoleViewer,revealEndOfDocument,9,2,0
eclipse.pde.ui-v_Eclipse_0_9,org.eclipse.pde.internal.component,BuildPluginAction,getPluginBaseFile,3,1,0
eclipse.pde.ui-v_Eclipse_0_9,org.eclipse.pde.internal.component,BuildPluginAction,run,9,3,1
eclipse.pde.ui-v_Eclipse_0_9,org.eclipse.pde.internal.component,BuildPluginAction,selectionChanged,18,5,2
eclipse.pde.ui-v_Eclipse_0_9,org.eclipse.pde.internal.component,BuildPluginAction,setActivePart,3,1,2
eclipse.pde.ui-v_Eclipse_0_9,org.eclipse.pde.internal.component,BuildPluginAction,setPluginBaseFile,3,1,1
eclipse.pde.ui-v_Eclipse_0_9,org.eclipse.pde.internal.component,BuildPluginWizard,BuildPluginWizard,7,1,2
eclipse.pde.ui-v_Eclipse_0_9,org.eclipse.pde.internal.component,BuildPluginWizard,addPages,4,1,0
eclipse.pde.ui-v_Eclipse_0_9,org.eclipse.pde.internal.component,BuildPluginWizard,performFinish,3,1,0
eclipse.pde.ui-v_Eclipse_0_9,org.eclipse.pde.internal.component,BuildPluginWizardPage,JarsBuildListener,4,1,3
eclipse.pde.ui-v_Eclipse_0_9,org.eclipse.pde.internal.component,BuildPluginWizardPage,messageLogged,5,3,1
eclipse.pde.ui-v_Eclipse_0_9,org.eclipse.pde.internal.component,BuildPluginWizardPage,BuildPluginWizardPage,16,3,2
eclipse.pde.ui-v_Eclipse_0_9,org.eclipse.pde.internal.component,BuildPluginWizardPage,asyncLogMessage,4,1,1
eclipse.pde.ui-v_Eclipse_0_9,org.eclipse.pde.internal.component,BuildPluginWizardPage,createControl,32,3,1
eclipse.pde.ui-v_Eclipse_0_9,org.eclipse.pde.internal.component,BuildPluginWizardPage,createPluginPath,18,1,1
eclipse.pde.ui-v_Eclipse_0_9,org.eclipse.pde.internal.component,BuildPluginWizardPage,finish,37,1,0
eclipse.pde.ui-v_Eclipse_0_9,org.eclipse.pde.internal.component,BuildPluginWizardPage,execute,14,1,1
eclipse.pde.ui-v_Eclipse_0_9,org.eclipse.pde.internal.component,BuildPluginWizardPage,loadSettings,5,3,0
eclipse.pde.ui-v_Eclipse_0_9,org.eclipse.pde.internal.component,BuildPluginWizardPage,logActivity,2,1,0
eclipse.pde.ui-v_Eclipse_0_9,org.eclipse.pde.internal.component,BuildPluginWizardPage,makeJars,18,2,1
eclipse.pde.ui-v_Eclipse_0_9,org.eclipse.pde.internal.component,BuildPluginWizardPage,makeScripts,31,3,1
eclipse.pde.ui-v_Eclipse_0_9,org.eclipse.pde.internal.component,BuildPluginWizardPage,refreshLocal,3,1,1
eclipse.pde.ui-v_Eclipse_0_9,org.eclipse.pde.internal.component,BuildPluginWizardPage,runOperation,16,5,3
eclipse.pde.ui-v_Eclipse_0_9,org.eclipse.pde.internal.component,BuildPluginWizardPage,ensureValid,20,4,1
eclipse.pde.ui-v_Eclipse_0_9,org.eclipse.pde.internal.component,BuildPluginWizardPage,saveSettings,5,1,0
eclipse.pde.ui-v_Eclipse_0_9,org.eclipse.pde.internal.component,JarsBuildListener,JarsBuildListener,4,1,3
eclipse.pde.ui-v_Eclipse_0_9,org.eclipse.pde.internal.component,JarsBuildListener,messageLogged,5,3,1
eclipse.pde.ui-v_Eclipse_0_9,org.eclipse.pde.internal.component,ComponentData,ComponentData,2,1,0
eclipse.pde.ui-v_Eclipse_0_9,org.eclipse.pde.internal.component,ComponentJarWizard,ComponentJarWizard,6,1,1
eclipse.pde.ui-v_Eclipse_0_9,org.eclipse.pde.internal.component,ComponentJarWizard,addPages,4,1,0
eclipse.pde.ui-v_Eclipse_0_9,org.eclipse.pde.internal.component,ComponentJarWizard,performFinish,3,1,0
eclipse.pde.ui-v_Eclipse_0_9,org.eclipse.pde.internal.component,ComponentJarWizardPage,JarsBuildListener,4,1,3
eclipse.pde.ui-v_Eclipse_0_9,org.eclipse.pde.internal.component,ComponentJarWizardPage,messageLogged,5,3,1
eclipse.pde.ui-v_Eclipse_0_9,org.eclipse.pde.internal.component,ComponentJarWizardPage,ComponentJarWizardPage,8,1,1
eclipse.pde.ui-v_Eclipse_0_9,org.eclipse.pde.internal.component,ComponentJarWizardPage,asyncLogMessage,4,1,1
eclipse.pde.ui-v_Eclipse_0_9,org.eclipse.pde.internal.component,ComponentJarWizardPage,createControl,27,1,1
eclipse.pde.ui-v_Eclipse_0_9,org.eclipse.pde.internal.component,ComponentJarWizardPage,createPluginPath,18,1,1
eclipse.pde.ui-v_Eclipse_0_9,org.eclipse.pde.internal.component,ComponentJarWizardPage,finish,37,1,0
eclipse.pde.ui-v_Eclipse_0_9,org.eclipse.pde.internal.component,ComponentJarWizardPage,execute,14,1,1
eclipse.pde.ui-v_Eclipse_0_9,org.eclipse.pde.internal.component,ComponentJarWizardPage,loadSettings,5,3,0
eclipse.pde.ui-v_Eclipse_0_9,org.eclipse.pde.internal.component,ComponentJarWizardPage,logActivity,2,1,0
eclipse.pde.ui-v_Eclipse_0_9,org.eclipse.pde.internal.component,ComponentJarWizardPage,makeJars,18,2,1
eclipse.pde.ui-v_Eclipse_0_9,org.eclipse.pde.internal.component,ComponentJarWizardPage,makeScripts,22,1,1
eclipse.pde.ui-v_Eclipse_0_9,org.eclipse.pde.internal.component,ComponentJarWizardPage,refreshLocal,9,3,2
eclipse.pde.ui-v_Eclipse_0_9,org.eclipse.pde.internal.component,ComponentJarWizardPage,refreshLocal,6,1,1
eclipse.pde.ui-v_Eclipse_0_9,org.eclipse.pde.internal.component,ComponentJarWizardPage,runOperation,16,5,3
eclipse.pde.ui-v_Eclipse_0_9,org.eclipse.pde.internal.component,ComponentJarWizardPage,ensureValid,17,3,1
eclipse.pde.ui-v_Eclipse_0_9,org.eclipse.pde.internal.component,ComponentJarWizardPage,saveSettings,5,1,0
eclipse.pde.ui-v_Eclipse_0_9,org.eclipse.pde.internal.component,JarsBuildListener,JarsBuildListener,4,1,3
eclipse.pde.ui-v_Eclipse_0_9,org.eclipse.pde.internal.component,JarsBuildListener,messageLogged,5,3,1
eclipse.pde.ui-v_Eclipse_0_9,org.eclipse.pde.internal.component,ComponentProject,ComponentProject,3,1,0
eclipse.pde.ui-v_Eclipse_0_9,org.eclipse.pde.internal.component,ComponentProject,configure,3,1,0
eclipse.pde.ui-v_Eclipse_0_9,org.eclipse.pde.internal.component,ComponentProject,deconfigure,3,1,0
eclipse.pde.ui-v_Eclipse_0_9,org.eclipse.pde.internal.component,ComponentSpecPage,ComponentSpecPage,5,1,0
eclipse.pde.ui-v_Eclipse_0_9,org.eclipse.pde.internal.component,ComponentSpecPage,createControl,41,1,1
eclipse.pde.ui-v_Eclipse_0_9,org.eclipse.pde.internal.component,ComponentSpecPage,modifyText,3,1,1
eclipse.pde.ui-v_Eclipse_0_9,org.eclipse.pde.internal.component,ComponentSpecPage,finish,3,1,0
eclipse.pde.ui-v_Eclipse_0_9,org.eclipse.pde.internal.component,ComponentSpecPage,getComponentData,14,1,0
eclipse.pde.ui-v_Eclipse_0_9,org.eclipse.pde.internal.component,ComponentSpecPage,verifyComplete,16,3,0
eclipse.pde.ui-v_Eclipse_0_9,org.eclipse.pde.internal.component,ComponentSpecPage,verifyVersion,16,3,0
eclipse.pde.ui-v_Eclipse_0_9,org.eclipse.pde.internal.component,ComponentSpecPage,verifyIdRules,12,4,0
eclipse.pde.ui-v_Eclipse_0_9,org.eclipse.pde.internal.component,FragmentListPage,toString,3,1,0
eclipse.pde.ui-v_Eclipse_0_9,org.eclipse.pde.internal.component,FragmentListPage,getElements,3,1,1
eclipse.pde.ui-v_Eclipse_0_9,org.eclipse.pde.internal.component,FragmentListPage,getColumnText,6,2,2
eclipse.pde.ui-v_Eclipse_0_9,org.eclipse.pde.internal.component,FragmentListPage,getColumnImage,3,1,2
eclipse.pde.ui-v_Eclipse_0_9,org.eclipse.pde.internal.component,FragmentListPage,FragmentListPage,6,1,0
eclipse.pde.ui-v_Eclipse_0_9,org.eclipse.pde.internal.component,FragmentListPage,createControl,21,1,1
eclipse.pde.ui-v_Eclipse_0_9,org.eclipse.pde.internal.component,FragmentListPage,checkStateChanged,3,1,1
eclipse.pde.ui-v_Eclipse_0_9,org.eclipse.pde.internal.component,FragmentListPage,createFragmentReferences,14,3,0
eclipse.pde.ui-v_Eclipse_0_9,org.eclipse.pde.internal.component,FragmentListPage,dispose,4,1,0
eclipse.pde.ui-v_Eclipse_0_9,org.eclipse.pde.internal.component,FragmentListPage,getSelectedFragments,14,4,0
eclipse.pde.ui-v_Eclipse_0_9,org.eclipse.pde.internal.component,FragmentListPage,handleFragmentChecked,3,1,2
eclipse.pde.ui-v_Eclipse_0_9,org.eclipse.pde.internal.component,FragmentReference,toString,3,1,0
eclipse.pde.ui-v_Eclipse_0_9,org.eclipse.pde.internal.component,FragmentContentProvider,getElements,3,1,1
eclipse.pde.ui-v_Eclipse_0_9,org.eclipse.pde.internal.component,FragmentLabelProvider,getColumnText,6,2,2
eclipse.pde.ui-v_Eclipse_0_9,org.eclipse.pde.internal.component,FragmentLabelProvider,getColumnImage,3,1,2
eclipse.pde.ui-v_Eclipse_0_9,org.eclipse.pde.internal.component,NewComponentProjectWizard,NewComponentProjectWizard,6,1,0
eclipse.pde.ui-v_Eclipse_0_9,org.eclipse.pde.internal.component,NewComponentProjectWizard,addPages,16,3,0
eclipse.pde.ui-v_Eclipse_0_9,org.eclipse.pde.internal.component,NewComponentProjectWizard,canFinish,5,2,0
eclipse.pde.ui-v_Eclipse_0_9,org.eclipse.pde.internal.component,NewComponentProjectWizard,createComponentFolder,10,1,3
eclipse.pde.ui-v_Eclipse_0_9,org.eclipse.pde.internal.component,NewComponentProjectWizard,createComponentManifest,36,3,4
eclipse.pde.ui-v_Eclipse_0_9,org.eclipse.pde.internal.component,NewComponentProjectWizard,createComponentProject,13,1,6
eclipse.pde.ui-v_Eclipse_0_9,org.eclipse.pde.internal.component,NewComponentProjectWizard,createFolder,5,1,3
eclipse.pde.ui-v_Eclipse_0_9,org.eclipse.pde.internal.component,NewComponentProjectWizard,hasInterestingProjects,22,4,1
eclipse.pde.ui-v_Eclipse_0_9,org.eclipse.pde.internal.component,NewComponentProjectWizard,openComponentManifest,21,2,1
eclipse.pde.ui-v_Eclipse_0_9,org.eclipse.pde.internal.component,NewComponentProjectWizard,run,3,1,0
eclipse.pde.ui-v_Eclipse_0_9,org.eclipse.pde.internal.component,NewComponentProjectWizard,performFinish,33,1,0
eclipse.pde.ui-v_Eclipse_0_9,org.eclipse.pde.internal.component,NewComponentProjectWizard,execute,11,1,1
eclipse.pde.ui-v_Eclipse_0_9,org.eclipse.pde.internal.component,NewComponentProjectWizard,setInitializationData,3,1,3
eclipse.pde.ui-v_Eclipse_0_9,org.eclipse.pde.internal.component,PluginListPage,toString,3,1,0
eclipse.pde.ui-v_Eclipse_0_9,org.eclipse.pde.internal.component,PluginListPage,getElements,3,1,1
eclipse.pde.ui-v_Eclipse_0_9,org.eclipse.pde.internal.component,PluginListPage,getColumnText,6,2,2
eclipse.pde.ui-v_Eclipse_0_9,org.eclipse.pde.internal.component,PluginListPage,getColumnText,3,1,3
eclipse.pde.ui-v_Eclipse_0_9,org.eclipse.pde.internal.component,PluginListPage,getColumnImage,3,1,2
eclipse.pde.ui-v_Eclipse_0_9,org.eclipse.pde.internal.component,PluginListPage,getColumnImage,3,1,3
eclipse.pde.ui-v_Eclipse_0_9,org.eclipse.pde.internal.component,PluginListPage,PluginListPage,6,1,0
eclipse.pde.ui-v_Eclipse_0_9,org.eclipse.pde.internal.component,PluginListPage,createControl,21,1,1
eclipse.pde.ui-v_Eclipse_0_9,org.eclipse.pde.internal.component,PluginListPage,checkStateChanged,3,1,1
eclipse.pde.ui-v_Eclipse_0_9,org.eclipse.pde.internal.component,PluginListPage,createPluginReferences,14,3,0
eclipse.pde.ui-v_Eclipse_0_9,org.eclipse.pde.internal.component,PluginListPage,dispose,4,1,0
eclipse.pde.ui-v_Eclipse_0_9,org.eclipse.pde.internal.component,PluginListPage,getSelectedPlugins,14,4,0
eclipse.pde.ui-v_Eclipse_0_9,org.eclipse.pde.internal.component,PluginListPage,handlePluginChecked,3,1,2
eclipse.pde.ui-v_Eclipse_0_9,org.eclipse.pde.internal.component,PluginReference,toString,3,1,0
eclipse.pde.ui-v_Eclipse_0_9,org.eclipse.pde.internal.component,PluginContentProvider,getElements,3,1,1
eclipse.pde.ui-v_Eclipse_0_9,org.eclipse.pde.internal.component,PluginLabelProvider,getColumnText,6,2,2
eclipse.pde.ui-v_Eclipse_0_9,org.eclipse.pde.internal.component,PluginLabelProvider,getColumnText,3,1,3
eclipse.pde.ui-v_Eclipse_0_9,org.eclipse.pde.internal.component,PluginLabelProvider,getColumnImage,3,1,2
eclipse.pde.ui-v_Eclipse_0_9,org.eclipse.pde.internal.component,PluginLabelProvider,getColumnImage,3,1,3
eclipse.pde.ui-v_Eclipse_0_9,org.eclipse.pde.internal.editor,FormOutlinePage,getElements,3,1,1
eclipse.pde.ui-v_Eclipse_0_9,org.eclipse.pde.internal.editor,FormOutlinePage,getChildren,3,1,1
eclipse.pde.ui-v_Eclipse_0_9,org.eclipse.pde.internal.editor,FormOutlinePage,hasChildren,3,1,1
eclipse.pde.ui-v_Eclipse_0_9,org.eclipse.pde.internal.editor,FormOutlinePage,getParent,3,1,1
eclipse.pde.ui-v_Eclipse_0_9,org.eclipse.pde.internal.editor,FormOutlinePage,getText,3,1,1
eclipse.pde.ui-v_Eclipse_0_9,org.eclipse.pde.internal.editor,FormOutlinePage,getImage,7,2,1
eclipse.pde.ui-v_Eclipse_0_9,org.eclipse.pde.internal.editor,FormOutlinePage,FormOutlinePage,4,1,1
eclipse.pde.ui-v_Eclipse_0_9,org.eclipse.pde.internal.editor,FormOutlinePage,createContentProvider,3,1,0
eclipse.pde.ui-v_Eclipse_0_9,org.eclipse.pde.internal.editor,FormOutlinePage,createControl,15,2,1
eclipse.pde.ui-v_Eclipse_0_9,org.eclipse.pde.internal.editor,FormOutlinePage,createLabelProvider,3,1,0
eclipse.pde.ui-v_Eclipse_0_9,org.eclipse.pde.internal.editor,FormOutlinePage,dispose,8,2,0
eclipse.pde.ui-v_Eclipse_0_9,org.eclipse.pde.internal.editor,FormOutlinePage,getControl,3,1,0
eclipse.pde.ui-v_Eclipse_0_9,org.eclipse.pde.internal.editor,FormOutlinePage,getPages,10,3,0
eclipse.pde.ui-v_Eclipse_0_9,org.eclipse.pde.internal.editor,FormOutlinePage,getParentPage,4,2,1
eclipse.pde.ui-v_Eclipse_0_9,org.eclipse.pde.internal.editor,FormOutlinePage,modelChanged,4,1,1
eclipse.pde.ui-v_Eclipse_0_9,org.eclipse.pde.internal.editor,FormOutlinePage,selectionChanged,6,3,1
eclipse.pde.ui-v_Eclipse_0_9,org.eclipse.pde.internal.editor,FormOutlinePage,selectionChanged,9,2,1
eclipse.pde.ui-v_Eclipse_0_9,org.eclipse.pde.internal.editor,FormOutlinePage,setFocus,3,2,0
eclipse.pde.ui-v_Eclipse_0_9,org.eclipse.pde.internal.editor,BasicContentProvider,getElements,3,1,1
eclipse.pde.ui-v_Eclipse_0_9,org.eclipse.pde.internal.editor,BasicContentProvider,getChildren,3,1,1
eclipse.pde.ui-v_Eclipse_0_9,org.eclipse.pde.internal.editor,BasicContentProvider,hasChildren,3,1,1
eclipse.pde.ui-v_Eclipse_0_9,org.eclipse.pde.internal.editor,BasicContentProvider,getParent,3,1,1
eclipse.pde.ui-v_Eclipse_0_9,org.eclipse.pde.internal.editor,BasicLabelProvider,getText,3,1,1
eclipse.pde.ui-v_Eclipse_0_9,org.eclipse.pde.internal.editor,BasicLabelProvider,getImage,7,2,1
eclipse.pde.ui-v_Eclipse_0_9,org.eclipse.pde.internal.editor,IOpenablePropertySource,isOpenable,0,1,1
eclipse.pde.ui-v_Eclipse_0_9,org.eclipse.pde.internal.editor,IOpenablePropertySource,openInEditor,0,1,1
eclipse.pde.ui-v_Eclipse_0_9,org.eclipse.pde.internal.editor,IPDEEditorPage,contextMenuAboutToShow,0,1,1
eclipse.pde.ui-v_Eclipse_0_9,org.eclipse.pde.internal.editor,IPDEEditorPage,getAction,0,1,1
eclipse.pde.ui-v_Eclipse_0_9,org.eclipse.pde.internal.editor,IPDEEditorPage,getContentOutlinePage,0,1,0
eclipse.pde.ui-v_Eclipse_0_9,org.eclipse.pde.internal.editor,IPDEEditorPage,getPropertySheetPage,0,1,0
eclipse.pde.ui-v_Eclipse_0_9,org.eclipse.pde.internal.editor,IPDEEditorPage,openTo,0,1,1
eclipse.pde.ui-v_Eclipse_0_9,org.eclipse.pde.internal.editor,IPDEEditorPage,performGlobalAction,0,1,1
eclipse.pde.ui-v_Eclipse_0_9,org.eclipse.pde.internal.editor,IPDEEditorPage,update,0,1,0
eclipse.pde.ui-v_Eclipse_0_9,org.eclipse.pde.internal.editor,ModifiedTextCellEditor,ModifiedTextCellEditor,4,1,1
eclipse.pde.ui-v_Eclipse_0_9,org.eclipse.pde.internal.editor,ModifiedTextCellEditor,createControl,11,1,1
eclipse.pde.ui-v_Eclipse_0_9,org.eclipse.pde.internal.editor,ModifiedTextCellEditor,handleEvent,4,1,1
eclipse.pde.ui-v_Eclipse_0_9,org.eclipse.pde.internal.editor,ModifiedTextCellEditor,handleEnter,3,1,0
eclipse.pde.ui-v_Eclipse_0_9,org.eclipse.pde.internal.editor,ModifiedTextPropertyDescriptor,ModifiedTextPropertyDescriptor,3,1,2
eclipse.pde.ui-v_Eclipse_0_9,org.eclipse.pde.internal.editor,ModifiedTextPropertyDescriptor,createPropertyEditor,5,2,1
eclipse.pde.ui-v_Eclipse_0_9,org.eclipse.pde.internal.editor,PDEChildFormPage,PDEChildFormPage,4,1,2
eclipse.pde.ui-v_Eclipse_0_9,org.eclipse.pde.internal.editor,PDEChildFormPage,createContentOutlinePage,3,1,0
eclipse.pde.ui-v_Eclipse_0_9,org.eclipse.pde.internal.editor,PDEChildFormPage,createForm,0,1,0
eclipse.pde.ui-v_Eclipse_0_9,org.eclipse.pde.internal.editor,PDEChildFormPage,doSave,4,1,1
eclipse.pde.ui-v_Eclipse_0_9,org.eclipse.pde.internal.editor,PDEChildFormPage,doSaveAs,3,1,0
eclipse.pde.ui-v_Eclipse_0_9,org.eclipse.pde.internal.editor,PDEChildFormPage,getAction,3,1,1
eclipse.pde.ui-v_Eclipse_0_9,org.eclipse.pde.internal.editor,PDEChildFormPage,getContentOutlinePage,3,1,0
eclipse.pde.ui-v_Eclipse_0_9,org.eclipse.pde.internal.editor,PDEChildFormPage,getModel,3,1,0
eclipse.pde.ui-v_Eclipse_0_9,org.eclipse.pde.internal.editor,PDEChildFormPage,getParentPage,3,1,0
eclipse.pde.ui-v_Eclipse_0_9,org.eclipse.pde.internal.editor,PDEChildFormPage,isDirty,3,1,0
eclipse.pde.ui-v_Eclipse_0_9,org.eclipse.pde.internal.editor,PDEEditorContributor,GlobalAction,3,1,1
eclipse.pde.ui-v_Eclipse_0_9,org.eclipse.pde.internal.editor,PDEEditorContributor,run,3,1,0
eclipse.pde.ui-v_Eclipse_0_9,org.eclipse.pde.internal.editor,PDEEditorContributor,SaveAction,2,1,0
eclipse.pde.ui-v_Eclipse_0_9,org.eclipse.pde.internal.editor,PDEEditorContributor,run,3,2,0
eclipse.pde.ui-v_Eclipse_0_9,org.eclipse.pde.internal.editor,PDEEditorContributor,update,6,2,0
eclipse.pde.ui-v_Eclipse_0_9,org.eclipse.pde.internal.editor,PDEEditorContributor,PDEEditorContributor,4,1,1
eclipse.pde.ui-v_Eclipse_0_9,org.eclipse.pde.internal.editor,PDEEditorContributor,addGlobalAction,4,1,1
eclipse.pde.ui-v_Eclipse_0_9,org.eclipse.pde.internal.editor,PDEEditorContributor,contextMenuAboutToShow,3,1,1
eclipse.pde.ui-v_Eclipse_0_9,org.eclipse.pde.internal.editor,PDEEditorContributor,contributeToMenu,2,1,1
eclipse.pde.ui-v_Eclipse_0_9,org.eclipse.pde.internal.editor,PDEEditorContributor,contributeToStatusLine,2,1,1
eclipse.pde.ui-v_Eclipse_0_9,org.eclipse.pde.internal.editor,PDEEditorContributor,contributeToToolBar,2,1,1
eclipse.pde.ui-v_Eclipse_0_9,org.eclipse.pde.internal.editor,PDEEditorContributor,getEditor,3,1,0
eclipse.pde.ui-v_Eclipse_0_9,org.eclipse.pde.internal.editor,PDEEditorContributor,getGlobalAction,3,1,1
eclipse.pde.ui-v_Eclipse_0_9,org.eclipse.pde.internal.editor,PDEEditorContributor,getSaveAction,3,1,0
eclipse.pde.ui-v_Eclipse_0_9,org.eclipse.pde.internal.editor,PDEEditorContributor,getStatusLineManager,3,1,0
eclipse.pde.ui-v_Eclipse_0_9,org.eclipse.pde.internal.editor,PDEEditorContributor,makeActions,13,1,0
eclipse.pde.ui-v_Eclipse_0_9,org.eclipse.pde.internal.editor,PDEEditorContributor,setActiveEditor,5,1,1
eclipse.pde.ui-v_Eclipse_0_9,org.eclipse.pde.internal.editor,PDEEditorContributor,setActivePage,18,3,1
eclipse.pde.ui-v_Eclipse_0_9,org.eclipse.pde.internal.editor,PDEEditorContributor,updateActions,3,1,0
eclipse.pde.ui-v_Eclipse_0_9,org.eclipse.pde.internal.editor,GlobalAction,GlobalAction,3,1,1
eclipse.pde.ui-v_Eclipse_0_9,org.eclipse.pde.internal.editor,GlobalAction,run,3,1,0
eclipse.pde.ui-v_Eclipse_0_9,org.eclipse.pde.internal.editor,SaveAction,SaveAction,2,1,0
eclipse.pde.ui-v_Eclipse_0_9,org.eclipse.pde.internal.editor,SaveAction,run,3,2,0
eclipse.pde.ui-v_Eclipse_0_9,org.eclipse.pde.internal.editor,SaveAction,update,6,2,0
eclipse.pde.ui-v_Eclipse_0_9,org.eclipse.pde.internal.editor,PDEFormPage,PDEFormPage,6,1,2
eclipse.pde.ui-v_Eclipse_0_9,org.eclipse.pde.internal.editor,PDEFormPage,becomesInvisible,8,3,1
eclipse.pde.ui-v_Eclipse_0_9,org.eclipse.pde.internal.editor,PDEFormPage,becomesVisible,4,1,1
eclipse.pde.ui-v_Eclipse_0_9,org.eclipse.pde.internal.editor,PDEFormPage,contextMenuAboutToShow,3,1,1
eclipse.pde.ui-v_Eclipse_0_9,org.eclipse.pde.internal.editor,PDEFormPage,createContentOutlinePage,0,1,0
eclipse.pde.ui-v_Eclipse_0_9,org.eclipse.pde.internal.editor,PDEFormPage,createControl,3,1,1
eclipse.pde.ui-v_Eclipse_0_9,org.eclipse.pde.internal.editor,PDEFormPage,createForm,0,1,0
eclipse.pde.ui-v_Eclipse_0_9,org.eclipse.pde.internal.editor,PDEFormPage,createPartControl,5,1,1
eclipse.pde.ui-v_Eclipse_0_9,org.eclipse.pde.internal.editor,PDEFormPage,createPropertySheetPage,3,1,0
eclipse.pde.ui-v_Eclipse_0_9,org.eclipse.pde.internal.editor,PDEFormPage,dispose,5,3,0
eclipse.pde.ui-v_Eclipse_0_9,org.eclipse.pde.internal.editor,PDEFormPage,doSave,2,1,1
eclipse.pde.ui-v_Eclipse_0_9,org.eclipse.pde.internal.editor,PDEFormPage,doSaveAs,2,1,0
eclipse.pde.ui-v_Eclipse_0_9,org.eclipse.pde.internal.editor,PDEFormPage,getAction,3,1,1
eclipse.pde.ui-v_Eclipse_0_9,org.eclipse.pde.internal.editor,PDEFormPage,getContentOutlinePage,6,2,0
eclipse.pde.ui-v_Eclipse_0_9,org.eclipse.pde.internal.editor,PDEFormPage,getControl,3,1,0
eclipse.pde.ui-v_Eclipse_0_9,org.eclipse.pde.internal.editor,PDEFormPage,getEditor,3,1,0
eclipse.pde.ui-v_Eclipse_0_9,org.eclipse.pde.internal.editor,PDEFormPage,getForm,3,1,0
eclipse.pde.ui-v_Eclipse_0_9,org.eclipse.pde.internal.editor,PDEFormPage,getLabel,3,1,0
eclipse.pde.ui-v_Eclipse_0_9,org.eclipse.pde.internal.editor,PDEFormPage,getModel,3,1,0
eclipse.pde.ui-v_Eclipse_0_9,org.eclipse.pde.internal.editor,PDEFormPage,getPropertySheetPage,6,2,0
eclipse.pde.ui-v_Eclipse_0_9,org.eclipse.pde.internal.editor,PDEFormPage,getSelection,3,1,0
eclipse.pde.ui-v_Eclipse_0_9,org.eclipse.pde.internal.editor,PDEFormPage,getStatusText,10,2,0
eclipse.pde.ui-v_Eclipse_0_9,org.eclipse.pde.internal.editor,PDEFormPage,gotoMarker,2,1,1
eclipse.pde.ui-v_Eclipse_0_9,org.eclipse.pde.internal.editor,PDEFormPage,init,2,1,2
eclipse.pde.ui-v_Eclipse_0_9,org.eclipse.pde.internal.editor,PDEFormPage,isDirty,3,1,0
eclipse.pde.ui-v_Eclipse_0_9,org.eclipse.pde.internal.editor,PDEFormPage,isSaveAsAllowed,3,1,0
eclipse.pde.ui-v_Eclipse_0_9,org.eclipse.pde.internal.editor,PDEFormPage,isSource,3,1,0
eclipse.pde.ui-v_Eclipse_0_9,org.eclipse.pde.internal.editor,PDEFormPage,isVisible,3,1,0
eclipse.pde.ui-v_Eclipse_0_9,org.eclipse.pde.internal.editor,PDEFormPage,openTo,3,1,1
eclipse.pde.ui-v_Eclipse_0_9,org.eclipse.pde.internal.editor,PDEFormPage,performGlobalAction,3,1,1
eclipse.pde.ui-v_Eclipse_0_9,org.eclipse.pde.internal.editor,PDEFormPage,setFocus,3,1,0
eclipse.pde.ui-v_Eclipse_0_9,org.eclipse.pde.internal.editor,PDEFormPage,setSelection,4,1,1
eclipse.pde.ui-v_Eclipse_0_9,org.eclipse.pde.internal.editor,PDEFormPage,toString,3,1,0
eclipse.pde.ui-v_Eclipse_0_9,org.eclipse.pde.internal.editor,PDEFormPage,update,3,1,0
eclipse.pde.ui-v_Eclipse_0_9,org.eclipse.pde.internal.editor,PDEFormSection,PDEFormSection,3,1,1
eclipse.pde.ui-v_Eclipse_0_9,org.eclipse.pde.internal.editor,PDEFormSection,getFormPage,3,1,0
eclipse.pde.ui-v_Eclipse_0_9,org.eclipse.pde.internal.editor,PDEFormSection,modelChanged,2,1,1
eclipse.pde.ui-v_Eclipse_0_9,org.eclipse.pde.internal.editor,PDEMultiPageContentOutline,PDEMultiPageContentOutline,4,1,1
eclipse.pde.ui-v_Eclipse_0_9,org.eclipse.pde.internal.editor,PDEMultiPageContentOutline,addFocusListener,2,1,1
eclipse.pde.ui-v_Eclipse_0_9,org.eclipse.pde.internal.editor,PDEMultiPageContentOutline,addSelectionChangedListener,3,1,1
eclipse.pde.ui-v_Eclipse_0_9,org.eclipse.pde.internal.editor,PDEMultiPageContentOutline,createControl,4,2,1
eclipse.pde.ui-v_Eclipse_0_9,org.eclipse.pde.internal.editor,PDEMultiPageContentOutline,dispose,5,2,0
eclipse.pde.ui-v_Eclipse_0_9,org.eclipse.pde.internal.editor,PDEMultiPageContentOutline,isDisposed,3,1,0
eclipse.pde.ui-v_Eclipse_0_9,org.eclipse.pde.internal.editor,PDEMultiPageContentOutline,getControl,3,1,0
eclipse.pde.ui-v_Eclipse_0_9,org.eclipse.pde.internal.editor,PDEMultiPageContentOutline,getPagebook,3,1,0
eclipse.pde.ui-v_Eclipse_0_9,org.eclipse.pde.internal.editor,PDEMultiPageContentOutline,getSelection,3,1,0
eclipse.pde.ui-v_Eclipse_0_9,org.eclipse.pde.internal.editor,PDEMultiPageContentOutline,makeContributions,2,1,3
eclipse.pde.ui-v_Eclipse_0_9,org.eclipse.pde.internal.editor,PDEMultiPageContentOutline,removeFocusListener,2,1,1
eclipse.pde.ui-v_Eclipse_0_9,org.eclipse.pde.internal.editor,PDEMultiPageContentOutline,removeSelectionChangedListener,3,1,1
eclipse.pde.ui-v_Eclipse_0_9,org.eclipse.pde.internal.editor,PDEMultiPageContentOutline,selectionChanged,3,1,1
eclipse.pde.ui-v_Eclipse_0_9,org.eclipse.pde.internal.editor,PDEMultiPageContentOutline,setActionBars,2,1,1
eclipse.pde.ui-v_Eclipse_0_9,org.eclipse.pde.internal.editor,PDEMultiPageContentOutline,setFocus,3,2,0
eclipse.pde.ui-v_Eclipse_0_9,org.eclipse.pde.internal.editor,PDEMultiPageContentOutline,setPageActive,17,4,1
eclipse.pde.ui-v_Eclipse_0_9,org.eclipse.pde.internal.editor,PDEMultiPageContentOutline,setSelection,3,1,1
eclipse.pde.ui-v_Eclipse_0_9,org.eclipse.pde.internal.editor,PDEMultiPageEditor,PDEMultiPageEditor,6,1,0
eclipse.pde.ui-v_Eclipse_0_9,org.eclipse.pde.internal.editor,PDEMultiPageEditor,addPage,4,1,2
eclipse.pde.ui-v_Eclipse_0_9,org.eclipse.pde.internal.editor,PDEMultiPageEditor,addSelectionChangedListener,3,1,1
eclipse.pde.ui-v_Eclipse_0_9,org.eclipse.pde.internal.editor,PDEMultiPageEditor,commitFormPages,9,3,1
eclipse.pde.ui-v_Eclipse_0_9,org.eclipse.pde.internal.editor,PDEMultiPageEditor,createDocumentPartitioner,3,1,0
eclipse.pde.ui-v_Eclipse_0_9,org.eclipse.pde.internal.editor,PDEMultiPageEditor,createDocumentProvider,21,5,1
eclipse.pde.ui-v_Eclipse_0_9,org.eclipse.pde.internal.editor,PDEMultiPageEditor,createDocument,11,3,1
eclipse.pde.ui-v_Eclipse_0_9,org.eclipse.pde.internal.editor,PDEMultiPageEditor,createModel,0,1,1
eclipse.pde.ui-v_Eclipse_0_9,org.eclipse.pde.internal.editor,PDEMultiPageEditor,createPages,0,1,0
eclipse.pde.ui-v_Eclipse_0_9,org.eclipse.pde.internal.editor,PDEMultiPageEditor,createPartControl,29,5,1
eclipse.pde.ui-v_Eclipse_0_9,org.eclipse.pde.internal.editor,PDEMultiPageEditor,formSelected,8,3,1
eclipse.pde.ui-v_Eclipse_0_9,org.eclipse.pde.internal.editor,PDEMultiPageEditor,menuAboutToShow,3,1,1
eclipse.pde.ui-v_Eclipse_0_9,org.eclipse.pde.internal.editor,PDEMultiPageEditor,dispose,15,4,0
eclipse.pde.ui-v_Eclipse_0_9,org.eclipse.pde.internal.editor,PDEMultiPageEditor,doSave,23,1,1
eclipse.pde.ui-v_Eclipse_0_9,org.eclipse.pde.internal.editor,PDEMultiPageEditor,execute,3,1,1
eclipse.pde.ui-v_Eclipse_0_9,org.eclipse.pde.internal.editor,PDEMultiPageEditor,doSaveAs,3,1,0
eclipse.pde.ui-v_Eclipse_0_9,org.eclipse.pde.internal.editor,PDEMultiPageEditor,editorContextMenuAboutToShow,5,2,1
eclipse.pde.ui-v_Eclipse_0_9,org.eclipse.pde.internal.editor,PDEMultiPageEditor,fireSaveNeeded,5,2,0
eclipse.pde.ui-v_Eclipse_0_9,org.eclipse.pde.internal.editor,PDEMultiPageEditor,getAction,3,1,1
eclipse.pde.ui-v_Eclipse_0_9,org.eclipse.pde.internal.editor,PDEMultiPageEditor,getAdapter,9,3,1
eclipse.pde.ui-v_Eclipse_0_9,org.eclipse.pde.internal.editor,PDEMultiPageEditor,getContentOutline,7,2,0
eclipse.pde.ui-v_Eclipse_0_9,org.eclipse.pde.internal.editor,PDEMultiPageEditor,getContextMenu,3,1,0
eclipse.pde.ui-v_Eclipse_0_9,org.eclipse.pde.internal.editor,PDEMultiPageEditor,getContributor,3,1,0
eclipse.pde.ui-v_Eclipse_0_9,org.eclipse.pde.internal.editor,PDEMultiPageEditor,getCurrentPage,3,1,0
eclipse.pde.ui-v_Eclipse_0_9,org.eclipse.pde.internal.editor,PDEMultiPageEditor,getDocumentProvider,3,1,0
eclipse.pde.ui-v_Eclipse_0_9,org.eclipse.pde.internal.editor,PDEMultiPageEditor,getHomePage,0,1,0
eclipse.pde.ui-v_Eclipse_0_9,org.eclipse.pde.internal.editor,PDEMultiPageEditor,getModel,3,1,0
eclipse.pde.ui-v_Eclipse_0_9,org.eclipse.pde.internal.editor,PDEMultiPageEditor,getPage,3,1,1
eclipse.pde.ui-v_Eclipse_0_9,org.eclipse.pde.internal.editor,PDEMultiPageEditor,getPages,3,1,0
eclipse.pde.ui-v_Eclipse_0_9,org.eclipse.pde.internal.editor,PDEMultiPageEditor,getPropertySheet,7,2,0
eclipse.pde.ui-v_Eclipse_0_9,org.eclipse.pde.internal.editor,PDEMultiPageEditor,getSelection,3,1,0
eclipse.pde.ui-v_Eclipse_0_9,org.eclipse.pde.internal.editor,PDEMultiPageEditor,getSourcePageId,0,1,0
eclipse.pde.ui-v_Eclipse_0_9,org.eclipse.pde.internal.editor,PDEMultiPageEditor,getStatusLineManager,5,2,0
eclipse.pde.ui-v_Eclipse_0_9,org.eclipse.pde.internal.editor,PDEMultiPageEditor,gotoMarker,3,1,1
eclipse.pde.ui-v_Eclipse_0_9,org.eclipse.pde.internal.editor,PDEMultiPageEditor,init,25,7,2
eclipse.pde.ui-v_Eclipse_0_9,org.eclipse.pde.internal.editor,PDEMultiPageEditor,initializeModels,26,6,1
eclipse.pde.ui-v_Eclipse_0_9,org.eclipse.pde.internal.editor,PDEMultiPageEditor,modelChanged,3,2,1
eclipse.pde.ui-v_Eclipse_0_9,org.eclipse.pde.internal.editor,PDEMultiPageEditor,isDirty,5,3,0
eclipse.pde.ui-v_Eclipse_0_9,org.eclipse.pde.internal.editor,PDEMultiPageEditor,isDisposed,3,1,0
eclipse.pde.ui-v_Eclipse_0_9,org.eclipse.pde.internal.editor,PDEMultiPageEditor,isEditable,6,2,0
eclipse.pde.ui-v_Eclipse_0_9,org.eclipse.pde.internal.editor,PDEMultiPageEditor,isModelCorrect,3,1,1
eclipse.pde.ui-v_Eclipse_0_9,org.eclipse.pde.internal.editor,PDEMultiPageEditor,isModelDirty,0,1,1
eclipse.pde.ui-v_Eclipse_0_9,org.eclipse.pde.internal.editor,PDEMultiPageEditor,isSaveAsAllowed,3,1,0
eclipse.pde.ui-v_Eclipse_0_9,org.eclipse.pde.internal.editor,PDEMultiPageEditor,isValidContentType,3,1,1
eclipse.pde.ui-v_Eclipse_0_9,org.eclipse.pde.internal.editor,PDEMultiPageEditor,performGlobalAction,3,1,1
eclipse.pde.ui-v_Eclipse_0_9,org.eclipse.pde.internal.editor,PDEMultiPageEditor,registerContentOutline,4,1,1
eclipse.pde.ui-v_Eclipse_0_9,org.eclipse.pde.internal.editor,PDEMultiPageEditor,removePage,4,1,1
eclipse.pde.ui-v_Eclipse_0_9,org.eclipse.pde.internal.editor,PDEMultiPageEditor,removeSelectionChangedListener,3,1,1
eclipse.pde.ui-v_Eclipse_0_9,org.eclipse.pde.internal.editor,PDEMultiPageEditor,setFocus,2,1,0
eclipse.pde.ui-v_Eclipse_0_9,org.eclipse.pde.internal.editor,PDEMultiPageEditor,setSelection,3,1,1
eclipse.pde.ui-v_Eclipse_0_9,org.eclipse.pde.internal.editor,PDEMultiPageEditor,showPage,3,1,1
eclipse.pde.ui-v_Eclipse_0_9,org.eclipse.pde.internal.editor,PDEMultiPageEditor,showPage,4,2,2
eclipse.pde.ui-v_Eclipse_0_9,org.eclipse.pde.internal.editor,PDEMultiPageEditor,showPage,5,1,1
eclipse.pde.ui-v_Eclipse_0_9,org.eclipse.pde.internal.editor,PDEMultiPageEditor,updateDocument,17,3,0
eclipse.pde.ui-v_Eclipse_0_9,org.eclipse.pde.internal.editor,PDEMultiPageEditor,updateModel,0,1,0
eclipse.pde.ui-v_Eclipse_0_9,org.eclipse.pde.internal.editor,PDEMultiPageEditor,updateSynchronizedViews,4,1,1
eclipse.pde.ui-v_Eclipse_0_9,org.eclipse.pde.internal.editor,PDEMultiPageEditor,updateContentOutline,6,2,1
eclipse.pde.ui-v_Eclipse_0_9,org.eclipse.pde.internal.editor,PDEMultiPageEditor,updatePropertySheet,9,2,1
eclipse.pde.ui-v_Eclipse_0_9,org.eclipse.pde.internal.editor,PDEMultiPageEditor,close,9,1,1
eclipse.pde.ui-v_Eclipse_0_9,org.eclipse.pde.internal.editor,PDEMultiPageEditor,run,3,1,0
eclipse.pde.ui-v_Eclipse_0_9,org.eclipse.pde.internal.editor,PDEMultiPagePropertySheet,setBarsActive,4,2,1
eclipse.pde.ui-v_Eclipse_0_9,org.eclipse.pde.internal.editor,PDEMultiPagePropertySheet,PDEMultiPagePropertySheet,3,1,0
eclipse.pde.ui-v_Eclipse_0_9,org.eclipse.pde.internal.editor,PDEMultiPagePropertySheet,activateBars,3,1,2
eclipse.pde.ui-v_Eclipse_0_9,org.eclipse.pde.internal.editor,PDEMultiPagePropertySheet,createControl,5,2,1
eclipse.pde.ui-v_Eclipse_0_9,org.eclipse.pde.internal.editor,PDEMultiPagePropertySheet,createPageRec,10,2,1
eclipse.pde.ui-v_Eclipse_0_9,org.eclipse.pde.internal.editor,PDEMultiPagePropertySheet,dispose,6,2,0
eclipse.pde.ui-v_Eclipse_0_9,org.eclipse.pde.internal.editor,PDEMultiPagePropertySheet,isDisposed,3,1,0
eclipse.pde.ui-v_Eclipse_0_9,org.eclipse.pde.internal.editor,PDEMultiPagePropertySheet,getControl,3,1,0
eclipse.pde.ui-v_Eclipse_0_9,org.eclipse.pde.internal.editor,PDEMultiPagePropertySheet,getPageControl,8,2,1
eclipse.pde.ui-v_Eclipse_0_9,org.eclipse.pde.internal.editor,PDEMultiPagePropertySheet,selectionChanged,3,2,2
eclipse.pde.ui-v_Eclipse_0_9,org.eclipse.pde.internal.editor,PDEMultiPagePropertySheet,setActionBars,9,2,1
eclipse.pde.ui-v_Eclipse_0_9,org.eclipse.pde.internal.editor,PDEMultiPagePropertySheet,setDefaultPageActive,3,1,0
eclipse.pde.ui-v_Eclipse_0_9,org.eclipse.pde.internal.editor,PDEMultiPagePropertySheet,setFocus,3,2,0
eclipse.pde.ui-v_Eclipse_0_9,org.eclipse.pde.internal.editor,PDEMultiPagePropertySheet,setPageActive,6,1,1
eclipse.pde.ui-v_Eclipse_0_9,org.eclipse.pde.internal.editor,PDEMultiPagePropertySheet,setPageActive,21,6,1
eclipse.pde.ui-v_Eclipse_0_9,org.eclipse.pde.internal.editor,PDEMultiPagePropertySheet,updateActionBars,3,1,0
eclipse.pde.ui-v_Eclipse_0_9,org.eclipse.pde.internal.editor,PageRec,setBarsActive,4,2,1
eclipse.pde.ui-v_Eclipse_0_9,org.eclipse.pde.internal.editor,PDEMultiPageXMLEditor,PDEMultiPageXMLEditor,3,1,0
eclipse.pde.ui-v_Eclipse_0_9,org.eclipse.pde.internal.editor,PDEMultiPageXMLEditor,createDocumentPartitioner,4,1,0
eclipse.pde.ui-v_Eclipse_0_9,org.eclipse.pde.internal.editor,PDESourcePage,documentAboutToBeChanged,2,1,1
eclipse.pde.ui-v_Eclipse_0_9,org.eclipse.pde.internal.editor,PDESourcePage,documentChanged,5,2,1
eclipse.pde.ui-v_Eclipse_0_9,org.eclipse.pde.internal.editor,PDESourcePage,PDESourcePage,3,1,1
eclipse.pde.ui-v_Eclipse_0_9,org.eclipse.pde.internal.editor,PDESourcePage,becomesInvisible,13,3,1
eclipse.pde.ui-v_Eclipse_0_9,org.eclipse.pde.internal.editor,PDESourcePage,becomesVisible,4,1,1
eclipse.pde.ui-v_Eclipse_0_9,org.eclipse.pde.internal.editor,PDESourcePage,contextMenuAboutToShow,3,1,1
eclipse.pde.ui-v_Eclipse_0_9,org.eclipse.pde.internal.editor,PDESourcePage,createContentOutlinePage,0,1,0
eclipse.pde.ui-v_Eclipse_0_9,org.eclipse.pde.internal.editor,PDESourcePage,createControl,3,1,1
eclipse.pde.ui-v_Eclipse_0_9,org.eclipse.pde.internal.editor,PDESourcePage,createPartControl,8,1,1
eclipse.pde.ui-v_Eclipse_0_9,org.eclipse.pde.internal.editor,PDESourcePage,dispose,5,2,0
eclipse.pde.ui-v_Eclipse_0_9,org.eclipse.pde.internal.editor,PDESourcePage,firePropertyChange,6,2,1
eclipse.pde.ui-v_Eclipse_0_9,org.eclipse.pde.internal.editor,PDESourcePage,getContentOutlinePage,6,2,0
eclipse.pde.ui-v_Eclipse_0_9,org.eclipse.pde.internal.editor,PDESourcePage,getControl,3,1,0
eclipse.pde.ui-v_Eclipse_0_9,org.eclipse.pde.internal.editor,PDESourcePage,getEditor,3,1,0
eclipse.pde.ui-v_Eclipse_0_9,org.eclipse.pde.internal.editor,PDESourcePage,getLabel,3,1,0
eclipse.pde.ui-v_Eclipse_0_9,org.eclipse.pde.internal.editor,PDESourcePage,getPropertySheetPage,3,1,0
eclipse.pde.ui-v_Eclipse_0_9,org.eclipse.pde.internal.editor,PDESourcePage,getTitle,3,1,0
eclipse.pde.ui-v_Eclipse_0_9,org.eclipse.pde.internal.editor,PDESourcePage,init,4,1,2
eclipse.pde.ui-v_Eclipse_0_9,org.eclipse.pde.internal.editor,PDESourcePage,isEditable,3,1,0
eclipse.pde.ui-v_Eclipse_0_9,org.eclipse.pde.internal.editor,PDESourcePage,isSource,3,1,0
eclipse.pde.ui-v_Eclipse_0_9,org.eclipse.pde.internal.editor,PDESourcePage,isVisible,3,1,0
eclipse.pde.ui-v_Eclipse_0_9,org.eclipse.pde.internal.editor,PDESourcePage,openTo,2,1,1
eclipse.pde.ui-v_Eclipse_0_9,org.eclipse.pde.internal.editor,PDESourcePage,performGlobalAction,2,1,1
eclipse.pde.ui-v_Eclipse_0_9,org.eclipse.pde.internal.editor,PDESourcePage,toString,3,1,0
eclipse.pde.ui-v_Eclipse_0_9,org.eclipse.pde.internal.editor,PDESourcePage,update,2,1,0
eclipse.pde.ui-v_Eclipse_0_9,org.eclipse.pde.internal.editor,PDESourcePage,warnErrorsInSource,4,1,0
eclipse.pde.ui-v_Eclipse_0_9,org.eclipse.pde.internal.editor,PDESourcePage,createActions,5,1,0
eclipse.pde.ui-v_Eclipse_0_9,org.eclipse.pde.internal.editor,PDESourcePage,close,3,1,1
eclipse.pde.ui-v_Eclipse_0_9,org.eclipse.pde.internal.editor,DocumentListener,documentAboutToBeChanged,2,1,1
eclipse.pde.ui-v_Eclipse_0_9,org.eclipse.pde.internal.editor,DocumentListener,documentChanged,5,2,1
eclipse.pde.ui-v_Eclipse_0_9,org.eclipse.pde.internal.editor,PropertiesAction,PropertiesAction,7,1,1
eclipse.pde.ui-v_Eclipse_0_9,org.eclipse.pde.internal.editor,PropertiesAction,run,12,1,0
eclipse.pde.ui-v_Eclipse_0_9,org.eclipse.pde.internal.editor,SelectionProvider,SelectionProvider,2,1,0
eclipse.pde.ui-v_Eclipse_0_9,org.eclipse.pde.internal.editor,SelectionProvider,addSelectionChangedListener,3,1,1
eclipse.pde.ui-v_Eclipse_0_9,org.eclipse.pde.internal.editor,SelectionProvider,getSelection,3,1,0
eclipse.pde.ui-v_Eclipse_0_9,org.eclipse.pde.internal.editor,SelectionProvider,removeSelectionChangedListener,3,1,1
eclipse.pde.ui-v_Eclipse_0_9,org.eclipse.pde.internal.editor,SelectionProvider,setSelection,8,2,1
eclipse.pde.ui-v_Eclipse_0_9,org.eclipse.pde.internal.editor,SubActionBars,SubActionBars,3,1,1
eclipse.pde.ui-v_Eclipse_0_9,org.eclipse.pde.internal.editor,SubActionBars,activate,3,1,0
eclipse.pde.ui-v_Eclipse_0_9,org.eclipse.pde.internal.editor,SubActionBars,addPropertyChangeListener,3,1,1
eclipse.pde.ui-v_Eclipse_0_9,org.eclipse.pde.internal.editor,SubActionBars,clearGlobalActionHandlers,6,2,0
eclipse.pde.ui-v_Eclipse_0_9,org.eclipse.pde.internal.editor,SubActionBars,deactivate,3,1,0
eclipse.pde.ui-v_Eclipse_0_9,org.eclipse.pde.internal.editor,SubActionBars,dispose,6,5,0
eclipse.pde.ui-v_Eclipse_0_9,org.eclipse.pde.internal.editor,SubActionBars,firePropertyChange,6,2,1
eclipse.pde.ui-v_Eclipse_0_9,org.eclipse.pde.internal.editor,SubActionBars,getGlobalActionHandler,4,2,1
eclipse.pde.ui-v_Eclipse_0_9,org.eclipse.pde.internal.editor,SubActionBars,getGlobalActionHandlers,3,1,0
eclipse.pde.ui-v_Eclipse_0_9,org.eclipse.pde.internal.editor,SubActionBars,getMenuManager,7,2,0
eclipse.pde.ui-v_Eclipse_0_9,org.eclipse.pde.internal.editor,SubActionBars,getStatusLineManager,7,2,0
eclipse.pde.ui-v_Eclipse_0_9,org.eclipse.pde.internal.editor,SubActionBars,getToolBarManager,7,2,0
eclipse.pde.ui-v_Eclipse_0_9,org.eclipse.pde.internal.editor,SubActionBars,partChanged,2,1,1
eclipse.pde.ui-v_Eclipse_0_9,org.eclipse.pde.internal.editor,SubActionBars,removePropertyChangeListener,3,1,1
eclipse.pde.ui-v_Eclipse_0_9,org.eclipse.pde.internal.editor,SubActionBars,setActive,6,4,1
eclipse.pde.ui-v_Eclipse_0_9,org.eclipse.pde.internal.editor,SubActionBars,setGlobalActionHandler,10,4,2
eclipse.pde.ui-v_Eclipse_0_9,org.eclipse.pde.internal.editor,SubActionBars,updateActionBars,7,2,0
eclipse.pde.ui-v_Eclipse_0_9,org.eclipse.pde.internal.editor,SystemFileDocumentProvider,SystemFileDocumentProvider,3,1,1
eclipse.pde.ui-v_Eclipse_0_9,org.eclipse.pde.internal.editor,SystemFileDocumentProvider,createAnnotationModel,3,1,1
eclipse.pde.ui-v_Eclipse_0_9,org.eclipse.pde.internal.editor,SystemFileDocumentProvider,createDocument,13,3,1
eclipse.pde.ui-v_Eclipse_0_9,org.eclipse.pde.internal.editor,SystemFileDocumentProvider,doSaveDocument,2,1,4
eclipse.pde.ui-v_Eclipse_0_9,org.eclipse.pde.internal.editor,SystemFileDocumentProvider,setDocumentContent,19,2,2
eclipse.pde.ui-v_Eclipse_0_9,org.eclipse.pde.internal.editor,SystemFileDocumentProvider,getSynchronizationStamp,3,1,1
eclipse.pde.ui-v_Eclipse_0_9,org.eclipse.pde.internal.editor,SystemFileDocumentProvider,getModificationStamp,3,1,1
eclipse.pde.ui-v_Eclipse_0_9,org.eclipse.pde.internal.editor,SystemFileDocumentProvider,isDeleted,3,1,1
eclipse.pde.ui-v_Eclipse_0_9,org.eclipse.pde.internal.editor,SystemFileEditorInput,SystemFileEditorInput,3,1,1
eclipse.pde.ui-v_Eclipse_0_9,org.eclipse.pde.internal.editor,SystemFileEditorInput,exists,3,1,0
eclipse.pde.ui-v_Eclipse_0_9,org.eclipse.pde.internal.editor,SystemFileEditorInput,getAdapter,4,2,1
eclipse.pde.ui-v_Eclipse_0_9,org.eclipse.pde.internal.editor,SystemFileEditorInput,getContents,11,1,0
eclipse.pde.ui-v_Eclipse_0_9,org.eclipse.pde.internal.editor,SystemFileEditorInput,getImageDescriptor,3,1,0
eclipse.pde.ui-v_Eclipse_0_9,org.eclipse.pde.internal.editor,SystemFileEditorInput,getName,3,1,0
eclipse.pde.ui-v_Eclipse_0_9,org.eclipse.pde.internal.editor,SystemFileEditorInput,getPersistable,3,1,0
eclipse.pde.ui-v_Eclipse_0_9,org.eclipse.pde.internal.editor,SystemFileEditorInput,getStorage,3,1,0
eclipse.pde.ui-v_Eclipse_0_9,org.eclipse.pde.internal.editor,SystemFileEditorInput,getToolTipText,3,1,0
eclipse.pde.ui-v_Eclipse_0_9,org.eclipse.pde.internal.editor,XMLConfiguration,XMLConfiguration,3,1,1
eclipse.pde.ui-v_Eclipse_0_9,org.eclipse.pde.internal.editor,XMLConfiguration,getConfiguredContentTypes,3,1,1
eclipse.pde.ui-v_Eclipse_0_9,org.eclipse.pde.internal.editor,XMLConfiguration,getDoubleClickStrategy,3,1,2
eclipse.pde.ui-v_Eclipse_0_9,org.eclipse.pde.internal.editor,XMLConfiguration,getPDECommentScanner,6,2,0
eclipse.pde.ui-v_Eclipse_0_9,org.eclipse.pde.internal.editor,XMLConfiguration,getPDEScanner,6,2,0
eclipse.pde.ui-v_Eclipse_0_9,org.eclipse.pde.internal.editor,XMLConfiguration,getPDETagScanner,6,2,0
eclipse.pde.ui-v_Eclipse_0_9,org.eclipse.pde.internal.editor,XMLConfiguration,getPresentationReconciler,13,1,1
eclipse.pde.ui-v_Eclipse_0_9,org.eclipse.pde.internal.editor,XMLDoubleClickStrategy,XMLDoubleClickStrategy,3,1,0
eclipse.pde.ui-v_Eclipse_0_9,org.eclipse.pde.internal.editor,XMLDoubleClickStrategy,doubleClicked,6,3,1
eclipse.pde.ui-v_Eclipse_0_9,org.eclipse.pde.internal.editor,XMLDoubleClickStrategy,matchComment,28,7,0
eclipse.pde.ui-v_Eclipse_0_9,org.eclipse.pde.internal.editor,XMLDoubleClickStrategy,matchWord,25,5,0
eclipse.pde.ui-v_Eclipse_0_9,org.eclipse.pde.internal.editor,XMLDoubleClickStrategy,selectComment,7,2,0
eclipse.pde.ui-v_Eclipse_0_9,org.eclipse.pde.internal.editor,XMLDoubleClickStrategy,selectWord,3,2,0
eclipse.pde.ui-v_Eclipse_0_9,org.eclipse.pde.internal.editor.build,BuildEditorContributor,BuildEditorContributor,3,1,0
eclipse.pde.ui-v_Eclipse_0_9,org.eclipse.pde.internal.editor.build,BuildEditorContributor,BuildEditorContributor,3,1,1
eclipse.pde.ui-v_Eclipse_0_9,org.eclipse.pde.internal.editor.build,BuildForm,BuildForm,4,1,1
eclipse.pde.ui-v_Eclipse_0_9,org.eclipse.pde.internal.editor.build,BuildForm,createFormClient,20,1,1
eclipse.pde.ui-v_Eclipse_0_9,org.eclipse.pde.internal.editor.build,BuildForm,expandTo,3,1,1
eclipse.pde.ui-v_Eclipse_0_9,org.eclipse.pde.internal.editor.build,BuildForm,initialize,11,2,1
eclipse.pde.ui-v_Eclipse_0_9,org.eclipse.pde.internal.editor.build,BuildOutlinePage,getChildren,6,2,1
eclipse.pde.ui-v_Eclipse_0_9,org.eclipse.pde.internal.editor.build,BuildOutlinePage,getParent,3,1,1
eclipse.pde.ui-v_Eclipse_0_9,org.eclipse.pde.internal.editor.build,BuildOutlinePage,getText,5,2,1
eclipse.pde.ui-v_Eclipse_0_9,org.eclipse.pde.internal.editor.build,BuildOutlinePage,getImage,5,2,1
eclipse.pde.ui-v_Eclipse_0_9,org.eclipse.pde.internal.editor.build,BuildOutlinePage,BuildOutlinePage,4,1,1
eclipse.pde.ui-v_Eclipse_0_9,org.eclipse.pde.internal.editor.build,BuildOutlinePage,createContentProvider,3,1,0
eclipse.pde.ui-v_Eclipse_0_9,org.eclipse.pde.internal.editor.build,BuildOutlinePage,createControl,5,1,1
eclipse.pde.ui-v_Eclipse_0_9,org.eclipse.pde.internal.editor.build,BuildOutlinePage,createLabelProvider,3,1,0
eclipse.pde.ui-v_Eclipse_0_9,org.eclipse.pde.internal.editor.build,BuildOutlinePage,dispose,6,1,0
eclipse.pde.ui-v_Eclipse_0_9,org.eclipse.pde.internal.editor.build,BuildOutlinePage,getObjectImage,6,2,1
eclipse.pde.ui-v_Eclipse_0_9,org.eclipse.pde.internal.editor.build,BuildOutlinePage,getObjectLabel,6,2,1
eclipse.pde.ui-v_Eclipse_0_9,org.eclipse.pde.internal.editor.build,BuildOutlinePage,getParentPage,4,2,1
eclipse.pde.ui-v_Eclipse_0_9,org.eclipse.pde.internal.editor.build,BuildOutlinePage,getVariables,4,1,0
eclipse.pde.ui-v_Eclipse_0_9,org.eclipse.pde.internal.editor.build,BuildOutlinePage,modelChanged,24,7,1
eclipse.pde.ui-v_Eclipse_0_9,org.eclipse.pde.internal.editor.build,ContentProvider,getChildren,6,2,1
eclipse.pde.ui-v_Eclipse_0_9,org.eclipse.pde.internal.editor.build,ContentProvider,getParent,3,1,1
eclipse.pde.ui-v_Eclipse_0_9,org.eclipse.pde.internal.editor.build,OutlineLabelProvider,getText,5,2,1
eclipse.pde.ui-v_Eclipse_0_9,org.eclipse.pde.internal.editor.build,OutlineLabelProvider,getImage,5,2,1
eclipse.pde.ui-v_Eclipse_0_9,org.eclipse.pde.internal.editor.build,BuildPage,BuildPage,3,1,2
eclipse.pde.ui-v_Eclipse_0_9,org.eclipse.pde.internal.editor.build,BuildPage,createContentOutlinePage,3,1,0
eclipse.pde.ui-v_Eclipse_0_9,org.eclipse.pde.internal.editor.build,BuildPage,createForm,3,1,0
eclipse.pde.ui-v_Eclipse_0_9,org.eclipse.pde.internal.editor.build,BuildPropertiesEditor,BuildPropertiesEditor,3,1,0
eclipse.pde.ui-v_Eclipse_0_9,org.eclipse.pde.internal.editor.build,BuildPropertiesEditor,createModel,4,2,1
eclipse.pde.ui-v_Eclipse_0_9,org.eclipse.pde.internal.editor.build,BuildPropertiesEditor,createPages,7,1,0
eclipse.pde.ui-v_Eclipse_0_9,org.eclipse.pde.internal.editor.build,BuildPropertiesEditor,createResourceModel,24,1,1
eclipse.pde.ui-v_Eclipse_0_9,org.eclipse.pde.internal.editor.build,BuildPropertiesEditor,dispose,6,1,0
eclipse.pde.ui-v_Eclipse_0_9,org.eclipse.pde.internal.editor.build,BuildPropertiesEditor,getHomePage,3,1,0
eclipse.pde.ui-v_Eclipse_0_9,org.eclipse.pde.internal.editor.build,BuildPropertiesEditor,getSourcePageId,3,1,0
eclipse.pde.ui-v_Eclipse_0_9,org.eclipse.pde.internal.editor.build,BuildPropertiesEditor,getTitle,3,1,0
eclipse.pde.ui-v_Eclipse_0_9,org.eclipse.pde.internal.editor.build,BuildPropertiesEditor,isModelDirty,3,1,1
eclipse.pde.ui-v_Eclipse_0_9,org.eclipse.pde.internal.editor.build,BuildPropertiesEditor,isValidContentType,5,2,1
eclipse.pde.ui-v_Eclipse_0_9,org.eclipse.pde.internal.editor.build,BuildPropertiesEditor,updateModel,19,1,0
eclipse.pde.ui-v_Eclipse_0_9,org.eclipse.pde.internal.editor.build,BuildSourceOutlinePage,getElements,3,1,1
eclipse.pde.ui-v_Eclipse_0_9,org.eclipse.pde.internal.editor.build,BuildSourceOutlinePage,getChildren,3,1,1
eclipse.pde.ui-v_Eclipse_0_9,org.eclipse.pde.internal.editor.build,BuildSourceOutlinePage,hasChildren,3,1,1
eclipse.pde.ui-v_Eclipse_0_9,org.eclipse.pde.internal.editor.build,BuildSourceOutlinePage,getParent,3,1,1
eclipse.pde.ui-v_Eclipse_0_9,org.eclipse.pde.internal.editor.build,BuildSourceOutlinePage,BuildSourceOutlinePage,5,1,3
eclipse.pde.ui-v_Eclipse_0_9,org.eclipse.pde.internal.editor.build,BuildSourceOutlinePage,createControl,7,1,1
eclipse.pde.ui-v_Eclipse_0_9,org.eclipse.pde.internal.editor.build,BuildSourceOutlinePage,getControl,4,2,0
eclipse.pde.ui-v_Eclipse_0_9,org.eclipse.pde.internal.editor.build,BuildSourceOutlinePage,selectionChanged,3,1,1
eclipse.pde.ui-v_Eclipse_0_9,org.eclipse.pde.internal.editor.build,ContentProvider,getElements,3,1,1
eclipse.pde.ui-v_Eclipse_0_9,org.eclipse.pde.internal.editor.build,ContentProvider,getChildren,3,1,1
eclipse.pde.ui-v_Eclipse_0_9,org.eclipse.pde.internal.editor.build,ContentProvider,hasChildren,3,1,1
eclipse.pde.ui-v_Eclipse_0_9,org.eclipse.pde.internal.editor.build,ContentProvider,getParent,3,1,1
eclipse.pde.ui-v_Eclipse_0_9,org.eclipse.pde.internal.editor.build,BuildSourcePage,BuildSourcePage,3,1,1
eclipse.pde.ui-v_Eclipse_0_9,org.eclipse.pde.internal.editor.build,BuildSourcePage,createContentOutlinePage,3,1,0
eclipse.pde.ui-v_Eclipse_0_9,org.eclipse.pde.internal.editor.build,TokenSection,Token,3,1,1
eclipse.pde.ui-v_Eclipse_0_9,org.eclipse.pde.internal.editor.build,TokenSection,toString,3,1,0
eclipse.pde.ui-v_Eclipse_0_9,org.eclipse.pde.internal.editor.build,TokenSection,canModify,3,1,2
eclipse.pde.ui-v_Eclipse_0_9,org.eclipse.pde.internal.editor.build,TokenSection,modify,18,1,3
eclipse.pde.ui-v_Eclipse_0_9,org.eclipse.pde.internal.editor.build,TokenSection,run,3,1,0
eclipse.pde.ui-v_Eclipse_0_9,org.eclipse.pde.internal.editor.build,TokenSection,getValue,3,1,2
eclipse.pde.ui-v_Eclipse_0_9,org.eclipse.pde.internal.editor.build,TokenSection,getElements,7,2,1
eclipse.pde.ui-v_Eclipse_0_9,org.eclipse.pde.internal.editor.build,TokenSection,createTokens,7,2,1
eclipse.pde.ui-v_Eclipse_0_9,org.eclipse.pde.internal.editor.build,TokenSection,getColumnText,3,1,2
eclipse.pde.ui-v_Eclipse_0_9,org.eclipse.pde.internal.editor.build,TokenSection,getColumnImage,3,1,2
eclipse.pde.ui-v_Eclipse_0_9,org.eclipse.pde.internal.editor.build,TokenSection,TokenSection,5,1,1
eclipse.pde.ui-v_Eclipse_0_9,org.eclipse.pde.internal.editor.build,TokenSection,createClient,66,2,2
eclipse.pde.ui-v_Eclipse_0_9,org.eclipse.pde.internal.editor.build,TokenSection,menuAboutToShow,3,1,1
eclipse.pde.ui-v_Eclipse_0_9,org.eclipse.pde.internal.editor.build,TokenSection,selectionChanged,5,1,1
eclipse.pde.ui-v_Eclipse_0_9,org.eclipse.pde.internal.editor.build,TokenSection,widgetSelected,3,1,1
eclipse.pde.ui-v_Eclipse_0_9,org.eclipse.pde.internal.editor.build,TokenSection,dispose,4,1,0
eclipse.pde.ui-v_Eclipse_0_9,org.eclipse.pde.internal.editor.build,TokenSection,doGlobalAction,5,2,1
eclipse.pde.ui-v_Eclipse_0_9,org.eclipse.pde.internal.editor.build,TokenSection,fillContextMenu,22,3,1
eclipse.pde.ui-v_Eclipse_0_9,org.eclipse.pde.internal.editor.build,TokenSection,run,3,1,0
eclipse.pde.ui-v_Eclipse_0_9,org.eclipse.pde.internal.editor.build,TokenSection,run,3,1,0
eclipse.pde.ui-v_Eclipse_0_9,org.eclipse.pde.internal.editor.build,TokenSection,handleDelete,17,4,0
eclipse.pde.ui-v_Eclipse_0_9,org.eclipse.pde.internal.editor.build,TokenSection,handleNew,12,2,0
eclipse.pde.ui-v_Eclipse_0_9,org.eclipse.pde.internal.editor.build,TokenSection,initialize,6,1,1
eclipse.pde.ui-v_Eclipse_0_9,org.eclipse.pde.internal.editor.build,TokenSection,initializeImages,2,1,0
eclipse.pde.ui-v_Eclipse_0_9,org.eclipse.pde.internal.editor.build,TokenSection,modelChanged,6,2,1
eclipse.pde.ui-v_Eclipse_0_9,org.eclipse.pde.internal.editor.build,TokenSection,sectionChanged,4,1,3
eclipse.pde.ui-v_Eclipse_0_9,org.eclipse.pde.internal.editor.build,TokenSection,setFocus,3,1,0
eclipse.pde.ui-v_Eclipse_0_9,org.eclipse.pde.internal.editor.build,TokenSection,update,4,1,1
eclipse.pde.ui-v_Eclipse_0_9,org.eclipse.pde.internal.editor.build,Token,Token,3,1,1
eclipse.pde.ui-v_Eclipse_0_9,org.eclipse.pde.internal.editor.build,Token,toString,3,1,0
eclipse.pde.ui-v_Eclipse_0_9,org.eclipse.pde.internal.editor.build,NameModifier,canModify,3,1,2
eclipse.pde.ui-v_Eclipse_0_9,org.eclipse.pde.internal.editor.build,NameModifier,modify,18,1,3
eclipse.pde.ui-v_Eclipse_0_9,org.eclipse.pde.internal.editor.build,NameModifier,run,3,1,0
eclipse.pde.ui-v_Eclipse_0_9,org.eclipse.pde.internal.editor.build,NameModifier,getValue,3,1,2
eclipse.pde.ui-v_Eclipse_0_9,org.eclipse.pde.internal.editor.build,TableContentProvider,getElements,7,2,1
eclipse.pde.ui-v_Eclipse_0_9,org.eclipse.pde.internal.editor.build,TableContentProvider,createTokens,7,2,1
eclipse.pde.ui-v_Eclipse_0_9,org.eclipse.pde.internal.editor.build,TableLabelProvider,getColumnText,3,1,2
eclipse.pde.ui-v_Eclipse_0_9,org.eclipse.pde.internal.editor.build,TableLabelProvider,getColumnImage,3,1,2
eclipse.pde.ui-v_Eclipse_0_9,org.eclipse.pde.internal.editor.build,VariableSection,canModify,3,1,2
eclipse.pde.ui-v_Eclipse_0_9,org.eclipse.pde.internal.editor.build,VariableSection,modify,20,2,3
eclipse.pde.ui-v_Eclipse_0_9,org.eclipse.pde.internal.editor.build,VariableSection,run,3,1,0
eclipse.pde.ui-v_Eclipse_0_9,org.eclipse.pde.internal.editor.build,VariableSection,getValue,3,1,2
eclipse.pde.ui-v_Eclipse_0_9,org.eclipse.pde.internal.editor.build,VariableSection,getElements,7,2,1
eclipse.pde.ui-v_Eclipse_0_9,org.eclipse.pde.internal.editor.build,VariableSection,getColumnText,6,2,2
eclipse.pde.ui-v_Eclipse_0_9,org.eclipse.pde.internal.editor.build,VariableSection,getColumnImage,4,2,2
eclipse.pde.ui-v_Eclipse_0_9,org.eclipse.pde.internal.editor.build,VariableSection,VariableSection,5,1,1
eclipse.pde.ui-v_Eclipse_0_9,org.eclipse.pde.internal.editor.build,VariableSection,createClient,67,2,2
eclipse.pde.ui-v_Eclipse_0_9,org.eclipse.pde.internal.editor.build,VariableSection,menuAboutToShow,3,1,1
eclipse.pde.ui-v_Eclipse_0_9,org.eclipse.pde.internal.editor.build,VariableSection,selectionChanged,5,1,1
eclipse.pde.ui-v_Eclipse_0_9,org.eclipse.pde.internal.editor.build,VariableSection,widgetSelected,3,1,1
eclipse.pde.ui-v_Eclipse_0_9,org.eclipse.pde.internal.editor.build,VariableSection,dispose,5,1,0
eclipse.pde.ui-v_Eclipse_0_9,org.eclipse.pde.internal.editor.build,VariableSection,doGlobalAction,5,2,1
eclipse.pde.ui-v_Eclipse_0_9,org.eclipse.pde.internal.editor.build,VariableSection,expandTo,3,1,1
eclipse.pde.ui-v_Eclipse_0_9,org.eclipse.pde.internal.editor.build,VariableSection,fillContextMenu,22,3,1
eclipse.pde.ui-v_Eclipse_0_9,org.eclipse.pde.internal.editor.build,VariableSection,run,3,1,0
eclipse.pde.ui-v_Eclipse_0_9,org.eclipse.pde.internal.editor.build,VariableSection,run,3,1,0
eclipse.pde.ui-v_Eclipse_0_9,org.eclipse.pde.internal.editor.build,VariableSection,handleDelete,13,2,0
eclipse.pde.ui-v_Eclipse_0_9,org.eclipse.pde.internal.editor.build,VariableSection,handleNew,22,2,0
eclipse.pde.ui-v_Eclipse_0_9,org.eclipse.pde.internal.editor.build,VariableSection,run,15,2,0
eclipse.pde.ui-v_Eclipse_0_9,org.eclipse.pde.internal.editor.build,VariableSection,initialize,7,1,1
eclipse.pde.ui-v_Eclipse_0_9,org.eclipse.pde.internal.editor.build,VariableSection,initializeImages,3,1,0
eclipse.pde.ui-v_Eclipse_0_9,org.eclipse.pde.internal.editor.build,VariableSection,modelChanged,20,6,1
eclipse.pde.ui-v_Eclipse_0_9,org.eclipse.pde.internal.editor.build,VariableSection,setFocus,3,1,0
eclipse.pde.ui-v_Eclipse_0_9,org.eclipse.pde.internal.editor.build,NameModifier,canModify,3,1,2
eclipse.pde.ui-v_Eclipse_0_9,org.eclipse.pde.internal.editor.build,NameModifier,modify,20,2,3
eclipse.pde.ui-v_Eclipse_0_9,org.eclipse.pde.internal.editor.build,NameModifier,run,3,1,0
eclipse.pde.ui-v_Eclipse_0_9,org.eclipse.pde.internal.editor.build,NameModifier,getValue,3,1,2
eclipse.pde.ui-v_Eclipse_0_9,org.eclipse.pde.internal.editor.build,TableContentProvider,getElements,7,2,1
eclipse.pde.ui-v_Eclipse_0_9,org.eclipse.pde.internal.editor.build,TableLabelProvider,getColumnText,6,2,2
eclipse.pde.ui-v_Eclipse_0_9,org.eclipse.pde.internal.editor.build,TableLabelProvider,getColumnImage,4,2,2
eclipse.pde.ui-v_Eclipse_0_9,org.eclipse.pde.internal.editor.build,VariableSelectionDialog,getElements,3,1,1
eclipse.pde.ui-v_Eclipse_0_9,org.eclipse.pde.internal.editor.build,VariableSelectionDialog,getColumnText,3,1,2
eclipse.pde.ui-v_Eclipse_0_9,org.eclipse.pde.internal.editor.build,VariableSelectionDialog,getColumnImage,3,1,2
eclipse.pde.ui-v_Eclipse_0_9,org.eclipse.pde.internal.editor.build,VariableSelectionDialog,VariableSelectionDialog,5,1,2
eclipse.pde.ui-v_Eclipse_0_9,org.eclipse.pde.internal.editor.build,VariableSelectionDialog,close,4,1,0
eclipse.pde.ui-v_Eclipse_0_9,org.eclipse.pde.internal.editor.build,VariableSelectionDialog,createButtonsForButtonBar,4,1,1
eclipse.pde.ui-v_Eclipse_0_9,org.eclipse.pde.internal.editor.build,VariableSelectionDialog,createDialogArea,41,1,1
eclipse.pde.ui-v_Eclipse_0_9,org.eclipse.pde.internal.editor.build,VariableSelectionDialog,modifyText,3,1,1
eclipse.pde.ui-v_Eclipse_0_9,org.eclipse.pde.internal.editor.build,VariableSelectionDialog,selectionChanged,5,1,1
eclipse.pde.ui-v_Eclipse_0_9,org.eclipse.pde.internal.editor.build,VariableSelectionDialog,getRemainingVariables,11,3,0
eclipse.pde.ui-v_Eclipse_0_9,org.eclipse.pde.internal.editor.build,VariableSelectionDialog,getSelectedVariable,3,1,0
eclipse.pde.ui-v_Eclipse_0_9,org.eclipse.pde.internal.editor.build,VariableSelectionDialog,okPressed,4,1,0
eclipse.pde.ui-v_Eclipse_0_9,org.eclipse.pde.internal.editor.build,TableContentProvider,getElements,3,1,1
eclipse.pde.ui-v_Eclipse_0_9,org.eclipse.pde.internal.editor.build,TableLabelProvider,getColumnText,3,1,2
eclipse.pde.ui-v_Eclipse_0_9,org.eclipse.pde.internal.editor.build,TableLabelProvider,getColumnImage,3,1,2
eclipse.pde.ui-v_Eclipse_0_9,org.eclipse.pde.internal.editor.component,BuildComponentAction,BuildComponentAction,4,1,0
eclipse.pde.ui-v_Eclipse_0_9,org.eclipse.pde.internal.editor.component,BuildComponentAction,ensureContentSaved,18,2,0
eclipse.pde.ui-v_Eclipse_0_9,org.eclipse.pde.internal.editor.component,BuildComponentAction,run,3,1,1
eclipse.pde.ui-v_Eclipse_0_9,org.eclipse.pde.internal.editor.component,BuildComponentAction,run,4,1,0
eclipse.pde.ui-v_Eclipse_0_9,org.eclipse.pde.internal.editor.component,BuildComponentAction,setActiveEditor,6,1,1
eclipse.pde.ui-v_Eclipse_0_9,org.eclipse.pde.internal.editor.component,ComponentAdapterFactory,ComponentAdapterFactory,3,1,0
eclipse.pde.ui-v_Eclipse_0_9,org.eclipse.pde.internal.editor.component,ComponentAdapterFactory,dispose,3,1,0
eclipse.pde.ui-v_Eclipse_0_9,org.eclipse.pde.internal.editor.component,ComponentAdapterFactory,getAdapter,4,2,2
eclipse.pde.ui-v_Eclipse_0_9,org.eclipse.pde.internal.editor.component,ComponentAdapterFactory,getAdapterList,3,1,0
eclipse.pde.ui-v_Eclipse_0_9,org.eclipse.pde.internal.editor.component,ComponentAdapterFactory,getProperties,5,3,1
eclipse.pde.ui-v_Eclipse_0_9,org.eclipse.pde.internal.editor.component,ComponentAdapterFactory,getReferenceProperties,3,1,1
eclipse.pde.ui-v_Eclipse_0_9,org.eclipse.pde.internal.editor.component,ComponentAdapterFactory,getURLProperties,3,1,1
eclipse.pde.ui-v_Eclipse_0_9,org.eclipse.pde.internal.editor.component,ComponentEditor,ComponentEditor,3,1,0
eclipse.pde.ui-v_Eclipse_0_9,org.eclipse.pde.internal.editor.component,ComponentEditor,checkStaleReferences,33,8,1
eclipse.pde.ui-v_Eclipse_0_9,org.eclipse.pde.internal.editor.component,ComponentEditor,createModel,4,2,1
eclipse.pde.ui-v_Eclipse_0_9,org.eclipse.pde.internal.editor.component,ComponentEditor,createPages,9,1,0
eclipse.pde.ui-v_Eclipse_0_9,org.eclipse.pde.internal.editor.component,ComponentEditor,createResourceModel,27,1,1
eclipse.pde.ui-v_Eclipse_0_9,org.eclipse.pde.internal.editor.component,ComponentEditor,dispose,6,1,0
eclipse.pde.ui-v_Eclipse_0_9,org.eclipse.pde.internal.editor.component,ComponentEditor,doSave,16,3,1
eclipse.pde.ui-v_Eclipse_0_9,org.eclipse.pde.internal.editor.component,ComponentEditor,getHomePage,3,1,0
eclipse.pde.ui-v_Eclipse_0_9,org.eclipse.pde.internal.editor.component,ComponentEditor,getSourcePageId,3,1,0
eclipse.pde.ui-v_Eclipse_0_9,org.eclipse.pde.internal.editor.component,ComponentEditor,getTitle,3,1,0
eclipse.pde.ui-v_Eclipse_0_9,org.eclipse.pde.internal.editor.component,ComponentEditor,isModelDirty,3,1,1
eclipse.pde.ui-v_Eclipse_0_9,org.eclipse.pde.internal.editor.component,ComponentEditor,isValidContentType,5,2,1
eclipse.pde.ui-v_Eclipse_0_9,org.eclipse.pde.internal.editor.component,ComponentEditor,updateModel,19,1,0
eclipse.pde.ui-v_Eclipse_0_9,org.eclipse.pde.internal.editor.component,ComponentEditor,updateTitle,3,1,0
eclipse.pde.ui-v_Eclipse_0_9,org.eclipse.pde.internal.editor.component,ComponentEditorContributor,ComponentEditorContributor,3,1,0
eclipse.pde.ui-v_Eclipse_0_9,org.eclipse.pde.internal.editor.component,ComponentEditorContributor,contextMenuAboutToShow,6,1,1
eclipse.pde.ui-v_Eclipse_0_9,org.eclipse.pde.internal.editor.component,ComponentEditorContributor,getBuildAction,3,1,0
eclipse.pde.ui-v_Eclipse_0_9,org.eclipse.pde.internal.editor.component,ComponentEditorContributor,getSynchronizeAction,3,1,0
eclipse.pde.ui-v_Eclipse_0_9,org.eclipse.pde.internal.editor.component,ComponentEditorContributor,makeActions,5,1,0
eclipse.pde.ui-v_Eclipse_0_9,org.eclipse.pde.internal.editor.component,ComponentEditorContributor,setActiveEditor,5,1,1
eclipse.pde.ui-v_Eclipse_0_9,org.eclipse.pde.internal.editor.component,ComponentForm,ComponentForm,4,1,1
eclipse.pde.ui-v_Eclipse_0_9,org.eclipse.pde.internal.editor.component,ComponentForm,createFormClient,26,1,1
eclipse.pde.ui-v_Eclipse_0_9,org.eclipse.pde.internal.editor.component,ComponentForm,expandTo,3,1,1
eclipse.pde.ui-v_Eclipse_0_9,org.eclipse.pde.internal.editor.component,ComponentForm,initialize,7,1,1
eclipse.pde.ui-v_Eclipse_0_9,org.eclipse.pde.internal.editor.component,ComponentFormPage,ComponentFormPage,3,1,2
eclipse.pde.ui-v_Eclipse_0_9,org.eclipse.pde.internal.editor.component,ComponentFormPage,createContentOutlinePage,3,1,0
eclipse.pde.ui-v_Eclipse_0_9,org.eclipse.pde.internal.editor.component,ComponentFormPage,createForm,4,1,0
eclipse.pde.ui-v_Eclipse_0_9,org.eclipse.pde.internal.editor.component,ComponentOutlinePage,getChildren,9,3,1
eclipse.pde.ui-v_Eclipse_0_9,org.eclipse.pde.internal.editor.component,ComponentOutlinePage,getParent,5,2,1
eclipse.pde.ui-v_Eclipse_0_9,org.eclipse.pde.internal.editor.component,ComponentOutlinePage,getText,5,2,1
eclipse.pde.ui-v_Eclipse_0_9,org.eclipse.pde.internal.editor.component,ComponentOutlinePage,getImage,5,2,1
eclipse.pde.ui-v_Eclipse_0_9,org.eclipse.pde.internal.editor.component,ComponentOutlinePage,ComponentOutlinePage,6,1,1
eclipse.pde.ui-v_Eclipse_0_9,org.eclipse.pde.internal.editor.component,ComponentOutlinePage,createContentProvider,3,1,0
eclipse.pde.ui-v_Eclipse_0_9,org.eclipse.pde.internal.editor.component,ComponentOutlinePage,createControl,5,1,1
eclipse.pde.ui-v_Eclipse_0_9,org.eclipse.pde.internal.editor.component,ComponentOutlinePage,createLabelProvider,3,1,0
eclipse.pde.ui-v_Eclipse_0_9,org.eclipse.pde.internal.editor.component,ComponentOutlinePage,dispose,8,1,0
eclipse.pde.ui-v_Eclipse_0_9,org.eclipse.pde.internal.editor.component,ComponentOutlinePage,getObjectImage,10,4,1
eclipse.pde.ui-v_Eclipse_0_9,org.eclipse.pde.internal.editor.component,ComponentOutlinePage,getObjectLabel,9,3,1
eclipse.pde.ui-v_Eclipse_0_9,org.eclipse.pde.internal.editor.component,ComponentOutlinePage,getParentPage,5,3,1
eclipse.pde.ui-v_Eclipse_0_9,org.eclipse.pde.internal.editor.component,ComponentOutlinePage,getReferences,11,1,0
eclipse.pde.ui-v_Eclipse_0_9,org.eclipse.pde.internal.editor.component,ComponentOutlinePage,getURLs,13,2,0
eclipse.pde.ui-v_Eclipse_0_9,org.eclipse.pde.internal.editor.component,ComponentOutlinePage,modelChanged,24,6,1
eclipse.pde.ui-v_Eclipse_0_9,org.eclipse.pde.internal.editor.component,ContentProvider,getChildren,9,3,1
eclipse.pde.ui-v_Eclipse_0_9,org.eclipse.pde.internal.editor.component,ContentProvider,getParent,5,2,1
eclipse.pde.ui-v_Eclipse_0_9,org.eclipse.pde.internal.editor.component,OutlineLabelProvider,getText,5,2,1
eclipse.pde.ui-v_Eclipse_0_9,org.eclipse.pde.internal.editor.component,OutlineLabelProvider,getImage,5,2,1
eclipse.pde.ui-v_Eclipse_0_9,org.eclipse.pde.internal.editor.component,ComponentPropertySource,ComponentPropertySource,3,1,1
eclipse.pde.ui-v_Eclipse_0_9,org.eclipse.pde.internal.editor.component,ComponentPropertySource,createTextPropertyDescriptor,4,2,2
eclipse.pde.ui-v_Eclipse_0_9,org.eclipse.pde.internal.editor.component,ComponentPropertySource,getEditableValue,3,1,0
eclipse.pde.ui-v_Eclipse_0_9,org.eclipse.pde.internal.editor.component,ComponentPropertySource,isEditable,3,1,0
eclipse.pde.ui-v_Eclipse_0_9,org.eclipse.pde.internal.editor.component,ComponentPropertySource,isPropertySet,3,1,1
eclipse.pde.ui-v_Eclipse_0_9,org.eclipse.pde.internal.editor.component,ComponentPropertySource,resetPropertyValue,2,1,1
eclipse.pde.ui-v_Eclipse_0_9,org.eclipse.pde.internal.editor.component,ComponentPropertySource,toDescriptorArray,5,1,1
eclipse.pde.ui-v_Eclipse_0_9,org.eclipse.pde.internal.editor.component,ComponentReferencePage,ComponentReferencePage,3,1,2
eclipse.pde.ui-v_Eclipse_0_9,org.eclipse.pde.internal.editor.component,ComponentReferencePage,createForm,3,1,0
eclipse.pde.ui-v_Eclipse_0_9,org.eclipse.pde.internal.editor.component,ComponentSourceOutlinePage,getElements,3,1,1
eclipse.pde.ui-v_Eclipse_0_9,org.eclipse.pde.internal.editor.component,ComponentSourceOutlinePage,getChildren,3,1,1
eclipse.pde.ui-v_Eclipse_0_9,org.eclipse.pde.internal.editor.component,ComponentSourceOutlinePage,hasChildren,3,1,1
eclipse.pde.ui-v_Eclipse_0_9,org.eclipse.pde.internal.editor.component,ComponentSourceOutlinePage,getParent,3,1,1
eclipse.pde.ui-v_Eclipse_0_9,org.eclipse.pde.internal.editor.component,ComponentSourceOutlinePage,ComponentSourceOutlinePage,5,1,3
eclipse.pde.ui-v_Eclipse_0_9,org.eclipse.pde.internal.editor.component,ComponentSourceOutlinePage,createControl,7,1,1
eclipse.pde.ui-v_Eclipse_0_9,org.eclipse.pde.internal.editor.component,ComponentSourceOutlinePage,getControl,4,2,0
eclipse.pde.ui-v_Eclipse_0_9,org.eclipse.pde.internal.editor.component,ComponentSourceOutlinePage,selectionChanged,3,1,1
eclipse.pde.ui-v_Eclipse_0_9,org.eclipse.pde.internal.editor.component,ContentProvider,getElements,3,1,1
eclipse.pde.ui-v_Eclipse_0_9,org.eclipse.pde.internal.editor.component,ContentProvider,getChildren,3,1,1
eclipse.pde.ui-v_Eclipse_0_9,org.eclipse.pde.internal.editor.component,ContentProvider,hasChildren,3,1,1
eclipse.pde.ui-v_Eclipse_0_9,org.eclipse.pde.internal.editor.component,ContentProvider,getParent,3,1,1
eclipse.pde.ui-v_Eclipse_0_9,org.eclipse.pde.internal.editor.component,ComponentSourcePage,ComponentSourcePage,4,1,1
eclipse.pde.ui-v_Eclipse_0_9,org.eclipse.pde.internal.editor.component,ComponentSourcePage,createContentOutlinePage,3,1,0
eclipse.pde.ui-v_Eclipse_0_9,org.eclipse.pde.internal.editor.component,ComponentSourcePage,dispose,4,1,0
eclipse.pde.ui-v_Eclipse_0_9,org.eclipse.pde.internal.editor.component,ComponentSpecSection,ComponentSpecSection,5,1,1
eclipse.pde.ui-v_Eclipse_0_9,org.eclipse.pde.internal.editor.component,ComponentSpecSection,commitChanges,23,2,1
eclipse.pde.ui-v_Eclipse_0_9,org.eclipse.pde.internal.editor.component,ComponentSpecSection,createClient,103,2,2
eclipse.pde.ui-v_Eclipse_0_9,org.eclipse.pde.internal.editor.component,ComponentSpecSection,textValueChanged,8,1,1
eclipse.pde.ui-v_Eclipse_0_9,org.eclipse.pde.internal.editor.component,ComponentSpecSection,textDirty,3,1,1
eclipse.pde.ui-v_Eclipse_0_9,org.eclipse.pde.internal.editor.component,ComponentSpecSection,textValueChanged,10,1,1
eclipse.pde.ui-v_Eclipse_0_9,org.eclipse.pde.internal.editor.component,ComponentSpecSection,textDirty,3,1,1
eclipse.pde.ui-v_Eclipse_0_9,org.eclipse.pde.internal.editor.component,ComponentSpecSection,textValueChanged,6,2,1
eclipse.pde.ui-v_Eclipse_0_9,org.eclipse.pde.internal.editor.component,ComponentSpecSection,textDirty,3,1,1
eclipse.pde.ui-v_Eclipse_0_9,org.eclipse.pde.internal.editor.component,ComponentSpecSection,textValueChanged,8,1,1
eclipse.pde.ui-v_Eclipse_0_9,org.eclipse.pde.internal.editor.component,ComponentSpecSection,textDirty,3,1,1
eclipse.pde.ui-v_Eclipse_0_9,org.eclipse.pde.internal.editor.component,ComponentSpecSection,widgetSelected,3,1,1
eclipse.pde.ui-v_Eclipse_0_9,org.eclipse.pde.internal.editor.component,ComponentSpecSection,widgetSelected,3,1,1
eclipse.pde.ui-v_Eclipse_0_9,org.eclipse.pde.internal.editor.component,ComponentSpecSection,forceDirty,9,2,0
eclipse.pde.ui-v_Eclipse_0_9,org.eclipse.pde.internal.editor.component,ComponentSpecSection,verifySetVersion,10,1,2
eclipse.pde.ui-v_Eclipse_0_9,org.eclipse.pde.internal.editor.component,ComponentSpecSection,warnBadVersionFormat,3,1,1
eclipse.pde.ui-v_Eclipse_0_9,org.eclipse.pde.internal.editor.component,ComponentSpecSection,dispose,4,1,0
eclipse.pde.ui-v_Eclipse_0_9,org.eclipse.pde.internal.editor.component,ComponentSpecSection,handleCreateJar,9,1,0
eclipse.pde.ui-v_Eclipse_0_9,org.eclipse.pde.internal.editor.component,ComponentSpecSection,run,3,1,0
eclipse.pde.ui-v_Eclipse_0_9,org.eclipse.pde.internal.editor.component,ComponentSpecSection,handleSynchronize,9,1,0
eclipse.pde.ui-v_Eclipse_0_9,org.eclipse.pde.internal.editor.component,ComponentSpecSection,run,3,1,0
eclipse.pde.ui-v_Eclipse_0_9,org.eclipse.pde.internal.editor.component,ComponentSpecSection,initialize,11,2,1
eclipse.pde.ui-v_Eclipse_0_9,org.eclipse.pde.internal.editor.component,ComponentSpecSection,isDirty,3,1,0
eclipse.pde.ui-v_Eclipse_0_9,org.eclipse.pde.internal.editor.component,ComponentSpecSection,modelChanged,5,2,1
eclipse.pde.ui-v_Eclipse_0_9,org.eclipse.pde.internal.editor.component,ComponentSpecSection,setFocus,3,2,0
eclipse.pde.ui-v_Eclipse_0_9,org.eclipse.pde.internal.editor.component,ComponentSpecSection,setIfDefined,5,2,2
eclipse.pde.ui-v_Eclipse_0_9,org.eclipse.pde.internal.editor.component,ComponentSpecSection,setIfDefined,3,2,2
eclipse.pde.ui-v_Eclipse_0_9,org.eclipse.pde.internal.editor.component,ComponentSpecSection,update,5,2,0
eclipse.pde.ui-v_Eclipse_0_9,org.eclipse.pde.internal.editor.component,ComponentSpecSection,update,10,1,1
eclipse.pde.ui-v_Eclipse_0_9,org.eclipse.pde.internal.editor.component,DescriptionSection,DescriptionSection,4,1,1
eclipse.pde.ui-v_Eclipse_0_9,org.eclipse.pde.internal.editor.component,DescriptionSection,commitChanges,3,1,1
eclipse.pde.ui-v_Eclipse_0_9,org.eclipse.pde.internal.editor.component,DescriptionSection,createClient,40,3,2
eclipse.pde.ui-v_Eclipse_0_9,org.eclipse.pde.internal.editor.component,DescriptionSection,modifyText,6,2,1
eclipse.pde.ui-v_Eclipse_0_9,org.eclipse.pde.internal.editor.component,DescriptionSection,textValueChanged,8,1,1
eclipse.pde.ui-v_Eclipse_0_9,org.eclipse.pde.internal.editor.component,DescriptionSection,textDirty,2,1,1
eclipse.pde.ui-v_Eclipse_0_9,org.eclipse.pde.internal.editor.component,DescriptionSection,dispose,4,1,0
eclipse.pde.ui-v_Eclipse_0_9,org.eclipse.pde.internal.editor.component,DescriptionSection,initialize,8,2,1
eclipse.pde.ui-v_Eclipse_0_9,org.eclipse.pde.internal.editor.component,DescriptionSection,isDirty,3,1,0
eclipse.pde.ui-v_Eclipse_0_9,org.eclipse.pde.internal.editor.component,DescriptionSection,modelChanged,5,2,1
eclipse.pde.ui-v_Eclipse_0_9,org.eclipse.pde.internal.editor.component,DescriptionSection,setFocus,3,2,0
eclipse.pde.ui-v_Eclipse_0_9,org.eclipse.pde.internal.editor.component,DescriptionSection,setIfDefined,6,2,2
eclipse.pde.ui-v_Eclipse_0_9,org.eclipse.pde.internal.editor.component,DescriptionSection,update,5,2,0
eclipse.pde.ui-v_Eclipse_0_9,org.eclipse.pde.internal.editor.component,DescriptionSection,update,8,1,1
eclipse.pde.ui-v_Eclipse_0_9,org.eclipse.pde.internal.editor.component,OpenReferenceAction,OpenReferenceAction,3,1,1
eclipse.pde.ui-v_Eclipse_0_9,org.eclipse.pde.internal.editor.component,OpenReferenceAction,run,15,2,0
eclipse.pde.ui-v_Eclipse_0_9,org.eclipse.pde.internal.editor.component,OpenReferenceAction,selectionChanged,3,1,1
eclipse.pde.ui-v_Eclipse_0_9,org.eclipse.pde.internal.editor.component,PluginReference,PluginReference,4,1,2
eclipse.pde.ui-v_Eclipse_0_9,org.eclipse.pde.internal.editor.component,PluginReference,getModel,3,1,0
eclipse.pde.ui-v_Eclipse_0_9,org.eclipse.pde.internal.editor.component,PluginReference,getReference,3,1,0
eclipse.pde.ui-v_Eclipse_0_9,org.eclipse.pde.internal.editor.component,PluginReference,isFragment,3,1,0
eclipse.pde.ui-v_Eclipse_0_9,org.eclipse.pde.internal.editor.component,PluginReference,isInSync,7,5,0
eclipse.pde.ui-v_Eclipse_0_9,org.eclipse.pde.internal.editor.component,PluginReference,isUnresolved,3,1,0
eclipse.pde.ui-v_Eclipse_0_9,org.eclipse.pde.internal.editor.component,PluginReference,setFragment,3,1,1
eclipse.pde.ui-v_Eclipse_0_9,org.eclipse.pde.internal.editor.component,PluginReference,setModel,3,1,1
eclipse.pde.ui-v_Eclipse_0_9,org.eclipse.pde.internal.editor.component,PluginReference,setReference,3,1,1
eclipse.pde.ui-v_Eclipse_0_9,org.eclipse.pde.internal.editor.component,PluginReference,toString,3,1,0
eclipse.pde.ui-v_Eclipse_0_9,org.eclipse.pde.internal.editor.component,PluginSection,getElements,3,1,1
eclipse.pde.ui-v_Eclipse_0_9,org.eclipse.pde.internal.editor.component,PluginSection,getColumnText,9,3,2
eclipse.pde.ui-v_Eclipse_0_9,org.eclipse.pde.internal.editor.component,PluginSection,getColumnImage,3,1,2
eclipse.pde.ui-v_Eclipse_0_9,org.eclipse.pde.internal.editor.component,PluginSection,PluginSection,14,2,2
eclipse.pde.ui-v_Eclipse_0_9,org.eclipse.pde.internal.editor.component,PluginSection,commitChanges,2,1,1
eclipse.pde.ui-v_Eclipse_0_9,org.eclipse.pde.internal.editor.component,PluginSection,createClient,45,1,2
eclipse.pde.ui-v_Eclipse_0_9,org.eclipse.pde.internal.editor.component,PluginSection,checkStateChanged,3,1,1
eclipse.pde.ui-v_Eclipse_0_9,org.eclipse.pde.internal.editor.component,PluginSection,selectionChanged,3,1,1
eclipse.pde.ui-v_Eclipse_0_9,org.eclipse.pde.internal.editor.component,PluginSection,menuAboutToShow,3,1,1
eclipse.pde.ui-v_Eclipse_0_9,org.eclipse.pde.internal.editor.component,PluginSection,doubleClick,3,1,1
eclipse.pde.ui-v_Eclipse_0_9,org.eclipse.pde.internal.editor.component,PluginSection,createPluginReferences,27,5,0
eclipse.pde.ui-v_Eclipse_0_9,org.eclipse.pde.internal.editor.component,PluginSection,createWarningImage,4,1,2
eclipse.pde.ui-v_Eclipse_0_9,org.eclipse.pde.internal.editor.component,PluginSection,dispose,10,5,0
eclipse.pde.ui-v_Eclipse_0_9,org.eclipse.pde.internal.editor.component,PluginSection,expandTo,3,1,1
eclipse.pde.ui-v_Eclipse_0_9,org.eclipse.pde.internal.editor.component,PluginSection,fillContextMenu,5,1,1
eclipse.pde.ui-v_Eclipse_0_9,org.eclipse.pde.internal.editor.component,PluginSection,findComponentFragment,9,3,1
eclipse.pde.ui-v_Eclipse_0_9,org.eclipse.pde.internal.editor.component,PluginSection,findComponentPlugin,9,3,1
eclipse.pde.ui-v_Eclipse_0_9,org.eclipse.pde.internal.editor.component,PluginSection,getReferenceImage,13,6,1
eclipse.pde.ui-v_Eclipse_0_9,org.eclipse.pde.internal.editor.component,PluginSection,handlePluginChecked,29,6,2
eclipse.pde.ui-v_Eclipse_0_9,org.eclipse.pde.internal.editor.component,PluginSection,handleSelectionChanged,9,2,1
eclipse.pde.ui-v_Eclipse_0_9,org.eclipse.pde.internal.editor.component,PluginSection,initialize,10,2,1
eclipse.pde.ui-v_Eclipse_0_9,org.eclipse.pde.internal.editor.component,PluginSection,initializeOverlays,4,2,0
eclipse.pde.ui-v_Eclipse_0_9,org.eclipse.pde.internal.editor.component,PluginSection,isFragmentSection,3,1,0
eclipse.pde.ui-v_Eclipse_0_9,org.eclipse.pde.internal.editor.component,PluginSection,modelChanged,13,6,1
eclipse.pde.ui-v_Eclipse_0_9,org.eclipse.pde.internal.editor.component,PluginSection,modelsChanged,7,2,1
eclipse.pde.ui-v_Eclipse_0_9,org.eclipse.pde.internal.editor.component,PluginSection,setFocus,3,2,0
eclipse.pde.ui-v_Eclipse_0_9,org.eclipse.pde.internal.editor.component,PluginSection,setFragmentSection,3,1,1
eclipse.pde.ui-v_Eclipse_0_9,org.eclipse.pde.internal.editor.component,PluginSection,update,6,2,0
eclipse.pde.ui-v_Eclipse_0_9,org.eclipse.pde.internal.editor.component,PluginSection,update,12,3,1
eclipse.pde.ui-v_Eclipse_0_9,org.eclipse.pde.internal.editor.component,PluginContentProvider,getElements,3,1,1
eclipse.pde.ui-v_Eclipse_0_9,org.eclipse.pde.internal.editor.component,PluginLabelProvider,getColumnText,9,3,2
eclipse.pde.ui-v_Eclipse_0_9,org.eclipse.pde.internal.editor.component,PluginLabelProvider,getColumnImage,3,1,2
eclipse.pde.ui-v_Eclipse_0_9,org.eclipse.pde.internal.editor.component,ReferenceForm,ReferenceForm,4,1,1
eclipse.pde.ui-v_Eclipse_0_9,org.eclipse.pde.internal.editor.component,ReferenceForm,createFormClient,21,1,1
eclipse.pde.ui-v_Eclipse_0_9,org.eclipse.pde.internal.editor.component,ReferenceForm,expandTo,4,2,1
eclipse.pde.ui-v_Eclipse_0_9,org.eclipse.pde.internal.editor.component,ReferenceForm,initialize,7,1,1
eclipse.pde.ui-v_Eclipse_0_9,org.eclipse.pde.internal.editor.component,ReferencePropertySource,getImage,6,1,1
eclipse.pde.ui-v_Eclipse_0_9,org.eclipse.pde.internal.editor.component,ReferencePropertySource,ReferencePropertySource,4,1,2
eclipse.pde.ui-v_Eclipse_0_9,org.eclipse.pde.internal.editor.component,ReferencePropertySource,getOriginalVersion,4,1,0
eclipse.pde.ui-v_Eclipse_0_9,org.eclipse.pde.internal.editor.component,ReferencePropertySource,getPluginBase,23,5,0
eclipse.pde.ui-v_Eclipse_0_9,org.eclipse.pde.internal.editor.component,ReferencePropertySource,getPluginReference,3,1,0
eclipse.pde.ui-v_Eclipse_0_9,org.eclipse.pde.internal.editor.component,ReferencePropertySource,getPropertyDescriptors,14,2,0
eclipse.pde.ui-v_Eclipse_0_9,org.eclipse.pde.internal.editor.component,ReferencePropertySource,getPropertyValue,15,5,1
eclipse.pde.ui-v_Eclipse_0_9,org.eclipse.pde.internal.editor.component,ReferencePropertySource,setElement,3,1,1
eclipse.pde.ui-v_Eclipse_0_9,org.eclipse.pde.internal.editor.component,ReferencePropertySource,setPropertyValue,15,3,2
eclipse.pde.ui-v_Eclipse_0_9,org.eclipse.pde.internal.editor.component,VersionProvider,getImage,6,1,1
eclipse.pde.ui-v_Eclipse_0_9,org.eclipse.pde.internal.editor.component,SynchronizeVersionsAction,SynchronizeVersionsAction,3,1,0
eclipse.pde.ui-v_Eclipse_0_9,org.eclipse.pde.internal.editor.component,SynchronizeVersionsAction,ensureContentSaved,18,2,0
eclipse.pde.ui-v_Eclipse_0_9,org.eclipse.pde.internal.editor.component,SynchronizeVersionsAction,run,3,1,1
eclipse.pde.ui-v_Eclipse_0_9,org.eclipse.pde.internal.editor.component,SynchronizeVersionsAction,ensureEditorsClosed,8,2,0
eclipse.pde.ui-v_Eclipse_0_9,org.eclipse.pde.internal.editor.component,SynchronizeVersionsAction,run,7,2,0
eclipse.pde.ui-v_Eclipse_0_9,org.eclipse.pde.internal.editor.component,SynchronizeVersionsAction,setActiveEditor,3,1,1
eclipse.pde.ui-v_Eclipse_0_9,org.eclipse.pde.internal.editor.component,SynchronizeVersionsWizard,SynchronizeVersionsWizard,6,1,1
eclipse.pde.ui-v_Eclipse_0_9,org.eclipse.pde.internal.editor.component,SynchronizeVersionsWizard,addPages,4,1,0
eclipse.pde.ui-v_Eclipse_0_9,org.eclipse.pde.internal.editor.component,SynchronizeVersionsWizard,performFinish,3,1,0
eclipse.pde.ui-v_Eclipse_0_9,org.eclipse.pde.internal.editor.component,SynchronizeVersionsWizardPage,SynchronizeVersionsWizardPage,6,1,1
eclipse.pde.ui-v_Eclipse_0_9,org.eclipse.pde.internal.editor.component,SynchronizeVersionsWizardPage,createControl,25,1,1
eclipse.pde.ui-v_Eclipse_0_9,org.eclipse.pde.internal.editor.component,SynchronizeVersionsWizardPage,findFragment,4,1,1
eclipse.pde.ui-v_Eclipse_0_9,org.eclipse.pde.internal.editor.component,SynchronizeVersionsWizardPage,findModel,4,1,1
eclipse.pde.ui-v_Eclipse_0_9,org.eclipse.pde.internal.editor.component,SynchronizeVersionsWizardPage,findPluginReference,8,3,1
eclipse.pde.ui-v_Eclipse_0_9,org.eclipse.pde.internal.editor.component,SynchronizeVersionsWizardPage,findWorkspaceModelBase,7,3,2
eclipse.pde.ui-v_Eclipse_0_9,org.eclipse.pde.internal.editor.component,SynchronizeVersionsWizardPage,finish,31,1,0
eclipse.pde.ui-v_Eclipse_0_9,org.eclipse.pde.internal.editor.component,SynchronizeVersionsWizardPage,execute,14,1,1
eclipse.pde.ui-v_Eclipse_0_9,org.eclipse.pde.internal.editor.component,SynchronizeVersionsWizardPage,forceVersion,24,6,2
eclipse.pde.ui-v_Eclipse_0_9,org.eclipse.pde.internal.editor.component,SynchronizeVersionsWizardPage,loadSettings,18,5,0
eclipse.pde.ui-v_Eclipse_0_9,org.eclipse.pde.internal.editor.component,SynchronizeVersionsWizardPage,runOperation,15,3,2
eclipse.pde.ui-v_Eclipse_0_9,org.eclipse.pde.internal.editor.component,SynchronizeVersionsWizardPage,saveSettings,8,3,0
eclipse.pde.ui-v_Eclipse_0_9,org.eclipse.pde.internal.editor.component,SynchronizeVersionsWizardPage,synchronizeVersion,28,8,4
eclipse.pde.ui-v_Eclipse_0_9,org.eclipse.pde.internal.editor.component,URLElementPropertySource,URLElementPropertySource,3,1,1
eclipse.pde.ui-v_Eclipse_0_9,org.eclipse.pde.internal.editor.component,URLElementPropertySource,getElement,3,1,0
eclipse.pde.ui-v_Eclipse_0_9,org.eclipse.pde.internal.editor.component,URLElementPropertySource,getPropertyDescriptors,12,2,0
eclipse.pde.ui-v_Eclipse_0_9,org.eclipse.pde.internal.editor.component,URLElementPropertySource,getPropertyValue,12,4,1
eclipse.pde.ui-v_Eclipse_0_9,org.eclipse.pde.internal.editor.component,URLElementPropertySource,setElement,3,1,1
eclipse.pde.ui-v_Eclipse_0_9,org.eclipse.pde.internal.editor.component,URLElementPropertySource,setPropertyValue,21,4,2
eclipse.pde.ui-v_Eclipse_0_9,org.eclipse.pde.internal.editor.component,URLSection,URLFolder,3,1,1
eclipse.pde.ui-v_Eclipse_0_9,org.eclipse.pde.internal.editor.component,URLSection,getURL,5,1,0
eclipse.pde.ui-v_Eclipse_0_9,org.eclipse.pde.internal.editor.component,URLSection,hasChildren,3,1,1
eclipse.pde.ui-v_Eclipse_0_9,org.eclipse.pde.internal.editor.component,URLSection,getChildren,14,6,1
eclipse.pde.ui-v_Eclipse_0_9,org.eclipse.pde.internal.editor.component,URLSection,getParent,11,4,1
eclipse.pde.ui-v_Eclipse_0_9,org.eclipse.pde.internal.editor.component,URLSection,getElements,3,1,1
eclipse.pde.ui-v_Eclipse_0_9,org.eclipse.pde.internal.editor.component,URLSection,getText,12,4,1
eclipse.pde.ui-v_Eclipse_0_9,org.eclipse.pde.internal.editor.component,URLSection,getImage,9,3,1
eclipse.pde.ui-v_Eclipse_0_9,org.eclipse.pde.internal.editor.component,URLSection,URLSection,7,1,1
eclipse.pde.ui-v_Eclipse_0_9,org.eclipse.pde.internal.editor.component,URLSection,commitChanges,2,1,1
eclipse.pde.ui-v_Eclipse_0_9,org.eclipse.pde.internal.editor.component,URLSection,createClient,32,1,2
eclipse.pde.ui-v_Eclipse_0_9,org.eclipse.pde.internal.editor.component,URLSection,selectionChanged,3,1,1
eclipse.pde.ui-v_Eclipse_0_9,org.eclipse.pde.internal.editor.component,URLSection,menuAboutToShow,3,1,1
eclipse.pde.ui-v_Eclipse_0_9,org.eclipse.pde.internal.editor.component,URLSection,dispose,6,1,0
eclipse.pde.ui-v_Eclipse_0_9,org.eclipse.pde.internal.editor.component,URLSection,doGlobalAction,5,2,1
eclipse.pde.ui-v_Eclipse_0_9,org.eclipse.pde.internal.editor.component,URLSection,expandTo,3,1,1
eclipse.pde.ui-v_Eclipse_0_9,org.eclipse.pde.internal.editor.component,URLSection,fillContextMenu,30,3,1
eclipse.pde.ui-v_Eclipse_0_9,org.eclipse.pde.internal.editor.component,URLSection,run,3,1,0
eclipse.pde.ui-v_Eclipse_0_9,org.eclipse.pde.internal.editor.component,URLSection,run,3,1,0
eclipse.pde.ui-v_Eclipse_0_9,org.eclipse.pde.internal.editor.component,URLSection,run,3,1,0
eclipse.pde.ui-v_Eclipse_0_9,org.eclipse.pde.internal.editor.component,URLSection,handleDelete,15,3,0
eclipse.pde.ui-v_Eclipse_0_9,org.eclipse.pde.internal.editor.component,URLSection,handleNewURL,28,3,1
eclipse.pde.ui-v_Eclipse_0_9,org.eclipse.pde.internal.editor.component,URLSection,initialize,7,2,1
eclipse.pde.ui-v_Eclipse_0_9,org.eclipse.pde.internal.editor.component,URLSection,modelChanged,27,7,1
eclipse.pde.ui-v_Eclipse_0_9,org.eclipse.pde.internal.editor.component,URLSection,setFocus,2,1,0
eclipse.pde.ui-v_Eclipse_0_9,org.eclipse.pde.internal.editor.component,URLSection,update,5,2,0
eclipse.pde.ui-v_Eclipse_0_9,org.eclipse.pde.internal.editor.component,URLSection,update,6,1,1
eclipse.pde.ui-v_Eclipse_0_9,org.eclipse.pde.internal.editor.component,URLFolder,URLFolder,3,1,1
eclipse.pde.ui-v_Eclipse_0_9,org.eclipse.pde.internal.editor.component,URLFolder,getURL,5,1,0
eclipse.pde.ui-v_Eclipse_0_9,org.eclipse.pde.internal.editor.component,URLContentProvider,hasChildren,3,1,1
eclipse.pde.ui-v_Eclipse_0_9,org.eclipse.pde.internal.editor.component,URLContentProvider,getChildren,14,6,1
eclipse.pde.ui-v_Eclipse_0_9,org.eclipse.pde.internal.editor.component,URLContentProvider,getParent,11,4,1
eclipse.pde.ui-v_Eclipse_0_9,org.eclipse.pde.internal.editor.component,URLContentProvider,getElements,3,1,1
eclipse.pde.ui-v_Eclipse_0_9,org.eclipse.pde.internal.editor.component,URLLabelProvider,getText,12,4,1
eclipse.pde.ui-v_Eclipse_0_9,org.eclipse.pde.internal.editor.component,URLLabelProvider,getImage,9,3,1
eclipse.pde.ui-v_Eclipse_0_9,org.eclipse.pde.internal.editor.jars,FolderSection,getElements,7,2,1
eclipse.pde.ui-v_Eclipse_0_9,org.eclipse.pde.internal.editor.jars,FolderSection,getColumnText,3,1,3
eclipse.pde.ui-v_Eclipse_0_9,org.eclipse.pde.internal.editor.jars,FolderSection,getColumnText,3,1,2
eclipse.pde.ui-v_Eclipse_0_9,org.eclipse.pde.internal.editor.jars,FolderSection,getColumnImage,3,1,3
eclipse.pde.ui-v_Eclipse_0_9,org.eclipse.pde.internal.editor.jars,FolderSection,getColumnImage,3,1,2
eclipse.pde.ui-v_Eclipse_0_9,org.eclipse.pde.internal.editor.jars,FolderSection,FolderSection,5,1,1
eclipse.pde.ui-v_Eclipse_0_9,org.eclipse.pde.internal.editor.jars,FolderSection,createClient,58,1,2
eclipse.pde.ui-v_Eclipse_0_9,org.eclipse.pde.internal.editor.jars,FolderSection,menuAboutToShow,3,1,1
eclipse.pde.ui-v_Eclipse_0_9,org.eclipse.pde.internal.editor.jars,FolderSection,selectionChanged,5,1,1
eclipse.pde.ui-v_Eclipse_0_9,org.eclipse.pde.internal.editor.jars,FolderSection,widgetSelected,3,1,1
eclipse.pde.ui-v_Eclipse_0_9,org.eclipse.pde.internal.editor.jars,FolderSection,dispose,4,1,0
eclipse.pde.ui-v_Eclipse_0_9,org.eclipse.pde.internal.editor.jars,FolderSection,doGlobalAction,5,2,1
eclipse.pde.ui-v_Eclipse_0_9,org.eclipse.pde.internal.editor.jars,FolderSection,fillContextMenu,21,3,1
eclipse.pde.ui-v_Eclipse_0_9,org.eclipse.pde.internal.editor.jars,FolderSection,run,3,1,0
eclipse.pde.ui-v_Eclipse_0_9,org.eclipse.pde.internal.editor.jars,FolderSection,run,3,1,0
eclipse.pde.ui-v_Eclipse_0_9,org.eclipse.pde.internal.editor.jars,FolderSection,handleDelete,17,4,0
eclipse.pde.ui-v_Eclipse_0_9,org.eclipse.pde.internal.editor.jars,FolderSection,handleNew,21,3,0
eclipse.pde.ui-v_Eclipse_0_9,org.eclipse.pde.internal.editor.jars,FolderSection,initialize,6,1,1
eclipse.pde.ui-v_Eclipse_0_9,org.eclipse.pde.internal.editor.jars,FolderSection,initializeImages,5,1,0
eclipse.pde.ui-v_Eclipse_0_9,org.eclipse.pde.internal.editor.jars,FolderSection,modelChanged,6,2,1
eclipse.pde.ui-v_Eclipse_0_9,org.eclipse.pde.internal.editor.jars,FolderSection,sectionChanged,4,1,3
eclipse.pde.ui-v_Eclipse_0_9,org.eclipse.pde.internal.editor.jars,FolderSection,setFocus,3,1,0
eclipse.pde.ui-v_Eclipse_0_9,org.eclipse.pde.internal.editor.jars,FolderSection,update,4,1,1
eclipse.pde.ui-v_Eclipse_0_9,org.eclipse.pde.internal.editor.jars,TableContentProvider,getElements,7,2,1
eclipse.pde.ui-v_Eclipse_0_9,org.eclipse.pde.internal.editor.jars,TableLabelProvider,getColumnText,3,1,3
eclipse.pde.ui-v_Eclipse_0_9,org.eclipse.pde.internal.editor.jars,TableLabelProvider,getColumnText,3,1,2
eclipse.pde.ui-v_Eclipse_0_9,org.eclipse.pde.internal.editor.jars,TableLabelProvider,getColumnImage,3,1,3
eclipse.pde.ui-v_Eclipse_0_9,org.eclipse.pde.internal.editor.jars,TableLabelProvider,getColumnImage,3,1,2
eclipse.pde.ui-v_Eclipse_0_9,org.eclipse.pde.internal.editor.jars,JarsEditorContributor,JarsEditorContributor,3,1,0
eclipse.pde.ui-v_Eclipse_0_9,org.eclipse.pde.internal.editor.jars,JarsEditorContributor,JarsEditorContributor,3,1,1
eclipse.pde.ui-v_Eclipse_0_9,org.eclipse.pde.internal.editor.jars,JarsForm,JarsForm,4,1,1
eclipse.pde.ui-v_Eclipse_0_9,org.eclipse.pde.internal.editor.jars,JarsForm,createFormClient,20,1,1
eclipse.pde.ui-v_Eclipse_0_9,org.eclipse.pde.internal.editor.jars,JarsForm,expandTo,3,1,1
eclipse.pde.ui-v_Eclipse_0_9,org.eclipse.pde.internal.editor.jars,JarsForm,initialize,9,2,1
eclipse.pde.ui-v_Eclipse_0_9,org.eclipse.pde.internal.editor.jars,JarsOutlinePage,getChildren,6,2,1
eclipse.pde.ui-v_Eclipse_0_9,org.eclipse.pde.internal.editor.jars,JarsOutlinePage,getParent,3,1,1
eclipse.pde.ui-v_Eclipse_0_9,org.eclipse.pde.internal.editor.jars,JarsOutlinePage,getText,5,2,1
eclipse.pde.ui-v_Eclipse_0_9,org.eclipse.pde.internal.editor.jars,JarsOutlinePage,getImage,5,2,1
eclipse.pde.ui-v_Eclipse_0_9,org.eclipse.pde.internal.editor.jars,JarsOutlinePage,JarsOutlinePage,4,1,1
eclipse.pde.ui-v_Eclipse_0_9,org.eclipse.pde.internal.editor.jars,JarsOutlinePage,createContentProvider,3,1,0
eclipse.pde.ui-v_Eclipse_0_9,org.eclipse.pde.internal.editor.jars,JarsOutlinePage,createControl,5,1,1
eclipse.pde.ui-v_Eclipse_0_9,org.eclipse.pde.internal.editor.jars,JarsOutlinePage,createLabelProvider,3,1,0
eclipse.pde.ui-v_Eclipse_0_9,org.eclipse.pde.internal.editor.jars,JarsOutlinePage,dispose,6,1,0
eclipse.pde.ui-v_Eclipse_0_9,org.eclipse.pde.internal.editor.jars,JarsOutlinePage,getLibraries,4,1,0
eclipse.pde.ui-v_Eclipse_0_9,org.eclipse.pde.internal.editor.jars,JarsOutlinePage,getObjectImage,6,2,1
eclipse.pde.ui-v_Eclipse_0_9,org.eclipse.pde.internal.editor.jars,JarsOutlinePage,getObjectLabel,6,2,1
eclipse.pde.ui-v_Eclipse_0_9,org.eclipse.pde.internal.editor.jars,JarsOutlinePage,getParentPage,4,2,1
eclipse.pde.ui-v_Eclipse_0_9,org.eclipse.pde.internal.editor.jars,JarsOutlinePage,modelChanged,23,6,1
eclipse.pde.ui-v_Eclipse_0_9,org.eclipse.pde.internal.editor.jars,ContentProvider,getChildren,6,2,1
eclipse.pde.ui-v_Eclipse_0_9,org.eclipse.pde.internal.editor.jars,ContentProvider,getParent,3,1,1
eclipse.pde.ui-v_Eclipse_0_9,org.eclipse.pde.internal.editor.jars,OutlineLabelProvider,getText,5,2,1
eclipse.pde.ui-v_Eclipse_0_9,org.eclipse.pde.internal.editor.jars,OutlineLabelProvider,getImage,5,2,1
eclipse.pde.ui-v_Eclipse_0_9,org.eclipse.pde.internal.editor.jars,JarsPage,JarsPage,3,1,2
eclipse.pde.ui-v_Eclipse_0_9,org.eclipse.pde.internal.editor.jars,JarsPage,createContentOutlinePage,3,1,0
eclipse.pde.ui-v_Eclipse_0_9,org.eclipse.pde.internal.editor.jars,JarsPage,createForm,4,1,0
eclipse.pde.ui-v_Eclipse_0_9,org.eclipse.pde.internal.editor.jars,JarsSourceOutlinePage,getElements,3,1,1
eclipse.pde.ui-v_Eclipse_0_9,org.eclipse.pde.internal.editor.jars,JarsSourceOutlinePage,getChildren,3,1,1
eclipse.pde.ui-v_Eclipse_0_9,org.eclipse.pde.internal.editor.jars,JarsSourceOutlinePage,hasChildren,3,1,1
eclipse.pde.ui-v_Eclipse_0_9,org.eclipse.pde.internal.editor.jars,JarsSourceOutlinePage,getParent,3,1,1
eclipse.pde.ui-v_Eclipse_0_9,org.eclipse.pde.internal.editor.jars,JarsSourceOutlinePage,JarsSourceOutlinePage,5,1,3
eclipse.pde.ui-v_Eclipse_0_9,org.eclipse.pde.internal.editor.jars,JarsSourceOutlinePage,createControl,7,1,1
eclipse.pde.ui-v_Eclipse_0_9,org.eclipse.pde.internal.editor.jars,JarsSourceOutlinePage,getControl,4,2,0
eclipse.pde.ui-v_Eclipse_0_9,org.eclipse.pde.internal.editor.jars,JarsSourceOutlinePage,selectionChanged,3,1,1
eclipse.pde.ui-v_Eclipse_0_9,org.eclipse.pde.internal.editor.jars,ContentProvider,getElements,3,1,1
eclipse.pde.ui-v_Eclipse_0_9,org.eclipse.pde.internal.editor.jars,ContentProvider,getChildren,3,1,1
eclipse.pde.ui-v_Eclipse_0_9,org.eclipse.pde.internal.editor.jars,ContentProvider,hasChildren,3,1,1
eclipse.pde.ui-v_Eclipse_0_9,org.eclipse.pde.internal.editor.jars,ContentProvider,getParent,3,1,1
eclipse.pde.ui-v_Eclipse_0_9,org.eclipse.pde.internal.editor.jars,JarsSourcePage,JarsSourcePage,3,1,1
eclipse.pde.ui-v_Eclipse_0_9,org.eclipse.pde.internal.editor.jars,JarsSourcePage,createContentOutlinePage,3,1,0
eclipse.pde.ui-v_Eclipse_0_9,org.eclipse.pde.internal.editor.jars,LibrarySection,canModify,3,1,2
eclipse.pde.ui-v_Eclipse_0_9,org.eclipse.pde.internal.editor.jars,LibrarySection,modify,20,2,3
eclipse.pde.ui-v_Eclipse_0_9,org.eclipse.pde.internal.editor.jars,LibrarySection,run,3,1,0
eclipse.pde.ui-v_Eclipse_0_9,org.eclipse.pde.internal.editor.jars,LibrarySection,getValue,3,1,2
eclipse.pde.ui-v_Eclipse_0_9,org.eclipse.pde.internal.editor.jars,LibrarySection,getElements,6,2,1
eclipse.pde.ui-v_Eclipse_0_9,org.eclipse.pde.internal.editor.jars,LibrarySection,getColumnText,3,1,3
eclipse.pde.ui-v_Eclipse_0_9,org.eclipse.pde.internal.editor.jars,LibrarySection,getColumnText,6,2,2
eclipse.pde.ui-v_Eclipse_0_9,org.eclipse.pde.internal.editor.jars,LibrarySection,getColumnImage,3,1,3
eclipse.pde.ui-v_Eclipse_0_9,org.eclipse.pde.internal.editor.jars,LibrarySection,getColumnImage,4,2,2
eclipse.pde.ui-v_Eclipse_0_9,org.eclipse.pde.internal.editor.jars,LibrarySection,LibrarySection,7,2,1
eclipse.pde.ui-v_Eclipse_0_9,org.eclipse.pde.internal.editor.jars,LibrarySection,createClient,66,2,2
eclipse.pde.ui-v_Eclipse_0_9,org.eclipse.pde.internal.editor.jars,LibrarySection,menuAboutToShow,3,1,1
eclipse.pde.ui-v_Eclipse_0_9,org.eclipse.pde.internal.editor.jars,LibrarySection,selectionChanged,5,1,1
eclipse.pde.ui-v_Eclipse_0_9,org.eclipse.pde.internal.editor.jars,LibrarySection,widgetSelected,3,1,1
eclipse.pde.ui-v_Eclipse_0_9,org.eclipse.pde.internal.editor.jars,LibrarySection,dispose,5,1,0
eclipse.pde.ui-v_Eclipse_0_9,org.eclipse.pde.internal.editor.jars,LibrarySection,doGlobalAction,5,2,1
eclipse.pde.ui-v_Eclipse_0_9,org.eclipse.pde.internal.editor.jars,LibrarySection,expandTo,3,1,1
eclipse.pde.ui-v_Eclipse_0_9,org.eclipse.pde.internal.editor.jars,LibrarySection,fillContextMenu,20,3,1
eclipse.pde.ui-v_Eclipse_0_9,org.eclipse.pde.internal.editor.jars,LibrarySection,run,3,1,0
eclipse.pde.ui-v_Eclipse_0_9,org.eclipse.pde.internal.editor.jars,LibrarySection,run,3,1,0
eclipse.pde.ui-v_Eclipse_0_9,org.eclipse.pde.internal.editor.jars,LibrarySection,handleDelete,13,2,0
eclipse.pde.ui-v_Eclipse_0_9,org.eclipse.pde.internal.editor.jars,LibrarySection,handleNew,11,1,0
eclipse.pde.ui-v_Eclipse_0_9,org.eclipse.pde.internal.editor.jars,LibrarySection,initialize,7,1,1
eclipse.pde.ui-v_Eclipse_0_9,org.eclipse.pde.internal.editor.jars,LibrarySection,initializeImages,3,1,0
eclipse.pde.ui-v_Eclipse_0_9,org.eclipse.pde.internal.editor.jars,LibrarySection,modelChanged,21,6,1
eclipse.pde.ui-v_Eclipse_0_9,org.eclipse.pde.internal.editor.jars,LibrarySection,setFocus,3,1,0
eclipse.pde.ui-v_Eclipse_0_9,org.eclipse.pde.internal.editor.jars,NameModifier,canModify,3,1,2
eclipse.pde.ui-v_Eclipse_0_9,org.eclipse.pde.internal.editor.jars,NameModifier,modify,20,2,3
eclipse.pde.ui-v_Eclipse_0_9,org.eclipse.pde.internal.editor.jars,NameModifier,run,3,1,0
eclipse.pde.ui-v_Eclipse_0_9,org.eclipse.pde.internal.editor.jars,NameModifier,getValue,3,1,2
eclipse.pde.ui-v_Eclipse_0_9,org.eclipse.pde.internal.editor.jars,TableContentProvider,getElements,6,2,1
eclipse.pde.ui-v_Eclipse_0_9,org.eclipse.pde.internal.editor.jars,TableLabelProvider,getColumnText,3,1,3
eclipse.pde.ui-v_Eclipse_0_9,org.eclipse.pde.internal.editor.jars,TableLabelProvider,getColumnText,6,2,2
eclipse.pde.ui-v_Eclipse_0_9,org.eclipse.pde.internal.editor.jars,TableLabelProvider,getColumnImage,3,1,3
eclipse.pde.ui-v_Eclipse_0_9,org.eclipse.pde.internal.editor.jars,TableLabelProvider,getColumnImage,4,2,2
eclipse.pde.ui-v_Eclipse_0_9,org.eclipse.pde.internal.editor.jars,PluginJarsEditor,PluginJarsEditor,3,1,0
eclipse.pde.ui-v_Eclipse_0_9,org.eclipse.pde.internal.editor.jars,PluginJarsEditor,createModel,4,2,1
eclipse.pde.ui-v_Eclipse_0_9,org.eclipse.pde.internal.editor.jars,PluginJarsEditor,createPages,7,1,0
eclipse.pde.ui-v_Eclipse_0_9,org.eclipse.pde.internal.editor.jars,PluginJarsEditor,createResourceModel,24,1,1
eclipse.pde.ui-v_Eclipse_0_9,org.eclipse.pde.internal.editor.jars,PluginJarsEditor,dispose,6,1,0
eclipse.pde.ui-v_Eclipse_0_9,org.eclipse.pde.internal.editor.jars,PluginJarsEditor,getHomePage,3,1,0
eclipse.pde.ui-v_Eclipse_0_9,org.eclipse.pde.internal.editor.jars,PluginJarsEditor,getSourcePageId,3,1,0
eclipse.pde.ui-v_Eclipse_0_9,org.eclipse.pde.internal.editor.jars,PluginJarsEditor,getTitle,3,1,0
eclipse.pde.ui-v_Eclipse_0_9,org.eclipse.pde.internal.editor.jars,PluginJarsEditor,isModelDirty,3,1,1
eclipse.pde.ui-v_Eclipse_0_9,org.eclipse.pde.internal.editor.jars,PluginJarsEditor,isValidContentType,5,2,1
eclipse.pde.ui-v_Eclipse_0_9,org.eclipse.pde.internal.editor.jars,PluginJarsEditor,updateModel,19,1,0
eclipse.pde.ui-v_Eclipse_0_9,org.eclipse.pde.internal.editor.manifest,AlertSection,DeltaVisitor,3,1,1
eclipse.pde.ui-v_Eclipse_0_9,org.eclipse.pde.internal.editor.manifest,AlertSection,visit,16,6,1
eclipse.pde.ui-v_Eclipse_0_9,org.eclipse.pde.internal.editor.manifest,AlertSection,getMarkersChanged,3,1,0
eclipse.pde.ui-v_Eclipse_0_9,org.eclipse.pde.internal.editor.manifest,AlertSection,AlertSection,8,1,1
eclipse.pde.ui-v_Eclipse_0_9,org.eclipse.pde.internal.editor.manifest,AlertSection,checkMarkers,43,4,2
eclipse.pde.ui-v_Eclipse_0_9,org.eclipse.pde.internal.editor.manifest,AlertSection,linkActivated,15,1,1
eclipse.pde.ui-v_Eclipse_0_9,org.eclipse.pde.internal.editor.manifest,AlertSection,run,3,1,0
eclipse.pde.ui-v_Eclipse_0_9,org.eclipse.pde.internal.editor.manifest,AlertSection,checkReferences,34,6,2
eclipse.pde.ui-v_Eclipse_0_9,org.eclipse.pde.internal.editor.manifest,AlertSection,linkActivated,3,1,1
eclipse.pde.ui-v_Eclipse_0_9,org.eclipse.pde.internal.editor.manifest,AlertSection,createAlerts,14,3,2
eclipse.pde.ui-v_Eclipse_0_9,org.eclipse.pde.internal.editor.manifest,AlertSection,createClient,16,1,2
eclipse.pde.ui-v_Eclipse_0_9,org.eclipse.pde.internal.editor.manifest,AlertSection,dispose,8,1,0
eclipse.pde.ui-v_Eclipse_0_9,org.eclipse.pde.internal.editor.manifest,AlertSection,initialize,4,1,1
eclipse.pde.ui-v_Eclipse_0_9,org.eclipse.pde.internal.editor.manifest,AlertSection,mergeMarkers,11,3,2
eclipse.pde.ui-v_Eclipse_0_9,org.eclipse.pde.internal.editor.manifest,AlertSection,modelChanged,10,4,1
eclipse.pde.ui-v_Eclipse_0_9,org.eclipse.pde.internal.editor.manifest,AlertSection,resourceChanged,23,5,1
eclipse.pde.ui-v_Eclipse_0_9,org.eclipse.pde.internal.editor.manifest,AlertSection,update,13,3,0
eclipse.pde.ui-v_Eclipse_0_9,org.eclipse.pde.internal.editor.manifest,DeltaVisitor,DeltaVisitor,3,1,1
eclipse.pde.ui-v_Eclipse_0_9,org.eclipse.pde.internal.editor.manifest,DeltaVisitor,visit,16,6,1
eclipse.pde.ui-v_Eclipse_0_9,org.eclipse.pde.internal.editor.manifest,DeltaVisitor,getMarkersChanged,3,1,0
eclipse.pde.ui-v_Eclipse_0_9,org.eclipse.pde.internal.editor.manifest,DependenciesForm,DependenciesForm,4,1,1
eclipse.pde.ui-v_Eclipse_0_9,org.eclipse.pde.internal.editor.manifest,DependenciesForm,commitChanges,4,3,1
eclipse.pde.ui-v_Eclipse_0_9,org.eclipse.pde.internal.editor.manifest,DependenciesForm,createFormClient,22,1,1
eclipse.pde.ui-v_Eclipse_0_9,org.eclipse.pde.internal.editor.manifest,DependenciesForm,initialize,7,1,1
eclipse.pde.ui-v_Eclipse_0_9,org.eclipse.pde.internal.editor.manifest,DependenciesForm,fillContextMenu,3,1,1
eclipse.pde.ui-v_Eclipse_0_9,org.eclipse.pde.internal.editor.manifest,DependencyGraph,computeSize,22,6,4
eclipse.pde.ui-v_Eclipse_0_9,org.eclipse.pde.internal.editor.manifest,DependencyGraph,layout,17,3,2
eclipse.pde.ui-v_Eclipse_0_9,org.eclipse.pde.internal.editor.manifest,DependencyGraph,DependencyGraph,23,3,2
eclipse.pde.ui-v_Eclipse_0_9,org.eclipse.pde.internal.editor.manifest,DependencyGraph,paintControl,3,1,1
eclipse.pde.ui-v_Eclipse_0_9,org.eclipse.pde.internal.editor.manifest,DependencyGraph,menuAboutToShow,7,3,1
eclipse.pde.ui-v_Eclipse_0_9,org.eclipse.pde.internal.editor.manifest,DependencyGraph,addRootNodeListener,3,1,1
eclipse.pde.ui-v_Eclipse_0_9,org.eclipse.pde.internal.editor.manifest,DependencyGraph,canDoOperation,11,4,1
eclipse.pde.ui-v_Eclipse_0_9,org.eclipse.pde.internal.editor.manifest,DependencyGraph,clearGraph,9,3,0
eclipse.pde.ui-v_Eclipse_0_9,org.eclipse.pde.internal.editor.manifest,DependencyGraph,createGraphObjects,9,4,0
eclipse.pde.ui-v_Eclipse_0_9,org.eclipse.pde.internal.editor.manifest,DependencyGraph,createLabel,13,3,2
eclipse.pde.ui-v_Eclipse_0_9,org.eclipse.pde.internal.editor.manifest,DependencyGraph,dispose,4,1,0
eclipse.pde.ui-v_Eclipse_0_9,org.eclipse.pde.internal.editor.manifest,DependencyGraph,doOperation,16,6,1
eclipse.pde.ui-v_Eclipse_0_9,org.eclipse.pde.internal.editor.manifest,DependencyGraph,drawArrow,12,2,3
eclipse.pde.ui-v_Eclipse_0_9,org.eclipse.pde.internal.editor.manifest,DependencyGraph,getActiveHomeBackground,3,1,0
eclipse.pde.ui-v_Eclipse_0_9,org.eclipse.pde.internal.editor.manifest,DependencyGraph,getActiveNodeBackground,3,1,0
eclipse.pde.ui-v_Eclipse_0_9,org.eclipse.pde.internal.editor.manifest,DependencyGraph,getBorderColor,3,1,0
eclipse.pde.ui-v_Eclipse_0_9,org.eclipse.pde.internal.editor.manifest,DependencyGraph,getErrorBackground,3,1,0
eclipse.pde.ui-v_Eclipse_0_9,org.eclipse.pde.internal.editor.manifest,DependencyGraph,getHomeBackground,3,1,0
eclipse.pde.ui-v_Eclipse_0_9,org.eclipse.pde.internal.editor.manifest,DependencyGraph,getHomeForeground,3,1,0
eclipse.pde.ui-v_Eclipse_0_9,org.eclipse.pde.internal.editor.manifest,DependencyGraph,getHorizontalMargin,3,1,0
eclipse.pde.ui-v_Eclipse_0_9,org.eclipse.pde.internal.editor.manifest,DependencyGraph,getHorizontalSpacing,3,1,0
eclipse.pde.ui-v_Eclipse_0_9,org.eclipse.pde.internal.editor.manifest,DependencyGraph,getMenuManager,3,1,0
eclipse.pde.ui-v_Eclipse_0_9,org.eclipse.pde.internal.editor.manifest,DependencyGraph,getNodeBackground,3,1,0
eclipse.pde.ui-v_Eclipse_0_9,org.eclipse.pde.internal.editor.manifest,DependencyGraph,getNodeForeground,3,1,0
eclipse.pde.ui-v_Eclipse_0_9,org.eclipse.pde.internal.editor.manifest,DependencyGraph,getPopupListener,3,1,0
eclipse.pde.ui-v_Eclipse_0_9,org.eclipse.pde.internal.editor.manifest,DependencyGraph,getSelectedNode,3,1,0
eclipse.pde.ui-v_Eclipse_0_9,org.eclipse.pde.internal.editor.manifest,DependencyGraph,getShadowColor,3,1,0
eclipse.pde.ui-v_Eclipse_0_9,org.eclipse.pde.internal.editor.manifest,DependencyGraph,getVerticalMargin,3,1,0
eclipse.pde.ui-v_Eclipse_0_9,org.eclipse.pde.internal.editor.manifest,DependencyGraph,getVerticalSpacing,3,1,0
eclipse.pde.ui-v_Eclipse_0_9,org.eclipse.pde.internal.editor.manifest,DependencyGraph,initializeHyperlinkHandler,5,1,0
eclipse.pde.ui-v_Eclipse_0_9,org.eclipse.pde.internal.editor.manifest,DependencyGraph,isBorderPainted,3,1,0
eclipse.pde.ui-v_Eclipse_0_9,org.eclipse.pde.internal.editor.manifest,DependencyGraph,isDirty,3,1,0
eclipse.pde.ui-v_Eclipse_0_9,org.eclipse.pde.internal.editor.manifest,DependencyGraph,isReverse,3,1,0
eclipse.pde.ui-v_Eclipse_0_9,org.eclipse.pde.internal.editor.manifest,DependencyGraph,isShadowPainted,3,1,0
eclipse.pde.ui-v_Eclipse_0_9,org.eclipse.pde.internal.editor.manifest,DependencyGraph,isTraversalEnabled,3,1,0
eclipse.pde.ui-v_Eclipse_0_9,org.eclipse.pde.internal.editor.manifest,DependencyGraph,linkActivated,3,1,1
eclipse.pde.ui-v_Eclipse_0_9,org.eclipse.pde.internal.editor.manifest,DependencyGraph,linkEntered,2,1,1
eclipse.pde.ui-v_Eclipse_0_9,org.eclipse.pde.internal.editor.manifest,DependencyGraph,linkExited,2,1,1
eclipse.pde.ui-v_Eclipse_0_9,org.eclipse.pde.internal.editor.manifest,DependencyGraph,paintGraph,45,10,1
eclipse.pde.ui-v_Eclipse_0_9,org.eclipse.pde.internal.editor.manifest,DependencyGraph,removeRootNodeListener,3,1,1
eclipse.pde.ui-v_Eclipse_0_9,org.eclipse.pde.internal.editor.manifest,DependencyGraph,setActiveHomeBackground,3,1,1
eclipse.pde.ui-v_Eclipse_0_9,org.eclipse.pde.internal.editor.manifest,DependencyGraph,setActiveNodeBackground,3,1,1
eclipse.pde.ui-v_Eclipse_0_9,org.eclipse.pde.internal.editor.manifest,DependencyGraph,setBorderColor,3,1,1
eclipse.pde.ui-v_Eclipse_0_9,org.eclipse.pde.internal.editor.manifest,DependencyGraph,setBorderPainted,3,1,1
eclipse.pde.ui-v_Eclipse_0_9,org.eclipse.pde.internal.editor.manifest,DependencyGraph,setDirty,3,1,1
eclipse.pde.ui-v_Eclipse_0_9,org.eclipse.pde.internal.editor.manifest,DependencyGraph,setErrorBackground,3,1,1
eclipse.pde.ui-v_Eclipse_0_9,org.eclipse.pde.internal.editor.manifest,DependencyGraph,setHomeBackground,3,1,1
eclipse.pde.ui-v_Eclipse_0_9,org.eclipse.pde.internal.editor.manifest,DependencyGraph,setHomeForeground,3,1,1
eclipse.pde.ui-v_Eclipse_0_9,org.eclipse.pde.internal.editor.manifest,DependencyGraph,setHorizontalMargin,3,1,1
eclipse.pde.ui-v_Eclipse_0_9,org.eclipse.pde.internal.editor.manifest,DependencyGraph,setHorizontalSpacing,3,1,1
eclipse.pde.ui-v_Eclipse_0_9,org.eclipse.pde.internal.editor.manifest,DependencyGraph,setMenuManager,3,1,1
eclipse.pde.ui-v_Eclipse_0_9,org.eclipse.pde.internal.editor.manifest,DependencyGraph,setNodeBackground,3,1,1
eclipse.pde.ui-v_Eclipse_0_9,org.eclipse.pde.internal.editor.manifest,DependencyGraph,setNodeForeground,4,1,1
eclipse.pde.ui-v_Eclipse_0_9,org.eclipse.pde.internal.editor.manifest,DependencyGraph,setPopupListener,3,1,1
eclipse.pde.ui-v_Eclipse_0_9,org.eclipse.pde.internal.editor.manifest,DependencyGraph,setReverse,8,2,1
eclipse.pde.ui-v_Eclipse_0_9,org.eclipse.pde.internal.editor.manifest,DependencyGraph,setRoot,11,2,1
eclipse.pde.ui-v_Eclipse_0_9,org.eclipse.pde.internal.editor.manifest,DependencyGraph,setShadowColor,3,1,1
eclipse.pde.ui-v_Eclipse_0_9,org.eclipse.pde.internal.editor.manifest,DependencyGraph,setShadowPainted,3,1,1
eclipse.pde.ui-v_Eclipse_0_9,org.eclipse.pde.internal.editor.manifest,DependencyGraph,setTraversalEnabled,3,1,1
eclipse.pde.ui-v_Eclipse_0_9,org.eclipse.pde.internal.editor.manifest,DependencyGraph,setVerticalMargin,3,1,1
eclipse.pde.ui-v_Eclipse_0_9,org.eclipse.pde.internal.editor.manifest,DependencyGraph,setVerticalSpacing,3,1,1
eclipse.pde.ui-v_Eclipse_0_9,org.eclipse.pde.internal.editor.manifest,GraphLayout,computeSize,22,6,4
eclipse.pde.ui-v_Eclipse_0_9,org.eclipse.pde.internal.editor.manifest,GraphLayout,layout,17,3,2
eclipse.pde.ui-v_Eclipse_0_9,org.eclipse.pde.internal.editor.manifest,DetailChildrenSection,getChildren,6,3,1
eclipse.pde.ui-v_Eclipse_0_9,org.eclipse.pde.internal.editor.manifest,DetailChildrenSection,hasChildren,3,1,1
eclipse.pde.ui-v_Eclipse_0_9,org.eclipse.pde.internal.editor.manifest,DetailChildrenSection,getParent,4,2,1
eclipse.pde.ui-v_Eclipse_0_9,org.eclipse.pde.internal.editor.manifest,DetailChildrenSection,getElements,3,1,1
eclipse.pde.ui-v_Eclipse_0_9,org.eclipse.pde.internal.editor.manifest,DetailChildrenSection,getText,3,1,1
eclipse.pde.ui-v_Eclipse_0_9,org.eclipse.pde.internal.editor.manifest,DetailChildrenSection,getImage,3,1,1
eclipse.pde.ui-v_Eclipse_0_9,org.eclipse.pde.internal.editor.manifest,DetailChildrenSection,DetailChildrenSection,4,1,1
eclipse.pde.ui-v_Eclipse_0_9,org.eclipse.pde.internal.editor.manifest,DetailChildrenSection,createClient,68,2,2
eclipse.pde.ui-v_Eclipse_0_9,org.eclipse.pde.internal.editor.manifest,DetailChildrenSection,widgetSelected,3,1,1
eclipse.pde.ui-v_Eclipse_0_9,org.eclipse.pde.internal.editor.manifest,DetailChildrenSection,modifyText,4,1,1
eclipse.pde.ui-v_Eclipse_0_9,org.eclipse.pde.internal.editor.manifest,DetailChildrenSection,widgetSelected,3,1,1
eclipse.pde.ui-v_Eclipse_0_9,org.eclipse.pde.internal.editor.manifest,DetailChildrenSection,widgetSelected,3,1,1
eclipse.pde.ui-v_Eclipse_0_9,org.eclipse.pde.internal.editor.manifest,DetailChildrenSection,createTree,34,2,1
eclipse.pde.ui-v_Eclipse_0_9,org.eclipse.pde.internal.editor.manifest,DetailChildrenSection,selectionChanged,12,2,1
eclipse.pde.ui-v_Eclipse_0_9,org.eclipse.pde.internal.editor.manifest,DetailChildrenSection,menuAboutToShow,3,1,1
eclipse.pde.ui-v_Eclipse_0_9,org.eclipse.pde.internal.editor.manifest,DetailChildrenSection,dispose,5,1,0
eclipse.pde.ui-v_Eclipse_0_9,org.eclipse.pde.internal.editor.manifest,DetailChildrenSection,doGlobalAction,5,2,1
eclipse.pde.ui-v_Eclipse_0_9,org.eclipse.pde.internal.editor.manifest,DetailChildrenSection,fillContextMenu,18,4,1
eclipse.pde.ui-v_Eclipse_0_9,org.eclipse.pde.internal.editor.manifest,DetailChildrenSection,handleApply,9,1,0
eclipse.pde.ui-v_Eclipse_0_9,org.eclipse.pde.internal.editor.manifest,DetailChildrenSection,handleDelete,11,1,0
eclipse.pde.ui-v_Eclipse_0_9,org.eclipse.pde.internal.editor.manifest,DetailChildrenSection,handleReset,5,1,0
eclipse.pde.ui-v_Eclipse_0_9,org.eclipse.pde.internal.editor.manifest,DetailChildrenSection,initialize,7,1,1
eclipse.pde.ui-v_Eclipse_0_9,org.eclipse.pde.internal.editor.manifest,DetailChildrenSection,initializeImages,3,1,0
eclipse.pde.ui-v_Eclipse_0_9,org.eclipse.pde.internal.editor.manifest,DetailChildrenSection,modelChanged,19,6,1
eclipse.pde.ui-v_Eclipse_0_9,org.eclipse.pde.internal.editor.manifest,DetailChildrenSection,resolveObjectImage,10,3,1
eclipse.pde.ui-v_Eclipse_0_9,org.eclipse.pde.internal.editor.manifest,DetailChildrenSection,resolveObjectName,12,4,1
eclipse.pde.ui-v_Eclipse_0_9,org.eclipse.pde.internal.editor.manifest,DetailChildrenSection,sectionChanged,6,3,3
eclipse.pde.ui-v_Eclipse_0_9,org.eclipse.pde.internal.editor.manifest,DetailChildrenSection,updateInput,7,1,0
eclipse.pde.ui-v_Eclipse_0_9,org.eclipse.pde.internal.editor.manifest,DetailChildrenSection,updateText,5,1,1
eclipse.pde.ui-v_Eclipse_0_9,org.eclipse.pde.internal.editor.manifest,ContentProvider,getChildren,6,3,1
eclipse.pde.ui-v_Eclipse_0_9,org.eclipse.pde.internal.editor.manifest,ContentProvider,hasChildren,3,1,1
eclipse.pde.ui-v_Eclipse_0_9,org.eclipse.pde.internal.editor.manifest,ContentProvider,getParent,4,2,1
eclipse.pde.ui-v_Eclipse_0_9,org.eclipse.pde.internal.editor.manifest,ContentProvider,getElements,3,1,1
eclipse.pde.ui-v_Eclipse_0_9,org.eclipse.pde.internal.editor.manifest,ChildrenLabelProvider,getText,3,1,1
eclipse.pde.ui-v_Eclipse_0_9,org.eclipse.pde.internal.editor.manifest,ChildrenLabelProvider,getImage,3,1,1
eclipse.pde.ui-v_Eclipse_0_9,org.eclipse.pde.internal.editor.manifest,DetailExtensionPointSection,getElements,6,2,1
eclipse.pde.ui-v_Eclipse_0_9,org.eclipse.pde.internal.editor.manifest,DetailExtensionPointSection,getColumnText,7,2,2
eclipse.pde.ui-v_Eclipse_0_9,org.eclipse.pde.internal.editor.manifest,DetailExtensionPointSection,getColumnImage,4,2,2
eclipse.pde.ui-v_Eclipse_0_9,org.eclipse.pde.internal.editor.manifest,DetailExtensionPointSection,DetailExtensionPointSection,6,1,1
eclipse.pde.ui-v_Eclipse_0_9,org.eclipse.pde.internal.editor.manifest,DetailExtensionPointSection,createClient,58,1,2
eclipse.pde.ui-v_Eclipse_0_9,org.eclipse.pde.internal.editor.manifest,DetailExtensionPointSection,menuAboutToShow,3,1,1
eclipse.pde.ui-v_Eclipse_0_9,org.eclipse.pde.internal.editor.manifest,DetailExtensionPointSection,selectionChanged,5,1,1
eclipse.pde.ui-v_Eclipse_0_9,org.eclipse.pde.internal.editor.manifest,DetailExtensionPointSection,widgetSelected,3,1,1
eclipse.pde.ui-v_Eclipse_0_9,org.eclipse.pde.internal.editor.manifest,DetailExtensionPointSection,dispose,5,1,0
eclipse.pde.ui-v_Eclipse_0_9,org.eclipse.pde.internal.editor.manifest,DetailExtensionPointSection,doGlobalAction,5,2,1
eclipse.pde.ui-v_Eclipse_0_9,org.eclipse.pde.internal.editor.manifest,DetailExtensionPointSection,expandTo,3,1,1
eclipse.pde.ui-v_Eclipse_0_9,org.eclipse.pde.internal.editor.manifest,DetailExtensionPointSection,fillContextMenu,28,2,1
eclipse.pde.ui-v_Eclipse_0_9,org.eclipse.pde.internal.editor.manifest,DetailExtensionPointSection,run,3,1,0
eclipse.pde.ui-v_Eclipse_0_9,org.eclipse.pde.internal.editor.manifest,DetailExtensionPointSection,run,8,1,0
eclipse.pde.ui-v_Eclipse_0_9,org.eclipse.pde.internal.editor.manifest,DetailExtensionPointSection,handleDelete,13,2,0
eclipse.pde.ui-v_Eclipse_0_9,org.eclipse.pde.internal.editor.manifest,DetailExtensionPointSection,handleNew,14,1,0
eclipse.pde.ui-v_Eclipse_0_9,org.eclipse.pde.internal.editor.manifest,DetailExtensionPointSection,run,7,1,0
eclipse.pde.ui-v_Eclipse_0_9,org.eclipse.pde.internal.editor.manifest,DetailExtensionPointSection,initialize,7,1,1
eclipse.pde.ui-v_Eclipse_0_9,org.eclipse.pde.internal.editor.manifest,DetailExtensionPointSection,initializeImages,3,1,0
eclipse.pde.ui-v_Eclipse_0_9,org.eclipse.pde.internal.editor.manifest,DetailExtensionPointSection,modelChanged,20,5,1
eclipse.pde.ui-v_Eclipse_0_9,org.eclipse.pde.internal.editor.manifest,DetailExtensionPointSection,setFocus,3,1,0
eclipse.pde.ui-v_Eclipse_0_9,org.eclipse.pde.internal.editor.manifest,TableContentProvider,getElements,6,2,1
eclipse.pde.ui-v_Eclipse_0_9,org.eclipse.pde.internal.editor.manifest,TableLabelProvider,getColumnText,7,2,2
eclipse.pde.ui-v_Eclipse_0_9,org.eclipse.pde.internal.editor.manifest,TableLabelProvider,getColumnImage,4,2,2
eclipse.pde.ui-v_Eclipse_0_9,org.eclipse.pde.internal.editor.manifest,DetailExtensionSection,getChildren,9,4,1
eclipse.pde.ui-v_Eclipse_0_9,org.eclipse.pde.internal.editor.manifest,DetailExtensionSection,hasChildren,3,1,1
eclipse.pde.ui-v_Eclipse_0_9,org.eclipse.pde.internal.editor.manifest,DetailExtensionSection,getParent,4,2,1
eclipse.pde.ui-v_Eclipse_0_9,org.eclipse.pde.internal.editor.manifest,DetailExtensionSection,getElements,3,1,1
eclipse.pde.ui-v_Eclipse_0_9,org.eclipse.pde.internal.editor.manifest,DetailExtensionSection,getColumnText,3,1,3
eclipse.pde.ui-v_Eclipse_0_9,org.eclipse.pde.internal.editor.manifest,DetailExtensionSection,getColumnText,6,2,2
eclipse.pde.ui-v_Eclipse_0_9,org.eclipse.pde.internal.editor.manifest,DetailExtensionSection,getColumnImage,6,2,2
eclipse.pde.ui-v_Eclipse_0_9,org.eclipse.pde.internal.editor.manifest,DetailExtensionSection,getColumnImage,3,1,3
eclipse.pde.ui-v_Eclipse_0_9,org.eclipse.pde.internal.editor.manifest,DetailExtensionSection,DetailExtensionSection,6,1,1
eclipse.pde.ui-v_Eclipse_0_9,org.eclipse.pde.internal.editor.manifest,DetailExtensionSection,addItemsForExtensionWithSchema,12,3,3
eclipse.pde.ui-v_Eclipse_0_9,org.eclipse.pde.internal.editor.manifest,DetailExtensionSection,createClient,66,1,2
eclipse.pde.ui-v_Eclipse_0_9,org.eclipse.pde.internal.editor.manifest,DetailExtensionSection,menuAboutToShow,3,1,1
eclipse.pde.ui-v_Eclipse_0_9,org.eclipse.pde.internal.editor.manifest,DetailExtensionSection,selectionChanged,5,1,1
eclipse.pde.ui-v_Eclipse_0_9,org.eclipse.pde.internal.editor.manifest,DetailExtensionSection,widgetSelected,4,1,1
eclipse.pde.ui-v_Eclipse_0_9,org.eclipse.pde.internal.editor.manifest,DetailExtensionSection,dispose,6,1,0
eclipse.pde.ui-v_Eclipse_0_9,org.eclipse.pde.internal.editor.manifest,DetailExtensionSection,doGlobalAction,5,2,1
eclipse.pde.ui-v_Eclipse_0_9,org.eclipse.pde.internal.editor.manifest,DetailExtensionSection,expandTo,3,1,1
eclipse.pde.ui-v_Eclipse_0_9,org.eclipse.pde.internal.editor.manifest,DetailExtensionSection,fillContextMenu,12,3,1
eclipse.pde.ui-v_Eclipse_0_9,org.eclipse.pde.internal.editor.manifest,DetailExtensionSection,fillContextMenu,3,1,3
eclipse.pde.ui-v_Eclipse_0_9,org.eclipse.pde.internal.editor.manifest,DetailExtensionSection,fillContextMenu,3,1,4
eclipse.pde.ui-v_Eclipse_0_9,org.eclipse.pde.internal.editor.manifest,DetailExtensionSection,fillContextMenu,45,7,5
eclipse.pde.ui-v_Eclipse_0_9,org.eclipse.pde.internal.editor.manifest,DetailExtensionSection,run,15,2,0
eclipse.pde.ui-v_Eclipse_0_9,org.eclipse.pde.internal.editor.manifest,DetailExtensionSection,getExtension,6,2,1
eclipse.pde.ui-v_Eclipse_0_9,org.eclipse.pde.internal.editor.manifest,DetailExtensionSection,handleDelete,19,4,0
eclipse.pde.ui-v_Eclipse_0_9,org.eclipse.pde.internal.editor.manifest,DetailExtensionSection,handleNew,14,1,0
eclipse.pde.ui-v_Eclipse_0_9,org.eclipse.pde.internal.editor.manifest,DetailExtensionSection,run,7,1,0
eclipse.pde.ui-v_Eclipse_0_9,org.eclipse.pde.internal.editor.manifest,DetailExtensionSection,initialize,7,1,1
eclipse.pde.ui-v_Eclipse_0_9,org.eclipse.pde.internal.editor.manifest,DetailExtensionSection,initializeImages,4,1,0
eclipse.pde.ui-v_Eclipse_0_9,org.eclipse.pde.internal.editor.manifest,DetailExtensionSection,modelChanged,22,6,1
eclipse.pde.ui-v_Eclipse_0_9,org.eclipse.pde.internal.editor.manifest,DetailExtensionSection,resolveObjectImage,13,4,1
eclipse.pde.ui-v_Eclipse_0_9,org.eclipse.pde.internal.editor.manifest,DetailExtensionSection,resolveObjectName,3,1,1
eclipse.pde.ui-v_Eclipse_0_9,org.eclipse.pde.internal.editor.manifest,DetailExtensionSection,resolveObjectName,25,7,3
eclipse.pde.ui-v_Eclipse_0_9,org.eclipse.pde.internal.editor.manifest,DetailExtensionSection,setFocus,3,2,0
eclipse.pde.ui-v_Eclipse_0_9,org.eclipse.pde.internal.editor.manifest,DetailExtensionSection,stripShortcuts,10,4,1
eclipse.pde.ui-v_Eclipse_0_9,org.eclipse.pde.internal.editor.manifest,ExtensionContentProvider,getChildren,9,4,1
eclipse.pde.ui-v_Eclipse_0_9,org.eclipse.pde.internal.editor.manifest,ExtensionContentProvider,hasChildren,3,1,1
eclipse.pde.ui-v_Eclipse_0_9,org.eclipse.pde.internal.editor.manifest,ExtensionContentProvider,getParent,4,2,1
eclipse.pde.ui-v_Eclipse_0_9,org.eclipse.pde.internal.editor.manifest,ExtensionContentProvider,getElements,3,1,1
eclipse.pde.ui-v_Eclipse_0_9,org.eclipse.pde.internal.editor.manifest,ExtensionLabelProvider,getColumnText,3,1,3
eclipse.pde.ui-v_Eclipse_0_9,org.eclipse.pde.internal.editor.manifest,ExtensionLabelProvider,getColumnText,6,2,2
eclipse.pde.ui-v_Eclipse_0_9,org.eclipse.pde.internal.editor.manifest,ExtensionLabelProvider,getColumnImage,6,2,2
eclipse.pde.ui-v_Eclipse_0_9,org.eclipse.pde.internal.editor.manifest,ExtensionLabelProvider,getColumnImage,3,1,3
eclipse.pde.ui-v_Eclipse_0_9,org.eclipse.pde.internal.editor.manifest,ExportSection,NameFilter,3,1,1
eclipse.pde.ui-v_Eclipse_0_9,org.eclipse.pde.internal.editor.manifest,ExportSection,setName,3,1,1
eclipse.pde.ui-v_Eclipse_0_9,org.eclipse.pde.internal.editor.manifest,ExportSection,getName,3,1,0
eclipse.pde.ui-v_Eclipse_0_9,org.eclipse.pde.internal.editor.manifest,ExportSection,toString,3,1,0
eclipse.pde.ui-v_Eclipse_0_9,org.eclipse.pde.internal.editor.manifest,ExportSection,canModify,3,1,2
eclipse.pde.ui-v_Eclipse_0_9,org.eclipse.pde.internal.editor.manifest,ExportSection,modify,13,1,3
eclipse.pde.ui-v_Eclipse_0_9,org.eclipse.pde.internal.editor.manifest,ExportSection,run,3,1,0
eclipse.pde.ui-v_Eclipse_0_9,org.eclipse.pde.internal.editor.manifest,ExportSection,getValue,3,1,2
eclipse.pde.ui-v_Eclipse_0_9,org.eclipse.pde.internal.editor.manifest,ExportSection,getElements,6,2,1
eclipse.pde.ui-v_Eclipse_0_9,org.eclipse.pde.internal.editor.manifest,ExportSection,getColumnText,3,1,2
eclipse.pde.ui-v_Eclipse_0_9,org.eclipse.pde.internal.editor.manifest,ExportSection,getColumnImage,3,1,2
eclipse.pde.ui-v_Eclipse_0_9,org.eclipse.pde.internal.editor.manifest,ExportSection,ExportSection,5,1,1
eclipse.pde.ui-v_Eclipse_0_9,org.eclipse.pde.internal.editor.manifest,ExportSection,buttonChanged,12,2,1
eclipse.pde.ui-v_Eclipse_0_9,org.eclipse.pde.internal.editor.manifest,ExportSection,commitChanges,21,5,1
eclipse.pde.ui-v_Eclipse_0_9,org.eclipse.pde.internal.editor.manifest,ExportSection,createClient,69,1,2
eclipse.pde.ui-v_Eclipse_0_9,org.eclipse.pde.internal.editor.manifest,ExportSection,widgetSelected,3,1,1
eclipse.pde.ui-v_Eclipse_0_9,org.eclipse.pde.internal.editor.manifest,ExportSection,widgetSelected,3,1,1
eclipse.pde.ui-v_Eclipse_0_9,org.eclipse.pde.internal.editor.manifest,ExportSection,widgetSelected,3,1,1
eclipse.pde.ui-v_Eclipse_0_9,org.eclipse.pde.internal.editor.manifest,ExportSection,widgetSelected,3,1,1
eclipse.pde.ui-v_Eclipse_0_9,org.eclipse.pde.internal.editor.manifest,ExportSection,widgetSelected,3,1,1
eclipse.pde.ui-v_Eclipse_0_9,org.eclipse.pde.internal.editor.manifest,ExportSection,createFilters,13,4,1
eclipse.pde.ui-v_Eclipse_0_9,org.eclipse.pde.internal.editor.manifest,ExportSection,createNameTable,42,3,2
eclipse.pde.ui-v_Eclipse_0_9,org.eclipse.pde.internal.editor.manifest,ExportSection,menuAboutToShow,3,1,1
eclipse.pde.ui-v_Eclipse_0_9,org.eclipse.pde.internal.editor.manifest,ExportSection,selectionChanged,5,2,1
eclipse.pde.ui-v_Eclipse_0_9,org.eclipse.pde.internal.editor.manifest,ExportSection,dispose,4,1,0
eclipse.pde.ui-v_Eclipse_0_9,org.eclipse.pde.internal.editor.manifest,ExportSection,fillContextMenu,3,1,1
eclipse.pde.ui-v_Eclipse_0_9,org.eclipse.pde.internal.editor.manifest,ExportSection,handleAdd,8,1,0
eclipse.pde.ui-v_Eclipse_0_9,org.eclipse.pde.internal.editor.manifest,ExportSection,handleDelete,11,2,0
eclipse.pde.ui-v_Eclipse_0_9,org.eclipse.pde.internal.editor.manifest,ExportSection,initialize,5,1,1
eclipse.pde.ui-v_Eclipse_0_9,org.eclipse.pde.internal.editor.manifest,ExportSection,modelChanged,2,1,1
eclipse.pde.ui-v_Eclipse_0_9,org.eclipse.pde.internal.editor.manifest,ExportSection,sectionChanged,3,1,3
eclipse.pde.ui-v_Eclipse_0_9,org.eclipse.pde.internal.editor.manifest,ExportSection,selectButton,5,1,1
eclipse.pde.ui-v_Eclipse_0_9,org.eclipse.pde.internal.editor.manifest,ExportSection,update,28,5,1
eclipse.pde.ui-v_Eclipse_0_9,org.eclipse.pde.internal.editor.manifest,NameFilter,NameFilter,3,1,1
eclipse.pde.ui-v_Eclipse_0_9,org.eclipse.pde.internal.editor.manifest,NameFilter,setName,3,1,1
eclipse.pde.ui-v_Eclipse_0_9,org.eclipse.pde.internal.editor.manifest,NameFilter,getName,3,1,0
eclipse.pde.ui-v_Eclipse_0_9,org.eclipse.pde.internal.editor.manifest,NameFilter,toString,3,1,0
eclipse.pde.ui-v_Eclipse_0_9,org.eclipse.pde.internal.editor.manifest,NameModifier,canModify,3,1,2
eclipse.pde.ui-v_Eclipse_0_9,org.eclipse.pde.internal.editor.manifest,NameModifier,modify,13,1,3
eclipse.pde.ui-v_Eclipse_0_9,org.eclipse.pde.internal.editor.manifest,NameModifier,run,3,1,0
eclipse.pde.ui-v_Eclipse_0_9,org.eclipse.pde.internal.editor.manifest,NameModifier,getValue,3,1,2
eclipse.pde.ui-v_Eclipse_0_9,org.eclipse.pde.internal.editor.manifest,TableContentProvider,getElements,6,2,1
eclipse.pde.ui-v_Eclipse_0_9,org.eclipse.pde.internal.editor.manifest,TableLabelProvider,getColumnText,3,1,2
eclipse.pde.ui-v_Eclipse_0_9,org.eclipse.pde.internal.editor.manifest,TableLabelProvider,getColumnImage,3,1,2
eclipse.pde.ui-v_Eclipse_0_9,org.eclipse.pde.internal.editor.manifest,ExtensionElementPropertySource,PropertyLabelProvider,4,1,2
eclipse.pde.ui-v_Eclipse_0_9,org.eclipse.pde.internal.editor.manifest,ExtensionElementPropertySource,getText,5,1,1
eclipse.pde.ui-v_Eclipse_0_9,org.eclipse.pde.internal.editor.manifest,ExtensionElementPropertySource,getImage,3,1,1
eclipse.pde.ui-v_Eclipse_0_9,org.eclipse.pde.internal.editor.manifest,ExtensionElementPropertySource,ExtensionElementPropertySource,3,1,1
eclipse.pde.ui-v_Eclipse_0_9,org.eclipse.pde.internal.editor.manifest,ExtensionElementPropertySource,canGenerate,13,6,1
eclipse.pde.ui-v_Eclipse_0_9,org.eclipse.pde.internal.editor.manifest,ExtensionElementPropertySource,createDescription,19,7,1
eclipse.pde.ui-v_Eclipse_0_9,org.eclipse.pde.internal.editor.manifest,ExtensionElementPropertySource,createPropertyDescriptor,24,6,1
eclipse.pde.ui-v_Eclipse_0_9,org.eclipse.pde.internal.editor.manifest,ExtensionElementPropertySource,createPropertyDescriptors,29,5,0
eclipse.pde.ui-v_Eclipse_0_9,org.eclipse.pde.internal.editor.manifest,ExtensionElementPropertySource,createTask,11,1,1
eclipse.pde.ui-v_Eclipse_0_9,org.eclipse.pde.internal.editor.manifest,ExtensionElementPropertySource,getEditableValue,3,1,0
eclipse.pde.ui-v_Eclipse_0_9,org.eclipse.pde.internal.editor.manifest,ExtensionElementPropertySource,getElement,3,1,0
eclipse.pde.ui-v_Eclipse_0_9,org.eclipse.pde.internal.editor.manifest,ExtensionElementPropertySource,getIndexUsingType,18,6,2
eclipse.pde.ui-v_Eclipse_0_9,org.eclipse.pde.internal.editor.manifest,ExtensionElementPropertySource,getPropertyDescriptors,11,4,0
eclipse.pde.ui-v_Eclipse_0_9,org.eclipse.pde.internal.editor.manifest,ExtensionElementPropertySource,getPropertyValue,40,9,1
eclipse.pde.ui-v_Eclipse_0_9,org.eclipse.pde.internal.editor.manifest,ExtensionElementPropertySource,getStringUsingType,14,5,2
eclipse.pde.ui-v_Eclipse_0_9,org.eclipse.pde.internal.editor.manifest,ExtensionElementPropertySource,isAlreadyCreated,11,1,1
eclipse.pde.ui-v_Eclipse_0_9,org.eclipse.pde.internal.editor.manifest,ExtensionElementPropertySource,isOpenable,12,6,1
eclipse.pde.ui-v_Eclipse_0_9,org.eclipse.pde.internal.editor.manifest,ExtensionElementPropertySource,isPropertySet,3,1,1
eclipse.pde.ui-v_Eclipse_0_9,org.eclipse.pde.internal.editor.manifest,ExtensionElementPropertySource,openInEditor,16,6,1
eclipse.pde.ui-v_Eclipse_0_9,org.eclipse.pde.internal.editor.manifest,ExtensionElementPropertySource,openJavaFile,16,2,1
eclipse.pde.ui-v_Eclipse_0_9,org.eclipse.pde.internal.editor.manifest,ExtensionElementPropertySource,openResourceFile,15,2,1
eclipse.pde.ui-v_Eclipse_0_9,org.eclipse.pde.internal.editor.manifest,ExtensionElementPropertySource,resetPropertyValue,2,1,1
eclipse.pde.ui-v_Eclipse_0_9,org.eclipse.pde.internal.editor.manifest,ExtensionElementPropertySource,setElement,3,1,1
eclipse.pde.ui-v_Eclipse_0_9,org.eclipse.pde.internal.editor.manifest,ExtensionElementPropertySource,setPropertyValue,17,3,2
eclipse.pde.ui-v_Eclipse_0_9,org.eclipse.pde.internal.editor.manifest,PropertyLabelProvider,PropertyLabelProvider,4,1,2
eclipse.pde.ui-v_Eclipse_0_9,org.eclipse.pde.internal.editor.manifest,PropertyLabelProvider,getText,5,1,1
eclipse.pde.ui-v_Eclipse_0_9,org.eclipse.pde.internal.editor.manifest,PropertyLabelProvider,getImage,3,1,1
eclipse.pde.ui-v_Eclipse_0_9,org.eclipse.pde.internal.editor.manifest,ExtensionPointForm,ExtensionPointForm,4,1,1
eclipse.pde.ui-v_Eclipse_0_9,org.eclipse.pde.internal.editor.manifest,ExtensionPointForm,createFormClient,19,1,1
eclipse.pde.ui-v_Eclipse_0_9,org.eclipse.pde.internal.editor.manifest,ExtensionPointForm,expandTo,3,1,1
eclipse.pde.ui-v_Eclipse_0_9,org.eclipse.pde.internal.editor.manifest,ExtensionPointForm,initialize,5,1,1
eclipse.pde.ui-v_Eclipse_0_9,org.eclipse.pde.internal.editor.manifest,ExtensionPointPropertySource,PropertyLabelProvider,4,1,2
eclipse.pde.ui-v_Eclipse_0_9,org.eclipse.pde.internal.editor.manifest,ExtensionPointPropertySource,getText,4,1,1
eclipse.pde.ui-v_Eclipse_0_9,org.eclipse.pde.internal.editor.manifest,ExtensionPointPropertySource,getImage,3,1,1
eclipse.pde.ui-v_Eclipse_0_9,org.eclipse.pde.internal.editor.manifest,ExtensionPointPropertySource,ExtensionPointPropertySource,3,1,1
eclipse.pde.ui-v_Eclipse_0_9,org.eclipse.pde.internal.editor.manifest,ExtensionPointPropertySource,getEditableValue,3,1,0
eclipse.pde.ui-v_Eclipse_0_9,org.eclipse.pde.internal.editor.manifest,ExtensionPointPropertySource,getPoint,3,1,0
eclipse.pde.ui-v_Eclipse_0_9,org.eclipse.pde.internal.editor.manifest,ExtensionPointPropertySource,getPropertyDescriptors,13,2,0
eclipse.pde.ui-v_Eclipse_0_9,org.eclipse.pde.internal.editor.manifest,ExtensionPointPropertySource,getPropertyValue,12,4,1
eclipse.pde.ui-v_Eclipse_0_9,org.eclipse.pde.internal.editor.manifest,ExtensionPointPropertySource,isOpenable,7,2,1
eclipse.pde.ui-v_Eclipse_0_9,org.eclipse.pde.internal.editor.manifest,ExtensionPointPropertySource,isPropertySet,3,1,1
eclipse.pde.ui-v_Eclipse_0_9,org.eclipse.pde.internal.editor.manifest,ExtensionPointPropertySource,openInEditor,23,4,1
eclipse.pde.ui-v_Eclipse_0_9,org.eclipse.pde.internal.editor.manifest,ExtensionPointPropertySource,resetPropertyValue,2,1,1
eclipse.pde.ui-v_Eclipse_0_9,org.eclipse.pde.internal.editor.manifest,ExtensionPointPropertySource,setPoint,3,1,1
eclipse.pde.ui-v_Eclipse_0_9,org.eclipse.pde.internal.editor.manifest,ExtensionPointPropertySource,setPropertyValue,19,4,2
eclipse.pde.ui-v_Eclipse_0_9,org.eclipse.pde.internal.editor.manifest,PropertyLabelProvider,PropertyLabelProvider,4,1,2
eclipse.pde.ui-v_Eclipse_0_9,org.eclipse.pde.internal.editor.manifest,PropertyLabelProvider,getText,4,1,1
eclipse.pde.ui-v_Eclipse_0_9,org.eclipse.pde.internal.editor.manifest,PropertyLabelProvider,getImage,3,1,1
eclipse.pde.ui-v_Eclipse_0_9,org.eclipse.pde.internal.editor.manifest,ExtensionPointSection,ExtensionPointSection,7,2,1
eclipse.pde.ui-v_Eclipse_0_9,org.eclipse.pde.internal.editor.manifest,ExtensionPointSection,addExtensionPointLink,8,1,1
eclipse.pde.ui-v_Eclipse_0_9,org.eclipse.pde.internal.editor.manifest,ExtensionPointSection,createClient,37,1,2
eclipse.pde.ui-v_Eclipse_0_9,org.eclipse.pde.internal.editor.manifest,ExtensionPointSection,widgetSelected,3,1,1
eclipse.pde.ui-v_Eclipse_0_9,org.eclipse.pde.internal.editor.manifest,ExtensionPointSection,dispose,5,1,0
eclipse.pde.ui-v_Eclipse_0_9,org.eclipse.pde.internal.editor.manifest,ExtensionPointSection,initialize,6,1,1
eclipse.pde.ui-v_Eclipse_0_9,org.eclipse.pde.internal.editor.manifest,ExtensionPointSection,initializeImages,3,1,0
eclipse.pde.ui-v_Eclipse_0_9,org.eclipse.pde.internal.editor.manifest,ExtensionPointSection,linkActivated,4,1,1
eclipse.pde.ui-v_Eclipse_0_9,org.eclipse.pde.internal.editor.manifest,ExtensionPointSection,linkEntered,7,2,1
eclipse.pde.ui-v_Eclipse_0_9,org.eclipse.pde.internal.editor.manifest,ExtensionPointSection,linkExited,4,2,1
eclipse.pde.ui-v_Eclipse_0_9,org.eclipse.pde.internal.editor.manifest,ExtensionPointSection,modelChanged,10,4,1
eclipse.pde.ui-v_Eclipse_0_9,org.eclipse.pde.internal.editor.manifest,ExtensionPointSection,update,3,2,0
eclipse.pde.ui-v_Eclipse_0_9,org.eclipse.pde.internal.editor.manifest,ExtensionPointSection,update,19,5,1
eclipse.pde.ui-v_Eclipse_0_9,org.eclipse.pde.internal.editor.manifest,ExtensionPropertySource,PropertyLabelProvider,4,1,2
eclipse.pde.ui-v_Eclipse_0_9,org.eclipse.pde.internal.editor.manifest,ExtensionPropertySource,getText,4,1,1
eclipse.pde.ui-v_Eclipse_0_9,org.eclipse.pde.internal.editor.manifest,ExtensionPropertySource,getImage,3,1,1
eclipse.pde.ui-v_Eclipse_0_9,org.eclipse.pde.internal.editor.manifest,ExtensionPropertySource,ExtensionPropertySource,3,1,1
eclipse.pde.ui-v_Eclipse_0_9,org.eclipse.pde.internal.editor.manifest,ExtensionPropertySource,getEditableValue,3,1,0
eclipse.pde.ui-v_Eclipse_0_9,org.eclipse.pde.internal.editor.manifest,ExtensionPropertySource,getExtension,3,1,0
eclipse.pde.ui-v_Eclipse_0_9,org.eclipse.pde.internal.editor.manifest,ExtensionPropertySource,getNonzeroValue,4,2,1
eclipse.pde.ui-v_Eclipse_0_9,org.eclipse.pde.internal.editor.manifest,ExtensionPropertySource,getPropertyDescriptors,13,2,0
eclipse.pde.ui-v_Eclipse_0_9,org.eclipse.pde.internal.editor.manifest,ExtensionPropertySource,getPropertyValue,12,4,1
eclipse.pde.ui-v_Eclipse_0_9,org.eclipse.pde.internal.editor.manifest,ExtensionPropertySource,isPropertySet,3,1,1
eclipse.pde.ui-v_Eclipse_0_9,org.eclipse.pde.internal.editor.manifest,ExtensionPropertySource,resetPropertyValue,2,1,1
eclipse.pde.ui-v_Eclipse_0_9,org.eclipse.pde.internal.editor.manifest,ExtensionPropertySource,setExtension,3,1,1
eclipse.pde.ui-v_Eclipse_0_9,org.eclipse.pde.internal.editor.manifest,ExtensionPropertySource,setPropertyValue,19,5,2
eclipse.pde.ui-v_Eclipse_0_9,org.eclipse.pde.internal.editor.manifest,PropertyLabelProvider,PropertyLabelProvider,4,1,2
eclipse.pde.ui-v_Eclipse_0_9,org.eclipse.pde.internal.editor.manifest,PropertyLabelProvider,getText,4,1,1
eclipse.pde.ui-v_Eclipse_0_9,org.eclipse.pde.internal.editor.manifest,PropertyLabelProvider,getImage,3,1,1
eclipse.pde.ui-v_Eclipse_0_9,org.eclipse.pde.internal.editor.manifest,ExtensionSection,ExtensionSection,7,2,1
eclipse.pde.ui-v_Eclipse_0_9,org.eclipse.pde.internal.editor.manifest,ExtensionSection,addExtensionLink,11,2,1
eclipse.pde.ui-v_Eclipse_0_9,org.eclipse.pde.internal.editor.manifest,ExtensionSection,createClient,35,1,2
eclipse.pde.ui-v_Eclipse_0_9,org.eclipse.pde.internal.editor.manifest,ExtensionSection,widgetSelected,3,1,1
eclipse.pde.ui-v_Eclipse_0_9,org.eclipse.pde.internal.editor.manifest,ExtensionSection,dispose,5,1,0
eclipse.pde.ui-v_Eclipse_0_9,org.eclipse.pde.internal.editor.manifest,ExtensionSection,initialize,6,1,1
eclipse.pde.ui-v_Eclipse_0_9,org.eclipse.pde.internal.editor.manifest,ExtensionSection,initializeImages,3,1,0
eclipse.pde.ui-v_Eclipse_0_9,org.eclipse.pde.internal.editor.manifest,ExtensionSection,linkActivated,4,1,1
eclipse.pde.ui-v_Eclipse_0_9,org.eclipse.pde.internal.editor.manifest,ExtensionSection,linkEntered,6,2,1
eclipse.pde.ui-v_Eclipse_0_9,org.eclipse.pde.internal.editor.manifest,ExtensionSection,linkExited,4,2,1
eclipse.pde.ui-v_Eclipse_0_9,org.eclipse.pde.internal.editor.manifest,ExtensionSection,modelChanged,10,4,1
eclipse.pde.ui-v_Eclipse_0_9,org.eclipse.pde.internal.editor.manifest,ExtensionSection,update,3,2,0
eclipse.pde.ui-v_Eclipse_0_9,org.eclipse.pde.internal.editor.manifest,ExtensionSection,update,19,5,1
eclipse.pde.ui-v_Eclipse_0_9,org.eclipse.pde.internal.editor.manifest,ExtensionsForm,ExtensionsForm,5,1,1
eclipse.pde.ui-v_Eclipse_0_9,org.eclipse.pde.internal.editor.manifest,ExtensionsForm,createFormClient,20,1,1
eclipse.pde.ui-v_Eclipse_0_9,org.eclipse.pde.internal.editor.manifest,ExtensionsForm,expandTo,3,1,1
eclipse.pde.ui-v_Eclipse_0_9,org.eclipse.pde.internal.editor.manifest,ExtensionsForm,initialize,5,1,1
eclipse.pde.ui-v_Eclipse_0_9,org.eclipse.pde.internal.editor.manifest,ExtensionsPropertySheet,updateActionBars,4,1,0
eclipse.pde.ui-v_Eclipse_0_9,org.eclipse.pde.internal.editor.manifest,ExtensionsPropertySheet,setVisible,4,1,1
eclipse.pde.ui-v_Eclipse_0_9,org.eclipse.pde.internal.editor.manifest,ExtensionsPropertySheet,computeSize,11,2,4
eclipse.pde.ui-v_Eclipse_0_9,org.eclipse.pde.internal.editor.manifest,ExtensionsPropertySheet,layout,15,2,2
eclipse.pde.ui-v_Eclipse_0_9,org.eclipse.pde.internal.editor.manifest,ExtensionsPropertySheet,ExtensionsPropertySheet,3,1,1
eclipse.pde.ui-v_Eclipse_0_9,org.eclipse.pde.internal.editor.manifest,ExtensionsPropertySheet,createControl,7,1,1
eclipse.pde.ui-v_Eclipse_0_9,org.eclipse.pde.internal.editor.manifest,ExtensionsPropertySheet,createNewAttField,32,3,1
eclipse.pde.ui-v_Eclipse_0_9,org.eclipse.pde.internal.editor.manifest,ExtensionsPropertySheet,keyReleased,8,3,1
eclipse.pde.ui-v_Eclipse_0_9,org.eclipse.pde.internal.editor.manifest,ExtensionsPropertySheet,handleEvent,4,1,1
eclipse.pde.ui-v_Eclipse_0_9,org.eclipse.pde.internal.editor.manifest,ExtensionsPropertySheet,fillContextMenu,9,2,1
eclipse.pde.ui-v_Eclipse_0_9,org.eclipse.pde.internal.editor.manifest,ExtensionsPropertySheet,fillLocalMenuBar,4,1,1
eclipse.pde.ui-v_Eclipse_0_9,org.eclipse.pde.internal.editor.manifest,ExtensionsPropertySheet,fillLocalToolBar,13,3,1
eclipse.pde.ui-v_Eclipse_0_9,org.eclipse.pde.internal.editor.manifest,ExtensionsPropertySheet,getControl,3,1,0
eclipse.pde.ui-v_Eclipse_0_9,org.eclipse.pde.internal.editor.manifest,ExtensionsPropertySheet,handleAddAttribute,3,1,0
eclipse.pde.ui-v_Eclipse_0_9,org.eclipse.pde.internal.editor.manifest,ExtensionsPropertySheet,handleClone,11,1,0
eclipse.pde.ui-v_Eclipse_0_9,org.eclipse.pde.internal.editor.manifest,ExtensionsPropertySheet,handleEnter,5,1,0
eclipse.pde.ui-v_Eclipse_0_9,org.eclipse.pde.internal.editor.manifest,ExtensionsPropertySheet,handleRemoveAttribute,9,2,0
eclipse.pde.ui-v_Eclipse_0_9,org.eclipse.pde.internal.editor.manifest,ExtensionsPropertySheet,isNewAttVisible,3,1,0
eclipse.pde.ui-v_Eclipse_0_9,org.eclipse.pde.internal.editor.manifest,ExtensionsPropertySheet,isUnknown,3,1,0
eclipse.pde.ui-v_Eclipse_0_9,org.eclipse.pde.internal.editor.manifest,ExtensionsPropertySheet,makeActions,39,1,0
eclipse.pde.ui-v_Eclipse_0_9,org.eclipse.pde.internal.editor.manifest,ExtensionsPropertySheet,run,3,1,0
eclipse.pde.ui-v_Eclipse_0_9,org.eclipse.pde.internal.editor.manifest,ExtensionsPropertySheet,run,3,1,0
eclipse.pde.ui-v_Eclipse_0_9,org.eclipse.pde.internal.editor.manifest,ExtensionsPropertySheet,run,3,1,0
eclipse.pde.ui-v_Eclipse_0_9,org.eclipse.pde.internal.editor.manifest,ExtensionsPropertySheet,makeContributions,24,1,3
eclipse.pde.ui-v_Eclipse_0_9,org.eclipse.pde.internal.editor.manifest,ExtensionsPropertySheet,selectionChanged,4,1,2
eclipse.pde.ui-v_Eclipse_0_9,org.eclipse.pde.internal.editor.manifest,ExtensionsPropertySheet,setNewAttVisible,12,3,1
eclipse.pde.ui-v_Eclipse_0_9,org.eclipse.pde.internal.editor.manifest,ExtensionsPropertySheet,switchBars,6,1,0
eclipse.pde.ui-v_Eclipse_0_9,org.eclipse.pde.internal.editor.manifest,ExtensionsPropertySheet,updateActions,8,2,1
eclipse.pde.ui-v_Eclipse_0_9,org.eclipse.pde.internal.editor.manifest,ExtensionsPropertySheet,updateActionVisibility,10,2,0
eclipse.pde.ui-v_Eclipse_0_9,org.eclipse.pde.internal.editor.manifest,SubActionBars,updateActionBars,4,1,0
eclipse.pde.ui-v_Eclipse_0_9,org.eclipse.pde.internal.editor.manifest,SubActionBars,setVisible,4,1,1
eclipse.pde.ui-v_Eclipse_0_9,org.eclipse.pde.internal.editor.manifest,PropertyLayout,computeSize,11,2,4
eclipse.pde.ui-v_Eclipse_0_9,org.eclipse.pde.internal.editor.manifest,PropertyLayout,layout,15,2,2
eclipse.pde.ui-v_Eclipse_0_9,org.eclipse.pde.internal.editor.manifest,FragmentManifestEditor,FragmentManifestEditor,3,1,0
eclipse.pde.ui-v_Eclipse_0_9,org.eclipse.pde.internal.editor.manifest,FragmentManifestEditor,createPages,10,1,0
eclipse.pde.ui-v_Eclipse_0_9,org.eclipse.pde.internal.editor.manifest,FragmentManifestEditor,isFragmentEditor,3,1,0
eclipse.pde.ui-v_Eclipse_0_9,org.eclipse.pde.internal.editor.manifest,IDependencyGraphNode,getChildren,0,1,1
eclipse.pde.ui-v_Eclipse_0_9,org.eclipse.pde.internal.editor.manifest,IDependencyGraphNode,getHomeNode,0,1,0
eclipse.pde.ui-v_Eclipse_0_9,org.eclipse.pde.internal.editor.manifest,IDependencyGraphNode,getId,0,1,0
eclipse.pde.ui-v_Eclipse_0_9,org.eclipse.pde.internal.editor.manifest,IDependencyGraphNode,getLastChild,0,1,0
eclipse.pde.ui-v_Eclipse_0_9,org.eclipse.pde.internal.editor.manifest,IDependencyGraphNode,getName,0,1,0
eclipse.pde.ui-v_Eclipse_0_9,org.eclipse.pde.internal.editor.manifest,IDependencyGraphNode,getParent,0,1,0
eclipse.pde.ui-v_Eclipse_0_9,org.eclipse.pde.internal.editor.manifest,IDependencyGraphNode,isCyclical,0,1,0
eclipse.pde.ui-v_Eclipse_0_9,org.eclipse.pde.internal.editor.manifest,IDependencyGraphNode,isHomeNode,0,1,0
eclipse.pde.ui-v_Eclipse_0_9,org.eclipse.pde.internal.editor.manifest,IDependencyGraphNode,setLastChild,0,1,1
eclipse.pde.ui-v_Eclipse_0_9,org.eclipse.pde.internal.editor.manifest,IRootNodeListener,rootNodeChanged,0,1,1
eclipse.pde.ui-v_Eclipse_0_9,org.eclipse.pde.internal.editor.manifest,JarsSection,canModify,3,1,2
eclipse.pde.ui-v_Eclipse_0_9,org.eclipse.pde.internal.editor.manifest,JarsSection,modify,21,1,3
eclipse.pde.ui-v_Eclipse_0_9,org.eclipse.pde.internal.editor.manifest,JarsSection,run,3,1,0
eclipse.pde.ui-v_Eclipse_0_9,org.eclipse.pde.internal.editor.manifest,JarsSection,getValue,3,1,2
eclipse.pde.ui-v_Eclipse_0_9,org.eclipse.pde.internal.editor.manifest,JarsSection,getElements,13,3,1
eclipse.pde.ui-v_Eclipse_0_9,org.eclipse.pde.internal.editor.manifest,JarsSection,getColumnText,3,1,2
eclipse.pde.ui-v_Eclipse_0_9,org.eclipse.pde.internal.editor.manifest,JarsSection,getColumnImage,3,1,2
eclipse.pde.ui-v_Eclipse_0_9,org.eclipse.pde.internal.editor.manifest,JarsSection,JarsSection,5,1,1
eclipse.pde.ui-v_Eclipse_0_9,org.eclipse.pde.internal.editor.manifest,JarsSection,createClient,59,1,2
eclipse.pde.ui-v_Eclipse_0_9,org.eclipse.pde.internal.editor.manifest,JarsSection,menuAboutToShow,3,1,1
eclipse.pde.ui-v_Eclipse_0_9,org.eclipse.pde.internal.editor.manifest,JarsSection,selectionChanged,5,1,1
eclipse.pde.ui-v_Eclipse_0_9,org.eclipse.pde.internal.editor.manifest,JarsSection,widgetSelected,3,1,1
eclipse.pde.ui-v_Eclipse_0_9,org.eclipse.pde.internal.editor.manifest,JarsSection,dispose,4,1,0
eclipse.pde.ui-v_Eclipse_0_9,org.eclipse.pde.internal.editor.manifest,JarsSection,doGlobalAction,5,2,1
eclipse.pde.ui-v_Eclipse_0_9,org.eclipse.pde.internal.editor.manifest,JarsSection,fillContextMenu,21,3,1
eclipse.pde.ui-v_Eclipse_0_9,org.eclipse.pde.internal.editor.manifest,JarsSection,run,3,1,0
eclipse.pde.ui-v_Eclipse_0_9,org.eclipse.pde.internal.editor.manifest,JarsSection,run,3,1,0
eclipse.pde.ui-v_Eclipse_0_9,org.eclipse.pde.internal.editor.manifest,JarsSection,handleDelete,20,4,0
eclipse.pde.ui-v_Eclipse_0_9,org.eclipse.pde.internal.editor.manifest,JarsSection,handleNew,29,4,0
eclipse.pde.ui-v_Eclipse_0_9,org.eclipse.pde.internal.editor.manifest,JarsSection,initialize,11,2,1
eclipse.pde.ui-v_Eclipse_0_9,org.eclipse.pde.internal.editor.manifest,JarsSection,initializeImages,5,1,0
eclipse.pde.ui-v_Eclipse_0_9,org.eclipse.pde.internal.editor.manifest,JarsSection,modelChanged,2,1,1
eclipse.pde.ui-v_Eclipse_0_9,org.eclipse.pde.internal.editor.manifest,JarsSection,sectionChanged,4,1,3
eclipse.pde.ui-v_Eclipse_0_9,org.eclipse.pde.internal.editor.manifest,JarsSection,setFocus,3,1,0
eclipse.pde.ui-v_Eclipse_0_9,org.eclipse.pde.internal.editor.manifest,JarsSection,update,5,1,1
eclipse.pde.ui-v_Eclipse_0_9,org.eclipse.pde.internal.editor.manifest,JarsSection,verifyFolderExists,16,3,2
eclipse.pde.ui-v_Eclipse_0_9,org.eclipse.pde.internal.editor.manifest,JarsSection,verifyFolderIsOnBuildPath,23,4,2
eclipse.pde.ui-v_Eclipse_0_9,org.eclipse.pde.internal.editor.manifest,NameModifier,canModify,3,1,2
eclipse.pde.ui-v_Eclipse_0_9,org.eclipse.pde.internal.editor.manifest,NameModifier,modify,21,1,3
eclipse.pde.ui-v_Eclipse_0_9,org.eclipse.pde.internal.editor.manifest,NameModifier,run,3,1,0
eclipse.pde.ui-v_Eclipse_0_9,org.eclipse.pde.internal.editor.manifest,NameModifier,getValue,3,1,2
eclipse.pde.ui-v_Eclipse_0_9,org.eclipse.pde.internal.editor.manifest,TableContentProvider,getElements,13,3,1
eclipse.pde.ui-v_Eclipse_0_9,org.eclipse.pde.internal.editor.manifest,TableLabelProvider,getColumnText,3,1,2
eclipse.pde.ui-v_Eclipse_0_9,org.eclipse.pde.internal.editor.manifest,TableLabelProvider,getColumnImage,3,1,2
eclipse.pde.ui-v_Eclipse_0_9,org.eclipse.pde.internal.editor.manifest,JavaAttributeCellEditor,JavaAttributeCellEditor,3,1,1
eclipse.pde.ui-v_Eclipse_0_9,org.eclipse.pde.internal.editor.manifest,JavaAttributeCellEditor,createContents,6,1,1
eclipse.pde.ui-v_Eclipse_0_9,org.eclipse.pde.internal.editor.manifest,JavaAttributeCellEditor,openDialogBox,15,2,1
eclipse.pde.ui-v_Eclipse_0_9,org.eclipse.pde.internal.editor.manifest,JavaAttributeCellEditor,updateContents,4,2,1
eclipse.pde.ui-v_Eclipse_0_9,org.eclipse.pde.internal.editor.manifest,JavaAttributeDescriptor,JavaAttributeDescriptor,4,1,3
eclipse.pde.ui-v_Eclipse_0_9,org.eclipse.pde.internal.editor.manifest,JavaAttributeDescriptor,createPropertyEditor,4,2,1
eclipse.pde.ui-v_Eclipse_0_9,org.eclipse.pde.internal.editor.manifest,JavaAttributeDescriptor,isCompatibleWith,16,8,1
eclipse.pde.ui-v_Eclipse_0_9,org.eclipse.pde.internal.editor.manifest,JavaAttributeValue,JavaAttributeValue,5,1,4
eclipse.pde.ui-v_Eclipse_0_9,org.eclipse.pde.internal.editor.manifest,JavaAttributeValue,getAttributeInfo,3,1,0
eclipse.pde.ui-v_Eclipse_0_9,org.eclipse.pde.internal.editor.manifest,JavaAttributeValue,getModel,3,1,0
eclipse.pde.ui-v_Eclipse_0_9,org.eclipse.pde.internal.editor.manifest,JavaAttributeValue,getClassName,3,1,0
eclipse.pde.ui-v_Eclipse_0_9,org.eclipse.pde.internal.editor.manifest,JavaAttributeWizard,JavaAttributeWizard,9,1,4
eclipse.pde.ui-v_Eclipse_0_9,org.eclipse.pde.internal.editor.manifest,JavaAttributeWizard,addPages,4,1,0
eclipse.pde.ui-v_Eclipse_0_9,org.eclipse.pde.internal.editor.manifest,JavaAttributeWizard,getValue,3,1,0
eclipse.pde.ui-v_Eclipse_0_9,org.eclipse.pde.internal.editor.manifest,JavaAttributeWizard,performFinish,7,2,0
eclipse.pde.ui-v_Eclipse_0_9,org.eclipse.pde.internal.editor.manifest,JavaAttributeWizardPage,JavaAttributeWizardPage,15,1,4
eclipse.pde.ui-v_Eclipse_0_9,org.eclipse.pde.internal.editor.manifest,JavaAttributeWizardPage,modifyText,3,1,1
eclipse.pde.ui-v_Eclipse_0_9,org.eclipse.pde.internal.editor.manifest,JavaAttributeWizardPage,createControl,41,1,1
eclipse.pde.ui-v_Eclipse_0_9,org.eclipse.pde.internal.editor.manifest,JavaAttributeWizardPage,widgetSelected,5,1,1
eclipse.pde.ui-v_Eclipse_0_9,org.eclipse.pde.internal.editor.manifest,JavaAttributeWizardPage,widgetSelected,5,1,1
eclipse.pde.ui-v_Eclipse_0_9,org.eclipse.pde.internal.editor.manifest,JavaAttributeWizardPage,createGeneratePage,57,2,0
eclipse.pde.ui-v_Eclipse_0_9,org.eclipse.pde.internal.editor.manifest,JavaAttributeWizardPage,widgetSelected,3,1,1
eclipse.pde.ui-v_Eclipse_0_9,org.eclipse.pde.internal.editor.manifest,JavaAttributeWizardPage,widgetSelected,3,1,1
eclipse.pde.ui-v_Eclipse_0_9,org.eclipse.pde.internal.editor.manifest,JavaAttributeWizardPage,computeSourceContainer,21,6,0
eclipse.pde.ui-v_Eclipse_0_9,org.eclipse.pde.internal.editor.manifest,JavaAttributeWizardPage,createSearchPage,25,1,0
eclipse.pde.ui-v_Eclipse_0_9,org.eclipse.pde.internal.editor.manifest,JavaAttributeWizardPage,widgetSelected,3,1,1
eclipse.pde.ui-v_Eclipse_0_9,org.eclipse.pde.internal.editor.manifest,JavaAttributeWizardPage,createTask,11,1,1
eclipse.pde.ui-v_Eclipse_0_9,org.eclipse.pde.internal.editor.manifest,JavaAttributeWizardPage,finish,10,2,0
eclipse.pde.ui-v_Eclipse_0_9,org.eclipse.pde.internal.editor.manifest,JavaAttributeWizardPage,generateClass,31,3,0
eclipse.pde.ui-v_Eclipse_0_9,org.eclipse.pde.internal.editor.manifest,JavaAttributeWizardPage,run,8,1,1
eclipse.pde.ui-v_Eclipse_0_9,org.eclipse.pde.internal.editor.manifest,JavaAttributeWizardPage,generateClass,15,3,3
eclipse.pde.ui-v_Eclipse_0_9,org.eclipse.pde.internal.editor.manifest,JavaAttributeWizardPage,getClassName,3,1,0
eclipse.pde.ui-v_Eclipse_0_9,org.eclipse.pde.internal.editor.manifest,JavaAttributeWizardPage,getSourceFolder,5,1,1
eclipse.pde.ui-v_Eclipse_0_9,org.eclipse.pde.internal.editor.manifest,JavaAttributeWizardPage,handleFindContainer,11,3,1
eclipse.pde.ui-v_Eclipse_0_9,org.eclipse.pde.internal.editor.manifest,JavaAttributeWizardPage,handleFindPackage,17,2,1
eclipse.pde.ui-v_Eclipse_0_9,org.eclipse.pde.internal.editor.manifest,JavaAttributeWizardPage,handleFindType,16,2,1
eclipse.pde.ui-v_Eclipse_0_9,org.eclipse.pde.internal.editor.manifest,JavaAttributeWizardPage,isAlreadyCreated,12,1,1
eclipse.pde.ui-v_Eclipse_0_9,org.eclipse.pde.internal.editor.manifest,JavaAttributeWizardPage,verifyComplete,24,6,0
eclipse.pde.ui-v_Eclipse_0_9,org.eclipse.pde.internal.editor.manifest,LibrarySection,canModify,3,1,2
eclipse.pde.ui-v_Eclipse_0_9,org.eclipse.pde.internal.editor.manifest,LibrarySection,modify,20,2,3
eclipse.pde.ui-v_Eclipse_0_9,org.eclipse.pde.internal.editor.manifest,LibrarySection,run,3,1,0
eclipse.pde.ui-v_Eclipse_0_9,org.eclipse.pde.internal.editor.manifest,LibrarySection,getValue,3,1,2
eclipse.pde.ui-v_Eclipse_0_9,org.eclipse.pde.internal.editor.manifest,LibrarySection,getElements,6,2,1
eclipse.pde.ui-v_Eclipse_0_9,org.eclipse.pde.internal.editor.manifest,LibrarySection,getColumnText,6,2,2
eclipse.pde.ui-v_Eclipse_0_9,org.eclipse.pde.internal.editor.manifest,LibrarySection,getColumnImage,4,2,2
eclipse.pde.ui-v_Eclipse_0_9,org.eclipse.pde.internal.editor.manifest,LibrarySection,LibrarySection,7,2,1
eclipse.pde.ui-v_Eclipse_0_9,org.eclipse.pde.internal.editor.manifest,LibrarySection,createClient,87,2,2
eclipse.pde.ui-v_Eclipse_0_9,org.eclipse.pde.internal.editor.manifest,LibrarySection,menuAboutToShow,3,1,1
eclipse.pde.ui-v_Eclipse_0_9,org.eclipse.pde.internal.editor.manifest,LibrarySection,selectionChanged,6,1,1
eclipse.pde.ui-v_Eclipse_0_9,org.eclipse.pde.internal.editor.manifest,LibrarySection,widgetSelected,3,1,1
eclipse.pde.ui-v_Eclipse_0_9,org.eclipse.pde.internal.editor.manifest,LibrarySection,widgetSelected,3,1,1
eclipse.pde.ui-v_Eclipse_0_9,org.eclipse.pde.internal.editor.manifest,LibrarySection,widgetSelected,3,1,1
eclipse.pde.ui-v_Eclipse_0_9,org.eclipse.pde.internal.editor.manifest,LibrarySection,dispose,5,1,0
eclipse.pde.ui-v_Eclipse_0_9,org.eclipse.pde.internal.editor.manifest,LibrarySection,doGlobalAction,5,2,1
eclipse.pde.ui-v_Eclipse_0_9,org.eclipse.pde.internal.editor.manifest,LibrarySection,expandTo,3,1,1
eclipse.pde.ui-v_Eclipse_0_9,org.eclipse.pde.internal.editor.manifest,LibrarySection,fillContextMenu,22,3,1
eclipse.pde.ui-v_Eclipse_0_9,org.eclipse.pde.internal.editor.manifest,LibrarySection,run,3,1,0
eclipse.pde.ui-v_Eclipse_0_9,org.eclipse.pde.internal.editor.manifest,LibrarySection,run,3,1,0
eclipse.pde.ui-v_Eclipse_0_9,org.eclipse.pde.internal.editor.manifest,LibrarySection,handleDelete,13,2,0
eclipse.pde.ui-v_Eclipse_0_9,org.eclipse.pde.internal.editor.manifest,LibrarySection,handleDown,15,1,0
eclipse.pde.ui-v_Eclipse_0_9,org.eclipse.pde.internal.editor.manifest,LibrarySection,handleNew,11,1,0
eclipse.pde.ui-v_Eclipse_0_9,org.eclipse.pde.internal.editor.manifest,LibrarySection,handleUp,15,1,0
eclipse.pde.ui-v_Eclipse_0_9,org.eclipse.pde.internal.editor.manifest,LibrarySection,initialize,7,1,1
eclipse.pde.ui-v_Eclipse_0_9,org.eclipse.pde.internal.editor.manifest,LibrarySection,initializeImages,3,1,0
eclipse.pde.ui-v_Eclipse_0_9,org.eclipse.pde.internal.editor.manifest,LibrarySection,modelChanged,21,6,1
eclipse.pde.ui-v_Eclipse_0_9,org.eclipse.pde.internal.editor.manifest,LibrarySection,setFocus,3,1,0
eclipse.pde.ui-v_Eclipse_0_9,org.eclipse.pde.internal.editor.manifest,LibrarySection,updateDirectionalButtons,8,1,0
eclipse.pde.ui-v_Eclipse_0_9,org.eclipse.pde.internal.editor.manifest,NameModifier,canModify,3,1,2
eclipse.pde.ui-v_Eclipse_0_9,org.eclipse.pde.internal.editor.manifest,NameModifier,modify,20,2,3
eclipse.pde.ui-v_Eclipse_0_9,org.eclipse.pde.internal.editor.manifest,NameModifier,run,3,1,0
eclipse.pde.ui-v_Eclipse_0_9,org.eclipse.pde.internal.editor.manifest,NameModifier,getValue,3,1,2
eclipse.pde.ui-v_Eclipse_0_9,org.eclipse.pde.internal.editor.manifest,TableContentProvider,getElements,6,2,1
eclipse.pde.ui-v_Eclipse_0_9,org.eclipse.pde.internal.editor.manifest,TableLabelProvider,getColumnText,6,2,2
eclipse.pde.ui-v_Eclipse_0_9,org.eclipse.pde.internal.editor.manifest,TableLabelProvider,getColumnImage,4,2,2
eclipse.pde.ui-v_Eclipse_0_9,org.eclipse.pde.internal.editor.manifest,ManifestDependenciesPage,ManifestDependenciesPage,3,1,2
eclipse.pde.ui-v_Eclipse_0_9,org.eclipse.pde.internal.editor.manifest,ManifestDependenciesPage,createContentOutlinePage,3,1,0
eclipse.pde.ui-v_Eclipse_0_9,org.eclipse.pde.internal.editor.manifest,ManifestDependenciesPage,createForm,3,1,0
eclipse.pde.ui-v_Eclipse_0_9,org.eclipse.pde.internal.editor.manifest,ManifestDependenciesPage,contextMenuAboutToShow,3,1,1
eclipse.pde.ui-v_Eclipse_0_9,org.eclipse.pde.internal.editor.manifest,ManifestEditor,ManifestEditor,3,1,0
eclipse.pde.ui-v_Eclipse_0_9,org.eclipse.pde.internal.editor.manifest,ManifestEditor,checkPlatformHome,7,2,0
eclipse.pde.ui-v_Eclipse_0_9,org.eclipse.pde.internal.editor.manifest,ManifestEditor,createFileSystemModel,28,2,1
eclipse.pde.ui-v_Eclipse_0_9,org.eclipse.pde.internal.editor.manifest,ManifestEditor,createModel,5,3,1
eclipse.pde.ui-v_Eclipse_0_9,org.eclipse.pde.internal.editor.manifest,ManifestEditor,createPages,11,1,0
eclipse.pde.ui-v_Eclipse_0_9,org.eclipse.pde.internal.editor.manifest,ManifestEditor,createResourceModel,36,1,1
eclipse.pde.ui-v_Eclipse_0_9,org.eclipse.pde.internal.editor.manifest,ManifestEditor,dispose,11,2,0
eclipse.pde.ui-v_Eclipse_0_9,org.eclipse.pde.internal.editor.manifest,ManifestEditor,getHomePage,3,1,0
eclipse.pde.ui-v_Eclipse_0_9,org.eclipse.pde.internal.editor.manifest,ManifestEditor,getSourcePageId,3,1,0
eclipse.pde.ui-v_Eclipse_0_9,org.eclipse.pde.internal.editor.manifest,ManifestEditor,getTitle,7,3,0
eclipse.pde.ui-v_Eclipse_0_9,org.eclipse.pde.internal.editor.manifest,ManifestEditor,init,4,1,2
eclipse.pde.ui-v_Eclipse_0_9,org.eclipse.pde.internal.editor.manifest,ManifestEditor,isFragmentEditor,3,1,0
eclipse.pde.ui-v_Eclipse_0_9,org.eclipse.pde.internal.editor.manifest,ManifestEditor,isModelCorrect,3,1,1
eclipse.pde.ui-v_Eclipse_0_9,org.eclipse.pde.internal.editor.manifest,ManifestEditor,isModelDirty,3,1,1
eclipse.pde.ui-v_Eclipse_0_9,org.eclipse.pde.internal.editor.manifest,ManifestEditor,isValidContentType,10,4,1
eclipse.pde.ui-v_Eclipse_0_9,org.eclipse.pde.internal.editor.manifest,ManifestEditor,openExternalPlugin,14,2,1
eclipse.pde.ui-v_Eclipse_0_9,org.eclipse.pde.internal.editor.manifest,ManifestEditor,openPluginEditor,15,3,1
eclipse.pde.ui-v_Eclipse_0_9,org.eclipse.pde.internal.editor.manifest,ManifestEditor,openWorkspacePlugin,10,1,1
eclipse.pde.ui-v_Eclipse_0_9,org.eclipse.pde.internal.editor.manifest,ManifestEditor,updateModel,19,1,0
eclipse.pde.ui-v_Eclipse_0_9,org.eclipse.pde.internal.editor.manifest,ManifestEditor,updateTitle,3,1,0
eclipse.pde.ui-v_Eclipse_0_9,org.eclipse.pde.internal.editor.manifest,ManifestEditorContributor,ManifestEditorContributor,3,1,0
eclipse.pde.ui-v_Eclipse_0_9,org.eclipse.pde.internal.editor.manifest,ManifestExtensionPointPage,ManifestExtensionPointPage,3,1,2
eclipse.pde.ui-v_Eclipse_0_9,org.eclipse.pde.internal.editor.manifest,ManifestExtensionPointPage,createForm,3,1,0
eclipse.pde.ui-v_Eclipse_0_9,org.eclipse.pde.internal.editor.manifest,ManifestExtensionPointPage,createPropertySheetPage,3,1,0
eclipse.pde.ui-v_Eclipse_0_9,org.eclipse.pde.internal.editor.manifest,ManifestExtensionsPage,ManifestExtensionsPage,3,1,2
eclipse.pde.ui-v_Eclipse_0_9,org.eclipse.pde.internal.editor.manifest,ManifestExtensionsPage,createForm,3,1,0
eclipse.pde.ui-v_Eclipse_0_9,org.eclipse.pde.internal.editor.manifest,ManifestExtensionsPage,createPropertySheetPage,3,1,0
eclipse.pde.ui-v_Eclipse_0_9,org.eclipse.pde.internal.editor.manifest,ManifestForm,ManifestForm,4,1,1
eclipse.pde.ui-v_Eclipse_0_9,org.eclipse.pde.internal.editor.manifest,ManifestForm,createFormClient,64,3,1
eclipse.pde.ui-v_Eclipse_0_9,org.eclipse.pde.internal.editor.manifest,ManifestForm,initialize,11,2,1
eclipse.pde.ui-v_Eclipse_0_9,org.eclipse.pde.internal.editor.manifest,ManifestFormOutlinePage,getChildren,16,6,1
eclipse.pde.ui-v_Eclipse_0_9,org.eclipse.pde.internal.editor.manifest,ManifestFormOutlinePage,getParent,3,1,1
eclipse.pde.ui-v_Eclipse_0_9,org.eclipse.pde.internal.editor.manifest,ManifestFormOutlinePage,getText,5,2,1
eclipse.pde.ui-v_Eclipse_0_9,org.eclipse.pde.internal.editor.manifest,ManifestFormOutlinePage,getImage,9,4,1
eclipse.pde.ui-v_Eclipse_0_9,org.eclipse.pde.internal.editor.manifest,ManifestFormOutlinePage,ManifestFormOutlinePage,12,1,1
eclipse.pde.ui-v_Eclipse_0_9,org.eclipse.pde.internal.editor.manifest,ManifestFormOutlinePage,createContentProvider,3,1,0
eclipse.pde.ui-v_Eclipse_0_9,org.eclipse.pde.internal.editor.manifest,ManifestFormOutlinePage,createControl,5,1,1
eclipse.pde.ui-v_Eclipse_0_9,org.eclipse.pde.internal.editor.manifest,ManifestFormOutlinePage,createLabelProvider,3,1,0
eclipse.pde.ui-v_Eclipse_0_9,org.eclipse.pde.internal.editor.manifest,ManifestFormOutlinePage,dispose,14,1,0
eclipse.pde.ui-v_Eclipse_0_9,org.eclipse.pde.internal.editor.manifest,ManifestFormOutlinePage,getObjectImage,15,5,1
eclipse.pde.ui-v_Eclipse_0_9,org.eclipse.pde.internal.editor.manifest,ManifestFormOutlinePage,getObjectLabel,27,8,1
eclipse.pde.ui-v_Eclipse_0_9,org.eclipse.pde.internal.editor.manifest,ManifestFormOutlinePage,getPageImage,18,6,1
eclipse.pde.ui-v_Eclipse_0_9,org.eclipse.pde.internal.editor.manifest,ManifestFormOutlinePage,getParentPage,7,5,1
eclipse.pde.ui-v_Eclipse_0_9,org.eclipse.pde.internal.editor.manifest,ManifestFormOutlinePage,getPlugin,4,1,0
eclipse.pde.ui-v_Eclipse_0_9,org.eclipse.pde.internal.editor.manifest,ManifestFormOutlinePage,modelChanged,21,6,1
eclipse.pde.ui-v_Eclipse_0_9,org.eclipse.pde.internal.editor.manifest,ContentProvider,getChildren,16,6,1
eclipse.pde.ui-v_Eclipse_0_9,org.eclipse.pde.internal.editor.manifest,ContentProvider,getParent,3,1,1
eclipse.pde.ui-v_Eclipse_0_9,org.eclipse.pde.internal.editor.manifest,OutlineLabelProvider,getText,5,2,1
eclipse.pde.ui-v_Eclipse_0_9,org.eclipse.pde.internal.editor.manifest,OutlineLabelProvider,getImage,9,4,1
eclipse.pde.ui-v_Eclipse_0_9,org.eclipse.pde.internal.editor.manifest,ManifestFormPage,ManifestFormPage,3,1,2
eclipse.pde.ui-v_Eclipse_0_9,org.eclipse.pde.internal.editor.manifest,ManifestFormPage,commitAllPages,2,1,0
eclipse.pde.ui-v_Eclipse_0_9,org.eclipse.pde.internal.editor.manifest,ManifestFormPage,createContentOutlinePage,3,1,0
eclipse.pde.ui-v_Eclipse_0_9,org.eclipse.pde.internal.editor.manifest,ManifestFormPage,createForm,3,1,0
eclipse.pde.ui-v_Eclipse_0_9,org.eclipse.pde.internal.editor.manifest,ManifestPropertySheet,ManifestPropertySheet,4,1,1
eclipse.pde.ui-v_Eclipse_0_9,org.eclipse.pde.internal.editor.manifest,ManifestPropertySheet,createControl,24,2,1
eclipse.pde.ui-v_Eclipse_0_9,org.eclipse.pde.internal.editor.manifest,ManifestPropertySheet,widgetSelected,6,2,1
eclipse.pde.ui-v_Eclipse_0_9,org.eclipse.pde.internal.editor.manifest,ManifestPropertySheet,menuAboutToShow,3,1,1
eclipse.pde.ui-v_Eclipse_0_9,org.eclipse.pde.internal.editor.manifest,ManifestPropertySheet,disableActions,3,1,0
eclipse.pde.ui-v_Eclipse_0_9,org.eclipse.pde.internal.editor.manifest,ManifestPropertySheet,doFillLocalMenuBar,4,1,1
eclipse.pde.ui-v_Eclipse_0_9,org.eclipse.pde.internal.editor.manifest,ManifestPropertySheet,doFillLocalToolBar,4,1,1
eclipse.pde.ui-v_Eclipse_0_9,org.eclipse.pde.internal.editor.manifest,ManifestPropertySheet,fillContextMenu,3,2,1
eclipse.pde.ui-v_Eclipse_0_9,org.eclipse.pde.internal.editor.manifest,ManifestPropertySheet,fillLocalMenuBar,3,1,1
eclipse.pde.ui-v_Eclipse_0_9,org.eclipse.pde.internal.editor.manifest,ManifestPropertySheet,fillLocalToolBar,3,1,1
eclipse.pde.ui-v_Eclipse_0_9,org.eclipse.pde.internal.editor.manifest,ManifestPropertySheet,getControl,3,1,0
eclipse.pde.ui-v_Eclipse_0_9,org.eclipse.pde.internal.editor.manifest,ManifestPropertySheet,getSelectedEntry,6,2,0
eclipse.pde.ui-v_Eclipse_0_9,org.eclipse.pde.internal.editor.manifest,ManifestPropertySheet,handleOpen,15,5,0
eclipse.pde.ui-v_Eclipse_0_9,org.eclipse.pde.internal.editor.manifest,ManifestPropertySheet,isCompatible,7,5,2
eclipse.pde.ui-v_Eclipse_0_9,org.eclipse.pde.internal.editor.manifest,ManifestPropertySheet,isEditable,3,1,0
eclipse.pde.ui-v_Eclipse_0_9,org.eclipse.pde.internal.editor.manifest,ManifestPropertySheet,makeActions,14,1,0
eclipse.pde.ui-v_Eclipse_0_9,org.eclipse.pde.internal.editor.manifest,ManifestPropertySheet,run,3,1,0
eclipse.pde.ui-v_Eclipse_0_9,org.eclipse.pde.internal.editor.manifest,ManifestPropertySheet,makeContributions,5,1,3
eclipse.pde.ui-v_Eclipse_0_9,org.eclipse.pde.internal.editor.manifest,ManifestPropertySheet,refreshInput,3,1,0
eclipse.pde.ui-v_Eclipse_0_9,org.eclipse.pde.internal.editor.manifest,ManifestPropertySheet,selectionChanged,18,4,2
eclipse.pde.ui-v_Eclipse_0_9,org.eclipse.pde.internal.editor.manifest,ManifestPropertySheet,superMakeContributions,3,1,3
eclipse.pde.ui-v_Eclipse_0_9,org.eclipse.pde.internal.editor.manifest,ManifestPropertySheet,switchBars,2,1,0
eclipse.pde.ui-v_Eclipse_0_9,org.eclipse.pde.internal.editor.manifest,ManifestPropertySheet,updateActions,5,2,1
eclipse.pde.ui-v_Eclipse_0_9,org.eclipse.pde.internal.editor.manifest,ManifestPropertySource,ManifestPropertySource,3,1,1
eclipse.pde.ui-v_Eclipse_0_9,org.eclipse.pde.internal.editor.manifest,ManifestPropertySource,createTextPropertyDescriptor,4,2,2
eclipse.pde.ui-v_Eclipse_0_9,org.eclipse.pde.internal.editor.manifest,ManifestPropertySource,getJavaProject,4,1,0
eclipse.pde.ui-v_Eclipse_0_9,org.eclipse.pde.internal.editor.manifest,ManifestPropertySource,getProject,8,2,0
eclipse.pde.ui-v_Eclipse_0_9,org.eclipse.pde.internal.editor.manifest,ManifestPropertySource,isEditable,3,1,0
eclipse.pde.ui-v_Eclipse_0_9,org.eclipse.pde.internal.editor.manifest,ManifestPropertySource,toDescriptorArray,5,1,1
eclipse.pde.ui-v_Eclipse_0_9,org.eclipse.pde.internal.editor.manifest,ManifestRuntimePage,ManifestRuntimePage,3,1,2
eclipse.pde.ui-v_Eclipse_0_9,org.eclipse.pde.internal.editor.manifest,ManifestRuntimePage,createForm,3,1,0
eclipse.pde.ui-v_Eclipse_0_9,org.eclipse.pde.internal.editor.manifest,ManifestSourceOutlinePage,getElements,3,1,1
eclipse.pde.ui-v_Eclipse_0_9,org.eclipse.pde.internal.editor.manifest,ManifestSourceOutlinePage,getChildren,3,1,1
eclipse.pde.ui-v_Eclipse_0_9,org.eclipse.pde.internal.editor.manifest,ManifestSourceOutlinePage,hasChildren,3,1,1
eclipse.pde.ui-v_Eclipse_0_9,org.eclipse.pde.internal.editor.manifest,ManifestSourceOutlinePage,getParent,3,1,1
eclipse.pde.ui-v_Eclipse_0_9,org.eclipse.pde.internal.editor.manifest,ManifestSourceOutlinePage,ManifestSourceOutlinePage,5,1,3
eclipse.pde.ui-v_Eclipse_0_9,org.eclipse.pde.internal.editor.manifest,ManifestSourceOutlinePage,createControl,7,1,1
eclipse.pde.ui-v_Eclipse_0_9,org.eclipse.pde.internal.editor.manifest,ManifestSourceOutlinePage,getControl,4,2,0
eclipse.pde.ui-v_Eclipse_0_9,org.eclipse.pde.internal.editor.manifest,ManifestSourceOutlinePage,selectionChanged,3,1,1
eclipse.pde.ui-v_Eclipse_0_9,org.eclipse.pde.internal.editor.manifest,ContentProvider,getElements,3,1,1
eclipse.pde.ui-v_Eclipse_0_9,org.eclipse.pde.internal.editor.manifest,ContentProvider,getChildren,3,1,1
eclipse.pde.ui-v_Eclipse_0_9,org.eclipse.pde.internal.editor.manifest,ContentProvider,hasChildren,3,1,1
eclipse.pde.ui-v_Eclipse_0_9,org.eclipse.pde.internal.editor.manifest,ContentProvider,getParent,3,1,1
eclipse.pde.ui-v_Eclipse_0_9,org.eclipse.pde.internal.editor.manifest,ManifestSourcePage,ManifestSourcePage,4,1,1
eclipse.pde.ui-v_Eclipse_0_9,org.eclipse.pde.internal.editor.manifest,ManifestSourcePage,createContentOutlinePage,3,1,0
eclipse.pde.ui-v_Eclipse_0_9,org.eclipse.pde.internal.editor.manifest,ManifestSourcePage,dispose,4,1,0
eclipse.pde.ui-v_Eclipse_0_9,org.eclipse.pde.internal.editor.manifest,ManifestSourcePage,editorContextMenuAboutToShow,5,1,1
eclipse.pde.ui-v_Eclipse_0_9,org.eclipse.pde.internal.editor.manifest,NewElementAction,NewElementAction,10,2,2
eclipse.pde.ui-v_Eclipse_0_9,org.eclipse.pde.internal.editor.manifest,NewElementAction,createDefaultClassName,20,4,2
eclipse.pde.ui-v_Eclipse_0_9,org.eclipse.pde.internal.editor.manifest,NewElementAction,createDefaultName,4,1,2
eclipse.pde.ui-v_Eclipse_0_9,org.eclipse.pde.internal.editor.manifest,NewElementAction,getCounterKey,3,1,1
eclipse.pde.ui-v_Eclipse_0_9,org.eclipse.pde.internal.editor.manifest,NewElementAction,getElementName,3,1,0
eclipse.pde.ui-v_Eclipse_0_9,org.eclipse.pde.internal.editor.manifest,NewElementAction,initializeRequiredAttribute,6,2,3
eclipse.pde.ui-v_Eclipse_0_9,org.eclipse.pde.internal.editor.manifest,NewElementAction,initializeRequiredAttributes,17,5,1
eclipse.pde.ui-v_Eclipse_0_9,org.eclipse.pde.internal.editor.manifest,NewElementAction,run,11,1,0
eclipse.pde.ui-v_Eclipse_0_9,org.eclipse.pde.internal.editor.manifest,NullMenuManager,add,2,1,1
eclipse.pde.ui-v_Eclipse_0_9,org.eclipse.pde.internal.editor.manifest,NullMenuManager,add,2,1,1
eclipse.pde.ui-v_Eclipse_0_9,org.eclipse.pde.internal.editor.manifest,NullMenuManager,addMenuListener,2,1,1
eclipse.pde.ui-v_Eclipse_0_9,org.eclipse.pde.internal.editor.manifest,NullMenuManager,appendToGroup,2,1,2
eclipse.pde.ui-v_Eclipse_0_9,org.eclipse.pde.internal.editor.manifest,NullMenuManager,appendToGroup,2,1,2
eclipse.pde.ui-v_Eclipse_0_9,org.eclipse.pde.internal.editor.manifest,NullMenuManager,fill,2,1,1
eclipse.pde.ui-v_Eclipse_0_9,org.eclipse.pde.internal.editor.manifest,NullMenuManager,fill,2,1,2
eclipse.pde.ui-v_Eclipse_0_9,org.eclipse.pde.internal.editor.manifest,NullMenuManager,fill,2,1,2
eclipse.pde.ui-v_Eclipse_0_9,org.eclipse.pde.internal.editor.manifest,NullMenuManager,find,3,1,1
eclipse.pde.ui-v_Eclipse_0_9,org.eclipse.pde.internal.editor.manifest,NullMenuManager,findMenuUsingPath,3,1,1
eclipse.pde.ui-v_Eclipse_0_9,org.eclipse.pde.internal.editor.manifest,NullMenuManager,findUsingPath,3,1,1
eclipse.pde.ui-v_Eclipse_0_9,org.eclipse.pde.internal.editor.manifest,NullMenuManager,getId,3,1,0
eclipse.pde.ui-v_Eclipse_0_9,org.eclipse.pde.internal.editor.manifest,NullMenuManager,getItems,3,1,0
eclipse.pde.ui-v_Eclipse_0_9,org.eclipse.pde.internal.editor.manifest,NullMenuManager,getRemoveAllWhenShown,3,1,0
eclipse.pde.ui-v_Eclipse_0_9,org.eclipse.pde.internal.editor.manifest,NullMenuManager,insertAfter,2,1,2
eclipse.pde.ui-v_Eclipse_0_9,org.eclipse.pde.internal.editor.manifest,NullMenuManager,insertAfter,2,1,2
eclipse.pde.ui-v_Eclipse_0_9,org.eclipse.pde.internal.editor.manifest,NullMenuManager,insertBefore,2,1,2
eclipse.pde.ui-v_Eclipse_0_9,org.eclipse.pde.internal.editor.manifest,NullMenuManager,insertBefore,2,1,2
eclipse.pde.ui-v_Eclipse_0_9,org.eclipse.pde.internal.editor.manifest,NullMenuManager,isDirty,3,1,0
eclipse.pde.ui-v_Eclipse_0_9,org.eclipse.pde.internal.editor.manifest,NullMenuManager,isDynamic,3,1,0
eclipse.pde.ui-v_Eclipse_0_9,org.eclipse.pde.internal.editor.manifest,NullMenuManager,isEmpty,3,1,0
eclipse.pde.ui-v_Eclipse_0_9,org.eclipse.pde.internal.editor.manifest,NullMenuManager,isEnabled,3,1,0
eclipse.pde.ui-v_Eclipse_0_9,org.eclipse.pde.internal.editor.manifest,NullMenuManager,isGroupMarker,3,1,0
eclipse.pde.ui-v_Eclipse_0_9,org.eclipse.pde.internal.editor.manifest,NullMenuManager,isSeparator,3,1,0
eclipse.pde.ui-v_Eclipse_0_9,org.eclipse.pde.internal.editor.manifest,NullMenuManager,isVisible,3,1,0
eclipse.pde.ui-v_Eclipse_0_9,org.eclipse.pde.internal.editor.manifest,NullMenuManager,markDirty,2,1,0
eclipse.pde.ui-v_Eclipse_0_9,org.eclipse.pde.internal.editor.manifest,NullMenuManager,prependToGroup,2,1,2
eclipse.pde.ui-v_Eclipse_0_9,org.eclipse.pde.internal.editor.manifest,NullMenuManager,prependToGroup,2,1,2
eclipse.pde.ui-v_Eclipse_0_9,org.eclipse.pde.internal.editor.manifest,NullMenuManager,remove,3,1,1
eclipse.pde.ui-v_Eclipse_0_9,org.eclipse.pde.internal.editor.manifest,NullMenuManager,remove,3,1,1
eclipse.pde.ui-v_Eclipse_0_9,org.eclipse.pde.internal.editor.manifest,NullMenuManager,removeAll,2,1,0
eclipse.pde.ui-v_Eclipse_0_9,org.eclipse.pde.internal.editor.manifest,NullMenuManager,removeMenuListener,2,1,1
eclipse.pde.ui-v_Eclipse_0_9,org.eclipse.pde.internal.editor.manifest,NullMenuManager,setRemoveAllWhenShown,2,1,1
eclipse.pde.ui-v_Eclipse_0_9,org.eclipse.pde.internal.editor.manifest,NullMenuManager,setVisible,2,1,1
eclipse.pde.ui-v_Eclipse_0_9,org.eclipse.pde.internal.editor.manifest,NullMenuManager,update,2,1,0
eclipse.pde.ui-v_Eclipse_0_9,org.eclipse.pde.internal.editor.manifest,NullMenuManager,update,2,1,1
eclipse.pde.ui-v_Eclipse_0_9,org.eclipse.pde.internal.editor.manifest,NullMenuManager,updateAll,2,1,1
eclipse.pde.ui-v_Eclipse_0_9,org.eclipse.pde.internal.editor.manifest,NullToolBarManager,add,2,1,1
eclipse.pde.ui-v_Eclipse_0_9,org.eclipse.pde.internal.editor.manifest,NullToolBarManager,add,2,1,1
eclipse.pde.ui-v_Eclipse_0_9,org.eclipse.pde.internal.editor.manifest,NullToolBarManager,appendToGroup,2,1,2
eclipse.pde.ui-v_Eclipse_0_9,org.eclipse.pde.internal.editor.manifest,NullToolBarManager,appendToGroup,2,1,2
eclipse.pde.ui-v_Eclipse_0_9,org.eclipse.pde.internal.editor.manifest,NullToolBarManager,find,3,1,1
eclipse.pde.ui-v_Eclipse_0_9,org.eclipse.pde.internal.editor.manifest,NullToolBarManager,getItems,3,1,0
eclipse.pde.ui-v_Eclipse_0_9,org.eclipse.pde.internal.editor.manifest,NullToolBarManager,insertAfter,2,1,2
eclipse.pde.ui-v_Eclipse_0_9,org.eclipse.pde.internal.editor.manifest,NullToolBarManager,insertAfter,2,1,2
eclipse.pde.ui-v_Eclipse_0_9,org.eclipse.pde.internal.editor.manifest,NullToolBarManager,insertBefore,2,1,2
eclipse.pde.ui-v_Eclipse_0_9,org.eclipse.pde.internal.editor.manifest,NullToolBarManager,insertBefore,2,1,2
eclipse.pde.ui-v_Eclipse_0_9,org.eclipse.pde.internal.editor.manifest,NullToolBarManager,isDirty,3,1,0
eclipse.pde.ui-v_Eclipse_0_9,org.eclipse.pde.internal.editor.manifest,NullToolBarManager,isEmpty,3,1,0
eclipse.pde.ui-v_Eclipse_0_9,org.eclipse.pde.internal.editor.manifest,NullToolBarManager,markDirty,2,1,0
eclipse.pde.ui-v_Eclipse_0_9,org.eclipse.pde.internal.editor.manifest,NullToolBarManager,prependToGroup,2,1,2
eclipse.pde.ui-v_Eclipse_0_9,org.eclipse.pde.internal.editor.manifest,NullToolBarManager,prependToGroup,2,1,2
eclipse.pde.ui-v_Eclipse_0_9,org.eclipse.pde.internal.editor.manifest,NullToolBarManager,remove,3,1,1
eclipse.pde.ui-v_Eclipse_0_9,org.eclipse.pde.internal.editor.manifest,NullToolBarManager,remove,3,1,1
eclipse.pde.ui-v_Eclipse_0_9,org.eclipse.pde.internal.editor.manifest,NullToolBarManager,removeAll,2,1,0
eclipse.pde.ui-v_Eclipse_0_9,org.eclipse.pde.internal.editor.manifest,NullToolBarManager,update,2,1,1
eclipse.pde.ui-v_Eclipse_0_9,org.eclipse.pde.internal.editor.manifest,PluginAdapterFactory,createCustomPropertySource,6,1,2
eclipse.pde.ui-v_Eclipse_0_9,org.eclipse.pde.internal.editor.manifest,PluginAdapterFactory,getAdapter,4,2,2
eclipse.pde.ui-v_Eclipse_0_9,org.eclipse.pde.internal.editor.manifest,PluginAdapterFactory,getAdapterList,3,1,0
eclipse.pde.ui-v_Eclipse_0_9,org.eclipse.pde.internal.editor.manifest,PluginAdapterFactory,getElementTable,3,1,1
eclipse.pde.ui-v_Eclipse_0_9,org.eclipse.pde.internal.editor.manifest,PluginAdapterFactory,getExtensionElementProperties,16,3,1
eclipse.pde.ui-v_Eclipse_0_9,org.eclipse.pde.internal.editor.manifest,PluginAdapterFactory,getExtensionPointProperties,17,4,1
eclipse.pde.ui-v_Eclipse_0_9,org.eclipse.pde.internal.editor.manifest,PluginAdapterFactory,getExtensionProperties,13,4,1
eclipse.pde.ui-v_Eclipse_0_9,org.eclipse.pde.internal.editor.manifest,PluginAdapterFactory,getProperties,6,4,1
eclipse.pde.ui-v_Eclipse_0_9,org.eclipse.pde.internal.editor.manifest,PluginListSection,PluginListSection,5,1,1
eclipse.pde.ui-v_Eclipse_0_9,org.eclipse.pde.internal.editor.manifest,PluginListSection,addExternalPlugins,42,7,1
eclipse.pde.ui-v_Eclipse_0_9,org.eclipse.pde.internal.editor.manifest,PluginListSection,linkActivated,3,1,1
eclipse.pde.ui-v_Eclipse_0_9,org.eclipse.pde.internal.editor.manifest,PluginListSection,widgetSelected,5,1,1
eclipse.pde.ui-v_Eclipse_0_9,org.eclipse.pde.internal.editor.manifest,PluginListSection,addUnresolvedPlugins,47,5,1
eclipse.pde.ui-v_Eclipse_0_9,org.eclipse.pde.internal.editor.manifest,PluginListSection,linkActivated,3,1,1
eclipse.pde.ui-v_Eclipse_0_9,org.eclipse.pde.internal.editor.manifest,PluginListSection,widgetSelected,8,1,1
eclipse.pde.ui-v_Eclipse_0_9,org.eclipse.pde.internal.editor.manifest,PluginListSection,addWorkspacePlugins,31,6,2
eclipse.pde.ui-v_Eclipse_0_9,org.eclipse.pde.internal.editor.manifest,PluginListSection,widgetSelected,5,1,1
eclipse.pde.ui-v_Eclipse_0_9,org.eclipse.pde.internal.editor.manifest,PluginListSection,commitChanges,7,3,1
eclipse.pde.ui-v_Eclipse_0_9,org.eclipse.pde.internal.editor.manifest,PluginListSection,createClient,16,1,2
eclipse.pde.ui-v_Eclipse_0_9,org.eclipse.pde.internal.editor.manifest,PluginListSection,createHeader,3,1,2
eclipse.pde.ui-v_Eclipse_0_9,org.eclipse.pde.internal.editor.manifest,PluginListSection,createHeader,19,2,3
eclipse.pde.ui-v_Eclipse_0_9,org.eclipse.pde.internal.editor.manifest,PluginListSection,dispose,6,1,0
eclipse.pde.ui-v_Eclipse_0_9,org.eclipse.pde.internal.editor.manifest,PluginListSection,getSelectedPlugins,14,4,0
eclipse.pde.ui-v_Eclipse_0_9,org.eclipse.pde.internal.editor.manifest,PluginListSection,hasExternalPlugins,3,1,0
eclipse.pde.ui-v_Eclipse_0_9,org.eclipse.pde.internal.editor.manifest,PluginListSection,initialize,9,1,1
eclipse.pde.ui-v_Eclipse_0_9,org.eclipse.pde.internal.editor.manifest,PluginListSection,matches,7,3,2
eclipse.pde.ui-v_Eclipse_0_9,org.eclipse.pde.internal.editor.manifest,PluginListSection,modelChanged,3,2,1
eclipse.pde.ui-v_Eclipse_0_9,org.eclipse.pde.internal.editor.manifest,PluginListSection,modelsChanged,18,4,1
eclipse.pde.ui-v_Eclipse_0_9,org.eclipse.pde.internal.editor.manifest,PluginListSection,run,3,1,0
eclipse.pde.ui-v_Eclipse_0_9,org.eclipse.pde.internal.editor.manifest,PluginListSection,openExternalPluginsDialog,7,1,0
eclipse.pde.ui-v_Eclipse_0_9,org.eclipse.pde.internal.editor.manifest,PluginListSection,setFocus,6,3,0
eclipse.pde.ui-v_Eclipse_0_9,org.eclipse.pde.internal.editor.manifest,PluginListSection,update,9,3,0
eclipse.pde.ui-v_Eclipse_0_9,org.eclipse.pde.internal.editor.manifest,PluginListSection,update,24,4,1
eclipse.pde.ui-v_Eclipse_0_9,org.eclipse.pde.internal.editor.manifest,PluginListSection,run,4,1,0
eclipse.pde.ui-v_Eclipse_0_9,org.eclipse.pde.internal.editor.manifest,PluginListSection,updateBuildPath,3,1,0
eclipse.pde.ui-v_Eclipse_0_9,org.eclipse.pde.internal.editor.manifest,PluginListSection,updateModel,28,7,2
eclipse.pde.ui-v_Eclipse_0_9,org.eclipse.pde.internal.editor.manifest,PluginListSection,updateModel,12,3,2
eclipse.pde.ui-v_Eclipse_0_9,org.eclipse.pde.internal.editor.manifest,PluginListSection,fillContextMenu,13,1,1
eclipse.pde.ui-v_Eclipse_0_9,org.eclipse.pde.internal.editor.manifest,PluginListSection,run,4,1,0
eclipse.pde.ui-v_Eclipse_0_9,org.eclipse.pde.internal.editor.manifest,PluginListSection,computeBuildPath,31,2,2
eclipse.pde.ui-v_Eclipse_0_9,org.eclipse.pde.internal.editor.manifest,PluginListSection,run,16,2,1
eclipse.pde.ui-v_Eclipse_0_9,org.eclipse.pde.internal.editor.manifest,PluginSpecSection,PluginSpecSection,8,2,1
eclipse.pde.ui-v_Eclipse_0_9,org.eclipse.pde.internal.editor.manifest,PluginSpecSection,commitChanges,12,2,1
eclipse.pde.ui-v_Eclipse_0_9,org.eclipse.pde.internal.editor.manifest,PluginSpecSection,createClient,149,4,2
eclipse.pde.ui-v_Eclipse_0_9,org.eclipse.pde.internal.editor.manifest,PluginSpecSection,textValueChanged,15,2,1
eclipse.pde.ui-v_Eclipse_0_9,org.eclipse.pde.internal.editor.manifest,PluginSpecSection,textDirty,3,1,1
eclipse.pde.ui-v_Eclipse_0_9,org.eclipse.pde.internal.editor.manifest,PluginSpecSection,textValueChanged,16,1,1
eclipse.pde.ui-v_Eclipse_0_9,org.eclipse.pde.internal.editor.manifest,PluginSpecSection,textDirty,3,1,1
eclipse.pde.ui-v_Eclipse_0_9,org.eclipse.pde.internal.editor.manifest,PluginSpecSection,textValueChanged,8,1,1
eclipse.pde.ui-v_Eclipse_0_9,org.eclipse.pde.internal.editor.manifest,PluginSpecSection,textDirty,3,1,1
eclipse.pde.ui-v_Eclipse_0_9,org.eclipse.pde.internal.editor.manifest,PluginSpecSection,linkActivated,3,1,1
eclipse.pde.ui-v_Eclipse_0_9,org.eclipse.pde.internal.editor.manifest,PluginSpecSection,textValueChanged,8,1,1
eclipse.pde.ui-v_Eclipse_0_9,org.eclipse.pde.internal.editor.manifest,PluginSpecSection,textDirty,3,1,1
eclipse.pde.ui-v_Eclipse_0_9,org.eclipse.pde.internal.editor.manifest,PluginSpecSection,textValueChanged,8,1,1
eclipse.pde.ui-v_Eclipse_0_9,org.eclipse.pde.internal.editor.manifest,PluginSpecSection,textDirty,3,1,1
eclipse.pde.ui-v_Eclipse_0_9,org.eclipse.pde.internal.editor.manifest,PluginSpecSection,linkActivated,3,1,1
eclipse.pde.ui-v_Eclipse_0_9,org.eclipse.pde.internal.editor.manifest,PluginSpecSection,textValueChanged,8,1,1
eclipse.pde.ui-v_Eclipse_0_9,org.eclipse.pde.internal.editor.manifest,PluginSpecSection,textDirty,3,1,1
eclipse.pde.ui-v_Eclipse_0_9,org.eclipse.pde.internal.editor.manifest,PluginSpecSection,forceDirty,9,2,0
eclipse.pde.ui-v_Eclipse_0_9,org.eclipse.pde.internal.editor.manifest,PluginSpecSection,dispose,4,1,0
eclipse.pde.ui-v_Eclipse_0_9,org.eclipse.pde.internal.editor.manifest,PluginSpecSection,handleOpen,23,3,0
eclipse.pde.ui-v_Eclipse_0_9,org.eclipse.pde.internal.editor.manifest,PluginSpecSection,handleOpenPlugin,6,2,0
eclipse.pde.ui-v_Eclipse_0_9,org.eclipse.pde.internal.editor.manifest,PluginSpecSection,initialize,17,3,1
eclipse.pde.ui-v_Eclipse_0_9,org.eclipse.pde.internal.editor.manifest,PluginSpecSection,isDirty,9,2,0
eclipse.pde.ui-v_Eclipse_0_9,org.eclipse.pde.internal.editor.manifest,PluginSpecSection,isFragment,3,1,0
eclipse.pde.ui-v_Eclipse_0_9,org.eclipse.pde.internal.editor.manifest,PluginSpecSection,modelChanged,5,2,1
eclipse.pde.ui-v_Eclipse_0_9,org.eclipse.pde.internal.editor.manifest,PluginSpecSection,setFocus,3,2,0
eclipse.pde.ui-v_Eclipse_0_9,org.eclipse.pde.internal.editor.manifest,PluginSpecSection,setFragment,3,1,1
eclipse.pde.ui-v_Eclipse_0_9,org.eclipse.pde.internal.editor.manifest,PluginSpecSection,setIfDefined,5,2,2
eclipse.pde.ui-v_Eclipse_0_9,org.eclipse.pde.internal.editor.manifest,PluginSpecSection,setIfDefined,3,2,2
eclipse.pde.ui-v_Eclipse_0_9,org.eclipse.pde.internal.editor.manifest,PluginSpecSection,update,5,2,0
eclipse.pde.ui-v_Eclipse_0_9,org.eclipse.pde.internal.editor.manifest,PluginSpecSection,update,19,2,1
eclipse.pde.ui-v_Eclipse_0_9,org.eclipse.pde.internal.editor.manifest,PointGraphSection,ReferenceGraph,3,1,2
eclipse.pde.ui-v_Eclipse_0_9,org.eclipse.pde.internal.editor.manifest,PointGraphSection,linkActivated,4,1,1
eclipse.pde.ui-v_Eclipse_0_9,org.eclipse.pde.internal.editor.manifest,PointGraphSection,getLastChild,3,1,0
eclipse.pde.ui-v_Eclipse_0_9,org.eclipse.pde.internal.editor.manifest,PointGraphSection,setLastChild,3,1,1
eclipse.pde.ui-v_Eclipse_0_9,org.eclipse.pde.internal.editor.manifest,PointGraphSection,isCyclical,3,1,0
eclipse.pde.ui-v_Eclipse_0_9,org.eclipse.pde.internal.editor.manifest,PointGraphSection,RootNode,5,1,2
eclipse.pde.ui-v_Eclipse_0_9,org.eclipse.pde.internal.editor.manifest,PointGraphSection,add,4,1,1
eclipse.pde.ui-v_Eclipse_0_9,org.eclipse.pde.internal.editor.manifest,PointGraphSection,setChildren,3,1,1
eclipse.pde.ui-v_Eclipse_0_9,org.eclipse.pde.internal.editor.manifest,PointGraphSection,getChildren,3,1,1
eclipse.pde.ui-v_Eclipse_0_9,org.eclipse.pde.internal.editor.manifest,PointGraphSection,getId,3,1,0
eclipse.pde.ui-v_Eclipse_0_9,org.eclipse.pde.internal.editor.manifest,PointGraphSection,getName,3,1,0
eclipse.pde.ui-v_Eclipse_0_9,org.eclipse.pde.internal.editor.manifest,PointGraphSection,getParent,3,1,0
eclipse.pde.ui-v_Eclipse_0_9,org.eclipse.pde.internal.editor.manifest,PointGraphSection,getHomeNode,3,1,0
eclipse.pde.ui-v_Eclipse_0_9,org.eclipse.pde.internal.editor.manifest,PointGraphSection,isHomeNode,3,1,0
eclipse.pde.ui-v_Eclipse_0_9,org.eclipse.pde.internal.editor.manifest,PointGraphSection,PluginInfoNode,3,1,1
eclipse.pde.ui-v_Eclipse_0_9,org.eclipse.pde.internal.editor.manifest,PointGraphSection,getPluginInfo,3,1,0
eclipse.pde.ui-v_Eclipse_0_9,org.eclipse.pde.internal.editor.manifest,PointGraphSection,setParent,3,1,1
eclipse.pde.ui-v_Eclipse_0_9,org.eclipse.pde.internal.editor.manifest,PointGraphSection,getChildren,6,2,1
eclipse.pde.ui-v_Eclipse_0_9,org.eclipse.pde.internal.editor.manifest,PointGraphSection,createChildren,3,1,0
eclipse.pde.ui-v_Eclipse_0_9,org.eclipse.pde.internal.editor.manifest,PointGraphSection,getHomeNode,3,1,0
eclipse.pde.ui-v_Eclipse_0_9,org.eclipse.pde.internal.editor.manifest,PointGraphSection,getId,3,1,0
eclipse.pde.ui-v_Eclipse_0_9,org.eclipse.pde.internal.editor.manifest,PointGraphSection,getName,3,1,0
eclipse.pde.ui-v_Eclipse_0_9,org.eclipse.pde.internal.editor.manifest,PointGraphSection,getParent,3,1,0
eclipse.pde.ui-v_Eclipse_0_9,org.eclipse.pde.internal.editor.manifest,PointGraphSection,isHomeNode,3,1,0
eclipse.pde.ui-v_Eclipse_0_9,org.eclipse.pde.internal.editor.manifest,PointGraphSection,PointGraphSection,7,2,1
eclipse.pde.ui-v_Eclipse_0_9,org.eclipse.pde.internal.editor.manifest,PointGraphSection,addReferencingNodes,13,5,5
eclipse.pde.ui-v_Eclipse_0_9,org.eclipse.pde.internal.editor.manifest,PointGraphSection,createClient,48,2,2
eclipse.pde.ui-v_Eclipse_0_9,org.eclipse.pde.internal.editor.manifest,PointGraphSection,rootNodeChanged,3,1,1
eclipse.pde.ui-v_Eclipse_0_9,org.eclipse.pde.internal.editor.manifest,PointGraphSection,menuAboutToShow,11,2,1
eclipse.pde.ui-v_Eclipse_0_9,org.eclipse.pde.internal.editor.manifest,PointGraphSection,run,3,1,0
eclipse.pde.ui-v_Eclipse_0_9,org.eclipse.pde.internal.editor.manifest,PointGraphSection,createReferencingNodes,15,2,2
eclipse.pde.ui-v_Eclipse_0_9,org.eclipse.pde.internal.editor.manifest,PointGraphSection,getPluginName,3,1,0
eclipse.pde.ui-v_Eclipse_0_9,org.eclipse.pde.internal.editor.manifest,PointGraphSection,initialize,3,1,1
eclipse.pde.ui-v_Eclipse_0_9,org.eclipse.pde.internal.editor.manifest,PointGraphSection,initializeColors,9,1,0
eclipse.pde.ui-v_Eclipse_0_9,org.eclipse.pde.internal.editor.manifest,PointGraphSection,openEditor,17,4,1
eclipse.pde.ui-v_Eclipse_0_9,org.eclipse.pde.internal.editor.manifest,PointGraphSection,openExternalPlugin,14,2,1
eclipse.pde.ui-v_Eclipse_0_9,org.eclipse.pde.internal.editor.manifest,PointGraphSection,openWorkspacePlugin,10,1,1
eclipse.pde.ui-v_Eclipse_0_9,org.eclipse.pde.internal.editor.manifest,PointGraphSection,sectionChanged,4,1,3
eclipse.pde.ui-v_Eclipse_0_9,org.eclipse.pde.internal.editor.manifest,PointGraphSection,testUsage,10,3,2
eclipse.pde.ui-v_Eclipse_0_9,org.eclipse.pde.internal.editor.manifest,PointGraphSection,updateGraph,9,2,3
eclipse.pde.ui-v_Eclipse_0_9,org.eclipse.pde.internal.editor.manifest,ReferenceGraph,ReferenceGraph,3,1,2
eclipse.pde.ui-v_Eclipse_0_9,org.eclipse.pde.internal.editor.manifest,ReferenceGraph,linkActivated,4,1,1
eclipse.pde.ui-v_Eclipse_0_9,org.eclipse.pde.internal.editor.manifest,BaseNode,getLastChild,3,1,0
eclipse.pde.ui-v_Eclipse_0_9,org.eclipse.pde.internal.editor.manifest,BaseNode,setLastChild,3,1,1
eclipse.pde.ui-v_Eclipse_0_9,org.eclipse.pde.internal.editor.manifest,BaseNode,isCyclical,3,1,0
eclipse.pde.ui-v_Eclipse_0_9,org.eclipse.pde.internal.editor.manifest,RootNode,RootNode,5,1,2
eclipse.pde.ui-v_Eclipse_0_9,org.eclipse.pde.internal.editor.manifest,RootNode,add,4,1,1
eclipse.pde.ui-v_Eclipse_0_9,org.eclipse.pde.internal.editor.manifest,RootNode,setChildren,3,1,1
eclipse.pde.ui-v_Eclipse_0_9,org.eclipse.pde.internal.editor.manifest,RootNode,getChildren,3,1,1
eclipse.pde.ui-v_Eclipse_0_9,org.eclipse.pde.internal.editor.manifest,RootNode,getId,3,1,0
eclipse.pde.ui-v_Eclipse_0_9,org.eclipse.pde.internal.editor.manifest,RootNode,getName,3,1,0
eclipse.pde.ui-v_Eclipse_0_9,org.eclipse.pde.internal.editor.manifest,RootNode,getParent,3,1,0
eclipse.pde.ui-v_Eclipse_0_9,org.eclipse.pde.internal.editor.manifest,RootNode,getHomeNode,3,1,0
eclipse.pde.ui-v_Eclipse_0_9,org.eclipse.pde.internal.editor.manifest,RootNode,isHomeNode,3,1,0
eclipse.pde.ui-v_Eclipse_0_9,org.eclipse.pde.internal.editor.manifest,PluginInfoNode,PluginInfoNode,3,1,1
eclipse.pde.ui-v_Eclipse_0_9,org.eclipse.pde.internal.editor.manifest,PluginInfoNode,getPluginInfo,3,1,0
eclipse.pde.ui-v_Eclipse_0_9,org.eclipse.pde.internal.editor.manifest,PluginInfoNode,setParent,3,1,1
eclipse.pde.ui-v_Eclipse_0_9,org.eclipse.pde.internal.editor.manifest,PluginInfoNode,getChildren,6,2,1
eclipse.pde.ui-v_Eclipse_0_9,org.eclipse.pde.internal.editor.manifest,PluginInfoNode,createChildren,3,1,0
eclipse.pde.ui-v_Eclipse_0_9,org.eclipse.pde.internal.editor.manifest,PluginInfoNode,getHomeNode,3,1,0
eclipse.pde.ui-v_Eclipse_0_9,org.eclipse.pde.internal.editor.manifest,PluginInfoNode,getId,3,1,0
eclipse.pde.ui-v_Eclipse_0_9,org.eclipse.pde.internal.editor.manifest,PluginInfoNode,getName,3,1,0
eclipse.pde.ui-v_Eclipse_0_9,org.eclipse.pde.internal.editor.manifest,PluginInfoNode,getParent,3,1,0
eclipse.pde.ui-v_Eclipse_0_9,org.eclipse.pde.internal.editor.manifest,PluginInfoNode,isHomeNode,3,1,0
eclipse.pde.ui-v_Eclipse_0_9,org.eclipse.pde.internal.editor.manifest,ReqGraphSection,getLastChild,3,1,0
eclipse.pde.ui-v_Eclipse_0_9,org.eclipse.pde.internal.editor.manifest,ReqGraphSection,setLastChild,3,1,1
eclipse.pde.ui-v_Eclipse_0_9,org.eclipse.pde.internal.editor.manifest,ReqGraphSection,isCyclical,3,1,0
eclipse.pde.ui-v_Eclipse_0_9,org.eclipse.pde.internal.editor.manifest,ReqGraphSection,RootNode,5,1,2
eclipse.pde.ui-v_Eclipse_0_9,org.eclipse.pde.internal.editor.manifest,ReqGraphSection,add,4,1,1
eclipse.pde.ui-v_Eclipse_0_9,org.eclipse.pde.internal.editor.manifest,ReqGraphSection,add,4,1,1
eclipse.pde.ui-v_Eclipse_0_9,org.eclipse.pde.internal.editor.manifest,ReqGraphSection,setChildren,3,1,1
eclipse.pde.ui-v_Eclipse_0_9,org.eclipse.pde.internal.editor.manifest,ReqGraphSection,getChildren,7,3,1
eclipse.pde.ui-v_Eclipse_0_9,org.eclipse.pde.internal.editor.manifest,ReqGraphSection,getId,3,1,0
eclipse.pde.ui-v_Eclipse_0_9,org.eclipse.pde.internal.editor.manifest,ReqGraphSection,getName,3,1,0
eclipse.pde.ui-v_Eclipse_0_9,org.eclipse.pde.internal.editor.manifest,ReqGraphSection,getParent,3,1,0
eclipse.pde.ui-v_Eclipse_0_9,org.eclipse.pde.internal.editor.manifest,ReqGraphSection,getHomeNode,3,1,0
eclipse.pde.ui-v_Eclipse_0_9,org.eclipse.pde.internal.editor.manifest,ReqGraphSection,isHomeNode,3,1,0
eclipse.pde.ui-v_Eclipse_0_9,org.eclipse.pde.internal.editor.manifest,ReqGraphSection,PluginInfoNode,3,1,1
eclipse.pde.ui-v_Eclipse_0_9,org.eclipse.pde.internal.editor.manifest,ReqGraphSection,setParent,3,1,1
eclipse.pde.ui-v_Eclipse_0_9,org.eclipse.pde.internal.editor.manifest,ReqGraphSection,getChildren,6,2,1
eclipse.pde.ui-v_Eclipse_0_9,org.eclipse.pde.internal.editor.manifest,ReqGraphSection,createChildren,4,2,0
eclipse.pde.ui-v_Eclipse_0_9,org.eclipse.pde.internal.editor.manifest,ReqGraphSection,getHomeNode,3,1,0
eclipse.pde.ui-v_Eclipse_0_9,org.eclipse.pde.internal.editor.manifest,ReqGraphSection,getId,3,1,0
eclipse.pde.ui-v_Eclipse_0_9,org.eclipse.pde.internal.editor.manifest,ReqGraphSection,getName,3,1,0
eclipse.pde.ui-v_Eclipse_0_9,org.eclipse.pde.internal.editor.manifest,ReqGraphSection,getParent,3,1,0
eclipse.pde.ui-v_Eclipse_0_9,org.eclipse.pde.internal.editor.manifest,ReqGraphSection,isHomeNode,3,1,0
eclipse.pde.ui-v_Eclipse_0_9,org.eclipse.pde.internal.editor.manifest,ReqGraphSection,isCyclical,3,1,0
eclipse.pde.ui-v_Eclipse_0_9,org.eclipse.pde.internal.editor.manifest,ReqGraphSection,setCyclical,3,1,1
eclipse.pde.ui-v_Eclipse_0_9,org.eclipse.pde.internal.editor.manifest,ReqGraphSection,UnresolvedNode,3,1,1
eclipse.pde.ui-v_Eclipse_0_9,org.eclipse.pde.internal.editor.manifest,ReqGraphSection,setParent,3,1,1
eclipse.pde.ui-v_Eclipse_0_9,org.eclipse.pde.internal.editor.manifest,ReqGraphSection,getChildren,3,1,1
eclipse.pde.ui-v_Eclipse_0_9,org.eclipse.pde.internal.editor.manifest,ReqGraphSection,getHomeNode,3,1,0
eclipse.pde.ui-v_Eclipse_0_9,org.eclipse.pde.internal.editor.manifest,ReqGraphSection,getId,3,1,0
eclipse.pde.ui-v_Eclipse_0_9,org.eclipse.pde.internal.editor.manifest,ReqGraphSection,getName,3,1,0
eclipse.pde.ui-v_Eclipse_0_9,org.eclipse.pde.internal.editor.manifest,ReqGraphSection,getParent,3,1,0
eclipse.pde.ui-v_Eclipse_0_9,org.eclipse.pde.internal.editor.manifest,ReqGraphSection,isHomeNode,3,1,0
eclipse.pde.ui-v_Eclipse_0_9,org.eclipse.pde.internal.editor.manifest,ReqGraphSection,isCyclical,3,1,0
eclipse.pde.ui-v_Eclipse_0_9,org.eclipse.pde.internal.editor.manifest,ReqGraphSection,ReqGraphSection,5,1,1
eclipse.pde.ui-v_Eclipse_0_9,org.eclipse.pde.internal.editor.manifest,ReqGraphSection,checkForCycles,12,5,2
eclipse.pde.ui-v_Eclipse_0_9,org.eclipse.pde.internal.editor.manifest,ReqGraphSection,createClient,114,2,2
eclipse.pde.ui-v_Eclipse_0_9,org.eclipse.pde.internal.editor.manifest,ReqGraphSection,widgetSelected,3,1,1
eclipse.pde.ui-v_Eclipse_0_9,org.eclipse.pde.internal.editor.manifest,ReqGraphSection,widgetSelected,3,1,1
eclipse.pde.ui-v_Eclipse_0_9,org.eclipse.pde.internal.editor.manifest,ReqGraphSection,widgetSelected,3,1,1
eclipse.pde.ui-v_Eclipse_0_9,org.eclipse.pde.internal.editor.manifest,ReqGraphSection,widgetSelected,3,1,1
eclipse.pde.ui-v_Eclipse_0_9,org.eclipse.pde.internal.editor.manifest,ReqGraphSection,widgetSelected,3,1,1
eclipse.pde.ui-v_Eclipse_0_9,org.eclipse.pde.internal.editor.manifest,ReqGraphSection,rootNodeChanged,4,1,1
eclipse.pde.ui-v_Eclipse_0_9,org.eclipse.pde.internal.editor.manifest,ReqGraphSection,menuAboutToShow,12,2,1
eclipse.pde.ui-v_Eclipse_0_9,org.eclipse.pde.internal.editor.manifest,ReqGraphSection,run,3,1,0
eclipse.pde.ui-v_Eclipse_0_9,org.eclipse.pde.internal.editor.manifest,ReqGraphSection,createReferencingNodes,15,5,4
eclipse.pde.ui-v_Eclipse_0_9,org.eclipse.pde.internal.editor.manifest,ReqGraphSection,createReferencingNodes,8,2,2
eclipse.pde.ui-v_Eclipse_0_9,org.eclipse.pde.internal.editor.manifest,ReqGraphSection,createReferencingNodes,3,1,2
eclipse.pde.ui-v_Eclipse_0_9,org.eclipse.pde.internal.editor.manifest,ReqGraphSection,createRequiredNodes,19,3,2
eclipse.pde.ui-v_Eclipse_0_9,org.eclipse.pde.internal.editor.manifest,ReqGraphSection,dispose,11,1,0
eclipse.pde.ui-v_Eclipse_0_9,org.eclipse.pde.internal.editor.manifest,ReqGraphSection,getPluginName,3,1,0
eclipse.pde.ui-v_Eclipse_0_9,org.eclipse.pde.internal.editor.manifest,ReqGraphSection,initialize,3,1,1
eclipse.pde.ui-v_Eclipse_0_9,org.eclipse.pde.internal.editor.manifest,ReqGraphSection,initializeColors,9,1,0
eclipse.pde.ui-v_Eclipse_0_9,org.eclipse.pde.internal.editor.manifest,ReqGraphSection,initializeImages,11,1,0
eclipse.pde.ui-v_Eclipse_0_9,org.eclipse.pde.internal.editor.manifest,ReqGraphSection,openEditor,5,1,1
eclipse.pde.ui-v_Eclipse_0_9,org.eclipse.pde.internal.editor.manifest,ReqGraphSection,sectionChanged,4,1,3
eclipse.pde.ui-v_Eclipse_0_9,org.eclipse.pde.internal.editor.manifest,ReqGraphSection,updateButtons,14,4,1
eclipse.pde.ui-v_Eclipse_0_9,org.eclipse.pde.internal.editor.manifest,ReqGraphSection,updateGraph,31,8,3
eclipse.pde.ui-v_Eclipse_0_9,org.eclipse.pde.internal.editor.manifest,ReqGraphSection,updateLayout,3,1,0
eclipse.pde.ui-v_Eclipse_0_9,org.eclipse.pde.internal.editor.manifest,BaseNode,getLastChild,3,1,0
eclipse.pde.ui-v_Eclipse_0_9,org.eclipse.pde.internal.editor.manifest,BaseNode,setLastChild,3,1,1
eclipse.pde.ui-v_Eclipse_0_9,org.eclipse.pde.internal.editor.manifest,BaseNode,isCyclical,3,1,0
eclipse.pde.ui-v_Eclipse_0_9,org.eclipse.pde.internal.editor.manifest,RootNode,RootNode,5,1,2
eclipse.pde.ui-v_Eclipse_0_9,org.eclipse.pde.internal.editor.manifest,RootNode,add,4,1,1
eclipse.pde.ui-v_Eclipse_0_9,org.eclipse.pde.internal.editor.manifest,RootNode,add,4,1,1
eclipse.pde.ui-v_Eclipse_0_9,org.eclipse.pde.internal.editor.manifest,RootNode,setChildren,3,1,1
eclipse.pde.ui-v_Eclipse_0_9,org.eclipse.pde.internal.editor.manifest,RootNode,getChildren,7,3,1
eclipse.pde.ui-v_Eclipse_0_9,org.eclipse.pde.internal.editor.manifest,RootNode,getId,3,1,0
eclipse.pde.ui-v_Eclipse_0_9,org.eclipse.pde.internal.editor.manifest,RootNode,getName,3,1,0
eclipse.pde.ui-v_Eclipse_0_9,org.eclipse.pde.internal.editor.manifest,RootNode,getParent,3,1,0
eclipse.pde.ui-v_Eclipse_0_9,org.eclipse.pde.internal.editor.manifest,RootNode,getHomeNode,3,1,0
eclipse.pde.ui-v_Eclipse_0_9,org.eclipse.pde.internal.editor.manifest,RootNode,isHomeNode,3,1,0
eclipse.pde.ui-v_Eclipse_0_9,org.eclipse.pde.internal.editor.manifest,PluginInfoNode,PluginInfoNode,3,1,1
eclipse.pde.ui-v_Eclipse_0_9,org.eclipse.pde.internal.editor.manifest,PluginInfoNode,setParent,3,1,1
eclipse.pde.ui-v_Eclipse_0_9,org.eclipse.pde.internal.editor.manifest,PluginInfoNode,getChildren,6,2,1
eclipse.pde.ui-v_Eclipse_0_9,org.eclipse.pde.internal.editor.manifest,PluginInfoNode,createChildren,4,2,0
eclipse.pde.ui-v_Eclipse_0_9,org.eclipse.pde.internal.editor.manifest,PluginInfoNode,getHomeNode,3,1,0
eclipse.pde.ui-v_Eclipse_0_9,org.eclipse.pde.internal.editor.manifest,PluginInfoNode,getId,3,1,0
eclipse.pde.ui-v_Eclipse_0_9,org.eclipse.pde.internal.editor.manifest,PluginInfoNode,getName,3,1,0
eclipse.pde.ui-v_Eclipse_0_9,org.eclipse.pde.internal.editor.manifest,PluginInfoNode,getParent,3,1,0
eclipse.pde.ui-v_Eclipse_0_9,org.eclipse.pde.internal.editor.manifest,PluginInfoNode,isHomeNode,3,1,0
eclipse.pde.ui-v_Eclipse_0_9,org.eclipse.pde.internal.editor.manifest,PluginInfoNode,isCyclical,3,1,0
eclipse.pde.ui-v_Eclipse_0_9,org.eclipse.pde.internal.editor.manifest,PluginInfoNode,setCyclical,3,1,1
eclipse.pde.ui-v_Eclipse_0_9,org.eclipse.pde.internal.editor.manifest,UnresolvedNode,UnresolvedNode,3,1,1
eclipse.pde.ui-v_Eclipse_0_9,org.eclipse.pde.internal.editor.manifest,UnresolvedNode,setParent,3,1,1
eclipse.pde.ui-v_Eclipse_0_9,org.eclipse.pde.internal.editor.manifest,UnresolvedNode,getChildren,3,1,1
eclipse.pde.ui-v_Eclipse_0_9,org.eclipse.pde.internal.editor.manifest,UnresolvedNode,getHomeNode,3,1,0
eclipse.pde.ui-v_Eclipse_0_9,org.eclipse.pde.internal.editor.manifest,UnresolvedNode,getId,3,1,0
eclipse.pde.ui-v_Eclipse_0_9,org.eclipse.pde.internal.editor.manifest,UnresolvedNode,getName,3,1,0
eclipse.pde.ui-v_Eclipse_0_9,org.eclipse.pde.internal.editor.manifest,UnresolvedNode,getParent,3,1,0
eclipse.pde.ui-v_Eclipse_0_9,org.eclipse.pde.internal.editor.manifest,UnresolvedNode,isHomeNode,3,1,0
eclipse.pde.ui-v_Eclipse_0_9,org.eclipse.pde.internal.editor.manifest,UnresolvedNode,isCyclical,3,1,0
eclipse.pde.ui-v_Eclipse_0_9,org.eclipse.pde.internal.editor.manifest,RequiresSection,RequiresSection,5,1,1
eclipse.pde.ui-v_Eclipse_0_9,org.eclipse.pde.internal.editor.manifest,RequiresSection,addImportLink,11,2,1
eclipse.pde.ui-v_Eclipse_0_9,org.eclipse.pde.internal.editor.manifest,RequiresSection,createClient,35,1,2
eclipse.pde.ui-v_Eclipse_0_9,org.eclipse.pde.internal.editor.manifest,RequiresSection,widgetSelected,3,1,1
eclipse.pde.ui-v_Eclipse_0_9,org.eclipse.pde.internal.editor.manifest,RequiresSection,dispose,5,1,0
eclipse.pde.ui-v_Eclipse_0_9,org.eclipse.pde.internal.editor.manifest,RequiresSection,initialize,7,1,1
eclipse.pde.ui-v_Eclipse_0_9,org.eclipse.pde.internal.editor.manifest,RequiresSection,initializeImages,3,1,0
eclipse.pde.ui-v_Eclipse_0_9,org.eclipse.pde.internal.editor.manifest,RequiresSection,linkActivated,4,1,1
eclipse.pde.ui-v_Eclipse_0_9,org.eclipse.pde.internal.editor.manifest,RequiresSection,linkEntered,10,3,1
eclipse.pde.ui-v_Eclipse_0_9,org.eclipse.pde.internal.editor.manifest,RequiresSection,linkExited,4,2,1
eclipse.pde.ui-v_Eclipse_0_9,org.eclipse.pde.internal.editor.manifest,RequiresSection,modelChanged,10,4,1
eclipse.pde.ui-v_Eclipse_0_9,org.eclipse.pde.internal.editor.manifest,RequiresSection,update,3,2,0
eclipse.pde.ui-v_Eclipse_0_9,org.eclipse.pde.internal.editor.manifest,RequiresSection,update,18,5,1
eclipse.pde.ui-v_Eclipse_0_9,org.eclipse.pde.internal.editor.manifest,ResourceAttributeCellEditor,ResourceAttributeCellEditor,3,1,1
eclipse.pde.ui-v_Eclipse_0_9,org.eclipse.pde.internal.editor.manifest,ResourceAttributeCellEditor,createContents,6,1,1
eclipse.pde.ui-v_Eclipse_0_9,org.eclipse.pde.internal.editor.manifest,ResourceAttributeCellEditor,openDialogBox,15,3,1
eclipse.pde.ui-v_Eclipse_0_9,org.eclipse.pde.internal.editor.manifest,ResourceAttributeCellEditor,updateContents,4,2,1
eclipse.pde.ui-v_Eclipse_0_9,org.eclipse.pde.internal.editor.manifest,ResourceAttributeDescriptor,ResourceAttributeDescriptor,4,1,3
eclipse.pde.ui-v_Eclipse_0_9,org.eclipse.pde.internal.editor.manifest,ResourceAttributeDescriptor,createPropertyEditor,4,2,1
eclipse.pde.ui-v_Eclipse_0_9,org.eclipse.pde.internal.editor.manifest,ResourceAttributeDescriptor,isCompatibleWith,16,8,1
eclipse.pde.ui-v_Eclipse_0_9,org.eclipse.pde.internal.editor.manifest,ResourceAttributeValue,ResourceAttributeValue,4,1,2
eclipse.pde.ui-v_Eclipse_0_9,org.eclipse.pde.internal.editor.manifest,ResourceAttributeValue,getProject,3,1,0
eclipse.pde.ui-v_Eclipse_0_9,org.eclipse.pde.internal.editor.manifest,ResourceAttributeValue,getStringValue,3,1,0
eclipse.pde.ui-v_Eclipse_0_9,org.eclipse.pde.internal.editor.manifest,ResourceAttributeValue,toString,3,1,0
eclipse.pde.ui-v_Eclipse_0_9,org.eclipse.pde.internal.editor.manifest,RuntimeForm,RuntimeForm,4,1,1
eclipse.pde.ui-v_Eclipse_0_9,org.eclipse.pde.internal.editor.manifest,RuntimeForm,createFormClient,27,1,1
eclipse.pde.ui-v_Eclipse_0_9,org.eclipse.pde.internal.editor.manifest,RuntimeForm,expandTo,3,1,1
eclipse.pde.ui-v_Eclipse_0_9,org.eclipse.pde.internal.editor.manifest,RuntimeForm,initialize,5,1,1
eclipse.pde.ui-v_Eclipse_0_9,org.eclipse.pde.internal.editor.manifest,RuntimeSection,RuntimeSection,7,2,1
eclipse.pde.ui-v_Eclipse_0_9,org.eclipse.pde.internal.editor.manifest,RuntimeSection,addLibraryLink,6,1,1
eclipse.pde.ui-v_Eclipse_0_9,org.eclipse.pde.internal.editor.manifest,RuntimeSection,createClient,37,1,2
eclipse.pde.ui-v_Eclipse_0_9,org.eclipse.pde.internal.editor.manifest,RuntimeSection,widgetSelected,3,1,1
eclipse.pde.ui-v_Eclipse_0_9,org.eclipse.pde.internal.editor.manifest,RuntimeSection,dispose,5,1,0
eclipse.pde.ui-v_Eclipse_0_9,org.eclipse.pde.internal.editor.manifest,RuntimeSection,initialize,6,1,1
eclipse.pde.ui-v_Eclipse_0_9,org.eclipse.pde.internal.editor.manifest,RuntimeSection,initializeImages,3,1,0
eclipse.pde.ui-v_Eclipse_0_9,org.eclipse.pde.internal.editor.manifest,RuntimeSection,linkActivated,4,1,1
eclipse.pde.ui-v_Eclipse_0_9,org.eclipse.pde.internal.editor.manifest,RuntimeSection,linkEntered,7,2,1
eclipse.pde.ui-v_Eclipse_0_9,org.eclipse.pde.internal.editor.manifest,RuntimeSection,linkExited,4,2,1
eclipse.pde.ui-v_Eclipse_0_9,org.eclipse.pde.internal.editor.manifest,RuntimeSection,modelChanged,10,4,1
eclipse.pde.ui-v_Eclipse_0_9,org.eclipse.pde.internal.editor.manifest,RuntimeSection,update,3,2,0
eclipse.pde.ui-v_Eclipse_0_9,org.eclipse.pde.internal.editor.manifest,RuntimeSection,update,19,5,1
eclipse.pde.ui-v_Eclipse_0_9,org.eclipse.pde.internal.editor.manifest,UnknownElementPropertySource,UnknownElementPropertySource,3,1,1
eclipse.pde.ui-v_Eclipse_0_9,org.eclipse.pde.internal.editor.manifest,UnknownElementPropertySource,addAttribute,9,1,2
eclipse.pde.ui-v_Eclipse_0_9,org.eclipse.pde.internal.editor.manifest,UnknownElementPropertySource,createPropertyDescriptors,13,2,0
eclipse.pde.ui-v_Eclipse_0_9,org.eclipse.pde.internal.editor.manifest,UnknownElementPropertySource,getEditableValue,3,1,0
eclipse.pde.ui-v_Eclipse_0_9,org.eclipse.pde.internal.editor.manifest,UnknownElementPropertySource,getElement,3,1,0
eclipse.pde.ui-v_Eclipse_0_9,org.eclipse.pde.internal.editor.manifest,UnknownElementPropertySource,getPropertyDescriptors,4,2,0
eclipse.pde.ui-v_Eclipse_0_9,org.eclipse.pde.internal.editor.manifest,UnknownElementPropertySource,getPropertyValue,6,3,1
eclipse.pde.ui-v_Eclipse_0_9,org.eclipse.pde.internal.editor.manifest,UnknownElementPropertySource,isPropertySet,3,1,1
eclipse.pde.ui-v_Eclipse_0_9,org.eclipse.pde.internal.editor.manifest,UnknownElementPropertySource,removeAttribute,10,1,1
eclipse.pde.ui-v_Eclipse_0_9,org.eclipse.pde.internal.editor.manifest,UnknownElementPropertySource,resetPropertyValue,2,1,1
eclipse.pde.ui-v_Eclipse_0_9,org.eclipse.pde.internal.editor.manifest,UnknownElementPropertySource,setElement,4,1,1
eclipse.pde.ui-v_Eclipse_0_9,org.eclipse.pde.internal.editor.manifest,UnknownElementPropertySource,setPropertyValue,15,2,2
eclipse.pde.ui-v_Eclipse_0_9,org.eclipse.pde.internal.editor.schema,AttributePropertySource,isValid,15,5,1
eclipse.pde.ui-v_Eclipse_0_9,org.eclipse.pde.internal.editor.schema,AttributePropertySource,AttributePropertySource,3,1,1
eclipse.pde.ui-v_Eclipse_0_9,org.eclipse.pde.internal.editor.schema,AttributePropertySource,doClone,8,1,0
eclipse.pde.ui-v_Eclipse_0_9,org.eclipse.pde.internal.editor.schema,AttributePropertySource,getEditableValue,3,1,0
eclipse.pde.ui-v_Eclipse_0_9,org.eclipse.pde.internal.editor.schema,AttributePropertySource,getIndexOf,6,3,2
eclipse.pde.ui-v_Eclipse_0_9,org.eclipse.pde.internal.editor.schema,AttributePropertySource,getPropertyDescriptors,24,5,0
eclipse.pde.ui-v_Eclipse_0_9,org.eclipse.pde.internal.editor.schema,AttributePropertySource,getPropertyValue,11,8,1
eclipse.pde.ui-v_Eclipse_0_9,org.eclipse.pde.internal.editor.schema,AttributePropertySource,isCloneable,5,2,0
eclipse.pde.ui-v_Eclipse_0_9,org.eclipse.pde.internal.editor.schema,AttributePropertySource,isPropertySet,3,1,1
eclipse.pde.ui-v_Eclipse_0_9,org.eclipse.pde.internal.editor.schema,AttributePropertySource,resetPropertyValue,2,1,1
eclipse.pde.ui-v_Eclipse_0_9,org.eclipse.pde.internal.editor.schema,AttributePropertySource,setPropertyValue,27,13,2
eclipse.pde.ui-v_Eclipse_0_9,org.eclipse.pde.internal.editor.schema,ValueValidator,isValid,15,5,1
eclipse.pde.ui-v_Eclipse_0_9,org.eclipse.pde.internal.editor.schema,CompositorPropertySource,CompositorPropertySource,3,1,1
eclipse.pde.ui-v_Eclipse_0_9,org.eclipse.pde.internal.editor.schema,CompositorPropertySource,getPropertyDescriptors,9,3,0
eclipse.pde.ui-v_Eclipse_0_9,org.eclipse.pde.internal.editor.schema,CompositorPropertySource,getPropertyValue,7,2,1
eclipse.pde.ui-v_Eclipse_0_9,org.eclipse.pde.internal.editor.schema,CompositorPropertySource,setPropertyValue,7,2,2
eclipse.pde.ui-v_Eclipse_0_9,org.eclipse.pde.internal.editor.schema,DescriptionSection,DescriptionSection,11,1,2
eclipse.pde.ui-v_Eclipse_0_9,org.eclipse.pde.internal.editor.schema,DescriptionSection,checkForPendingChanges,5,3,0
eclipse.pde.ui-v_Eclipse_0_9,org.eclipse.pde.internal.editor.schema,DescriptionSection,commitChanges,5,1,1
eclipse.pde.ui-v_Eclipse_0_9,org.eclipse.pde.internal.editor.schema,DescriptionSection,createClient,47,2,2
eclipse.pde.ui-v_Eclipse_0_9,org.eclipse.pde.internal.editor.schema,DescriptionSection,widgetSelected,3,1,1
eclipse.pde.ui-v_Eclipse_0_9,org.eclipse.pde.internal.editor.schema,DescriptionSection,widgetSelected,3,1,1
eclipse.pde.ui-v_Eclipse_0_9,org.eclipse.pde.internal.editor.schema,DescriptionSection,doGlobalAction,21,7,1
eclipse.pde.ui-v_Eclipse_0_9,org.eclipse.pde.internal.editor.schema,DescriptionSection,handleApply,4,2,0
eclipse.pde.ui-v_Eclipse_0_9,org.eclipse.pde.internal.editor.schema,DescriptionSection,handleReset,3,1,0
eclipse.pde.ui-v_Eclipse_0_9,org.eclipse.pde.internal.editor.schema,DescriptionSection,initialize,17,2,1
eclipse.pde.ui-v_Eclipse_0_9,org.eclipse.pde.internal.editor.schema,DescriptionSection,documentChanged,9,2,1
eclipse.pde.ui-v_Eclipse_0_9,org.eclipse.pde.internal.editor.schema,DescriptionSection,documentAboutToBeChanged,2,1,1
eclipse.pde.ui-v_Eclipse_0_9,org.eclipse.pde.internal.editor.schema,DescriptionSection,isEditable,3,1,0
eclipse.pde.ui-v_Eclipse_0_9,org.eclipse.pde.internal.editor.schema,DescriptionSection,sectionChanged,8,4,3
eclipse.pde.ui-v_Eclipse_0_9,org.eclipse.pde.internal.editor.schema,DescriptionSection,setEditable,3,1,1
eclipse.pde.ui-v_Eclipse_0_9,org.eclipse.pde.internal.editor.schema,DescriptionSection,updateDocument,10,2,0
eclipse.pde.ui-v_Eclipse_0_9,org.eclipse.pde.internal.editor.schema,DocForm,DocForm,5,1,1
eclipse.pde.ui-v_Eclipse_0_9,org.eclipse.pde.internal.editor.schema,DocForm,createFormClient,14,1,1
eclipse.pde.ui-v_Eclipse_0_9,org.eclipse.pde.internal.editor.schema,DocForm,dispose,4,1,0
eclipse.pde.ui-v_Eclipse_0_9,org.eclipse.pde.internal.editor.schema,DocForm,expandTo,3,1,1
eclipse.pde.ui-v_Eclipse_0_9,org.eclipse.pde.internal.editor.schema,DocForm,initialize,4,1,1
eclipse.pde.ui-v_Eclipse_0_9,org.eclipse.pde.internal.editor.schema,DocForm,updateEditorInput,3,1,1
eclipse.pde.ui-v_Eclipse_0_9,org.eclipse.pde.internal.editor.schema,DocSection,DocSection,13,1,2
eclipse.pde.ui-v_Eclipse_0_9,org.eclipse.pde.internal.editor.schema,DocSection,commitChanges,7,2,1
eclipse.pde.ui-v_Eclipse_0_9,org.eclipse.pde.internal.editor.schema,DocSection,createClient,58,3,2
eclipse.pde.ui-v_Eclipse_0_9,org.eclipse.pde.internal.editor.schema,DocSection,widgetSelected,3,1,1
eclipse.pde.ui-v_Eclipse_0_9,org.eclipse.pde.internal.editor.schema,DocSection,widgetSelected,3,1,1
eclipse.pde.ui-v_Eclipse_0_9,org.eclipse.pde.internal.editor.schema,DocSection,doGlobalAction,21,7,1
eclipse.pde.ui-v_Eclipse_0_9,org.eclipse.pde.internal.editor.schema,DocSection,expandTo,18,6,1
eclipse.pde.ui-v_Eclipse_0_9,org.eclipse.pde.internal.editor.schema,DocSection,getTopicName,14,7,1
eclipse.pde.ui-v_Eclipse_0_9,org.eclipse.pde.internal.editor.schema,DocSection,handleApply,8,3,0
eclipse.pde.ui-v_Eclipse_0_9,org.eclipse.pde.internal.editor.schema,DocSection,handleReset,3,1,0
eclipse.pde.ui-v_Eclipse_0_9,org.eclipse.pde.internal.editor.schema,DocSection,initialize,19,2,1
eclipse.pde.ui-v_Eclipse_0_9,org.eclipse.pde.internal.editor.schema,DocSection,documentChanged,9,2,1
eclipse.pde.ui-v_Eclipse_0_9,org.eclipse.pde.internal.editor.schema,DocSection,documentAboutToBeChanged,2,1,1
eclipse.pde.ui-v_Eclipse_0_9,org.eclipse.pde.internal.editor.schema,DocSection,initializeSectionCombo,20,3,0
eclipse.pde.ui-v_Eclipse_0_9,org.eclipse.pde.internal.editor.schema,DocSection,widgetSelected,8,2,1
eclipse.pde.ui-v_Eclipse_0_9,org.eclipse.pde.internal.editor.schema,DocSection,isEditable,3,1,0
eclipse.pde.ui-v_Eclipse_0_9,org.eclipse.pde.internal.editor.schema,DocSection,resolveObjectName,6,2,1
eclipse.pde.ui-v_Eclipse_0_9,org.eclipse.pde.internal.editor.schema,DocSection,setEditable,3,1,1
eclipse.pde.ui-v_Eclipse_0_9,org.eclipse.pde.internal.editor.schema,DocSection,setFocus,3,1,0
eclipse.pde.ui-v_Eclipse_0_9,org.eclipse.pde.internal.editor.schema,DocSection,updateEditorInput,14,3,1
eclipse.pde.ui-v_Eclipse_0_9,org.eclipse.pde.internal.editor.schema,ElementPropertySource,isValid,7,2,1
eclipse.pde.ui-v_Eclipse_0_9,org.eclipse.pde.internal.editor.schema,ElementPropertySource,ElementPropertySource,3,1,1
eclipse.pde.ui-v_Eclipse_0_9,org.eclipse.pde.internal.editor.schema,ElementPropertySource,fixReferences,3,1,1
eclipse.pde.ui-v_Eclipse_0_9,org.eclipse.pde.internal.editor.schema,ElementPropertySource,getEditableValue,3,1,0
eclipse.pde.ui-v_Eclipse_0_9,org.eclipse.pde.internal.editor.schema,ElementPropertySource,getPropertyDescriptors,13,2,0
eclipse.pde.ui-v_Eclipse_0_9,org.eclipse.pde.internal.editor.schema,ElementPropertySource,getPropertyValue,7,4,1
eclipse.pde.ui-v_Eclipse_0_9,org.eclipse.pde.internal.editor.schema,ElementPropertySource,isPropertySet,3,1,1
eclipse.pde.ui-v_Eclipse_0_9,org.eclipse.pde.internal.editor.schema,ElementPropertySource,isValidAttribute,5,2,1
eclipse.pde.ui-v_Eclipse_0_9,org.eclipse.pde.internal.editor.schema,ElementPropertySource,resetPropertyValue,2,1,1
eclipse.pde.ui-v_Eclipse_0_9,org.eclipse.pde.internal.editor.schema,ElementPropertySource,setPropertyValue,10,4,2
eclipse.pde.ui-v_Eclipse_0_9,org.eclipse.pde.internal.editor.schema,LabelAttributeValidator,isValid,7,2,1
eclipse.pde.ui-v_Eclipse_0_9,org.eclipse.pde.internal.editor.schema,ElementSection,getText,3,1,1
eclipse.pde.ui-v_Eclipse_0_9,org.eclipse.pde.internal.editor.schema,ElementSection,getColumnText,6,2,2
eclipse.pde.ui-v_Eclipse_0_9,org.eclipse.pde.internal.editor.schema,ElementSection,getImage,3,1,1
eclipse.pde.ui-v_Eclipse_0_9,org.eclipse.pde.internal.editor.schema,ElementSection,getColumnImage,12,7,2
eclipse.pde.ui-v_Eclipse_0_9,org.eclipse.pde.internal.editor.schema,ElementSection,getElements,4,1,1
eclipse.pde.ui-v_Eclipse_0_9,org.eclipse.pde.internal.editor.schema,ElementSection,getChildren,6,2,1
eclipse.pde.ui-v_Eclipse_0_9,org.eclipse.pde.internal.editor.schema,ElementSection,getParent,6,2,1
eclipse.pde.ui-v_Eclipse_0_9,org.eclipse.pde.internal.editor.schema,ElementSection,hasChildren,3,1,1
eclipse.pde.ui-v_Eclipse_0_9,org.eclipse.pde.internal.editor.schema,ElementSection,ElementSection,5,1,1
eclipse.pde.ui-v_Eclipse_0_9,org.eclipse.pde.internal.editor.schema,ElementSection,createClient,36,1,2
eclipse.pde.ui-v_Eclipse_0_9,org.eclipse.pde.internal.editor.schema,ElementSection,widgetSelected,3,1,1
eclipse.pde.ui-v_Eclipse_0_9,org.eclipse.pde.internal.editor.schema,ElementSection,widgetSelected,3,1,1
eclipse.pde.ui-v_Eclipse_0_9,org.eclipse.pde.internal.editor.schema,ElementSection,createTree,20,1,2
eclipse.pde.ui-v_Eclipse_0_9,org.eclipse.pde.internal.editor.schema,ElementSection,menuAboutToShow,3,1,1
eclipse.pde.ui-v_Eclipse_0_9,org.eclipse.pde.internal.editor.schema,ElementSection,dispose,4,1,0
eclipse.pde.ui-v_Eclipse_0_9,org.eclipse.pde.internal.editor.schema,ElementSection,doGlobalAction,7,3,1
eclipse.pde.ui-v_Eclipse_0_9,org.eclipse.pde.internal.editor.schema,ElementSection,expandTo,5,2,1
eclipse.pde.ui-v_Eclipse_0_9,org.eclipse.pde.internal.editor.schema,ElementSection,fillContextMenu,35,7,1
eclipse.pde.ui-v_Eclipse_0_9,org.eclipse.pde.internal.editor.schema,ElementSection,run,3,1,0
eclipse.pde.ui-v_Eclipse_0_9,org.eclipse.pde.internal.editor.schema,ElementSection,handleDelete,13,3,1
eclipse.pde.ui-v_Eclipse_0_9,org.eclipse.pde.internal.editor.schema,ElementSection,handleNewAttribute,12,4,0
eclipse.pde.ui-v_Eclipse_0_9,org.eclipse.pde.internal.editor.schema,ElementSection,handleNewElement,4,1,0
eclipse.pde.ui-v_Eclipse_0_9,org.eclipse.pde.internal.editor.schema,ElementSection,initialize,6,1,1
eclipse.pde.ui-v_Eclipse_0_9,org.eclipse.pde.internal.editor.schema,ElementSection,initializeImages,3,1,0
eclipse.pde.ui-v_Eclipse_0_9,org.eclipse.pde.internal.editor.schema,ElementSection,modelChanged,27,7,1
eclipse.pde.ui-v_Eclipse_0_9,org.eclipse.pde.internal.editor.schema,ElementSection,selectionChanged,12,3,1
eclipse.pde.ui-v_Eclipse_0_9,org.eclipse.pde.internal.editor.schema,ElementSection,setFocus,4,1,0
eclipse.pde.ui-v_Eclipse_0_9,org.eclipse.pde.internal.editor.schema,ElementSection,updateButtons,16,6,0
eclipse.pde.ui-v_Eclipse_0_9,org.eclipse.pde.internal.editor.schema,ElementLabelProvider,getText,3,1,1
eclipse.pde.ui-v_Eclipse_0_9,org.eclipse.pde.internal.editor.schema,ElementLabelProvider,getColumnText,6,2,2
eclipse.pde.ui-v_Eclipse_0_9,org.eclipse.pde.internal.editor.schema,ElementLabelProvider,getImage,3,1,1
eclipse.pde.ui-v_Eclipse_0_9,org.eclipse.pde.internal.editor.schema,ElementLabelProvider,getColumnImage,12,7,2
eclipse.pde.ui-v_Eclipse_0_9,org.eclipse.pde.internal.editor.schema,ContentProvider,getElements,4,1,1
eclipse.pde.ui-v_Eclipse_0_9,org.eclipse.pde.internal.editor.schema,ContentProvider,getChildren,6,2,1
eclipse.pde.ui-v_Eclipse_0_9,org.eclipse.pde.internal.editor.schema,ContentProvider,getParent,6,2,1
eclipse.pde.ui-v_Eclipse_0_9,org.eclipse.pde.internal.editor.schema,ContentProvider,hasChildren,3,1,1
eclipse.pde.ui-v_Eclipse_0_9,org.eclipse.pde.internal.editor.schema,EnumerationRestrictionPage,createControl,86,3,1
eclipse.pde.ui-v_Eclipse_0_9,org.eclipse.pde.internal.editor.schema,EnumerationRestrictionPage,widgetSelected,3,1,1
eclipse.pde.ui-v_Eclipse_0_9,org.eclipse.pde.internal.editor.schema,EnumerationRestrictionPage,widgetSelected,3,1,1
eclipse.pde.ui-v_Eclipse_0_9,org.eclipse.pde.internal.editor.schema,EnumerationRestrictionPage,modifyText,6,2,1
eclipse.pde.ui-v_Eclipse_0_9,org.eclipse.pde.internal.editor.schema,EnumerationRestrictionPage,handleEvent,4,1,1
eclipse.pde.ui-v_Eclipse_0_9,org.eclipse.pde.internal.editor.schema,EnumerationRestrictionPage,widgetSelected,6,2,1
eclipse.pde.ui-v_Eclipse_0_9,org.eclipse.pde.internal.editor.schema,EnumerationRestrictionPage,getCompatibleRestrictionClass,3,1,0
eclipse.pde.ui-v_Eclipse_0_9,org.eclipse.pde.internal.editor.schema,EnumerationRestrictionPage,getControl,3,1,0
eclipse.pde.ui-v_Eclipse_0_9,org.eclipse.pde.internal.editor.schema,EnumerationRestrictionPage,getRestriction,13,3,0
eclipse.pde.ui-v_Eclipse_0_9,org.eclipse.pde.internal.editor.schema,EnumerationRestrictionPage,handleAdd,6,1,0
eclipse.pde.ui-v_Eclipse_0_9,org.eclipse.pde.internal.editor.schema,EnumerationRestrictionPage,handleDelete,9,2,0
eclipse.pde.ui-v_Eclipse_0_9,org.eclipse.pde.internal.editor.schema,EnumerationRestrictionPage,initialize,11,4,1
eclipse.pde.ui-v_Eclipse_0_9,org.eclipse.pde.internal.editor.schema,GrammarPropertySource,isValid,11,2,1
eclipse.pde.ui-v_Eclipse_0_9,org.eclipse.pde.internal.editor.schema,GrammarPropertySource,isValid,12,3,1
eclipse.pde.ui-v_Eclipse_0_9,org.eclipse.pde.internal.editor.schema,GrammarPropertySource,GrammarPropertySource,3,1,1
eclipse.pde.ui-v_Eclipse_0_9,org.eclipse.pde.internal.editor.schema,GrammarPropertySource,getEditableValue,3,1,0
eclipse.pde.ui-v_Eclipse_0_9,org.eclipse.pde.internal.editor.schema,GrammarPropertySource,getMaxOccurs,4,2,1
eclipse.pde.ui-v_Eclipse_0_9,org.eclipse.pde.internal.editor.schema,GrammarPropertySource,getMinOccurs,3,1,1
eclipse.pde.ui-v_Eclipse_0_9,org.eclipse.pde.internal.editor.schema,GrammarPropertySource,getPropertyDescriptors,6,2,0
eclipse.pde.ui-v_Eclipse_0_9,org.eclipse.pde.internal.editor.schema,GrammarPropertySource,getPropertyDescriptorsVector,10,1,0
eclipse.pde.ui-v_Eclipse_0_9,org.eclipse.pde.internal.editor.schema,GrammarPropertySource,getPropertyValue,6,3,1
eclipse.pde.ui-v_Eclipse_0_9,org.eclipse.pde.internal.editor.schema,GrammarPropertySource,isPropertySet,3,1,1
eclipse.pde.ui-v_Eclipse_0_9,org.eclipse.pde.internal.editor.schema,GrammarPropertySource,parseValue,11,2,1
eclipse.pde.ui-v_Eclipse_0_9,org.eclipse.pde.internal.editor.schema,GrammarPropertySource,resetPropertyValue,2,1,1
eclipse.pde.ui-v_Eclipse_0_9,org.eclipse.pde.internal.editor.schema,GrammarPropertySource,setPropertyValue,21,7,2
eclipse.pde.ui-v_Eclipse_0_9,org.eclipse.pde.internal.editor.schema,MinValidator,isValid,11,2,1
eclipse.pde.ui-v_Eclipse_0_9,org.eclipse.pde.internal.editor.schema,MaxValidator,isValid,12,3,1
eclipse.pde.ui-v_Eclipse_0_9,org.eclipse.pde.internal.editor.schema,GrammarSection,getChildren,18,6,1
eclipse.pde.ui-v_Eclipse_0_9,org.eclipse.pde.internal.editor.schema,GrammarSection,hasChildren,3,1,1
eclipse.pde.ui-v_Eclipse_0_9,org.eclipse.pde.internal.editor.schema,GrammarSection,getParent,3,1,1
eclipse.pde.ui-v_Eclipse_0_9,org.eclipse.pde.internal.editor.schema,GrammarSection,getElements,3,1,1
eclipse.pde.ui-v_Eclipse_0_9,org.eclipse.pde.internal.editor.schema,GrammarSection,getText,15,4,1
eclipse.pde.ui-v_Eclipse_0_9,org.eclipse.pde.internal.editor.schema,GrammarSection,getImage,19,7,1
eclipse.pde.ui-v_Eclipse_0_9,org.eclipse.pde.internal.editor.schema,GrammarSection,GrammarSection,5,1,1
eclipse.pde.ui-v_Eclipse_0_9,org.eclipse.pde.internal.editor.schema,GrammarSection,createClient,18,2,2
eclipse.pde.ui-v_Eclipse_0_9,org.eclipse.pde.internal.editor.schema,GrammarSection,createTree,25,1,1
eclipse.pde.ui-v_Eclipse_0_9,org.eclipse.pde.internal.editor.schema,GrammarSection,selectionChanged,3,1,1
eclipse.pde.ui-v_Eclipse_0_9,org.eclipse.pde.internal.editor.schema,GrammarSection,menuAboutToShow,3,1,1
eclipse.pde.ui-v_Eclipse_0_9,org.eclipse.pde.internal.editor.schema,GrammarSection,dispose,9,1,0
eclipse.pde.ui-v_Eclipse_0_9,org.eclipse.pde.internal.editor.schema,GrammarSection,doGlobalAction,7,3,1
eclipse.pde.ui-v_Eclipse_0_9,org.eclipse.pde.internal.editor.schema,GrammarSection,fillContextMenu,40,6,1
eclipse.pde.ui-v_Eclipse_0_9,org.eclipse.pde.internal.editor.schema,GrammarSection,run,3,1,0
eclipse.pde.ui-v_Eclipse_0_9,org.eclipse.pde.internal.editor.schema,GrammarSection,handleDelete,19,6,1
eclipse.pde.ui-v_Eclipse_0_9,org.eclipse.pde.internal.editor.schema,GrammarSection,initialize,4,1,1
eclipse.pde.ui-v_Eclipse_0_9,org.eclipse.pde.internal.editor.schema,GrammarSection,initializeImages,7,1,0
eclipse.pde.ui-v_Eclipse_0_9,org.eclipse.pde.internal.editor.schema,GrammarSection,modelChanged,41,8,1
eclipse.pde.ui-v_Eclipse_0_9,org.eclipse.pde.internal.editor.schema,GrammarSection,run,3,1,0
eclipse.pde.ui-v_Eclipse_0_9,org.eclipse.pde.internal.editor.schema,GrammarSection,run,3,1,0
eclipse.pde.ui-v_Eclipse_0_9,org.eclipse.pde.internal.editor.schema,GrammarSection,sectionChanged,11,5,3
eclipse.pde.ui-v_Eclipse_0_9,org.eclipse.pde.internal.editor.schema,GrammarSection,updateDTDLabel,9,2,1
eclipse.pde.ui-v_Eclipse_0_9,org.eclipse.pde.internal.editor.schema,GrammarContentProvider,getChildren,18,6,1
eclipse.pde.ui-v_Eclipse_0_9,org.eclipse.pde.internal.editor.schema,GrammarContentProvider,hasChildren,3,1,1
eclipse.pde.ui-v_Eclipse_0_9,org.eclipse.pde.internal.editor.schema,GrammarContentProvider,getParent,3,1,1
eclipse.pde.ui-v_Eclipse_0_9,org.eclipse.pde.internal.editor.schema,GrammarContentProvider,getElements,3,1,1
eclipse.pde.ui-v_Eclipse_0_9,org.eclipse.pde.internal.editor.schema,GrammarLabelProvider,getText,15,4,1
eclipse.pde.ui-v_Eclipse_0_9,org.eclipse.pde.internal.editor.schema,GrammarLabelProvider,getImage,19,7,1
eclipse.pde.ui-v_Eclipse_0_9,org.eclipse.pde.internal.editor.schema,ICloneablePropertySource,doClone,0,1,0
eclipse.pde.ui-v_Eclipse_0_9,org.eclipse.pde.internal.editor.schema,ICloneablePropertySource,isCloneable,0,1,0
eclipse.pde.ui-v_Eclipse_0_9,org.eclipse.pde.internal.editor.schema,IRestrictionPage,createControl,0,1,1
eclipse.pde.ui-v_Eclipse_0_9,org.eclipse.pde.internal.editor.schema,IRestrictionPage,getCompatibleRestrictionClass,0,1,0
eclipse.pde.ui-v_Eclipse_0_9,org.eclipse.pde.internal.editor.schema,IRestrictionPage,getControl,0,1,0
eclipse.pde.ui-v_Eclipse_0_9,org.eclipse.pde.internal.editor.schema,IRestrictionPage,getRestriction,0,1,0
eclipse.pde.ui-v_Eclipse_0_9,org.eclipse.pde.internal.editor.schema,IRestrictionPage,initialize,0,1,1
eclipse.pde.ui-v_Eclipse_0_9,org.eclipse.pde.internal.editor.schema,NewAttributeAction,NewAttributeAction,5,1,0
eclipse.pde.ui-v_Eclipse_0_9,org.eclipse.pde.internal.editor.schema,NewAttributeAction,getElement,3,1,0
eclipse.pde.ui-v_Eclipse_0_9,org.eclipse.pde.internal.editor.schema,NewAttributeAction,getInitialName,12,2,0
eclipse.pde.ui-v_Eclipse_0_9,org.eclipse.pde.internal.editor.schema,NewAttributeAction,run,15,2,0
eclipse.pde.ui-v_Eclipse_0_9,org.eclipse.pde.internal.editor.schema,NewAttributeAction,setElement,3,1,1
eclipse.pde.ui-v_Eclipse_0_9,org.eclipse.pde.internal.editor.schema,NewCompositorAction,NewCompositorAction,23,5,3
eclipse.pde.ui-v_Eclipse_0_9,org.eclipse.pde.internal.editor.schema,NewCompositorAction,run,23,5,0
eclipse.pde.ui-v_Eclipse_0_9,org.eclipse.pde.internal.editor.schema,NewElementAction,NewElementAction,5,1,0
eclipse.pde.ui-v_Eclipse_0_9,org.eclipse.pde.internal.editor.schema,NewElementAction,getInitialName,12,2,0
eclipse.pde.ui-v_Eclipse_0_9,org.eclipse.pde.internal.editor.schema,NewElementAction,getSchema,3,1,0
eclipse.pde.ui-v_Eclipse_0_9,org.eclipse.pde.internal.editor.schema,NewElementAction,run,6,1,0
eclipse.pde.ui-v_Eclipse_0_9,org.eclipse.pde.internal.editor.schema,NewElementAction,setSchema,3,1,1
eclipse.pde.ui-v_Eclipse_0_9,org.eclipse.pde.internal.editor.schema,NewReferenceAction,NewReferenceAction,8,1,3
eclipse.pde.ui-v_Eclipse_0_9,org.eclipse.pde.internal.editor.schema,NewReferenceAction,run,8,2,0
eclipse.pde.ui-v_Eclipse_0_9,org.eclipse.pde.internal.editor.schema,NoRestrictionPage,createControl,4,1,1
eclipse.pde.ui-v_Eclipse_0_9,org.eclipse.pde.internal.editor.schema,NoRestrictionPage,getCompatibleRestrictionClass,3,1,0
eclipse.pde.ui-v_Eclipse_0_9,org.eclipse.pde.internal.editor.schema,NoRestrictionPage,getControl,3,1,0
eclipse.pde.ui-v_Eclipse_0_9,org.eclipse.pde.internal.editor.schema,NoRestrictionPage,getRestriction,3,1,0
eclipse.pde.ui-v_Eclipse_0_9,org.eclipse.pde.internal.editor.schema,NoRestrictionPage,initialize,2,1,1
eclipse.pde.ui-v_Eclipse_0_9,org.eclipse.pde.internal.editor.schema,SchemaAdapterFactory,getAdapter,4,2,2
eclipse.pde.ui-v_Eclipse_0_9,org.eclipse.pde.internal.editor.schema,SchemaAdapterFactory,getAdapterList,3,1,0
eclipse.pde.ui-v_Eclipse_0_9,org.eclipse.pde.internal.editor.schema,SchemaAdapterFactory,getAttributeProperties,5,2,1
eclipse.pde.ui-v_Eclipse_0_9,org.eclipse.pde.internal.editor.schema,SchemaAdapterFactory,getElementProperties,5,2,1
eclipse.pde.ui-v_Eclipse_0_9,org.eclipse.pde.internal.editor.schema,SchemaAdapterFactory,getProperties,6,4,1
eclipse.pde.ui-v_Eclipse_0_9,org.eclipse.pde.internal.editor.schema,SchemaAdapterFactory,getRepeatableProperties,5,3,1
eclipse.pde.ui-v_Eclipse_0_9,org.eclipse.pde.internal.editor.schema,SchemaContentProvider,SchemaContentProvider,3,1,0
eclipse.pde.ui-v_Eclipse_0_9,org.eclipse.pde.internal.editor.schema,SchemaContentProvider,dispose,2,1,0
eclipse.pde.ui-v_Eclipse_0_9,org.eclipse.pde.internal.editor.schema,SchemaContentProvider,getChildren,3,1,1
eclipse.pde.ui-v_Eclipse_0_9,org.eclipse.pde.internal.editor.schema,SchemaContentProvider,getElements,3,1,1
eclipse.pde.ui-v_Eclipse_0_9,org.eclipse.pde.internal.editor.schema,SchemaContentProvider,getParent,3,1,1
eclipse.pde.ui-v_Eclipse_0_9,org.eclipse.pde.internal.editor.schema,SchemaContentProvider,hasChildren,3,1,1
eclipse.pde.ui-v_Eclipse_0_9,org.eclipse.pde.internal.editor.schema,SchemaContentProvider,inputChanged,2,1,3
eclipse.pde.ui-v_Eclipse_0_9,org.eclipse.pde.internal.editor.schema,SchemaContentProvider,isDeleted,3,1,1
eclipse.pde.ui-v_Eclipse_0_9,org.eclipse.pde.internal.editor.schema,SchemaDocPage,SchemaDocPage,3,1,1
eclipse.pde.ui-v_Eclipse_0_9,org.eclipse.pde.internal.editor.schema,SchemaDocPage,createForm,3,1,0
eclipse.pde.ui-v_Eclipse_0_9,org.eclipse.pde.internal.editor.schema,SchemaDocPage,getContentOutlinePage,3,1,0
eclipse.pde.ui-v_Eclipse_0_9,org.eclipse.pde.internal.editor.schema,SchemaDocPage,isElementComplete,12,5,1
eclipse.pde.ui-v_Eclipse_0_9,org.eclipse.pde.internal.editor.schema,SchemaDocPage,isMarkupComplete,9,3,0
eclipse.pde.ui-v_Eclipse_0_9,org.eclipse.pde.internal.editor.schema,SchemaDocPage,isObjectComplete,5,2,1
eclipse.pde.ui-v_Eclipse_0_9,org.eclipse.pde.internal.editor.schema,SchemaDocPage,update,3,1,0
eclipse.pde.ui-v_Eclipse_0_9,org.eclipse.pde.internal.editor.schema,SchemaDocPage,updateEditorInput,3,1,1
eclipse.pde.ui-v_Eclipse_0_9,org.eclipse.pde.internal.editor.schema,SchemaDoubleClickStrategy,SchemaDoubleClickStrategy,3,1,0
eclipse.pde.ui-v_Eclipse_0_9,org.eclipse.pde.internal.editor.schema,SchemaDoubleClickStrategy,doubleClicked,6,3,1
eclipse.pde.ui-v_Eclipse_0_9,org.eclipse.pde.internal.editor.schema,SchemaDoubleClickStrategy,matchComment,28,7,0
eclipse.pde.ui-v_Eclipse_0_9,org.eclipse.pde.internal.editor.schema,SchemaDoubleClickStrategy,matchWord,25,5,0
eclipse.pde.ui-v_Eclipse_0_9,org.eclipse.pde.internal.editor.schema,SchemaDoubleClickStrategy,selectComment,7,2,0
eclipse.pde.ui-v_Eclipse_0_9,org.eclipse.pde.internal.editor.schema,SchemaDoubleClickStrategy,selectWord,3,2,0
eclipse.pde.ui-v_Eclipse_0_9,org.eclipse.pde.internal.editor.schema,SchemaEditor,SchemaEditor,3,1,0
eclipse.pde.ui-v_Eclipse_0_9,org.eclipse.pde.internal.editor.schema,SchemaEditor,createModel,10,3,1
eclipse.pde.ui-v_Eclipse_0_9,org.eclipse.pde.internal.editor.schema,SchemaEditor,createPages,8,1,0
eclipse.pde.ui-v_Eclipse_0_9,org.eclipse.pde.internal.editor.schema,SchemaEditor,getHomePage,3,1,0
eclipse.pde.ui-v_Eclipse_0_9,org.eclipse.pde.internal.editor.schema,SchemaEditor,getSourcePageId,3,1,0
eclipse.pde.ui-v_Eclipse_0_9,org.eclipse.pde.internal.editor.schema,SchemaEditor,isModelDirty,3,1,1
eclipse.pde.ui-v_Eclipse_0_9,org.eclipse.pde.internal.editor.schema,SchemaEditor,updateModel,13,1,0
eclipse.pde.ui-v_Eclipse_0_9,org.eclipse.pde.internal.editor.schema,SchemaEditorContributor,SchemaEditorContributor,3,1,0
eclipse.pde.ui-v_Eclipse_0_9,org.eclipse.pde.internal.editor.schema,SchemaForm,SchemaForm,5,1,1
eclipse.pde.ui-v_Eclipse_0_9,org.eclipse.pde.internal.editor.schema,SchemaForm,createFormClient,30,2,1
eclipse.pde.ui-v_Eclipse_0_9,org.eclipse.pde.internal.editor.schema,SchemaForm,dispose,6,1,0
eclipse.pde.ui-v_Eclipse_0_9,org.eclipse.pde.internal.editor.schema,SchemaForm,expandTo,3,1,1
eclipse.pde.ui-v_Eclipse_0_9,org.eclipse.pde.internal.editor.schema,SchemaForm,initialize,7,1,1
eclipse.pde.ui-v_Eclipse_0_9,org.eclipse.pde.internal.editor.schema,SchemaForm,modelChanged,6,2,1
eclipse.pde.ui-v_Eclipse_0_9,org.eclipse.pde.internal.editor.schema,SchemaFormOutlinePage,getChildren,12,4,1
eclipse.pde.ui-v_Eclipse_0_9,org.eclipse.pde.internal.editor.schema,SchemaFormOutlinePage,getParent,3,1,1
eclipse.pde.ui-v_Eclipse_0_9,org.eclipse.pde.internal.editor.schema,SchemaFormOutlinePage,getText,5,2,1
eclipse.pde.ui-v_Eclipse_0_9,org.eclipse.pde.internal.editor.schema,SchemaFormOutlinePage,getImage,5,2,1
eclipse.pde.ui-v_Eclipse_0_9,org.eclipse.pde.internal.editor.schema,SchemaFormOutlinePage,SchemaFormOutlinePage,5,1,1
eclipse.pde.ui-v_Eclipse_0_9,org.eclipse.pde.internal.editor.schema,SchemaFormOutlinePage,createContentProvider,3,1,0
eclipse.pde.ui-v_Eclipse_0_9,org.eclipse.pde.internal.editor.schema,SchemaFormOutlinePage,createLabelProvider,3,1,0
eclipse.pde.ui-v_Eclipse_0_9,org.eclipse.pde.internal.editor.schema,SchemaFormOutlinePage,createTopics,10,2,0
eclipse.pde.ui-v_Eclipse_0_9,org.eclipse.pde.internal.editor.schema,SchemaFormOutlinePage,dispose,8,2,0
eclipse.pde.ui-v_Eclipse_0_9,org.eclipse.pde.internal.editor.schema,SchemaFormOutlinePage,getAttributes,7,2,1
eclipse.pde.ui-v_Eclipse_0_9,org.eclipse.pde.internal.editor.schema,SchemaFormOutlinePage,getBaseObjectImage,16,7,1
eclipse.pde.ui-v_Eclipse_0_9,org.eclipse.pde.internal.editor.schema,SchemaFormOutlinePage,getBaseObjectImageDescriptor,16,7,1
eclipse.pde.ui-v_Eclipse_0_9,org.eclipse.pde.internal.editor.schema,SchemaFormOutlinePage,getMarkup,4,1,0
eclipse.pde.ui-v_Eclipse_0_9,org.eclipse.pde.internal.editor.schema,SchemaFormOutlinePage,getObjectImage,22,6,1
eclipse.pde.ui-v_Eclipse_0_9,org.eclipse.pde.internal.editor.schema,SchemaFormOutlinePage,getObjectLabel,14,7,1
eclipse.pde.ui-v_Eclipse_0_9,org.eclipse.pde.internal.editor.schema,SchemaFormOutlinePage,getOverlayKey,8,2,1
eclipse.pde.ui-v_Eclipse_0_9,org.eclipse.pde.internal.editor.schema,SchemaFormOutlinePage,getParentPage,5,3,1
eclipse.pde.ui-v_Eclipse_0_9,org.eclipse.pde.internal.editor.schema,SchemaFormOutlinePage,getTopics,6,2,0
eclipse.pde.ui-v_Eclipse_0_9,org.eclipse.pde.internal.editor.schema,SchemaFormOutlinePage,modelChanged,27,6,1
eclipse.pde.ui-v_Eclipse_0_9,org.eclipse.pde.internal.editor.schema,ContentProvider,getChildren,12,4,1
eclipse.pde.ui-v_Eclipse_0_9,org.eclipse.pde.internal.editor.schema,ContentProvider,getParent,3,1,1
eclipse.pde.ui-v_Eclipse_0_9,org.eclipse.pde.internal.editor.schema,OutlineLabelProvider,getText,5,2,1
eclipse.pde.ui-v_Eclipse_0_9,org.eclipse.pde.internal.editor.schema,OutlineLabelProvider,getImage,5,2,1
eclipse.pde.ui-v_Eclipse_0_9,org.eclipse.pde.internal.editor.schema,SchemaFormPage,SchemaFormPage,3,1,1
eclipse.pde.ui-v_Eclipse_0_9,org.eclipse.pde.internal.editor.schema,SchemaFormPage,SchemaFormPage,3,1,2
eclipse.pde.ui-v_Eclipse_0_9,org.eclipse.pde.internal.editor.schema,SchemaFormPage,createContentOutlinePage,3,1,0
eclipse.pde.ui-v_Eclipse_0_9,org.eclipse.pde.internal.editor.schema,SchemaFormPage,createForm,3,1,0
eclipse.pde.ui-v_Eclipse_0_9,org.eclipse.pde.internal.editor.schema,SchemaFormPage,createPropertySheetPage,3,1,0
eclipse.pde.ui-v_Eclipse_0_9,org.eclipse.pde.internal.editor.schema,SchemaFormPage,getModel,3,1,0
eclipse.pde.ui-v_Eclipse_0_9,org.eclipse.pde.internal.editor.schema,SchemaObjectPropertySource,ComboProvider,4,1,2
eclipse.pde.ui-v_Eclipse_0_9,org.eclipse.pde.internal.editor.schema,SchemaObjectPropertySource,getText,4,1,1
eclipse.pde.ui-v_Eclipse_0_9,org.eclipse.pde.internal.editor.schema,SchemaObjectPropertySource,SchemaObjectPropertySource,3,1,1
eclipse.pde.ui-v_Eclipse_0_9,org.eclipse.pde.internal.editor.schema,SchemaObjectPropertySource,createComboBoxPropertyDescriptor,4,2,3
eclipse.pde.ui-v_Eclipse_0_9,org.eclipse.pde.internal.editor.schema,SchemaObjectPropertySource,createTextPropertyDescriptor,4,2,2
eclipse.pde.ui-v_Eclipse_0_9,org.eclipse.pde.internal.editor.schema,SchemaObjectPropertySource,getNonzeroValue,4,2,1
eclipse.pde.ui-v_Eclipse_0_9,org.eclipse.pde.internal.editor.schema,SchemaObjectPropertySource,getSourceObject,3,1,0
eclipse.pde.ui-v_Eclipse_0_9,org.eclipse.pde.internal.editor.schema,SchemaObjectPropertySource,isEditable,4,1,0
eclipse.pde.ui-v_Eclipse_0_9,org.eclipse.pde.internal.editor.schema,SchemaObjectPropertySource,setSourceObject,3,1,1
eclipse.pde.ui-v_Eclipse_0_9,org.eclipse.pde.internal.editor.schema,SchemaObjectPropertySource,toDescriptorArray,5,1,1
eclipse.pde.ui-v_Eclipse_0_9,org.eclipse.pde.internal.editor.schema,ComboProvider,ComboProvider,4,1,2
eclipse.pde.ui-v_Eclipse_0_9,org.eclipse.pde.internal.editor.schema,ComboProvider,getText,4,1,1
eclipse.pde.ui-v_Eclipse_0_9,org.eclipse.pde.internal.editor.schema,SchemaPropertySheet,SchemaPropertySheet,3,1,0
eclipse.pde.ui-v_Eclipse_0_9,org.eclipse.pde.internal.editor.schema,SchemaPropertySheet,createControl,9,1,1
eclipse.pde.ui-v_Eclipse_0_9,org.eclipse.pde.internal.editor.schema,SchemaPropertySheet,widgetSelected,2,1,1
eclipse.pde.ui-v_Eclipse_0_9,org.eclipse.pde.internal.editor.schema,SchemaPropertySheet,disableActions,3,1,0
eclipse.pde.ui-v_Eclipse_0_9,org.eclipse.pde.internal.editor.schema,SchemaPropertySheet,fillLocalToolBar,4,1,1
eclipse.pde.ui-v_Eclipse_0_9,org.eclipse.pde.internal.editor.schema,SchemaPropertySheet,getSelectedEntry,7,2,0
eclipse.pde.ui-v_Eclipse_0_9,org.eclipse.pde.internal.editor.schema,SchemaPropertySheet,handleClone,16,5,0
eclipse.pde.ui-v_Eclipse_0_9,org.eclipse.pde.internal.editor.schema,SchemaPropertySheet,makeContributions,4,1,3
eclipse.pde.ui-v_Eclipse_0_9,org.eclipse.pde.internal.editor.schema,SchemaPropertySheet,makeSchemaActions,13,1,0
eclipse.pde.ui-v_Eclipse_0_9,org.eclipse.pde.internal.editor.schema,SchemaPropertySheet,run,3,1,0
eclipse.pde.ui-v_Eclipse_0_9,org.eclipse.pde.internal.editor.schema,SchemaPropertySheet,selectionChanged,6,1,2
eclipse.pde.ui-v_Eclipse_0_9,org.eclipse.pde.internal.editor.schema,SchemaPropertySheet,updateActions,11,3,0
eclipse.pde.ui-v_Eclipse_0_9,org.eclipse.pde.internal.editor.schema,SchemaPropertySheet,updateActions,6,2,1
eclipse.pde.ui-v_Eclipse_0_9,org.eclipse.pde.internal.editor.schema,SchemaSourceOutlinePage,SchemaSourceOutlinePage,5,1,3
eclipse.pde.ui-v_Eclipse_0_9,org.eclipse.pde.internal.editor.schema,SchemaSourceOutlinePage,createControl,7,1,1
eclipse.pde.ui-v_Eclipse_0_9,org.eclipse.pde.internal.editor.schema,SchemaSourceOutlinePage,getControl,3,1,0
eclipse.pde.ui-v_Eclipse_0_9,org.eclipse.pde.internal.editor.schema,SchemaSourceOutlinePage,selectionChanged,3,1,1
eclipse.pde.ui-v_Eclipse_0_9,org.eclipse.pde.internal.editor.schema,SchemaSourcePage,SchemaSourcePage,4,1,1
eclipse.pde.ui-v_Eclipse_0_9,org.eclipse.pde.internal.editor.schema,SchemaSourcePage,createContentOutlinePage,3,1,0
eclipse.pde.ui-v_Eclipse_0_9,org.eclipse.pde.internal.editor.schema,SchemaSourcePage,dispose,4,1,0
eclipse.pde.ui-v_Eclipse_0_9,org.eclipse.pde.internal.editor.schema,TypeRestrictionCellEditor,TypeRestrictionCellEditor,3,1,1
eclipse.pde.ui-v_Eclipse_0_9,org.eclipse.pde.internal.editor.schema,TypeRestrictionCellEditor,createContents,6,1,1
eclipse.pde.ui-v_Eclipse_0_9,org.eclipse.pde.internal.editor.schema,TypeRestrictionCellEditor,openDialogBox,11,2,1
eclipse.pde.ui-v_Eclipse_0_9,org.eclipse.pde.internal.editor.schema,TypeRestrictionCellEditor,updateContents,4,2,1
eclipse.pde.ui-v_Eclipse_0_9,org.eclipse.pde.internal.editor.schema,TypeRestrictionDescriptor,TypeRestrictionDescriptor,4,1,3
eclipse.pde.ui-v_Eclipse_0_9,org.eclipse.pde.internal.editor.schema,TypeRestrictionDescriptor,createPropertyEditor,4,2,1
eclipse.pde.ui-v_Eclipse_0_9,org.eclipse.pde.internal.editor.schema,TypeRestrictionDescriptor,isCompatibleWith,16,8,1
eclipse.pde.ui-v_Eclipse_0_9,org.eclipse.pde.internal.editor.schema,TypeRestrictionDialog,TypeRestrictionDialog,4,2,2
eclipse.pde.ui-v_Eclipse_0_9,org.eclipse.pde.internal.editor.schema,TypeRestrictionDialog,createButtonsForButtonBar,4,1,1
eclipse.pde.ui-v_Eclipse_0_9,org.eclipse.pde.internal.editor.schema,TypeRestrictionDialog,createDialogArea,32,1,1
eclipse.pde.ui-v_Eclipse_0_9,org.eclipse.pde.internal.editor.schema,TypeRestrictionDialog,widgetSelected,3,1,1
eclipse.pde.ui-v_Eclipse_0_9,org.eclipse.pde.internal.editor.schema,TypeRestrictionDialog,getValue,3,1,0
eclipse.pde.ui-v_Eclipse_0_9,org.eclipse.pde.internal.editor.schema,TypeRestrictionDialog,handleTypeSelection,5,1,0
eclipse.pde.ui-v_Eclipse_0_9,org.eclipse.pde.internal.editor.schema,TypeRestrictionDialog,initializePages,22,3,0
eclipse.pde.ui-v_Eclipse_0_9,org.eclipse.pde.internal.editor.schema,TypeRestrictionDialog,initializeTypeCombo,3,1,0
eclipse.pde.ui-v_Eclipse_0_9,org.eclipse.pde.internal.editor.schema,TypeRestrictionDialog,okPressed,6,1,0
eclipse.pde.ui-v_Eclipse_0_9,org.eclipse.pde.internal.editor.text,ColorManager,dispose,4,2,0
eclipse.pde.ui-v_Eclipse_0_9,org.eclipse.pde.internal.editor.text,ColorManager,getColor,8,2,1
eclipse.pde.ui-v_Eclipse_0_9,org.eclipse.pde.internal.editor.text,IColorManager,dispose,0,1,0
eclipse.pde.ui-v_Eclipse_0_9,org.eclipse.pde.internal.editor.text,IColorManager,getColor,0,1,1
eclipse.pde.ui-v_Eclipse_0_9,org.eclipse.pde.internal.editor.text,PDECommentScanner,PDECommentScanner,8,1,1
eclipse.pde.ui-v_Eclipse_0_9,org.eclipse.pde.internal.editor.text,PDEPartitionScanner,PDEPartitionScanner,8,1,0
eclipse.pde.ui-v_Eclipse_0_9,org.eclipse.pde.internal.editor.text,PDEScanner,PDEScanner,9,1,1
eclipse.pde.ui-v_Eclipse_0_9,org.eclipse.pde.internal.editor.text,PDETagScanner,PDETagScanner,10,1,1
eclipse.pde.ui-v_Eclipse_0_9,org.eclipse.pde.internal.editor.text,PDETagScanner,nextToken,3,1,0
eclipse.pde.ui-v_Eclipse_0_9,org.eclipse.pde.internal.editor.text,PDEWhitespaceDetector,isWhitespace,3,1,1
eclipse.pde.ui-v_Eclipse_0_9,org.eclipse.pde.internal.editor.text,TagRule,TagRule,3,1,1
eclipse.pde.ui-v_Eclipse_0_9,org.eclipse.pde.internal.editor.text,TagRule,sequenceDetected,14,4,3
eclipse.pde.ui-v_Eclipse_0_9,org.eclipse.pde.internal.editor.text,TextUtil,createMultiLine,3,1,2
eclipse.pde.ui-v_Eclipse_0_9,org.eclipse.pde.internal.editor.text,TextUtil,createMultiLine,46,13,3
eclipse.pde.ui-v_Eclipse_0_9,org.eclipse.pde.internal.editor.text,TextUtil,isParagraph,7,5,2
eclipse.pde.ui-v_Eclipse_0_9,org.eclipse.pde.internal.editor.text,TextUtil,isPreEnd,10,8,2
eclipse.pde.ui-v_Eclipse_0_9,org.eclipse.pde.internal.editor.text,TextUtil,isPreStart,9,7,2
eclipse.pde.ui-v_Eclipse_0_9,org.eclipse.pde.internal.elements,DefaultContentProvider,DefaultContentProvider,3,1,0
eclipse.pde.ui-v_Eclipse_0_9,org.eclipse.pde.internal.elements,DefaultContentProvider,dispose,2,1,0
eclipse.pde.ui-v_Eclipse_0_9,org.eclipse.pde.internal.elements,DefaultContentProvider,inputChanged,2,1,3
eclipse.pde.ui-v_Eclipse_0_9,org.eclipse.pde.internal.elements,DefaultElement,getChildren,3,1,0
eclipse.pde.ui-v_Eclipse_0_9,org.eclipse.pde.internal.elements,DefaultElement,getImage,3,1,0
eclipse.pde.ui-v_Eclipse_0_9,org.eclipse.pde.internal.elements,DefaultElement,getLabel,3,1,0
eclipse.pde.ui-v_Eclipse_0_9,org.eclipse.pde.internal.elements,DefaultElement,getParent,3,1,0
eclipse.pde.ui-v_Eclipse_0_9,org.eclipse.pde.internal.elements,ElementLabelProvider,ElementLabelProvider,3,1,0
eclipse.pde.ui-v_Eclipse_0_9,org.eclipse.pde.internal.elements,ElementLabelProvider,getImage,6,2,1
eclipse.pde.ui-v_Eclipse_0_9,org.eclipse.pde.internal.elements,ElementLabelProvider,getText,6,2,1
eclipse.pde.ui-v_Eclipse_0_9,org.eclipse.pde.internal.elements,ElementList,ElementList,3,1,1
eclipse.pde.ui-v_Eclipse_0_9,org.eclipse.pde.internal.elements,ElementList,ElementList,3,1,2
eclipse.pde.ui-v_Eclipse_0_9,org.eclipse.pde.internal.elements,ElementList,ElementList,3,1,3
eclipse.pde.ui-v_Eclipse_0_9,org.eclipse.pde.internal.elements,ElementList,add,3,1,1
eclipse.pde.ui-v_Eclipse_0_9,org.eclipse.pde.internal.elements,ElementList,getChildren,6,2,0
eclipse.pde.ui-v_Eclipse_0_9,org.eclipse.pde.internal.elements,ElementList,remove,3,1,1
eclipse.pde.ui-v_Eclipse_0_9,org.eclipse.pde.internal.elements,ElementList,size,3,1,0
eclipse.pde.ui-v_Eclipse_0_9,org.eclipse.pde.internal.elements,ElementList,toString,3,1,0
eclipse.pde.ui-v_Eclipse_0_9,org.eclipse.pde.internal.elements,IPDEElement,getChildren,0,1,0
eclipse.pde.ui-v_Eclipse_0_9,org.eclipse.pde.internal.elements,IPDEElement,getImage,0,1,0
eclipse.pde.ui-v_Eclipse_0_9,org.eclipse.pde.internal.elements,IPDEElement,getLabel,0,1,0
eclipse.pde.ui-v_Eclipse_0_9,org.eclipse.pde.internal.elements,IPDEElement,getParent,0,1,0
eclipse.pde.ui-v_Eclipse_0_9,org.eclipse.pde.internal.elements,ListContentProvider,ListContentProvider,3,1,0
eclipse.pde.ui-v_Eclipse_0_9,org.eclipse.pde.internal.elements,ListContentProvider,getElements,6,2,1
eclipse.pde.ui-v_Eclipse_0_9,org.eclipse.pde.internal.elements,NamedElement,NamedElement,3,1,1
eclipse.pde.ui-v_Eclipse_0_9,org.eclipse.pde.internal.elements,NamedElement,NamedElement,3,1,2
eclipse.pde.ui-v_Eclipse_0_9,org.eclipse.pde.internal.elements,NamedElement,NamedElement,5,1,3
eclipse.pde.ui-v_Eclipse_0_9,org.eclipse.pde.internal.elements,NamedElement,getImage,3,1,0
eclipse.pde.ui-v_Eclipse_0_9,org.eclipse.pde.internal.elements,NamedElement,getLabel,3,1,0
eclipse.pde.ui-v_Eclipse_0_9,org.eclipse.pde.internal.elements,NamedElement,getParent,3,1,0
eclipse.pde.ui-v_Eclipse_0_9,org.eclipse.pde.internal.elements,NamedElement,toString,3,1,0
eclipse.pde.ui-v_Eclipse_0_9,org.eclipse.pde.internal.elements,TreeContentProvider,TreeContentProvider,3,1,0
eclipse.pde.ui-v_Eclipse_0_9,org.eclipse.pde.internal.elements,TreeContentProvider,dispose,2,1,0
eclipse.pde.ui-v_Eclipse_0_9,org.eclipse.pde.internal.elements,TreeContentProvider,getChildren,6,2,1
eclipse.pde.ui-v_Eclipse_0_9,org.eclipse.pde.internal.elements,TreeContentProvider,getElements,6,2,1
eclipse.pde.ui-v_Eclipse_0_9,org.eclipse.pde.internal.elements,TreeContentProvider,getParent,6,2,1
eclipse.pde.ui-v_Eclipse_0_9,org.eclipse.pde.internal.elements,TreeContentProvider,hasChildren,7,2,1
eclipse.pde.ui-v_Eclipse_0_9,org.eclipse.pde.internal.elements,TreeContentProvider,inputChanged,2,1,3
eclipse.pde.ui-v_Eclipse_0_9,org.eclipse.pde.internal.elements,TreeContentProvider,isDeleted,3,1,1
eclipse.pde.ui-v_Eclipse_0_9,org.eclipse.pde.internal.forms,CustomWorkbook,CustomWorkbook,3,1,0
eclipse.pde.ui-v_Eclipse_0_9,org.eclipse.pde.internal.forms,CustomWorkbook,addFormSelectionListener,3,1,1
eclipse.pde.ui-v_Eclipse_0_9,org.eclipse.pde.internal.forms,CustomWorkbook,addPage,8,3,1
eclipse.pde.ui-v_Eclipse_0_9,org.eclipse.pde.internal.forms,CustomWorkbook,createControl,17,3,1
eclipse.pde.ui-v_Eclipse_0_9,org.eclipse.pde.internal.forms,CustomWorkbook,widgetSelected,5,2,1
eclipse.pde.ui-v_Eclipse_0_9,org.eclipse.pde.internal.forms,CustomWorkbook,handleEvent,3,2,1
eclipse.pde.ui-v_Eclipse_0_9,org.eclipse.pde.internal.forms,CustomWorkbook,fireSelectionChanged,6,2,1
eclipse.pde.ui-v_Eclipse_0_9,org.eclipse.pde.internal.forms,CustomWorkbook,getControl,3,1,0
eclipse.pde.ui-v_Eclipse_0_9,org.eclipse.pde.internal.forms,CustomWorkbook,getCurrentPage,3,1,0
eclipse.pde.ui-v_Eclipse_0_9,org.eclipse.pde.internal.forms,CustomWorkbook,isFirstPageSelected,3,1,0
eclipse.pde.ui-v_Eclipse_0_9,org.eclipse.pde.internal.forms,CustomWorkbook,removeFormSelectionListener,3,1,1
eclipse.pde.ui-v_Eclipse_0_9,org.eclipse.pde.internal.forms,CustomWorkbook,removePage,4,2,1
eclipse.pde.ui-v_Eclipse_0_9,org.eclipse.pde.internal.forms,CustomWorkbook,reselectPage,8,1,1
eclipse.pde.ui-v_Eclipse_0_9,org.eclipse.pde.internal.forms,CustomWorkbook,run,3,1,0
eclipse.pde.ui-v_Eclipse_0_9,org.eclipse.pde.internal.forms,CustomWorkbook,selectPage,10,1,1
eclipse.pde.ui-v_Eclipse_0_9,org.eclipse.pde.internal.forms,CustomWorkbook,run,3,1,0
eclipse.pde.ui-v_Eclipse_0_9,org.eclipse.pde.internal.forms,CustomWorkbook,setControlSize,10,1,1
eclipse.pde.ui-v_Eclipse_0_9,org.eclipse.pde.internal.forms,CustomWorkbook,setControlVisible,5,2,1
eclipse.pde.ui-v_Eclipse_0_9,org.eclipse.pde.internal.forms,CustomWorkbook,setFirstPageSelected,3,1,1
eclipse.pde.ui-v_Eclipse_0_9,org.eclipse.pde.internal.forms,CustomWorkbook,switchPages,19,6,2
eclipse.pde.ui-v_Eclipse_0_9,org.eclipse.pde.internal.forms,Form,computeSize,8,3,4
eclipse.pde.ui-v_Eclipse_0_9,org.eclipse.pde.internal.forms,Form,layout,6,1,2
eclipse.pde.ui-v_Eclipse_0_9,org.eclipse.pde.internal.forms,Form,Form,7,2,0
eclipse.pde.ui-v_Eclipse_0_9,org.eclipse.pde.internal.forms,Form,canPerformDirectly,31,8,2
eclipse.pde.ui-v_Eclipse_0_9,org.eclipse.pde.internal.forms,Form,commitChanges,8,4,1
eclipse.pde.ui-v_Eclipse_0_9,org.eclipse.pde.internal.forms,Form,createControl,12,1,1
eclipse.pde.ui-v_Eclipse_0_9,org.eclipse.pde.internal.forms,Form,createFormClient,3,1,1
eclipse.pde.ui-v_Eclipse_0_9,org.eclipse.pde.internal.forms,Form,dispose,9,3,0
eclipse.pde.ui-v_Eclipse_0_9,org.eclipse.pde.internal.forms,Form,doGlobalAction,19,6,1
eclipse.pde.ui-v_Eclipse_0_9,org.eclipse.pde.internal.forms,Form,expandTo,2,1,1
eclipse.pde.ui-v_Eclipse_0_9,org.eclipse.pde.internal.forms,Form,getControl,3,1,0
eclipse.pde.ui-v_Eclipse_0_9,org.eclipse.pde.internal.forms,Form,getFactory,3,1,0
eclipse.pde.ui-v_Eclipse_0_9,org.eclipse.pde.internal.forms,Form,getHeadingBackground,3,1,0
eclipse.pde.ui-v_Eclipse_0_9,org.eclipse.pde.internal.forms,Form,getHeadingForeground,3,1,0
eclipse.pde.ui-v_Eclipse_0_9,org.eclipse.pde.internal.forms,Form,getHeadingImage,3,1,0
eclipse.pde.ui-v_Eclipse_0_9,org.eclipse.pde.internal.forms,Form,getHeightHint,3,1,0
eclipse.pde.ui-v_Eclipse_0_9,org.eclipse.pde.internal.forms,Form,getReadOnly,3,1,0
eclipse.pde.ui-v_Eclipse_0_9,org.eclipse.pde.internal.forms,Form,getTitle,3,1,0
eclipse.pde.ui-v_Eclipse_0_9,org.eclipse.pde.internal.forms,Form,getTitleHeight,13,2,0
eclipse.pde.ui-v_Eclipse_0_9,org.eclipse.pde.internal.forms,Form,getWidthHint,3,1,0
eclipse.pde.ui-v_Eclipse_0_9,org.eclipse.pde.internal.forms,Form,initialize,8,3,1
eclipse.pde.ui-v_Eclipse_0_9,org.eclipse.pde.internal.forms,Form,isHeadingVisible,3,1,0
eclipse.pde.ui-v_Eclipse_0_9,org.eclipse.pde.internal.forms,Form,paint,27,5,2
eclipse.pde.ui-v_Eclipse_0_9,org.eclipse.pde.internal.forms,Form,paintControl,6,2,1
eclipse.pde.ui-v_Eclipse_0_9,org.eclipse.pde.internal.forms,Form,registerSection,4,2,1
eclipse.pde.ui-v_Eclipse_0_9,org.eclipse.pde.internal.forms,Form,setFocus,6,2,0
eclipse.pde.ui-v_Eclipse_0_9,org.eclipse.pde.internal.forms,Form,setHeadingBackground,3,1,1
eclipse.pde.ui-v_Eclipse_0_9,org.eclipse.pde.internal.forms,Form,setHeadingForeground,3,1,1
eclipse.pde.ui-v_Eclipse_0_9,org.eclipse.pde.internal.forms,Form,setHeadingImage,3,1,1
eclipse.pde.ui-v_Eclipse_0_9,org.eclipse.pde.internal.forms,Form,setHeadingVisible,6,3,1
eclipse.pde.ui-v_Eclipse_0_9,org.eclipse.pde.internal.forms,Form,setHeightHint,3,1,1
eclipse.pde.ui-v_Eclipse_0_9,org.eclipse.pde.internal.forms,Form,setReadOnly,3,1,1
eclipse.pde.ui-v_Eclipse_0_9,org.eclipse.pde.internal.forms,Form,setTitle,4,2,1
eclipse.pde.ui-v_Eclipse_0_9,org.eclipse.pde.internal.forms,Form,setWidthHint,3,1,1
eclipse.pde.ui-v_Eclipse_0_9,org.eclipse.pde.internal.forms,Form,update,8,3,0
eclipse.pde.ui-v_Eclipse_0_9,org.eclipse.pde.internal.forms,FormLayout,computeSize,8,3,4
eclipse.pde.ui-v_Eclipse_0_9,org.eclipse.pde.internal.forms,FormLayout,layout,6,1,2
eclipse.pde.ui-v_Eclipse_0_9,org.eclipse.pde.internal.forms,FormButton,FormButton,15,1,2
eclipse.pde.ui-v_Eclipse_0_9,org.eclipse.pde.internal.forms,FormButton,mouseEnter,4,1,1
eclipse.pde.ui-v_Eclipse_0_9,org.eclipse.pde.internal.forms,FormButton,mouseExit,4,1,1
eclipse.pde.ui-v_Eclipse_0_9,org.eclipse.pde.internal.forms,FormButton,getButton,3,1,0
eclipse.pde.ui-v_Eclipse_0_9,org.eclipse.pde.internal.forms,FormButton,getDisabledImage,3,1,0
eclipse.pde.ui-v_Eclipse_0_9,org.eclipse.pde.internal.forms,FormButton,getHoverImage,3,1,0
eclipse.pde.ui-v_Eclipse_0_9,org.eclipse.pde.internal.forms,FormButton,getImage,3,1,0
eclipse.pde.ui-v_Eclipse_0_9,org.eclipse.pde.internal.forms,FormButton,setDisabledImage,3,1,1
eclipse.pde.ui-v_Eclipse_0_9,org.eclipse.pde.internal.forms,FormButton,setEnabled,4,1,1
eclipse.pde.ui-v_Eclipse_0_9,org.eclipse.pde.internal.forms,FormButton,setHoverImage,3,1,1
eclipse.pde.ui-v_Eclipse_0_9,org.eclipse.pde.internal.forms,FormButton,setImage,6,3,1
eclipse.pde.ui-v_Eclipse_0_9,org.eclipse.pde.internal.forms,FormButton,updateImage,16,3,0
eclipse.pde.ui-v_Eclipse_0_9,org.eclipse.pde.internal.forms,FormSection,FormSection,5,2,0
eclipse.pde.ui-v_Eclipse_0_9,org.eclipse.pde.internal.forms,FormSection,commitChanges,2,1,1
eclipse.pde.ui-v_Eclipse_0_9,org.eclipse.pde.internal.forms,FormSection,createClient,0,1,2
eclipse.pde.ui-v_Eclipse_0_9,org.eclipse.pde.internal.forms,FormSection,createControl,44,5,2
eclipse.pde.ui-v_Eclipse_0_9,org.eclipse.pde.internal.forms,FormSection,linkActivated,3,1,1
eclipse.pde.ui-v_Eclipse_0_9,org.eclipse.pde.internal.forms,FormSection,createText,3,1,3
eclipse.pde.ui-v_Eclipse_0_9,org.eclipse.pde.internal.forms,FormSection,createText,9,1,4
eclipse.pde.ui-v_Eclipse_0_9,org.eclipse.pde.internal.forms,FormSection,createText,8,1,3
eclipse.pde.ui-v_Eclipse_0_9,org.eclipse.pde.internal.forms,FormSection,dispose,2,1,0
eclipse.pde.ui-v_Eclipse_0_9,org.eclipse.pde.internal.forms,FormSection,doGlobalAction,2,1,1
eclipse.pde.ui-v_Eclipse_0_9,org.eclipse.pde.internal.forms,FormSection,expandTo,2,1,1
eclipse.pde.ui-v_Eclipse_0_9,org.eclipse.pde.internal.forms,FormSection,fireChangeNotification,4,2,2
eclipse.pde.ui-v_Eclipse_0_9,org.eclipse.pde.internal.forms,FormSection,fireSelectionNotification,3,1,1
eclipse.pde.ui-v_Eclipse_0_9,org.eclipse.pde.internal.forms,FormSection,getDescription,3,1,0
eclipse.pde.ui-v_Eclipse_0_9,org.eclipse.pde.internal.forms,FormSection,getHeaderColorKey,3,1,0
eclipse.pde.ui-v_Eclipse_0_9,org.eclipse.pde.internal.forms,FormSection,getHeaderText,3,1,0
eclipse.pde.ui-v_Eclipse_0_9,org.eclipse.pde.internal.forms,FormSection,getHeightHint,3,1,0
eclipse.pde.ui-v_Eclipse_0_9,org.eclipse.pde.internal.forms,FormSection,getWidthHint,3,1,0
eclipse.pde.ui-v_Eclipse_0_9,org.eclipse.pde.internal.forms,FormSection,initialize,2,1,1
eclipse.pde.ui-v_Eclipse_0_9,org.eclipse.pde.internal.forms,FormSection,isAddSeparator,3,1,0
eclipse.pde.ui-v_Eclipse_0_9,org.eclipse.pde.internal.forms,FormSection,isDescriptionPainted,3,1,0
eclipse.pde.ui-v_Eclipse_0_9,org.eclipse.pde.internal.forms,FormSection,isDirty,3,1,0
eclipse.pde.ui-v_Eclipse_0_9,org.eclipse.pde.internal.forms,FormSection,isHeaderPainted,3,1,0
eclipse.pde.ui-v_Eclipse_0_9,org.eclipse.pde.internal.forms,FormSection,isReadOnly,3,1,0
eclipse.pde.ui-v_Eclipse_0_9,org.eclipse.pde.internal.forms,FormSection,isTitleAsHyperlink,3,1,0
eclipse.pde.ui-v_Eclipse_0_9,org.eclipse.pde.internal.forms,FormSection,sectionChanged,2,1,3
eclipse.pde.ui-v_Eclipse_0_9,org.eclipse.pde.internal.forms,FormSection,setAddSeparator,3,1,1
eclipse.pde.ui-v_Eclipse_0_9,org.eclipse.pde.internal.forms,FormSection,setDescription,4,2,1
eclipse.pde.ui-v_Eclipse_0_9,org.eclipse.pde.internal.forms,FormSection,setDescriptionPainted,3,1,1
eclipse.pde.ui-v_Eclipse_0_9,org.eclipse.pde.internal.forms,FormSection,setDirty,3,1,1
eclipse.pde.ui-v_Eclipse_0_9,org.eclipse.pde.internal.forms,FormSection,setFocus,2,1,0
eclipse.pde.ui-v_Eclipse_0_9,org.eclipse.pde.internal.forms,FormSection,setHeaderColorKey,3,1,1
eclipse.pde.ui-v_Eclipse_0_9,org.eclipse.pde.internal.forms,FormSection,setHeaderPainted,3,1,1
eclipse.pde.ui-v_Eclipse_0_9,org.eclipse.pde.internal.forms,FormSection,setHeaderText,4,2,1
eclipse.pde.ui-v_Eclipse_0_9,org.eclipse.pde.internal.forms,FormSection,setHeightHint,3,1,1
eclipse.pde.ui-v_Eclipse_0_9,org.eclipse.pde.internal.forms,FormSection,setManager,3,1,1
eclipse.pde.ui-v_Eclipse_0_9,org.eclipse.pde.internal.forms,FormSection,setReadOnly,3,1,1
eclipse.pde.ui-v_Eclipse_0_9,org.eclipse.pde.internal.forms,FormSection,setTitleAsHyperlink,2,1,1
eclipse.pde.ui-v_Eclipse_0_9,org.eclipse.pde.internal.forms,FormSection,setWidthHint,3,1,1
eclipse.pde.ui-v_Eclipse_0_9,org.eclipse.pde.internal.forms,FormSection,titleActivated,2,1,0
eclipse.pde.ui-v_Eclipse_0_9,org.eclipse.pde.internal.forms,FormSection,update,2,1,0
eclipse.pde.ui-v_Eclipse_0_9,org.eclipse.pde.internal.forms,FormText,FormText,5,1,1
eclipse.pde.ui-v_Eclipse_0_9,org.eclipse.pde.internal.forms,FormText,addFormTextListener,3,1,1
eclipse.pde.ui-v_Eclipse_0_9,org.eclipse.pde.internal.forms,FormText,addListeners,20,2,0
eclipse.pde.ui-v_Eclipse_0_9,org.eclipse.pde.internal.forms,FormText,keyReleased,3,1,1
eclipse.pde.ui-v_Eclipse_0_9,org.eclipse.pde.internal.forms,FormText,modifyText,3,1,1
eclipse.pde.ui-v_Eclipse_0_9,org.eclipse.pde.internal.forms,FormText,focusLost,3,2,1
eclipse.pde.ui-v_Eclipse_0_9,org.eclipse.pde.internal.forms,FormText,commit,9,3,0
eclipse.pde.ui-v_Eclipse_0_9,org.eclipse.pde.internal.forms,FormText,editOccured,7,3,1
eclipse.pde.ui-v_Eclipse_0_9,org.eclipse.pde.internal.forms,FormText,getControl,3,1,0
eclipse.pde.ui-v_Eclipse_0_9,org.eclipse.pde.internal.forms,FormText,getValue,3,1,0
eclipse.pde.ui-v_Eclipse_0_9,org.eclipse.pde.internal.forms,FormText,isDirty,3,1,0
eclipse.pde.ui-v_Eclipse_0_9,org.eclipse.pde.internal.forms,FormText,keyReleaseOccured,9,4,1
eclipse.pde.ui-v_Eclipse_0_9,org.eclipse.pde.internal.forms,FormText,removeFormTextListener,3,1,1
eclipse.pde.ui-v_Eclipse_0_9,org.eclipse.pde.internal.forms,FormText,setDirty,3,1,1
eclipse.pde.ui-v_Eclipse_0_9,org.eclipse.pde.internal.forms,FormText,setValue,4,2,1
eclipse.pde.ui-v_Eclipse_0_9,org.eclipse.pde.internal.forms,FormText,setValue,5,1,2
eclipse.pde.ui-v_Eclipse_0_9,org.eclipse.pde.internal.forms,FormWidgetFactory,paintControl,22,5,1
eclipse.pde.ui-v_Eclipse_0_9,org.eclipse.pde.internal.forms,FormWidgetFactory,FormWidgetFactory,3,1,0
eclipse.pde.ui-v_Eclipse_0_9,org.eclipse.pde.internal.forms,FormWidgetFactory,FormWidgetFactory,4,1,1
eclipse.pde.ui-v_Eclipse_0_9,org.eclipse.pde.internal.forms,FormWidgetFactory,createButton,8,2,3
eclipse.pde.ui-v_Eclipse_0_9,org.eclipse.pde.internal.forms,FormWidgetFactory,createComposite,3,1,1
eclipse.pde.ui-v_Eclipse_0_9,org.eclipse.pde.internal.forms,FormWidgetFactory,createComposite,11,1,2
eclipse.pde.ui-v_Eclipse_0_9,org.eclipse.pde.internal.forms,FormWidgetFactory,mousePressed,3,1,1
eclipse.pde.ui-v_Eclipse_0_9,org.eclipse.pde.internal.forms,FormWidgetFactory,createCompositeSeparator,5,1,1
eclipse.pde.ui-v_Eclipse_0_9,org.eclipse.pde.internal.forms,FormWidgetFactory,createHeadingLabel,3,1,3
eclipse.pde.ui-v_Eclipse_0_9,org.eclipse.pde.internal.forms,FormWidgetFactory,createHeadingLabel,9,2,4
eclipse.pde.ui-v_Eclipse_0_9,org.eclipse.pde.internal.forms,FormWidgetFactory,createHyperlinkLabel,3,1,3
eclipse.pde.ui-v_Eclipse_0_9,org.eclipse.pde.internal.forms,FormWidgetFactory,createHyperlinkLabel,5,1,4
eclipse.pde.ui-v_Eclipse_0_9,org.eclipse.pde.internal.forms,FormWidgetFactory,createLabel,3,1,2
eclipse.pde.ui-v_Eclipse_0_9,org.eclipse.pde.internal.forms,FormWidgetFactory,createLabel,7,2,3
eclipse.pde.ui-v_Eclipse_0_9,org.eclipse.pde.internal.forms,FormWidgetFactory,createSeparator,6,1,2
eclipse.pde.ui-v_Eclipse_0_9,org.eclipse.pde.internal.forms,FormWidgetFactory,createTable,7,1,2
eclipse.pde.ui-v_Eclipse_0_9,org.eclipse.pde.internal.forms,FormWidgetFactory,createText,3,1,2
eclipse.pde.ui-v_Eclipse_0_9,org.eclipse.pde.internal.forms,FormWidgetFactory,createText,7,1,3
eclipse.pde.ui-v_Eclipse_0_9,org.eclipse.pde.internal.forms,FormWidgetFactory,createTree,7,1,2
eclipse.pde.ui-v_Eclipse_0_9,org.eclipse.pde.internal.forms,FormWidgetFactory,deleteKeyPressed,11,4,1
eclipse.pde.ui-v_Eclipse_0_9,org.eclipse.pde.internal.forms,FormWidgetFactory,dispose,11,2,0
eclipse.pde.ui-v_Eclipse_0_9,org.eclipse.pde.internal.forms,FormWidgetFactory,getBackgroundColor,3,1,0
eclipse.pde.ui-v_Eclipse_0_9,org.eclipse.pde.internal.forms,FormWidgetFactory,getBorderColor,3,1,0
eclipse.pde.ui-v_Eclipse_0_9,org.eclipse.pde.internal.forms,FormWidgetFactory,getBusyCursor,3,1,0
eclipse.pde.ui-v_Eclipse_0_9,org.eclipse.pde.internal.forms,FormWidgetFactory,getClientAreaColor,3,1,0
eclipse.pde.ui-v_Eclipse_0_9,org.eclipse.pde.internal.forms,FormWidgetFactory,getColor,3,1,1
eclipse.pde.ui-v_Eclipse_0_9,org.eclipse.pde.internal.forms,FormWidgetFactory,getForegroundColor,3,1,0
eclipse.pde.ui-v_Eclipse_0_9,org.eclipse.pde.internal.forms,FormWidgetFactory,getHyperlinkColor,3,1,0
eclipse.pde.ui-v_Eclipse_0_9,org.eclipse.pde.internal.forms,FormWidgetFactory,getHyperlinkCursor,3,1,0
eclipse.pde.ui-v_Eclipse_0_9,org.eclipse.pde.internal.forms,FormWidgetFactory,getHyperlinkHoverColor,3,1,0
eclipse.pde.ui-v_Eclipse_0_9,org.eclipse.pde.internal.forms,FormWidgetFactory,getHyperlinkUnderlineMode,3,1,0
eclipse.pde.ui-v_Eclipse_0_9,org.eclipse.pde.internal.forms,FormWidgetFactory,getTitleFont,3,1,0
eclipse.pde.ui-v_Eclipse_0_9,org.eclipse.pde.internal.forms,FormWidgetFactory,hookDeleteListener,13,3,1
eclipse.pde.ui-v_Eclipse_0_9,org.eclipse.pde.internal.forms,FormWidgetFactory,keyPressed,5,2,1
eclipse.pde.ui-v_Eclipse_0_9,org.eclipse.pde.internal.forms,FormWidgetFactory,initialize,18,1,0
eclipse.pde.ui-v_Eclipse_0_9,org.eclipse.pde.internal.forms,FormWidgetFactory,paintBordersFor,5,3,1
eclipse.pde.ui-v_Eclipse_0_9,org.eclipse.pde.internal.forms,FormWidgetFactory,registerColor,5,1,4
eclipse.pde.ui-v_Eclipse_0_9,org.eclipse.pde.internal.forms,FormWidgetFactory,setHyperlinkColor,3,1,1
eclipse.pde.ui-v_Eclipse_0_9,org.eclipse.pde.internal.forms,FormWidgetFactory,setHyperlinkHoverColor,3,1,1
eclipse.pde.ui-v_Eclipse_0_9,org.eclipse.pde.internal.forms,FormWidgetFactory,setHyperlinkUnderlineMode,3,1,1
eclipse.pde.ui-v_Eclipse_0_9,org.eclipse.pde.internal.forms,FormWidgetFactory,turnIntoHyperlink,3,1,2
eclipse.pde.ui-v_Eclipse_0_9,org.eclipse.pde.internal.forms,BorderPainter,paintControl,22,5,1
eclipse.pde.ui-v_Eclipse_0_9,org.eclipse.pde.internal.forms,HyperlinkAdapter,HyperlinkAdapter,3,1,0
eclipse.pde.ui-v_Eclipse_0_9,org.eclipse.pde.internal.forms,HyperlinkAdapter,linkActivated,2,1,1
eclipse.pde.ui-v_Eclipse_0_9,org.eclipse.pde.internal.forms,HyperlinkAdapter,linkEntered,2,1,1
eclipse.pde.ui-v_Eclipse_0_9,org.eclipse.pde.internal.forms,HyperlinkAdapter,linkExited,2,1,1
eclipse.pde.ui-v_Eclipse_0_9,org.eclipse.pde.internal.forms,HyperlinkHandler,HyperlinkHandler,5,1,0
eclipse.pde.ui-v_Eclipse_0_9,org.eclipse.pde.internal.forms,HyperlinkHandler,dispose,4,1,0
eclipse.pde.ui-v_Eclipse_0_9,org.eclipse.pde.internal.forms,HyperlinkHandler,getActiveBackground,3,1,0
eclipse.pde.ui-v_Eclipse_0_9,org.eclipse.pde.internal.forms,HyperlinkHandler,getActiveForeground,3,1,0
eclipse.pde.ui-v_Eclipse_0_9,org.eclipse.pde.internal.forms,HyperlinkHandler,getBackground,3,1,0
eclipse.pde.ui-v_Eclipse_0_9,org.eclipse.pde.internal.forms,HyperlinkHandler,getBusyCursor,3,1,0
eclipse.pde.ui-v_Eclipse_0_9,org.eclipse.pde.internal.forms,HyperlinkHandler,getForeground,3,1,0
eclipse.pde.ui-v_Eclipse_0_9,org.eclipse.pde.internal.forms,HyperlinkHandler,getHyperlinkCursor,3,1,0
eclipse.pde.ui-v_Eclipse_0_9,org.eclipse.pde.internal.forms,HyperlinkHandler,getHyperlinkUnderlineMode,3,1,0
eclipse.pde.ui-v_Eclipse_0_9,org.eclipse.pde.internal.forms,HyperlinkHandler,getLastLink,3,1,0
eclipse.pde.ui-v_Eclipse_0_9,org.eclipse.pde.internal.forms,HyperlinkHandler,isHyperlinkCursorUsed,3,1,0
eclipse.pde.ui-v_Eclipse_0_9,org.eclipse.pde.internal.forms,HyperlinkHandler,mouseDoubleClick,2,1,1
eclipse.pde.ui-v_Eclipse_0_9,org.eclipse.pde.internal.forms,HyperlinkHandler,mouseDown,4,2,1
eclipse.pde.ui-v_Eclipse_0_9,org.eclipse.pde.internal.forms,HyperlinkHandler,mouseEnter,9,6,1
eclipse.pde.ui-v_Eclipse_0_9,org.eclipse.pde.internal.forms,HyperlinkHandler,mouseExit,9,6,1
eclipse.pde.ui-v_Eclipse_0_9,org.eclipse.pde.internal.forms,HyperlinkHandler,mouseHover,2,1,1
eclipse.pde.ui-v_Eclipse_0_9,org.eclipse.pde.internal.forms,HyperlinkHandler,mouseUp,10,4,1
eclipse.pde.ui-v_Eclipse_0_9,org.eclipse.pde.internal.forms,HyperlinkHandler,paintControl,4,2,1
eclipse.pde.ui-v_Eclipse_0_9,org.eclipse.pde.internal.forms,HyperlinkHandler,registerHyperlink,9,4,2
eclipse.pde.ui-v_Eclipse_0_9,org.eclipse.pde.internal.forms,HyperlinkHandler,removeDisposedLinks,8,3,0
eclipse.pde.ui-v_Eclipse_0_9,org.eclipse.pde.internal.forms,HyperlinkHandler,reset,3,1,0
eclipse.pde.ui-v_Eclipse_0_9,org.eclipse.pde.internal.forms,HyperlinkHandler,setActiveBackground,3,1,1
eclipse.pde.ui-v_Eclipse_0_9,org.eclipse.pde.internal.forms,HyperlinkHandler,setActiveForeground,3,1,1
eclipse.pde.ui-v_Eclipse_0_9,org.eclipse.pde.internal.forms,HyperlinkHandler,setBackground,3,1,1
eclipse.pde.ui-v_Eclipse_0_9,org.eclipse.pde.internal.forms,HyperlinkHandler,setForeground,3,1,1
eclipse.pde.ui-v_Eclipse_0_9,org.eclipse.pde.internal.forms,HyperlinkHandler,setHyperlinkCursorUsed,3,1,1
eclipse.pde.ui-v_Eclipse_0_9,org.eclipse.pde.internal.forms,HyperlinkHandler,setHyperlinkUnderlineMode,3,1,1
eclipse.pde.ui-v_Eclipse_0_9,org.eclipse.pde.internal.forms,HyperlinkHandler,underline,11,2,2
eclipse.pde.ui-v_Eclipse_0_9,org.eclipse.pde.internal.forms,IFormPage,becomesInvisible,0,1,1
eclipse.pde.ui-v_Eclipse_0_9,org.eclipse.pde.internal.forms,IFormPage,becomesVisible,0,1,1
eclipse.pde.ui-v_Eclipse_0_9,org.eclipse.pde.internal.forms,IFormPage,createControl,0,1,1
eclipse.pde.ui-v_Eclipse_0_9,org.eclipse.pde.internal.forms,IFormPage,getControl,0,1,0
eclipse.pde.ui-v_Eclipse_0_9,org.eclipse.pde.internal.forms,IFormPage,getLabel,0,1,0
eclipse.pde.ui-v_Eclipse_0_9,org.eclipse.pde.internal.forms,IFormPage,getTitle,0,1,0
eclipse.pde.ui-v_Eclipse_0_9,org.eclipse.pde.internal.forms,IFormPage,isSource,0,1,0
eclipse.pde.ui-v_Eclipse_0_9,org.eclipse.pde.internal.forms,IFormPage,isVisible,0,1,0
eclipse.pde.ui-v_Eclipse_0_9,org.eclipse.pde.internal.forms,IFormSelectionListener,formSelected,0,1,1
eclipse.pde.ui-v_Eclipse_0_9,org.eclipse.pde.internal.forms,IFormTextListener,textValueChanged,0,1,1
eclipse.pde.ui-v_Eclipse_0_9,org.eclipse.pde.internal.forms,IFormTextListener,textDirty,0,1,1
eclipse.pde.ui-v_Eclipse_0_9,org.eclipse.pde.internal.forms,IFormWorkbook,addFormSelectionListener,0,1,1
eclipse.pde.ui-v_Eclipse_0_9,org.eclipse.pde.internal.forms,IFormWorkbook,addPage,0,1,1
eclipse.pde.ui-v_Eclipse_0_9,org.eclipse.pde.internal.forms,IFormWorkbook,createControl,0,1,1
eclipse.pde.ui-v_Eclipse_0_9,org.eclipse.pde.internal.forms,IFormWorkbook,getControl,0,1,0
eclipse.pde.ui-v_Eclipse_0_9,org.eclipse.pde.internal.forms,IFormWorkbook,getCurrentPage,0,1,0
eclipse.pde.ui-v_Eclipse_0_9,org.eclipse.pde.internal.forms,IFormWorkbook,isFirstPageSelected,0,1,0
eclipse.pde.ui-v_Eclipse_0_9,org.eclipse.pde.internal.forms,IFormWorkbook,removeFormSelectionListener,0,1,1
eclipse.pde.ui-v_Eclipse_0_9,org.eclipse.pde.internal.forms,IFormWorkbook,removePage,0,1,1
eclipse.pde.ui-v_Eclipse_0_9,org.eclipse.pde.internal.forms,IFormWorkbook,selectPage,0,1,1
eclipse.pde.ui-v_Eclipse_0_9,org.eclipse.pde.internal.forms,IFormWorkbook,setFirstPageSelected,0,1,1
eclipse.pde.ui-v_Eclipse_0_9,org.eclipse.pde.internal.forms,IHyperlinkListener,linkActivated,0,1,1
eclipse.pde.ui-v_Eclipse_0_9,org.eclipse.pde.internal.forms,IHyperlinkListener,linkEntered,0,1,1
eclipse.pde.ui-v_Eclipse_0_9,org.eclipse.pde.internal.forms,IHyperlinkListener,linkExited,0,1,1
eclipse.pde.ui-v_Eclipse_0_9,org.eclipse.pde.internal.forms,ScrollableForm,ScrollableForm,2,1,0
eclipse.pde.ui-v_Eclipse_0_9,org.eclipse.pde.internal.forms,ScrollableForm,createControl,12,2,1
eclipse.pde.ui-v_Eclipse_0_9,org.eclipse.pde.internal.forms,ScrollableForm,createParent,20,3,1
eclipse.pde.ui-v_Eclipse_0_9,org.eclipse.pde.internal.forms,ScrollableForm,isScrollable,3,1,0
eclipse.pde.ui-v_Eclipse_0_9,org.eclipse.pde.internal.forms,ScrollableForm,isVerticalFit,3,1,0
eclipse.pde.ui-v_Eclipse_0_9,org.eclipse.pde.internal.forms,ScrollableForm,setScrollable,3,1,1
eclipse.pde.ui-v_Eclipse_0_9,org.eclipse.pde.internal.forms,ScrollableForm,setVerticalFit,3,1,1
eclipse.pde.ui-v_Eclipse_0_9,org.eclipse.pde.internal.forms,ScrollableForm,initializeScrollBars,12,3,1
eclipse.pde.ui-v_Eclipse_0_9,org.eclipse.pde.internal.forms,ScrollableForm,update,9,2,0
eclipse.pde.ui-v_Eclipse_0_9,org.eclipse.pde.internal.forms,ScrollableForm,updateScrollBars,5,2,0
eclipse.pde.ui-v_Eclipse_0_9,org.eclipse.pde.internal.forms,ScrollableForm,updateScrolledComposite,8,1,0
eclipse.pde.ui-v_Eclipse_0_9,org.eclipse.pde.internal.forms,SectionChangeManager,SectionChangeManager,3,1,0
eclipse.pde.ui-v_Eclipse_0_9,org.eclipse.pde.internal.forms,SectionChangeManager,dispatchNotification,9,3,3
eclipse.pde.ui-v_Eclipse_0_9,org.eclipse.pde.internal.forms,SectionChangeManager,linkSections,10,2,2
eclipse.pde.ui-v_Eclipse_0_9,org.eclipse.pde.internal.launcher,WorkbenchLauncher,MainTypeAdaptable,5,1,2
eclipse.pde.ui-v_Eclipse_0_9,org.eclipse.pde.internal.launcher,WorkbenchLauncher,getProject,3,1,0
eclipse.pde.ui-v_Eclipse_0_9,org.eclipse.pde.internal.launcher,WorkbenchLauncher,getAdapter,6,2,1
eclipse.pde.ui-v_Eclipse_0_9,org.eclipse.pde.internal.launcher,WorkbenchLauncher,getChildren,3,1,1
eclipse.pde.ui-v_Eclipse_0_9,org.eclipse.pde.internal.launcher,WorkbenchLauncher,getImageDescriptor,3,1,1
eclipse.pde.ui-v_Eclipse_0_9,org.eclipse.pde.internal.launcher,WorkbenchLauncher,getLabel,3,1,1
eclipse.pde.ui-v_Eclipse_0_9,org.eclipse.pde.internal.launcher,WorkbenchLauncher,getParent,3,1,1
eclipse.pde.ui-v_Eclipse_0_9,org.eclipse.pde.internal.launcher,WorkbenchLauncher,equals,7,3,1
eclipse.pde.ui-v_Eclipse_0_9,org.eclipse.pde.internal.launcher,WorkbenchLauncher,WorkbenchLauncher,3,1,0
eclipse.pde.ui-v_Eclipse_0_9,org.eclipse.pde.internal.launcher,WorkbenchLauncher,addExternalModels,19,4,2
eclipse.pde.ui-v_Eclipse_0_9,org.eclipse.pde.internal.launcher,WorkbenchLauncher,addWorkspaceModels,22,6,1
eclipse.pde.ui-v_Eclipse_0_9,org.eclipse.pde.internal.launcher,WorkbenchLauncher,getPluginFile,6,2,1
eclipse.pde.ui-v_Eclipse_0_9,org.eclipse.pde.internal.launcher,WorkbenchLauncher,getFragmentFile,6,2,1
eclipse.pde.ui-v_Eclipse_0_9,org.eclipse.pde.internal.launcher,WorkbenchLauncher,buildClassPath,5,1,1
eclipse.pde.ui-v_Eclipse_0_9,org.eclipse.pde.internal.launcher,WorkbenchLauncher,createPluginPath,19,1,1
eclipse.pde.ui-v_Eclipse_0_9,org.eclipse.pde.internal.launcher,WorkbenchLauncher,doLaunch,53,5,6
eclipse.pde.ui-v_Eclipse_0_9,org.eclipse.pde.internal.launcher,WorkbenchLauncher,run,16,3,1
eclipse.pde.ui-v_Eclipse_0_9,org.eclipse.pde.internal.launcher,WorkbenchLauncher,findProjectToLaunch,27,6,1
eclipse.pde.ui-v_Eclipse_0_9,org.eclipse.pde.internal.launcher,WorkbenchLauncher,fixEscapeChars,14,5,1
eclipse.pde.ui-v_Eclipse_0_9,org.eclipse.pde.internal.launcher,WorkbenchLauncher,getExternalMode,13,5,1
eclipse.pde.ui-v_Eclipse_0_9,org.eclipse.pde.internal.launcher,WorkbenchLauncher,getJavaLauncher,8,4,2
eclipse.pde.ui-v_Eclipse_0_9,org.eclipse.pde.internal.launcher,WorkbenchLauncher,getSourceLocator,3,1,0
eclipse.pde.ui-v_Eclipse_0_9,org.eclipse.pde.internal.launcher,WorkbenchLauncher,initializeSettings,14,3,0
eclipse.pde.ui-v_Eclipse_0_9,org.eclipse.pde.internal.launcher,WorkbenchLauncher,launch,29,7,3
eclipse.pde.ui-v_Eclipse_0_9,org.eclipse.pde.internal.launcher,WorkbenchLauncher,promptForSettings,3,1,0
eclipse.pde.ui-v_Eclipse_0_9,org.eclipse.pde.internal.launcher,WorkbenchLauncher,registerLaunch,10,2,1
eclipse.pde.ui-v_Eclipse_0_9,org.eclipse.pde.internal.launcher,WorkbenchLauncher,run,3,1,0
eclipse.pde.ui-v_Eclipse_0_9,org.eclipse.pde.internal.launcher,WorkbenchLauncher,setInitializationData,4,2,3
eclipse.pde.ui-v_Eclipse_0_9,org.eclipse.pde.internal.launcher,WorkbenchLauncher,showNoLauncherDialog,3,1,0
eclipse.pde.ui-v_Eclipse_0_9,org.eclipse.pde.internal.launcher,MainTypeAdaptable,MainTypeAdaptable,5,1,2
eclipse.pde.ui-v_Eclipse_0_9,org.eclipse.pde.internal.launcher,MainTypeAdaptable,getProject,3,1,0
eclipse.pde.ui-v_Eclipse_0_9,org.eclipse.pde.internal.launcher,MainTypeAdaptable,getAdapter,6,2,1
eclipse.pde.ui-v_Eclipse_0_9,org.eclipse.pde.internal.launcher,MainTypeAdaptable,getChildren,3,1,1
eclipse.pde.ui-v_Eclipse_0_9,org.eclipse.pde.internal.launcher,MainTypeAdaptable,getImageDescriptor,3,1,1
eclipse.pde.ui-v_Eclipse_0_9,org.eclipse.pde.internal.launcher,MainTypeAdaptable,getLabel,3,1,1
eclipse.pde.ui-v_Eclipse_0_9,org.eclipse.pde.internal.launcher,MainTypeAdaptable,getParent,3,1,1
eclipse.pde.ui-v_Eclipse_0_9,org.eclipse.pde.internal.launcher,MainTypeAdaptable,equals,7,3,1
eclipse.pde.ui-v_Eclipse_0_9,org.eclipse.pde.internal.model,AbstractModel,AbstractModel,3,1,0
eclipse.pde.ui-v_Eclipse_0_9,org.eclipse.pde.internal.model,AbstractModel,addModelChangedListener,3,1,1
eclipse.pde.ui-v_Eclipse_0_9,org.eclipse.pde.internal.model,AbstractModel,createNLResourceHelper,3,1,0
eclipse.pde.ui-v_Eclipse_0_9,org.eclipse.pde.internal.model,AbstractModel,dispose,7,2,0
eclipse.pde.ui-v_Eclipse_0_9,org.eclipse.pde.internal.model,AbstractModel,fireModelChanged,6,2,1
eclipse.pde.ui-v_Eclipse_0_9,org.eclipse.pde.internal.model,AbstractModel,fireModelObjectChanged,3,1,2
eclipse.pde.ui-v_Eclipse_0_9,org.eclipse.pde.internal.model,AbstractModel,getResourceString,8,4,1
eclipse.pde.ui-v_Eclipse_0_9,org.eclipse.pde.internal.model,AbstractModel,getUnderlyingResource,3,1,0
eclipse.pde.ui-v_Eclipse_0_9,org.eclipse.pde.internal.model,AbstractModel,isDisposed,3,1,0
eclipse.pde.ui-v_Eclipse_0_9,org.eclipse.pde.internal.model,AbstractModel,isLoaded,3,1,0
eclipse.pde.ui-v_Eclipse_0_9,org.eclipse.pde.internal.model,AbstractModel,release,2,1,0
eclipse.pde.ui-v_Eclipse_0_9,org.eclipse.pde.internal.model,AbstractModel,removeModelChangedListener,3,1,1
eclipse.pde.ui-v_Eclipse_0_9,org.eclipse.pde.internal.model,AbstractPluginModelBase,AbstractPluginModelBase,3,1,0
eclipse.pde.ui-v_Eclipse_0_9,org.eclipse.pde.internal.model,AbstractPluginModelBase,createPluginBase,0,1,0
eclipse.pde.ui-v_Eclipse_0_9,org.eclipse.pde.internal.model,AbstractPluginModelBase,getFactory,4,2,0
eclipse.pde.ui-v_Eclipse_0_9,org.eclipse.pde.internal.model,AbstractPluginModelBase,getPluginBase,3,1,0
eclipse.pde.ui-v_Eclipse_0_9,org.eclipse.pde.internal.model,AbstractPluginModelBase,isEnabled,3,1,0
eclipse.pde.ui-v_Eclipse_0_9,org.eclipse.pde.internal.model,AbstractPluginModelBase,isFragmentModel,3,1,0
eclipse.pde.ui-v_Eclipse_0_9,org.eclipse.pde.internal.model,AbstractPluginModelBase,load,25,3,1
eclipse.pde.ui-v_Eclipse_0_9,org.eclipse.pde.internal.model,AbstractPluginModelBase,processDocument,4,1,1
eclipse.pde.ui-v_Eclipse_0_9,org.eclipse.pde.internal.model,AbstractPluginModelBase,reload,4,1,1
eclipse.pde.ui-v_Eclipse_0_9,org.eclipse.pde.internal.model,AbstractPluginModelBase,setEnabled,3,1,1
eclipse.pde.ui-v_Eclipse_0_9,org.eclipse.pde.internal.model,AbstractPluginModelBase,throwParseErrorsException,4,1,0
eclipse.pde.ui-v_Eclipse_0_9,org.eclipse.pde.internal.model,AbstractPluginModelBase,toString,5,2,0
eclipse.pde.ui-v_Eclipse_0_9,org.eclipse.pde.internal.model,ExternalFragmentModel,ExternalFragmentModel,3,1,0
eclipse.pde.ui-v_Eclipse_0_9,org.eclipse.pde.internal.model,ExternalFragmentModel,createPluginBase,5,1,0
eclipse.pde.ui-v_Eclipse_0_9,org.eclipse.pde.internal.model,ExternalFragmentModel,getFragment,3,1,0
eclipse.pde.ui-v_Eclipse_0_9,org.eclipse.pde.internal.model,ExternalFragmentModel,isFragmentModel,3,1,0
eclipse.pde.ui-v_Eclipse_0_9,org.eclipse.pde.internal.model,ExternalPluginModel,ExternalPluginModel,3,1,0
eclipse.pde.ui-v_Eclipse_0_9,org.eclipse.pde.internal.model,ExternalPluginModel,createPluginBase,5,1,0
eclipse.pde.ui-v_Eclipse_0_9,org.eclipse.pde.internal.model,ExternalPluginModel,getPlugin,3,1,0
eclipse.pde.ui-v_Eclipse_0_9,org.eclipse.pde.internal.model,ExternalPluginModelBase,ExternalPluginModelBase,3,1,0
eclipse.pde.ui-v_Eclipse_0_9,org.eclipse.pde.internal.model,ExternalPluginModelBase,createNLResourceHelper,12,2,0
eclipse.pde.ui-v_Eclipse_0_9,org.eclipse.pde.internal.model,ExternalPluginModelBase,getBuildModel,7,2,0
eclipse.pde.ui-v_Eclipse_0_9,org.eclipse.pde.internal.model,ExternalPluginModelBase,getEclipseHomeRelativePath,3,1,0
eclipse.pde.ui-v_Eclipse_0_9,org.eclipse.pde.internal.model,ExternalPluginModelBase,getInstallLocation,3,1,0
eclipse.pde.ui-v_Eclipse_0_9,org.eclipse.pde.internal.model,ExternalPluginModelBase,isEditable,3,1,0
eclipse.pde.ui-v_Eclipse_0_9,org.eclipse.pde.internal.model,ExternalPluginModelBase,load,2,1,0
eclipse.pde.ui-v_Eclipse_0_9,org.eclipse.pde.internal.model,ExternalPluginModelBase,load,12,2,1
eclipse.pde.ui-v_Eclipse_0_9,org.eclipse.pde.internal.model,ExternalPluginModelBase,setEclipseHomeRelativePath,3,1,1
eclipse.pde.ui-v_Eclipse_0_9,org.eclipse.pde.internal.model,ExternalPluginModelBase,setInstallLocation,3,1,1
eclipse.pde.ui-v_Eclipse_0_9,org.eclipse.pde.internal.model,Fragment,Fragment,2,1,0
eclipse.pde.ui-v_Eclipse_0_9,org.eclipse.pde.internal.model,Fragment,getPluginId,3,1,0
eclipse.pde.ui-v_Eclipse_0_9,org.eclipse.pde.internal.model,Fragment,getPluginVersion,3,1,0
eclipse.pde.ui-v_Eclipse_0_9,org.eclipse.pde.internal.model,Fragment,load,6,1,1
eclipse.pde.ui-v_Eclipse_0_9,org.eclipse.pde.internal.model,Fragment,load,5,1,1
eclipse.pde.ui-v_Eclipse_0_9,org.eclipse.pde.internal.model,Fragment,reset,5,1,0
eclipse.pde.ui-v_Eclipse_0_9,org.eclipse.pde.internal.model,Fragment,setPluginId,5,1,1
eclipse.pde.ui-v_Eclipse_0_9,org.eclipse.pde.internal.model,Fragment,setPluginVersion,5,1,1
eclipse.pde.ui-v_Eclipse_0_9,org.eclipse.pde.internal.model,Fragment,write,44,9,2
eclipse.pde.ui-v_Eclipse_0_9,org.eclipse.pde.internal.model,IdentifiablePluginObject,IdentifiablePluginObject,2,1,0
eclipse.pde.ui-v_Eclipse_0_9,org.eclipse.pde.internal.model,IdentifiablePluginObject,getId,3,1,0
eclipse.pde.ui-v_Eclipse_0_9,org.eclipse.pde.internal.model,IdentifiablePluginObject,setId,5,1,1
eclipse.pde.ui-v_Eclipse_0_9,org.eclipse.pde.internal.model,NLResourceHelper,NLResourceHelper,4,1,2
eclipse.pde.ui-v_Eclipse_0_9,org.eclipse.pde.internal.model,NLResourceHelper,getResourceBundle,3,1,0
eclipse.pde.ui-v_Eclipse_0_9,org.eclipse.pde.internal.model,NLResourceHelper,getResourceBundle,14,3,1
eclipse.pde.ui-v_Eclipse_0_9,org.eclipse.pde.internal.model,NLResourceHelper,dispose,2,1,0
eclipse.pde.ui-v_Eclipse_0_9,org.eclipse.pde.internal.model,NLResourceHelper,getResourceString,10,1,1
eclipse.pde.ui-v_Eclipse_0_9,org.eclipse.pde.internal.model,NLResourceHelper,getResourceString,15,4,2
eclipse.pde.ui-v_Eclipse_0_9,org.eclipse.pde.internal.model,Plugin,Plugin,2,1,0
eclipse.pde.ui-v_Eclipse_0_9,org.eclipse.pde.internal.model,Plugin,add,5,1,1
eclipse.pde.ui-v_Eclipse_0_9,org.eclipse.pde.internal.model,Plugin,getClassName,3,1,0
eclipse.pde.ui-v_Eclipse_0_9,org.eclipse.pde.internal.model,Plugin,getImports,5,1,0
eclipse.pde.ui-v_Eclipse_0_9,org.eclipse.pde.internal.model,Plugin,getPlugin,3,1,0
eclipse.pde.ui-v_Eclipse_0_9,org.eclipse.pde.internal.model,Plugin,load,6,1,1
eclipse.pde.ui-v_Eclipse_0_9,org.eclipse.pde.internal.model,Plugin,load,4,1,1
eclipse.pde.ui-v_Eclipse_0_9,org.eclipse.pde.internal.model,Plugin,loadImports,11,3,1
eclipse.pde.ui-v_Eclipse_0_9,org.eclipse.pde.internal.model,Plugin,loadImports,13,3,1
eclipse.pde.ui-v_Eclipse_0_9,org.eclipse.pde.internal.model,Plugin,processChild,8,2,1
eclipse.pde.ui-v_Eclipse_0_9,org.eclipse.pde.internal.model,Plugin,remove,5,1,1
eclipse.pde.ui-v_Eclipse_0_9,org.eclipse.pde.internal.model,Plugin,reset,6,1,0
eclipse.pde.ui-v_Eclipse_0_9,org.eclipse.pde.internal.model,Plugin,setClassName,5,1,1
eclipse.pde.ui-v_Eclipse_0_9,org.eclipse.pde.internal.model,Plugin,write,45,11,2
eclipse.pde.ui-v_Eclipse_0_9,org.eclipse.pde.internal.model,PluginAttribute,PluginAttribute,2,1,0
eclipse.pde.ui-v_Eclipse_0_9,org.eclipse.pde.internal.model,PluginAttribute,PluginAttribute,7,1,1
eclipse.pde.ui-v_Eclipse_0_9,org.eclipse.pde.internal.model,PluginAttribute,clone,3,1,0
eclipse.pde.ui-v_Eclipse_0_9,org.eclipse.pde.internal.model,PluginAttribute,getAttributeInfo,16,5,0
eclipse.pde.ui-v_Eclipse_0_9,org.eclipse.pde.internal.model,PluginAttribute,getValue,3,1,0
eclipse.pde.ui-v_Eclipse_0_9,org.eclipse.pde.internal.model,PluginAttribute,load,4,1,1
eclipse.pde.ui-v_Eclipse_0_9,org.eclipse.pde.internal.model,PluginAttribute,load,4,1,1
eclipse.pde.ui-v_Eclipse_0_9,org.eclipse.pde.internal.model,PluginAttribute,setAttributeInfo,3,1,1
eclipse.pde.ui-v_Eclipse_0_9,org.eclipse.pde.internal.model,PluginAttribute,setValue,5,1,1
eclipse.pde.ui-v_Eclipse_0_9,org.eclipse.pde.internal.model,PluginAttribute,write,5,2,2
eclipse.pde.ui-v_Eclipse_0_9,org.eclipse.pde.internal.model,PluginBase,PluginBase,2,1,0
eclipse.pde.ui-v_Eclipse_0_9,org.eclipse.pde.internal.model,PluginBase,add,5,1,1
eclipse.pde.ui-v_Eclipse_0_9,org.eclipse.pde.internal.model,PluginBase,add,5,1,1
eclipse.pde.ui-v_Eclipse_0_9,org.eclipse.pde.internal.model,PluginBase,add,5,1,1
eclipse.pde.ui-v_Eclipse_0_9,org.eclipse.pde.internal.model,PluginBase,getExtensionPoints,5,1,0
eclipse.pde.ui-v_Eclipse_0_9,org.eclipse.pde.internal.model,PluginBase,getExtensions,5,1,0
eclipse.pde.ui-v_Eclipse_0_9,org.eclipse.pde.internal.model,PluginBase,getLibraries,5,1,0
eclipse.pde.ui-v_Eclipse_0_9,org.eclipse.pde.internal.model,PluginBase,getPluginBase,3,1,0
eclipse.pde.ui-v_Eclipse_0_9,org.eclipse.pde.internal.model,PluginBase,getProviderName,3,1,0
eclipse.pde.ui-v_Eclipse_0_9,org.eclipse.pde.internal.model,PluginBase,getVersion,3,1,0
eclipse.pde.ui-v_Eclipse_0_9,org.eclipse.pde.internal.model,PluginBase,load,9,1,1
eclipse.pde.ui-v_Eclipse_0_9,org.eclipse.pde.internal.model,PluginBase,load,14,4,1
eclipse.pde.ui-v_Eclipse_0_9,org.eclipse.pde.internal.model,PluginBase,loadExtensionPoints,11,3,1
eclipse.pde.ui-v_Eclipse_0_9,org.eclipse.pde.internal.model,PluginBase,loadExtensions,11,3,1
eclipse.pde.ui-v_Eclipse_0_9,org.eclipse.pde.internal.model,PluginBase,loadRuntime,10,3,1
eclipse.pde.ui-v_Eclipse_0_9,org.eclipse.pde.internal.model,PluginBase,loadRuntime,13,3,1
eclipse.pde.ui-v_Eclipse_0_9,org.eclipse.pde.internal.model,PluginBase,processChild,21,4,1
eclipse.pde.ui-v_Eclipse_0_9,org.eclipse.pde.internal.model,PluginBase,remove,5,1,1
eclipse.pde.ui-v_Eclipse_0_9,org.eclipse.pde.internal.model,PluginBase,remove,5,1,1
eclipse.pde.ui-v_Eclipse_0_9,org.eclipse.pde.internal.model,PluginBase,remove,5,1,1
eclipse.pde.ui-v_Eclipse_0_9,org.eclipse.pde.internal.model,PluginBase,reset,14,2,0
eclipse.pde.ui-v_Eclipse_0_9,org.eclipse.pde.internal.model,PluginBase,setProviderName,5,1,1
eclipse.pde.ui-v_Eclipse_0_9,org.eclipse.pde.internal.model,PluginBase,setVersion,5,1,1
eclipse.pde.ui-v_Eclipse_0_9,org.eclipse.pde.internal.model,PluginBase,internalSetVersion,3,1,1
eclipse.pde.ui-v_Eclipse_0_9,org.eclipse.pde.internal.model,PluginBase,swap,10,2,2
eclipse.pde.ui-v_Eclipse_0_9,org.eclipse.pde.internal.model,PluginBase,writeChildren,9,3,3
eclipse.pde.ui-v_Eclipse_0_9,org.eclipse.pde.internal.model,PluginElement,PluginElement,2,1,0
eclipse.pde.ui-v_Eclipse_0_9,org.eclipse.pde.internal.model,PluginElement,PluginElement,12,2,1
eclipse.pde.ui-v_Eclipse_0_9,org.eclipse.pde.internal.model,PluginElement,createCopy,3,1,0
eclipse.pde.ui-v_Eclipse_0_9,org.eclipse.pde.internal.model,PluginElement,getAttribute,3,1,1
eclipse.pde.ui-v_Eclipse_0_9,org.eclipse.pde.internal.model,PluginElement,getAttributes,5,1,0
eclipse.pde.ui-v_Eclipse_0_9,org.eclipse.pde.internal.model,PluginElement,getElementInfo,22,7,0
eclipse.pde.ui-v_Eclipse_0_9,org.eclipse.pde.internal.model,PluginElement,getText,3,1,0
eclipse.pde.ui-v_Eclipse_0_9,org.eclipse.pde.internal.model,PluginElement,load,24,5,1
eclipse.pde.ui-v_Eclipse_0_9,org.eclipse.pde.internal.model,PluginElement,load,27,6,1
eclipse.pde.ui-v_Eclipse_0_9,org.eclipse.pde.internal.model,PluginElement,removeAttribute,5,1,1
eclipse.pde.ui-v_Eclipse_0_9,org.eclipse.pde.internal.model,PluginElement,replaceAttributes,5,1,1
eclipse.pde.ui-v_Eclipse_0_9,org.eclipse.pde.internal.model,PluginElement,setAttribute,14,3,2
eclipse.pde.ui-v_Eclipse_0_9,org.eclipse.pde.internal.model,PluginElement,setElementInfo,3,1,1
eclipse.pde.ui-v_Eclipse_0_9,org.eclipse.pde.internal.model,PluginElement,setText,5,1,1
eclipse.pde.ui-v_Eclipse_0_9,org.eclipse.pde.internal.model,PluginElement,write,25,6,2
eclipse.pde.ui-v_Eclipse_0_9,org.eclipse.pde.internal.model,PluginExtension,PluginExtension,2,1,0
eclipse.pde.ui-v_Eclipse_0_9,org.eclipse.pde.internal.model,PluginExtension,getPoint,3,1,0
eclipse.pde.ui-v_Eclipse_0_9,org.eclipse.pde.internal.model,PluginExtension,getSchema,10,3,0
eclipse.pde.ui-v_Eclipse_0_9,org.eclipse.pde.internal.model,PluginExtension,load,16,3,1
eclipse.pde.ui-v_Eclipse_0_9,org.eclipse.pde.internal.model,PluginExtension,load,17,3,1
eclipse.pde.ui-v_Eclipse_0_9,org.eclipse.pde.internal.model,PluginExtension,setPoint,5,1,1
eclipse.pde.ui-v_Eclipse_0_9,org.eclipse.pde.internal.model,PluginExtension,toString,4,2,0
eclipse.pde.ui-v_Eclipse_0_9,org.eclipse.pde.internal.model,PluginExtension,write,25,5,2
eclipse.pde.ui-v_Eclipse_0_9,org.eclipse.pde.internal.model,PluginExtensionPoint,PluginExtensionPoint,2,1,0
eclipse.pde.ui-v_Eclipse_0_9,org.eclipse.pde.internal.model,PluginExtensionPoint,getFullId,6,2,0
eclipse.pde.ui-v_Eclipse_0_9,org.eclipse.pde.internal.model,PluginExtensionPoint,getSchema,3,1,0
eclipse.pde.ui-v_Eclipse_0_9,org.eclipse.pde.internal.model,PluginExtensionPoint,load,5,1,1
eclipse.pde.ui-v_Eclipse_0_9,org.eclipse.pde.internal.model,PluginExtensionPoint,load,6,1,1
eclipse.pde.ui-v_Eclipse_0_9,org.eclipse.pde.internal.model,PluginExtensionPoint,setSchema,5,1,1
eclipse.pde.ui-v_Eclipse_0_9,org.eclipse.pde.internal.model,PluginExtensionPoint,write,9,4,2
eclipse.pde.ui-v_Eclipse_0_9,org.eclipse.pde.internal.model,PluginImport,PluginImport,2,1,0
eclipse.pde.ui-v_Eclipse_0_9,org.eclipse.pde.internal.model,PluginImport,getMatch,3,1,0
eclipse.pde.ui-v_Eclipse_0_9,org.eclipse.pde.internal.model,PluginImport,getVersion,3,1,0
eclipse.pde.ui-v_Eclipse_0_9,org.eclipse.pde.internal.model,PluginImport,isReexported,3,1,0
eclipse.pde.ui-v_Eclipse_0_9,org.eclipse.pde.internal.model,PluginImport,load,6,2,1
eclipse.pde.ui-v_Eclipse_0_9,org.eclipse.pde.internal.model,PluginImport,load,12,2,1
eclipse.pde.ui-v_Eclipse_0_9,org.eclipse.pde.internal.model,PluginImport,setMatch,5,1,1
eclipse.pde.ui-v_Eclipse_0_9,org.eclipse.pde.internal.model,PluginImport,setReexported,5,1,1
eclipse.pde.ui-v_Eclipse_0_9,org.eclipse.pde.internal.model,PluginImport,setVersion,5,1,1
eclipse.pde.ui-v_Eclipse_0_9,org.eclipse.pde.internal.model,PluginImport,write,9,4,2
eclipse.pde.ui-v_Eclipse_0_9,org.eclipse.pde.internal.model,PluginLibrary,PluginLibrary,2,1,0
eclipse.pde.ui-v_Eclipse_0_9,org.eclipse.pde.internal.model,PluginLibrary,getContentFilters,3,1,0
eclipse.pde.ui-v_Eclipse_0_9,org.eclipse.pde.internal.model,PluginLibrary,isExported,3,1,0
eclipse.pde.ui-v_Eclipse_0_9,org.eclipse.pde.internal.model,PluginLibrary,isFullyExported,3,1,0
eclipse.pde.ui-v_Eclipse_0_9,org.eclipse.pde.internal.model,PluginLibrary,load,5,1,1
eclipse.pde.ui-v_Eclipse_0_9,org.eclipse.pde.internal.model,PluginLibrary,load,27,6,1
eclipse.pde.ui-v_Eclipse_0_9,org.eclipse.pde.internal.model,PluginLibrary,setContentFilters,5,1,1
eclipse.pde.ui-v_Eclipse_0_9,org.eclipse.pde.internal.model,PluginLibrary,setExported,5,1,1
eclipse.pde.ui-v_Eclipse_0_9,org.eclipse.pde.internal.model,PluginLibrary,write,21,4,2
eclipse.pde.ui-v_Eclipse_0_9,org.eclipse.pde.internal.model,PluginModelFactory,PluginModelFactory,3,1,1
eclipse.pde.ui-v_Eclipse_0_9,org.eclipse.pde.internal.model,PluginModelFactory,createAttribute,6,1,1
eclipse.pde.ui-v_Eclipse_0_9,org.eclipse.pde.internal.model,PluginModelFactory,createElement,6,1,1
eclipse.pde.ui-v_Eclipse_0_9,org.eclipse.pde.internal.model,PluginModelFactory,createExtension,6,1,0
eclipse.pde.ui-v_Eclipse_0_9,org.eclipse.pde.internal.model,PluginModelFactory,createExtensionPoint,6,1,0
eclipse.pde.ui-v_Eclipse_0_9,org.eclipse.pde.internal.model,PluginModelFactory,createImport,6,1,0
eclipse.pde.ui-v_Eclipse_0_9,org.eclipse.pde.internal.model,PluginModelFactory,createLibrary,6,1,0
eclipse.pde.ui-v_Eclipse_0_9,org.eclipse.pde.internal.model,PluginObject,PluginObject,2,1,0
eclipse.pde.ui-v_Eclipse_0_9,org.eclipse.pde.internal.model,PluginObject,ensureModelEditable,5,2,0
eclipse.pde.ui-v_Eclipse_0_9,org.eclipse.pde.internal.model,PluginObject,firePropertyChanged,3,1,1
eclipse.pde.ui-v_Eclipse_0_9,org.eclipse.pde.internal.model,PluginObject,firePropertyChanged,6,2,2
eclipse.pde.ui-v_Eclipse_0_9,org.eclipse.pde.internal.model,PluginObject,fireStructureChanged,7,2,2
eclipse.pde.ui-v_Eclipse_0_9,org.eclipse.pde.internal.model,PluginObject,getAttribute,5,2,2
eclipse.pde.ui-v_Eclipse_0_9,org.eclipse.pde.internal.model,PluginObject,getModel,3,1,0
eclipse.pde.ui-v_Eclipse_0_9,org.eclipse.pde.internal.model,PluginObject,getName,3,1,0
eclipse.pde.ui-v_Eclipse_0_9,org.eclipse.pde.internal.model,PluginObject,getNodeAttribute,5,2,2
eclipse.pde.ui-v_Eclipse_0_9,org.eclipse.pde.internal.model,PluginObject,getParent,3,1,0
eclipse.pde.ui-v_Eclipse_0_9,org.eclipse.pde.internal.model,PluginObject,getPluginBase,3,1,0
eclipse.pde.ui-v_Eclipse_0_9,org.eclipse.pde.internal.model,PluginObject,getResourceString,3,1,1
eclipse.pde.ui-v_Eclipse_0_9,org.eclipse.pde.internal.model,PluginObject,isNotEmpty,6,3,1
eclipse.pde.ui-v_Eclipse_0_9,org.eclipse.pde.internal.model,PluginObject,load,0,1,1
eclipse.pde.ui-v_Eclipse_0_9,org.eclipse.pde.internal.model,PluginObject,setModel,3,1,1
eclipse.pde.ui-v_Eclipse_0_9,org.eclipse.pde.internal.model,PluginObject,setName,5,1,1
eclipse.pde.ui-v_Eclipse_0_9,org.eclipse.pde.internal.model,PluginObject,setParent,3,1,1
eclipse.pde.ui-v_Eclipse_0_9,org.eclipse.pde.internal.model,PluginObject,throwCoreException,4,1,1
eclipse.pde.ui-v_Eclipse_0_9,org.eclipse.pde.internal.model,PluginObject,toString,4,2,0
eclipse.pde.ui-v_Eclipse_0_9,org.eclipse.pde.internal.model,PluginObject,addComments,3,1,1
eclipse.pde.ui-v_Eclipse_0_9,org.eclipse.pde.internal.model,PluginObject,addComments,12,5,2
eclipse.pde.ui-v_Eclipse_0_9,org.eclipse.pde.internal.model,PluginObject,writeComments,3,1,1
eclipse.pde.ui-v_Eclipse_0_9,org.eclipse.pde.internal.model,PluginObject,writeComments,7,3,2
eclipse.pde.ui-v_Eclipse_0_9,org.eclipse.pde.internal.model,PluginObject,getWritableString,27,7,1
eclipse.pde.ui-v_Eclipse_0_9,org.eclipse.pde.internal.model,PluginParent,PluginParent,2,1,0
eclipse.pde.ui-v_Eclipse_0_9,org.eclipse.pde.internal.model,PluginParent,add,6,1,2
eclipse.pde.ui-v_Eclipse_0_9,org.eclipse.pde.internal.model,PluginParent,add,5,1,1
eclipse.pde.ui-v_Eclipse_0_9,org.eclipse.pde.internal.model,PluginParent,getChildCount,3,1,0
eclipse.pde.ui-v_Eclipse_0_9,org.eclipse.pde.internal.model,PluginParent,getChildren,5,1,0
eclipse.pde.ui-v_Eclipse_0_9,org.eclipse.pde.internal.model,PluginParent,remove,5,1,1
eclipse.pde.ui-v_Eclipse_0_9,org.eclipse.pde.internal.model,RuntimeLibrary,RuntimeLibrary,3,1,0
eclipse.pde.ui-v_Eclipse_0_9,org.eclipse.pde.internal.model,WorkspaceFragmentModel,WorkspaceFragmentModel,3,1,0
eclipse.pde.ui-v_Eclipse_0_9,org.eclipse.pde.internal.model,WorkspaceFragmentModel,WorkspaceFragmentModel,3,1,1
eclipse.pde.ui-v_Eclipse_0_9,org.eclipse.pde.internal.model,WorkspaceFragmentModel,createPluginBase,5,1,0
eclipse.pde.ui-v_Eclipse_0_9,org.eclipse.pde.internal.model,WorkspaceFragmentModel,getFragment,3,1,0
eclipse.pde.ui-v_Eclipse_0_9,org.eclipse.pde.internal.model,WorkspaceFragmentModel,isFragmentModel,3,1,0
eclipse.pde.ui-v_Eclipse_0_9,org.eclipse.pde.internal.model,WorkspacePluginModel,WorkspacePluginModel,3,1,0
eclipse.pde.ui-v_Eclipse_0_9,org.eclipse.pde.internal.model,WorkspacePluginModel,WorkspacePluginModel,3,1,1
eclipse.pde.ui-v_Eclipse_0_9,org.eclipse.pde.internal.model,WorkspacePluginModel,createPluginBase,5,1,0
eclipse.pde.ui-v_Eclipse_0_9,org.eclipse.pde.internal.model,WorkspacePluginModel,getPlugin,3,1,0
eclipse.pde.ui-v_Eclipse_0_9,org.eclipse.pde.internal.model,WorkspacePluginModelBase,WorkspacePluginModelBase,3,1,0
eclipse.pde.ui-v_Eclipse_0_9,org.eclipse.pde.internal.model,WorkspacePluginModelBase,createNLResourceHelper,15,2,0
eclipse.pde.ui-v_Eclipse_0_9,org.eclipse.pde.internal.model,WorkspacePluginModelBase,WorkspacePluginModelBase,4,1,1
eclipse.pde.ui-v_Eclipse_0_9,org.eclipse.pde.internal.model,WorkspacePluginModelBase,fireModelChanged,4,1,1
eclipse.pde.ui-v_Eclipse_0_9,org.eclipse.pde.internal.model,WorkspacePluginModelBase,getBuildModel,3,1,0
eclipse.pde.ui-v_Eclipse_0_9,org.eclipse.pde.internal.model,WorkspacePluginModelBase,getContents,12,1,0
eclipse.pde.ui-v_Eclipse_0_9,org.eclipse.pde.internal.model,WorkspacePluginModelBase,getFile,3,1,0
eclipse.pde.ui-v_Eclipse_0_9,org.eclipse.pde.internal.model,WorkspacePluginModelBase,getInstallLocation,3,1,0
eclipse.pde.ui-v_Eclipse_0_9,org.eclipse.pde.internal.model,WorkspacePluginModelBase,getUnderlyingResource,3,1,0
eclipse.pde.ui-v_Eclipse_0_9,org.eclipse.pde.internal.model,WorkspacePluginModelBase,isDirty,3,1,0
eclipse.pde.ui-v_Eclipse_0_9,org.eclipse.pde.internal.model,WorkspacePluginModelBase,isEditable,3,1,0
eclipse.pde.ui-v_Eclipse_0_9,org.eclipse.pde.internal.model,WorkspacePluginModelBase,dispose,3,1,0
eclipse.pde.ui-v_Eclipse_0_9,org.eclipse.pde.internal.model,WorkspacePluginModelBase,load,20,3,0
eclipse.pde.ui-v_Eclipse_0_9,org.eclipse.pde.internal.model,WorkspacePluginModelBase,save,19,3,0
eclipse.pde.ui-v_Eclipse_0_9,org.eclipse.pde.internal.model,WorkspacePluginModelBase,save,6,2,1
eclipse.pde.ui-v_Eclipse_0_9,org.eclipse.pde.internal.model,WorkspacePluginModelBase,setBuildModel,3,1,1
eclipse.pde.ui-v_Eclipse_0_9,org.eclipse.pde.internal.model,WorkspacePluginModelBase,setDirty,3,1,1
eclipse.pde.ui-v_Eclipse_0_9,org.eclipse.pde.internal.model,WorkspacePluginModelBase,setEditable,3,1,1
eclipse.pde.ui-v_Eclipse_0_9,org.eclipse.pde.internal.model,WorkspacePluginModelBase,setFile,3,1,1
eclipse.pde.ui-v_Eclipse_0_9,org.eclipse.pde.internal.model,WorkspaceResourceHelper,WorkspaceResourceHelper,4,1,2
eclipse.pde.ui-v_Eclipse_0_9,org.eclipse.pde.internal.model,WorkspaceResourceHelper,dispose,3,1,0
eclipse.pde.ui-v_Eclipse_0_9,org.eclipse.pde.internal.model,WorkspaceResourceHelper,setFile,3,1,1
eclipse.pde.ui-v_Eclipse_0_9,org.eclipse.pde.internal.model,WorkspaceResourceHelper,getFile,3,1,0
eclipse.pde.ui-v_Eclipse_0_9,org.eclipse.pde.internal.model,WorkspaceResourceHelper,resourceChanged,15,2,1
eclipse.pde.ui-v_Eclipse_0_9,org.eclipse.pde.internal.model,WorkspaceResourceHelper,visit,3,1,1
eclipse.pde.ui-v_Eclipse_0_9,org.eclipse.pde.internal.model,WorkspaceResourceHelper,visit,7,2,1
eclipse.pde.ui-v_Eclipse_0_9,org.eclipse.pde.internal.model,XMLErrorHandler,XMLErrorHandler,2,1,0
eclipse.pde.ui-v_Eclipse_0_9,org.eclipse.pde.internal.model,XMLErrorHandler,error,3,1,1
eclipse.pde.ui-v_Eclipse_0_9,org.eclipse.pde.internal.model,XMLErrorHandler,fatalError,3,1,1
eclipse.pde.ui-v_Eclipse_0_9,org.eclipse.pde.internal.model,XMLErrorHandler,getErrorCount,3,1,0
eclipse.pde.ui-v_Eclipse_0_9,org.eclipse.pde.internal.model,XMLErrorHandler,getFatalErrorCount,3,1,0
eclipse.pde.ui-v_Eclipse_0_9,org.eclipse.pde.internal.model,XMLErrorHandler,getWarningCount,3,1,0
eclipse.pde.ui-v_Eclipse_0_9,org.eclipse.pde.internal.model,XMLErrorHandler,reset,5,1,0
eclipse.pde.ui-v_Eclipse_0_9,org.eclipse.pde.internal.model,XMLErrorHandler,warning,3,1,1
eclipse.pde.ui-v_Eclipse_0_9,org.eclipse.pde.internal.model.build,Build,Build,2,1,0
eclipse.pde.ui-v_Eclipse_0_9,org.eclipse.pde.internal.model.build,Build,add,5,1,1
eclipse.pde.ui-v_Eclipse_0_9,org.eclipse.pde.internal.model.build,Build,getBuildEntries,5,1,0
eclipse.pde.ui-v_Eclipse_0_9,org.eclipse.pde.internal.model.build,Build,getEntry,7,3,1
eclipse.pde.ui-v_Eclipse_0_9,org.eclipse.pde.internal.model.build,Build,processEntry,5,1,2
eclipse.pde.ui-v_Eclipse_0_9,org.eclipse.pde.internal.model.build,Build,remove,5,1,1
eclipse.pde.ui-v_Eclipse_0_9,org.eclipse.pde.internal.model.build,Build,reset,3,1,0
eclipse.pde.ui-v_Eclipse_0_9,org.eclipse.pde.internal.model.build,Build,write,6,2,2
eclipse.pde.ui-v_Eclipse_0_9,org.eclipse.pde.internal.model.build,BuildEntry,BuildEntry,3,1,1
eclipse.pde.ui-v_Eclipse_0_9,org.eclipse.pde.internal.model.build,BuildEntry,addToken,5,1,1
eclipse.pde.ui-v_Eclipse_0_9,org.eclipse.pde.internal.model.build,BuildEntry,getName,3,1,0
eclipse.pde.ui-v_Eclipse_0_9,org.eclipse.pde.internal.model.build,BuildEntry,getTokens,5,1,0
eclipse.pde.ui-v_Eclipse_0_9,org.eclipse.pde.internal.model.build,BuildEntry,processEntry,8,2,1
eclipse.pde.ui-v_Eclipse_0_9,org.eclipse.pde.internal.model.build,BuildEntry,removeToken,5,1,1
eclipse.pde.ui-v_Eclipse_0_9,org.eclipse.pde.internal.model.build,BuildEntry,renameToken,10,3,2
eclipse.pde.ui-v_Eclipse_0_9,org.eclipse.pde.internal.model.build,BuildEntry,setName,5,1,1
eclipse.pde.ui-v_Eclipse_0_9,org.eclipse.pde.internal.model.build,BuildEntry,toString,3,1,0
eclipse.pde.ui-v_Eclipse_0_9,org.eclipse.pde.internal.model.build,BuildEntry,createWritableName,12,4,1
eclipse.pde.ui-v_Eclipse_0_9,org.eclipse.pde.internal.model.build,BuildEntry,write,19,5,2
eclipse.pde.ui-v_Eclipse_0_9,org.eclipse.pde.internal.model.build,BuildModel,getBuild,4,2,0
eclipse.pde.ui-v_Eclipse_0_9,org.eclipse.pde.internal.model.build,BuildModel,getFactory,4,2,0
eclipse.pde.ui-v_Eclipse_0_9,org.eclipse.pde.internal.model.build,BuildModel,getInstallLocation,3,1,0
eclipse.pde.ui-v_Eclipse_0_9,org.eclipse.pde.internal.model.build,BuildModel,isFragment,3,1,0
eclipse.pde.ui-v_Eclipse_0_9,org.eclipse.pde.internal.model.build,BuildModel,load,0,1,0
eclipse.pde.ui-v_Eclipse_0_9,org.eclipse.pde.internal.model.build,BuildModel,load,17,2,1
eclipse.pde.ui-v_Eclipse_0_9,org.eclipse.pde.internal.model.build,BuildModel,reload,9,2,1
eclipse.pde.ui-v_Eclipse_0_9,org.eclipse.pde.internal.model.build,BuildModel,setFragment,3,1,1
eclipse.pde.ui-v_Eclipse_0_9,org.eclipse.pde.internal.model.build,BuildModelFactory,BuildModelFactory,3,1,1
eclipse.pde.ui-v_Eclipse_0_9,org.eclipse.pde.internal.model.build,BuildModelFactory,createEntry,5,1,1
eclipse.pde.ui-v_Eclipse_0_9,org.eclipse.pde.internal.model.build,BuildObject,BuildObject,2,1,0
eclipse.pde.ui-v_Eclipse_0_9,org.eclipse.pde.internal.model.build,BuildObject,ensureModelEditable,5,2,0
eclipse.pde.ui-v_Eclipse_0_9,org.eclipse.pde.internal.model.build,BuildObject,getModel,3,1,0
eclipse.pde.ui-v_Eclipse_0_9,org.eclipse.pde.internal.model.build,BuildObject,setModel,3,1,1
eclipse.pde.ui-v_Eclipse_0_9,org.eclipse.pde.internal.model.build,BuildObject,throwCoreException,4,1,1
eclipse.pde.ui-v_Eclipse_0_9,org.eclipse.pde.internal.model.build,ExternalBuildModel,ExternalBuildModel,3,1,1
eclipse.pde.ui-v_Eclipse_0_9,org.eclipse.pde.internal.model.build,ExternalBuildModel,getInstallLocation,3,1,0
eclipse.pde.ui-v_Eclipse_0_9,org.eclipse.pde.internal.model.build,ExternalBuildModel,isEditable,3,1,0
eclipse.pde.ui-v_Eclipse_0_9,org.eclipse.pde.internal.model.build,ExternalBuildModel,load,15,1,0
eclipse.pde.ui-v_Eclipse_0_9,org.eclipse.pde.internal.model.build,ExternalBuildModel,setInstallLocation,3,1,1
eclipse.pde.ui-v_Eclipse_0_9,org.eclipse.pde.internal.model.build,WorkspaceBuildModel,WorkspaceBuildModel,3,1,1
eclipse.pde.ui-v_Eclipse_0_9,org.eclipse.pde.internal.model.build,WorkspaceBuildModel,fireModelChanged,4,1,1
eclipse.pde.ui-v_Eclipse_0_9,org.eclipse.pde.internal.model.build,WorkspaceBuildModel,getContents,12,1,0
eclipse.pde.ui-v_Eclipse_0_9,org.eclipse.pde.internal.model.build,WorkspaceBuildModel,getFile,3,1,0
eclipse.pde.ui-v_Eclipse_0_9,org.eclipse.pde.internal.model.build,WorkspaceBuildModel,getUnderlyingResource,3,1,0
eclipse.pde.ui-v_Eclipse_0_9,org.eclipse.pde.internal.model.build,WorkspaceBuildModel,isDirty,3,1,0
eclipse.pde.ui-v_Eclipse_0_9,org.eclipse.pde.internal.model.build,WorkspaceBuildModel,isEditable,3,1,0
eclipse.pde.ui-v_Eclipse_0_9,org.eclipse.pde.internal.model.build,WorkspaceBuildModel,load,20,3,0
eclipse.pde.ui-v_Eclipse_0_9,org.eclipse.pde.internal.model.build,WorkspaceBuildModel,save,19,3,0
eclipse.pde.ui-v_Eclipse_0_9,org.eclipse.pde.internal.model.build,WorkspaceBuildModel,save,4,1,1
eclipse.pde.ui-v_Eclipse_0_9,org.eclipse.pde.internal.model.build,WorkspaceBuildModel,setDirty,3,1,1
eclipse.pde.ui-v_Eclipse_0_9,org.eclipse.pde.internal.model.build,WorkspaceBuildModel,setEditable,3,1,1
eclipse.pde.ui-v_Eclipse_0_9,org.eclipse.pde.internal.model.build,WorkspaceBuildModel,setFile,3,1,1
eclipse.pde.ui-v_Eclipse_0_9,org.eclipse.pde.internal.model.component,AbstractComponentModel,AbstractComponentModel,3,1,0
eclipse.pde.ui-v_Eclipse_0_9,org.eclipse.pde.internal.model.component,AbstractComponentModel,getComponent,8,2,0
eclipse.pde.ui-v_Eclipse_0_9,org.eclipse.pde.internal.model.component,AbstractComponentModel,getFactory,4,2,0
eclipse.pde.ui-v_Eclipse_0_9,org.eclipse.pde.internal.model.component,AbstractComponentModel,getInstallLocation,3,1,0
eclipse.pde.ui-v_Eclipse_0_9,org.eclipse.pde.internal.model.component,AbstractComponentModel,isEditable,3,1,0
eclipse.pde.ui-v_Eclipse_0_9,org.eclipse.pde.internal.model.component,AbstractComponentModel,isEnabled,3,1,0
eclipse.pde.ui-v_Eclipse_0_9,org.eclipse.pde.internal.model.component,AbstractComponentModel,load,14,1,1
eclipse.pde.ui-v_Eclipse_0_9,org.eclipse.pde.internal.model.component,AbstractComponentModel,processDocument,11,2,1
eclipse.pde.ui-v_Eclipse_0_9,org.eclipse.pde.internal.model.component,AbstractComponentModel,reload,5,2,1
eclipse.pde.ui-v_Eclipse_0_9,org.eclipse.pde.internal.model.component,AbstractComponentModel,setEnabled,3,1,1
eclipse.pde.ui-v_Eclipse_0_9,org.eclipse.pde.internal.model.component,Component,addFragment,5,1,1
eclipse.pde.ui-v_Eclipse_0_9,org.eclipse.pde.internal.model.component,Component,addPlugin,5,1,1
eclipse.pde.ui-v_Eclipse_0_9,org.eclipse.pde.internal.model.component,Component,getDescription,3,1,0
eclipse.pde.ui-v_Eclipse_0_9,org.eclipse.pde.internal.model.component,Component,getFragments,5,1,0
eclipse.pde.ui-v_Eclipse_0_9,org.eclipse.pde.internal.model.component,Component,getId,3,1,0
eclipse.pde.ui-v_Eclipse_0_9,org.eclipse.pde.internal.model.component,Component,getPlugins,5,1,0
eclipse.pde.ui-v_Eclipse_0_9,org.eclipse.pde.internal.model.component,Component,getProviderName,3,1,0
eclipse.pde.ui-v_Eclipse_0_9,org.eclipse.pde.internal.model.component,Component,getReferencedModel,11,4,1
eclipse.pde.ui-v_Eclipse_0_9,org.eclipse.pde.internal.model.component,Component,getURL,3,1,0
eclipse.pde.ui-v_Eclipse_0_9,org.eclipse.pde.internal.model.component,Component,getVersion,3,1,0
eclipse.pde.ui-v_Eclipse_0_9,org.eclipse.pde.internal.model.component,Component,parse,35,10,1
eclipse.pde.ui-v_Eclipse_0_9,org.eclipse.pde.internal.model.component,Component,removeFragment,5,1,1
eclipse.pde.ui-v_Eclipse_0_9,org.eclipse.pde.internal.model.component,Component,removePlugin,5,1,1
eclipse.pde.ui-v_Eclipse_0_9,org.eclipse.pde.internal.model.component,Component,reset,10,1,0
eclipse.pde.ui-v_Eclipse_0_9,org.eclipse.pde.internal.model.component,Component,setDescription,5,1,1
eclipse.pde.ui-v_Eclipse_0_9,org.eclipse.pde.internal.model.component,Component,setId,5,1,1
eclipse.pde.ui-v_Eclipse_0_9,org.eclipse.pde.internal.model.component,Component,setProviderName,5,1,1
eclipse.pde.ui-v_Eclipse_0_9,org.eclipse.pde.internal.model.component,Component,setURL,5,1,1
eclipse.pde.ui-v_Eclipse_0_9,org.eclipse.pde.internal.model.component,Component,setVersion,5,1,1
eclipse.pde.ui-v_Eclipse_0_9,org.eclipse.pde.internal.model.component,Component,write,34,5,2
eclipse.pde.ui-v_Eclipse_0_9,org.eclipse.pde.internal.model.component,Component,writeIfDefined,5,2,4
eclipse.pde.ui-v_Eclipse_0_9,org.eclipse.pde.internal.model.component,ComponentFactory,ComponentFactory,3,1,1
eclipse.pde.ui-v_Eclipse_0_9,org.eclipse.pde.internal.model.component,ComponentFactory,createFragment,6,1,0
eclipse.pde.ui-v_Eclipse_0_9,org.eclipse.pde.internal.model.component,ComponentFactory,createPlugin,6,1,0
eclipse.pde.ui-v_Eclipse_0_9,org.eclipse.pde.internal.model.component,ComponentFactory,createURL,6,1,0
eclipse.pde.ui-v_Eclipse_0_9,org.eclipse.pde.internal.model.component,ComponentFactory,createURLElement,6,1,2
eclipse.pde.ui-v_Eclipse_0_9,org.eclipse.pde.internal.model.component,ComponentFragment,write,18,4,2
eclipse.pde.ui-v_Eclipse_0_9,org.eclipse.pde.internal.model.component,ComponentObject,ensureModelEditable,5,2,0
eclipse.pde.ui-v_Eclipse_0_9,org.eclipse.pde.internal.model.component,ComponentObject,firePropertyChanged,3,1,1
eclipse.pde.ui-v_Eclipse_0_9,org.eclipse.pde.internal.model.component,ComponentObject,firePropertyChanged,6,2,2
eclipse.pde.ui-v_Eclipse_0_9,org.eclipse.pde.internal.model.component,ComponentObject,fireStructureChanged,7,2,2
eclipse.pde.ui-v_Eclipse_0_9,org.eclipse.pde.internal.model.component,ComponentObject,getComponent,3,1,0
eclipse.pde.ui-v_Eclipse_0_9,org.eclipse.pde.internal.model.component,ComponentObject,getLabel,3,1,0
eclipse.pde.ui-v_Eclipse_0_9,org.eclipse.pde.internal.model.component,ComponentObject,getModel,3,1,0
eclipse.pde.ui-v_Eclipse_0_9,org.eclipse.pde.internal.model.component,ComponentObject,getNodeAttribute,5,2,2
eclipse.pde.ui-v_Eclipse_0_9,org.eclipse.pde.internal.model.component,ComponentObject,getParent,3,1,0
eclipse.pde.ui-v_Eclipse_0_9,org.eclipse.pde.internal.model.component,ComponentObject,parse,0,1,1
eclipse.pde.ui-v_Eclipse_0_9,org.eclipse.pde.internal.model.component,ComponentObject,setLabel,5,1,1
eclipse.pde.ui-v_Eclipse_0_9,org.eclipse.pde.internal.model.component,ComponentObject,throwCoreException,4,1,1
eclipse.pde.ui-v_Eclipse_0_9,org.eclipse.pde.internal.model.component,ComponentObject,getWritableString,28,8,1
eclipse.pde.ui-v_Eclipse_0_9,org.eclipse.pde.internal.model.component,ComponentObject,write,2,1,2
eclipse.pde.ui-v_Eclipse_0_9,org.eclipse.pde.internal.model.component,ComponentPlugin,write,18,4,2
eclipse.pde.ui-v_Eclipse_0_9,org.eclipse.pde.internal.model.component,ComponentReference,getId,3,1,0
eclipse.pde.ui-v_Eclipse_0_9,org.eclipse.pde.internal.model.component,ComponentReference,getVersion,3,1,0
eclipse.pde.ui-v_Eclipse_0_9,org.eclipse.pde.internal.model.component,ComponentReference,parse,5,1,1
eclipse.pde.ui-v_Eclipse_0_9,org.eclipse.pde.internal.model.component,ComponentReference,setId,5,1,1
eclipse.pde.ui-v_Eclipse_0_9,org.eclipse.pde.internal.model.component,ComponentReference,setVersion,5,1,1
eclipse.pde.ui-v_Eclipse_0_9,org.eclipse.pde.internal.model.component,ComponentURL,addDiscovery,5,1,1
eclipse.pde.ui-v_Eclipse_0_9,org.eclipse.pde.internal.model.component,ComponentURL,addUpdate,5,1,1
eclipse.pde.ui-v_Eclipse_0_9,org.eclipse.pde.internal.model.component,ComponentURL,getDiscoveries,5,1,0
eclipse.pde.ui-v_Eclipse_0_9,org.eclipse.pde.internal.model.component,ComponentURL,getUpdates,5,1,0
eclipse.pde.ui-v_Eclipse_0_9,org.eclipse.pde.internal.model.component,ComponentURL,parse,22,8,1
eclipse.pde.ui-v_Eclipse_0_9,org.eclipse.pde.internal.model.component,ComponentURL,removeDiscovery,5,1,1
eclipse.pde.ui-v_Eclipse_0_9,org.eclipse.pde.internal.model.component,ComponentURL,removeUpdate,5,1,1
eclipse.pde.ui-v_Eclipse_0_9,org.eclipse.pde.internal.model.component,ComponentURL,write,13,3,2
eclipse.pde.ui-v_Eclipse_0_9,org.eclipse.pde.internal.model.component,ComponentURLElement,ComponentURLElement,3,1,1
eclipse.pde.ui-v_Eclipse_0_9,org.eclipse.pde.internal.model.component,ComponentURLElement,ComponentURLElement,4,1,2
eclipse.pde.ui-v_Eclipse_0_9,org.eclipse.pde.internal.model.component,ComponentURLElement,getElementType,3,1,0
eclipse.pde.ui-v_Eclipse_0_9,org.eclipse.pde.internal.model.component,ComponentURLElement,getURL,3,1,0
eclipse.pde.ui-v_Eclipse_0_9,org.eclipse.pde.internal.model.component,ComponentURLElement,parse,9,1,1
eclipse.pde.ui-v_Eclipse_0_9,org.eclipse.pde.internal.model.component,ComponentURLElement,setURL,5,1,1
eclipse.pde.ui-v_Eclipse_0_9,org.eclipse.pde.internal.model.component,ComponentURLElement,toString,5,3,0
eclipse.pde.ui-v_Eclipse_0_9,org.eclipse.pde.internal.model.component,ComponentURLElement,write,20,6,2
eclipse.pde.ui-v_Eclipse_0_9,org.eclipse.pde.internal.model.component,WorkspaceComponentModel,WorkspaceComponentModel,3,1,0
eclipse.pde.ui-v_Eclipse_0_9,org.eclipse.pde.internal.model.component,WorkspaceComponentModel,WorkspaceComponentModel,3,1,1
eclipse.pde.ui-v_Eclipse_0_9,org.eclipse.pde.internal.model.component,WorkspaceComponentModel,fireModelChanged,4,1,1
eclipse.pde.ui-v_Eclipse_0_9,org.eclipse.pde.internal.model.component,WorkspaceComponentModel,getContents,13,1,0
eclipse.pde.ui-v_Eclipse_0_9,org.eclipse.pde.internal.model.component,WorkspaceComponentModel,getFile,3,1,0
eclipse.pde.ui-v_Eclipse_0_9,org.eclipse.pde.internal.model.component,WorkspaceComponentModel,getInstallLocation,3,1,0
eclipse.pde.ui-v_Eclipse_0_9,org.eclipse.pde.internal.model.component,WorkspaceComponentModel,getUnderlyingResource,3,1,0
eclipse.pde.ui-v_Eclipse_0_9,org.eclipse.pde.internal.model.component,WorkspaceComponentModel,isDirty,3,1,0
eclipse.pde.ui-v_Eclipse_0_9,org.eclipse.pde.internal.model.component,WorkspaceComponentModel,isEditable,3,1,0
eclipse.pde.ui-v_Eclipse_0_9,org.eclipse.pde.internal.model.component,WorkspaceComponentModel,load,20,3,0
eclipse.pde.ui-v_Eclipse_0_9,org.eclipse.pde.internal.model.component,WorkspaceComponentModel,save,19,3,0
eclipse.pde.ui-v_Eclipse_0_9,org.eclipse.pde.internal.model.component,WorkspaceComponentModel,save,8,2,1
eclipse.pde.ui-v_Eclipse_0_9,org.eclipse.pde.internal.model.component,WorkspaceComponentModel,setDirty,3,1,1
eclipse.pde.ui-v_Eclipse_0_9,org.eclipse.pde.internal.model.component,WorkspaceComponentModel,setEditable,3,1,1
eclipse.pde.ui-v_Eclipse_0_9,org.eclipse.pde.internal.model.component,WorkspaceComponentModel,setFile,3,1,1
eclipse.pde.ui-v_Eclipse_0_9,org.eclipse.pde.internal.model.jars,ExternalJarsModel,ExternalJarsModel,3,1,1
eclipse.pde.ui-v_Eclipse_0_9,org.eclipse.pde.internal.model.jars,ExternalJarsModel,getInstallLocation,3,1,0
eclipse.pde.ui-v_Eclipse_0_9,org.eclipse.pde.internal.model.jars,ExternalJarsModel,isEditable,3,1,0
eclipse.pde.ui-v_Eclipse_0_9,org.eclipse.pde.internal.model.jars,ExternalJarsModel,load,13,1,0
eclipse.pde.ui-v_Eclipse_0_9,org.eclipse.pde.internal.model.jars,ExternalJarsModel,setInstallLocation,3,1,1
eclipse.pde.ui-v_Eclipse_0_9,org.eclipse.pde.internal.model.jars,JarEntry,JarEntry,3,1,1
eclipse.pde.ui-v_Eclipse_0_9,org.eclipse.pde.internal.model.jars,JarEntry,addFolderName,5,1,1
eclipse.pde.ui-v_Eclipse_0_9,org.eclipse.pde.internal.model.jars,JarEntry,getFolderNames,5,1,0
eclipse.pde.ui-v_Eclipse_0_9,org.eclipse.pde.internal.model.jars,JarEntry,getName,3,1,0
eclipse.pde.ui-v_Eclipse_0_9,org.eclipse.pde.internal.model.jars,JarEntry,processEntry,8,2,1
eclipse.pde.ui-v_Eclipse_0_9,org.eclipse.pde.internal.model.jars,JarEntry,removeFolderName,5,1,1
eclipse.pde.ui-v_Eclipse_0_9,org.eclipse.pde.internal.model.jars,JarEntry,renameFolder,8,3,2
eclipse.pde.ui-v_Eclipse_0_9,org.eclipse.pde.internal.model.jars,JarEntry,setName,5,1,1
eclipse.pde.ui-v_Eclipse_0_9,org.eclipse.pde.internal.model.jars,JarEntry,toString,3,1,0
eclipse.pde.ui-v_Eclipse_0_9,org.eclipse.pde.internal.model.jars,JarEntry,write,18,5,2
eclipse.pde.ui-v_Eclipse_0_9,org.eclipse.pde.internal.model.jars,Jars,Jars,2,1,0
eclipse.pde.ui-v_Eclipse_0_9,org.eclipse.pde.internal.model.jars,Jars,add,5,1,1
eclipse.pde.ui-v_Eclipse_0_9,org.eclipse.pde.internal.model.jars,Jars,getEntry,7,3,1
eclipse.pde.ui-v_Eclipse_0_9,org.eclipse.pde.internal.model.jars,Jars,getJarEntries,5,1,0
eclipse.pde.ui-v_Eclipse_0_9,org.eclipse.pde.internal.model.jars,Jars,processEntry,5,1,2
eclipse.pde.ui-v_Eclipse_0_9,org.eclipse.pde.internal.model.jars,Jars,remove,5,1,1
eclipse.pde.ui-v_Eclipse_0_9,org.eclipse.pde.internal.model.jars,Jars,reset,3,1,0
eclipse.pde.ui-v_Eclipse_0_9,org.eclipse.pde.internal.model.jars,Jars,write,6,2,2
eclipse.pde.ui-v_Eclipse_0_9,org.eclipse.pde.internal.model.jars,JarsModel,getFactory,4,2,0
eclipse.pde.ui-v_Eclipse_0_9,org.eclipse.pde.internal.model.jars,JarsModel,getInstallLocation,3,1,0
eclipse.pde.ui-v_Eclipse_0_9,org.eclipse.pde.internal.model.jars,JarsModel,getJars,4,2,0
eclipse.pde.ui-v_Eclipse_0_9,org.eclipse.pde.internal.model.jars,JarsModel,isFragment,3,1,0
eclipse.pde.ui-v_Eclipse_0_9,org.eclipse.pde.internal.model.jars,JarsModel,load,0,1,0
eclipse.pde.ui-v_Eclipse_0_9,org.eclipse.pde.internal.model.jars,JarsModel,load,17,2,1
eclipse.pde.ui-v_Eclipse_0_9,org.eclipse.pde.internal.model.jars,JarsModel,reload,9,2,1
eclipse.pde.ui-v_Eclipse_0_9,org.eclipse.pde.internal.model.jars,JarsModel,setFragment,3,1,1
eclipse.pde.ui-v_Eclipse_0_9,org.eclipse.pde.internal.model.jars,JarsModelFactory,JarsModelFactory,3,1,1
eclipse.pde.ui-v_Eclipse_0_9,org.eclipse.pde.internal.model.jars,JarsModelFactory,createEntry,5,1,1
eclipse.pde.ui-v_Eclipse_0_9,org.eclipse.pde.internal.model.jars,JarsObject,JarsObject,2,1,0
eclipse.pde.ui-v_Eclipse_0_9,org.eclipse.pde.internal.model.jars,JarsObject,ensureModelEditable,5,2,0
eclipse.pde.ui-v_Eclipse_0_9,org.eclipse.pde.internal.model.jars,JarsObject,getModel,3,1,0
eclipse.pde.ui-v_Eclipse_0_9,org.eclipse.pde.internal.model.jars,JarsObject,setModel,3,1,1
eclipse.pde.ui-v_Eclipse_0_9,org.eclipse.pde.internal.model.jars,JarsObject,throwCoreException,4,1,1
eclipse.pde.ui-v_Eclipse_0_9,org.eclipse.pde.internal.model.jars,WorkspaceJarsModel,WorkspaceJarsModel,3,1,1
eclipse.pde.ui-v_Eclipse_0_9,org.eclipse.pde.internal.model.jars,WorkspaceJarsModel,fireModelChanged,4,1,1
eclipse.pde.ui-v_Eclipse_0_9,org.eclipse.pde.internal.model.jars,WorkspaceJarsModel,getContents,12,1,0
eclipse.pde.ui-v_Eclipse_0_9,org.eclipse.pde.internal.model.jars,WorkspaceJarsModel,getFile,3,1,0
eclipse.pde.ui-v_Eclipse_0_9,org.eclipse.pde.internal.model.jars,WorkspaceJarsModel,getUnderlyingResource,3,1,0
eclipse.pde.ui-v_Eclipse_0_9,org.eclipse.pde.internal.model.jars,WorkspaceJarsModel,isDirty,3,1,0
eclipse.pde.ui-v_Eclipse_0_9,org.eclipse.pde.internal.model.jars,WorkspaceJarsModel,isEditable,3,1,0
eclipse.pde.ui-v_Eclipse_0_9,org.eclipse.pde.internal.model.jars,WorkspaceJarsModel,load,20,3,0
eclipse.pde.ui-v_Eclipse_0_9,org.eclipse.pde.internal.model.jars,WorkspaceJarsModel,save,19,3,0
eclipse.pde.ui-v_Eclipse_0_9,org.eclipse.pde.internal.model.jars,WorkspaceJarsModel,save,4,1,1
eclipse.pde.ui-v_Eclipse_0_9,org.eclipse.pde.internal.model.jars,WorkspaceJarsModel,setDirty,3,1,1
eclipse.pde.ui-v_Eclipse_0_9,org.eclipse.pde.internal.model.jars,WorkspaceJarsModel,setEditable,3,1,1
eclipse.pde.ui-v_Eclipse_0_9,org.eclipse.pde.internal.model.jars,WorkspaceJarsModel,setFile,3,1,1
eclipse.pde.ui-v_Eclipse_0_9,org.eclipse.pde.internal.preferences,AdvancedTracingPreferencePage,getText,9,2,1
eclipse.pde.ui-v_Eclipse_0_9,org.eclipse.pde.internal.preferences,AdvancedTracingPreferencePage,getImage,5,3,1
eclipse.pde.ui-v_Eclipse_0_9,org.eclipse.pde.internal.preferences,AdvancedTracingPreferencePage,hasChildren,4,2,1
eclipse.pde.ui-v_Eclipse_0_9,org.eclipse.pde.internal.preferences,AdvancedTracingPreferencePage,getChildren,9,3,1
eclipse.pde.ui-v_Eclipse_0_9,org.eclipse.pde.internal.preferences,AdvancedTracingPreferencePage,getParent,8,3,1
eclipse.pde.ui-v_Eclipse_0_9,org.eclipse.pde.internal.preferences,AdvancedTracingPreferencePage,getElements,3,1,1
eclipse.pde.ui-v_Eclipse_0_9,org.eclipse.pde.internal.preferences,AdvancedTracingPreferencePage,AdvancedTracingPreferencePage,5,1,0
eclipse.pde.ui-v_Eclipse_0_9,org.eclipse.pde.internal.preferences,AdvancedTracingPreferencePage,createContents,20,1,1
eclipse.pde.ui-v_Eclipse_0_9,org.eclipse.pde.internal.preferences,AdvancedTracingPreferencePage,createPluginList,25,3,1
eclipse.pde.ui-v_Eclipse_0_9,org.eclipse.pde.internal.preferences,AdvancedTracingPreferencePage,select,6,2,3
eclipse.pde.ui-v_Eclipse_0_9,org.eclipse.pde.internal.preferences,AdvancedTracingPreferencePage,selectionChanged,5,2,1
eclipse.pde.ui-v_Eclipse_0_9,org.eclipse.pde.internal.preferences,AdvancedTracingPreferencePage,createPropertySheet,12,1,1
eclipse.pde.ui-v_Eclipse_0_9,org.eclipse.pde.internal.preferences,AdvancedTracingPreferencePage,dispose,6,1,0
eclipse.pde.ui-v_Eclipse_0_9,org.eclipse.pde.internal.preferences,AdvancedTracingPreferencePage,fillTraceableModelList,6,3,2
eclipse.pde.ui-v_Eclipse_0_9,org.eclipse.pde.internal.preferences,AdvancedTracingPreferencePage,getAdaptable,11,3,1
eclipse.pde.ui-v_Eclipse_0_9,org.eclipse.pde.internal.preferences,AdvancedTracingPreferencePage,getExternalTraceablePlugins,8,2,0
eclipse.pde.ui-v_Eclipse_0_9,org.eclipse.pde.internal.preferences,AdvancedTracingPreferencePage,getWorkspaceTraceablePlugins,8,2,0
eclipse.pde.ui-v_Eclipse_0_9,org.eclipse.pde.internal.preferences,AdvancedTracingPreferencePage,init,2,1,1
eclipse.pde.ui-v_Eclipse_0_9,org.eclipse.pde.internal.preferences,AdvancedTracingPreferencePage,initialize,4,1,0
eclipse.pde.ui-v_Eclipse_0_9,org.eclipse.pde.internal.preferences,AdvancedTracingPreferencePage,performDefaults,7,2,0
eclipse.pde.ui-v_Eclipse_0_9,org.eclipse.pde.internal.preferences,AdvancedTracingPreferencePage,performOk,2,1,0
eclipse.pde.ui-v_Eclipse_0_9,org.eclipse.pde.internal.preferences,AdvancedTracingPreferencePage,pluginSelected,6,1,1
eclipse.pde.ui-v_Eclipse_0_9,org.eclipse.pde.internal.preferences,AdvancedTracingPreferencePage,setVisible,12,3,1
eclipse.pde.ui-v_Eclipse_0_9,org.eclipse.pde.internal.preferences,AdvancedTracingPreferencePage,updateValues,3,1,0
eclipse.pde.ui-v_Eclipse_0_9,org.eclipse.pde.internal.preferences,PluginLabelProvider,getText,9,2,1
eclipse.pde.ui-v_Eclipse_0_9,org.eclipse.pde.internal.preferences,PluginLabelProvider,getImage,5,3,1
eclipse.pde.ui-v_Eclipse_0_9,org.eclipse.pde.internal.preferences,PluginContentProvider,hasChildren,4,2,1
eclipse.pde.ui-v_Eclipse_0_9,org.eclipse.pde.internal.preferences,PluginContentProvider,getChildren,9,3,1
eclipse.pde.ui-v_Eclipse_0_9,org.eclipse.pde.internal.preferences,PluginContentProvider,getParent,8,3,1
eclipse.pde.ui-v_Eclipse_0_9,org.eclipse.pde.internal.preferences,PluginContentProvider,getElements,3,1,1
eclipse.pde.ui-v_Eclipse_0_9,org.eclipse.pde.internal.preferences,BuildpathPreferencePage,BuildpathPreferencePage,6,1,0
eclipse.pde.ui-v_Eclipse_0_9,org.eclipse.pde.internal.preferences,BuildpathPreferencePage,initializeDefaults,7,1,0
eclipse.pde.ui-v_Eclipse_0_9,org.eclipse.pde.internal.preferences,BuildpathPreferencePage,createFieldEditors,10,1,0
eclipse.pde.ui-v_Eclipse_0_9,org.eclipse.pde.internal.preferences,BuildpathPreferencePage,isPluginProjectUpdate,5,1,0
eclipse.pde.ui-v_Eclipse_0_9,org.eclipse.pde.internal.preferences,BuildpathPreferencePage,isFragmentProjectUpdate,5,1,0
eclipse.pde.ui-v_Eclipse_0_9,org.eclipse.pde.internal.preferences,BuildpathPreferencePage,isManifestUpdate,5,1,0
eclipse.pde.ui-v_Eclipse_0_9,org.eclipse.pde.internal.preferences,BuildpathPreferencePage,isConversionUpdate,5,1,0
eclipse.pde.ui-v_Eclipse_0_9,org.eclipse.pde.internal.preferences,BuildpathPreferencePage,init,2,1,1
eclipse.pde.ui-v_Eclipse_0_9,org.eclipse.pde.internal.preferences,CheckOption,CheckOption,3,1,2
eclipse.pde.ui-v_Eclipse_0_9,org.eclipse.pde.internal.preferences,CheckOption,createControl,7,1,1
eclipse.pde.ui-v_Eclipse_0_9,org.eclipse.pde.internal.preferences,CheckOption,getValue,3,1,0
eclipse.pde.ui-v_Eclipse_0_9,org.eclipse.pde.internal.preferences,CheckOption,setValue,7,3,1
eclipse.pde.ui-v_Eclipse_0_9,org.eclipse.pde.internal.preferences,ExternalPluginsBlock,getElements,6,2,1
eclipse.pde.ui-v_Eclipse_0_9,org.eclipse.pde.internal.preferences,ExternalPluginsBlock,getColumnText,7,2,2
eclipse.pde.ui-v_Eclipse_0_9,org.eclipse.pde.internal.preferences,ExternalPluginsBlock,getColumnImage,6,2,2
eclipse.pde.ui-v_Eclipse_0_9,org.eclipse.pde.internal.preferences,ExternalPluginsBlock,ExternalPluginsBlock,5,1,1
eclipse.pde.ui-v_Eclipse_0_9,org.eclipse.pde.internal.preferences,ExternalPluginsBlock,checkStateChanged,5,1,1
eclipse.pde.ui-v_Eclipse_0_9,org.eclipse.pde.internal.preferences,ExternalPluginsBlock,createContents,67,3,1
eclipse.pde.ui-v_Eclipse_0_9,org.eclipse.pde.internal.preferences,ExternalPluginsBlock,widgetSelected,3,1,1
eclipse.pde.ui-v_Eclipse_0_9,org.eclipse.pde.internal.preferences,ExternalPluginsBlock,widgetSelected,4,1,1
eclipse.pde.ui-v_Eclipse_0_9,org.eclipse.pde.internal.preferences,ExternalPluginsBlock,widgetSelected,4,1,1
eclipse.pde.ui-v_Eclipse_0_9,org.eclipse.pde.internal.preferences,ExternalPluginsBlock,createSavedList,8,2,1
eclipse.pde.ui-v_Eclipse_0_9,org.eclipse.pde.internal.preferences,ExternalPluginsBlock,dispose,3,1,0
eclipse.pde.ui-v_Eclipse_0_9,org.eclipse.pde.internal.preferences,ExternalPluginsBlock,getControl,3,1,0
eclipse.pde.ui-v_Eclipse_0_9,org.eclipse.pde.internal.preferences,ExternalPluginsBlock,globalSelect,5,2,2
eclipse.pde.ui-v_Eclipse_0_9,org.eclipse.pde.internal.preferences,ExternalPluginsBlock,handleReload,17,2,0
eclipse.pde.ui-v_Eclipse_0_9,org.eclipse.pde.internal.preferences,ExternalPluginsBlock,run,5,1,0
eclipse.pde.ui-v_Eclipse_0_9,org.eclipse.pde.internal.preferences,ExternalPluginsBlock,initialize,29,6,1
eclipse.pde.ui-v_Eclipse_0_9,org.eclipse.pde.internal.preferences,ExternalPluginsBlock,initialize,18,4,2
eclipse.pde.ui-v_Eclipse_0_9,org.eclipse.pde.internal.preferences,ExternalPluginsBlock,initializeDefault,8,2,2
eclipse.pde.ui-v_Eclipse_0_9,org.eclipse.pde.internal.preferences,ExternalPluginsBlock,initializeDefault,4,1,1
eclipse.pde.ui-v_Eclipse_0_9,org.eclipse.pde.internal.preferences,ExternalPluginsBlock,isChecked,6,3,2
eclipse.pde.ui-v_Eclipse_0_9,org.eclipse.pde.internal.preferences,ExternalPluginsBlock,save,21,6,1
eclipse.pde.ui-v_Eclipse_0_9,org.eclipse.pde.internal.preferences,ExternalPluginsBlock,updateSelectedCount,3,1,0
eclipse.pde.ui-v_Eclipse_0_9,org.eclipse.pde.internal.preferences,ExternalPluginsBlock,updateSelectedCount,19,5,1
eclipse.pde.ui-v_Eclipse_0_9,org.eclipse.pde.internal.preferences,PluginContentProvider,getElements,6,2,1
eclipse.pde.ui-v_Eclipse_0_9,org.eclipse.pde.internal.preferences,PluginLabelProvider,getColumnText,7,2,2
eclipse.pde.ui-v_Eclipse_0_9,org.eclipse.pde.internal.preferences,PluginLabelProvider,getColumnImage,6,2,2
eclipse.pde.ui-v_Eclipse_0_9,org.eclipse.pde.internal.preferences,ExternalPluginsEditor,ExternalPluginsEditor,4,1,1
eclipse.pde.ui-v_Eclipse_0_9,org.eclipse.pde.internal.preferences,ExternalPluginsEditor,adjustForNumColumns,7,1,1
eclipse.pde.ui-v_Eclipse_0_9,org.eclipse.pde.internal.preferences,ExternalPluginsEditor,dispose,3,1,0
eclipse.pde.ui-v_Eclipse_0_9,org.eclipse.pde.internal.preferences,ExternalPluginsEditor,doFillIntoGrid,11,1,2
eclipse.pde.ui-v_Eclipse_0_9,org.eclipse.pde.internal.preferences,ExternalPluginsEditor,doLoad,4,1,0
eclipse.pde.ui-v_Eclipse_0_9,org.eclipse.pde.internal.preferences,ExternalPluginsEditor,doLoadDefault,3,1,0
eclipse.pde.ui-v_Eclipse_0_9,org.eclipse.pde.internal.preferences,ExternalPluginsEditor,doStore,3,1,0
eclipse.pde.ui-v_Eclipse_0_9,org.eclipse.pde.internal.preferences,ExternalPluginsEditor,getNumberOfControls,3,1,0
eclipse.pde.ui-v_Eclipse_0_9,org.eclipse.pde.internal.preferences,ExternalPluginsEditor,getPlatformPath,3,1,0
eclipse.pde.ui-v_Eclipse_0_9,org.eclipse.pde.internal.preferences,ExternalPluginsWizard,ExternalPluginsWizard,4,1,0
eclipse.pde.ui-v_Eclipse_0_9,org.eclipse.pde.internal.preferences,ExternalPluginsWizard,addPages,4,1,0
eclipse.pde.ui-v_Eclipse_0_9,org.eclipse.pde.internal.preferences,ExternalPluginsWizard,performFinish,3,1,0
eclipse.pde.ui-v_Eclipse_0_9,org.eclipse.pde.internal.preferences,ExternalPluginsWizardPage,ExternalPluginsWizardPage,6,1,0
eclipse.pde.ui-v_Eclipse_0_9,org.eclipse.pde.internal.preferences,ExternalPluginsWizardPage,createControl,12,1,1
eclipse.pde.ui-v_Eclipse_0_9,org.eclipse.pde.internal.preferences,ExternalPluginsWizardPage,finish,4,1,0
eclipse.pde.ui-v_Eclipse_0_9,org.eclipse.pde.internal.preferences,PDEBasePreferencePage,ModifiedDirectoryFieldEditor,3,1,3
eclipse.pde.ui-v_Eclipse_0_9,org.eclipse.pde.internal.preferences,PDEBasePreferencePage,adjustForNumColumns,8,1,1
eclipse.pde.ui-v_Eclipse_0_9,org.eclipse.pde.internal.preferences,PDEBasePreferencePage,PDEBasePreferencePage,5,1,0
eclipse.pde.ui-v_Eclipse_0_9,org.eclipse.pde.internal.preferences,PDEBasePreferencePage,createFieldEditors,10,1,0
eclipse.pde.ui-v_Eclipse_0_9,org.eclipse.pde.internal.preferences,PDEBasePreferencePage,getPlatformPath,5,2,0
eclipse.pde.ui-v_Eclipse_0_9,org.eclipse.pde.internal.preferences,PDEBasePreferencePage,init,2,1,1
eclipse.pde.ui-v_Eclipse_0_9,org.eclipse.pde.internal.preferences,PDEBasePreferencePage,initializePlatformPath,12,2,0
eclipse.pde.ui-v_Eclipse_0_9,org.eclipse.pde.internal.preferences,PDEBasePreferencePage,performOk,14,2,0
eclipse.pde.ui-v_Eclipse_0_9,org.eclipse.pde.internal.preferences,ModifiedDirectoryFieldEditor,ModifiedDirectoryFieldEditor,3,1,3
eclipse.pde.ui-v_Eclipse_0_9,org.eclipse.pde.internal.preferences,ModifiedDirectoryFieldEditor,adjustForNumColumns,8,1,1
eclipse.pde.ui-v_Eclipse_0_9,org.eclipse.pde.internal.preferences,RuntimeOption,RuntimeOption,4,1,2
eclipse.pde.ui-v_Eclipse_0_9,org.eclipse.pde.internal.preferences,RuntimeOption,createControl,0,1,1
eclipse.pde.ui-v_Eclipse_0_9,org.eclipse.pde.internal.preferences,RuntimeOption,getKey,3,1,0
eclipse.pde.ui-v_Eclipse_0_9,org.eclipse.pde.internal.preferences,RuntimeOption,getLabel,3,1,0
eclipse.pde.ui-v_Eclipse_0_9,org.eclipse.pde.internal.preferences,RuntimeOption,getValue,0,1,0
eclipse.pde.ui-v_Eclipse_0_9,org.eclipse.pde.internal.preferences,RuntimeOption,load,4,2,1
eclipse.pde.ui-v_Eclipse_0_9,org.eclipse.pde.internal.preferences,RuntimeOption,setValue,0,1,1
eclipse.pde.ui-v_Eclipse_0_9,org.eclipse.pde.internal.preferences,RuntimeOption,store,3,1,1
eclipse.pde.ui-v_Eclipse_0_9,org.eclipse.pde.internal.preferences,RuntimeTracingPreferencePage,RuntimeTracingPreferencePage,4,1,0
eclipse.pde.ui-v_Eclipse_0_9,org.eclipse.pde.internal.preferences,RuntimeTracingPreferencePage,createContents,29,3,1
eclipse.pde.ui-v_Eclipse_0_9,org.eclipse.pde.internal.preferences,RuntimeTracingPreferencePage,init,2,1,1
eclipse.pde.ui-v_Eclipse_0_9,org.eclipse.pde.internal.preferences,RuntimeTracingPreferencePage,initializeCheck,3,1,2
eclipse.pde.ui-v_Eclipse_0_9,org.eclipse.pde.internal.preferences,RuntimeTracingPreferencePage,initializeOptions,17,1,0
eclipse.pde.ui-v_Eclipse_0_9,org.eclipse.pde.internal.preferences,RuntimeTracingPreferencePage,initializeText,3,1,2
eclipse.pde.ui-v_Eclipse_0_9,org.eclipse.pde.internal.preferences,RuntimeTracingPreferencePage,initializeValues,11,3,1
eclipse.pde.ui-v_Eclipse_0_9,org.eclipse.pde.internal.preferences,RuntimeTracingPreferencePage,performDefaults,4,1,0
eclipse.pde.ui-v_Eclipse_0_9,org.eclipse.pde.internal.preferences,RuntimeTracingPreferencePage,performOk,7,1,0
eclipse.pde.ui-v_Eclipse_0_9,org.eclipse.pde.internal.preferences,RuntimeTracingPreferencePage,resetValue,3,1,2
eclipse.pde.ui-v_Eclipse_0_9,org.eclipse.pde.internal.preferences,RuntimeTracingPreferencePage,resetValues,12,3,0
eclipse.pde.ui-v_Eclipse_0_9,org.eclipse.pde.internal.preferences,RuntimeTracingPreferencePage,setVisible,12,3,1
eclipse.pde.ui-v_Eclipse_0_9,org.eclipse.pde.internal.preferences,RuntimeTracingPreferencePage,storeValues,11,3,1
eclipse.pde.ui-v_Eclipse_0_9,org.eclipse.pde.internal.preferences,RuntimeTracingPreferencePage,syncUpMasters,8,2,1
eclipse.pde.ui-v_Eclipse_0_9,org.eclipse.pde.internal.preferences,RuntimeTracingPreferencePage,updateValues,5,1,0
eclipse.pde.ui-v_Eclipse_0_9,org.eclipse.pde.internal.preferences,StringFieldEditorWithSpace,StringFieldEditorWithSpace,3,1,0
eclipse.pde.ui-v_Eclipse_0_9,org.eclipse.pde.internal.preferences,StringFieldEditorWithSpace,StringFieldEditorWithSpace,3,1,4
eclipse.pde.ui-v_Eclipse_0_9,org.eclipse.pde.internal.preferences,StringFieldEditorWithSpace,StringFieldEditorWithSpace,3,1,3
eclipse.pde.ui-v_Eclipse_0_9,org.eclipse.pde.internal.preferences,StringFieldEditorWithSpace,getNumberOfControls,3,1,0
eclipse.pde.ui-v_Eclipse_0_9,org.eclipse.pde.internal.preferences,StringFieldEditorWithSpace,doFillIntoGrid,5,1,2
eclipse.pde.ui-v_Eclipse_0_9,org.eclipse.pde.internal.preferences,StringFieldEditorWithSpace,adjustForNumColumns,3,1,1
eclipse.pde.ui-v_Eclipse_0_9,org.eclipse.pde.internal.preferences,TextOption,TextOption,3,1,2
eclipse.pde.ui-v_Eclipse_0_9,org.eclipse.pde.internal.preferences,TextOption,createControl,8,1,1
eclipse.pde.ui-v_Eclipse_0_9,org.eclipse.pde.internal.preferences,TextOption,getValue,3,1,0
eclipse.pde.ui-v_Eclipse_0_9,org.eclipse.pde.internal.preferences,TextOption,setValue,6,2,1
eclipse.pde.ui-v_Eclipse_0_9,org.eclipse.pde.internal.preferences,TracingPropertySource,BooleanLabelProvider,3,1,1
eclipse.pde.ui-v_Eclipse_0_9,org.eclipse.pde.internal.preferences,TracingPropertySource,getText,8,2,1
eclipse.pde.ui-v_Eclipse_0_9,org.eclipse.pde.internal.preferences,TracingPropertySource,TracingPropertySource,7,1,3
eclipse.pde.ui-v_Eclipse_0_9,org.eclipse.pde.internal.preferences,TracingPropertySource,createBooleanPropertyDescriptor,5,1,2
eclipse.pde.ui-v_Eclipse_0_9,org.eclipse.pde.internal.preferences,TracingPropertySource,createDescriptors,3,1,0
eclipse.pde.ui-v_Eclipse_0_9,org.eclipse.pde.internal.preferences,TracingPropertySource,createTextPropertyDescriptor,3,1,2
eclipse.pde.ui-v_Eclipse_0_9,org.eclipse.pde.internal.preferences,TracingPropertySource,getAdapter,4,2,1
eclipse.pde.ui-v_Eclipse_0_9,org.eclipse.pde.internal.preferences,TracingPropertySource,getEditableValue,3,1,0
eclipse.pde.ui-v_Eclipse_0_9,org.eclipse.pde.internal.preferences,TracingPropertySource,getPropertyDescriptors,4,2,0
eclipse.pde.ui-v_Eclipse_0_9,org.eclipse.pde.internal.preferences,TracingPropertySource,getPropertyValue,4,1,1
eclipse.pde.ui-v_Eclipse_0_9,org.eclipse.pde.internal.preferences,TracingPropertySource,isPropertySet,3,1,1
eclipse.pde.ui-v_Eclipse_0_9,org.eclipse.pde.internal.preferences,TracingPropertySource,reset,3,1,0
eclipse.pde.ui-v_Eclipse_0_9,org.eclipse.pde.internal.preferences,TracingPropertySource,resetPropertyValue,2,1,1
eclipse.pde.ui-v_Eclipse_0_9,org.eclipse.pde.internal.preferences,TracingPropertySource,save,3,1,0
eclipse.pde.ui-v_Eclipse_0_9,org.eclipse.pde.internal.preferences,TracingPropertySource,setPropertyValue,3,1,2
eclipse.pde.ui-v_Eclipse_0_9,org.eclipse.pde.internal.preferences,BooleanLabelProvider,BooleanLabelProvider,3,1,1
eclipse.pde.ui-v_Eclipse_0_9,org.eclipse.pde.internal.preferences,BooleanLabelProvider,getText,8,2,1
eclipse.pde.ui-v_Eclipse_0_9,org.eclipse.pde.internal.schema,AbstractSchemaDescriptor,AbstractSchemaDescriptor,3,1,0
eclipse.pde.ui-v_Eclipse_0_9,org.eclipse.pde.internal.schema,AbstractSchemaDescriptor,createAbsoluteImageDescriptor,10,2,1
eclipse.pde.ui-v_Eclipse_0_9,org.eclipse.pde.internal.schema,AbstractSchemaDescriptor,createSchema,5,2,0
eclipse.pde.ui-v_Eclipse_0_9,org.eclipse.pde.internal.schema,AbstractSchemaDescriptor,dispose,6,2,0
eclipse.pde.ui-v_Eclipse_0_9,org.eclipse.pde.internal.schema,AbstractSchemaDescriptor,getSchema,6,2,0
eclipse.pde.ui-v_Eclipse_0_9,org.eclipse.pde.internal.schema,AbstractSchemaDescriptor,loadSchema,4,2,0
eclipse.pde.ui-v_Eclipse_0_9,org.eclipse.pde.internal.schema,AbstractSchemaDescriptor,reload,5,2,0
eclipse.pde.ui-v_Eclipse_0_9,org.eclipse.pde.internal.schema,ChoiceRestriction,hasNext,3,1,0
eclipse.pde.ui-v_Eclipse_0_9,org.eclipse.pde.internal.schema,ChoiceRestriction,next,3,1,0
eclipse.pde.ui-v_Eclipse_0_9,org.eclipse.pde.internal.schema,ChoiceRestriction,remove,2,1,0
eclipse.pde.ui-v_Eclipse_0_9,org.eclipse.pde.internal.schema,ChoiceRestriction,ChoiceRestriction,3,1,1
eclipse.pde.ui-v_Eclipse_0_9,org.eclipse.pde.internal.schema,ChoiceRestriction,ChoiceRestriction,8,2,1
eclipse.pde.ui-v_Eclipse_0_9,org.eclipse.pde.internal.schema,ChoiceRestriction,getBaseType,3,1,0
eclipse.pde.ui-v_Eclipse_0_9,org.eclipse.pde.internal.schema,ChoiceRestriction,getChildren,8,2,0
eclipse.pde.ui-v_Eclipse_0_9,org.eclipse.pde.internal.schema,ChoiceRestriction,getChoicesAsStrings,6,2,0
eclipse.pde.ui-v_Eclipse_0_9,org.eclipse.pde.internal.schema,ChoiceRestriction,getParent,4,2,0
eclipse.pde.ui-v_Eclipse_0_9,org.eclipse.pde.internal.schema,ChoiceRestriction,isValueValid,6,2,1
eclipse.pde.ui-v_Eclipse_0_9,org.eclipse.pde.internal.schema,ChoiceRestriction,setBaseType,3,1,1
eclipse.pde.ui-v_Eclipse_0_9,org.eclipse.pde.internal.schema,ChoiceRestriction,setChildren,4,2,1
eclipse.pde.ui-v_Eclipse_0_9,org.eclipse.pde.internal.schema,ChoiceRestriction,toString,8,3,0
eclipse.pde.ui-v_Eclipse_0_9,org.eclipse.pde.internal.schema,ChoiceRestriction,write,7,1,2
eclipse.pde.ui-v_Eclipse_0_9,org.eclipse.pde.internal.schema,DocumentSection,DocumentSection,4,1,3
eclipse.pde.ui-v_Eclipse_0_9,org.eclipse.pde.internal.schema,DocumentSection,getSectionId,3,1,0
eclipse.pde.ui-v_Eclipse_0_9,org.eclipse.pde.internal.schema,DocumentSection,write,13,1,2
eclipse.pde.ui-v_Eclipse_0_9,org.eclipse.pde.internal.schema,EditableSchema,EditableSchema,3,1,2
eclipse.pde.ui-v_Eclipse_0_9,org.eclipse.pde.internal.schema,EditableSchema,EditableSchema,3,1,2
eclipse.pde.ui-v_Eclipse_0_9,org.eclipse.pde.internal.schema,EditableSchema,fireModelChanged,4,2,1
eclipse.pde.ui-v_Eclipse_0_9,org.eclipse.pde.internal.schema,EditableSchema,isDirty,3,1,0
eclipse.pde.ui-v_Eclipse_0_9,org.eclipse.pde.internal.schema,EditableSchema,isEditable,3,1,0
eclipse.pde.ui-v_Eclipse_0_9,org.eclipse.pde.internal.schema,EditableSchema,save,4,1,1
eclipse.pde.ui-v_Eclipse_0_9,org.eclipse.pde.internal.schema,EditableSchema,setDirty,3,1,1
eclipse.pde.ui-v_Eclipse_0_9,org.eclipse.pde.internal.schema,ExtensionPointSchemaDescriptor,ExtensionPointSchemaDescriptor,3,1,1
eclipse.pde.ui-v_Eclipse_0_9,org.eclipse.pde.internal.schema,ExtensionPointSchemaDescriptor,createImageDescriptor,4,2,1
eclipse.pde.ui-v_Eclipse_0_9,org.eclipse.pde.internal.schema,ExtensionPointSchemaDescriptor,getPointId,3,1,0
eclipse.pde.ui-v_Eclipse_0_9,org.eclipse.pde.internal.schema,ExtensionPointSchemaDescriptor,getSchemaURL,3,1,0
eclipse.pde.ui-v_Eclipse_0_9,org.eclipse.pde.internal.schema,FileSchemaDescriptor,FileSchemaDescriptor,3,1,1
eclipse.pde.ui-v_Eclipse_0_9,org.eclipse.pde.internal.schema,FileSchemaDescriptor,createImageDescriptor,13,3,1
eclipse.pde.ui-v_Eclipse_0_9,org.eclipse.pde.internal.schema,FileSchemaDescriptor,createSchema,5,2,0
eclipse.pde.ui-v_Eclipse_0_9,org.eclipse.pde.internal.schema,FileSchemaDescriptor,getFile,3,1,0
eclipse.pde.ui-v_Eclipse_0_9,org.eclipse.pde.internal.schema,FileSchemaDescriptor,getInstallURL,9,1,0
eclipse.pde.ui-v_Eclipse_0_9,org.eclipse.pde.internal.schema,FileSchemaDescriptor,getPointId,7,1,0
eclipse.pde.ui-v_Eclipse_0_9,org.eclipse.pde.internal.schema,FileSchemaDescriptor,getSchemaURL,9,1,0
eclipse.pde.ui-v_Eclipse_0_9,org.eclipse.pde.internal.schema,MappedSchemaDescriptor,MappedSchemaDescriptor,3,1,1
eclipse.pde.ui-v_Eclipse_0_9,org.eclipse.pde.internal.schema,MappedSchemaDescriptor,createImageDescriptor,14,3,1
eclipse.pde.ui-v_Eclipse_0_9,org.eclipse.pde.internal.schema,MappedSchemaDescriptor,getPointId,3,1,0
eclipse.pde.ui-v_Eclipse_0_9,org.eclipse.pde.internal.schema,MappedSchemaDescriptor,getSchemaURL,11,1,0
eclipse.pde.ui-v_Eclipse_0_9,org.eclipse.pde.internal.schema,RepeatableSchemaObject,RepeatableSchemaObject,3,1,2
eclipse.pde.ui-v_Eclipse_0_9,org.eclipse.pde.internal.schema,RepeatableSchemaObject,getMaxOccurs,3,1,0
eclipse.pde.ui-v_Eclipse_0_9,org.eclipse.pde.internal.schema,RepeatableSchemaObject,getMinOccurs,3,1,0
eclipse.pde.ui-v_Eclipse_0_9,org.eclipse.pde.internal.schema,RepeatableSchemaObject,isRequired,3,1,0
eclipse.pde.ui-v_Eclipse_0_9,org.eclipse.pde.internal.schema,RepeatableSchemaObject,isUnbounded,3,1,0
eclipse.pde.ui-v_Eclipse_0_9,org.eclipse.pde.internal.schema,RepeatableSchemaObject,setMaxOccurs,4,1,1
eclipse.pde.ui-v_Eclipse_0_9,org.eclipse.pde.internal.schema,RepeatableSchemaObject,setMinOccurs,4,1,1
eclipse.pde.ui-v_Eclipse_0_9,org.eclipse.pde.internal.schema,Schema,Schema,4,1,2
eclipse.pde.ui-v_Eclipse_0_9,org.eclipse.pde.internal.schema,Schema,Schema,4,1,2
eclipse.pde.ui-v_Eclipse_0_9,org.eclipse.pde.internal.schema,Schema,addDocumentSection,4,1,1
eclipse.pde.ui-v_Eclipse_0_9,org.eclipse.pde.internal.schema,Schema,addElement,4,1,1
eclipse.pde.ui-v_Eclipse_0_9,org.eclipse.pde.internal.schema,Schema,addModelChangedListener,3,1,1
eclipse.pde.ui-v_Eclipse_0_9,org.eclipse.pde.internal.schema,Schema,collectElements,12,5,2
eclipse.pde.ui-v_Eclipse_0_9,org.eclipse.pde.internal.schema,Schema,dispose,4,1,0
eclipse.pde.ui-v_Eclipse_0_9,org.eclipse.pde.internal.schema,Schema,findElement,8,4,1
eclipse.pde.ui-v_Eclipse_0_9,org.eclipse.pde.internal.schema,Schema,fireModelChanged,7,3,1
eclipse.pde.ui-v_Eclipse_0_9,org.eclipse.pde.internal.schema,Schema,fireModelObjectChanged,3,1,2
eclipse.pde.ui-v_Eclipse_0_9,org.eclipse.pde.internal.schema,Schema,getAttribute,6,2,2
eclipse.pde.ui-v_Eclipse_0_9,org.eclipse.pde.internal.schema,Schema,getCandidateChildren,11,3,1
eclipse.pde.ui-v_Eclipse_0_9,org.eclipse.pde.internal.schema,Schema,getDescription,3,1,0
eclipse.pde.ui-v_Eclipse_0_9,org.eclipse.pde.internal.schema,Schema,getDocumentSections,5,1,0
eclipse.pde.ui-v_Eclipse_0_9,org.eclipse.pde.internal.schema,Schema,getElementCount,3,1,0
eclipse.pde.ui-v_Eclipse_0_9,org.eclipse.pde.internal.schema,Schema,getElements,6,2,0
eclipse.pde.ui-v_Eclipse_0_9,org.eclipse.pde.internal.schema,Schema,getName,3,1,0
eclipse.pde.ui-v_Eclipse_0_9,org.eclipse.pde.internal.schema,Schema,getNormalizedText,6,1,1
eclipse.pde.ui-v_Eclipse_0_9,org.eclipse.pde.internal.schema,Schema,getParent,3,1,0
eclipse.pde.ui-v_Eclipse_0_9,org.eclipse.pde.internal.schema,Schema,getPointId,3,1,0
eclipse.pde.ui-v_Eclipse_0_9,org.eclipse.pde.internal.schema,Schema,getSchema,3,1,0
eclipse.pde.ui-v_Eclipse_0_9,org.eclipse.pde.internal.schema,Schema,getSchemaDescriptor,3,1,0
eclipse.pde.ui-v_Eclipse_0_9,org.eclipse.pde.internal.schema,Schema,getURL,3,1,0
eclipse.pde.ui-v_Eclipse_0_9,org.eclipse.pde.internal.schema,Schema,isDisposed,3,1,0
eclipse.pde.ui-v_Eclipse_0_9,org.eclipse.pde.internal.schema,Schema,isEditable,3,1,0
eclipse.pde.ui-v_Eclipse_0_9,org.eclipse.pde.internal.schema,Schema,isLoaded,3,1,0
eclipse.pde.ui-v_Eclipse_0_9,org.eclipse.pde.internal.schema,Schema,isNotificationEnabled,3,1,0
eclipse.pde.ui-v_Eclipse_0_9,org.eclipse.pde.internal.schema,Schema,load,16,1,0
eclipse.pde.ui-v_Eclipse_0_9,org.eclipse.pde.internal.schema,Schema,load,14,1,1
eclipse.pde.ui-v_Eclipse_0_9,org.eclipse.pde.internal.schema,Schema,processAttribute,35,12,2
eclipse.pde.ui-v_Eclipse_0_9,org.eclipse.pde.internal.schema,Schema,processAttributeAnnotation,23,8,2
eclipse.pde.ui-v_Eclipse_0_9,org.eclipse.pde.internal.schema,Schema,processAttributeRestriction,13,3,2
eclipse.pde.ui-v_Eclipse_0_9,org.eclipse.pde.internal.schema,Schema,processAttributeSimpleType,14,6,2
eclipse.pde.ui-v_Eclipse_0_9,org.eclipse.pde.internal.schema,Schema,processComplexType,24,6,2
eclipse.pde.ui-v_Eclipse_0_9,org.eclipse.pde.internal.schema,Schema,processCompositor,24,6,3
eclipse.pde.ui-v_Eclipse_0_9,org.eclipse.pde.internal.schema,Schema,processCompositorChild,19,6,3
eclipse.pde.ui-v_Eclipse_0_9,org.eclipse.pde.internal.schema,Schema,processElement,47,10,2
eclipse.pde.ui-v_Eclipse_0_9,org.eclipse.pde.internal.schema,Schema,processElementAnnotation,23,8,2
eclipse.pde.ui-v_Eclipse_0_9,org.eclipse.pde.internal.schema,Schema,processEnumeration,4,1,2
eclipse.pde.ui-v_Eclipse_0_9,org.eclipse.pde.internal.schema,Schema,processKind,7,4,1
eclipse.pde.ui-v_Eclipse_0_9,org.eclipse.pde.internal.schema,Schema,processSchemaAnnotation,39,12,1
eclipse.pde.ui-v_Eclipse_0_9,org.eclipse.pde.internal.schema,Schema,reload,5,1,0
eclipse.pde.ui-v_Eclipse_0_9,org.eclipse.pde.internal.schema,Schema,reload,5,1,1
eclipse.pde.ui-v_Eclipse_0_9,org.eclipse.pde.internal.schema,Schema,removeDocumentSection,4,1,1
eclipse.pde.ui-v_Eclipse_0_9,org.eclipse.pde.internal.schema,Schema,removeElement,4,1,1
eclipse.pde.ui-v_Eclipse_0_9,org.eclipse.pde.internal.schema,Schema,removeModelChangedListener,3,1,1
eclipse.pde.ui-v_Eclipse_0_9,org.eclipse.pde.internal.schema,Schema,reset,8,1,0
eclipse.pde.ui-v_Eclipse_0_9,org.eclipse.pde.internal.schema,Schema,resolveElementReference,9,3,1
eclipse.pde.ui-v_Eclipse_0_9,org.eclipse.pde.internal.schema,Schema,resolveReference,6,2,1
eclipse.pde.ui-v_Eclipse_0_9,org.eclipse.pde.internal.schema,Schema,resolveReferences,6,2,1
eclipse.pde.ui-v_Eclipse_0_9,org.eclipse.pde.internal.schema,Schema,resolveTypeReference,3,1,1
eclipse.pde.ui-v_Eclipse_0_9,org.eclipse.pde.internal.schema,Schema,setDescription,4,1,1
eclipse.pde.ui-v_Eclipse_0_9,org.eclipse.pde.internal.schema,Schema,setName,4,1,1
eclipse.pde.ui-v_Eclipse_0_9,org.eclipse.pde.internal.schema,Schema,setNotificationEnabled,3,1,1
eclipse.pde.ui-v_Eclipse_0_9,org.eclipse.pde.internal.schema,Schema,toString,3,1,0
eclipse.pde.ui-v_Eclipse_0_9,org.eclipse.pde.internal.schema,Schema,traverseDocumentTree,19,6,1
eclipse.pde.ui-v_Eclipse_0_9,org.eclipse.pde.internal.schema,Schema,updateReferencesFor,10,4,1
eclipse.pde.ui-v_Eclipse_0_9,org.eclipse.pde.internal.schema,Schema,write,34,4,2
eclipse.pde.ui-v_Eclipse_0_9,org.eclipse.pde.internal.schema,SchemaAttribute,SchemaAttribute,8,1,2
eclipse.pde.ui-v_Eclipse_0_9,org.eclipse.pde.internal.schema,SchemaAttribute,SchemaAttribute,3,1,2
eclipse.pde.ui-v_Eclipse_0_9,org.eclipse.pde.internal.schema,SchemaAttribute,getBasedOn,3,1,0
eclipse.pde.ui-v_Eclipse_0_9,org.eclipse.pde.internal.schema,SchemaAttribute,getKind,3,1,0
eclipse.pde.ui-v_Eclipse_0_9,org.eclipse.pde.internal.schema,SchemaAttribute,getType,3,1,0
eclipse.pde.ui-v_Eclipse_0_9,org.eclipse.pde.internal.schema,SchemaAttribute,getUse,3,1,0
eclipse.pde.ui-v_Eclipse_0_9,org.eclipse.pde.internal.schema,SchemaAttribute,getValue,3,1,0
eclipse.pde.ui-v_Eclipse_0_9,org.eclipse.pde.internal.schema,SchemaAttribute,getValueFilter,3,1,0
eclipse.pde.ui-v_Eclipse_0_9,org.eclipse.pde.internal.schema,SchemaAttribute,setBasedOn,5,1,1
eclipse.pde.ui-v_Eclipse_0_9,org.eclipse.pde.internal.schema,SchemaAttribute,setKind,5,1,1
eclipse.pde.ui-v_Eclipse_0_9,org.eclipse.pde.internal.schema,SchemaAttribute,setType,5,1,1
eclipse.pde.ui-v_Eclipse_0_9,org.eclipse.pde.internal.schema,SchemaAttribute,setUse,5,1,1
eclipse.pde.ui-v_Eclipse_0_9,org.eclipse.pde.internal.schema,SchemaAttribute,setValue,5,1,1
eclipse.pde.ui-v_Eclipse_0_9,org.eclipse.pde.internal.schema,SchemaAttribute,setValueFilter,4,1,1
eclipse.pde.ui-v_Eclipse_0_9,org.eclipse.pde.internal.schema,SchemaAttribute,verifyProperties,14,6,0
eclipse.pde.ui-v_Eclipse_0_9,org.eclipse.pde.internal.schema,SchemaAttribute,ensureStringType,3,2,0
eclipse.pde.ui-v_Eclipse_0_9,org.eclipse.pde.internal.schema,SchemaAttribute,ensureNoRestriction,7,2,0
eclipse.pde.ui-v_Eclipse_0_9,org.eclipse.pde.internal.schema,SchemaAttribute,write,68,16,2
eclipse.pde.ui-v_Eclipse_0_9,org.eclipse.pde.internal.schema,SchemaComplexType,SchemaComplexType,3,1,1
eclipse.pde.ui-v_Eclipse_0_9,org.eclipse.pde.internal.schema,SchemaComplexType,SchemaComplexType,3,1,2
eclipse.pde.ui-v_Eclipse_0_9,org.eclipse.pde.internal.schema,SchemaComplexType,addAttribute,4,1,1
eclipse.pde.ui-v_Eclipse_0_9,org.eclipse.pde.internal.schema,SchemaComplexType,getAttribute,7,3,1
eclipse.pde.ui-v_Eclipse_0_9,org.eclipse.pde.internal.schema,SchemaComplexType,getAttributeCount,3,1,0
eclipse.pde.ui-v_Eclipse_0_9,org.eclipse.pde.internal.schema,SchemaComplexType,getAttributes,5,1,0
eclipse.pde.ui-v_Eclipse_0_9,org.eclipse.pde.internal.schema,SchemaComplexType,getCompositor,3,1,0
eclipse.pde.ui-v_Eclipse_0_9,org.eclipse.pde.internal.schema,SchemaComplexType,isMixed,3,1,0
eclipse.pde.ui-v_Eclipse_0_9,org.eclipse.pde.internal.schema,SchemaComplexType,removeAttribute,4,1,1
eclipse.pde.ui-v_Eclipse_0_9,org.eclipse.pde.internal.schema,SchemaComplexType,setCompositor,4,1,1
eclipse.pde.ui-v_Eclipse_0_9,org.eclipse.pde.internal.schema,SchemaComplexType,setMixed,3,1,1
eclipse.pde.ui-v_Eclipse_0_9,org.eclipse.pde.internal.schema,SchemaComplexType,write,13,3,2
eclipse.pde.ui-v_Eclipse_0_9,org.eclipse.pde.internal.schema,SchemaCompositor,SchemaCompositor,18,5,2
eclipse.pde.ui-v_Eclipse_0_9,org.eclipse.pde.internal.schema,SchemaCompositor,SchemaCompositor,4,1,3
eclipse.pde.ui-v_Eclipse_0_9,org.eclipse.pde.internal.schema,SchemaCompositor,addChild,4,1,1
eclipse.pde.ui-v_Eclipse_0_9,org.eclipse.pde.internal.schema,SchemaCompositor,getChildCount,3,1,0
eclipse.pde.ui-v_Eclipse_0_9,org.eclipse.pde.internal.schema,SchemaCompositor,getChildren,5,1,0
eclipse.pde.ui-v_Eclipse_0_9,org.eclipse.pde.internal.schema,SchemaCompositor,getKind,3,1,0
eclipse.pde.ui-v_Eclipse_0_9,org.eclipse.pde.internal.schema,SchemaCompositor,removeChild,4,1,1
eclipse.pde.ui-v_Eclipse_0_9,org.eclipse.pde.internal.schema,SchemaCompositor,setKind,20,6,1
eclipse.pde.ui-v_Eclipse_0_9,org.eclipse.pde.internal.schema,SchemaCompositor,updateReferencesFor,13,4,1
eclipse.pde.ui-v_Eclipse_0_9,org.eclipse.pde.internal.schema,SchemaCompositor,write,34,9,2
eclipse.pde.ui-v_Eclipse_0_9,org.eclipse.pde.internal.schema,SchemaElement,SchemaElement,3,1,2
eclipse.pde.ui-v_Eclipse_0_9,org.eclipse.pde.internal.schema,SchemaElement,calculateChildRepresentation,24,8,1
eclipse.pde.ui-v_Eclipse_0_9,org.eclipse.pde.internal.schema,SchemaElement,calculateCompositorRepresentation,17,7,1
eclipse.pde.ui-v_Eclipse_0_9,org.eclipse.pde.internal.schema,SchemaElement,getAttribute,6,2,1
eclipse.pde.ui-v_Eclipse_0_9,org.eclipse.pde.internal.schema,SchemaElement,getAttributeCount,6,2,0
eclipse.pde.ui-v_Eclipse_0_9,org.eclipse.pde.internal.schema,SchemaElement,getAttributes,6,2,0
eclipse.pde.ui-v_Eclipse_0_9,org.eclipse.pde.internal.schema,SchemaElement,getDTDRepresentation,17,6,0
eclipse.pde.ui-v_Eclipse_0_9,org.eclipse.pde.internal.schema,SchemaElement,getIconDescriptor,9,3,0
eclipse.pde.ui-v_Eclipse_0_9,org.eclipse.pde.internal.schema,SchemaElement,getIconName,3,1,0
eclipse.pde.ui-v_Eclipse_0_9,org.eclipse.pde.internal.schema,SchemaElement,getLabelProperty,3,1,0
eclipse.pde.ui-v_Eclipse_0_9,org.eclipse.pde.internal.schema,SchemaElement,getType,3,1,0
eclipse.pde.ui-v_Eclipse_0_9,org.eclipse.pde.internal.schema,SchemaElement,setIconName,4,1,1
eclipse.pde.ui-v_Eclipse_0_9,org.eclipse.pde.internal.schema,SchemaElement,setLabelProperty,4,1,1
eclipse.pde.ui-v_Eclipse_0_9,org.eclipse.pde.internal.schema,SchemaElement,setType,4,1,1
eclipse.pde.ui-v_Eclipse_0_9,org.eclipse.pde.internal.schema,SchemaElement,write,36,10,2
eclipse.pde.ui-v_Eclipse_0_9,org.eclipse.pde.internal.schema,SchemaElementReference,SchemaElementReference,4,1,2
eclipse.pde.ui-v_Eclipse_0_9,org.eclipse.pde.internal.schema,SchemaElementReference,getAttribute,3,1,1
eclipse.pde.ui-v_Eclipse_0_9,org.eclipse.pde.internal.schema,SchemaElementReference,getAttributeCount,3,1,0
eclipse.pde.ui-v_Eclipse_0_9,org.eclipse.pde.internal.schema,SchemaElementReference,getAttributes,3,1,0
eclipse.pde.ui-v_Eclipse_0_9,org.eclipse.pde.internal.schema,SchemaElementReference,getCompositor,3,1,0
eclipse.pde.ui-v_Eclipse_0_9,org.eclipse.pde.internal.schema,SchemaElementReference,getDescription,3,1,0
eclipse.pde.ui-v_Eclipse_0_9,org.eclipse.pde.internal.schema,SchemaElementReference,getDTDRepresentation,3,1,0
eclipse.pde.ui-v_Eclipse_0_9,org.eclipse.pde.internal.schema,SchemaElementReference,getIconDescriptor,3,1,0
eclipse.pde.ui-v_Eclipse_0_9,org.eclipse.pde.internal.schema,SchemaElementReference,getIconName,3,1,0
eclipse.pde.ui-v_Eclipse_0_9,org.eclipse.pde.internal.schema,SchemaElementReference,getLabelProperty,3,1,0
eclipse.pde.ui-v_Eclipse_0_9,org.eclipse.pde.internal.schema,SchemaElementReference,getMaxOccurs,3,1,0
eclipse.pde.ui-v_Eclipse_0_9,org.eclipse.pde.internal.schema,SchemaElementReference,getMinOccurs,3,1,0
eclipse.pde.ui-v_Eclipse_0_9,org.eclipse.pde.internal.schema,SchemaElementReference,getName,3,1,0
eclipse.pde.ui-v_Eclipse_0_9,org.eclipse.pde.internal.schema,SchemaElementReference,getParent,3,1,0
eclipse.pde.ui-v_Eclipse_0_9,org.eclipse.pde.internal.schema,SchemaElementReference,getReferencedElement,3,1,0
eclipse.pde.ui-v_Eclipse_0_9,org.eclipse.pde.internal.schema,SchemaElementReference,getReferencedObject,3,1,0
eclipse.pde.ui-v_Eclipse_0_9,org.eclipse.pde.internal.schema,SchemaElementReference,getReferencedObjectClass,3,1,0
eclipse.pde.ui-v_Eclipse_0_9,org.eclipse.pde.internal.schema,SchemaElementReference,getReferenceName,3,1,0
eclipse.pde.ui-v_Eclipse_0_9,org.eclipse.pde.internal.schema,SchemaElementReference,getSchema,4,2,0
eclipse.pde.ui-v_Eclipse_0_9,org.eclipse.pde.internal.schema,SchemaElementReference,getType,3,1,0
eclipse.pde.ui-v_Eclipse_0_9,org.eclipse.pde.internal.schema,SchemaElementReference,isLinked,3,1,0
eclipse.pde.ui-v_Eclipse_0_9,org.eclipse.pde.internal.schema,SchemaElementReference,setCompositor,3,1,1
eclipse.pde.ui-v_Eclipse_0_9,org.eclipse.pde.internal.schema,SchemaElementReference,setMaxOccurs,5,2,1
eclipse.pde.ui-v_Eclipse_0_9,org.eclipse.pde.internal.schema,SchemaElementReference,setMinOccurs,5,2,1
eclipse.pde.ui-v_Eclipse_0_9,org.eclipse.pde.internal.schema,SchemaElementReference,setReferencedObject,3,2,1
eclipse.pde.ui-v_Eclipse_0_9,org.eclipse.pde.internal.schema,SchemaElementReference,setReferenceName,5,2,1
eclipse.pde.ui-v_Eclipse_0_9,org.eclipse.pde.internal.schema,SchemaElementReference,write,11,2,2
eclipse.pde.ui-v_Eclipse_0_9,org.eclipse.pde.internal.schema,SchemaElementReference,addComments,3,1,1
eclipse.pde.ui-v_Eclipse_0_9,org.eclipse.pde.internal.schema,SchemaElementReference,addComments,12,5,2
eclipse.pde.ui-v_Eclipse_0_9,org.eclipse.pde.internal.schema,SchemaElementReference,writeComments,3,1,1
eclipse.pde.ui-v_Eclipse_0_9,org.eclipse.pde.internal.schema,SchemaElementReference,writeComments,7,3,2
eclipse.pde.ui-v_Eclipse_0_9,org.eclipse.pde.internal.schema,SchemaEnumeration,SchemaEnumeration,3,1,2
eclipse.pde.ui-v_Eclipse_0_9,org.eclipse.pde.internal.schema,SchemaEnumeration,write,16,3,2
eclipse.pde.ui-v_Eclipse_0_9,org.eclipse.pde.internal.schema,SchemaObject,SchemaObject,4,1,2
eclipse.pde.ui-v_Eclipse_0_9,org.eclipse.pde.internal.schema,SchemaObject,getDescription,3,1,0
eclipse.pde.ui-v_Eclipse_0_9,org.eclipse.pde.internal.schema,SchemaObject,getName,3,1,0
eclipse.pde.ui-v_Eclipse_0_9,org.eclipse.pde.internal.schema,SchemaObject,getParent,3,1,0
eclipse.pde.ui-v_Eclipse_0_9,org.eclipse.pde.internal.schema,SchemaObject,getSchema,8,2,0
eclipse.pde.ui-v_Eclipse_0_9,org.eclipse.pde.internal.schema,SchemaObject,getWritableDescription,3,1,0
eclipse.pde.ui-v_Eclipse_0_9,org.eclipse.pde.internal.schema,SchemaObject,getWritableDescription,22,6,1
eclipse.pde.ui-v_Eclipse_0_9,org.eclipse.pde.internal.schema,SchemaObject,setDescription,4,1,1
eclipse.pde.ui-v_Eclipse_0_9,org.eclipse.pde.internal.schema,SchemaObject,setName,4,1,1
eclipse.pde.ui-v_Eclipse_0_9,org.eclipse.pde.internal.schema,SchemaObject,toString,4,2,0
eclipse.pde.ui-v_Eclipse_0_9,org.eclipse.pde.internal.schema,SchemaObject,addComments,3,1,1
eclipse.pde.ui-v_Eclipse_0_9,org.eclipse.pde.internal.schema,SchemaObject,addComments,12,5,2
eclipse.pde.ui-v_Eclipse_0_9,org.eclipse.pde.internal.schema,SchemaObject,writeComments,3,1,1
eclipse.pde.ui-v_Eclipse_0_9,org.eclipse.pde.internal.schema,SchemaObject,writeComments,7,3,2
eclipse.pde.ui-v_Eclipse_0_9,org.eclipse.pde.internal.schema,SchemaRegistry,SchemaRegistry,2,1,0
eclipse.pde.ui-v_Eclipse_0_9,org.eclipse.pde.internal.schema,SchemaRegistry,addExtensionPoint,4,1,1
eclipse.pde.ui-v_Eclipse_0_9,org.eclipse.pde.internal.schema,SchemaRegistry,getSchema,11,4,1
eclipse.pde.ui-v_Eclipse_0_9,org.eclipse.pde.internal.schema,SchemaRegistry,initializeDescriptors,8,1,0
eclipse.pde.ui-v_Eclipse_0_9,org.eclipse.pde.internal.schema,SchemaRegistry,loadExternalDescriptors,14,4,0
eclipse.pde.ui-v_Eclipse_0_9,org.eclipse.pde.internal.schema,SchemaRegistry,loadMappedDescriptors,14,4,0
eclipse.pde.ui-v_Eclipse_0_9,org.eclipse.pde.internal.schema,SchemaRegistry,loadWorkspaceDescriptor,17,4,1
eclipse.pde.ui-v_Eclipse_0_9,org.eclipse.pde.internal.schema,SchemaRegistry,loadWorkspaceDescriptors,13,3,0
eclipse.pde.ui-v_Eclipse_0_9,org.eclipse.pde.internal.schema,SchemaRegistry,loadWorkspaceDescriptors,17,4,1
eclipse.pde.ui-v_Eclipse_0_9,org.eclipse.pde.internal.schema,SchemaRegistry,modelsChanged,15,5,1
eclipse.pde.ui-v_Eclipse_0_9,org.eclipse.pde.internal.schema,SchemaRegistry,processMapElement,16,4,1
eclipse.pde.ui-v_Eclipse_0_9,org.eclipse.pde.internal.schema,SchemaRegistry,removeExtensionPoint,2,1,1
eclipse.pde.ui-v_Eclipse_0_9,org.eclipse.pde.internal.schema,SchemaRegistry,removeWorkspaceDescriptors,15,4,1
eclipse.pde.ui-v_Eclipse_0_9,org.eclipse.pde.internal.schema,SchemaRegistry,resourceChanged,13,3,1
eclipse.pde.ui-v_Eclipse_0_9,org.eclipse.pde.internal.schema,SchemaRegistry,shutdown,12,3,0
eclipse.pde.ui-v_Eclipse_0_9,org.eclipse.pde.internal.schema,SchemaRegistry,updateExtensionPoint,12,4,1
eclipse.pde.ui-v_Eclipse_0_9,org.eclipse.pde.internal.schema,SchemaRegistry,updateWorkspaceDescriptors,7,2,0
eclipse.pde.ui-v_Eclipse_0_9,org.eclipse.pde.internal.schema,SchemaRegistry,updateWorkspaceDescriptors,4,1,1
eclipse.pde.ui-v_Eclipse_0_9,org.eclipse.pde.internal.schema,SchemaRegistry,visit,20,8,1
eclipse.pde.ui-v_Eclipse_0_9,org.eclipse.pde.internal.schema,SchemaSimpleType,SchemaSimpleType,3,1,2
eclipse.pde.ui-v_Eclipse_0_9,org.eclipse.pde.internal.schema,SchemaSimpleType,SchemaSimpleType,10,3,1
eclipse.pde.ui-v_Eclipse_0_9,org.eclipse.pde.internal.schema,SchemaSimpleType,getRestriction,3,1,0
eclipse.pde.ui-v_Eclipse_0_9,org.eclipse.pde.internal.schema,SchemaSimpleType,setRestriction,5,2,1
eclipse.pde.ui-v_Eclipse_0_9,org.eclipse.pde.internal.schema,SchemaSimpleType,write,7,2,2
eclipse.pde.ui-v_Eclipse_0_9,org.eclipse.pde.internal.schema,SchemaType,SchemaType,4,1,2
eclipse.pde.ui-v_Eclipse_0_9,org.eclipse.pde.internal.schema,SchemaType,getName,3,1,0
eclipse.pde.ui-v_Eclipse_0_9,org.eclipse.pde.internal.schema,SchemaType,getSchema,3,1,0
eclipse.pde.ui-v_Eclipse_0_9,org.eclipse.pde.internal.schema,SchemaType,toString,3,1,0
eclipse.pde.ui-v_Eclipse_0_9,org.eclipse.pde.internal.wizards,BaseWizardSelectionPage,BaseWizardSelectionPage,4,1,2
eclipse.pde.ui-v_Eclipse_0_9,org.eclipse.pde.internal.wizards,BaseWizardSelectionPage,createDescriptionIn,4,1,1
eclipse.pde.ui-v_Eclipse_0_9,org.eclipse.pde.internal.wizards,BaseWizardSelectionPage,createWizardNode,0,1,1
eclipse.pde.ui-v_Eclipse_0_9,org.eclipse.pde.internal.wizards,BaseWizardSelectionPage,getLabel,3,1,0
eclipse.pde.ui-v_Eclipse_0_9,org.eclipse.pde.internal.wizards,BaseWizardSelectionPage,setDescriptionText,3,1,1
eclipse.pde.ui-v_Eclipse_0_9,org.eclipse.pde.internal.wizards,Category,Category,3,1,1
eclipse.pde.ui-v_Eclipse_0_9,org.eclipse.pde.internal.wizards,Category,getID,3,1,0
eclipse.pde.ui-v_Eclipse_0_9,org.eclipse.pde.internal.wizards,Category,getLabel,3,1,0
eclipse.pde.ui-v_Eclipse_0_9,org.eclipse.pde.internal.wizards,Category,getParentCategoryPath,11,4,0
eclipse.pde.ui-v_Eclipse_0_9,org.eclipse.pde.internal.wizards,ListUtil,isSorterProperty,3,1,2
eclipse.pde.ui-v_Eclipse_0_9,org.eclipse.pde.internal.wizards,ListUtil,getColumnText,3,1,2
eclipse.pde.ui-v_Eclipse_0_9,org.eclipse.pde.internal.wizards,ListUtil,getColumnImage,3,1,2
eclipse.pde.ui-v_Eclipse_0_9,org.eclipse.pde.internal.wizards,ListUtil,ListUtil,3,1,0
eclipse.pde.ui-v_Eclipse_0_9,org.eclipse.pde.internal.wizards,NameSorter,isSorterProperty,3,1,2
eclipse.pde.ui-v_Eclipse_0_9,org.eclipse.pde.internal.wizards,TableLabelProvider,getColumnText,3,1,2
eclipse.pde.ui-v_Eclipse_0_9,org.eclipse.pde.internal.wizards,TableLabelProvider,getColumnImage,3,1,2
eclipse.pde.ui-v_Eclipse_0_9,org.eclipse.pde.internal.wizards,NewWizard,NewWizard,3,1,0
eclipse.pde.ui-v_Eclipse_0_9,org.eclipse.pde.internal.wizards,NewWizard,getSelection,3,1,0
eclipse.pde.ui-v_Eclipse_0_9,org.eclipse.pde.internal.wizards,NewWizard,getWorkbench,3,1,0
eclipse.pde.ui-v_Eclipse_0_9,org.eclipse.pde.internal.wizards,NewWizard,init,4,1,2
eclipse.pde.ui-v_Eclipse_0_9,org.eclipse.pde.internal.wizards,NewWizard,performFinish,3,1,0
eclipse.pde.ui-v_Eclipse_0_9,org.eclipse.pde.internal.wizards,NewWizard,revealSelection,14,2,1
eclipse.pde.ui-v_Eclipse_0_9,org.eclipse.pde.internal.wizards,NewWizard,run,4,1,0
eclipse.pde.ui-v_Eclipse_0_9,org.eclipse.pde.internal.wizards,PluginPathUpdater,CheckedPlugin,4,1,2
eclipse.pde.ui-v_Eclipse_0_9,org.eclipse.pde.internal.wizards,PluginPathUpdater,getPluginInfo,3,1,0
eclipse.pde.ui-v_Eclipse_0_9,org.eclipse.pde.internal.wizards,PluginPathUpdater,isChecked,3,1,0
eclipse.pde.ui-v_Eclipse_0_9,org.eclipse.pde.internal.wizards,PluginPathUpdater,PluginPathUpdater,4,1,2
eclipse.pde.ui-v_Eclipse_0_9,org.eclipse.pde.internal.wizards,PluginPathUpdater,addFoldersToClasspathEntries,24,6,2
eclipse.pde.ui-v_Eclipse_0_9,org.eclipse.pde.internal.wizards,PluginPathUpdater,addToClasspathEntries,35,7,2
eclipse.pde.ui-v_Eclipse_0_9,org.eclipse.pde.internal.wizards,PluginPathUpdater,isEntryAdded,9,4,3
eclipse.pde.ui-v_Eclipse_0_9,org.eclipse.pde.internal.wizards,PluginPathUpdater,addClasspathEntries,8,3,1
eclipse.pde.ui-v_Eclipse_0_9,org.eclipse.pde.internal.wizards,PluginPathUpdater,getClasspathEntries,7,1,0
eclipse.pde.ui-v_Eclipse_0_9,org.eclipse.pde.internal.wizards,PluginPathUpdater,getJREPath,3,1,0
eclipse.pde.ui-v_Eclipse_0_9,org.eclipse.pde.internal.wizards,PluginPathUpdater,getJRESourceAnnotation,5,1,0
eclipse.pde.ui-v_Eclipse_0_9,org.eclipse.pde.internal.wizards,PluginPathUpdater,getOperation,9,1,0
eclipse.pde.ui-v_Eclipse_0_9,org.eclipse.pde.internal.wizards,PluginPathUpdater,execute,4,1,1
eclipse.pde.ui-v_Eclipse_0_9,org.eclipse.pde.internal.wizards,PluginPathUpdater,getSourceAnnotation,5,1,2
eclipse.pde.ui-v_Eclipse_0_9,org.eclipse.pde.internal.wizards,PluginPathUpdater,getSourceClasspathEntries,7,1,1
eclipse.pde.ui-v_Eclipse_0_9,org.eclipse.pde.internal.wizards,PluginPathUpdater,isAlreadyPresent,9,3,2
eclipse.pde.ui-v_Eclipse_0_9,org.eclipse.pde.internal.wizards,PluginPathUpdater,updateClasspath,27,6,1
eclipse.pde.ui-v_Eclipse_0_9,org.eclipse.pde.internal.wizards,PluginPathUpdater,addImplicitLibraries,12,3,1
eclipse.pde.ui-v_Eclipse_0_9,org.eclipse.pde.internal.wizards,PluginPathUpdater,updateLibrariesFor,25,5,3
eclipse.pde.ui-v_Eclipse_0_9,org.eclipse.pde.internal.wizards,PluginPathUpdater,updateLibrary,27,8,5
eclipse.pde.ui-v_Eclipse_0_9,org.eclipse.pde.internal.wizards,PluginPathUpdater,updateLibrary,24,7,5
eclipse.pde.ui-v_Eclipse_0_9,org.eclipse.pde.internal.wizards,PluginPathUpdater,updateSourceFolder,26,7,5
eclipse.pde.ui-v_Eclipse_0_9,org.eclipse.pde.internal.wizards,CheckedPlugin,CheckedPlugin,4,1,2
eclipse.pde.ui-v_Eclipse_0_9,org.eclipse.pde.internal.wizards,CheckedPlugin,getPluginInfo,3,1,0
eclipse.pde.ui-v_Eclipse_0_9,org.eclipse.pde.internal.wizards,CheckedPlugin,isChecked,3,1,0
eclipse.pde.ui-v_Eclipse_0_9,org.eclipse.pde.internal.wizards,WizardCollectionElement,WizardCollectionElement,4,1,3
eclipse.pde.ui-v_Eclipse_0_9,org.eclipse.pde.internal.wizards,WizardCollectionElement,findChildCollection,12,4,1
eclipse.pde.ui-v_Eclipse_0_9,org.eclipse.pde.internal.wizards,WizardCollectionElement,findWizard,8,3,1
eclipse.pde.ui-v_Eclipse_0_9,org.eclipse.pde.internal.wizards,WizardCollectionElement,getId,3,1,0
eclipse.pde.ui-v_Eclipse_0_9,org.eclipse.pde.internal.wizards,WizardCollectionElement,getPath,4,2,0
eclipse.pde.ui-v_Eclipse_0_9,org.eclipse.pde.internal.wizards,WizardCollectionElement,getWizards,3,1,0
eclipse.pde.ui-v_Eclipse_0_9,org.eclipse.pde.internal.wizards,WizardCollectionElement,setId,3,1,1
eclipse.pde.ui-v_Eclipse_0_9,org.eclipse.pde.internal.wizards,WizardCollectionElement,setWizards,3,1,1
eclipse.pde.ui-v_Eclipse_0_9,org.eclipse.pde.internal.wizards,WizardCollectionSorter,WizardCollectionSorter,3,1,1
eclipse.pde.ui-v_Eclipse_0_9,org.eclipse.pde.internal.wizards,WizardCollectionSorter,compare,10,5,3
eclipse.pde.ui-v_Eclipse_0_9,org.eclipse.pde.internal.wizards,WizardCollectionSorter,isSorterProperty,3,1,2
eclipse.pde.ui-v_Eclipse_0_9,org.eclipse.pde.internal.wizards,WizardElement,WizardElement,4,1,1
eclipse.pde.ui-v_Eclipse_0_9,org.eclipse.pde.internal.wizards,WizardElement,createExecutableExtension,3,1,0
eclipse.pde.ui-v_Eclipse_0_9,org.eclipse.pde.internal.wizards,WizardElement,getConfigurationElement,3,1,0
eclipse.pde.ui-v_Eclipse_0_9,org.eclipse.pde.internal.wizards,WizardElement,getDescription,9,3,0
eclipse.pde.ui-v_Eclipse_0_9,org.eclipse.pde.internal.wizards,WizardElement,getID,3,1,0
eclipse.pde.ui-v_Eclipse_0_9,org.eclipse.pde.internal.wizards,WizardElement,setImage,3,1,1
eclipse.pde.ui-v_Eclipse_0_9,org.eclipse.pde.internal.wizards,WizardListSelectionPage,WizardSelectedAction,3,1,0
eclipse.pde.ui-v_Eclipse_0_9,org.eclipse.pde.internal.wizards,WizardListSelectionPage,run,4,1,0
eclipse.pde.ui-v_Eclipse_0_9,org.eclipse.pde.internal.wizards,WizardListSelectionPage,WizardListSelectionPage,4,1,2
eclipse.pde.ui-v_Eclipse_0_9,org.eclipse.pde.internal.wizards,WizardListSelectionPage,advanceToNextPage,3,1,0
eclipse.pde.ui-v_Eclipse_0_9,org.eclipse.pde.internal.wizards,WizardListSelectionPage,createControl,22,1,1
eclipse.pde.ui-v_Eclipse_0_9,org.eclipse.pde.internal.wizards,WizardListSelectionPage,doubleClick,3,1,1
eclipse.pde.ui-v_Eclipse_0_9,org.eclipse.pde.internal.wizards,WizardListSelectionPage,createTable,8,1,2
eclipse.pde.ui-v_Eclipse_0_9,org.eclipse.pde.internal.wizards,WizardListSelectionPage,selectionChanged,15,3,1
eclipse.pde.ui-v_Eclipse_0_9,org.eclipse.pde.internal.wizards,WizardListSelectionPage,setSelectedNode,3,1,1
eclipse.pde.ui-v_Eclipse_0_9,org.eclipse.pde.internal.wizards,WizardSelectedAction,WizardSelectedAction,3,1,0
eclipse.pde.ui-v_Eclipse_0_9,org.eclipse.pde.internal.wizards,WizardSelectedAction,run,4,1,0
eclipse.pde.ui-v_Eclipse_0_9,org.eclipse.pde.internal.wizards,WizardNode,WizardNode,4,1,2
eclipse.pde.ui-v_Eclipse_0_9,org.eclipse.pde.internal.wizards,WizardNode,createWizard,0,1,0
eclipse.pde.ui-v_Eclipse_0_9,org.eclipse.pde.internal.wizards,WizardNode,dispose,6,2,0
eclipse.pde.ui-v_Eclipse_0_9,org.eclipse.pde.internal.wizards,WizardNode,getElement,3,1,0
eclipse.pde.ui-v_Eclipse_0_9,org.eclipse.pde.internal.wizards,WizardNode,getExtent,3,1,0
eclipse.pde.ui-v_Eclipse_0_9,org.eclipse.pde.internal.wizards,WizardNode,getWizard,15,2,0
eclipse.pde.ui-v_Eclipse_0_9,org.eclipse.pde.internal.wizards,WizardNode,isContentCreated,3,1,0
eclipse.pde.ui-v_Eclipse_0_9,org.eclipse.pde.internal.wizards,WizardTreeSelectionPage,WizardTreeSelectionPage,5,1,3
eclipse.pde.ui-v_Eclipse_0_9,org.eclipse.pde.internal.wizards,WizardTreeSelectionPage,createControl,42,1,1
eclipse.pde.ui-v_Eclipse_0_9,org.eclipse.pde.internal.wizards,WizardTreeSelectionPage,getSingleSelection,5,2,1
eclipse.pde.ui-v_Eclipse_0_9,org.eclipse.pde.internal.wizards,WizardTreeSelectionPage,handleCategorySelection,8,2,1
eclipse.pde.ui-v_Eclipse_0_9,org.eclipse.pde.internal.wizards,WizardTreeSelectionPage,handleWizardSelection,12,2,1
eclipse.pde.ui-v_Eclipse_0_9,org.eclipse.pde.internal.wizards,WizardTreeSelectionPage,initializeViewers,5,1,0
eclipse.pde.ui-v_Eclipse_0_9,org.eclipse.pde.internal.wizards,WizardTreeSelectionPage,selectionChanged,4,2,1
eclipse.pde.ui-v_Eclipse_0_9,org.eclipse.pde.internal.wizards,WizardTreeSelectionPage,setSelectedNode,3,1,1
eclipse.pde.ui-v_Eclipse_0_9,org.eclipse.pde.internal.wizards.extension,BaseExtensionPointMainPage,BaseExtensionPointMainPage,4,1,1
eclipse.pde.ui-v_Eclipse_0_9,org.eclipse.pde.internal.wizards.extension,BaseExtensionPointMainPage,createControl,50,2,1
eclipse.pde.ui-v_Eclipse_0_9,org.eclipse.pde.internal.wizards.extension,BaseExtensionPointMainPage,modifyText,3,1,1
eclipse.pde.ui-v_Eclipse_0_9,org.eclipse.pde.internal.wizards.extension,BaseExtensionPointMainPage,modifyText,3,1,1
eclipse.pde.ui-v_Eclipse_0_9,org.eclipse.pde.internal.wizards.extension,BaseExtensionPointMainPage,createSchemaStream,44,1,3
eclipse.pde.ui-v_Eclipse_0_9,org.eclipse.pde.internal.wizards.extension,BaseExtensionPointMainPage,generateSchemaFile,20,3,5
eclipse.pde.ui-v_Eclipse_0_9,org.eclipse.pde.internal.wizards.extension,BaseExtensionPointMainPage,getOperation,22,2,0
eclipse.pde.ui-v_Eclipse_0_9,org.eclipse.pde.internal.wizards.extension,BaseExtensionPointMainPage,execute,12,2,1
eclipse.pde.ui-v_Eclipse_0_9,org.eclipse.pde.internal.wizards.extension,BaseExtensionPointMainPage,getPluginId,6,2,0
eclipse.pde.ui-v_Eclipse_0_9,org.eclipse.pde.internal.wizards.extension,BaseExtensionPointMainPage,getSchemaLocation,3,1,0
eclipse.pde.ui-v_Eclipse_0_9,org.eclipse.pde.internal.wizards.extension,BaseExtensionPointMainPage,isPluginIdNeeded,3,1,0
eclipse.pde.ui-v_Eclipse_0_9,org.eclipse.pde.internal.wizards.extension,BaseExtensionPointMainPage,openSchemaFile,16,1,1
eclipse.pde.ui-v_Eclipse_0_9,org.eclipse.pde.internal.wizards.extension,BaseExtensionPointMainPage,run,9,1,0
eclipse.pde.ui-v_Eclipse_0_9,org.eclipse.pde.internal.wizards.extension,BaseExtensionPointMainPage,verifyIdNotEmpty,17,3,0
eclipse.pde.ui-v_Eclipse_0_9,org.eclipse.pde.internal.wizards.extension,GenericExtensionWizard,GenericExtensionWizard,3,1,0
eclipse.pde.ui-v_Eclipse_0_9,org.eclipse.pde.internal.wizards.extension,GenericExtensionWizard,addPages,4,1,0
eclipse.pde.ui-v_Eclipse_0_9,org.eclipse.pde.internal.wizards.extension,GenericExtensionWizard,getNewExtension,3,1,0
eclipse.pde.ui-v_Eclipse_0_9,org.eclipse.pde.internal.wizards.extension,GenericExtensionWizard,init,4,1,2
eclipse.pde.ui-v_Eclipse_0_9,org.eclipse.pde.internal.wizards.extension,GenericExtensionWizard,performFinish,3,1,0
eclipse.pde.ui-v_Eclipse_0_9,org.eclipse.pde.internal.wizards.extension,GenericExtensionWizard,canFinish,4,2,0
eclipse.pde.ui-v_Eclipse_0_9,org.eclipse.pde.internal.wizards.extension,NewExtensionMainPage,NewExtensionMainPage,7,1,4
eclipse.pde.ui-v_Eclipse_0_9,org.eclipse.pde.internal.wizards.extension,NewExtensionMainPage,createWizardNode,10,1,1
eclipse.pde.ui-v_Eclipse_0_9,org.eclipse.pde.internal.wizards.extension,NewExtensionMainPage,createWizard,5,1,0
eclipse.pde.ui-v_Eclipse_0_9,org.eclipse.pde.internal.wizards.extension,NewExtensionPointMainPage,NewExtensionPointMainPage,7,1,2
eclipse.pde.ui-v_Eclipse_0_9,org.eclipse.pde.internal.wizards.extension,NewExtensionPointMainPage,finish,29,3,0
eclipse.pde.ui-v_Eclipse_0_9,org.eclipse.pde.internal.wizards.extension,NewExtensionPointMainPage,getPluginId,3,1,0
eclipse.pde.ui-v_Eclipse_0_9,org.eclipse.pde.internal.wizards.extension,NewExtensionPointMainPage,getSchemaLocation,3,1,0
eclipse.pde.ui-v_Eclipse_0_9,org.eclipse.pde.internal.wizards.extension,NewExtensionPointWizard,NewExtensionPointWizard,7,1,2
eclipse.pde.ui-v_Eclipse_0_9,org.eclipse.pde.internal.wizards.extension,NewExtensionPointWizard,addPages,4,1,0
eclipse.pde.ui-v_Eclipse_0_9,org.eclipse.pde.internal.wizards.extension,NewExtensionPointWizard,performFinish,3,1,0
eclipse.pde.ui-v_Eclipse_0_9,org.eclipse.pde.internal.wizards.extension,NewExtensionRegistryReader,NewExtensionRegistryReader,3,1,0
eclipse.pde.ui-v_Eclipse_0_9,org.eclipse.pde.internal.wizards.extension,NewExtensionRegistryReader,createCollectionElement,5,2,3
eclipse.pde.ui-v_Eclipse_0_9,org.eclipse.pde.internal.wizards.extension,NewExtensionRegistryReader,createWizardElement,15,3,1
eclipse.pde.ui-v_Eclipse_0_9,org.eclipse.pde.internal.wizards.extension,NewExtensionRegistryReader,getCategoryStringFor,5,2,1
eclipse.pde.ui-v_Eclipse_0_9,org.eclipse.pde.internal.wizards.extension,NewExtensionRegistryReader,getChildWithID,10,4,2
eclipse.pde.ui-v_Eclipse_0_9,org.eclipse.pde.internal.wizards.extension,NewExtensionRegistryReader,insertUsingCategory,16,4,2
eclipse.pde.ui-v_Eclipse_0_9,org.eclipse.pde.internal.wizards.extension,NewExtensionRegistryReader,moveElementToUncategorizedCategory,5,2,2
eclipse.pde.ui-v_Eclipse_0_9,org.eclipse.pde.internal.wizards.extension,NewExtensionRegistryReader,processCategory,22,6,2
eclipse.pde.ui-v_Eclipse_0_9,org.eclipse.pde.internal.wizards.extension,NewExtensionRegistryReader,processElement,18,6,3
eclipse.pde.ui-v_Eclipse_0_9,org.eclipse.pde.internal.wizards.extension,NewExtensionRegistryReader,readRegistry,15,4,3
eclipse.pde.ui-v_Eclipse_0_9,org.eclipse.pde.internal.wizards.extension,NewExtensionWizard,NewExtensionWizard,7,1,2
eclipse.pde.ui-v_Eclipse_0_9,org.eclipse.pde.internal.wizards.extension,NewExtensionWizard,addPages,4,1,0
eclipse.pde.ui-v_Eclipse_0_9,org.eclipse.pde.internal.wizards.extension,NewExtensionWizard,getAvailableExtensionCategories,4,1,0
eclipse.pde.ui-v_Eclipse_0_9,org.eclipse.pde.internal.wizards.extension,NewExtensionWizard,performFinish,3,1,0
eclipse.pde.ui-v_Eclipse_0_9,org.eclipse.pde.internal.wizards.extension,NewSchemaFileMainPage,NewSchemaFileMainPage,5,1,1
eclipse.pde.ui-v_Eclipse_0_9,org.eclipse.pde.internal.wizards.extension,NewSchemaFileMainPage,finish,14,1,0
eclipse.pde.ui-v_Eclipse_0_9,org.eclipse.pde.internal.wizards.extension,NewSchemaFileMainPage,isPluginIdNeeded,3,1,0
eclipse.pde.ui-v_Eclipse_0_9,org.eclipse.pde.internal.wizards.extension,NewSchemaFileWizard,NewSchemaFileWizard,4,1,0
eclipse.pde.ui-v_Eclipse_0_9,org.eclipse.pde.internal.wizards.extension,NewSchemaFileWizard,addPages,4,1,0
eclipse.pde.ui-v_Eclipse_0_9,org.eclipse.pde.internal.wizards.extension,NewSchemaFileWizard,init,4,2,2
eclipse.pde.ui-v_Eclipse_0_9,org.eclipse.pde.internal.wizards.extension,NewSchemaFileWizard,performFinish,3,1,0
eclipse.pde.ui-v_Eclipse_0_9,org.eclipse.pde.internal.wizards.extension,PointSelectionPage,isSorterProperty,3,1,2
eclipse.pde.ui-v_Eclipse_0_9,org.eclipse.pde.internal.wizards.extension,PointSelectionPage,getElements,15,3,1
eclipse.pde.ui-v_Eclipse_0_9,org.eclipse.pde.internal.wizards.extension,PointSelectionPage,addPoints,9,3,1
eclipse.pde.ui-v_Eclipse_0_9,org.eclipse.pde.internal.wizards.extension,PointSelectionPage,getColumnText,5,2,2
eclipse.pde.ui-v_Eclipse_0_9,org.eclipse.pde.internal.wizards.extension,PointSelectionPage,getColumnImage,4,2,2
eclipse.pde.ui-v_Eclipse_0_9,org.eclipse.pde.internal.wizards.extension,PointSelectionPage,PointSelectionPage,7,1,1
eclipse.pde.ui-v_Eclipse_0_9,org.eclipse.pde.internal.wizards.extension,PointSelectionPage,addPoints,13,4,2
eclipse.pde.ui-v_Eclipse_0_9,org.eclipse.pde.internal.wizards.extension,PointSelectionPage,createControl,34,1,1
eclipse.pde.ui-v_Eclipse_0_9,org.eclipse.pde.internal.wizards.extension,PointSelectionPage,canFinish,10,4,0
eclipse.pde.ui-v_Eclipse_0_9,org.eclipse.pde.internal.wizards.extension,PointSelectionPage,createDescriptionIn,6,1,1
eclipse.pde.ui-v_Eclipse_0_9,org.eclipse.pde.internal.wizards.extension,PointSelectionPage,dispose,4,1,0
eclipse.pde.ui-v_Eclipse_0_9,org.eclipse.pde.internal.wizards.extension,PointSelectionPage,finish,19,4,0
eclipse.pde.ui-v_Eclipse_0_9,org.eclipse.pde.internal.wizards.extension,PointSelectionPage,ensureImportExists,18,6,2
eclipse.pde.ui-v_Eclipse_0_9,org.eclipse.pde.internal.wizards.extension,PointSelectionPage,getTargetPlugin,9,2,1
eclipse.pde.ui-v_Eclipse_0_9,org.eclipse.pde.internal.wizards.extension,PointSelectionPage,getNewExtension,3,1,0
eclipse.pde.ui-v_Eclipse_0_9,org.eclipse.pde.internal.wizards.extension,PointSelectionPage,initialize,5,1,0
eclipse.pde.ui-v_Eclipse_0_9,org.eclipse.pde.internal.wizards.extension,PointSelectionPage,selectionChanged,19,5,1
eclipse.pde.ui-v_Eclipse_0_9,org.eclipse.pde.internal.wizards.extension,PointSelectionPage,setDescriptionText,3,1,1
eclipse.pde.ui-v_Eclipse_0_9,org.eclipse.pde.internal.wizards.extension,NameSorter,isSorterProperty,3,1,2
eclipse.pde.ui-v_Eclipse_0_9,org.eclipse.pde.internal.wizards.extension,ContentProvider,getElements,15,3,1
eclipse.pde.ui-v_Eclipse_0_9,org.eclipse.pde.internal.wizards.extension,ContentProvider,addPoints,9,3,1
eclipse.pde.ui-v_Eclipse_0_9,org.eclipse.pde.internal.wizards.extension,PointLabelProvider,getColumnText,5,2,2
eclipse.pde.ui-v_Eclipse_0_9,org.eclipse.pde.internal.wizards.extension,PointLabelProvider,getColumnImage,4,2,2
eclipse.pde.ui-v_Eclipse_0_9,org.eclipse.pde.internal.wizards.project,ConvertJavaToPDEProjectAction,run,32,3,1
eclipse.pde.ui-v_Eclipse_0_9,org.eclipse.pde.internal.wizards.project,ConvertJavaToPDEProjectAction,execute,16,1,1
eclipse.pde.ui-v_Eclipse_0_9,org.eclipse.pde.internal.wizards.project,ConvertJavaToPDEProjectAction,selectionChanged,19,4,2
eclipse.pde.ui-v_Eclipse_0_9,org.eclipse.pde.internal.wizards.project,ConvertJavaToPDEProjectAction,setActivePart,3,1,2
eclipse.pde.ui-v_Eclipse_0_9,org.eclipse.pde.internal.wizards.project,ConvertedProjectWizard,ConvertedProjectWizard,6,1,0
eclipse.pde.ui-v_Eclipse_0_9,org.eclipse.pde.internal.wizards.project,ConvertedProjectWizard,addPages,4,1,0
eclipse.pde.ui-v_Eclipse_0_9,org.eclipse.pde.internal.wizards.project,ConvertedProjectWizard,performFinish,3,1,0
eclipse.pde.ui-v_Eclipse_0_9,org.eclipse.pde.internal.wizards.project,ConvertedProjectsPage,CheckedProject,3,1,1
eclipse.pde.ui-v_Eclipse_0_9,org.eclipse.pde.internal.wizards.project,ConvertedProjectsPage,getElements,6,2,1
eclipse.pde.ui-v_Eclipse_0_9,org.eclipse.pde.internal.wizards.project,ConvertedProjectsPage,getColumnText,7,2,2
eclipse.pde.ui-v_Eclipse_0_9,org.eclipse.pde.internal.wizards.project,ConvertedProjectsPage,getColumnText,3,1,3
eclipse.pde.ui-v_Eclipse_0_9,org.eclipse.pde.internal.wizards.project,ConvertedProjectsPage,getColumnImage,3,1,2
eclipse.pde.ui-v_Eclipse_0_9,org.eclipse.pde.internal.wizards.project,ConvertedProjectsPage,getColumnImage,3,1,3
eclipse.pde.ui-v_Eclipse_0_9,org.eclipse.pde.internal.wizards.project,ConvertedProjectsPage,ConvertedProjectsPage,5,1,0
eclipse.pde.ui-v_Eclipse_0_9,org.eclipse.pde.internal.wizards.project,ConvertedProjectsPage,checkStateChanged,5,1,1
eclipse.pde.ui-v_Eclipse_0_9,org.eclipse.pde.internal.wizards.project,ConvertedProjectsPage,convertProject,19,3,2
eclipse.pde.ui-v_Eclipse_0_9,org.eclipse.pde.internal.wizards.project,ConvertedProjectsPage,convertProjects,24,6,2
eclipse.pde.ui-v_Eclipse_0_9,org.eclipse.pde.internal.wizards.project,ConvertedProjectsPage,createControl,60,1,1
eclipse.pde.ui-v_Eclipse_0_9,org.eclipse.pde.internal.wizards.project,ConvertedProjectsPage,widgetSelected,4,1,1
eclipse.pde.ui-v_Eclipse_0_9,org.eclipse.pde.internal.wizards.project,ConvertedProjectsPage,widgetSelected,4,1,1
eclipse.pde.ui-v_Eclipse_0_9,org.eclipse.pde.internal.wizards.project,ConvertedProjectsPage,createConversionCandidates,17,3,0
eclipse.pde.ui-v_Eclipse_0_9,org.eclipse.pde.internal.wizards.project,ConvertedProjectsPage,createInitialName,8,2,1
eclipse.pde.ui-v_Eclipse_0_9,org.eclipse.pde.internal.wizards.project,ConvertedProjectsPage,createManifestFile,12,1,2
eclipse.pde.ui-v_Eclipse_0_9,org.eclipse.pde.internal.wizards.project,ConvertedProjectsPage,finish,29,1,0
eclipse.pde.ui-v_Eclipse_0_9,org.eclipse.pde.internal.wizards.project,ConvertedProjectsPage,execute,11,1,1
eclipse.pde.ui-v_Eclipse_0_9,org.eclipse.pde.internal.wizards.project,ConvertedProjectsPage,mergeEntries,12,3,2
eclipse.pde.ui-v_Eclipse_0_9,org.eclipse.pde.internal.wizards.project,ConvertedProjectsPage,mergeEntriesWithoutDuplicates,11,4,2
eclipse.pde.ui-v_Eclipse_0_9,org.eclipse.pde.internal.wizards.project,ConvertedProjectsPage,updateBuildPath,30,5,2
eclipse.pde.ui-v_Eclipse_0_9,org.eclipse.pde.internal.wizards.project,ConvertedProjectsPage,updateSelectedCount,4,1,0
eclipse.pde.ui-v_Eclipse_0_9,org.eclipse.pde.internal.wizards.project,ConvertedProjectsPage,updateSelectedCount,10,4,1
eclipse.pde.ui-v_Eclipse_0_9,org.eclipse.pde.internal.wizards.project,CheckedProject,CheckedProject,3,1,1
eclipse.pde.ui-v_Eclipse_0_9,org.eclipse.pde.internal.wizards.project,ProjectContentProvider,getElements,6,2,1
eclipse.pde.ui-v_Eclipse_0_9,org.eclipse.pde.internal.wizards.project,ProjectLabelProvider,getColumnText,7,2,2
eclipse.pde.ui-v_Eclipse_0_9,org.eclipse.pde.internal.wizards.project,ProjectLabelProvider,getColumnText,3,1,3
eclipse.pde.ui-v_Eclipse_0_9,org.eclipse.pde.internal.wizards.project,ProjectLabelProvider,getColumnImage,3,1,2
eclipse.pde.ui-v_Eclipse_0_9,org.eclipse.pde.internal.wizards.project,ProjectLabelProvider,getColumnImage,3,1,3
eclipse.pde.ui-v_Eclipse_0_9,org.eclipse.pde.internal.wizards.project,DefaultCodeGenerationPage,DefaultCodeGenerationPage,14,2,3
eclipse.pde.ui-v_Eclipse_0_9,org.eclipse.pde.internal.wizards.project,DefaultCodeGenerationPage,appendAttribute,3,1,4
eclipse.pde.ui-v_Eclipse_0_9,org.eclipse.pde.internal.wizards.project,DefaultCodeGenerationPage,appendAttribute,6,3,5
eclipse.pde.ui-v_Eclipse_0_9,org.eclipse.pde.internal.wizards.project,DefaultCodeGenerationPage,becomesVisible,3,1,1
eclipse.pde.ui-v_Eclipse_0_9,org.eclipse.pde.internal.wizards.project,DefaultCodeGenerationPage,browsePluginId,19,3,0
eclipse.pde.ui-v_Eclipse_0_9,org.eclipse.pde.internal.wizards.project,DefaultCodeGenerationPage,run,14,3,0
eclipse.pde.ui-v_Eclipse_0_9,org.eclipse.pde.internal.wizards.project,DefaultCodeGenerationPage,copyTargetPluginImports,9,3,2
eclipse.pde.ui-v_Eclipse_0_9,org.eclipse.pde.internal.wizards.project,DefaultCodeGenerationPage,createCheck,9,1,3
eclipse.pde.ui-v_Eclipse_0_9,org.eclipse.pde.internal.wizards.project,DefaultCodeGenerationPage,createControl,86,5,1
eclipse.pde.ui-v_Eclipse_0_9,org.eclipse.pde.internal.wizards.project,DefaultCodeGenerationPage,modifyText,11,3,1
eclipse.pde.ui-v_Eclipse_0_9,org.eclipse.pde.internal.wizards.project,DefaultCodeGenerationPage,modifyText,3,1,1
eclipse.pde.ui-v_Eclipse_0_9,org.eclipse.pde.internal.wizards.project,DefaultCodeGenerationPage,widgetSelected,3,1,1
eclipse.pde.ui-v_Eclipse_0_9,org.eclipse.pde.internal.wizards.project,DefaultCodeGenerationPage,modifyText,3,1,1
eclipse.pde.ui-v_Eclipse_0_9,org.eclipse.pde.internal.wizards.project,DefaultCodeGenerationPage,widgetSelected,6,1,1
eclipse.pde.ui-v_Eclipse_0_9,org.eclipse.pde.internal.wizards.project,DefaultCodeGenerationPage,createField,3,1,2
eclipse.pde.ui-v_Eclipse_0_9,org.eclipse.pde.internal.wizards.project,DefaultCodeGenerationPage,createField,19,2,3
eclipse.pde.ui-v_Eclipse_0_9,org.eclipse.pde.internal.wizards.project,DefaultCodeGenerationPage,isVersionValid,10,1,0
eclipse.pde.ui-v_Eclipse_0_9,org.eclipse.pde.internal.wizards.project,DefaultCodeGenerationPage,createFile,11,1,3
eclipse.pde.ui-v_Eclipse_0_9,org.eclipse.pde.internal.wizards.project,DefaultCodeGenerationPage,createProject,9,4,2
eclipse.pde.ui-v_Eclipse_0_9,org.eclipse.pde.internal.wizards.project,DefaultCodeGenerationPage,finish,37,2,0
eclipse.pde.ui-v_Eclipse_0_9,org.eclipse.pde.internal.wizards.project,DefaultCodeGenerationPage,execute,17,2,1
eclipse.pde.ui-v_Eclipse_0_9,org.eclipse.pde.internal.wizards.project,DefaultCodeGenerationPage,generatePluginClass,15,5,3
eclipse.pde.ui-v_Eclipse_0_9,org.eclipse.pde.internal.wizards.project,DefaultCodeGenerationPage,generatePluginFile,41,5,3
eclipse.pde.ui-v_Eclipse_0_9,org.eclipse.pde.internal.wizards.project,DefaultCodeGenerationPage,initializeFieldData,25,2,0
eclipse.pde.ui-v_Eclipse_0_9,org.eclipse.pde.internal.wizards.project,DefaultCodeGenerationPage,openPluginFile,16,1,1
eclipse.pde.ui-v_Eclipse_0_9,org.eclipse.pde.internal.wizards.project,DefaultCodeGenerationPage,run,9,1,0
eclipse.pde.ui-v_Eclipse_0_9,org.eclipse.pde.internal.wizards.project,DefaultCodeGenerationPage,presetFields,30,7,0
eclipse.pde.ui-v_Eclipse_0_9,org.eclipse.pde.internal.wizards.project,DefaultCodeGenerationPage,setJavaSettings,41,9,3
eclipse.pde.ui-v_Eclipse_0_9,org.eclipse.pde.internal.wizards.project,DefaultCodeGenerationPage,verifyPluginFields,16,3,0
eclipse.pde.ui-v_Eclipse_0_9,org.eclipse.pde.internal.wizards.project,DefaultCodeGenerationPage,isPluginValid,4,1,2
eclipse.pde.ui-v_Eclipse_0_9,org.eclipse.pde.internal.wizards.project,NewFragmentProjectWizard,NewFragmentProjectWizard,3,1,0
eclipse.pde.ui-v_Eclipse_0_9,org.eclipse.pde.internal.wizards.project,NewFragmentProjectWizard,isFragmentWizard,3,1,0
eclipse.pde.ui-v_Eclipse_0_9,org.eclipse.pde.internal.wizards.project,NewProjectWizard,NewProjectWizard,5,1,0
eclipse.pde.ui-v_Eclipse_0_9,org.eclipse.pde.internal.wizards.project,NewProjectWizard,addPages,32,3,0
eclipse.pde.ui-v_Eclipse_0_9,org.eclipse.pde.internal.wizards.project,NewProjectWizard,getProjectName,3,1,0
eclipse.pde.ui-v_Eclipse_0_9,org.eclipse.pde.internal.wizards.project,NewProjectWizard,getProject,3,1,0
eclipse.pde.ui-v_Eclipse_0_9,org.eclipse.pde.internal.wizards.project,NewProjectWizard,getLocationPath,3,1,0
eclipse.pde.ui-v_Eclipse_0_9,org.eclipse.pde.internal.wizards.project,NewProjectWizard,canFinish,5,2,0
eclipse.pde.ui-v_Eclipse_0_9,org.eclipse.pde.internal.wizards.project,NewProjectWizard,createWizardElement,14,3,1
eclipse.pde.ui-v_Eclipse_0_9,org.eclipse.pde.internal.wizards.project,NewProjectWizard,dispose,2,1,0
eclipse.pde.ui-v_Eclipse_0_9,org.eclipse.pde.internal.wizards.project,NewProjectWizard,getAvailableCodegenWizards,23,7,0
eclipse.pde.ui-v_Eclipse_0_9,org.eclipse.pde.internal.wizards.project,NewProjectWizard,isFragmentWizard,3,1,0
eclipse.pde.ui-v_Eclipse_0_9,org.eclipse.pde.internal.wizards.project,NewProjectWizard,performFinish,8,2,0
eclipse.pde.ui-v_Eclipse_0_9,org.eclipse.pde.internal.wizards.project,NewProjectWizard,setInitializationData,3,1,3
eclipse.pde.ui-v_Eclipse_0_9,org.eclipse.pde.internal.wizards.project,PluginClassCodeGenerator,PluginClassCodeGenerator,4,1,3
eclipse.pde.ui-v_Eclipse_0_9,org.eclipse.pde.internal.wizards.project,PluginClassCodeGenerator,generateContents,83,10,3
eclipse.pde.ui-v_Eclipse_0_9,org.eclipse.pde.internal.wizards.project,PluginCodeGeneratorWizard,PluginCodeGeneratorWizard,6,1,0
eclipse.pde.ui-v_Eclipse_0_9,org.eclipse.pde.internal.wizards.project,PluginCodeGeneratorWizard,addPages,4,1,0
eclipse.pde.ui-v_Eclipse_0_9,org.eclipse.pde.internal.wizards.project,PluginCodeGeneratorWizard,init,5,1,3
eclipse.pde.ui-v_Eclipse_0_9,org.eclipse.pde.internal.wizards.project,PluginCodeGeneratorWizard,performFinish,3,1,0
eclipse.pde.ui-v_Eclipse_0_9,org.eclipse.pde.internal.wizards.project,PluginSelectionDialog,getText,9,2,1
eclipse.pde.ui-v_Eclipse_0_9,org.eclipse.pde.internal.wizards.project,PluginSelectionDialog,getImage,5,3,1
eclipse.pde.ui-v_Eclipse_0_9,org.eclipse.pde.internal.wizards.project,PluginSelectionDialog,hasChildren,4,2,1
eclipse.pde.ui-v_Eclipse_0_9,org.eclipse.pde.internal.wizards.project,PluginSelectionDialog,getChildren,15,3,1
eclipse.pde.ui-v_Eclipse_0_9,org.eclipse.pde.internal.wizards.project,PluginSelectionDialog,getParent,8,3,1
eclipse.pde.ui-v_Eclipse_0_9,org.eclipse.pde.internal.wizards.project,PluginSelectionDialog,getElements,3,1,1
eclipse.pde.ui-v_Eclipse_0_9,org.eclipse.pde.internal.wizards.project,PluginSelectionDialog,PluginSelectionDialog,6,1,1
eclipse.pde.ui-v_Eclipse_0_9,org.eclipse.pde.internal.wizards.project,PluginSelectionDialog,close,5,1,0
eclipse.pde.ui-v_Eclipse_0_9,org.eclipse.pde.internal.wizards.project,PluginSelectionDialog,createDialogArea,16,1,1
eclipse.pde.ui-v_Eclipse_0_9,org.eclipse.pde.internal.wizards.project,PluginSelectionDialog,createTree,28,3,1
eclipse.pde.ui-v_Eclipse_0_9,org.eclipse.pde.internal.wizards.project,PluginSelectionDialog,select,6,2,3
eclipse.pde.ui-v_Eclipse_0_9,org.eclipse.pde.internal.wizards.project,PluginSelectionDialog,selectionChanged,5,2,1
eclipse.pde.ui-v_Eclipse_0_9,org.eclipse.pde.internal.wizards.project,PluginSelectionDialog,pluginSelected,12,2,1
eclipse.pde.ui-v_Eclipse_0_9,org.eclipse.pde.internal.wizards.project,PluginSelectionDialog,setMessage,4,1,1
eclipse.pde.ui-v_Eclipse_0_9,org.eclipse.pde.internal.wizards.project,PluginSelectionDialog,updateMessageLabel,4,2,0
eclipse.pde.ui-v_Eclipse_0_9,org.eclipse.pde.internal.wizards.project,PluginLabelProvider,getText,9,2,1
eclipse.pde.ui-v_Eclipse_0_9,org.eclipse.pde.internal.wizards.project,PluginLabelProvider,getImage,5,3,1
eclipse.pde.ui-v_Eclipse_0_9,org.eclipse.pde.internal.wizards.project,PluginContentProvider,hasChildren,4,2,1
eclipse.pde.ui-v_Eclipse_0_9,org.eclipse.pde.internal.wizards.project,PluginContentProvider,getChildren,15,3,1
eclipse.pde.ui-v_Eclipse_0_9,org.eclipse.pde.internal.wizards.project,PluginContentProvider,getParent,8,3,1
eclipse.pde.ui-v_Eclipse_0_9,org.eclipse.pde.internal.wizards.project,PluginContentProvider,getElements,3,1,1
eclipse.pde.ui-v_Eclipse_0_9,org.eclipse.pde.internal.wizards.project,ProjectCodeGeneratorsPage,ProjectCodeGeneratorsPage,15,2,5
eclipse.pde.ui-v_Eclipse_0_9,org.eclipse.pde.internal.wizards.project,ProjectCodeGeneratorsPage,createControl,43,1,1
eclipse.pde.ui-v_Eclipse_0_9,org.eclipse.pde.internal.wizards.project,ProjectCodeGeneratorsPage,widgetSelected,4,1,1
eclipse.pde.ui-v_Eclipse_0_9,org.eclipse.pde.internal.wizards.project,ProjectCodeGeneratorsPage,createWizardNode,10,1,1
eclipse.pde.ui-v_Eclipse_0_9,org.eclipse.pde.internal.wizards.project,ProjectCodeGeneratorsPage,createWizard,5,1,0
eclipse.pde.ui-v_Eclipse_0_9,org.eclipse.pde.internal.wizards.project,ProjectCodeGeneratorsPage,finish,7,2,0
eclipse.pde.ui-v_Eclipse_0_9,org.eclipse.pde.internal.wizards.project,ProjectCodeGeneratorsPage,getNextPage,4,2,0
eclipse.pde.ui-v_Eclipse_0_9,org.eclipse.pde.internal.wizards.project,ProjectCodeGeneratorsPage,isPageComplete,4,2,0
eclipse.pde.ui-v_Eclipse_0_9,org.eclipse.pde.internal.wizards.project,ProjectCodeGeneratorsPage,runJavaSettingsOperation,30,1,0
eclipse.pde.ui-v_Eclipse_0_9,org.eclipse.pde.internal.wizards.project,ProjectCodeGeneratorsPage,execute,15,1,1
eclipse.pde.ui-v_Eclipse_0_9,org.eclipse.pde.internal.wizards.project,ProjectCodeGeneratorsPage,setJavaSettings,14,4,3
eclipse.pde.ui-v_Eclipse_0_9,org.eclipse.pde.internal.wizards.project,ProjectCodeGeneratorsPage,createBlankManifest,20,3,3
eclipse.pde.ui-v_Eclipse_0_9,org.eclipse.pde.internal.wizards.project,ProjectCodeGeneratorsPage,setWizardListEnabled,9,3,1
eclipse.pde.ui-v_Eclipse_0_9,org.eclipse.pde.internal.wizards.project,ProjectCodeGeneratorsPage,updateWizardButtons,3,1,0
eclipse.pde.ui-v_Eclipse_0_9,org.eclipse.pde.internal.wizards.project,ProjectStructurePage,getJREPath,3,1,0
eclipse.pde.ui-v_Eclipse_0_9,org.eclipse.pde.internal.wizards.project,ProjectStructurePage,getJRESourceAnnotation,3,1,0
eclipse.pde.ui-v_Eclipse_0_9,org.eclipse.pde.internal.wizards.project,ProjectStructurePage,getJavaBuildFolderName,3,1,0
eclipse.pde.ui-v_Eclipse_0_9,org.eclipse.pde.internal.wizards.project,ProjectStructurePage,getSourceFolderName,3,1,0
eclipse.pde.ui-v_Eclipse_0_9,org.eclipse.pde.internal.wizards.project,ProjectStructurePage,getRuntimeLibraryName,3,1,0
eclipse.pde.ui-v_Eclipse_0_9,org.eclipse.pde.internal.wizards.project,ProjectStructurePage,ProjectStructurePage,13,2,2
eclipse.pde.ui-v_Eclipse_0_9,org.eclipse.pde.internal.wizards.project,ProjectStructurePage,createProject,10,4,2
eclipse.pde.ui-v_Eclipse_0_9,org.eclipse.pde.internal.wizards.project,ProjectStructurePage,setDefaultVM,7,2,1
eclipse.pde.ui-v_Eclipse_0_9,org.eclipse.pde.internal.wizards.project,ProjectStructurePage,createBuildProperties,13,1,3
eclipse.pde.ui-v_Eclipse_0_9,org.eclipse.pde.internal.wizards.project,ProjectStructurePage,createControl,28,2,1
eclipse.pde.ui-v_Eclipse_0_9,org.eclipse.pde.internal.wizards.project,ProjectStructurePage,createSourceFolderName,4,2,1
eclipse.pde.ui-v_Eclipse_0_9,org.eclipse.pde.internal.wizards.project,ProjectStructurePage,finish,34,1,0
eclipse.pde.ui-v_Eclipse_0_9,org.eclipse.pde.internal.wizards.project,ProjectStructurePage,execute,15,1,1
eclipse.pde.ui-v_Eclipse_0_9,org.eclipse.pde.internal.wizards.project,ProjectStructurePage,getJREPath,3,1,0
eclipse.pde.ui-v_Eclipse_0_9,org.eclipse.pde.internal.wizards.project,ProjectStructurePage,getJRESourceAnnotation,3,1,0
eclipse.pde.ui-v_Eclipse_0_9,org.eclipse.pde.internal.wizards.project,ProjectStructurePage,getStructureData,9,1,0
eclipse.pde.ui-v_Eclipse_0_9,org.eclipse.pde.internal.wizards.project,ProjectStructurePage,initialize,11,2,0
eclipse.pde.ui-v_Eclipse_0_9,org.eclipse.pde.internal.wizards.project,ProjectStructurePage,setVisible,6,2,1
eclipse.pde.ui-v_Eclipse_0_9,org.eclipse.pde.internal.wizards.project,StructureData,getJREPath,3,1,0
eclipse.pde.ui-v_Eclipse_0_9,org.eclipse.pde.internal.wizards.project,StructureData,getJRESourceAnnotation,3,1,0
eclipse.pde.ui-v_Eclipse_0_9,org.eclipse.pde.internal.wizards.project,StructureData,getJavaBuildFolderName,3,1,0
eclipse.pde.ui-v_Eclipse_0_9,org.eclipse.pde.internal.wizards.project,StructureData,getSourceFolderName,3,1,0
eclipse.pde.ui-v_Eclipse_0_9,org.eclipse.pde.internal.wizards.project,StructureData,getRuntimeLibraryName,3,1,0
eclipse.pde.ui-v_Eclipse_0_9,org.eclipse.pde.internal.wizards.project,WizardIdProjectCreationPage,WizardIdProjectCreationPage,3,1,1
eclipse.pde.ui-v_Eclipse_0_9,org.eclipse.pde.internal.wizards.project,WizardIdProjectCreationPage,setPageComplete,7,3,1
eclipse.pde.ui-v_Eclipse_0_9,org.eclipse.pde.internal.wizards.project,WizardIdProjectCreationPage,setErrorMessage,6,2,1
eclipse.pde.ui-v_Eclipse_0_9,org.eclipse.pde.internal.wizards.project,WizardIdProjectCreationPage,verifyIdRules,12,4,0
