Project Name,Package Name,Type Name,Code Smell
eclipse.pde.ui-R3_0,org.eclipse.pde.core,IEditable,Unutilized Abstraction
eclipse.pde.ui-R3_0,org.eclipse.pde.core,IEditableModel,Unutilized Abstraction
eclipse.pde.ui-R3_0,org.eclipse.pde.core,IIdentifiable,Unutilized Abstraction
eclipse.pde.ui-R3_0,org.eclipse.pde.core,IIdentifiable,Deficient Encapsulation
eclipse.pde.ui-R3_0,org.eclipse.pde.core,IModel,Broken Hierarchy
eclipse.pde.ui-R3_0,org.eclipse.pde.core,IModelProvider,Unutilized Abstraction
eclipse.pde.ui-R3_0,org.eclipse.pde.core,IWritable,Unutilized Abstraction
eclipse.pde.ui-R3_0,org.eclipse.pde.core.build,IBuild,Unutilized Abstraction
eclipse.pde.ui-R3_0,org.eclipse.pde.core.build,IBuildEntry,Deficient Encapsulation
eclipse.pde.ui-R3_0,org.eclipse.pde.core.build,IBuildModelFactory,Unutilized Abstraction
eclipse.pde.ui-R3_0,org.eclipse.pde.core.plugin,IExtensions,Unutilized Abstraction
eclipse.pde.ui-R3_0,org.eclipse.pde.core.plugin,IExtensionsModel,Unnecessary Abstraction
eclipse.pde.ui-R3_0,org.eclipse.pde.core.plugin,IExtensionsModel,Unutilized Abstraction
eclipse.pde.ui-R3_0,org.eclipse.pde.core.plugin,IExtensionsModelFactory,Unutilized Abstraction
eclipse.pde.ui-R3_0,org.eclipse.pde.core.plugin,IMatchRules,Unutilized Abstraction
eclipse.pde.ui-R3_0,org.eclipse.pde.core.plugin,IMatchRules,Broken Modularization
eclipse.pde.ui-R3_0,org.eclipse.pde.core.plugin,IPluginBase,Unutilized Abstraction
eclipse.pde.ui-R3_0,org.eclipse.pde.core.plugin,IPluginElement,Unutilized Abstraction
eclipse.pde.ui-R3_0,org.eclipse.pde.core.plugin,IPluginExtension,Unutilized Abstraction
eclipse.pde.ui-R3_0,org.eclipse.pde.core.plugin,IPluginModel,Unutilized Abstraction
eclipse.pde.ui-R3_0,org.eclipse.pde.core.plugin,IPluginModelBase,Unutilized Abstraction
eclipse.pde.ui-R3_0,org.eclipse.pde.core.plugin,IPluginModelFactory,Unutilized Abstraction
eclipse.pde.ui-R3_0,org.eclipse.pde.core.plugin,IPluginParent,Unutilized Abstraction
eclipse.pde.ui-R3_0,org.eclipse.pde.core.plugin,IPluginReference,Unutilized Abstraction
eclipse.pde.ui-R3_0,org.eclipse.pde.core.plugin,ISharedExtensionsModel,Unutilized Abstraction
eclipse.pde.ui-R3_0,org.eclipse.pde.core.plugin,ISharedPluginModel,Unutilized Abstraction
eclipse.pde.ui-R3_0,org.eclipse.pde.internal.core,AbstractModel,Unutilized Abstraction
eclipse.pde.ui-R3_0,org.eclipse.pde.internal.core,BinaryRepositoryProvider,Unutilized Abstraction
eclipse.pde.ui-R3_0,org.eclipse.pde.internal.core,BinaryMoveDeleteHook,Unutilized Abstraction
eclipse.pde.ui-R3_0,org.eclipse.pde.internal.core,BinaryFileModificationValidator,Unutilized Abstraction
eclipse.pde.ui-R3_0,org.eclipse.pde.internal.core,ClasspathUtilCore,Cyclic-Dependent Modularization
eclipse.pde.ui-R3_0,org.eclipse.pde.internal.core,EntryFileAdapter,Unutilized Abstraction
eclipse.pde.ui-R3_0,org.eclipse.pde.internal.core,EntryFileAdapter,Broken Hierarchy
eclipse.pde.ui-R3_0,org.eclipse.pde.internal.core,ExternalJavaSearchClasspathContainer,Unutilized Abstraction
eclipse.pde.ui-R3_0,org.eclipse.pde.internal.core,ExternalJavaSearchClasspathContainer,Broken Hierarchy
eclipse.pde.ui-R3_0,org.eclipse.pde.internal.core,ExternalJavaSearchClasspathContainer,Cyclic-Dependent Modularization
eclipse.pde.ui-R3_0,org.eclipse.pde.internal.core,ExternalJavaSearchInitializer,Unutilized Abstraction
eclipse.pde.ui-R3_0,org.eclipse.pde.internal.core,ExternalModelManager,Cyclic-Dependent Modularization
eclipse.pde.ui-R3_0,org.eclipse.pde.internal.core,FileAdapter,Cyclic-Dependent Modularization
eclipse.pde.ui-R3_0,org.eclipse.pde.internal.core,ICoreConstants,Broken Modularization
eclipse.pde.ui-R3_0,org.eclipse.pde.internal.core,ICoreModel,Unutilized Abstraction
eclipse.pde.ui-R3_0,org.eclipse.pde.internal.core,ICoreModel,Deficient Encapsulation
eclipse.pde.ui-R3_0,org.eclipse.pde.internal.core,ICoreModel,Broken Modularization
eclipse.pde.ui-R3_0,org.eclipse.pde.internal.core,IEnvironmentVariables,Unnecessary Abstraction
eclipse.pde.ui-R3_0,org.eclipse.pde.internal.core,IEnvironmentVariables,Unutilized Abstraction
eclipse.pde.ui-R3_0,org.eclipse.pde.internal.core,IFileAdapterFactory,Cyclic-Dependent Modularization
eclipse.pde.ui-R3_0,org.eclipse.pde.internal.core,IPluginModelListener,Cyclic-Dependent Modularization
eclipse.pde.ui-R3_0,org.eclipse.pde.internal.core,ModelEntry,Deficient Encapsulation
eclipse.pde.ui-R3_0,org.eclipse.pde.internal.core,ModelEntry,Cyclic-Dependent Modularization
eclipse.pde.ui-R3_0,org.eclipse.pde.internal.core,NLResourceHelper,Deficient Encapsulation
eclipse.pde.ui-R3_0,org.eclipse.pde.internal.core,PDEClasspathContainer,Unutilized Abstraction
eclipse.pde.ui-R3_0,org.eclipse.pde.internal.core,PDECore,Unutilized Abstraction
eclipse.pde.ui-R3_0,org.eclipse.pde.internal.core,PDECore,Deficient Encapsulation
eclipse.pde.ui-R3_0,org.eclipse.pde.internal.core,PDECore,Broken Hierarchy
eclipse.pde.ui-R3_0,org.eclipse.pde.internal.core,PDECore,Cyclic-Dependent Modularization
eclipse.pde.ui-R3_0,org.eclipse.pde.internal.core,PDECore,Insufficient Modularization
eclipse.pde.ui-R3_0,org.eclipse.pde.internal.core,PDEState,Cyclic-Dependent Modularization
eclipse.pde.ui-R3_0,org.eclipse.pde.internal.core,PlatformConfiguration,Cyclic-Dependent Modularization
eclipse.pde.ui-R3_0,org.eclipse.pde.internal.core,PlatformConfiguration,Insufficient Modularization
eclipse.pde.ui-R3_0,org.eclipse.pde.internal.core,SiteEntry,Cyclic-Dependent Modularization
eclipse.pde.ui-R3_0,org.eclipse.pde.internal.core,SitePolicy,Unutilized Abstraction
eclipse.pde.ui-R3_0,org.eclipse.pde.internal.core,FeatureEntry,Unutilized Abstraction
eclipse.pde.ui-R3_0,org.eclipse.pde.internal.core,Parser,Unutilized Abstraction
eclipse.pde.ui-R3_0,org.eclipse.pde.internal.core,PluginModelDelta,Deficient Encapsulation
eclipse.pde.ui-R3_0,org.eclipse.pde.internal.core,PluginModelDelta,Cyclic-Dependent Modularization
eclipse.pde.ui-R3_0,org.eclipse.pde.internal.core,PluginModelManager,Cyclic-Dependent Modularization
eclipse.pde.ui-R3_0,org.eclipse.pde.internal.core,PluginModelManager,Insufficient Modularization
eclipse.pde.ui-R3_0,org.eclipse.pde.internal.core,RequiredPluginsClasspathContainer,Unutilized Abstraction
eclipse.pde.ui-R3_0,org.eclipse.pde.internal.core,RequiredPluginsClasspathContainer,Broken Hierarchy
eclipse.pde.ui-R3_0,org.eclipse.pde.internal.core,RequiredPluginsClasspathContainer,Cyclic-Dependent Modularization
eclipse.pde.ui-R3_0,org.eclipse.pde.internal.core,RequiredPluginsInitializer,Unutilized Abstraction
eclipse.pde.ui-R3_0,org.eclipse.pde.internal.core,SearchablePluginsManager,Cyclic-Dependent Modularization
eclipse.pde.ui-R3_0,org.eclipse.pde.internal.core,Listener,Unutilized Abstraction
eclipse.pde.ui-R3_0,org.eclipse.pde.internal.core,SourceAttachmentManager,Cyclic-Dependent Modularization
eclipse.pde.ui-R3_0,org.eclipse.pde.internal.core,SourceAttachmentEntry,Unutilized Abstraction
eclipse.pde.ui-R3_0,org.eclipse.pde.internal.core,SourceLocationManager,Broken Hierarchy
eclipse.pde.ui-R3_0,org.eclipse.pde.internal.core,SourceLocationManager,Cyclic-Dependent Modularization
eclipse.pde.ui-R3_0,org.eclipse.pde.internal.core,SearchResult,Unutilized Abstraction
eclipse.pde.ui-R3_0,org.eclipse.pde.internal.core,TargetPlatform,Unutilized Abstraction
eclipse.pde.ui-R3_0,org.eclipse.pde.internal.core,TargetPlatform,Broken Hierarchy
eclipse.pde.ui-R3_0,org.eclipse.pde.internal.core,TargetPlatform,Cyclic-Dependent Modularization
eclipse.pde.ui-R3_0,org.eclipse.pde.internal.core,TargetPlatform,Insufficient Modularization
eclipse.pde.ui-R3_0,org.eclipse.pde.internal.core,LocalSite,Cyclic-Dependent Modularization
eclipse.pde.ui-R3_0,org.eclipse.pde.internal.core,TargetPlatformRegistryLoader,Cyclic-Dependent Modularization
eclipse.pde.ui-R3_0,org.eclipse.pde.internal.core,TracingOptionsManager,Cyclic-Dependent Modularization
eclipse.pde.ui-R3_0,org.eclipse.pde.internal.core,WorkspaceModelManager,Cyclic-Dependent Modularization
eclipse.pde.ui-R3_0,org.eclipse.pde.internal.core,WorkspaceModelManager,Insufficient Modularization
eclipse.pde.ui-R3_0,org.eclipse.pde.internal.core,ModelChange,Unutilized Abstraction
eclipse.pde.ui-R3_0,org.eclipse.pde.internal.core.build,Build,Unutilized Abstraction
eclipse.pde.ui-R3_0,org.eclipse.pde.internal.core.build,Build,Broken Hierarchy
eclipse.pde.ui-R3_0,org.eclipse.pde.internal.core.build,BuildEntry,Unutilized Abstraction
eclipse.pde.ui-R3_0,org.eclipse.pde.internal.core.build,BuildModel,Unutilized Abstraction
eclipse.pde.ui-R3_0,org.eclipse.pde.internal.core.build,BuildModel,Deficient Encapsulation
eclipse.pde.ui-R3_0,org.eclipse.pde.internal.core.build,BuildObject,Unutilized Abstraction
eclipse.pde.ui-R3_0,org.eclipse.pde.internal.core.build,ExternalBuildModel,Unutilized Abstraction
eclipse.pde.ui-R3_0,org.eclipse.pde.internal.core.build,IBuildObject,Unutilized Abstraction
eclipse.pde.ui-R3_0,org.eclipse.pde.internal.core.build,WorkspaceBuildModel,Unutilized Abstraction
eclipse.pde.ui-R3_0,org.eclipse.pde.internal.core.bundle,Bundle,Unutilized Abstraction
eclipse.pde.ui-R3_0,org.eclipse.pde.internal.core.bundle,Bundle,Broken Hierarchy
eclipse.pde.ui-R3_0,org.eclipse.pde.internal.core.bundle,BundleFragment,Unutilized Abstraction
eclipse.pde.ui-R3_0,org.eclipse.pde.internal.core.bundle,BundleFragment,Broken Hierarchy
eclipse.pde.ui-R3_0,org.eclipse.pde.internal.core.bundle,BundleFragmentModel,Unutilized Abstraction
eclipse.pde.ui-R3_0,org.eclipse.pde.internal.core.bundle,BundleFragmentModel,Broken Hierarchy
eclipse.pde.ui-R3_0,org.eclipse.pde.internal.core.bundle,BundleModel,Unutilized Abstraction
eclipse.pde.ui-R3_0,org.eclipse.pde.internal.core.bundle,BundleObject,Unutilized Abstraction
eclipse.pde.ui-R3_0,org.eclipse.pde.internal.core.bundle,BundlePlugin,Unutilized Abstraction
eclipse.pde.ui-R3_0,org.eclipse.pde.internal.core.bundle,BundlePlugin,Broken Hierarchy
eclipse.pde.ui-R3_0,org.eclipse.pde.internal.core.bundle,BundlePluginBase,Unutilized Abstraction
eclipse.pde.ui-R3_0,org.eclipse.pde.internal.core.bundle,BundlePluginBase,Insufficient Modularization
eclipse.pde.ui-R3_0,org.eclipse.pde.internal.core.bundle,BundlePluginModel,Unutilized Abstraction
eclipse.pde.ui-R3_0,org.eclipse.pde.internal.core.bundle,BundlePluginModel,Broken Hierarchy
eclipse.pde.ui-R3_0,org.eclipse.pde.internal.core.bundle,BundlePluginModelBase,Unutilized Abstraction
eclipse.pde.ui-R3_0,org.eclipse.pde.internal.core.bundle,BundlePluginModelBase,Insufficient Modularization
eclipse.pde.ui-R3_0,org.eclipse.pde.internal.core.bundle,WorkspaceBundleModel,Unutilized Abstraction
eclipse.pde.ui-R3_0,org.eclipse.pde.internal.core.feature,AbstractFeatureModel,Unutilized Abstraction
eclipse.pde.ui-R3_0,org.eclipse.pde.internal.core.feature,ExternalFeatureModel,Unutilized Abstraction
eclipse.pde.ui-R3_0,org.eclipse.pde.internal.core.feature,Feature,Unutilized Abstraction
eclipse.pde.ui-R3_0,org.eclipse.pde.internal.core.feature,Feature,Insufficient Modularization
eclipse.pde.ui-R3_0,org.eclipse.pde.internal.core.feature,FeatureChild,Unutilized Abstraction
eclipse.pde.ui-R3_0,org.eclipse.pde.internal.core.feature,FeatureChild,Insufficient Modularization
eclipse.pde.ui-R3_0,org.eclipse.pde.internal.core.feature,FeatureData,Unutilized Abstraction
eclipse.pde.ui-R3_0,org.eclipse.pde.internal.core.feature,FeatureFactory,Unutilized Abstraction
eclipse.pde.ui-R3_0,org.eclipse.pde.internal.core.feature,FeatureImport,Unutilized Abstraction
eclipse.pde.ui-R3_0,org.eclipse.pde.internal.core.feature,FeatureImport,Insufficient Modularization
eclipse.pde.ui-R3_0,org.eclipse.pde.internal.core.feature,FeatureInfo,Unutilized Abstraction
eclipse.pde.ui-R3_0,org.eclipse.pde.internal.core.feature,FeatureInstallHandler,Unutilized Abstraction
eclipse.pde.ui-R3_0,org.eclipse.pde.internal.core.feature,FeatureObject,Unutilized Abstraction
eclipse.pde.ui-R3_0,org.eclipse.pde.internal.core.feature,FeatureURL,Unutilized Abstraction
eclipse.pde.ui-R3_0,org.eclipse.pde.internal.core.feature,FeatureURLElement,Unutilized Abstraction
eclipse.pde.ui-R3_0,org.eclipse.pde.internal.core.feature,IdentifiableObject,Unutilized Abstraction
eclipse.pde.ui-R3_0,org.eclipse.pde.internal.core.feature,VersionableObject,Unutilized Abstraction
eclipse.pde.ui-R3_0,org.eclipse.pde.internal.core.feature,WorkspaceFeatureModel,Unutilized Abstraction
eclipse.pde.ui-R3_0,org.eclipse.pde.internal.core.ibundle,IBundle,Unutilized Abstraction
eclipse.pde.ui-R3_0,org.eclipse.pde.internal.core.ibundle,IBundleFragment,Unnecessary Abstraction
eclipse.pde.ui-R3_0,org.eclipse.pde.internal.core.ibundle,IBundleFragment,Unutilized Abstraction
eclipse.pde.ui-R3_0,org.eclipse.pde.internal.core.ibundle,IBundleFragmentModel,Unnecessary Abstraction
eclipse.pde.ui-R3_0,org.eclipse.pde.internal.core.ibundle,IBundleFragmentModel,Unutilized Abstraction
eclipse.pde.ui-R3_0,org.eclipse.pde.internal.core.ibundle,IBundleModelFactory,Unutilized Abstraction
eclipse.pde.ui-R3_0,org.eclipse.pde.internal.core.ibundle,IBundlePlugin,Unnecessary Abstraction
eclipse.pde.ui-R3_0,org.eclipse.pde.internal.core.ibundle,IBundlePlugin,Unutilized Abstraction
eclipse.pde.ui-R3_0,org.eclipse.pde.internal.core.ibundle,IBundlePluginBase,Unnecessary Abstraction
eclipse.pde.ui-R3_0,org.eclipse.pde.internal.core.ibundle,IBundlePluginBase,Unutilized Abstraction
eclipse.pde.ui-R3_0,org.eclipse.pde.internal.core.ibundle,IBundlePluginModel,Unnecessary Abstraction
eclipse.pde.ui-R3_0,org.eclipse.pde.internal.core.ibundle,IBundlePluginModel,Unutilized Abstraction
eclipse.pde.ui-R3_0,org.eclipse.pde.internal.core.ibundle,IBundlePluginModelBase,Unutilized Abstraction
eclipse.pde.ui-R3_0,org.eclipse.pde.internal.core.ibundle,IBundlePluginModelProvider,Unutilized Abstraction
eclipse.pde.ui-R3_0,org.eclipse.pde.internal.core.ibundle,IManifestHeader,Unutilized Abstraction
eclipse.pde.ui-R3_0,org.eclipse.pde.internal.core.ifeature,IEnvironment,Unutilized Abstraction
eclipse.pde.ui-R3_0,org.eclipse.pde.internal.core.ifeature,IFeature,Unutilized Abstraction
eclipse.pde.ui-R3_0,org.eclipse.pde.internal.core.ifeature,IFeature,Deficient Encapsulation
eclipse.pde.ui-R3_0,org.eclipse.pde.internal.core.ifeature,IFeature,Broken Hierarchy
eclipse.pde.ui-R3_0,org.eclipse.pde.internal.core.ifeature,IFeature,Insufficient Modularization
eclipse.pde.ui-R3_0,org.eclipse.pde.internal.core.ifeature,IFeatureData,Unutilized Abstraction
eclipse.pde.ui-R3_0,org.eclipse.pde.internal.core.ifeature,IFeatureData,Broken Hierarchy
eclipse.pde.ui-R3_0,org.eclipse.pde.internal.core.ifeature,IFeatureEntry,Unutilized Abstraction
eclipse.pde.ui-R3_0,org.eclipse.pde.internal.core.ifeature,IFeatureEntry,Broken Hierarchy
eclipse.pde.ui-R3_0,org.eclipse.pde.internal.core.ifeature,IFeatureInfo,Broken Hierarchy
eclipse.pde.ui-R3_0,org.eclipse.pde.internal.core.ifeature,IFeatureInstallHandler,Broken Hierarchy
eclipse.pde.ui-R3_0,org.eclipse.pde.internal.core.ifeature,IFeatureModelFactory,Unutilized Abstraction
eclipse.pde.ui-R3_0,org.eclipse.pde.internal.core.ifeature,IFeaturePlugin,Broken Hierarchy
eclipse.pde.ui-R3_0,org.eclipse.pde.internal.core.ifeature,IFeaturePlugin,Multipath Hierarchy
eclipse.pde.ui-R3_0,org.eclipse.pde.internal.core.ifeature,IFeatureURL,Broken Hierarchy
eclipse.pde.ui-R3_0,org.eclipse.pde.internal.core.ifeature,IFeatureURLElement,Deficient Encapsulation
eclipse.pde.ui-R3_0,org.eclipse.pde.internal.core.ifeature,IFeatureURLElement,Broken Hierarchy
eclipse.pde.ui-R3_0,org.eclipse.pde.internal.core.ifeature,IVersionable,Unutilized Abstraction
eclipse.pde.ui-R3_0,org.eclipse.pde.internal.core.ifeature,IVersionable,Deficient Encapsulation
eclipse.pde.ui-R3_0,org.eclipse.pde.internal.core.ischema,IDocumentSection,Unutilized Abstraction
eclipse.pde.ui-R3_0,org.eclipse.pde.internal.core.ischema,IDocumentSection,Broken Hierarchy
eclipse.pde.ui-R3_0,org.eclipse.pde.internal.core.ischema,IMetaAttribute,Unutilized Abstraction
eclipse.pde.ui-R3_0,org.eclipse.pde.internal.core.ischema,IMetaAttribute,Deficient Encapsulation
eclipse.pde.ui-R3_0,org.eclipse.pde.internal.core.ischema,IMetaElement,Unutilized Abstraction
eclipse.pde.ui-R3_0,org.eclipse.pde.internal.core.ischema,IPluginLocationProvider,Unutilized Abstraction
eclipse.pde.ui-R3_0,org.eclipse.pde.internal.core.ischema,ISchema,Broken Hierarchy
eclipse.pde.ui-R3_0,org.eclipse.pde.internal.core.ischema,ISchemaAttribute,Deficient Encapsulation
eclipse.pde.ui-R3_0,org.eclipse.pde.internal.core.ischema,ISchemaAttribute,Broken Hierarchy
eclipse.pde.ui-R3_0,org.eclipse.pde.internal.core.ischema,ISchemaAttributeProvider,Unutilized Abstraction
eclipse.pde.ui-R3_0,org.eclipse.pde.internal.core.ischema,ISchemaComplexType,Unutilized Abstraction
eclipse.pde.ui-R3_0,org.eclipse.pde.internal.core.ischema,ISchemaComplexType,Broken Hierarchy
eclipse.pde.ui-R3_0,org.eclipse.pde.internal.core.ischema,ISchemaCompositor,Unutilized Abstraction
eclipse.pde.ui-R3_0,org.eclipse.pde.internal.core.ischema,ISchemaCompositor,Deficient Encapsulation
eclipse.pde.ui-R3_0,org.eclipse.pde.internal.core.ischema,ISchemaCompositor,Broken Hierarchy
eclipse.pde.ui-R3_0,org.eclipse.pde.internal.core.ischema,ISchemaDescriptor,Unutilized Abstraction
eclipse.pde.ui-R3_0,org.eclipse.pde.internal.core.ischema,ISchemaDescriptor,Broken Hierarchy
eclipse.pde.ui-R3_0,org.eclipse.pde.internal.core.ischema,ISchemaElement,Broken Hierarchy
eclipse.pde.ui-R3_0,org.eclipse.pde.internal.core.ischema,ISchemaEnumeration,Unnecessary Abstraction
eclipse.pde.ui-R3_0,org.eclipse.pde.internal.core.ischema,ISchemaEnumeration,Unutilized Abstraction
eclipse.pde.ui-R3_0,org.eclipse.pde.internal.core.ischema,ISchemaInclude,Unutilized Abstraction
eclipse.pde.ui-R3_0,org.eclipse.pde.internal.core.ischema,ISchemaObject,Deficient Encapsulation
eclipse.pde.ui-R3_0,org.eclipse.pde.internal.core.ischema,ISchemaObjectReference,Unutilized Abstraction
eclipse.pde.ui-R3_0,org.eclipse.pde.internal.core.ischema,ISchemaRepeatable,Unutilized Abstraction
eclipse.pde.ui-R3_0,org.eclipse.pde.internal.core.ischema,ISchemaRestriction,Unutilized Abstraction
eclipse.pde.ui-R3_0,org.eclipse.pde.internal.core.ischema,ISchemaRestriction,Broken Hierarchy
eclipse.pde.ui-R3_0,org.eclipse.pde.internal.core.isite,ISite,Rebellious Hierarchy
eclipse.pde.ui-R3_0,org.eclipse.pde.internal.core.isite,ISiteBuild,Unutilized Abstraction
eclipse.pde.ui-R3_0,org.eclipse.pde.internal.core.isite,ISiteBuildFeature,Unutilized Abstraction
eclipse.pde.ui-R3_0,org.eclipse.pde.internal.core.isite,ISiteBuildObject,Unutilized Abstraction
eclipse.pde.ui-R3_0,org.eclipse.pde.internal.core.isite,ISiteModelFactory,Unutilized Abstraction
eclipse.pde.ui-R3_0,org.eclipse.pde.internal.core.plugin,AbstractExtensions,Unutilized Abstraction
eclipse.pde.ui-R3_0,org.eclipse.pde.internal.core.plugin,AbstractExtensionsModel,Unutilized Abstraction
eclipse.pde.ui-R3_0,org.eclipse.pde.internal.core.plugin,AbstractPluginModelBase,Unutilized Abstraction
eclipse.pde.ui-R3_0,org.eclipse.pde.internal.core.plugin,AbstractPluginModelBase,Insufficient Modularization
eclipse.pde.ui-R3_0,org.eclipse.pde.internal.core.plugin,AttributeChangedEvent,Deficient Encapsulation
eclipse.pde.ui-R3_0,org.eclipse.pde.internal.core.plugin,Extensions,Unutilized Abstraction
eclipse.pde.ui-R3_0,org.eclipse.pde.internal.core.plugin,ExternalFragmentModel,Unutilized Abstraction
eclipse.pde.ui-R3_0,org.eclipse.pde.internal.core.plugin,ExternalFragmentModel,Broken Hierarchy
eclipse.pde.ui-R3_0,org.eclipse.pde.internal.core.plugin,ExternalPluginModel,Unutilized Abstraction
eclipse.pde.ui-R3_0,org.eclipse.pde.internal.core.plugin,ExternalPluginModel,Broken Hierarchy
eclipse.pde.ui-R3_0,org.eclipse.pde.internal.core.plugin,ExternalPluginModelBase,Unutilized Abstraction
eclipse.pde.ui-R3_0,org.eclipse.pde.internal.core.plugin,IdentifiablePluginObject,Unutilized Abstraction
eclipse.pde.ui-R3_0,org.eclipse.pde.internal.core.plugin,ImportObject,Unutilized Abstraction
eclipse.pde.ui-R3_0,org.eclipse.pde.internal.core.plugin,ImportObject,Broken Hierarchy
eclipse.pde.ui-R3_0,org.eclipse.pde.internal.core.plugin,PluginAttribute,Broken Hierarchy
eclipse.pde.ui-R3_0,org.eclipse.pde.internal.core.plugin,PluginAttribute,Cyclic-Dependent Modularization
eclipse.pde.ui-R3_0,org.eclipse.pde.internal.core.plugin,PluginBase,Unutilized Abstraction
eclipse.pde.ui-R3_0,org.eclipse.pde.internal.core.plugin,PluginBase,Cyclic-Dependent Modularization
eclipse.pde.ui-R3_0,org.eclipse.pde.internal.core.plugin,PluginBase,Insufficient Modularization
eclipse.pde.ui-R3_0,org.eclipse.pde.internal.core.plugin,PluginElement,Cyclic-Dependent Modularization
eclipse.pde.ui-R3_0,org.eclipse.pde.internal.core.plugin,PluginExtension,Cyclic-Dependent Modularization
eclipse.pde.ui-R3_0,org.eclipse.pde.internal.core.plugin,PluginExtensionPoint,Unutilized Abstraction
eclipse.pde.ui-R3_0,org.eclipse.pde.internal.core.plugin,PluginImport,Unutilized Abstraction
eclipse.pde.ui-R3_0,org.eclipse.pde.internal.core.plugin,PluginImport,Cyclic-Dependent Modularization
eclipse.pde.ui-R3_0,org.eclipse.pde.internal.core.plugin,PluginObject,Insufficient Modularization
eclipse.pde.ui-R3_0,org.eclipse.pde.internal.core.plugin,PluginParent,Unutilized Abstraction
eclipse.pde.ui-R3_0,org.eclipse.pde.internal.core.plugin,PluginParent,Broken Hierarchy
eclipse.pde.ui-R3_0,org.eclipse.pde.internal.core.plugin,PluginReference,Unutilized Abstraction
eclipse.pde.ui-R3_0,org.eclipse.pde.internal.core.plugin,WorkspaceExtensionsModel,Unutilized Abstraction
eclipse.pde.ui-R3_0,org.eclipse.pde.internal.core.plugin,WorkspaceExtensionsModel,Insufficient Modularization
eclipse.pde.ui-R3_0,org.eclipse.pde.internal.core.plugin,WorkspaceFragmentModel,Unutilized Abstraction
eclipse.pde.ui-R3_0,org.eclipse.pde.internal.core.plugin,WorkspaceFragmentModel,Broken Hierarchy
eclipse.pde.ui-R3_0,org.eclipse.pde.internal.core.plugin,WorkspacePluginModel,Unutilized Abstraction
eclipse.pde.ui-R3_0,org.eclipse.pde.internal.core.plugin,WorkspacePluginModel,Broken Hierarchy
eclipse.pde.ui-R3_0,org.eclipse.pde.internal.core.plugin,WorkspacePluginModelBase,Unutilized Abstraction
eclipse.pde.ui-R3_0,org.eclipse.pde.internal.core.schema,ChoiceRestriction,Deficient Encapsulation
eclipse.pde.ui-R3_0,org.eclipse.pde.internal.core.schema,DevelopmentSchemaDescriptor,Unutilized Abstraction
eclipse.pde.ui-R3_0,org.eclipse.pde.internal.core.schema,DocumentSection,Broken Hierarchy
eclipse.pde.ui-R3_0,org.eclipse.pde.internal.core.schema,DocumentSection,Cyclic-Dependent Modularization
eclipse.pde.ui-R3_0,org.eclipse.pde.internal.core.schema,EditableSchema,Unutilized Abstraction
eclipse.pde.ui-R3_0,org.eclipse.pde.internal.core.schema,ExternalSchemaDescriptor,Unutilized Abstraction
eclipse.pde.ui-R3_0,org.eclipse.pde.internal.core.schema,ExternalSchemaDescriptor,Broken Hierarchy
eclipse.pde.ui-R3_0,org.eclipse.pde.internal.core.schema,FileSchemaDescriptor,Unutilized Abstraction
eclipse.pde.ui-R3_0,org.eclipse.pde.internal.core.schema,FileSchemaDescriptor,Broken Hierarchy
eclipse.pde.ui-R3_0,org.eclipse.pde.internal.core.schema,RepeatableSchemaObject,Unutilized Abstraction
eclipse.pde.ui-R3_0,org.eclipse.pde.internal.core.schema,RepeatableSchemaObject,Deficient Encapsulation
eclipse.pde.ui-R3_0,org.eclipse.pde.internal.core.schema,RepeatableSchemaObject,Broken Hierarchy
eclipse.pde.ui-R3_0,org.eclipse.pde.internal.core.schema,Schema,Deficient Encapsulation
eclipse.pde.ui-R3_0,org.eclipse.pde.internal.core.schema,Schema,Cyclic-Dependent Modularization
eclipse.pde.ui-R3_0,org.eclipse.pde.internal.core.schema,Schema,Insufficient Modularization
eclipse.pde.ui-R3_0,org.eclipse.pde.internal.core.schema,SchemaAttribute,Deficient Encapsulation
eclipse.pde.ui-R3_0,org.eclipse.pde.internal.core.schema,SchemaAttribute,Cyclic-Dependent Modularization
eclipse.pde.ui-R3_0,org.eclipse.pde.internal.core.schema,SchemaComplexType,Unutilized Abstraction
eclipse.pde.ui-R3_0,org.eclipse.pde.internal.core.schema,SchemaComplexType,Deficient Encapsulation
eclipse.pde.ui-R3_0,org.eclipse.pde.internal.core.schema,SchemaComplexType,Broken Hierarchy
eclipse.pde.ui-R3_0,org.eclipse.pde.internal.core.schema,SchemaComplexType,Cyclic-Dependent Modularization
eclipse.pde.ui-R3_0,org.eclipse.pde.internal.core.schema,SchemaCompositor,Unutilized Abstraction
eclipse.pde.ui-R3_0,org.eclipse.pde.internal.core.schema,SchemaCompositor,Deficient Encapsulation
eclipse.pde.ui-R3_0,org.eclipse.pde.internal.core.schema,SchemaCompositor,Broken Hierarchy
eclipse.pde.ui-R3_0,org.eclipse.pde.internal.core.schema,SchemaCompositor,Cyclic-Dependent Modularization
eclipse.pde.ui-R3_0,org.eclipse.pde.internal.core.schema,SchemaElement,Unutilized Abstraction
eclipse.pde.ui-R3_0,org.eclipse.pde.internal.core.schema,SchemaElement,Deficient Encapsulation
eclipse.pde.ui-R3_0,org.eclipse.pde.internal.core.schema,SchemaElement,Unexploited Encapsulation
eclipse.pde.ui-R3_0,org.eclipse.pde.internal.core.schema,SchemaElement,Broken Hierarchy
eclipse.pde.ui-R3_0,org.eclipse.pde.internal.core.schema,SchemaElement,Missing Hierarchy
eclipse.pde.ui-R3_0,org.eclipse.pde.internal.core.schema,SchemaElement,Cyclic-Dependent Modularization
eclipse.pde.ui-R3_0,org.eclipse.pde.internal.core.schema,SchemaElementReference,Deficient Encapsulation
eclipse.pde.ui-R3_0,org.eclipse.pde.internal.core.schema,SchemaElementReference,Insufficient Modularization
eclipse.pde.ui-R3_0,org.eclipse.pde.internal.core.schema,SchemaEnumeration,Unutilized Abstraction
eclipse.pde.ui-R3_0,org.eclipse.pde.internal.core.schema,SchemaEnumeration,Broken Hierarchy
eclipse.pde.ui-R3_0,org.eclipse.pde.internal.core.schema,SchemaInclude,Broken Hierarchy
eclipse.pde.ui-R3_0,org.eclipse.pde.internal.core.schema,SchemaInclude,Cyclic-Dependent Modularization
eclipse.pde.ui-R3_0,org.eclipse.pde.internal.core.schema,SchemaRegistry,Unutilized Abstraction
eclipse.pde.ui-R3_0,org.eclipse.pde.internal.core.schema,SchemaRegistry,Deficient Encapsulation
eclipse.pde.ui-R3_0,org.eclipse.pde.internal.core.schema,SchemaRegistry,Unexploited Encapsulation
eclipse.pde.ui-R3_0,org.eclipse.pde.internal.core.schema,SchemaRegistry,Missing Hierarchy
eclipse.pde.ui-R3_0,org.eclipse.pde.internal.core.schema,SchemaSimpleType,Unutilized Abstraction
eclipse.pde.ui-R3_0,org.eclipse.pde.internal.core.schema,SchemaSimpleType,Deficient Encapsulation
eclipse.pde.ui-R3_0,org.eclipse.pde.internal.core.schema,SchemaSimpleType,Cyclic-Dependent Modularization
eclipse.pde.ui-R3_0,org.eclipse.pde.internal.core.schema,SchemaType,Unutilized Abstraction
eclipse.pde.ui-R3_0,org.eclipse.pde.internal.core.search,IPluginSearchResultCollector,Cyclic-Dependent Modularization
eclipse.pde.ui-R3_0,org.eclipse.pde.internal.core.search,PluginSearchInput,Deficient Encapsulation
eclipse.pde.ui-R3_0,org.eclipse.pde.internal.core.search,PluginSearchOperation,Cyclic-Dependent Modularization
eclipse.pde.ui-R3_0,org.eclipse.pde.internal.core.search,PluginSearchScope,Deficient Encapsulation
eclipse.pde.ui-R3_0,org.eclipse.pde.internal.core.site,AbstractSiteBuildModel,Unutilized Abstraction
eclipse.pde.ui-R3_0,org.eclipse.pde.internal.core.site,AbstractSiteModel,Unutilized Abstraction
eclipse.pde.ui-R3_0,org.eclipse.pde.internal.core.site,IdentifiableObject,Unutilized Abstraction
eclipse.pde.ui-R3_0,org.eclipse.pde.internal.core.site,SiteBuild,Deficient Encapsulation
eclipse.pde.ui-R3_0,org.eclipse.pde.internal.core.site,SiteFeature,Unutilized Abstraction
eclipse.pde.ui-R3_0,org.eclipse.pde.internal.core.site,SiteFeature,Insufficient Modularization
eclipse.pde.ui-R3_0,org.eclipse.pde.internal.core.site,SiteModelFactory,Unutilized Abstraction
eclipse.pde.ui-R3_0,org.eclipse.pde.internal.core.site,VersionableObject,Unutilized Abstraction
eclipse.pde.ui-R3_0,org.eclipse.pde.internal.core.site,WorkspaceSiteBuildModel,Unutilized Abstraction
eclipse.pde.ui-R3_0,org.eclipse.pde.internal.core.site,WorkspaceSiteModel,Unutilized Abstraction
eclipse.pde.ui-R3_0,org.eclipse.pde.internal.core.util,Position,Unutilized Abstraction
eclipse.pde.ui-R3_0,org.eclipse.pde.internal.junit.runtime,CoreTestApplication,Unutilized Abstraction
eclipse.pde.ui-R3_0,org.eclipse.pde.internal.junit.runtime,LegacyUITestApplication,Unutilized Abstraction
eclipse.pde.ui-R3_0,org.eclipse.pde.internal.junit.runtime,UITestApplication,Unutilized Abstraction
eclipse.pde.ui-R3_0,org.eclipse.pde.internal.runtime,IHelpContextIds,Unnecessary Abstraction
eclipse.pde.ui-R3_0,org.eclipse.pde.internal.runtime,IHelpContextIds,Unutilized Abstraction
eclipse.pde.ui-R3_0,org.eclipse.pde.internal.runtime,IHelpContextIds,Deficient Encapsulation
eclipse.pde.ui-R3_0,org.eclipse.pde.internal.runtime,OverlayIcon,Unutilized Abstraction
eclipse.pde.ui-R3_0,org.eclipse.pde.internal.runtime,PDERuntimePluginImages,Deficient Encapsulation
eclipse.pde.ui-R3_0,org.eclipse.pde.internal.runtime.logview,EventDetailsDialog,Insufficient Modularization
eclipse.pde.ui-R3_0,org.eclipse.pde.internal.runtime.logview,EventDetailsDialogAction,Unutilized Abstraction
eclipse.pde.ui-R3_0,org.eclipse.pde.internal.runtime.logview,FilterDialog,Cyclic-Dependent Modularization
eclipse.pde.ui-R3_0,org.eclipse.pde.internal.runtime.logview,LogReader,Deficient Encapsulation
eclipse.pde.ui-R3_0,org.eclipse.pde.internal.runtime.logview,LogReader,Cyclic-Dependent Modularization
eclipse.pde.ui-R3_0,org.eclipse.pde.internal.runtime.logview,LogView,Deficient Encapsulation
eclipse.pde.ui-R3_0,org.eclipse.pde.internal.runtime.logview,LogView,Cyclic-Dependent Modularization
eclipse.pde.ui-R3_0,org.eclipse.pde.internal.runtime.logview,LogView,Insufficient Modularization
eclipse.pde.ui-R3_0,org.eclipse.pde.internal.runtime.logview,LogViewContentProvider,Unutilized Abstraction
eclipse.pde.ui-R3_0,org.eclipse.pde.internal.runtime.logview,OpenLogDialog,Cyclic-Dependent Modularization
eclipse.pde.ui-R3_0,org.eclipse.pde.internal.runtime.registry,ConfigurationElementAdapter,Unutilized Abstraction
eclipse.pde.ui-R3_0,org.eclipse.pde.internal.runtime.registry,ConfigurationElementAdapter,Broken Hierarchy
eclipse.pde.ui-R3_0,org.eclipse.pde.internal.runtime.registry,ConfigurationElementPropertySource,Unutilized Abstraction
eclipse.pde.ui-R3_0,org.eclipse.pde.internal.runtime.registry,ExtensionAdapter,Unutilized Abstraction
eclipse.pde.ui-R3_0,org.eclipse.pde.internal.runtime.registry,ExtensionAdapter,Broken Hierarchy
eclipse.pde.ui-R3_0,org.eclipse.pde.internal.runtime.registry,ExtensionPointAdapter,Unutilized Abstraction
eclipse.pde.ui-R3_0,org.eclipse.pde.internal.runtime.registry,ExtensionPointAdapter,Broken Hierarchy
eclipse.pde.ui-R3_0,org.eclipse.pde.internal.runtime.registry,ExtensionPointPropertySource,Unutilized Abstraction
eclipse.pde.ui-R3_0,org.eclipse.pde.internal.runtime.registry,ExtensionPointPropertySource,Deficient Encapsulation
eclipse.pde.ui-R3_0,org.eclipse.pde.internal.runtime.registry,ExtensionPropertySource,Unutilized Abstraction
eclipse.pde.ui-R3_0,org.eclipse.pde.internal.runtime.registry,ExtensionPropertySource,Deficient Encapsulation
eclipse.pde.ui-R3_0,org.eclipse.pde.internal.runtime.registry,IPluginFolder,Deficient Encapsulation
eclipse.pde.ui-R3_0,org.eclipse.pde.internal.runtime.registry,LibraryPropertySource,Unutilized Abstraction
eclipse.pde.ui-R3_0,org.eclipse.pde.internal.runtime.registry,LibraryPropertySource,Deficient Encapsulation
eclipse.pde.ui-R3_0,org.eclipse.pde.internal.runtime.registry,ParentAdapter,Unutilized Abstraction
eclipse.pde.ui-R3_0,org.eclipse.pde.internal.runtime.registry,ParentAdapter,Broken Hierarchy
eclipse.pde.ui-R3_0,org.eclipse.pde.internal.runtime.registry,PluginPropertySource,Unutilized Abstraction
eclipse.pde.ui-R3_0,org.eclipse.pde.internal.runtime.registry,PluginPropertySource,Deficient Encapsulation
eclipse.pde.ui-R3_0,org.eclipse.pde.internal.runtime.registry,PrerequisitePropertySource,Unutilized Abstraction
eclipse.pde.ui-R3_0,org.eclipse.pde.internal.runtime.registry,PrerequisitePropertySource,Deficient Encapsulation
eclipse.pde.ui-R3_0,org.eclipse.pde.internal.runtime.registry,RegistryBrowser,Deficient Encapsulation
eclipse.pde.ui-R3_0,org.eclipse.pde.internal.runtime.registry,RegistryBrowser,Cyclic-Dependent Modularization
eclipse.pde.ui-R3_0,org.eclipse.pde.internal.runtime.registry,RegistryBrowser,Insufficient Modularization
eclipse.pde.ui-R3_0,org.eclipse.pde.internal.runtime.registry,RegistryDrillDownAdapter,Unutilized Abstraction
eclipse.pde.ui-R3_0,org.eclipse.pde.internal.runtime.registry,RegistryBrowserContentProvider,Deficient Encapsulation
eclipse.pde.ui-R3_0,org.eclipse.pde.internal.runtime.registry,RegistryBrowserContentProvider,Unexploited Encapsulation
eclipse.pde.ui-R3_0,org.eclipse.pde.internal.runtime.registry,RegistryBrowserContentProvider,Missing Hierarchy
eclipse.pde.ui-R3_0,org.eclipse.pde.internal.runtime.registry,PluginFolder,Unutilized Abstraction
eclipse.pde.ui-R3_0,org.eclipse.pde.internal.runtime.registry,RegistryBrowserLabelProvider,Unutilized Abstraction
eclipse.pde.ui-R3_0,org.eclipse.pde.internal.runtime.registry,RegistryBrowserLabelProvider,Missing Hierarchy
eclipse.pde.ui-R3_0,org.eclipse.pde.internal.runtime.registry,RegistryPropertySource,Unutilized Abstraction
eclipse.pde.ui-R3_0,org.eclipse.pde.internal.runtime.registry,TogglePropertiesAction,Deficient Encapsulation
eclipse.pde.ui-R3_0,org.eclipse.pde.internal.runtime.registry,TogglePropertiesAction,Cyclic-Dependent Modularization
eclipse.pde.ui-R3_0,org.eclipse.pde.internal.ui,IHelpContextIds,Deficient Encapsulation
eclipse.pde.ui-R3_0,org.eclipse.pde.internal.ui,IHelpContextIds,Broken Modularization
eclipse.pde.ui-R3_0,org.eclipse.pde.internal.ui,IPDEUIConstants,Broken Modularization
eclipse.pde.ui-R3_0,org.eclipse.pde.internal.ui,IPreferenceConstants,Deficient Encapsulation
eclipse.pde.ui-R3_0,org.eclipse.pde.internal.ui,IPreferenceConstants,Broken Modularization
eclipse.pde.ui-R3_0,org.eclipse.pde.internal.ui,OpenPDEPerspectiveAction,Unutilized Abstraction
eclipse.pde.ui-R3_0,org.eclipse.pde.internal.ui,PDELabelProvider,Cyclic-Dependent Modularization
eclipse.pde.ui-R3_0,org.eclipse.pde.internal.ui,PDELabelProvider,Insufficient Modularization
eclipse.pde.ui-R3_0,org.eclipse.pde.internal.ui,PDEPerspective,Unutilized Abstraction
eclipse.pde.ui-R3_0,org.eclipse.pde.internal.ui,PDEPlugin,Broken Hierarchy
eclipse.pde.ui-R3_0,org.eclipse.pde.internal.ui,PDEPlugin,Cyclic-Dependent Modularization
eclipse.pde.ui-R3_0,org.eclipse.pde.internal.ui,PDEPlugin,Insufficient Modularization
eclipse.pde.ui-R3_0,org.eclipse.pde.internal.ui,PDEPluginImages,Deficient Encapsulation
eclipse.pde.ui-R3_0,org.eclipse.pde.internal.ui.build,BuildFeatureAction,Unutilized Abstraction
eclipse.pde.ui-R3_0,org.eclipse.pde.internal.ui.build,BuildPluginAction,Unutilized Abstraction
eclipse.pde.ui-R3_0,org.eclipse.pde.internal.ui.build,BuildSiteAction,Unutilized Abstraction
eclipse.pde.ui-R3_0,org.eclipse.pde.internal.ui.editor,EmptyOutlinePage,Unutilized Abstraction
eclipse.pde.ui-R3_0,org.eclipse.pde.internal.ui.editor,FormEntryAdapter,Unutilized Abstraction
eclipse.pde.ui-R3_0,org.eclipse.pde.internal.ui.editor,FormOutlinePage,Unutilized Abstraction
eclipse.pde.ui-R3_0,org.eclipse.pde.internal.ui.editor,BasicContentProvider,Unutilized Abstraction
eclipse.pde.ui-R3_0,org.eclipse.pde.internal.ui.editor,BasicLabelProvider,Unutilized Abstraction
eclipse.pde.ui-R3_0,org.eclipse.pde.internal.ui.editor,GenericSourcePage,Unutilized Abstraction
eclipse.pde.ui-R3_0,org.eclipse.pde.internal.ui.editor,GenericSourcePage,Broken Hierarchy
eclipse.pde.ui-R3_0,org.eclipse.pde.internal.ui.editor,KeyValueSourcePage,Unutilized Abstraction
eclipse.pde.ui-R3_0,org.eclipse.pde.internal.ui.editor,KeyValueSourcePage,Broken Hierarchy
eclipse.pde.ui-R3_0,org.eclipse.pde.internal.ui.editor,KeyValueSourceViewerConfiguration,Unutilized Abstraction
eclipse.pde.ui-R3_0,org.eclipse.pde.internal.ui.editor,LinkSection,Unutilized Abstraction
eclipse.pde.ui-R3_0,org.eclipse.pde.internal.ui.editor,LinkSection,Broken Hierarchy
eclipse.pde.ui-R3_0,org.eclipse.pde.internal.ui.editor,LinkHandler,Unutilized Abstraction
eclipse.pde.ui-R3_0,org.eclipse.pde.internal.ui.editor,ModelDataTransfer,Deficient Encapsulation
eclipse.pde.ui-R3_0,org.eclipse.pde.internal.ui.editor,ModelUndoManager,Unutilized Abstraction
eclipse.pde.ui-R3_0,org.eclipse.pde.internal.ui.editor,ModifiedTextPropertyDescriptor,Unutilized Abstraction
eclipse.pde.ui-R3_0,org.eclipse.pde.internal.ui.editor,MultiSourceEditor,Unutilized Abstraction
eclipse.pde.ui-R3_0,org.eclipse.pde.internal.ui.editor,NullUndoManager,Unutilized Abstraction
eclipse.pde.ui-R3_0,org.eclipse.pde.internal.ui.editor,PDEDetails,Unutilized Abstraction
eclipse.pde.ui-R3_0,org.eclipse.pde.internal.ui.editor,PDEFormEditor,Missing Hierarchy
eclipse.pde.ui-R3_0,org.eclipse.pde.internal.ui.editor,PDEFormEditor,Cyclic-Dependent Modularization
eclipse.pde.ui-R3_0,org.eclipse.pde.internal.ui.editor,PDEFormEditor,Insufficient Modularization
eclipse.pde.ui-R3_0,org.eclipse.pde.internal.ui.editor,PDEMultiPageEditorSite,Unutilized Abstraction
eclipse.pde.ui-R3_0,org.eclipse.pde.internal.ui.editor,PDEFormEditorContributor,Deficient Encapsulation
eclipse.pde.ui-R3_0,org.eclipse.pde.internal.ui.editor,PDEFormEditorContributor,Missing Hierarchy
eclipse.pde.ui-R3_0,org.eclipse.pde.internal.ui.editor,PDEFormEditorContributor,Cyclic-Dependent Modularization
eclipse.pde.ui-R3_0,org.eclipse.pde.internal.ui.editor,PDEFormEditorContributor,Insufficient Modularization
eclipse.pde.ui-R3_0,org.eclipse.pde.internal.ui.editor,GlobalAction,Unutilized Abstraction
eclipse.pde.ui-R3_0,org.eclipse.pde.internal.ui.editor,ClipboardAction,Unutilized Abstraction
eclipse.pde.ui-R3_0,org.eclipse.pde.internal.ui.editor,ClipboardAction,Broken Hierarchy
eclipse.pde.ui-R3_0,org.eclipse.pde.internal.ui.editor,CutAction,Unutilized Abstraction
eclipse.pde.ui-R3_0,org.eclipse.pde.internal.ui.editor,CopyAction,Unutilized Abstraction
eclipse.pde.ui-R3_0,org.eclipse.pde.internal.ui.editor,PasteAction,Unutilized Abstraction
eclipse.pde.ui-R3_0,org.eclipse.pde.internal.ui.editor,SaveAction,Unutilized Abstraction
eclipse.pde.ui-R3_0,org.eclipse.pde.internal.ui.editor,RevertAction,Unutilized Abstraction
eclipse.pde.ui-R3_0,org.eclipse.pde.internal.ui.editor,PDEFormPage,Unexploited Encapsulation
eclipse.pde.ui-R3_0,org.eclipse.pde.internal.ui.editor,PDEFormPage,Missing Hierarchy
eclipse.pde.ui-R3_0,org.eclipse.pde.internal.ui.editor,PDEMasterDetailsBlock,Unutilized Abstraction
eclipse.pde.ui-R3_0,org.eclipse.pde.internal.ui.editor,PageRec,Unutilized Abstraction
eclipse.pde.ui-R3_0,org.eclipse.pde.internal.ui.editor,PDESection,Deficient Encapsulation
eclipse.pde.ui-R3_0,org.eclipse.pde.internal.ui.editor,PDESourcePage,Cyclic-Dependent Modularization
eclipse.pde.ui-R3_0,org.eclipse.pde.internal.ui.editor,PropertiesAction,Deficient Encapsulation
eclipse.pde.ui-R3_0,org.eclipse.pde.internal.ui.editor,StorageDocumentProvider,Unutilized Abstraction
eclipse.pde.ui-R3_0,org.eclipse.pde.internal.ui.editor,StorageDocumentProvider,Broken Hierarchy
eclipse.pde.ui-R3_0,org.eclipse.pde.internal.ui.editor,StreamDocumentProvider,Unutilized Abstraction
eclipse.pde.ui-R3_0,org.eclipse.pde.internal.ui.editor,StructuredViewerSection,Unutilized Abstraction
eclipse.pde.ui-R3_0,org.eclipse.pde.internal.ui.editor,SystemFileDocumentProvider,Unutilized Abstraction
eclipse.pde.ui-R3_0,org.eclipse.pde.internal.ui.editor,SystemFileDocumentProvider,Broken Hierarchy
eclipse.pde.ui-R3_0,org.eclipse.pde.internal.ui.editor,SystemFileEditorInputFactory,Unutilized Abstraction
eclipse.pde.ui-R3_0,org.eclipse.pde.internal.ui.editor,SystemFileMarkerAnnotationModel,Unutilized Abstraction
eclipse.pde.ui-R3_0,org.eclipse.pde.internal.ui.editor,ResourceChangeListener,Unutilized Abstraction
eclipse.pde.ui-R3_0,org.eclipse.pde.internal.ui.editor,ResourceDeltaVisitor,Unutilized Abstraction
eclipse.pde.ui-R3_0,org.eclipse.pde.internal.ui.editor,TableSection,Unutilized Abstraction
eclipse.pde.ui-R3_0,org.eclipse.pde.internal.ui.editor,TableSection,Broken Hierarchy
eclipse.pde.ui-R3_0,org.eclipse.pde.internal.ui.editor,PartAdapter,Unutilized Abstraction
eclipse.pde.ui-R3_0,org.eclipse.pde.internal.ui.editor,TreeSection,Unutilized Abstraction
eclipse.pde.ui-R3_0,org.eclipse.pde.internal.ui.editor,TreeSection,Broken Hierarchy
eclipse.pde.ui-R3_0,org.eclipse.pde.internal.ui.editor,PartAdapter,Unutilized Abstraction
eclipse.pde.ui-R3_0,org.eclipse.pde.internal.ui.editor,XMLConfiguration,Unutilized Abstraction
eclipse.pde.ui-R3_0,org.eclipse.pde.internal.ui.editor,XMLSourcePage,Unutilized Abstraction
eclipse.pde.ui-R3_0,org.eclipse.pde.internal.ui.editor,XMLSourcePage,Deficient Encapsulation
eclipse.pde.ui-R3_0,org.eclipse.pde.internal.ui.editor.build,DuplicateStatusValidator,Unutilized Abstraction
eclipse.pde.ui-R3_0,org.eclipse.pde.internal.ui.editor.build,TableContentProvider,Unutilized Abstraction
eclipse.pde.ui-R3_0,org.eclipse.pde.internal.ui.editor.build,TableLabelProvider,Unutilized Abstraction
eclipse.pde.ui-R3_0,org.eclipse.pde.internal.ui.editor.build,BinSection,Unutilized Abstraction
eclipse.pde.ui-R3_0,org.eclipse.pde.internal.ui.editor.build,ElementSelectionValidator,Unutilized Abstraction
eclipse.pde.ui-R3_0,org.eclipse.pde.internal.ui.editor.build,TableContentProvider,Unutilized Abstraction
eclipse.pde.ui-R3_0,org.eclipse.pde.internal.ui.editor.build,TableLabelProvider,Unutilized Abstraction
eclipse.pde.ui-R3_0,org.eclipse.pde.internal.ui.editor.build,BuildContentsSection,Insufficient Modularization
eclipse.pde.ui-R3_0,org.eclipse.pde.internal.ui.editor.build,TreeContentProvider,Unutilized Abstraction
eclipse.pde.ui-R3_0,org.eclipse.pde.internal.ui.editor.build,BuildEditor,Unutilized Abstraction
eclipse.pde.ui-R3_0,org.eclipse.pde.internal.ui.editor.build,BuildEditorContributor,Unutilized Abstraction
eclipse.pde.ui-R3_0,org.eclipse.pde.internal.ui.editor.build,BuildInputContext,Deficient Encapsulation
eclipse.pde.ui-R3_0,org.eclipse.pde.internal.ui.editor.build,BuildOutlinePage,Unutilized Abstraction
eclipse.pde.ui-R3_0,org.eclipse.pde.internal.ui.editor.build,BuildPage,Deficient Encapsulation
eclipse.pde.ui-R3_0,org.eclipse.pde.internal.ui.editor.build,BuildSourcePage,Unutilized Abstraction
eclipse.pde.ui-R3_0,org.eclipse.pde.internal.ui.editor.build,BuildOutlineContentProvider,Unutilized Abstraction
eclipse.pde.ui-R3_0,org.eclipse.pde.internal.ui.editor.build,BuildLabelProvider,Unutilized Abstraction
eclipse.pde.ui-R3_0,org.eclipse.pde.internal.ui.editor.build,BuildUndoManager,Unutilized Abstraction
eclipse.pde.ui-R3_0,org.eclipse.pde.internal.ui.editor.build,JARFileFilter,Unutilized Abstraction
eclipse.pde.ui-R3_0,org.eclipse.pde.internal.ui.editor.build,RuntimeInfoSection,Deficient Encapsulation
eclipse.pde.ui-R3_0,org.eclipse.pde.internal.ui.editor.build,RuntimeInfoSection,Insufficient Modularization
eclipse.pde.ui-R3_0,org.eclipse.pde.internal.ui.editor.build,RenameAction,Unutilized Abstraction
eclipse.pde.ui-R3_0,org.eclipse.pde.internal.ui.editor.build,PartAdapter,Unutilized Abstraction
eclipse.pde.ui-R3_0,org.eclipse.pde.internal.ui.editor.build,LibraryContentProvider,Unutilized Abstraction
eclipse.pde.ui-R3_0,org.eclipse.pde.internal.ui.editor.build,LibraryLabelProvider,Unutilized Abstraction
eclipse.pde.ui-R3_0,org.eclipse.pde.internal.ui.editor.build,JarsNewContentProvider,Unutilized Abstraction
eclipse.pde.ui-R3_0,org.eclipse.pde.internal.ui.editor.build,FolderContentProvider,Unutilized Abstraction
eclipse.pde.ui-R3_0,org.eclipse.pde.internal.ui.editor.build,FolderLabelProvider,Unutilized Abstraction
eclipse.pde.ui-R3_0,org.eclipse.pde.internal.ui.editor.build,SrcSection,Unutilized Abstraction
eclipse.pde.ui-R3_0,org.eclipse.pde.internal.ui.editor.build,SrcSection,Broken Hierarchy
eclipse.pde.ui-R3_0,org.eclipse.pde.internal.ui.editor.context,InputContext,Insufficient Modularization
eclipse.pde.ui-R3_0,org.eclipse.pde.internal.ui.editor.context,ElementListener,Unutilized Abstraction
eclipse.pde.ui-R3_0,org.eclipse.pde.internal.ui.editor.context,InputContextManager,Insufficient Modularization
eclipse.pde.ui-R3_0,org.eclipse.pde.internal.ui.editor.context,UTF8InputContext,Unutilized Abstraction
eclipse.pde.ui-R3_0,org.eclipse.pde.internal.ui.editor.context,UTF8InputContext,Broken Hierarchy
eclipse.pde.ui-R3_0,org.eclipse.pde.internal.ui.editor.context,XMLInputContext,Unutilized Abstraction
eclipse.pde.ui-R3_0,org.eclipse.pde.internal.ui.editor.context,XMLInputContext,Broken Hierarchy
eclipse.pde.ui-R3_0,org.eclipse.pde.internal.ui.editor.feature,DataSection,Cyclic-Dependent Modularization
eclipse.pde.ui-R3_0,org.eclipse.pde.internal.ui.editor.feature,DataSection,Insufficient Modularization
eclipse.pde.ui-R3_0,org.eclipse.pde.internal.ui.editor.feature,PluginContentProvider,Unutilized Abstraction
eclipse.pde.ui-R3_0,org.eclipse.pde.internal.ui.editor.feature,EditorBuildFeatureAction,Deficient Encapsulation
eclipse.pde.ui-R3_0,org.eclipse.pde.internal.ui.editor.feature,EditorBuildFeatureAction,Cyclic-Dependent Modularization
eclipse.pde.ui-R3_0,org.eclipse.pde.internal.ui.editor.feature,FeatureAdapterFactory,Unutilized Abstraction
eclipse.pde.ui-R3_0,org.eclipse.pde.internal.ui.editor.feature,FeatureAdvancedPage,Deficient Encapsulation
eclipse.pde.ui-R3_0,org.eclipse.pde.internal.ui.editor.feature,FeatureAdvancedPage,Cyclic-Dependent Modularization
eclipse.pde.ui-R3_0,org.eclipse.pde.internal.ui.editor.feature,FeatureChildPropertySource,Unutilized Abstraction
eclipse.pde.ui-R3_0,org.eclipse.pde.internal.ui.editor.feature,FeatureChildPropertySource,Deficient Encapsulation
eclipse.pde.ui-R3_0,org.eclipse.pde.internal.ui.editor.feature,FeatureChildPropertySource,Broken Hierarchy
eclipse.pde.ui-R3_0,org.eclipse.pde.internal.ui.editor.feature,FeatureEditor,Multifaceted Abstraction
eclipse.pde.ui-R3_0,org.eclipse.pde.internal.ui.editor.feature,FeatureEditor,Deficient Encapsulation
eclipse.pde.ui-R3_0,org.eclipse.pde.internal.ui.editor.feature,FeatureEditor,Cyclic-Dependent Modularization
eclipse.pde.ui-R3_0,org.eclipse.pde.internal.ui.editor.feature,FeatureEditorContributor,Cyclic-Dependent Modularization
eclipse.pde.ui-R3_0,org.eclipse.pde.internal.ui.editor.feature,FeatureEntryPropertySource,Unutilized Abstraction
eclipse.pde.ui-R3_0,org.eclipse.pde.internal.ui.editor.feature,FeatureEntryPropertySource,Deficient Encapsulation
eclipse.pde.ui-R3_0,org.eclipse.pde.internal.ui.editor.feature,FeatureEntryPropertySource,Broken Hierarchy
eclipse.pde.ui-R3_0,org.eclipse.pde.internal.ui.editor.feature,FeatureFormPage,Deficient Encapsulation
eclipse.pde.ui-R3_0,org.eclipse.pde.internal.ui.editor.feature,FeatureFormPage,Cyclic-Dependent Modularization
eclipse.pde.ui-R3_0,org.eclipse.pde.internal.ui.editor.feature,FeatureInputContext,Deficient Encapsulation
eclipse.pde.ui-R3_0,org.eclipse.pde.internal.ui.editor.feature,FeatureOutlinePage,Unutilized Abstraction
eclipse.pde.ui-R3_0,org.eclipse.pde.internal.ui.editor.feature,FeatureOutlinePage,Missing Hierarchy
eclipse.pde.ui-R3_0,org.eclipse.pde.internal.ui.editor.feature,ContentProvider,Unutilized Abstraction
eclipse.pde.ui-R3_0,org.eclipse.pde.internal.ui.editor.feature,ContentProvider,Missing Hierarchy
eclipse.pde.ui-R3_0,org.eclipse.pde.internal.ui.editor.feature,FeaturePropertySource,Unutilized Abstraction
eclipse.pde.ui-R3_0,org.eclipse.pde.internal.ui.editor.feature,FeatureReferencePage,Deficient Encapsulation
eclipse.pde.ui-R3_0,org.eclipse.pde.internal.ui.editor.feature,FeatureReferencePage,Cyclic-Dependent Modularization
eclipse.pde.ui-R3_0,org.eclipse.pde.internal.ui.editor.feature,FeatureSourcePage,Unutilized Abstraction
eclipse.pde.ui-R3_0,org.eclipse.pde.internal.ui.editor.feature,FeatureSpecSection,Deficient Encapsulation
eclipse.pde.ui-R3_0,org.eclipse.pde.internal.ui.editor.feature,FeatureSpecSection,Cyclic-Dependent Modularization
eclipse.pde.ui-R3_0,org.eclipse.pde.internal.ui.editor.feature,FeatureSpecSection,Insufficient Modularization
eclipse.pde.ui-R3_0,org.eclipse.pde.internal.ui.editor.feature,FeatureUndoManager,Unutilized Abstraction
eclipse.pde.ui-R3_0,org.eclipse.pde.internal.ui.editor.feature,HandlerSection,Deficient Encapsulation
eclipse.pde.ui-R3_0,org.eclipse.pde.internal.ui.editor.feature,HandlerSection,Cyclic-Dependent Modularization
eclipse.pde.ui-R3_0,org.eclipse.pde.internal.ui.editor.feature,IncludeFeaturesWizardPage,Deficient Encapsulation
eclipse.pde.ui-R3_0,org.eclipse.pde.internal.ui.editor.feature,PluginContentProvider,Unutilized Abstraction
eclipse.pde.ui-R3_0,org.eclipse.pde.internal.ui.editor.feature,IncludedFeaturesSection,Cyclic-Dependent Modularization
eclipse.pde.ui-R3_0,org.eclipse.pde.internal.ui.editor.feature,IncludedFeaturesSection,Insufficient Modularization
eclipse.pde.ui-R3_0,org.eclipse.pde.internal.ui.editor.feature,IncludedFeaturesContentProvider,Unutilized Abstraction
eclipse.pde.ui-R3_0,org.eclipse.pde.internal.ui.editor.feature,InfoFormPage,Deficient Encapsulation
eclipse.pde.ui-R3_0,org.eclipse.pde.internal.ui.editor.feature,InfoSection,Insufficient Modularization
eclipse.pde.ui-R3_0,org.eclipse.pde.internal.ui.editor.feature,NewFeaturePluginWizardPage,Deficient Encapsulation
eclipse.pde.ui-R3_0,org.eclipse.pde.internal.ui.editor.feature,NewFeatureRequireWizardPage,Deficient Encapsulation
eclipse.pde.ui-R3_0,org.eclipse.pde.internal.ui.editor.feature,OpenReferenceAction,Deficient Encapsulation
eclipse.pde.ui-R3_0,org.eclipse.pde.internal.ui.editor.feature,PluginReference,Unutilized Abstraction
eclipse.pde.ui-R3_0,org.eclipse.pde.internal.ui.editor.feature,PluginSection,Deficient Encapsulation
eclipse.pde.ui-R3_0,org.eclipse.pde.internal.ui.editor.feature,PluginSection,Cyclic-Dependent Modularization
eclipse.pde.ui-R3_0,org.eclipse.pde.internal.ui.editor.feature,PluginSection,Insufficient Modularization
eclipse.pde.ui-R3_0,org.eclipse.pde.internal.ui.editor.feature,PluginContentProvider,Unutilized Abstraction
eclipse.pde.ui-R3_0,org.eclipse.pde.internal.ui.editor.feature,PortabilityChoiceCellEditor,Unutilized Abstraction
eclipse.pde.ui-R3_0,org.eclipse.pde.internal.ui.editor.feature,ContentProvider,Unutilized Abstraction
eclipse.pde.ui-R3_0,org.eclipse.pde.internal.ui.editor.feature,ChoiceLabelProvider,Unutilized Abstraction
eclipse.pde.ui-R3_0,org.eclipse.pde.internal.ui.editor.feature,PortabilitySection,Deficient Encapsulation
eclipse.pde.ui-R3_0,org.eclipse.pde.internal.ui.editor.feature,PortabilitySection,Cyclic-Dependent Modularization
eclipse.pde.ui-R3_0,org.eclipse.pde.internal.ui.editor.feature,PortabilitySection,Insufficient Modularization
eclipse.pde.ui-R3_0,org.eclipse.pde.internal.ui.editor.feature,ReferencePropertySource,Deficient Encapsulation
eclipse.pde.ui-R3_0,org.eclipse.pde.internal.ui.editor.feature,VersionProvider,Unutilized Abstraction
eclipse.pde.ui-R3_0,org.eclipse.pde.internal.ui.editor.feature,ReferenceWizardPage,Deficient Encapsulation
eclipse.pde.ui-R3_0,org.eclipse.pde.internal.ui.editor.feature,PluginContentProvider,Unutilized Abstraction
eclipse.pde.ui-R3_0,org.eclipse.pde.internal.ui.editor.feature,TablePart,Unutilized Abstraction
eclipse.pde.ui-R3_0,org.eclipse.pde.internal.ui.editor.feature,RequiredFeaturesWizardPage,Deficient Encapsulation
eclipse.pde.ui-R3_0,org.eclipse.pde.internal.ui.editor.feature,PluginContentProvider,Unutilized Abstraction
eclipse.pde.ui-R3_0,org.eclipse.pde.internal.ui.editor.feature,TablePart,Unutilized Abstraction
eclipse.pde.ui-R3_0,org.eclipse.pde.internal.ui.editor.feature,RequiresSection,Deficient Encapsulation
eclipse.pde.ui-R3_0,org.eclipse.pde.internal.ui.editor.feature,RequiresSection,Cyclic-Dependent Modularization
eclipse.pde.ui-R3_0,org.eclipse.pde.internal.ui.editor.feature,RequiresSection,Insufficient Modularization
eclipse.pde.ui-R3_0,org.eclipse.pde.internal.ui.editor.feature,ImportContentProvider,Unutilized Abstraction
eclipse.pde.ui-R3_0,org.eclipse.pde.internal.ui.editor.feature,SynchronizeVersionsAction,Deficient Encapsulation
eclipse.pde.ui-R3_0,org.eclipse.pde.internal.ui.editor.feature,SynchronizeVersionsAction,Cyclic-Dependent Modularization
eclipse.pde.ui-R3_0,org.eclipse.pde.internal.ui.editor.feature,SynchronizeVersionsWizard,Cyclic-Dependent Modularization
eclipse.pde.ui-R3_0,org.eclipse.pde.internal.ui.editor.feature,SynchronizeVersionsWizardPage,Deficient Encapsulation
eclipse.pde.ui-R3_0,org.eclipse.pde.internal.ui.editor.feature,SynchronizeVersionsWizardPage,Cyclic-Dependent Modularization
eclipse.pde.ui-R3_0,org.eclipse.pde.internal.ui.editor.feature,URLElementPropertySource,Unutilized Abstraction
eclipse.pde.ui-R3_0,org.eclipse.pde.internal.ui.editor.feature,URLElementPropertySource,Deficient Encapsulation
eclipse.pde.ui-R3_0,org.eclipse.pde.internal.ui.editor.feature,URLElementPropertySource,Broken Hierarchy
eclipse.pde.ui-R3_0,org.eclipse.pde.internal.ui.editor.feature,URLSection,Deficient Encapsulation
eclipse.pde.ui-R3_0,org.eclipse.pde.internal.ui.editor.feature,URLSection,Cyclic-Dependent Modularization
eclipse.pde.ui-R3_0,org.eclipse.pde.internal.ui.editor.feature,URLSection,Insufficient Modularization
eclipse.pde.ui-R3_0,org.eclipse.pde.internal.ui.editor.feature,URLFolder,Unutilized Abstraction
eclipse.pde.ui-R3_0,org.eclipse.pde.internal.ui.editor.feature,URLContentProvider,Unutilized Abstraction
eclipse.pde.ui-R3_0,org.eclipse.pde.internal.ui.editor.feature,URLLabelProvider,Unutilized Abstraction
eclipse.pde.ui-R3_0,org.eclipse.pde.internal.ui.editor.plugin,AlertSection,Unutilized Abstraction
eclipse.pde.ui-R3_0,org.eclipse.pde.internal.ui.editor.plugin,BodyTextSection,Deficient Encapsulation
eclipse.pde.ui-R3_0,org.eclipse.pde.internal.ui.editor.plugin,BodyTextSection,Cyclic-Dependent Modularization
eclipse.pde.ui-R3_0,org.eclipse.pde.internal.ui.editor.plugin,BundleInputContext,Deficient Encapsulation
eclipse.pde.ui-R3_0,org.eclipse.pde.internal.ui.editor.plugin,BundleSourcePage,Unutilized Abstraction
eclipse.pde.ui-R3_0,org.eclipse.pde.internal.ui.editor.plugin,BundleOutlineContentProvider,Unutilized Abstraction
eclipse.pde.ui-R3_0,org.eclipse.pde.internal.ui.editor.plugin,BundleLabelProvider,Unutilized Abstraction
eclipse.pde.ui-R3_0,org.eclipse.pde.internal.ui.editor.plugin,DependenciesPage,Deficient Encapsulation
eclipse.pde.ui-R3_0,org.eclipse.pde.internal.ui.editor.plugin,DependenciesPage,Cyclic-Dependent Modularization
eclipse.pde.ui-R3_0,org.eclipse.pde.internal.ui.editor.plugin,ExportSection,Deficient Encapsulation
eclipse.pde.ui-R3_0,org.eclipse.pde.internal.ui.editor.plugin,ExportSection,Insufficient Modularization
eclipse.pde.ui-R3_0,org.eclipse.pde.internal.ui.editor.plugin,TableContentProvider,Unutilized Abstraction
eclipse.pde.ui-R3_0,org.eclipse.pde.internal.ui.editor.plugin,TableLabelProvider,Unutilized Abstraction
eclipse.pde.ui-R3_0,org.eclipse.pde.internal.ui.editor.plugin,ExtensionDetails,Unutilized Abstraction
eclipse.pde.ui-R3_0,org.eclipse.pde.internal.ui.editor.plugin,ExtensionElementDetails,Unutilized Abstraction
eclipse.pde.ui-R3_0,org.eclipse.pde.internal.ui.editor.plugin,ExtensionPointDetails,Unutilized Abstraction
eclipse.pde.ui-R3_0,org.eclipse.pde.internal.ui.editor.plugin,ExtensionPointDetails,Insufficient Modularization
eclipse.pde.ui-R3_0,org.eclipse.pde.internal.ui.editor.plugin,ExtensionPointsPage,Deficient Encapsulation
eclipse.pde.ui-R3_0,org.eclipse.pde.internal.ui.editor.plugin,ExtensionPointsSection,Deficient Encapsulation
eclipse.pde.ui-R3_0,org.eclipse.pde.internal.ui.editor.plugin,TableContentProvider,Unutilized Abstraction
eclipse.pde.ui-R3_0,org.eclipse.pde.internal.ui.editor.plugin,ExtensionsPage,Deficient Encapsulation
eclipse.pde.ui-R3_0,org.eclipse.pde.internal.ui.editor.plugin,ExtensionsPage,Cyclic-Dependent Modularization
eclipse.pde.ui-R3_0,org.eclipse.pde.internal.ui.editor.plugin,ExtensionsSection,Deficient Encapsulation
eclipse.pde.ui-R3_0,org.eclipse.pde.internal.ui.editor.plugin,ExtensionsSection,Insufficient Modularization
eclipse.pde.ui-R3_0,org.eclipse.pde.internal.ui.editor.plugin,ExtensionContentProvider,Unutilized Abstraction
eclipse.pde.ui-R3_0,org.eclipse.pde.internal.ui.editor.plugin,ExtensionLabelProvider,Unutilized Abstraction
eclipse.pde.ui-R3_0,org.eclipse.pde.internal.ui.editor.plugin,GeneralInfoSection,Unutilized Abstraction
eclipse.pde.ui-R3_0,org.eclipse.pde.internal.ui.editor.plugin,GeneralInfoSection,Deficient Encapsulation
eclipse.pde.ui-R3_0,org.eclipse.pde.internal.ui.editor.plugin,GeneralInfoSection,Insufficient Modularization
eclipse.pde.ui-R3_0,org.eclipse.pde.internal.ui.editor.plugin,JarSelectionValidator,Unutilized Abstraction
eclipse.pde.ui-R3_0,org.eclipse.pde.internal.ui.editor.plugin,JavaAttributeValue,Unutilized Abstraction
eclipse.pde.ui-R3_0,org.eclipse.pde.internal.ui.editor.plugin,JavaAttributeValue,Broken Hierarchy
eclipse.pde.ui-R3_0,org.eclipse.pde.internal.ui.editor.plugin,InitialClassProperties,Unutilized Abstraction
eclipse.pde.ui-R3_0,org.eclipse.pde.internal.ui.editor.plugin,LibrarySection,Deficient Encapsulation
eclipse.pde.ui-R3_0,org.eclipse.pde.internal.ui.editor.plugin,LibrarySection,Insufficient Modularization
eclipse.pde.ui-R3_0,org.eclipse.pde.internal.ui.editor.plugin,RenameAction,Unutilized Abstraction
eclipse.pde.ui-R3_0,org.eclipse.pde.internal.ui.editor.plugin,LibraryFilter,Unutilized Abstraction
eclipse.pde.ui-R3_0,org.eclipse.pde.internal.ui.editor.plugin,LibrarySelectionValidator,Unutilized Abstraction
eclipse.pde.ui-R3_0,org.eclipse.pde.internal.ui.editor.plugin,TableContentProvider,Unutilized Abstraction
eclipse.pde.ui-R3_0,org.eclipse.pde.internal.ui.editor.plugin,ContentProvider,Unutilized Abstraction
eclipse.pde.ui-R3_0,org.eclipse.pde.internal.ui.editor.plugin,LoopLabelProvider,Unutilized Abstraction
eclipse.pde.ui-R3_0,org.eclipse.pde.internal.ui.editor.plugin,ManifestEditor,Cyclic-Dependent Modularization
eclipse.pde.ui-R3_0,org.eclipse.pde.internal.ui.editor.plugin,ManifestEditorContributor,Unutilized Abstraction
eclipse.pde.ui-R3_0,org.eclipse.pde.internal.ui.editor.plugin,ManifestOutlinePage,Unutilized Abstraction
eclipse.pde.ui-R3_0,org.eclipse.pde.internal.ui.editor.plugin,ManifestSourcePage,Unutilized Abstraction
eclipse.pde.ui-R3_0,org.eclipse.pde.internal.ui.editor.plugin,OutlineLabelProvider,Unutilized Abstraction
eclipse.pde.ui-R3_0,org.eclipse.pde.internal.ui.editor.plugin,ContentProvider,Unutilized Abstraction
eclipse.pde.ui-R3_0,org.eclipse.pde.internal.ui.editor.plugin,MatchSection,Deficient Encapsulation
eclipse.pde.ui-R3_0,org.eclipse.pde.internal.ui.editor.plugin,NewElementAction,Unutilized Abstraction
eclipse.pde.ui-R3_0,org.eclipse.pde.internal.ui.editor.plugin,NewElementAction,Deficient Encapsulation
eclipse.pde.ui-R3_0,org.eclipse.pde.internal.ui.editor.plugin,DuplicateStatusValidator,Unutilized Abstraction
eclipse.pde.ui-R3_0,org.eclipse.pde.internal.ui.editor.plugin,OverviewPage,Deficient Encapsulation
eclipse.pde.ui-R3_0,org.eclipse.pde.internal.ui.editor.plugin,OverviewPage,Cyclic-Dependent Modularization
eclipse.pde.ui-R3_0,org.eclipse.pde.internal.ui.editor.plugin,PackageSelectionDialog,Deficient Encapsulation
eclipse.pde.ui-R3_0,org.eclipse.pde.internal.ui.editor.plugin,PluginActivationSection,Insufficient Modularization
eclipse.pde.ui-R3_0,org.eclipse.pde.internal.ui.editor.plugin,TableContentProvider,Unutilized Abstraction
eclipse.pde.ui-R3_0,org.eclipse.pde.internal.ui.editor.plugin,TableLabelProvider,Unutilized Abstraction
eclipse.pde.ui-R3_0,org.eclipse.pde.internal.ui.editor.plugin,PluginInputContext,Deficient Encapsulation
eclipse.pde.ui-R3_0,org.eclipse.pde.internal.ui.editor.plugin,PluginUndoManager,Unutilized Abstraction
eclipse.pde.ui-R3_0,org.eclipse.pde.internal.ui.editor.plugin,RequiresSection,Cyclic-Dependent Modularization
eclipse.pde.ui-R3_0,org.eclipse.pde.internal.ui.editor.plugin,RequiresSection,Insufficient Modularization
eclipse.pde.ui-R3_0,org.eclipse.pde.internal.ui.editor.plugin,ImportContentProvider,Unutilized Abstraction
eclipse.pde.ui-R3_0,org.eclipse.pde.internal.ui.editor.plugin,ResourceAttributeValue,Unutilized Abstraction
eclipse.pde.ui-R3_0,org.eclipse.pde.internal.ui.editor.plugin,RuntimePage,Deficient Encapsulation
eclipse.pde.ui-R3_0,org.eclipse.pde.internal.ui.editor.plugin.rows,BooleanAttributeRow,Unutilized Abstraction
eclipse.pde.ui-R3_0,org.eclipse.pde.internal.ui.editor.plugin.rows,ChoiceAttributeRow,Unutilized Abstraction
eclipse.pde.ui-R3_0,org.eclipse.pde.internal.ui.editor.plugin.rows,ClassAttributeRow,Unutilized Abstraction
eclipse.pde.ui-R3_0,org.eclipse.pde.internal.ui.editor.plugin.rows,ClassAttributeRow,Broken Hierarchy
eclipse.pde.ui-R3_0,org.eclipse.pde.internal.ui.editor.plugin.rows,ExtensionAttributeRow,Unutilized Abstraction
eclipse.pde.ui-R3_0,org.eclipse.pde.internal.ui.editor.plugin.rows,ReferenceAttributeRow,Unutilized Abstraction
eclipse.pde.ui-R3_0,org.eclipse.pde.internal.ui.editor.plugin.rows,ResourceAttributeRow,Unutilized Abstraction
eclipse.pde.ui-R3_0,org.eclipse.pde.internal.ui.editor.plugin.rows,ResourceAttributeRow,Broken Hierarchy
eclipse.pde.ui-R3_0,org.eclipse.pde.internal.ui.editor.plugin.rows,TextAttributeRow,Unutilized Abstraction
eclipse.pde.ui-R3_0,org.eclipse.pde.internal.ui.editor.schema,AttributePropertySource,Unutilized Abstraction
eclipse.pde.ui-R3_0,org.eclipse.pde.internal.ui.editor.schema,AttributePropertySource,Deficient Encapsulation
eclipse.pde.ui-R3_0,org.eclipse.pde.internal.ui.editor.schema,AttributePropertySource,Broken Hierarchy
eclipse.pde.ui-R3_0,org.eclipse.pde.internal.ui.editor.schema,ValueValidator,Unutilized Abstraction
eclipse.pde.ui-R3_0,org.eclipse.pde.internal.ui.editor.schema,CompositorPropertySource,Unutilized Abstraction
eclipse.pde.ui-R3_0,org.eclipse.pde.internal.ui.editor.schema,CompositorPropertySource,Deficient Encapsulation
eclipse.pde.ui-R3_0,org.eclipse.pde.internal.ui.editor.schema,DescriptionSection,Deficient Encapsulation
eclipse.pde.ui-R3_0,org.eclipse.pde.internal.ui.editor.schema,DocSection,Deficient Encapsulation
eclipse.pde.ui-R3_0,org.eclipse.pde.internal.ui.editor.schema,ElementPropertySource,Unutilized Abstraction
eclipse.pde.ui-R3_0,org.eclipse.pde.internal.ui.editor.schema,ElementPropertySource,Deficient Encapsulation
eclipse.pde.ui-R3_0,org.eclipse.pde.internal.ui.editor.schema,ElementPropertySource,Broken Hierarchy
eclipse.pde.ui-R3_0,org.eclipse.pde.internal.ui.editor.schema,LabelAttributeValidator,Unutilized Abstraction
eclipse.pde.ui-R3_0,org.eclipse.pde.internal.ui.editor.schema,ElementSection,Deficient Encapsulation
eclipse.pde.ui-R3_0,org.eclipse.pde.internal.ui.editor.schema,ElementSection,Insufficient Modularization
eclipse.pde.ui-R3_0,org.eclipse.pde.internal.ui.editor.schema,ContentProvider,Unutilized Abstraction
eclipse.pde.ui-R3_0,org.eclipse.pde.internal.ui.editor.schema,ElementSectionDropAdapter,Unutilized Abstraction
eclipse.pde.ui-R3_0,org.eclipse.pde.internal.ui.editor.schema,EnumerationRestrictionPage,Unutilized Abstraction
eclipse.pde.ui-R3_0,org.eclipse.pde.internal.ui.editor.schema,EnumerationRestrictionPage,Deficient Encapsulation
eclipse.pde.ui-R3_0,org.eclipse.pde.internal.ui.editor.schema,GrammarPropertySource,Unutilized Abstraction
eclipse.pde.ui-R3_0,org.eclipse.pde.internal.ui.editor.schema,GrammarPropertySource,Deficient Encapsulation
eclipse.pde.ui-R3_0,org.eclipse.pde.internal.ui.editor.schema,GrammarPropertySource,Broken Hierarchy
eclipse.pde.ui-R3_0,org.eclipse.pde.internal.ui.editor.schema,MinValidator,Unutilized Abstraction
eclipse.pde.ui-R3_0,org.eclipse.pde.internal.ui.editor.schema,MaxValidator,Unutilized Abstraction
eclipse.pde.ui-R3_0,org.eclipse.pde.internal.ui.editor.schema,GrammarSection,Deficient Encapsulation
eclipse.pde.ui-R3_0,org.eclipse.pde.internal.ui.editor.schema,GrammarContentProvider,Unutilized Abstraction
eclipse.pde.ui-R3_0,org.eclipse.pde.internal.ui.editor.schema,GrammarLabelProvider,Unutilized Abstraction
eclipse.pde.ui-R3_0,org.eclipse.pde.internal.ui.editor.schema,ICloneablePropertySource,Unutilized Abstraction
eclipse.pde.ui-R3_0,org.eclipse.pde.internal.ui.editor.schema,NewAttributeAction,Deficient Encapsulation
eclipse.pde.ui-R3_0,org.eclipse.pde.internal.ui.editor.schema,NewCompositorAction,Unutilized Abstraction
eclipse.pde.ui-R3_0,org.eclipse.pde.internal.ui.editor.schema,NewCompositorAction,Deficient Encapsulation
eclipse.pde.ui-R3_0,org.eclipse.pde.internal.ui.editor.schema,NewElementAction,Deficient Encapsulation
eclipse.pde.ui-R3_0,org.eclipse.pde.internal.ui.editor.schema,NewReferenceAction,Unutilized Abstraction
eclipse.pde.ui-R3_0,org.eclipse.pde.internal.ui.editor.schema,NoRestrictionPage,Unutilized Abstraction
eclipse.pde.ui-R3_0,org.eclipse.pde.internal.ui.editor.schema,ReferencePropertySource,Unutilized Abstraction
eclipse.pde.ui-R3_0,org.eclipse.pde.internal.ui.editor.schema,ReferencePropertySource,Broken Hierarchy
eclipse.pde.ui-R3_0,org.eclipse.pde.internal.ui.editor.schema,SchemaContentProvider,Unutilized Abstraction
eclipse.pde.ui-R3_0,org.eclipse.pde.internal.ui.editor.schema,SchemaDocPage,Deficient Encapsulation
eclipse.pde.ui-R3_0,org.eclipse.pde.internal.ui.editor.schema,SchemaDoubleClickStrategy,Unutilized Abstraction
eclipse.pde.ui-R3_0,org.eclipse.pde.internal.ui.editor.schema,PreviewAction,Unutilized Abstraction
eclipse.pde.ui-R3_0,org.eclipse.pde.internal.ui.editor.schema,SchemaFormOutlinePage,Unutilized Abstraction
eclipse.pde.ui-R3_0,org.eclipse.pde.internal.ui.editor.schema,SchemaFormOutlinePage,Missing Hierarchy
eclipse.pde.ui-R3_0,org.eclipse.pde.internal.ui.editor.schema,OutlineLabelProvider,Unutilized Abstraction
eclipse.pde.ui-R3_0,org.eclipse.pde.internal.ui.editor.schema,SchemaFormPage,Deficient Encapsulation
eclipse.pde.ui-R3_0,org.eclipse.pde.internal.ui.editor.schema,SchemaFormPage,Cyclic-Dependent Modularization
eclipse.pde.ui-R3_0,org.eclipse.pde.internal.ui.editor.schema,SchemaInputContext,Deficient Encapsulation
eclipse.pde.ui-R3_0,org.eclipse.pde.internal.ui.editor.schema,SchemaObjectPropertySource,Unutilized Abstraction
eclipse.pde.ui-R3_0,org.eclipse.pde.internal.ui.editor.schema,ComboProvider,Unutilized Abstraction
eclipse.pde.ui-R3_0,org.eclipse.pde.internal.ui.editor.schema,SchemaPropertySheet,Deficient Encapsulation
eclipse.pde.ui-R3_0,org.eclipse.pde.internal.ui.editor.schema,SchemaSourcePage,Unutilized Abstraction
eclipse.pde.ui-R3_0,org.eclipse.pde.internal.ui.editor.schema,SchemaSpecSection,Deficient Encapsulation
eclipse.pde.ui-R3_0,org.eclipse.pde.internal.ui.editor.schema,SchemaSpecSection,Cyclic-Dependent Modularization
eclipse.pde.ui-R3_0,org.eclipse.pde.internal.ui.editor.schema,TypeRestrictionCellEditor,Unutilized Abstraction
eclipse.pde.ui-R3_0,org.eclipse.pde.internal.ui.editor.schema,TypeRestrictionDialog,Deficient Encapsulation
eclipse.pde.ui-R3_0,org.eclipse.pde.internal.ui.editor.site,ArchivePage,Unutilized Abstraction
eclipse.pde.ui-R3_0,org.eclipse.pde.internal.ui.editor.site,ArchivePage,Deficient Encapsulation
eclipse.pde.ui-R3_0,org.eclipse.pde.internal.ui.editor.site,FolderProvider,Unutilized Abstraction
eclipse.pde.ui-R3_0,org.eclipse.pde.internal.ui.editor.site,ContentProvider,Unutilized Abstraction
eclipse.pde.ui-R3_0,org.eclipse.pde.internal.ui.editor.site,ArchiveLabelProvider,Unutilized Abstraction
eclipse.pde.ui-R3_0,org.eclipse.pde.internal.ui.editor.site,BaseNewDialog,Unutilized Abstraction
eclipse.pde.ui-R3_0,org.eclipse.pde.internal.ui.editor.site,PluginContentProvider,Unutilized Abstraction
eclipse.pde.ui-R3_0,org.eclipse.pde.internal.ui.editor.site,CategorySection,Insufficient Modularization
eclipse.pde.ui-R3_0,org.eclipse.pde.internal.ui.editor.site,CategoryContentProvider,Unutilized Abstraction
eclipse.pde.ui-R3_0,org.eclipse.pde.internal.ui.editor.site,CategoryLabelProvider,Unutilized Abstraction
eclipse.pde.ui-R3_0,org.eclipse.pde.internal.ui.editor.site,FeaturePropertiesDialog,Unutilized Abstraction
eclipse.pde.ui-R3_0,org.eclipse.pde.internal.ui.editor.site,FeaturePropertiesDialog,Broken Hierarchy
eclipse.pde.ui-R3_0,org.eclipse.pde.internal.ui.editor.site,FeatureSection,Insufficient Modularization
eclipse.pde.ui-R3_0,org.eclipse.pde.internal.ui.editor.site,FeatureContentProvider,Unutilized Abstraction
eclipse.pde.ui-R3_0,org.eclipse.pde.internal.ui.editor.site,FeaturesPage,Deficient Encapsulation
eclipse.pde.ui-R3_0,org.eclipse.pde.internal.ui.editor.site,NewArchiveDialog,Unutilized Abstraction
eclipse.pde.ui-R3_0,org.eclipse.pde.internal.ui.editor.site,NewArchiveDialog,Broken Hierarchy
eclipse.pde.ui-R3_0,org.eclipse.pde.internal.ui.editor.site,NewCategoryDefinitionDialog,Unutilized Abstraction
eclipse.pde.ui-R3_0,org.eclipse.pde.internal.ui.editor.site,NewCategoryDefinitionDialog,Broken Hierarchy
eclipse.pde.ui-R3_0,org.eclipse.pde.internal.ui.editor.site,SiteEditorContributor,Unutilized Abstraction
eclipse.pde.ui-R3_0,org.eclipse.pde.internal.ui.editor.site,SiteInputContext,Deficient Encapsulation
eclipse.pde.ui-R3_0,org.eclipse.pde.internal.ui.editor.site,SiteSourcePage,Unutilized Abstraction
eclipse.pde.ui-R3_0,org.eclipse.pde.internal.ui.editor.site,SiteUndoManager,Unutilized Abstraction
eclipse.pde.ui-R3_0,org.eclipse.pde.internal.ui.editor.text,ColorManager,Broken Hierarchy
eclipse.pde.ui-R3_0,org.eclipse.pde.internal.ui.editor.text,ColorManager,Cyclic-Dependent Modularization
eclipse.pde.ui-R3_0,org.eclipse.pde.internal.ui.editor.text,IPDEColorConstants,Broken Modularization
eclipse.pde.ui-R3_0,org.eclipse.pde.internal.ui.editor.text,XMLCommentScanner,Unutilized Abstraction
eclipse.pde.ui-R3_0,org.eclipse.pde.internal.ui.editor.text,XMLPartitionScanner,Deficient Encapsulation
eclipse.pde.ui-R3_0,org.eclipse.pde.internal.ui.editor.text,XMLSourceViewerConfiguration,Unutilized Abstraction
eclipse.pde.ui-R3_0,org.eclipse.pde.internal.ui.editor.text,XMLTagRule,Unutilized Abstraction
eclipse.pde.ui-R3_0,org.eclipse.pde.internal.ui.editor.text,XMLWhitespaceDetector,Unutilized Abstraction
eclipse.pde.ui-R3_0,org.eclipse.pde.internal.ui.elements,DefaultContentProvider,Unutilized Abstraction
eclipse.pde.ui-R3_0,org.eclipse.pde.internal.ui.elements,DefaultElement,Unutilized Abstraction
eclipse.pde.ui-R3_0,org.eclipse.pde.internal.ui.elements,DefaultTableProvider,Unnecessary Abstraction
eclipse.pde.ui-R3_0,org.eclipse.pde.internal.ui.elements,DefaultTableProvider,Unutilized Abstraction
eclipse.pde.ui-R3_0,org.eclipse.pde.internal.ui.elements,ElementLabelProvider,Deficient Encapsulation
eclipse.pde.ui-R3_0,org.eclipse.pde.internal.ui.elements,ElementList,Unutilized Abstraction
eclipse.pde.ui-R3_0,org.eclipse.pde.internal.ui.elements,ListContentProvider,Unutilized Abstraction
eclipse.pde.ui-R3_0,org.eclipse.pde.internal.ui.elements,ListContentProvider,Broken Hierarchy
eclipse.pde.ui-R3_0,org.eclipse.pde.internal.ui.elements,NamedElement,Unutilized Abstraction
eclipse.pde.ui-R3_0,org.eclipse.pde.internal.ui.elements,TreeContentProvider,Unutilized Abstraction
eclipse.pde.ui-R3_0,org.eclipse.pde.internal.ui.launcher,AdvancedLauncherTab,Unutilized Abstraction
eclipse.pde.ui-R3_0,org.eclipse.pde.internal.ui.launcher,AdvancedLauncherTab,Broken Hierarchy
eclipse.pde.ui-R3_0,org.eclipse.pde.internal.ui.launcher,AdvancedLauncherTab,Insufficient Modularization
eclipse.pde.ui-R3_0,org.eclipse.pde.internal.ui.launcher,PluginContentProvider,Unutilized Abstraction
eclipse.pde.ui-R3_0,org.eclipse.pde.internal.ui.launcher,BasicLauncherTab,Unutilized Abstraction
eclipse.pde.ui-R3_0,org.eclipse.pde.internal.ui.launcher,BasicLauncherTab,Broken Hierarchy
eclipse.pde.ui-R3_0,org.eclipse.pde.internal.ui.launcher,BasicLauncherTab,Insufficient Modularization
eclipse.pde.ui-R3_0,org.eclipse.pde.internal.ui.launcher,ConfigurationTab,Unutilized Abstraction
eclipse.pde.ui-R3_0,org.eclipse.pde.internal.ui.launcher,ConfigurationTab,Deficient Encapsulation
eclipse.pde.ui-R3_0,org.eclipse.pde.internal.ui.launcher,ConfigurationTab,Broken Hierarchy
eclipse.pde.ui-R3_0,org.eclipse.pde.internal.ui.launcher,ConfigurationTab,Insufficient Modularization
eclipse.pde.ui-R3_0,org.eclipse.pde.internal.ui.launcher,SelectionDialog,Unutilized Abstraction
eclipse.pde.ui-R3_0,org.eclipse.pde.internal.ui.launcher,Entry,Unutilized Abstraction
eclipse.pde.ui-R3_0,org.eclipse.pde.internal.ui.launcher,Entry,Deficient Encapsulation
eclipse.pde.ui-R3_0,org.eclipse.pde.internal.ui.launcher,ContentProvider,Unutilized Abstraction
eclipse.pde.ui-R3_0,org.eclipse.pde.internal.ui.launcher,ConfigurationLabelProvider,Unutilized Abstraction
eclipse.pde.ui-R3_0,org.eclipse.pde.internal.ui.launcher,ILauncherSettings,Broken Modularization
eclipse.pde.ui-R3_0,org.eclipse.pde.internal.ui.launcher,InstalledJREsPreferenceNode,Unutilized Abstraction
eclipse.pde.ui-R3_0,org.eclipse.pde.internal.ui.launcher,JUnitArgumentsTab,Unutilized Abstraction
eclipse.pde.ui-R3_0,org.eclipse.pde.internal.ui.launcher,JUnitLaunchConfiguration,Deficient Encapsulation
eclipse.pde.ui-R3_0,org.eclipse.pde.internal.ui.launcher,JUnitLaunchConfiguration,Broken Hierarchy
eclipse.pde.ui-R3_0,org.eclipse.pde.internal.ui.launcher,JUnitTabGroup,Unutilized Abstraction
eclipse.pde.ui-R3_0,org.eclipse.pde.internal.ui.launcher,JUnitWorkbenchShortcut,Unutilized Abstraction
eclipse.pde.ui-R3_0,org.eclipse.pde.internal.ui.launcher,LaunchListener,Deficient Encapsulation
eclipse.pde.ui-R3_0,org.eclipse.pde.internal.ui.launcher,LaunchListener,Cyclic-Dependent Modularization
eclipse.pde.ui-R3_0,org.eclipse.pde.internal.ui.launcher,LauncherUtils,Insufficient Modularization
eclipse.pde.ui-R3_0,org.eclipse.pde.internal.ui.launcher,OpenLogDialog,Cyclic-Dependent Modularization
eclipse.pde.ui-R3_0,org.eclipse.pde.internal.ui.launcher,RunWorkbenchAction,Unutilized Abstraction
eclipse.pde.ui-R3_0,org.eclipse.pde.internal.ui.launcher,TracingLauncherTab,Broken Hierarchy
eclipse.pde.ui-R3_0,org.eclipse.pde.internal.ui.launcher,TracingLauncherTab,Cyclic-Dependent Modularization
eclipse.pde.ui-R3_0,org.eclipse.pde.internal.ui.launcher,TracingPropertySource,Cyclic-Dependent Modularization
eclipse.pde.ui-R3_0,org.eclipse.pde.internal.ui.launcher,BooleanEditor,Unutilized Abstraction
eclipse.pde.ui-R3_0,org.eclipse.pde.internal.ui.launcher,TextEditor,Unutilized Abstraction
eclipse.pde.ui-R3_0,org.eclipse.pde.internal.ui.launcher,WorkbenchLaunchConfigurationDelegate,Unutilized Abstraction
eclipse.pde.ui-R3_0,org.eclipse.pde.internal.ui.launcher,WorkbenchLaunchConfigurationDelegate,Broken Hierarchy
eclipse.pde.ui-R3_0,org.eclipse.pde.internal.ui.launcher,WorkbenchLauncherTabGroup,Unutilized Abstraction
eclipse.pde.ui-R3_0,org.eclipse.pde.internal.ui.launcher,WorkbenchSourcePathProvider,Unutilized Abstraction
eclipse.pde.ui-R3_0,org.eclipse.pde.internal.ui.parts,CheckboxTablePart,Unutilized Abstraction
eclipse.pde.ui-R3_0,org.eclipse.pde.internal.ui.parts,CheckboxTablePart,Broken Hierarchy
eclipse.pde.ui-R3_0,org.eclipse.pde.internal.ui.parts,ComboPart,Unutilized Abstraction
eclipse.pde.ui-R3_0,org.eclipse.pde.internal.ui.parts,EditableTablePart,Broken Hierarchy
eclipse.pde.ui-R3_0,org.eclipse.pde.internal.ui.parts,RenameAction,Unutilized Abstraction
eclipse.pde.ui-R3_0,org.eclipse.pde.internal.ui.parts,NameModifier,Unutilized Abstraction
eclipse.pde.ui-R3_0,org.eclipse.pde.internal.ui.parts,FormEntry,Cyclic-Dependent Modularization
eclipse.pde.ui-R3_0,org.eclipse.pde.internal.ui.parts,IFormEntryListener,Cyclic-Dependent Modularization
eclipse.pde.ui-R3_0,org.eclipse.pde.internal.ui.parts,ILinkLabelProvider,Unutilized Abstraction
eclipse.pde.ui-R3_0,org.eclipse.pde.internal.ui.parts,ModifiedTextCellEditor,Unutilized Abstraction
eclipse.pde.ui-R3_0,org.eclipse.pde.internal.ui.parts,SharedPart,Unutilized Abstraction
eclipse.pde.ui-R3_0,org.eclipse.pde.internal.ui.parts,SharedPartWithButtons,Unutilized Abstraction
eclipse.pde.ui-R3_0,org.eclipse.pde.internal.ui.parts,StatusDialog,Unutilized Abstraction
eclipse.pde.ui-R3_0,org.eclipse.pde.internal.ui.parts,StructuredViewerPart,Unutilized Abstraction
eclipse.pde.ui-R3_0,org.eclipse.pde.internal.ui.parts,StructuredViewerPart,Broken Hierarchy
eclipse.pde.ui-R3_0,org.eclipse.pde.internal.ui.parts,TablePart,Unutilized Abstraction
eclipse.pde.ui-R3_0,org.eclipse.pde.internal.ui.parts,TablePart,Broken Hierarchy
eclipse.pde.ui-R3_0,org.eclipse.pde.internal.ui.parts,TreePart,Unutilized Abstraction
eclipse.pde.ui-R3_0,org.eclipse.pde.internal.ui.parts,TreePart,Broken Hierarchy
eclipse.pde.ui-R3_0,org.eclipse.pde.internal.ui.parts,WizardCheckboxTablePart,Deficient Encapsulation
eclipse.pde.ui-R3_0,org.eclipse.pde.internal.ui.parts,WizardCheckboxTablePart,Broken Hierarchy
eclipse.pde.ui-R3_0,org.eclipse.pde.internal.ui.preferences,BuildOptionsPreferenceNode,Unutilized Abstraction
eclipse.pde.ui-R3_0,org.eclipse.pde.internal.ui.preferences,CompilersPreferencePage,Unutilized Abstraction
eclipse.pde.ui-R3_0,org.eclipse.pde.internal.ui.preferences,ExternalPluginsBlock,Cyclic-Dependent Modularization
eclipse.pde.ui-R3_0,org.eclipse.pde.internal.ui.preferences,ReloadOperation,Unutilized Abstraction
eclipse.pde.ui-R3_0,org.eclipse.pde.internal.ui.preferences,PluginContentProvider,Unutilized Abstraction
eclipse.pde.ui-R3_0,org.eclipse.pde.internal.ui.preferences,TablePart,Unutilized Abstraction
eclipse.pde.ui-R3_0,org.eclipse.pde.internal.ui.preferences,SourceCodeLocationsPreferenceNode,Unutilized Abstraction
eclipse.pde.ui-R3_0,org.eclipse.pde.internal.ui.preferences,SourcePreferencePage,Deficient Encapsulation
eclipse.pde.ui-R3_0,org.eclipse.pde.internal.ui.preferences,SourceProvider,Unutilized Abstraction
eclipse.pde.ui-R3_0,org.eclipse.pde.internal.ui.preferences,SourceLabelProvider,Unutilized Abstraction
eclipse.pde.ui-R3_0,org.eclipse.pde.internal.ui.preferences,LocationPart,Unutilized Abstraction
eclipse.pde.ui-R3_0,org.eclipse.pde.internal.ui.preferences,TargetEnvironmentPreferenceNode,Unutilized Abstraction
eclipse.pde.ui-R3_0,org.eclipse.pde.internal.ui.preferences,TargetEnvironmentPreferencePage,Deficient Encapsulation
eclipse.pde.ui-R3_0,org.eclipse.pde.internal.ui.preferences,TargetPlatformPreferenceNode,Unutilized Abstraction
eclipse.pde.ui-R3_0,org.eclipse.pde.internal.ui.preferences,TargetPlatformPreferencePage,Cyclic-Dependent Modularization
eclipse.pde.ui-R3_0,org.eclipse.pde.internal.ui.properties,SelfHostingPropertyPage,Unutilized Abstraction
eclipse.pde.ui-R3_0,org.eclipse.pde.internal.ui.properties,ContentProvider,Unutilized Abstraction
eclipse.pde.ui-R3_0,org.eclipse.pde.internal.ui.properties,FolderLabelProvider,Unutilized Abstraction
eclipse.pde.ui-R3_0,org.eclipse.pde.internal.ui.search,DependencyExtentAction,Unutilized Abstraction
eclipse.pde.ui-R3_0,org.eclipse.pde.internal.ui.search,DependencyExtentLabelProvider,Unutilized Abstraction
eclipse.pde.ui-R3_0,org.eclipse.pde.internal.ui.search,DependencyExtentSearchOperation,Cyclic-Dependent Modularization
eclipse.pde.ui-R3_0,org.eclipse.pde.internal.ui.search,SearchResultCollector,Unutilized Abstraction
eclipse.pde.ui-R3_0,org.eclipse.pde.internal.ui.search,DependencyExtentSearchResultCollector,Cyclic-Dependent Modularization
eclipse.pde.ui-R3_0,org.eclipse.pde.internal.ui.search,GroupByKeyComputer,Unutilized Abstraction
eclipse.pde.ui-R3_0,org.eclipse.pde.internal.ui.search,SearchActionGroupFactory,Unutilized Abstraction
eclipse.pde.ui-R3_0,org.eclipse.pde.internal.ui.search,SearchActionGroup,Unutilized Abstraction
eclipse.pde.ui-R3_0,org.eclipse.pde.internal.ui.search,DependencyExtentViewerSorter,Unutilized Abstraction
eclipse.pde.ui-R3_0,org.eclipse.pde.internal.ui.search,FindDeclarationsAction,Unutilized Abstraction
eclipse.pde.ui-R3_0,org.eclipse.pde.internal.ui.search,FindPluginReferencesAction,Unutilized Abstraction
eclipse.pde.ui-R3_0,org.eclipse.pde.internal.ui.search,FindReferencesAction,Unutilized Abstraction
eclipse.pde.ui-R3_0,org.eclipse.pde.internal.ui.search,JavaSearchCollector,Unutilized Abstraction
eclipse.pde.ui-R3_0,org.eclipse.pde.internal.ui.search,SearchActionGroupFactory,Unutilized Abstraction
eclipse.pde.ui-R3_0,org.eclipse.pde.internal.ui.search,SearchActionGroup,Unnecessary Abstraction
eclipse.pde.ui-R3_0,org.eclipse.pde.internal.ui.search,SearchActionGroup,Unutilized Abstraction
eclipse.pde.ui-R3_0,org.eclipse.pde.internal.ui.search,GroupByKeyComputer,Unutilized Abstraction
eclipse.pde.ui-R3_0,org.eclipse.pde.internal.ui.search,PluginSearchActionGroupFactory,Unutilized Abstraction
eclipse.pde.ui-R3_0,org.eclipse.pde.internal.ui.search,PluginSearchLabelProvider,Unutilized Abstraction
eclipse.pde.ui-R3_0,org.eclipse.pde.internal.ui.search,PluginSearchPage,Unutilized Abstraction
eclipse.pde.ui-R3_0,org.eclipse.pde.internal.ui.search,PluginSearchPage,Deficient Encapsulation
eclipse.pde.ui-R3_0,org.eclipse.pde.internal.ui.search,QueryData,Unutilized Abstraction
eclipse.pde.ui-R3_0,org.eclipse.pde.internal.ui.search,QueryData,Deficient Encapsulation
eclipse.pde.ui-R3_0,org.eclipse.pde.internal.ui.search,PluginSearchResultCollector,Unutilized Abstraction
eclipse.pde.ui-R3_0,org.eclipse.pde.internal.ui.search,GroupByKeyComputer,Unutilized Abstraction
eclipse.pde.ui-R3_0,org.eclipse.pde.internal.ui.search,PreviewReferenceAction,Unutilized Abstraction
eclipse.pde.ui-R3_0,org.eclipse.pde.internal.ui.search,ReferencesInPluginAction,Unutilized Abstraction
eclipse.pde.ui-R3_0,org.eclipse.pde.internal.ui.search,SchemaMarkerResolutionGenerator,Unutilized Abstraction
eclipse.pde.ui-R3_0,org.eclipse.pde.internal.ui.search,SchemaMarkerResolution,Unutilized Abstraction
eclipse.pde.ui-R3_0,org.eclipse.pde.internal.ui.search,SearchGoToAction,Unutilized Abstraction
eclipse.pde.ui-R3_0,org.eclipse.pde.internal.ui.search,UnusedDependenciesAction,Unutilized Abstraction
eclipse.pde.ui-R3_0,org.eclipse.pde.internal.ui.search,SearchResultCollector,Unutilized Abstraction
eclipse.pde.ui-R3_0,org.eclipse.pde.internal.ui.search,ContentProvider,Unutilized Abstraction
eclipse.pde.ui-R3_0,org.eclipse.pde.internal.ui.util,AbstractOverlayIcon,Unutilized Abstraction
eclipse.pde.ui-R3_0,org.eclipse.pde.internal.ui.util,ChoicePropertyDescriptor,Unutilized Abstraction
eclipse.pde.ui-R3_0,org.eclipse.pde.internal.ui.util,ImageOverlayIcon,Unutilized Abstraction
eclipse.pde.ui-R3_0,org.eclipse.pde.internal.ui.util,ImageOverlayIcon,Broken Hierarchy
eclipse.pde.ui-R3_0,org.eclipse.pde.internal.ui.util,OverlayIcon,Unutilized Abstraction
eclipse.pde.ui-R3_0,org.eclipse.pde.internal.ui.util,OverlayIcon,Broken Hierarchy
eclipse.pde.ui-R3_0,org.eclipse.pde.internal.ui.util,SharedLabelProvider,Unutilized Abstraction
eclipse.pde.ui-R3_0,org.eclipse.pde.internal.ui.util,SharedLabelProvider,Deficient Encapsulation
eclipse.pde.ui-R3_0,org.eclipse.pde.internal.ui.view,DependenciesContentProvider,Unutilized Abstraction
eclipse.pde.ui-R3_0,org.eclipse.pde.internal.ui.view,DependenciesLabelProvider,Unutilized Abstraction
eclipse.pde.ui-R3_0,org.eclipse.pde.internal.ui.view,FocusOnSelectionAction,Unutilized Abstraction
eclipse.pde.ui-R3_0,org.eclipse.pde.internal.ui.view,PluginsContentProvider,Cyclic-Dependent Modularization
eclipse.pde.ui-R3_0,org.eclipse.pde.internal.ui.view,PluginsDragAdapter,Unutilized Abstraction
eclipse.pde.ui-R3_0,org.eclipse.pde.internal.ui.view,PluginsLabelProvider,Unutilized Abstraction
eclipse.pde.ui-R3_0,org.eclipse.pde.internal.ui.view,PluginsView,Cyclic-Dependent Modularization
eclipse.pde.ui-R3_0,org.eclipse.pde.internal.ui.view,PluginsView,Insufficient Modularization
eclipse.pde.ui-R3_0,org.eclipse.pde.internal.ui.view,DisabledFilter,Unutilized Abstraction
eclipse.pde.ui-R3_0,org.eclipse.pde.internal.ui.view,WorkspaceFilter,Unutilized Abstraction
eclipse.pde.ui-R3_0,org.eclipse.pde.internal.ui.view,JavaFilter,Unutilized Abstraction
eclipse.pde.ui-R3_0,org.eclipse.pde.internal.ui.wizards,Category,Unutilized Abstraction
eclipse.pde.ui-R3_0,org.eclipse.pde.internal.ui.wizards,Category,Deficient Encapsulation
eclipse.pde.ui-R3_0,org.eclipse.pde.internal.ui.wizards,FolderSelectionDialog,Unutilized Abstraction
eclipse.pde.ui-R3_0,org.eclipse.pde.internal.ui.wizards,IDefaultValueConsumer,Unutilized Abstraction
eclipse.pde.ui-R3_0,org.eclipse.pde.internal.ui.wizards,IProjectProvider,Unutilized Abstraction
eclipse.pde.ui-R3_0,org.eclipse.pde.internal.ui.wizards,ListUtil,Deficient Encapsulation
eclipse.pde.ui-R3_0,org.eclipse.pde.internal.ui.wizards,NameSorter,Unutilized Abstraction
eclipse.pde.ui-R3_0,org.eclipse.pde.internal.ui.wizards,FeatureSorter,Unutilized Abstraction
eclipse.pde.ui-R3_0,org.eclipse.pde.internal.ui.wizards,FeatureSorter,Broken Hierarchy
eclipse.pde.ui-R3_0,org.eclipse.pde.internal.ui.wizards,PluginSorter,Unutilized Abstraction
eclipse.pde.ui-R3_0,org.eclipse.pde.internal.ui.wizards,PluginSorter,Broken Hierarchy
eclipse.pde.ui-R3_0,org.eclipse.pde.internal.ui.wizards,TableLabelProvider,Unutilized Abstraction
eclipse.pde.ui-R3_0,org.eclipse.pde.internal.ui.wizards,NewWizard,Unutilized Abstraction
eclipse.pde.ui-R3_0,org.eclipse.pde.internal.ui.wizards,RequiredPluginsContainerPage,Unutilized Abstraction
eclipse.pde.ui-R3_0,org.eclipse.pde.internal.ui.wizards,EntryContentProvider,Unutilized Abstraction
eclipse.pde.ui-R3_0,org.eclipse.pde.internal.ui.wizards,EntrySorter,Unutilized Abstraction
eclipse.pde.ui-R3_0,org.eclipse.pde.internal.ui.wizards,EntryLabelProvider,Unutilized Abstraction
eclipse.pde.ui-R3_0,org.eclipse.pde.internal.ui.wizards,ResizableWizardDialog,Unutilized Abstraction
eclipse.pde.ui-R3_0,org.eclipse.pde.internal.ui.wizards,WizardCollectionElement,Deficient Encapsulation
eclipse.pde.ui-R3_0,org.eclipse.pde.internal.ui.wizards,WizardCollectionSorter,Unutilized Abstraction
eclipse.pde.ui-R3_0,org.eclipse.pde.internal.ui.wizards,WizardElement,Deficient Encapsulation
eclipse.pde.ui-R3_0,org.eclipse.pde.internal.ui.wizards,WizardListSelectionPage,Unutilized Abstraction
eclipse.pde.ui-R3_0,org.eclipse.pde.internal.ui.wizards,WizardListSelectionPage,Broken Hierarchy
eclipse.pde.ui-R3_0,org.eclipse.pde.internal.ui.wizards,WizardNode,Unutilized Abstraction
eclipse.pde.ui-R3_0,org.eclipse.pde.internal.ui.wizards,WizardNode,Deficient Encapsulation
eclipse.pde.ui-R3_0,org.eclipse.pde.internal.ui.wizards,WizardTreeSelectionPage,Unutilized Abstraction
eclipse.pde.ui-R3_0,org.eclipse.pde.internal.ui.wizards,WizardTreeSelectionPage,Broken Hierarchy
eclipse.pde.ui-R3_0,org.eclipse.pde.internal.ui.wizards.exports,BaseExportWizard,Unutilized Abstraction
eclipse.pde.ui-R3_0,org.eclipse.pde.internal.ui.wizards.exports,BaseExportWizardPage,Insufficient Modularization
eclipse.pde.ui-R3_0,org.eclipse.pde.internal.ui.wizards.exports,ExportListProvider,Unutilized Abstraction
eclipse.pde.ui-R3_0,org.eclipse.pde.internal.ui.wizards.exports,FeatureExportJob,Deficient Encapsulation
eclipse.pde.ui-R3_0,org.eclipse.pde.internal.ui.wizards.exports,FeatureExportJob,Insufficient Modularization
eclipse.pde.ui-R3_0,org.eclipse.pde.internal.ui.wizards.exports,SchedulingRule,Unutilized Abstraction
eclipse.pde.ui-R3_0,org.eclipse.pde.internal.ui.wizards.exports,FeatureExportWizard,Unutilized Abstraction
eclipse.pde.ui-R3_0,org.eclipse.pde.internal.ui.wizards.exports,FeatureExportWizardPage,Unutilized Abstraction
eclipse.pde.ui-R3_0,org.eclipse.pde.internal.ui.wizards.exports,PluginExportJob,Broken Hierarchy
eclipse.pde.ui-R3_0,org.eclipse.pde.internal.ui.wizards.exports,PluginExportWizard,Unutilized Abstraction
eclipse.pde.ui-R3_0,org.eclipse.pde.internal.ui.wizards.exports,PluginExportWizardPage,Unutilized Abstraction
eclipse.pde.ui-R3_0,org.eclipse.pde.internal.ui.wizards.extension,BaseExtensionPointMainPage,Unutilized Abstraction
eclipse.pde.ui-R3_0,org.eclipse.pde.internal.ui.wizards.extension,BaseExtensionPointMainPage,Deficient Encapsulation
eclipse.pde.ui-R3_0,org.eclipse.pde.internal.ui.wizards.extension,ExtensionEditorWizard,Unutilized Abstraction
eclipse.pde.ui-R3_0,org.eclipse.pde.internal.ui.wizards.extension,ExtensionEditorWizard,Deficient Encapsulation
eclipse.pde.ui-R3_0,org.eclipse.pde.internal.ui.wizards.extension,NewExtensionPointMainPage,Unutilized Abstraction
eclipse.pde.ui-R3_0,org.eclipse.pde.internal.ui.wizards.extension,NewExtensionPointMainPage,Deficient Encapsulation
eclipse.pde.ui-R3_0,org.eclipse.pde.internal.ui.wizards.extension,NewExtensionPointWizard,Unutilized Abstraction
eclipse.pde.ui-R3_0,org.eclipse.pde.internal.ui.wizards.extension,NewExtensionRegistryReader,Deficient Encapsulation
eclipse.pde.ui-R3_0,org.eclipse.pde.internal.ui.wizards.extension,NewExtensionTemplateWizard,Unutilized Abstraction
eclipse.pde.ui-R3_0,org.eclipse.pde.internal.ui.wizards.extension,NewExtensionWizard,Deficient Encapsulation
eclipse.pde.ui-R3_0,org.eclipse.pde.internal.ui.wizards.extension,NewExtensionWizard,Cyclic-Dependent Modularization
eclipse.pde.ui-R3_0,org.eclipse.pde.internal.ui.wizards.extension,NewSchemaFileMainPage,Unutilized Abstraction
eclipse.pde.ui-R3_0,org.eclipse.pde.internal.ui.wizards.extension,NewSchemaFileMainPage,Deficient Encapsulation
eclipse.pde.ui-R3_0,org.eclipse.pde.internal.ui.wizards.extension,NewSchemaFileWizard,Unutilized Abstraction
eclipse.pde.ui-R3_0,org.eclipse.pde.internal.ui.wizards.extension,NewSchemaFileWizard,Deficient Encapsulation
eclipse.pde.ui-R3_0,org.eclipse.pde.internal.ui.wizards.extension,PointSelectionPage,Cyclic-Dependent Modularization
eclipse.pde.ui-R3_0,org.eclipse.pde.internal.ui.wizards.extension,PointSelectionPage,Insufficient Modularization
eclipse.pde.ui-R3_0,org.eclipse.pde.internal.ui.wizards.extension,PointFilter,Unutilized Abstraction
eclipse.pde.ui-R3_0,org.eclipse.pde.internal.ui.wizards.extension,TemplateContentProvider,Unutilized Abstraction
eclipse.pde.ui-R3_0,org.eclipse.pde.internal.ui.wizards.extension,PointContentProvider,Unutilized Abstraction
eclipse.pde.ui-R3_0,org.eclipse.pde.internal.ui.wizards.extension,PointLabelProvider,Unutilized Abstraction
eclipse.pde.ui-R3_0,org.eclipse.pde.internal.ui.wizards.feature,BaseFeatureSpecPage,Unutilized Abstraction
eclipse.pde.ui-R3_0,org.eclipse.pde.internal.ui.wizards.feature,BaseFeatureSpecPage,Deficient Encapsulation
eclipse.pde.ui-R3_0,org.eclipse.pde.internal.ui.wizards.feature,BasePluginListPage,Unutilized Abstraction
eclipse.pde.ui-R3_0,org.eclipse.pde.internal.ui.wizards.feature,FeatureSpecPage,Unutilized Abstraction
eclipse.pde.ui-R3_0,org.eclipse.pde.internal.ui.wizards.feature,FeatureSpecPage,Deficient Encapsulation
eclipse.pde.ui-R3_0,org.eclipse.pde.internal.ui.wizards.feature,FeatureSpecPage,Broken Hierarchy
eclipse.pde.ui-R3_0,org.eclipse.pde.internal.ui.wizards.feature,NewFeaturePatchWizard,Deficient Encapsulation
eclipse.pde.ui-R3_0,org.eclipse.pde.internal.ui.wizards.feature,NewFeatureProjectWizard,Deficient Encapsulation
eclipse.pde.ui-R3_0,org.eclipse.pde.internal.ui.wizards.feature,FeatureProjectProvider,Unutilized Abstraction
eclipse.pde.ui-R3_0,org.eclipse.pde.internal.ui.wizards.feature,OpenProjectWizardAction,Unutilized Abstraction
eclipse.pde.ui-R3_0,org.eclipse.pde.internal.ui.wizards.feature,PatchPluginListPage,Unutilized Abstraction
eclipse.pde.ui-R3_0,org.eclipse.pde.internal.ui.wizards.feature,PatchPluginListPage,Deficient Encapsulation
eclipse.pde.ui-R3_0,org.eclipse.pde.internal.ui.wizards.feature,PluginContentProvider,Unutilized Abstraction
eclipse.pde.ui-R3_0,org.eclipse.pde.internal.ui.wizards.feature,PatchSpecPage,Unutilized Abstraction
eclipse.pde.ui-R3_0,org.eclipse.pde.internal.ui.wizards.feature,PatchSpecPage,Broken Hierarchy
eclipse.pde.ui-R3_0,org.eclipse.pde.internal.ui.wizards.feature,PluginListPage,Unutilized Abstraction
eclipse.pde.ui-R3_0,org.eclipse.pde.internal.ui.wizards.feature,PluginListPage,Deficient Encapsulation
eclipse.pde.ui-R3_0,org.eclipse.pde.internal.ui.wizards.feature,PluginContentProvider,Unutilized Abstraction
eclipse.pde.ui-R3_0,org.eclipse.pde.internal.ui.wizards.imports,ContentProvider,Unutilized Abstraction
eclipse.pde.ui-R3_0,org.eclipse.pde.internal.ui.wizards.imports,BinaryProjectFilter,Unutilized Abstraction
eclipse.pde.ui-R3_0,org.eclipse.pde.internal.ui.wizards.imports,FeatureImportOperation,Deficient Encapsulation
eclipse.pde.ui-R3_0,org.eclipse.pde.internal.ui.wizards.imports,IReplaceQuery,Deficient Encapsulation
eclipse.pde.ui-R3_0,org.eclipse.pde.internal.ui.wizards.imports,ReplaceQuery,Unutilized Abstraction
eclipse.pde.ui-R3_0,org.eclipse.pde.internal.ui.wizards.imports,ContentProvider,Unutilized Abstraction
eclipse.pde.ui-R3_0,org.eclipse.pde.internal.ui.wizards.imports,PluginImportOperation,Deficient Encapsulation
eclipse.pde.ui-R3_0,org.eclipse.pde.internal.ui.wizards.imports,PluginImportOperation,Insufficient Modularization
eclipse.pde.ui-R3_0,org.eclipse.pde.internal.ui.wizards.imports,IReplaceQuery,Unutilized Abstraction
eclipse.pde.ui-R3_0,org.eclipse.pde.internal.ui.wizards.imports,IReplaceQuery,Deficient Encapsulation
eclipse.pde.ui-R3_0,org.eclipse.pde.internal.ui.wizards.imports,ReplaceDialog,Unutilized Abstraction
eclipse.pde.ui-R3_0,org.eclipse.pde.internal.ui.wizards.imports,ReplaceQuery,Unutilized Abstraction
eclipse.pde.ui-R3_0,org.eclipse.pde.internal.ui.wizards.imports,PluginImportWizardDetailedPage,Unutilized Abstraction
eclipse.pde.ui-R3_0,org.eclipse.pde.internal.ui.wizards.imports,PluginImportWizardDetailedPage,Insufficient Modularization
eclipse.pde.ui-R3_0,org.eclipse.pde.internal.ui.wizards.imports,ContentProvider,Unutilized Abstraction
eclipse.pde.ui-R3_0,org.eclipse.pde.internal.ui.wizards.imports,PluginImportWizardExpressPage,Unutilized Abstraction
eclipse.pde.ui-R3_0,org.eclipse.pde.internal.ui.wizards.imports,PluginContentProvider,Unutilized Abstraction
eclipse.pde.ui-R3_0,org.eclipse.pde.internal.ui.wizards.imports,TablePart,Unutilized Abstraction
eclipse.pde.ui-R3_0,org.eclipse.pde.internal.ui.wizards.imports,PluginImportWizardFirstPage,Deficient Encapsulation
eclipse.pde.ui-R3_0,org.eclipse.pde.internal.ui.wizards.imports,PluginImportWizardFirstPage,Insufficient Modularization
eclipse.pde.ui-R3_0,org.eclipse.pde.internal.ui.wizards.imports,ShowTargetPlatformAction,Unutilized Abstraction
eclipse.pde.ui-R3_0,org.eclipse.pde.internal.ui.wizards.plugin,AbstractFieldData,Insufficient Modularization
eclipse.pde.ui-R3_0,org.eclipse.pde.internal.ui.wizards.plugin,FragmentContentPage,Unutilized Abstraction
eclipse.pde.ui-R3_0,org.eclipse.pde.internal.ui.wizards.plugin,FragmentFieldData,Broken Hierarchy
eclipse.pde.ui-R3_0,org.eclipse.pde.internal.ui.wizards.plugin,NewFragmentProjectWizard,Unutilized Abstraction
eclipse.pde.ui-R3_0,org.eclipse.pde.internal.ui.wizards.plugin,NewPluginProjectWizard,Deficient Encapsulation
eclipse.pde.ui-R3_0,org.eclipse.pde.internal.ui.wizards.plugin,NewProjectCreationOperation,Unutilized Abstraction
eclipse.pde.ui-R3_0,org.eclipse.pde.internal.ui.wizards.plugin,OpenProjectWizardAction,Unutilized Abstraction
eclipse.pde.ui-R3_0,org.eclipse.pde.internal.ui.wizards.plugin,PluginContentPage,Unutilized Abstraction
eclipse.pde.ui-R3_0,org.eclipse.pde.internal.ui.wizards.plugin,PluginFieldData,Broken Hierarchy
eclipse.pde.ui-R3_0,org.eclipse.pde.internal.ui.wizards.plugin,WizardFilter,Unutilized Abstraction
eclipse.pde.ui-R3_0,org.eclipse.pde.internal.ui.wizards.site,NewSiteProjectCreationPage,Deficient Encapsulation
eclipse.pde.ui-R3_0,org.eclipse.pde.internal.ui.wizards.site,NewSiteProjectWizard,Deficient Encapsulation
eclipse.pde.ui-R3_0,org.eclipse.pde.internal.ui.wizards.site,OpenProjectWizardAction,Unutilized Abstraction
eclipse.pde.ui-R3_0,org.eclipse.pde.internal.ui.wizards.templates,BaseEditorTemplate,Unutilized Abstraction
eclipse.pde.ui-R3_0,org.eclipse.pde.internal.ui.wizards.templates,ControlStack,Unutilized Abstraction
eclipse.pde.ui-R3_0,org.eclipse.pde.internal.ui.wizards.templates,Entry,Unnecessary Abstraction
eclipse.pde.ui-R3_0,org.eclipse.pde.internal.ui.wizards.templates,Entry,Unutilized Abstraction
eclipse.pde.ui-R3_0,org.eclipse.pde.internal.ui.wizards.templates,EditorNewWizard,Unutilized Abstraction
eclipse.pde.ui-R3_0,org.eclipse.pde.internal.ui.wizards.templates,EditorTemplate,Unutilized Abstraction
eclipse.pde.ui-R3_0,org.eclipse.pde.internal.ui.wizards.templates,EditorTemplate,Deficient Encapsulation
eclipse.pde.ui-R3_0,org.eclipse.pde.internal.ui.wizards.templates,EditorTemplate,Broken Hierarchy
eclipse.pde.ui-R3_0,org.eclipse.pde.internal.ui.wizards.templates,HelloWorldNewWizard,Unutilized Abstraction
eclipse.pde.ui-R3_0,org.eclipse.pde.internal.ui.wizards.templates,HelloWorldTemplate,Unutilized Abstraction
eclipse.pde.ui-R3_0,org.eclipse.pde.internal.ui.wizards.templates,HelloWorldTemplate,Deficient Encapsulation
eclipse.pde.ui-R3_0,org.eclipse.pde.internal.ui.wizards.templates,HelpTemplate,Unutilized Abstraction
eclipse.pde.ui-R3_0,org.eclipse.pde.internal.ui.wizards.templates,HelpTemplate,Deficient Encapsulation
eclipse.pde.ui-R3_0,org.eclipse.pde.internal.ui.wizards.templates,MultiPageEditorNewWizard,Unutilized Abstraction
eclipse.pde.ui-R3_0,org.eclipse.pde.internal.ui.wizards.templates,MultiPageEditorTemplate,Multifaceted Abstraction
eclipse.pde.ui-R3_0,org.eclipse.pde.internal.ui.wizards.templates,MultiPageEditorTemplate,Unutilized Abstraction
eclipse.pde.ui-R3_0,org.eclipse.pde.internal.ui.wizards.templates,MultiPageEditorTemplate,Broken Hierarchy
eclipse.pde.ui-R3_0,org.eclipse.pde.internal.ui.wizards.templates,NewPluginTemplateChoiceWizard,Unutilized Abstraction
eclipse.pde.ui-R3_0,org.eclipse.pde.internal.ui.wizards.templates,NewWizardTemplate,Multifaceted Abstraction
eclipse.pde.ui-R3_0,org.eclipse.pde.internal.ui.wizards.templates,NewWizardTemplate,Unutilized Abstraction
eclipse.pde.ui-R3_0,org.eclipse.pde.internal.ui.wizards.templates,PDETemplateSection,Unutilized Abstraction
eclipse.pde.ui-R3_0,org.eclipse.pde.internal.ui.wizards.templates,PerspectiveExtensionsNewWizard,Unutilized Abstraction
eclipse.pde.ui-R3_0,org.eclipse.pde.internal.ui.wizards.templates,PerspectiveExtensionsTemplate,Unutilized Abstraction
eclipse.pde.ui-R3_0,org.eclipse.pde.internal.ui.wizards.templates,PerspectiveExtensionsTemplate,Deficient Encapsulation
eclipse.pde.ui-R3_0,org.eclipse.pde.internal.ui.wizards.templates,PerspectiveExtensionsTemplate,Broken Hierarchy
eclipse.pde.ui-R3_0,org.eclipse.pde.internal.ui.wizards.templates,PluginReference,Unutilized Abstraction
eclipse.pde.ui-R3_0,org.eclipse.pde.internal.ui.wizards.templates,PopupMenuNewWizard,Unutilized Abstraction
eclipse.pde.ui-R3_0,org.eclipse.pde.internal.ui.wizards.templates,PopupMenuTemplate,Unutilized Abstraction
eclipse.pde.ui-R3_0,org.eclipse.pde.internal.ui.wizards.templates,PopupMenuTemplate,Deficient Encapsulation
eclipse.pde.ui-R3_0,org.eclipse.pde.internal.ui.wizards.templates,PopupMenuTemplate,Broken Hierarchy
eclipse.pde.ui-R3_0,org.eclipse.pde.internal.ui.wizards.templates,PreferencePageTemplate,Unutilized Abstraction
eclipse.pde.ui-R3_0,org.eclipse.pde.internal.ui.wizards.templates,PreferencePageTemplate,Broken Hierarchy
eclipse.pde.ui-R3_0,org.eclipse.pde.internal.ui.wizards.templates,LeafNode,Unutilized Abstraction
eclipse.pde.ui-R3_0,org.eclipse.pde.internal.ui.wizards.templates,ExpressionNode,Unutilized Abstraction
eclipse.pde.ui-R3_0,org.eclipse.pde.internal.ui.wizards.templates,RootEntry,Unnecessary Abstraction
eclipse.pde.ui-R3_0,org.eclipse.pde.internal.ui.wizards.templates,RootEntry,Unutilized Abstraction
eclipse.pde.ui-R3_0,org.eclipse.pde.internal.ui.wizards.templates,PropertyPageNewWizard,Unutilized Abstraction
eclipse.pde.ui-R3_0,org.eclipse.pde.internal.ui.wizards.templates,PropertyPageTemplate,Unutilized Abstraction
eclipse.pde.ui-R3_0,org.eclipse.pde.internal.ui.wizards.templates,PropertyPageTemplate,Deficient Encapsulation
eclipse.pde.ui-R3_0,org.eclipse.pde.internal.ui.wizards.templates,PropertyPageTemplate,Broken Hierarchy
eclipse.pde.ui-R3_0,org.eclipse.pde.internal.ui.wizards.templates,TemplateEditorInput,Unutilized Abstraction
eclipse.pde.ui-R3_0,org.eclipse.pde.internal.ui.wizards.templates,TablePart,Unutilized Abstraction
eclipse.pde.ui-R3_0,org.eclipse.pde.internal.ui.wizards.templates,ListContentProvider,Unutilized Abstraction
eclipse.pde.ui-R3_0,org.eclipse.pde.internal.ui.wizards.templates,ListLabelProvider,Unutilized Abstraction
eclipse.pde.ui-R3_0,org.eclipse.pde.internal.ui.wizards.templates,ViewNewWizard,Unutilized Abstraction
eclipse.pde.ui-R3_0,org.eclipse.pde.internal.ui.wizards.templates,ViewTemplate,Unutilized Abstraction
eclipse.pde.ui-R3_0,org.eclipse.pde.internal.ui.wizards.tools,ConvertedProjectWizard,Unutilized Abstraction
eclipse.pde.ui-R3_0,org.eclipse.pde.internal.ui.wizards.tools,ConvertedProjectsPage,Deficient Encapsulation
eclipse.pde.ui-R3_0,org.eclipse.pde.internal.ui.wizards.tools,ProjectContentProvider,Unutilized Abstraction
eclipse.pde.ui-R3_0,org.eclipse.pde.internal.ui.wizards.tools,ProjectLabelProvider,Unutilized Abstraction
eclipse.pde.ui-R3_0,org.eclipse.pde.internal.ui.wizards.tools,TablePart,Unutilized Abstraction
eclipse.pde.ui-R3_0,org.eclipse.pde.internal.ui.wizards.tools,ContentProvider,Unutilized Abstraction
eclipse.pde.ui-R3_0,org.eclipse.pde.internal.ui.wizards.tools,TablePart,Unutilized Abstraction
eclipse.pde.ui-R3_0,org.eclipse.pde.internal.ui.wizards.tools,MigrationAction,Unutilized Abstraction
eclipse.pde.ui-R3_0,org.eclipse.pde.internal.ui.wizards.tools,UpdateBuildpathWizard,Cyclic-Dependent Modularization
eclipse.pde.ui-R3_0,org.eclipse.pde.internal.ui.wizards.tools,BuildpathContentProvider,Unutilized Abstraction
eclipse.pde.ui-R3_0,org.eclipse.pde.internal.ui.wizards.tools,TablePart,Unutilized Abstraction
eclipse.pde.ui-R3_0,org.eclipse.pde.internal.ui.wizards.tools,UpdateClasspathAction,Cyclic-Dependent Modularization
eclipse.pde.ui-R3_0,org.eclipse.pde.ui,IBasePluginWizard,Unnecessary Abstraction
eclipse.pde.ui-R3_0,org.eclipse.pde.ui,IBasePluginWizard,Unutilized Abstraction
eclipse.pde.ui-R3_0,org.eclipse.pde.ui,IExtensionEditorWizard,Unutilized Abstraction
eclipse.pde.ui-R3_0,org.eclipse.pde.ui,IExtensionEditorWizard,Broken Hierarchy
eclipse.pde.ui-R3_0,org.eclipse.pde.ui,IExtensionWizard,Unutilized Abstraction
eclipse.pde.ui-R3_0,org.eclipse.pde.ui,IExtensionWizard,Broken Hierarchy
eclipse.pde.ui-R3_0,org.eclipse.pde.ui,IFragmentFieldData,Unutilized Abstraction
eclipse.pde.ui-R3_0,org.eclipse.pde.ui,IPluginContentWizard,Unutilized Abstraction
eclipse.pde.ui-R3_0,org.eclipse.pde.ui.templates,AbstractTemplateSection,Unutilized Abstraction
eclipse.pde.ui-R3_0,org.eclipse.pde.ui.templates,AbstractTemplateSection,Deficient Encapsulation
eclipse.pde.ui-R3_0,org.eclipse.pde.ui.templates,BaseOptionTemplateSection,Unutilized Abstraction
eclipse.pde.ui-R3_0,org.eclipse.pde.ui.templates,BaseOptionTemplateSection,Cyclic-Dependent Modularization
eclipse.pde.ui-R3_0,org.eclipse.pde.ui.templates,BooleanOption,Cyclic-Dependent Modularization
eclipse.pde.ui-R3_0,org.eclipse.pde.ui.templates,ChoiceOption,Cyclic-Dependent Modularization
eclipse.pde.ui-R3_0,org.eclipse.pde.ui.templates,IVariableProvider,Unutilized Abstraction
eclipse.pde.ui-R3_0,org.eclipse.pde.ui.templates,NewPluginTemplateWizard,Unutilized Abstraction
eclipse.pde.ui-R3_0,org.eclipse.pde.ui.templates,OptionTemplateSection,Unutilized Abstraction
eclipse.pde.ui-R3_0,org.eclipse.pde.ui.templates,OptionTemplateSection,Broken Hierarchy
eclipse.pde.ui-R3_0,org.eclipse.pde.ui.templates,OptionTemplateWizardPage,Unutilized Abstraction
eclipse.pde.ui-R3_0,org.eclipse.pde.ui.templates,StringOption,Cyclic-Dependent Modularization
eclipse.pde.ui-R3_0,org.eclipse.pde.ui.templates,TemplateField,Unutilized Abstraction
eclipse.pde.ui-R3_0,org.eclipse.pde.ui.templates,TemplateOption,Unutilized Abstraction
eclipse.pde.ui-R3_0,org.eclipse.pde.ui.templates,TemplateOption,Broken Hierarchy
eclipse.pde.ui-R3_0,org.eclipse.pde.ui.templates,TemplateOption,Cyclic-Dependent Modularization
eclipse.pde.ui-R3_0,org.eclipse.pde.internal.ui.model,AbstractEditingModel,Unutilized Abstraction
eclipse.pde.ui-R3_0,org.eclipse.pde.internal.ui.model,AbstractEditingModel,Insufficient Modularization
eclipse.pde.ui-R3_0,org.eclipse.pde.internal.ui.model,DocumentHandler,Unutilized Abstraction
eclipse.pde.ui-R3_0,org.eclipse.pde.internal.ui.model,DocumentTextNode,Unutilized Abstraction
eclipse.pde.ui-R3_0,org.eclipse.pde.internal.ui.model,IDocumentAttribute,Cyclic-Dependent Modularization
eclipse.pde.ui-R3_0,org.eclipse.pde.internal.ui.model,IDocumentNode,Cyclic-Dependent Modularization
eclipse.pde.ui-R3_0,org.eclipse.pde.internal.ui.model,IDocumentNode,Insufficient Modularization
eclipse.pde.ui-R3_0,org.eclipse.pde.internal.ui.model,IDocumentTextNode,Cyclic-Dependent Modularization
eclipse.pde.ui-R3_0,org.eclipse.pde.internal.ui.model,IEditingModel,Unutilized Abstraction
eclipse.pde.ui-R3_0,org.eclipse.pde.internal.ui.model,XMLEditingModel,Unutilized Abstraction
eclipse.pde.ui-R3_0,org.eclipse.pde.internal.ui.model.build,Build,Cyclic-Dependent Modularization
eclipse.pde.ui-R3_0,org.eclipse.pde.internal.ui.model.build,BuildModel,Cyclic-Dependent Modularization
eclipse.pde.ui-R3_0,org.eclipse.pde.internal.ui.model.bundle,Bundle,Unutilized Abstraction
eclipse.pde.ui-R3_0,org.eclipse.pde.internal.ui.model.bundle,EclipseAutoStartHeader,Unutilized Abstraction
eclipse.pde.ui-R3_0,org.eclipse.pde.internal.ui.model.bundle,EclipseAutoStartHeader,Broken Hierarchy
eclipse.pde.ui-R3_0,org.eclipse.pde.internal.ui.model.plugin,AbstractPluginDocumentHandler,Unutilized Abstraction
eclipse.pde.ui-R3_0,org.eclipse.pde.internal.ui.model.plugin,FragmentModel,Unutilized Abstraction
eclipse.pde.ui-R3_0,org.eclipse.pde.internal.ui.model.plugin,FragmentModel,Broken Hierarchy
eclipse.pde.ui-R3_0,org.eclipse.pde.internal.ui.model.plugin,FragmentNode,Unutilized Abstraction
eclipse.pde.ui-R3_0,org.eclipse.pde.internal.ui.model.plugin,FragmentNode,Broken Hierarchy
eclipse.pde.ui-R3_0,org.eclipse.pde.internal.ui.model.plugin,NodeOffsetHandler,Unutilized Abstraction
eclipse.pde.ui-R3_0,org.eclipse.pde.internal.ui.model.plugin,NodeOffsetHandler,Broken Hierarchy
eclipse.pde.ui-R3_0,org.eclipse.pde.internal.ui.model.plugin,NodeOffsetHandler,Cyclic-Dependent Modularization
eclipse.pde.ui-R3_0,org.eclipse.pde.internal.ui.model.plugin,PluginBaseNode,Insufficient Modularization
eclipse.pde.ui-R3_0,org.eclipse.pde.internal.ui.model.plugin,PluginDocumentHandler,Unutilized Abstraction
eclipse.pde.ui-R3_0,org.eclipse.pde.internal.ui.model.plugin,PluginDocumentHandler,Broken Hierarchy
eclipse.pde.ui-R3_0,org.eclipse.pde.internal.ui.model.plugin,PluginDocumentHandler,Cyclic-Dependent Modularization
eclipse.pde.ui-R3_0,org.eclipse.pde.internal.ui.model.plugin,PluginDocumentNode,Unutilized Abstraction
eclipse.pde.ui-R3_0,org.eclipse.pde.internal.ui.model.plugin,PluginDocumentNode,Insufficient Modularization
eclipse.pde.ui-R3_0,org.eclipse.pde.internal.ui.model.plugin,PluginDocumentNodeFactory,Unexploited Encapsulation
eclipse.pde.ui-R3_0,org.eclipse.pde.internal.ui.model.plugin,PluginDocumentNodeFactory,Missing Hierarchy
eclipse.pde.ui-R3_0,org.eclipse.pde.internal.ui.model.plugin,PluginDocumentNodeFactory,Cyclic-Dependent Modularization
eclipse.pde.ui-R3_0,org.eclipse.pde.internal.ui.model.plugin,PluginElementNode,Unutilized Abstraction
eclipse.pde.ui-R3_0,org.eclipse.pde.internal.ui.model.plugin,PluginElementNode,Broken Hierarchy
eclipse.pde.ui-R3_0,org.eclipse.pde.internal.ui.model.plugin,PluginExtensionNode,Unutilized Abstraction
eclipse.pde.ui-R3_0,org.eclipse.pde.internal.ui.model.plugin,PluginExtensionNode,Broken Hierarchy
eclipse.pde.ui-R3_0,org.eclipse.pde.internal.ui.model.plugin,PluginModel,Unutilized Abstraction
eclipse.pde.ui-R3_0,org.eclipse.pde.internal.ui.model.plugin,PluginModel,Broken Hierarchy
eclipse.pde.ui-R3_0,org.eclipse.pde.internal.ui.model.plugin,PluginModelBase,Cyclic-Dependent Modularization
eclipse.pde.ui-R3_0,org.eclipse.pde.internal.ui.model.plugin,PluginNode,Unutilized Abstraction
eclipse.pde.ui-R3_0,org.eclipse.pde.internal.ui.model.plugin,PluginNode,Broken Hierarchy
eclipse.pde.ui-R3_0,org.eclipse.pde.internal.ui.model.plugin,PluginObjectNode,Unutilized Abstraction
eclipse.pde.ui-R3_0,org.eclipse.pde.internal.ui.model.plugin,PluginParentNode,Unutilized Abstraction
eclipse.pde.ui-R3_0,org.eclipse.pde.internal.ui.model.plugin,PluginParentNode,Broken Hierarchy
eclipse.pde.ui-R3_0,org.eclipse.pde.internal.ui.ant,BaseExportTask,Unutilized Abstraction
eclipse.pde.ui-R3_0,org.eclipse.pde.internal.ui.ant,ExportBuildListener,Unutilized Abstraction
eclipse.pde.ui-R3_0,org.eclipse.pde.internal.ui.ant,FeatureExportTask,Unutilized Abstraction
eclipse.pde.ui-R3_0,org.eclipse.pde.internal.ui.ant,FeatureExportTask,Broken Hierarchy
eclipse.pde.ui-R3_0,org.eclipse.pde.internal.ui.ant,PluginExportTask,Unutilized Abstraction
eclipse.pde.ui-R3_0,org.eclipse.pde.internal.ui.ant,PluginExportTask,Broken Hierarchy
eclipse.pde.ui-R3_0,org.eclipse.pde.ui.internal.samples,ProjectNamesPage,Cyclic-Dependent Modularization
eclipse.pde.ui-R3_0,org.eclipse.pde.ui.internal.samples,ReviewPage,Cyclic-Dependent Modularization
eclipse.pde.ui-R3_0,org.eclipse.pde.ui.internal.samples,InputFileListener,Unutilized Abstraction
eclipse.pde.ui-R3_0,org.eclipse.pde.ui.internal.samples,SampleStandbyContent,Unutilized Abstraction
eclipse.pde.ui-R3_0,org.eclipse.pde.ui.internal.samples,SampleWizard,Cyclic-Dependent Modularization
eclipse.pde.ui-R3_0,org.eclipse.pde.ui.internal.samples,SampleWizard,Insufficient Modularization
eclipse.pde.ui-R3_0,org.eclipse.pde.ui.internal.samples,ImportOverwriteQuery,Unutilized Abstraction
eclipse.pde.ui-R3_0,org.eclipse.pde.ui.internal.samples,SelectionPage,Unutilized Abstraction
eclipse.pde.ui-R3_0,org.eclipse.pde.ui.internal.samples,SelectionPart,Unutilized Abstraction
eclipse.pde.ui-R3_0,org.eclipse.pde.ui.internal.samples,SampleProvider,Unutilized Abstraction
eclipse.pde.ui-R3_0,org.eclipse.pde.ui.internal.samples,SampleLabelProvider,Unutilized Abstraction
eclipse.pde.ui-R3_0,org.eclipse.pde.ui.internal.samples,ShowSampleAction,Unutilized Abstraction
eclipse.pde.ui-R3_0,$packageName$,$editorClass$,Unutilized Abstraction
eclipse.pde.ui-R3_0,$packageName$,IXMLColorConstants,Unnecessary Abstraction
eclipse.pde.ui-R3_0,$packageName$,IXMLColorConstants,Broken Modularization
eclipse.pde.ui-R3_0,$packageName$,TagRule,Unutilized Abstraction
eclipse.pde.ui-R3_0,$packageName$,XMLConfiguration,Unutilized Abstraction
eclipse.pde.ui-R3_0,$packageName$,XMLDocumentProvider,Unutilized Abstraction
eclipse.pde.ui-R3_0,$packageName$,XMLPartitionScanner,Deficient Encapsulation
eclipse.pde.ui-R3_0,$packageName$,XMLWhitespaceDetector,Unutilized Abstraction
eclipse.pde.ui-R3_0,$packageName$,$className$,Unutilized Abstraction
eclipse.pde.ui-R3_0,$packageName$,$contributorClassName$,Unutilized Abstraction
eclipse.pde.ui-R3_0,$packageName$,$editorClassName$,Unutilized Abstraction
eclipse.pde.ui-R3_0,$packageName$,$wizardClassName$,Unutilized Abstraction
eclipse.pde.ui-R3_0,$packageName$,$actionClass$,Unutilized Abstraction
eclipse.pde.ui-R3_0,$packageName$,$pageClassName$,Unutilized Abstraction
eclipse.pde.ui-R3_0,$packageName$,$pageClassName$,Deficient Encapsulation
eclipse.pde.ui-R3_0,$packageName$,$className$,Unutilized Abstraction
eclipse.pde.ui-R3_0,$packageName$,$className$,Unutilized Abstraction
eclipse.pde.ui-R3_0,$packageName$,$className$,Insufficient Modularization
eclipse.pde.ui-R3_0,$packageName$,ViewContentProvider,Unutilized Abstraction
eclipse.pde.ui-R3_0,$packageName$,TreeObject,Unutilized Abstraction
eclipse.pde.ui-R3_0,$packageName$,TreeParent,Unutilized Abstraction
eclipse.pde.ui-R3_0,$packageName$,TreeParent,Broken Hierarchy
eclipse.pde.ui-R3_0,$packageName$,ViewContentProvider,Unutilized Abstraction
eclipse.pde.ui-R3_0,$packageName$,ViewLabelProvider,Unutilized Abstraction
eclipse.pde.ui-R3_0,$packageName$,ViewLabelProvider,Unutilized Abstraction
eclipse.pde.ui-R3_0,$packageName$,NameSorter,Unnecessary Abstraction
eclipse.pde.ui-R3_0,$packageName$,NameSorter,Unutilized Abstraction
eclipse.pde.ui-R3_0,$packageName$,$editorClass$,Unutilized Abstraction
eclipse.pde.ui-R3_0,$packageName$,ColorManager,Unutilized Abstraction
eclipse.pde.ui-R3_0,$packageName$,IXMLColorConstants,Unnecessary Abstraction
eclipse.pde.ui-R3_0,$packageName$,IXMLColorConstants,Unutilized Abstraction
eclipse.pde.ui-R3_0,$packageName$,IXMLColorConstants,Broken Modularization
eclipse.pde.ui-R3_0,$packageName$,NonRuleBasedDamagerRepairer,Unutilized Abstraction
eclipse.pde.ui-R3_0,$packageName$,TagRule,Unutilized Abstraction
eclipse.pde.ui-R3_0,$packageName$,XMLConfiguration,Unutilized Abstraction
eclipse.pde.ui-R3_0,$packageName$,XMLDocumentProvider,Unutilized Abstraction
eclipse.pde.ui-R3_0,$packageName$,XMLDoubleClickStrategy,Unutilized Abstraction
eclipse.pde.ui-R3_0,$packageName$,XMLPartitionScanner,Unutilized Abstraction
eclipse.pde.ui-R3_0,$packageName$,XMLPartitionScanner,Deficient Encapsulation
eclipse.pde.ui-R3_0,$packageName$,XMLScanner,Unutilized Abstraction
eclipse.pde.ui-R3_0,$packageName$,XMLTagScanner,Unutilized Abstraction
eclipse.pde.ui-R3_0,$packageName$,XMLWhitespaceDetector,Unutilized Abstraction
eclipse.pde.ui-R3_0,$packageName$,$className$,Unutilized Abstraction
eclipse.pde.ui-R3_0,$packageName$,$contributorClassName$,Unutilized Abstraction
eclipse.pde.ui-R3_0,$packageName$,$editorClassName$,Unutilized Abstraction
eclipse.pde.ui-R3_0,$packageName$,$wizardClassName$,Unutilized Abstraction
eclipse.pde.ui-R3_0,$packageName$,$wizardPageClassName$,Unutilized Abstraction
eclipse.pde.ui-R3_0,$packageName$,$actionClass$,Unutilized Abstraction
eclipse.pde.ui-R3_0,$packageName$,$pageClassName$,Unutilized Abstraction
eclipse.pde.ui-R3_0,$packageName$,$pageClassName$,Deficient Encapsulation
eclipse.pde.ui-R3_0,$packageName$,$className$,Unutilized Abstraction
eclipse.pde.ui-R3_0,$packageName$,$className$,Unutilized Abstraction
eclipse.pde.ui-R3_0,$packageName$,$className$,Insufficient Modularization
eclipse.pde.ui-R3_0,$packageName$,ViewContentProvider,Unutilized Abstraction
eclipse.pde.ui-R3_0,$packageName$,TreeObject,Unutilized Abstraction
eclipse.pde.ui-R3_0,$packageName$,TreeParent,Unutilized Abstraction
eclipse.pde.ui-R3_0,$packageName$,TreeParent,Broken Hierarchy
eclipse.pde.ui-R3_0,$packageName$,ViewContentProvider,Unutilized Abstraction
eclipse.pde.ui-R3_0,$packageName$,ViewLabelProvider,Unutilized Abstraction
eclipse.pde.ui-R3_0,$packageName$,ViewLabelProvider,Unutilized Abstraction
eclipse.pde.ui-R3_0,$packageName$,NameSorter,Unnecessary Abstraction
eclipse.pde.ui-R3_0,$packageName$,NameSorter,Unutilized Abstraction
