Project Name,Package Name,Type Name,MethodName,LOC,CC,PC
eclipse.pde.ui-20120217-1437,org.eclipse.pde.api.tools.generator,EEDescriptionGenerator,start,8,2,1
eclipse.pde.ui-20120217-1437,org.eclipse.pde.api.tools.generator,EEDescriptionGenerator,stop,2,1,0
eclipse.pde.ui-20120217-1437,org.eclipse.pde.api.tools.generator,EEGenerator,persistAnnotations,8,3,1
eclipse.pde.ui-20120217-1437,org.eclipse.pde.api.tools.generator,EEGenerator,persistAnnotations,6,2,2
eclipse.pde.ui-20120217-1437,org.eclipse.pde.api.tools.generator,EEGenerator,setAddedProfileValue,6,2,1
eclipse.pde.ui-20120217-1437,org.eclipse.pde.api.tools.generator,EEGenerator,setRemovedProfileValue,6,2,1
eclipse.pde.ui-20120217-1437,org.eclipse.pde.api.tools.generator,EEGenerator,Field,7,2,2
eclipse.pde.ui-20120217-1437,org.eclipse.pde.api.tools.generator,EEGenerator,compareTo,3,1,1
eclipse.pde.ui-20120217-1437,org.eclipse.pde.api.tools.generator,EEGenerator,equals,13,4,1
eclipse.pde.ui-20120217-1437,org.eclipse.pde.api.tools.generator,EEGenerator,getStatus,3,1,0
eclipse.pde.ui-20120217-1437,org.eclipse.pde.api.tools.generator,EEGenerator,hashCode,7,1,0
eclipse.pde.ui-20120217-1437,org.eclipse.pde.api.tools.generator,EEGenerator,persistXML,6,1,2
eclipse.pde.ui-20120217-1437,org.eclipse.pde.api.tools.generator,EEGenerator,persistXML,6,1,3
eclipse.pde.ui-20120217-1437,org.eclipse.pde.api.tools.generator,EEGenerator,toString,5,1,0
eclipse.pde.ui-20120217-1437,org.eclipse.pde.api.tools.generator,EEGenerator,Method,11,2,4
eclipse.pde.ui-20120217-1437,org.eclipse.pde.api.tools.generator,EEGenerator,compareTo,11,3,1
eclipse.pde.ui-20120217-1437,org.eclipse.pde.api.tools.generator,EEGenerator,equals,16,5,1
eclipse.pde.ui-20120217-1437,org.eclipse.pde.api.tools.generator,EEGenerator,getStatus,3,1,0
eclipse.pde.ui-20120217-1437,org.eclipse.pde.api.tools.generator,EEGenerator,hashCode,7,1,0
eclipse.pde.ui-20120217-1437,org.eclipse.pde.api.tools.generator,EEGenerator,persistXML,7,1,2
eclipse.pde.ui-20120217-1437,org.eclipse.pde.api.tools.generator,EEGenerator,persistXML,7,1,3
eclipse.pde.ui-20120217-1437,org.eclipse.pde.api.tools.generator,EEGenerator,toString,11,2,0
eclipse.pde.ui-20120217-1437,org.eclipse.pde.api.tools.generator,EEGenerator,Package,3,1,1
eclipse.pde.ui-20120217-1437,org.eclipse.pde.api.tools.generator,EEGenerator,addType,6,2,1
eclipse.pde.ui-20120217-1437,org.eclipse.pde.api.tools.generator,EEGenerator,collectTypes,8,2,1
eclipse.pde.ui-20120217-1437,org.eclipse.pde.api.tools.generator,EEGenerator,compareTo,3,1,1
eclipse.pde.ui-20120217-1437,org.eclipse.pde.api.tools.generator,EEGenerator,equals,21,7,1
eclipse.pde.ui-20120217-1437,org.eclipse.pde.api.tools.generator,EEGenerator,getType,8,3,1
eclipse.pde.ui-20120217-1437,org.eclipse.pde.api.tools.generator,EEGenerator,hashCode,6,1,0
eclipse.pde.ui-20120217-1437,org.eclipse.pde.api.tools.generator,EEGenerator,persistAsClassStubsForZip,14,4,2
eclipse.pde.ui-20120217-1437,org.eclipse.pde.api.tools.generator,EEGenerator,persistForZip,9,3,2
eclipse.pde.ui-20120217-1437,org.eclipse.pde.api.tools.generator,EEGenerator,persistXML,10,3,3
eclipse.pde.ui-20120217-1437,org.eclipse.pde.api.tools.generator,EEGenerator,size,3,1,0
eclipse.pde.ui-20120217-1437,org.eclipse.pde.api.tools.generator,EEGenerator,toString,6,1,0
eclipse.pde.ui-20120217-1437,org.eclipse.pde.api.tools.generator,EEGenerator,checkDocStatus,23,7,5
eclipse.pde.ui-20120217-1437,org.eclipse.pde.api.tools.generator,EEGenerator,getDocTypeName,8,1,2
eclipse.pde.ui-20120217-1437,org.eclipse.pde.api.tools.generator,EEGenerator,getProfileInfo,7,2,8
eclipse.pde.ui-20120217-1437,org.eclipse.pde.api.tools.generator,EEGenerator,initializePackages,25,4,1
eclipse.pde.ui-20120217-1437,org.eclipse.pde.api.tools.generator,EEGenerator,initializeWhiteList,29,5,1
eclipse.pde.ui-20120217-1437,org.eclipse.pde.api.tools.generator,EEGenerator,ProfileInfo,10,1,8
eclipse.pde.ui-20120217-1437,org.eclipse.pde.api.tools.generator,EEGenerator,addToBlackList,8,2,1
eclipse.pde.ui-20120217-1437,org.eclipse.pde.api.tools.generator,EEGenerator,dumpToCache,50,10,2
eclipse.pde.ui-20120217-1437,org.eclipse.pde.api.tools.generator,EEGenerator,generateEEDescription,9,2,1
eclipse.pde.ui-20120217-1437,org.eclipse.pde.api.tools.generator,EEGenerator,getAllTypes,18,3,0
eclipse.pde.ui-20120217-1437,org.eclipse.pde.api.tools.generator,EEGenerator,getCacheRoot,10,3,0
eclipse.pde.ui-20120217-1437,org.eclipse.pde.api.tools.generator,EEGenerator,getClassFileBytes,44,6,1
eclipse.pde.ui-20120217-1437,org.eclipse.pde.api.tools.generator,EEGenerator,getFromCache,32,5,1
eclipse.pde.ui-20120217-1437,org.eclipse.pde.api.tools.generator,EEGenerator,getOnlineDocContents,18,4,2
eclipse.pde.ui-20120217-1437,org.eclipse.pde.api.tools.generator,EEGenerator,getProfileFileName,3,1,0
eclipse.pde.ui-20120217-1437,org.eclipse.pde.api.tools.generator,EEGenerator,getProfileName,3,1,0
eclipse.pde.ui-20120217-1437,org.eclipse.pde.api.tools.generator,EEGenerator,getSubDir,11,3,0
eclipse.pde.ui-20120217-1437,org.eclipse.pde.api.tools.generator,EEGenerator,initializeBlackList,30,5,0
eclipse.pde.ui-20120217-1437,org.eclipse.pde.api.tools.generator,EEGenerator,initializeData,106,19,0
eclipse.pde.ui-20120217-1437,org.eclipse.pde.api.tools.generator,EEGenerator,accept,3,1,1
eclipse.pde.ui-20120217-1437,org.eclipse.pde.api.tools.generator,EEGenerator,isMatching,10,3,2
eclipse.pde.ui-20120217-1437,org.eclipse.pde.api.tools.generator,EEGenerator,isOnBlackList,7,2,1
eclipse.pde.ui-20120217-1437,org.eclipse.pde.api.tools.generator,EEGenerator,isOnWhiteList,3,1,1
eclipse.pde.ui-20120217-1437,org.eclipse.pde.api.tools.generator,EEGenerator,isOnWhiteList,3,1,1
eclipse.pde.ui-20120217-1437,org.eclipse.pde.api.tools.generator,EEGenerator,persistBlackList,24,5,0
eclipse.pde.ui-20120217-1437,org.eclipse.pde.api.tools.generator,EEGenerator,persistChildren,16,3,4
eclipse.pde.ui-20120217-1437,org.eclipse.pde.api.tools.generator,EEGenerator,persistChildren,16,3,3
eclipse.pde.ui-20120217-1437,org.eclipse.pde.api.tools.generator,EEGenerator,persistChildrenAsClassFile,16,3,3
eclipse.pde.ui-20120217-1437,org.eclipse.pde.api.tools.generator,EEGenerator,persistData,20,1,2
eclipse.pde.ui-20120217-1437,org.eclipse.pde.api.tools.generator,EEGenerator,persistDataAsClassFilesInZipFormat,44,5,2
eclipse.pde.ui-20120217-1437,org.eclipse.pde.api.tools.generator,EEGenerator,persistDataInZipFormat,40,5,2
eclipse.pde.ui-20120217-1437,org.eclipse.pde.api.tools.generator,EEGenerator,toString,3,1,0
eclipse.pde.ui-20120217-1437,org.eclipse.pde.api.tools.generator,EEGenerator,StubClass,12,3,4
eclipse.pde.ui-20120217-1437,org.eclipse.pde.api.tools.generator,EEGenerator,addField,6,2,1
eclipse.pde.ui-20120217-1437,org.eclipse.pde.api.tools.generator,EEGenerator,addMethod,8,2,2
eclipse.pde.ui-20120217-1437,org.eclipse.pde.api.tools.generator,EEGenerator,getBytes,49,5,0
eclipse.pde.ui-20120217-1437,org.eclipse.pde.api.tools.generator,EEGenerator,getIndex,9,2,1
eclipse.pde.ui-20120217-1437,org.eclipse.pde.api.tools.generator,EEGenerator,StubClassAdapter,4,1,1
eclipse.pde.ui-20120217-1437,org.eclipse.pde.api.tools.generator,EEGenerator,getStub,3,1,0
eclipse.pde.ui-20120217-1437,org.eclipse.pde.api.tools.generator,EEGenerator,shouldIgnore,3,1,0
eclipse.pde.ui-20120217-1437,org.eclipse.pde.api.tools.generator,EEGenerator,visit,4,1,6
eclipse.pde.ui-20120217-1437,org.eclipse.pde.api.tools.generator,EEGenerator,visitAnnotation,3,1,2
eclipse.pde.ui-20120217-1437,org.eclipse.pde.api.tools.generator,EEGenerator,visitAttribute,5,2,1
eclipse.pde.ui-20120217-1437,org.eclipse.pde.api.tools.generator,EEGenerator,visitEnd,2,1,0
eclipse.pde.ui-20120217-1437,org.eclipse.pde.api.tools.generator,EEGenerator,visitField,7,2,5
eclipse.pde.ui-20120217-1437,org.eclipse.pde.api.tools.generator,EEGenerator,visitInnerClass,5,2,4
eclipse.pde.ui-20120217-1437,org.eclipse.pde.api.tools.generator,EEGenerator,visitMethod,24,6,5
eclipse.pde.ui-20120217-1437,org.eclipse.pde.api.tools.generator,EEGenerator,visitAnnotation,6,2,2
eclipse.pde.ui-20120217-1437,org.eclipse.pde.api.tools.generator,EEGenerator,visitOuterClass,2,1,3
eclipse.pde.ui-20120217-1437,org.eclipse.pde.api.tools.generator,EEGenerator,visitSource,2,1,2
eclipse.pde.ui-20120217-1437,org.eclipse.pde.api.tools.generator,EEGenerator,StubField,3,1,1
eclipse.pde.ui-20120217-1437,org.eclipse.pde.api.tools.generator,EEGenerator,StubMethod,4,1,2
eclipse.pde.ui-20120217-1437,org.eclipse.pde.api.tools.generator,EEGenerator,isPolymorphic,3,1,0
eclipse.pde.ui-20120217-1437,org.eclipse.pde.api.tools.generator,EEGenerator,checkDocStatus,9,2,2
eclipse.pde.ui-20120217-1437,org.eclipse.pde.api.tools.generator,EEGenerator,checkDocStatus,8,2,5
eclipse.pde.ui-20120217-1437,org.eclipse.pde.api.tools.generator,EEGenerator,getDocContents,49,11,5
eclipse.pde.ui-20120217-1437,org.eclipse.pde.api.tools.generator,EEGenerator,isAbstract,3,1,1
eclipse.pde.ui-20120217-1437,org.eclipse.pde.api.tools.generator,EEGenerator,isFinal,3,1,1
eclipse.pde.ui-20120217-1437,org.eclipse.pde.api.tools.generator,EEGenerator,isInterface,3,1,1
eclipse.pde.ui-20120217-1437,org.eclipse.pde.api.tools.generator,EEGenerator,isProtected,3,1,1
eclipse.pde.ui-20120217-1437,org.eclipse.pde.api.tools.generator,EEGenerator,isPublic,3,1,1
eclipse.pde.ui-20120217-1437,org.eclipse.pde.api.tools.generator,EEGenerator,isStatic,3,1,1
eclipse.pde.ui-20120217-1437,org.eclipse.pde.api.tools.generator,EEGenerator,isVisibleField,9,3,2
eclipse.pde.ui-20120217-1437,org.eclipse.pde.api.tools.generator,EEGenerator,isVisibleMethod,9,3,2
eclipse.pde.ui-20120217-1437,org.eclipse.pde.api.tools.generator,EEGenerator,newMissingType,3,1,1
eclipse.pde.ui-20120217-1437,org.eclipse.pde.api.tools.generator,EEGenerator,newType,29,9,5
eclipse.pde.ui-20120217-1437,org.eclipse.pde.api.tools.generator,EEGenerator,Type,55,12,1
eclipse.pde.ui-20120217-1437,org.eclipse.pde.api.tools.generator,EEGenerator,Type,100,19,6
eclipse.pde.ui-20120217-1437,org.eclipse.pde.api.tools.generator,EEGenerator,addField,6,2,1
eclipse.pde.ui-20120217-1437,org.eclipse.pde.api.tools.generator,EEGenerator,addMethod,6,2,1
eclipse.pde.ui-20120217-1437,org.eclipse.pde.api.tools.generator,EEGenerator,compareTo,3,1,1
eclipse.pde.ui-20120217-1437,org.eclipse.pde.api.tools.generator,EEGenerator,equals,13,4,1
eclipse.pde.ui-20120217-1437,org.eclipse.pde.api.tools.generator,EEGenerator,getBytes,35,5,0
eclipse.pde.ui-20120217-1437,org.eclipse.pde.api.tools.generator,EEGenerator,getBytes,33,5,1
eclipse.pde.ui-20120217-1437,org.eclipse.pde.api.tools.generator,EEGenerator,getBytes2,48,5,1
eclipse.pde.ui-20120217-1437,org.eclipse.pde.api.tools.generator,EEGenerator,getField,11,4,1
eclipse.pde.ui-20120217-1437,org.eclipse.pde.api.tools.generator,EEGenerator,getFullQualifiedName,3,1,0
eclipse.pde.ui-20120217-1437,org.eclipse.pde.api.tools.generator,EEGenerator,getMethod,11,4,2
eclipse.pde.ui-20120217-1437,org.eclipse.pde.api.tools.generator,EEGenerator,getPackage,4,1,0
eclipse.pde.ui-20120217-1437,org.eclipse.pde.api.tools.generator,EEGenerator,getSimpleName,3,1,0
eclipse.pde.ui-20120217-1437,org.eclipse.pde.api.tools.generator,EEGenerator,hashCode,6,1,0
eclipse.pde.ui-20120217-1437,org.eclipse.pde.api.tools.generator,EEGenerator,persistXML,31,8,3
eclipse.pde.ui-20120217-1437,org.eclipse.pde.api.tools.generator,EEGenerator,persistXML,29,7,3
eclipse.pde.ui-20120217-1437,org.eclipse.pde.api.tools.generator,EEGenerator,toString,25,5,0
eclipse.pde.ui-20120217-1437,org.eclipse.pde.api.tools.generator,EEGenerator,getAllEEValues,10,3,0
eclipse.pde.ui-20120217-1437,org.eclipse.pde.api.tools.generator,EEGenerator,main,11,2,1
eclipse.pde.ui-20120217-1437,org.eclipse.pde.api.tools.generator,EEGenerator,checkFileProperty,7,2,1
eclipse.pde.ui-20120217-1437,org.eclipse.pde.api.tools.generator,EEGenerator,checkJREProperty,7,2,1
eclipse.pde.ui-20120217-1437,org.eclipse.pde.api.tools.generator,EEGenerator,configure,154,33,1
eclipse.pde.ui-20120217-1437,org.eclipse.pde.api.tools.generator,EEGenerator,isInitialized,3,1,0
eclipse.pde.ui-20120217-1437,org.eclipse.pde.api.tools.generator,EEGenerator,run,19,4,0
eclipse.pde.ui-20120217-1437,org.eclipse.pde.api.tools.generator,AbstractNode,persistAnnotations,8,3,1
eclipse.pde.ui-20120217-1437,org.eclipse.pde.api.tools.generator,AbstractNode,persistAnnotations,6,2,2
eclipse.pde.ui-20120217-1437,org.eclipse.pde.api.tools.generator,AbstractNode,setAddedProfileValue,6,2,1
eclipse.pde.ui-20120217-1437,org.eclipse.pde.api.tools.generator,AbstractNode,setRemovedProfileValue,6,2,1
eclipse.pde.ui-20120217-1437,org.eclipse.pde.api.tools.generator,Field,Field,7,2,2
eclipse.pde.ui-20120217-1437,org.eclipse.pde.api.tools.generator,Field,compareTo,3,1,1
eclipse.pde.ui-20120217-1437,org.eclipse.pde.api.tools.generator,Field,equals,13,4,1
eclipse.pde.ui-20120217-1437,org.eclipse.pde.api.tools.generator,Field,getStatus,3,1,0
eclipse.pde.ui-20120217-1437,org.eclipse.pde.api.tools.generator,Field,hashCode,7,1,0
eclipse.pde.ui-20120217-1437,org.eclipse.pde.api.tools.generator,Field,persistXML,6,1,2
eclipse.pde.ui-20120217-1437,org.eclipse.pde.api.tools.generator,Field,persistXML,6,1,3
eclipse.pde.ui-20120217-1437,org.eclipse.pde.api.tools.generator,Field,toString,5,1,0
eclipse.pde.ui-20120217-1437,org.eclipse.pde.api.tools.generator,Method,Method,11,2,4
eclipse.pde.ui-20120217-1437,org.eclipse.pde.api.tools.generator,Method,compareTo,11,3,1
eclipse.pde.ui-20120217-1437,org.eclipse.pde.api.tools.generator,Method,equals,16,5,1
eclipse.pde.ui-20120217-1437,org.eclipse.pde.api.tools.generator,Method,getStatus,3,1,0
eclipse.pde.ui-20120217-1437,org.eclipse.pde.api.tools.generator,Method,hashCode,7,1,0
eclipse.pde.ui-20120217-1437,org.eclipse.pde.api.tools.generator,Method,persistXML,7,1,2
eclipse.pde.ui-20120217-1437,org.eclipse.pde.api.tools.generator,Method,persistXML,7,1,3
eclipse.pde.ui-20120217-1437,org.eclipse.pde.api.tools.generator,Method,toString,11,2,0
eclipse.pde.ui-20120217-1437,org.eclipse.pde.api.tools.generator,Package,Package,3,1,1
eclipse.pde.ui-20120217-1437,org.eclipse.pde.api.tools.generator,Package,addType,6,2,1
eclipse.pde.ui-20120217-1437,org.eclipse.pde.api.tools.generator,Package,collectTypes,8,2,1
eclipse.pde.ui-20120217-1437,org.eclipse.pde.api.tools.generator,Package,compareTo,3,1,1
eclipse.pde.ui-20120217-1437,org.eclipse.pde.api.tools.generator,Package,equals,21,7,1
eclipse.pde.ui-20120217-1437,org.eclipse.pde.api.tools.generator,Package,getType,8,3,1
eclipse.pde.ui-20120217-1437,org.eclipse.pde.api.tools.generator,Package,hashCode,6,1,0
eclipse.pde.ui-20120217-1437,org.eclipse.pde.api.tools.generator,Package,persistAsClassStubsForZip,14,4,2
eclipse.pde.ui-20120217-1437,org.eclipse.pde.api.tools.generator,Package,persistForZip,9,3,2
eclipse.pde.ui-20120217-1437,org.eclipse.pde.api.tools.generator,Package,persistXML,10,3,3
eclipse.pde.ui-20120217-1437,org.eclipse.pde.api.tools.generator,Package,size,3,1,0
eclipse.pde.ui-20120217-1437,org.eclipse.pde.api.tools.generator,Package,toString,6,1,0
eclipse.pde.ui-20120217-1437,org.eclipse.pde.api.tools.generator,ProfileInfo,checkDocStatus,23,7,5
eclipse.pde.ui-20120217-1437,org.eclipse.pde.api.tools.generator,ProfileInfo,getDocTypeName,8,1,2
eclipse.pde.ui-20120217-1437,org.eclipse.pde.api.tools.generator,ProfileInfo,getProfileInfo,7,2,8
eclipse.pde.ui-20120217-1437,org.eclipse.pde.api.tools.generator,ProfileInfo,initializePackages,25,4,1
eclipse.pde.ui-20120217-1437,org.eclipse.pde.api.tools.generator,ProfileInfo,initializeWhiteList,29,5,1
eclipse.pde.ui-20120217-1437,org.eclipse.pde.api.tools.generator,ProfileInfo,ProfileInfo,10,1,8
eclipse.pde.ui-20120217-1437,org.eclipse.pde.api.tools.generator,ProfileInfo,addToBlackList,8,2,1
eclipse.pde.ui-20120217-1437,org.eclipse.pde.api.tools.generator,ProfileInfo,dumpToCache,50,10,2
eclipse.pde.ui-20120217-1437,org.eclipse.pde.api.tools.generator,ProfileInfo,generateEEDescription,9,2,1
eclipse.pde.ui-20120217-1437,org.eclipse.pde.api.tools.generator,ProfileInfo,getAllTypes,18,3,0
eclipse.pde.ui-20120217-1437,org.eclipse.pde.api.tools.generator,ProfileInfo,getCacheRoot,10,3,0
eclipse.pde.ui-20120217-1437,org.eclipse.pde.api.tools.generator,ProfileInfo,getClassFileBytes,44,6,1
eclipse.pde.ui-20120217-1437,org.eclipse.pde.api.tools.generator,ProfileInfo,getFromCache,32,5,1
eclipse.pde.ui-20120217-1437,org.eclipse.pde.api.tools.generator,ProfileInfo,getOnlineDocContents,18,4,2
eclipse.pde.ui-20120217-1437,org.eclipse.pde.api.tools.generator,ProfileInfo,getProfileFileName,3,1,0
eclipse.pde.ui-20120217-1437,org.eclipse.pde.api.tools.generator,ProfileInfo,getProfileName,3,1,0
eclipse.pde.ui-20120217-1437,org.eclipse.pde.api.tools.generator,ProfileInfo,getSubDir,11,3,0
eclipse.pde.ui-20120217-1437,org.eclipse.pde.api.tools.generator,ProfileInfo,initializeBlackList,30,5,0
eclipse.pde.ui-20120217-1437,org.eclipse.pde.api.tools.generator,ProfileInfo,initializeData,106,19,0
eclipse.pde.ui-20120217-1437,org.eclipse.pde.api.tools.generator,ProfileInfo,accept,3,1,1
eclipse.pde.ui-20120217-1437,org.eclipse.pde.api.tools.generator,ProfileInfo,isMatching,10,3,2
eclipse.pde.ui-20120217-1437,org.eclipse.pde.api.tools.generator,ProfileInfo,isOnBlackList,7,2,1
eclipse.pde.ui-20120217-1437,org.eclipse.pde.api.tools.generator,ProfileInfo,isOnWhiteList,3,1,1
eclipse.pde.ui-20120217-1437,org.eclipse.pde.api.tools.generator,ProfileInfo,isOnWhiteList,3,1,1
eclipse.pde.ui-20120217-1437,org.eclipse.pde.api.tools.generator,ProfileInfo,persistBlackList,24,5,0
eclipse.pde.ui-20120217-1437,org.eclipse.pde.api.tools.generator,ProfileInfo,persistChildren,16,3,4
eclipse.pde.ui-20120217-1437,org.eclipse.pde.api.tools.generator,ProfileInfo,persistChildren,16,3,3
eclipse.pde.ui-20120217-1437,org.eclipse.pde.api.tools.generator,ProfileInfo,persistChildrenAsClassFile,16,3,3
eclipse.pde.ui-20120217-1437,org.eclipse.pde.api.tools.generator,ProfileInfo,persistData,20,1,2
eclipse.pde.ui-20120217-1437,org.eclipse.pde.api.tools.generator,ProfileInfo,persistDataAsClassFilesInZipFormat,44,5,2
eclipse.pde.ui-20120217-1437,org.eclipse.pde.api.tools.generator,ProfileInfo,persistDataInZipFormat,40,5,2
eclipse.pde.ui-20120217-1437,org.eclipse.pde.api.tools.generator,ProfileInfo,toString,3,1,0
eclipse.pde.ui-20120217-1437,org.eclipse.pde.api.tools.generator,StubClass,StubClass,12,3,4
eclipse.pde.ui-20120217-1437,org.eclipse.pde.api.tools.generator,StubClass,addField,6,2,1
eclipse.pde.ui-20120217-1437,org.eclipse.pde.api.tools.generator,StubClass,addMethod,8,2,2
eclipse.pde.ui-20120217-1437,org.eclipse.pde.api.tools.generator,StubClass,getBytes,49,5,0
eclipse.pde.ui-20120217-1437,org.eclipse.pde.api.tools.generator,StubClass,getIndex,9,2,1
eclipse.pde.ui-20120217-1437,org.eclipse.pde.api.tools.generator,StubClassAdapter,StubClassAdapter,4,1,1
eclipse.pde.ui-20120217-1437,org.eclipse.pde.api.tools.generator,StubClassAdapter,getStub,3,1,0
eclipse.pde.ui-20120217-1437,org.eclipse.pde.api.tools.generator,StubClassAdapter,shouldIgnore,3,1,0
eclipse.pde.ui-20120217-1437,org.eclipse.pde.api.tools.generator,StubClassAdapter,visit,4,1,6
eclipse.pde.ui-20120217-1437,org.eclipse.pde.api.tools.generator,StubClassAdapter,visitAnnotation,3,1,2
eclipse.pde.ui-20120217-1437,org.eclipse.pde.api.tools.generator,StubClassAdapter,visitAttribute,5,2,1
eclipse.pde.ui-20120217-1437,org.eclipse.pde.api.tools.generator,StubClassAdapter,visitEnd,2,1,0
eclipse.pde.ui-20120217-1437,org.eclipse.pde.api.tools.generator,StubClassAdapter,visitField,7,2,5
eclipse.pde.ui-20120217-1437,org.eclipse.pde.api.tools.generator,StubClassAdapter,visitInnerClass,5,2,4
eclipse.pde.ui-20120217-1437,org.eclipse.pde.api.tools.generator,StubClassAdapter,visitMethod,24,6,5
eclipse.pde.ui-20120217-1437,org.eclipse.pde.api.tools.generator,StubClassAdapter,visitAnnotation,6,2,2
eclipse.pde.ui-20120217-1437,org.eclipse.pde.api.tools.generator,StubClassAdapter,visitOuterClass,2,1,3
eclipse.pde.ui-20120217-1437,org.eclipse.pde.api.tools.generator,StubClassAdapter,visitSource,2,1,2
eclipse.pde.ui-20120217-1437,org.eclipse.pde.api.tools.generator,StubField,StubField,3,1,1
eclipse.pde.ui-20120217-1437,org.eclipse.pde.api.tools.generator,StubMethod,StubMethod,4,1,2
eclipse.pde.ui-20120217-1437,org.eclipse.pde.api.tools.generator,StubMethod,isPolymorphic,3,1,0
eclipse.pde.ui-20120217-1437,org.eclipse.pde.api.tools.generator,Type,checkDocStatus,9,2,2
eclipse.pde.ui-20120217-1437,org.eclipse.pde.api.tools.generator,Type,checkDocStatus,8,2,5
eclipse.pde.ui-20120217-1437,org.eclipse.pde.api.tools.generator,Type,getDocContents,49,11,5
eclipse.pde.ui-20120217-1437,org.eclipse.pde.api.tools.generator,Type,isAbstract,3,1,1
eclipse.pde.ui-20120217-1437,org.eclipse.pde.api.tools.generator,Type,isFinal,3,1,1
eclipse.pde.ui-20120217-1437,org.eclipse.pde.api.tools.generator,Type,isInterface,3,1,1
eclipse.pde.ui-20120217-1437,org.eclipse.pde.api.tools.generator,Type,isProtected,3,1,1
eclipse.pde.ui-20120217-1437,org.eclipse.pde.api.tools.generator,Type,isPublic,3,1,1
eclipse.pde.ui-20120217-1437,org.eclipse.pde.api.tools.generator,Type,isStatic,3,1,1
eclipse.pde.ui-20120217-1437,org.eclipse.pde.api.tools.generator,Type,isVisibleField,9,3,2
eclipse.pde.ui-20120217-1437,org.eclipse.pde.api.tools.generator,Type,isVisibleMethod,9,3,2
eclipse.pde.ui-20120217-1437,org.eclipse.pde.api.tools.generator,Type,newMissingType,3,1,1
eclipse.pde.ui-20120217-1437,org.eclipse.pde.api.tools.generator,Type,newType,29,9,5
eclipse.pde.ui-20120217-1437,org.eclipse.pde.api.tools.generator,Type,Type,55,12,1
eclipse.pde.ui-20120217-1437,org.eclipse.pde.api.tools.generator,Type,Type,100,19,6
eclipse.pde.ui-20120217-1437,org.eclipse.pde.api.tools.generator,Type,addField,6,2,1
eclipse.pde.ui-20120217-1437,org.eclipse.pde.api.tools.generator,Type,addMethod,6,2,1
eclipse.pde.ui-20120217-1437,org.eclipse.pde.api.tools.generator,Type,compareTo,3,1,1
eclipse.pde.ui-20120217-1437,org.eclipse.pde.api.tools.generator,Type,equals,13,4,1
eclipse.pde.ui-20120217-1437,org.eclipse.pde.api.tools.generator,Type,getBytes,35,5,0
eclipse.pde.ui-20120217-1437,org.eclipse.pde.api.tools.generator,Type,getBytes,33,5,1
eclipse.pde.ui-20120217-1437,org.eclipse.pde.api.tools.generator,Type,getBytes2,48,5,1
eclipse.pde.ui-20120217-1437,org.eclipse.pde.api.tools.generator,Type,getField,11,4,1
eclipse.pde.ui-20120217-1437,org.eclipse.pde.api.tools.generator,Type,getFullQualifiedName,3,1,0
eclipse.pde.ui-20120217-1437,org.eclipse.pde.api.tools.generator,Type,getMethod,11,4,2
eclipse.pde.ui-20120217-1437,org.eclipse.pde.api.tools.generator,Type,getPackage,4,1,0
eclipse.pde.ui-20120217-1437,org.eclipse.pde.api.tools.generator,Type,getSimpleName,3,1,0
eclipse.pde.ui-20120217-1437,org.eclipse.pde.api.tools.generator,Type,hashCode,6,1,0
eclipse.pde.ui-20120217-1437,org.eclipse.pde.api.tools.generator,Type,persistXML,31,8,3
eclipse.pde.ui-20120217-1437,org.eclipse.pde.api.tools.generator,Type,persistXML,29,7,3
eclipse.pde.ui-20120217-1437,org.eclipse.pde.api.tools.generator,Type,toString,25,5,0
eclipse.pde.ui-20120217-1437,org.eclipse.pde.api.tools.generator.util,Util,contains,9,3,2
eclipse.pde.ui-20120217-1437,org.eclipse.pde.api.tools.generator.util,Util,getIndexOf,15,7,3
eclipse.pde.ui-20120217-1437,org.eclipse.pde.api.tools.generator.util,Util,getInputStreamAsByteArray,32,7,2
eclipse.pde.ui-20120217-1437,org.eclipse.pde.api.tools.generator.util,Util,getInputStreamAsCharArray,42,10,3
eclipse.pde.ui-20120217-1437,org.eclipse.pde.api.tools.generator.util,Util,getInterfaces,10,3,1
eclipse.pde.ui-20120217-1437,org.eclipse.pde.api.tools.generator.util,Util,getOutputStream,3,1,1
eclipse.pde.ui-20120217-1437,org.eclipse.pde.api.tools.generator.util,Util,getSimpleName,3,1,1
eclipse.pde.ui-20120217-1437,org.eclipse.pde.api.tools.generator.util,Util,getSimpleNameAsCharArray,6,1,1
eclipse.pde.ui-20120217-1437,org.eclipse.pde.api.tools.generator.util,Util,write,27,3,4
eclipse.pde.ui-20120217-1437,org.eclipse.pde.api.tools.generator.util,Util,writeZipFileEntry,12,1,3
eclipse.pde.ui-20120217-1437,org.eclipse.pde.api.tools.generator.util,Util,getURLContents,86,11,1
eclipse.pde.ui-20120217-1437,org.eclipse.pde.api.tools.generator.util,Util,collectAllFiles,12,3,3
eclipse.pde.ui-20120217-1437,org.eclipse.pde.api.tools.generator.util,Util,getAllFiles,10,2,2
eclipse.pde.ui-20120217-1437,org.eclipse.pde.api.tools.generator.util,Util,getProfileFileName,3,1,1
eclipse.pde.ui-20120217-1437,org.eclipse.pde.api.tools.anttasks.tests,AntRunnerTestCase,getTestResourcesFolder,0,1,0
eclipse.pde.ui-20120217-1437,org.eclipse.pde.api.tools.anttasks.tests,AntRunnerTestCase,newTest,8,3,0
eclipse.pde.ui-20120217-1437,org.eclipse.pde.api.tools.anttasks.tests,AntRunnerTestCase,newTest,48,8,1
eclipse.pde.ui-20120217-1437,org.eclipse.pde.api.tools.anttasks.tests,AntRunnerTestCase,newTest,15,3,2
eclipse.pde.ui-20120217-1437,org.eclipse.pde.api.tools.anttasks.tests,AntRunnerTestCase,runAntScript,3,1,4
eclipse.pde.ui-20120217-1437,org.eclipse.pde.api.tools.anttasks.tests,AntRunnerTestCase,runAntScript,15,2,6
eclipse.pde.ui-20120217-1437,org.eclipse.pde.api.tools.anttasks.tests,AntRunnerTestCase,createAntRunnerArgs,33,9,6
eclipse.pde.ui-20120217-1437,org.eclipse.pde.api.tools.anttasks.tests,AntRunnerTestCase,checkBuildException,3,1,1
eclipse.pde.ui-20120217-1437,org.eclipse.pde.api.tools.anttasks.tests,ApiToolingAnalysisAntTaskTests,getTestResourcesFolder,3,1,0
eclipse.pde.ui-20120217-1437,org.eclipse.pde.api.tools.anttasks.tests,ApiToolingAnalysisAntTaskTests,newTest,3,1,1
eclipse.pde.ui-20120217-1437,org.eclipse.pde.api.tools.anttasks.tests,ApiToolingAnalysisAntTaskTests,test1,13,1,0
eclipse.pde.ui-20120217-1437,org.eclipse.pde.api.tools.anttasks.tests,ApiToolingAnalysisAntTaskTests,test2,14,1,0
eclipse.pde.ui-20120217-1437,org.eclipse.pde.api.tools.anttasks.tests,ApiToolingAnalysisAntTaskTests,test3,14,1,0
eclipse.pde.ui-20120217-1437,org.eclipse.pde.api.tools.anttasks.tests,ApiToolingAnalysisAntTaskTests,test4,14,1,0
eclipse.pde.ui-20120217-1437,org.eclipse.pde.api.tools.anttasks.tests,ApiToolingAnalysisAntTaskTests,test5,15,1,0
eclipse.pde.ui-20120217-1437,org.eclipse.pde.api.tools.anttasks.tests,ApiToolingAnalysisAntTaskTests,test6,13,1,0
eclipse.pde.ui-20120217-1437,org.eclipse.pde.api.tools.anttasks.tests,ApiToolingAnalysisAntTaskTests,test7,13,1,0
eclipse.pde.ui-20120217-1437,org.eclipse.pde.api.tools.anttasks.tests,ApiToolingApiFreezeAntTaskTests,getTestResourcesFolder,3,1,0
eclipse.pde.ui-20120217-1437,org.eclipse.pde.api.tools.anttasks.tests,ApiToolingApiFreezeAntTaskTests,test1,3,1,0
eclipse.pde.ui-20120217-1437,org.eclipse.pde.api.tools.anttasks.tests,ApiToolingApiFreezeAntTaskTests,runTaskAndVerify,24,3,1
eclipse.pde.ui-20120217-1437,org.eclipse.pde.api.tools.anttasks.tests,ApiToolingApiFreezeAntTaskTests,test2,3,1,0
eclipse.pde.ui-20120217-1437,org.eclipse.pde.api.tools.anttasks.tests,ApiToolingApiFreezeAntTaskTests,test3,3,1,0
eclipse.pde.ui-20120217-1437,org.eclipse.pde.api.tools.anttasks.tests,ApiToolingApiFreezeAntTaskTests,test4,9,1,0
eclipse.pde.ui-20120217-1437,org.eclipse.pde.api.tools.anttasks.tests,ApiToolingApiuseAntTaskTests,getTestResourcesFolder,3,1,0
eclipse.pde.ui-20120217-1437,org.eclipse.pde.api.tools.anttasks.tests,ApiToolingApiuseAntTaskTests,test1,13,3,0
eclipse.pde.ui-20120217-1437,org.eclipse.pde.api.tools.anttasks.tests,ApiToolingApiuseAntTaskTests,runTaskAndVerify,16,1,1
eclipse.pde.ui-20120217-1437,org.eclipse.pde.api.tools.anttasks.tests,ApiToolingApiuseAntTaskTests,test2,14,4,0
eclipse.pde.ui-20120217-1437,org.eclipse.pde.api.tools.anttasks.tests,ApiToolingApiuseAntTaskTests,test3,14,4,0
eclipse.pde.ui-20120217-1437,org.eclipse.pde.api.tools.anttasks.tests,ApiToolingCompareAntTaskTests,getTestResourcesFolder,3,1,0
eclipse.pde.ui-20120217-1437,org.eclipse.pde.api.tools.anttasks.tests,ApiToolingCompareAntTaskTests,test1,3,1,0
eclipse.pde.ui-20120217-1437,org.eclipse.pde.api.tools.anttasks.tests,ApiToolingCompareAntTaskTests,runTaskAndVerify,25,3,1
eclipse.pde.ui-20120217-1437,org.eclipse.pde.api.tools.anttasks.tests,ApiToolingCompareAntTaskTests,test2,3,1,0
eclipse.pde.ui-20120217-1437,org.eclipse.pde.api.tools.anttasks.tests,ApiToolingCompareAntTaskTests,test3,3,1,0
eclipse.pde.ui-20120217-1437,org.eclipse.pde.api.tools.anttasks.tests,ApiToolsAntTasksTestSuite,suite,3,1,0
eclipse.pde.ui-20120217-1437,org.eclipse.pde.api.tools.anttasks.tests,ApiToolsAntTasksTestSuite,ApiToolsAntTasksTestSuite,6,1,0
eclipse.pde.ui-20120217-1437,org.eclipse.pde.api.tools.apiusescan.tests,ExternalDependencyProblemMarkerTests,setUp,12,3,0
eclipse.pde.ui-20120217-1437,org.eclipse.pde.api.tools.apiusescan.tests,ExternalDependencyProblemMarkerTests,testMissingType,23,1,0
eclipse.pde.ui-20120217-1437,org.eclipse.pde.api.tools.apiusescan.tests,ExternalDependencyProblemMarkerTests,testMissingMethod,24,1,0
eclipse.pde.ui-20120217-1437,org.eclipse.pde.api.tools.apiusescan.tests,ExternalDependencyProblemMarkerTests,testMissingField,24,1,0
eclipse.pde.ui-20120217-1437,org.eclipse.pde.api.tools.apiusescan.tests,ExternalDependencyProblemMarkerTests,testMissingInnerType,23,1,0
eclipse.pde.ui-20120217-1437,org.eclipse.pde.api.tools.apiusescan.tests,ExternalDependencyTestSuite,suite,3,1,0
eclipse.pde.ui-20120217-1437,org.eclipse.pde.api.tools.apiusescan.tests,ExternalDependencyTestSuite,ExternalDependencyTestSuite,4,1,0
eclipse.pde.ui-20120217-1437,org.eclipse.pde.api.tools.apiusescan.tests,ExternalDependencyTestUtils,setupProject,23,3,0
eclipse.pde.ui-20120217-1437,org.eclipse.pde.api.tools.apiusescan.tests,ExternalDependencyTestUtils,enableExternalDependencyCheckOptions,14,1,1
eclipse.pde.ui-20120217-1437,org.eclipse.pde.api.tools.apiusescan.tests,ExternalDependencyTestUtils,getProject,6,2,0
eclipse.pde.ui-20120217-1437,org.eclipse.pde.api.tools.apiusescan.tests,ExternalDependencyTestUtils,setupReport,26,2,2
eclipse.pde.ui-20120217-1437,org.eclipse.pde.api.tools.apiusescan.tests,ExternalDependencyTestUtils,waitForBuild,18,2,0
eclipse.pde.ui-20120217-1437,org.eclipse.pde.api.tools.apiusescan.tests,ReferenceCountTests,setUp,9,2,0
eclipse.pde.ui-20120217-1437,org.eclipse.pde.api.tools.apiusescan.tests,ReferenceCountTests,testReferenceCountReportAll,10,2,0
eclipse.pde.ui-20120217-1437,org.eclipse.pde.api.tools.apiusescan.tests,ReferenceCountTests,verifyReferenceCount,8,2,3
eclipse.pde.ui-20120217-1437,org.eclipse.pde.api.tools.apiusescan.tests,ReferenceCountTests,testReferenceCountReportOne,10,2,0
eclipse.pde.ui-20120217-1437,org.eclipse.pde.api.tools.apiusescan.tests,ReferenceCountTests,testReferenceCountReportTwo,10,2,0
eclipse.pde.ui-20120217-1437,org.eclipse.pde.api.tools.apiusescan.tests,ReferenceCountTests,testCacheSize,19,2,0
eclipse.pde.ui-20120217-1437,org.eclipse.pde.api.tools.builder.tests,ApiBuilderTest,LineMapping,5,1,3
eclipse.pde.ui-20120217-1437,org.eclipse.pde.api.tools.builder.tests,ApiBuilderTest,LineMapping,5,1,1
eclipse.pde.ui-20120217-1437,org.eclipse.pde.api.tools.builder.tests,ApiBuilderTest,equals,7,2,1
eclipse.pde.ui-20120217-1437,org.eclipse.pde.api.tools.builder.tests,ApiBuilderTest,hashCode,3,1,0
eclipse.pde.ui-20120217-1437,org.eclipse.pde.api.tools.builder.tests,ApiBuilderTest,toString,13,2,0
eclipse.pde.ui-20120217-1437,org.eclipse.pde.api.tools.builder.tests,ApiBuilderTest,ApiBuilderTest,3,1,1
eclipse.pde.ui-20120217-1437,org.eclipse.pde.api.tools.builder.tests,ApiBuilderTest,getEnv,3,1,0
eclipse.pde.ui-20120217-1437,org.eclipse.pde.api.tools.builder.tests,ApiBuilderTest,expectingNoProblems,3,1,0
eclipse.pde.ui-20120217-1437,org.eclipse.pde.api.tools.builder.tests,ApiBuilderTest,expectingNoProblemsFor,3,1,1
eclipse.pde.ui-20120217-1437,org.eclipse.pde.api.tools.builder.tests,ApiBuilderTest,expectingNoJDTProblems,3,1,0
eclipse.pde.ui-20120217-1437,org.eclipse.pde.api.tools.builder.tests,ApiBuilderTest,expectingNoJDTProblemsFor,17,4,1
eclipse.pde.ui-20120217-1437,org.eclipse.pde.api.tools.builder.tests,ApiBuilderTest,expectingNoProblemsFor,11,3,1
eclipse.pde.ui-20120217-1437,org.eclipse.pde.api.tools.builder.tests,ApiBuilderTest,expectingOnlyProblemsFor,3,1,1
eclipse.pde.ui-20120217-1437,org.eclipse.pde.api.tools.builder.tests,ApiBuilderTest,getDefaultProblemIdSet,10,3,1
eclipse.pde.ui-20120217-1437,org.eclipse.pde.api.tools.builder.tests,ApiBuilderTest,expectingOnlyProblemsFor,25,10,1
eclipse.pde.ui-20120217-1437,org.eclipse.pde.api.tools.builder.tests,ApiBuilderTest,createExistingProjects,15,4,4
eclipse.pde.ui-20120217-1437,org.eclipse.pde.api.tools.builder.tests,ApiBuilderTest,exportApiComponent,29,5,3
eclipse.pde.ui-20120217-1437,org.eclipse.pde.api.tools.builder.tests,ApiBuilderTest,createExistingProject,41,5,3
eclipse.pde.ui-20120217-1437,org.eclipse.pde.api.tools.builder.tests,ApiBuilderTest,queryOverwrite,3,1,1
eclipse.pde.ui-20120217-1437,org.eclipse.pde.api.tools.builder.tests,ApiBuilderTest,getTestCompliance,3,1,0
eclipse.pde.ui-20120217-1437,org.eclipse.pde.api.tools.builder.tests,ApiBuilderTest,assertProblems,56,14,1
eclipse.pde.ui-20120217-1437,org.eclipse.pde.api.tools.builder.tests,ApiBuilderTest,setExpectedProblemIds,3,1,1
eclipse.pde.ui-20120217-1437,org.eclipse.pde.api.tools.builder.tests,ApiBuilderTest,setExpectedLineMappings,3,1,1
eclipse.pde.ui-20120217-1437,org.eclipse.pde.api.tools.builder.tests,ApiBuilderTest,setExpectedMessageArgs,3,1,1
eclipse.pde.ui-20120217-1437,org.eclipse.pde.api.tools.builder.tests,ApiBuilderTest,getTestingProjectName,0,1,0
eclipse.pde.ui-20120217-1437,org.eclipse.pde.api.tools.builder.tests,ApiBuilderTest,getDefaultProblemId,0,1,0
eclipse.pde.ui-20120217-1437,org.eclipse.pde.api.tools.builder.tests,ApiBuilderTest,getExpectedProblemIds,6,2,0
eclipse.pde.ui-20120217-1437,org.eclipse.pde.api.tools.builder.tests,ApiBuilderTest,getExpectedMessageArgs,3,1,0
eclipse.pde.ui-20120217-1437,org.eclipse.pde.api.tools.builder.tests,ApiBuilderTest,expectingOnlySpecificProblemFor,3,1,2
eclipse.pde.ui-20120217-1437,org.eclipse.pde.api.tools.builder.tests,ApiBuilderTest,getProblemId,6,2,1
eclipse.pde.ui-20120217-1437,org.eclipse.pde.api.tools.builder.tests,ApiBuilderTest,expectingOnlySpecificProblemsFor,26,8,2
eclipse.pde.ui-20120217-1437,org.eclipse.pde.api.tools.builder.tests,ApiBuilderTest,expectingProblemsFor,3,1,2
eclipse.pde.ui-20120217-1437,org.eclipse.pde.api.tools.builder.tests,ApiBuilderTest,expectingProblemsFor,4,1,2
eclipse.pde.ui-20120217-1437,org.eclipse.pde.api.tools.builder.tests,ApiBuilderTest,expectingProblemsFor,4,1,2
eclipse.pde.ui-20120217-1437,org.eclipse.pde.api.tools.builder.tests,ApiBuilderTest,allSortedApiProblems,22,5,1
eclipse.pde.ui-20120217-1437,org.eclipse.pde.api.tools.builder.tests,ApiBuilderTest,expectingSpecificProblemFor,3,1,2
eclipse.pde.ui-20120217-1437,org.eclipse.pde.api.tools.builder.tests,ApiBuilderTest,expectingSpecificProblemsFor,23,6,2
eclipse.pde.ui-20120217-1437,org.eclipse.pde.api.tools.builder.tests,ApiBuilderTest,printProblems,3,1,0
eclipse.pde.ui-20120217-1437,org.eclipse.pde.api.tools.builder.tests,ApiBuilderTest,printProblemsFor,3,1,1
eclipse.pde.ui-20120217-1437,org.eclipse.pde.api.tools.builder.tests,ApiBuilderTest,printProblemsFor,6,2,1
eclipse.pde.ui-20120217-1437,org.eclipse.pde.api.tools.builder.tests,ApiBuilderTest,arrayToString,16,5,1
eclipse.pde.ui-20120217-1437,org.eclipse.pde.api.tools.builder.tests,ApiBuilderTest,getTestSourcePath,0,1,0
eclipse.pde.ui-20120217-1437,org.eclipse.pde.api.tools.builder.tests,ApiBuilderTest,setBuilderOptions,3,1,0
eclipse.pde.ui-20120217-1437,org.eclipse.pde.api.tools.builder.tests,ApiBuilderTest,resetBuilderOptions,31,2,0
eclipse.pde.ui-20120217-1437,org.eclipse.pde.api.tools.builder.tests,ApiBuilderTest,enableUsageOptions,16,1,1
eclipse.pde.ui-20120217-1437,org.eclipse.pde.api.tools.builder.tests,ApiBuilderTest,enableLeakOptions,15,1,1
eclipse.pde.ui-20120217-1437,org.eclipse.pde.api.tools.builder.tests,ApiBuilderTest,deleteWorkspaceFile,8,2,2
eclipse.pde.ui-20120217-1437,org.eclipse.pde.api.tools.builder.tests,ApiBuilderTest,getUpdateFilePath,3,1,1
eclipse.pde.ui-20120217-1437,org.eclipse.pde.api.tools.builder.tests,ApiBuilderTest,createWorkspaceFile,17,2,2
eclipse.pde.ui-20120217-1437,org.eclipse.pde.api.tools.builder.tests,ApiBuilderTest,updateWorkspaceFile,17,2,2
eclipse.pde.ui-20120217-1437,org.eclipse.pde.api.tools.builder.tests,ApiBuilderTest,enableUnsupportedTagOptions,10,1,1
eclipse.pde.ui-20120217-1437,org.eclipse.pde.api.tools.builder.tests,ApiBuilderTest,enableCompatibilityOptions,13,2,1
eclipse.pde.ui-20120217-1437,org.eclipse.pde.api.tools.builder.tests,ApiBuilderTest,enableSinceTagOptions,13,1,1
eclipse.pde.ui-20120217-1437,org.eclipse.pde.api.tools.builder.tests,ApiBuilderTest,enableVersionNumberOptions,14,1,1
eclipse.pde.ui-20120217-1437,org.eclipse.pde.api.tools.builder.tests,ApiBuilderTest,enableBaselineOptions,11,1,1
eclipse.pde.ui-20120217-1437,org.eclipse.pde.api.tools.builder.tests,ApiBuilderTest,enableExternalDependencyCheckOptions,13,1,1
eclipse.pde.ui-20120217-1437,org.eclipse.pde.api.tools.builder.tests,ApiBuilderTest,setUp,9,2,0
eclipse.pde.ui-20120217-1437,org.eclipse.pde.api.tools.builder.tests,ApiBuilderTest,tearDown,6,1,0
eclipse.pde.ui-20120217-1437,org.eclipse.pde.api.tools.builder.tests,ApiBuilderTest,getAllTestClasses,4,1,0
eclipse.pde.ui-20120217-1437,org.eclipse.pde.api.tools.builder.tests,ApiBuilderTest,collectTests,32,2,1
eclipse.pde.ui-20120217-1437,org.eclipse.pde.api.tools.builder.tests,ApiBuilderTest,suite,5,1,0
eclipse.pde.ui-20120217-1437,org.eclipse.pde.api.tools.builder.tests,LineMapping,LineMapping,5,1,3
eclipse.pde.ui-20120217-1437,org.eclipse.pde.api.tools.builder.tests,LineMapping,LineMapping,5,1,1
eclipse.pde.ui-20120217-1437,org.eclipse.pde.api.tools.builder.tests,LineMapping,equals,7,2,1
eclipse.pde.ui-20120217-1437,org.eclipse.pde.api.tools.builder.tests,LineMapping,hashCode,3,1,0
eclipse.pde.ui-20120217-1437,org.eclipse.pde.api.tools.builder.tests,LineMapping,toString,13,2,0
eclipse.pde.ui-20120217-1437,org.eclipse.pde.api.tools.builder.tests,ApiProblem,ApiProblem,5,1,1
eclipse.pde.ui-20120217-1437,org.eclipse.pde.api.tools.builder.tests,ApiProblem,ApiProblem,4,1,8
eclipse.pde.ui-20120217-1437,org.eclipse.pde.api.tools.builder.tests,ApiProblem,getLineNumber,3,1,0
eclipse.pde.ui-20120217-1437,org.eclipse.pde.api.tools.builder.tests,ApiProblem,getProblemId,3,1,0
eclipse.pde.ui-20120217-1437,org.eclipse.pde.api.tools.builder.tests,ApiTestingEnvironment,addProject,6,1,2
eclipse.pde.ui-20120217-1437,org.eclipse.pde.api.tools.builder.tests,ApiTestingEnvironment,setProjectCompliance,33,8,2
eclipse.pde.ui-20120217-1437,org.eclipse.pde.api.tools.builder.tests,ApiTestingEnvironment,createProject,16,2,1
eclipse.pde.ui-20120217-1437,org.eclipse.pde.api.tools.builder.tests,ApiTestingEnvironment,cleanBuild,7,1,2
eclipse.pde.ui-20120217-1437,org.eclipse.pde.api.tools.builder.tests,ApiTestingEnvironment,incrementalBuild,7,1,2
eclipse.pde.ui-20120217-1437,org.eclipse.pde.api.tools.builder.tests,ApiTestingEnvironment,fullBuild,7,1,2
eclipse.pde.ui-20120217-1437,org.eclipse.pde.api.tools.builder.tests,ApiTestingEnvironment,getAllUsageMarkers,9,3,1
eclipse.pde.ui-20120217-1437,org.eclipse.pde.api.tools.builder.tests,ApiTestingEnvironment,getAllJDTMarkers,3,1,1
eclipse.pde.ui-20120217-1437,org.eclipse.pde.api.tools.builder.tests,ApiTestingEnvironment,getAllJDTMarkers,22,5,1
eclipse.pde.ui-20120217-1437,org.eclipse.pde.api.tools.builder.tests,ApiTestingEnvironment,getAllUnsupportedTagMarkers,9,3,1
eclipse.pde.ui-20120217-1437,org.eclipse.pde.api.tools.builder.tests,ApiTestingEnvironment,getAllCompatibilityMarkers,9,3,1
eclipse.pde.ui-20120217-1437,org.eclipse.pde.api.tools.builder.tests,ApiTestingEnvironment,getAllApiBaselineMarkers,9,3,1
eclipse.pde.ui-20120217-1437,org.eclipse.pde.api.tools.builder.tests,ApiTestingEnvironment,getAllSinceTagMarkers,9,3,1
eclipse.pde.ui-20120217-1437,org.eclipse.pde.api.tools.builder.tests,ApiTestingEnvironment,getAllVersionMarkers,9,3,1
eclipse.pde.ui-20120217-1437,org.eclipse.pde.api.tools.builder.tests,ApiTestingEnvironment,getAllUnusedApiProblemFilterMarkers,9,3,1
eclipse.pde.ui-20120217-1437,org.eclipse.pde.api.tools.builder.tests,ApiTestingEnvironment,getMarkers,3,1,0
eclipse.pde.ui-20120217-1437,org.eclipse.pde.api.tools.builder.tests,ApiTestingEnvironment,getMarkersFor,3,1,1
eclipse.pde.ui-20120217-1437,org.eclipse.pde.api.tools.builder.tests,ApiTestingEnvironment,getMarkersFor,20,2,2
eclipse.pde.ui-20120217-1437,org.eclipse.pde.api.tools.builder.tests,ApiTestingEnvironment,getResource,19,4,1
eclipse.pde.ui-20120217-1437,org.eclipse.pde.api.tools.builder.tests,ApiTestingEnvironment,addToList,11,4,2
eclipse.pde.ui-20120217-1437,org.eclipse.pde.api.tools.builder.tests,ApiTestingEnvironment,getProblems,3,1,0
eclipse.pde.ui-20120217-1437,org.eclipse.pde.api.tools.builder.tests,ApiTestingEnvironment,getWorkspaceProfile,3,1,0
eclipse.pde.ui-20120217-1437,org.eclipse.pde.api.tools.builder.tests,ApiTestingEnvironment,getProblemsFor,8,2,2
eclipse.pde.ui-20120217-1437,org.eclipse.pde.api.tools.builder.tests,ApiTestingEnvironment,removeProject,10,2,1
eclipse.pde.ui-20120217-1437,org.eclipse.pde.api.tools.builder.tests,ApiTestingEnvironment,resetWorkspace,23,2,0
eclipse.pde.ui-20120217-1437,org.eclipse.pde.api.tools.builder.tests,ApiTestingEnvironment,deleteWorkspace,12,2,0
eclipse.pde.ui-20120217-1437,org.eclipse.pde.api.tools.builder.tests,ApiTestingEnvironment,setRevertSourcePath,3,1,1
eclipse.pde.ui-20120217-1437,org.eclipse.pde.api.tools.builder.tests,ApiTestingEnvironment,getRevertSourcePath,3,1,0
eclipse.pde.ui-20120217-1437,org.eclipse.pde.api.tools.builder.tests,ApiTestingEnvironment,revertWorkspace,21,5,0
eclipse.pde.ui-20120217-1437,org.eclipse.pde.api.tools.builder.tests,ApiTestingEnvironment,deleteWorkspaceFile,10,1,1
eclipse.pde.ui-20120217-1437,org.eclipse.pde.api.tools.builder.tests,ApiTestingEnvironment,updateWorkspaceFile,14,2,2
eclipse.pde.ui-20120217-1437,org.eclipse.pde.api.tools.builder.tests,ApiTestingEnvironment,createWorkspaceFile,14,2,2
eclipse.pde.ui-20120217-1437,org.eclipse.pde.api.tools.builder.tests,ApiTestingEnvironment,added,3,1,1
eclipse.pde.ui-20120217-1437,org.eclipse.pde.api.tools.builder.tests,ApiTestingEnvironment,changed,3,1,1
eclipse.pde.ui-20120217-1437,org.eclipse.pde.api.tools.builder.tests,ApiTestingEnvironment,removed,3,1,1
eclipse.pde.ui-20120217-1437,org.eclipse.pde.api.tools.builder.tests,ApiTestingEnvironment,addFile,11,2,3
eclipse.pde.ui-20120217-1437,org.eclipse.pde.api.tools.builder.tests,ApiTestingEnvironment,getProjectBuildOrder,3,1,0
eclipse.pde.ui-20120217-1437,org.eclipse.pde.api.tools.builder.tests,ApiTestingEnvironment,addClass,10,2,3
eclipse.pde.ui-20120217-1437,org.eclipse.pde.api.tools.builder.tests,ApiTestingEnvironment,setRevert,3,1,1
eclipse.pde.ui-20120217-1437,org.eclipse.pde.api.tools.builder.tests,OSGiLessAnalysisTests,testAnalyzer,21,2,0
eclipse.pde.ui-20120217-1437,org.eclipse.pde.api.tools.builder.tests.compatibility,AnnotationCompatibilityTests,AnnotationCompatibilityTests,3,1,1
eclipse.pde.ui-20120217-1437,org.eclipse.pde.api.tools.builder.tests.compatibility,AnnotationCompatibilityTests,getTestSourcePath,3,1,0
eclipse.pde.ui-20120217-1437,org.eclipse.pde.api.tools.builder.tests.compatibility,AnnotationCompatibilityTests,suite,3,1,0
eclipse.pde.ui-20120217-1437,org.eclipse.pde.api.tools.builder.tests.compatibility,AnnotationCompatibilityTests,getDefaultProblemId,3,1,0
eclipse.pde.ui-20120217-1437,org.eclipse.pde.api.tools.builder.tests.compatibility,AnnotationCompatibilityTests,getTestingProjectName,3,1,0
eclipse.pde.ui-20120217-1437,org.eclipse.pde.api.tools.builder.tests.compatibility,AnnotationCompatibilityTests,xAddMethodwDef,4,1,1
eclipse.pde.ui-20120217-1437,org.eclipse.pde.api.tools.builder.tests.compatibility,AnnotationCompatibilityTests,testAddMethodwDefI,3,1,0
eclipse.pde.ui-20120217-1437,org.eclipse.pde.api.tools.builder.tests.compatibility,AnnotationCompatibilityTests,testAddMethodwDefF,3,1,0
eclipse.pde.ui-20120217-1437,org.eclipse.pde.api.tools.builder.tests.compatibility,AnnotationCompatibilityTests,xAddMethodwoDef,9,1,1
eclipse.pde.ui-20120217-1437,org.eclipse.pde.api.tools.builder.tests.compatibility,AnnotationCompatibilityTests,testAddMethodwoDefI,3,1,0
eclipse.pde.ui-20120217-1437,org.eclipse.pde.api.tools.builder.tests.compatibility,AnnotationCompatibilityTests,testAddMethodwoDefF,3,1,0
eclipse.pde.ui-20120217-1437,org.eclipse.pde.api.tools.builder.tests.compatibility,AnnotationCompatibilityTests,xRemoveDefValue,9,1,1
eclipse.pde.ui-20120217-1437,org.eclipse.pde.api.tools.builder.tests.compatibility,AnnotationCompatibilityTests,testRemoveDefValueI,3,1,0
eclipse.pde.ui-20120217-1437,org.eclipse.pde.api.tools.builder.tests.compatibility,AnnotationCompatibilityTests,testRemoveDefValueF,3,1,0
eclipse.pde.ui-20120217-1437,org.eclipse.pde.api.tools.builder.tests.compatibility,AnnotationCompatibilityTests,xRemoveMemberType,9,1,1
eclipse.pde.ui-20120217-1437,org.eclipse.pde.api.tools.builder.tests.compatibility,AnnotationCompatibilityTests,testRemoveMemberTypeI,3,1,0
eclipse.pde.ui-20120217-1437,org.eclipse.pde.api.tools.builder.tests.compatibility,AnnotationCompatibilityTests,testRemoveMemberTypeF,3,1,0
eclipse.pde.ui-20120217-1437,org.eclipse.pde.api.tools.builder.tests.compatibility,AnnotationCompatibilityTests,xRemoveMethod,9,1,1
eclipse.pde.ui-20120217-1437,org.eclipse.pde.api.tools.builder.tests.compatibility,AnnotationCompatibilityTests,testRemoveMethodI,3,1,0
eclipse.pde.ui-20120217-1437,org.eclipse.pde.api.tools.builder.tests.compatibility,AnnotationCompatibilityTests,testRemoveMethodF,3,1,0
eclipse.pde.ui-20120217-1437,org.eclipse.pde.api.tools.builder.tests.compatibility,AnnotationCompatibilityTests,xRemoveField,9,1,1
eclipse.pde.ui-20120217-1437,org.eclipse.pde.api.tools.builder.tests.compatibility,AnnotationCompatibilityTests,testRemoveFieldI,3,1,0
eclipse.pde.ui-20120217-1437,org.eclipse.pde.api.tools.builder.tests.compatibility,AnnotationCompatibilityTests,testRemoveFieldF,3,1,0
eclipse.pde.ui-20120217-1437,org.eclipse.pde.api.tools.builder.tests.compatibility,AnnotationCompatibilityTests,xConvertToClass,9,1,1
eclipse.pde.ui-20120217-1437,org.eclipse.pde.api.tools.builder.tests.compatibility,AnnotationCompatibilityTests,testConvertToClassI,3,1,0
eclipse.pde.ui-20120217-1437,org.eclipse.pde.api.tools.builder.tests.compatibility,AnnotationCompatibilityTests,testConvertToClassF,3,1,0
eclipse.pde.ui-20120217-1437,org.eclipse.pde.api.tools.builder.tests.compatibility,AnnotationCompatibilityTests,xConvertToEnum,9,1,1
eclipse.pde.ui-20120217-1437,org.eclipse.pde.api.tools.builder.tests.compatibility,AnnotationCompatibilityTests,testConvertToEnumI,3,1,0
eclipse.pde.ui-20120217-1437,org.eclipse.pde.api.tools.builder.tests.compatibility,AnnotationCompatibilityTests,testConvertToEnumF,3,1,0
eclipse.pde.ui-20120217-1437,org.eclipse.pde.api.tools.builder.tests.compatibility,AnnotationCompatibilityTests,xConvertToInterface,9,1,1
eclipse.pde.ui-20120217-1437,org.eclipse.pde.api.tools.builder.tests.compatibility,AnnotationCompatibilityTests,testConvertToInterfaceI,3,1,0
eclipse.pde.ui-20120217-1437,org.eclipse.pde.api.tools.builder.tests.compatibility,AnnotationCompatibilityTests,testConvertToInterfaceF,3,1,0
eclipse.pde.ui-20120217-1437,org.eclipse.pde.api.tools.builder.tests.compatibility,BundleCompatibilityTests,BundleCompatibilityTests,3,1,1
eclipse.pde.ui-20120217-1437,org.eclipse.pde.api.tools.builder.tests.compatibility,BundleCompatibilityTests,getTestSourcePath,3,1,0
eclipse.pde.ui-20120217-1437,org.eclipse.pde.api.tools.builder.tests.compatibility,BundleCompatibilityTests,suite,3,1,0
eclipse.pde.ui-20120217-1437,org.eclipse.pde.api.tools.builder.tests.compatibility,BundleCompatibilityTests,getDefaultProblemId,3,1,0
eclipse.pde.ui-20120217-1437,org.eclipse.pde.api.tools.builder.tests.compatibility,BundleCompatibilityTests,getTestingProjectName,3,1,0
eclipse.pde.ui-20120217-1437,org.eclipse.pde.api.tools.builder.tests.compatibility,BundleCompatibilityTests,xPublicToPackage,9,1,1
eclipse.pde.ui-20120217-1437,org.eclipse.pde.api.tools.builder.tests.compatibility,BundleCompatibilityTests,testPublicToPackageI,3,1,0
eclipse.pde.ui-20120217-1437,org.eclipse.pde.api.tools.builder.tests.compatibility,BundleCompatibilityTests,testPublicToPackageF,3,1,0
eclipse.pde.ui-20120217-1437,org.eclipse.pde.api.tools.builder.tests.compatibility,BundleCompatibilityTests,xRemovePublicClass,9,1,1
eclipse.pde.ui-20120217-1437,org.eclipse.pde.api.tools.builder.tests.compatibility,BundleCompatibilityTests,testRemovePublicClassI,3,1,0
eclipse.pde.ui-20120217-1437,org.eclipse.pde.api.tools.builder.tests.compatibility,BundleCompatibilityTests,testRemovePublicClassF,3,1,0
eclipse.pde.ui-20120217-1437,org.eclipse.pde.api.tools.builder.tests.compatibility,BundleCompatibilityTests,xRemovePrivateClass,4,1,1
eclipse.pde.ui-20120217-1437,org.eclipse.pde.api.tools.builder.tests.compatibility,BundleCompatibilityTests,testRemovePrivateClassI,3,1,0
eclipse.pde.ui-20120217-1437,org.eclipse.pde.api.tools.builder.tests.compatibility,BundleCompatibilityTests,testRemovePrivateClassF,3,1,0
eclipse.pde.ui-20120217-1437,org.eclipse.pde.api.tools.builder.tests.compatibility,BundleCompatibilityTests,testDeleteAndReplaceI,3,1,0
eclipse.pde.ui-20120217-1437,org.eclipse.pde.api.tools.builder.tests.compatibility,BundleCompatibilityTests,testDeleteAndReplaceF,3,1,0
eclipse.pde.ui-20120217-1437,org.eclipse.pde.api.tools.builder.tests.compatibility,BundleCompatibilityTests,xDeleteAndReplace,12,1,1
eclipse.pde.ui-20120217-1437,org.eclipse.pde.api.tools.builder.tests.compatibility,BundleMergeSplitTests,BundleMergeSplitTests,3,1,1
eclipse.pde.ui-20120217-1437,org.eclipse.pde.api.tools.builder.tests.compatibility,BundleMergeSplitTests,setBuilderOptions,9,1,0
eclipse.pde.ui-20120217-1437,org.eclipse.pde.api.tools.builder.tests.compatibility,BundleMergeSplitTests,suite,3,1,0
eclipse.pde.ui-20120217-1437,org.eclipse.pde.api.tools.builder.tests.compatibility,BundleMergeSplitTests,setUp,7,2,0
eclipse.pde.ui-20120217-1437,org.eclipse.pde.api.tools.builder.tests.compatibility,BundleMergeSplitTests,tearDown,17,3,0
eclipse.pde.ui-20120217-1437,org.eclipse.pde.api.tools.builder.tests.compatibility,BundleMergeSplitTests,test001,4,1,0
eclipse.pde.ui-20120217-1437,org.eclipse.pde.api.tools.builder.tests.compatibility,BundleMergeSplitTests,test002,4,1,0
eclipse.pde.ui-20120217-1437,org.eclipse.pde.api.tools.builder.tests.compatibility,BundleMergeSplitTests,test003,10,1,0
eclipse.pde.ui-20120217-1437,org.eclipse.pde.api.tools.builder.tests.compatibility,BundleMergeSplitTests,test004,4,1,0
eclipse.pde.ui-20120217-1437,org.eclipse.pde.api.tools.builder.tests.compatibility,BundleMergeSplitTests,test005,10,1,0
eclipse.pde.ui-20120217-1437,org.eclipse.pde.api.tools.builder.tests.compatibility,BundleMergeSplitTests,test006,10,1,0
eclipse.pde.ui-20120217-1437,org.eclipse.pde.api.tools.builder.tests.compatibility,BundleMergeSplitTests,test007,4,1,0
eclipse.pde.ui-20120217-1437,org.eclipse.pde.api.tools.builder.tests.compatibility,BundleMergeSplitTests,test008,10,1,0
eclipse.pde.ui-20120217-1437,org.eclipse.pde.api.tools.builder.tests.compatibility,BundleMergeSplitTests,test009,12,1,0
eclipse.pde.ui-20120217-1437,org.eclipse.pde.api.tools.builder.tests.compatibility,BundleMergeSplitTests,test010,10,1,0
eclipse.pde.ui-20120217-1437,org.eclipse.pde.api.tools.builder.tests.compatibility,BundleMergeSplitTests,performMergeSplit,28,6,0
eclipse.pde.ui-20120217-1437,org.eclipse.pde.api.tools.builder.tests.compatibility,BundleMergeSplitTests,setupTest,31,4,1
eclipse.pde.ui-20120217-1437,org.eclipse.pde.api.tools.builder.tests.compatibility,BundleMergeSplitTests,getCurrentBaselineLocation,3,1,1
eclipse.pde.ui-20120217-1437,org.eclipse.pde.api.tools.builder.tests.compatibility,BundleMergeSplitTests,getReferenceBaselineLocation,3,1,1
eclipse.pde.ui-20120217-1437,org.eclipse.pde.api.tools.builder.tests.compatibility,BundleMergeSplitTests,getDefaultProblemId,3,1,0
eclipse.pde.ui-20120217-1437,org.eclipse.pde.api.tools.builder.tests.compatibility,BundleMergeSplitTests,getTestSourcePath,3,1,0
eclipse.pde.ui-20120217-1437,org.eclipse.pde.api.tools.builder.tests.compatibility,BundleMergeSplitTests,getTestingProjectName,3,1,0
eclipse.pde.ui-20120217-1437,org.eclipse.pde.api.tools.builder.tests.compatibility,BundleVersionTests,BundleVersionTests,3,1,1
eclipse.pde.ui-20120217-1437,org.eclipse.pde.api.tools.builder.tests.compatibility,BundleVersionTests,setBuilderOptions,9,1,0
eclipse.pde.ui-20120217-1437,org.eclipse.pde.api.tools.builder.tests.compatibility,BundleVersionTests,suite,3,1,0
eclipse.pde.ui-20120217-1437,org.eclipse.pde.api.tools.builder.tests.compatibility,BundleVersionTests,setUp,7,2,0
eclipse.pde.ui-20120217-1437,org.eclipse.pde.api.tools.builder.tests.compatibility,BundleVersionTests,getDefaultProblemId,3,1,0
eclipse.pde.ui-20120217-1437,org.eclipse.pde.api.tools.builder.tests.compatibility,BundleVersionTests,getTestSourcePath,3,1,0
eclipse.pde.ui-20120217-1437,org.eclipse.pde.api.tools.builder.tests.compatibility,BundleVersionTests,getTestingProjectName,3,1,0
eclipse.pde.ui-20120217-1437,org.eclipse.pde.api.tools.builder.tests.compatibility,BundleVersionTests,tearDown,14,2,0
eclipse.pde.ui-20120217-1437,org.eclipse.pde.api.tools.builder.tests.compatibility,BundleVersionTests,performBundleVersion,8,1,0
eclipse.pde.ui-20120217-1437,org.eclipse.pde.api.tools.builder.tests.compatibility,BundleVersionTests,getReferenceBaselineLocation,3,1,1
eclipse.pde.ui-20120217-1437,org.eclipse.pde.api.tools.builder.tests.compatibility,BundleVersionTests,getCurrentBaselineLocation,3,1,1
eclipse.pde.ui-20120217-1437,org.eclipse.pde.api.tools.builder.tests.compatibility,BundleVersionTests,setupTest,31,4,1
eclipse.pde.ui-20120217-1437,org.eclipse.pde.api.tools.builder.tests.compatibility,BundleVersionTests,test001,4,1,0
eclipse.pde.ui-20120217-1437,org.eclipse.pde.api.tools.builder.tests.compatibility,BundleVersionTests,test002,9,1,0
eclipse.pde.ui-20120217-1437,org.eclipse.pde.api.tools.builder.tests.compatibility,BundleVersionTests,test003,9,1,0
eclipse.pde.ui-20120217-1437,org.eclipse.pde.api.tools.builder.tests.compatibility,BundleVersionTests,test004,9,1,0
eclipse.pde.ui-20120217-1437,org.eclipse.pde.api.tools.builder.tests.compatibility,BundleVersionTests,test005,9,1,0
eclipse.pde.ui-20120217-1437,org.eclipse.pde.api.tools.builder.tests.compatibility,ClassCompatibilityConstructorTests,ClassCompatibilityConstructorTests,3,1,1
eclipse.pde.ui-20120217-1437,org.eclipse.pde.api.tools.builder.tests.compatibility,ClassCompatibilityConstructorTests,getTestSourcePath,3,1,0
eclipse.pde.ui-20120217-1437,org.eclipse.pde.api.tools.builder.tests.compatibility,ClassCompatibilityConstructorTests,suite,3,1,0
eclipse.pde.ui-20120217-1437,org.eclipse.pde.api.tools.builder.tests.compatibility,ClassCompatibilityConstructorTests,getDefaultProblemId,3,1,0
eclipse.pde.ui-20120217-1437,org.eclipse.pde.api.tools.builder.tests.compatibility,ClassCompatibilityConstructorTests,getTestingProjectName,3,1,0
eclipse.pde.ui-20120217-1437,org.eclipse.pde.api.tools.builder.tests.compatibility,ClassCompatibilityConstructorTests,xRemovePublicAPIConstructor,9,1,1
eclipse.pde.ui-20120217-1437,org.eclipse.pde.api.tools.builder.tests.compatibility,ClassCompatibilityConstructorTests,testRemovePublicAPIConstructorI,3,1,0
eclipse.pde.ui-20120217-1437,org.eclipse.pde.api.tools.builder.tests.compatibility,ClassCompatibilityConstructorTests,testRemovePublicAPIConstructorF,3,1,0
eclipse.pde.ui-20120217-1437,org.eclipse.pde.api.tools.builder.tests.compatibility,ClassCompatibilityConstructorTests,testRemoveTwoPublicAPIConstructorsI,3,1,0
eclipse.pde.ui-20120217-1437,org.eclipse.pde.api.tools.builder.tests.compatibility,ClassCompatibilityConstructorTests,testRemoveTwoPublicAPIConstructorsF,3,1,0
eclipse.pde.ui-20120217-1437,org.eclipse.pde.api.tools.builder.tests.compatibility,ClassCompatibilityConstructorTests,xRemoveTwoPublicAPIConstructors,10,1,1
eclipse.pde.ui-20120217-1437,org.eclipse.pde.api.tools.builder.tests.compatibility,ClassCompatibilityConstructorTests,xRemoveProtectedAPIConstructor,9,1,1
eclipse.pde.ui-20120217-1437,org.eclipse.pde.api.tools.builder.tests.compatibility,ClassCompatibilityConstructorTests,testRemoveProtectedAPIConstructorI,3,1,0
eclipse.pde.ui-20120217-1437,org.eclipse.pde.api.tools.builder.tests.compatibility,ClassCompatibilityConstructorTests,testRemoveProtectedAPIConstructorF,3,1,0
eclipse.pde.ui-20120217-1437,org.eclipse.pde.api.tools.builder.tests.compatibility,ClassCompatibilityConstructorTests,xRemovePrivateAPIConstructor,4,1,1
eclipse.pde.ui-20120217-1437,org.eclipse.pde.api.tools.builder.tests.compatibility,ClassCompatibilityConstructorTests,testRemovePrivateAPIConstructorI,3,1,0
eclipse.pde.ui-20120217-1437,org.eclipse.pde.api.tools.builder.tests.compatibility,ClassCompatibilityConstructorTests,testRemovePrivateAPIConstructorF,3,1,0
eclipse.pde.ui-20120217-1437,org.eclipse.pde.api.tools.builder.tests.compatibility,ClassCompatibilityConstructorTests,xRemovePackageConstructor,4,1,1
eclipse.pde.ui-20120217-1437,org.eclipse.pde.api.tools.builder.tests.compatibility,ClassCompatibilityConstructorTests,testRemovePackageConstructorI,3,1,0
eclipse.pde.ui-20120217-1437,org.eclipse.pde.api.tools.builder.tests.compatibility,ClassCompatibilityConstructorTests,testRemovePackageConstructorF,3,1,0
eclipse.pde.ui-20120217-1437,org.eclipse.pde.api.tools.builder.tests.compatibility,ClassCompatibilityConstructorTests,xRemovePublicAPIConstructorNoExtend,9,1,1
eclipse.pde.ui-20120217-1437,org.eclipse.pde.api.tools.builder.tests.compatibility,ClassCompatibilityConstructorTests,testRemovePublicAPIConstructorNoExtendI,3,1,0
eclipse.pde.ui-20120217-1437,org.eclipse.pde.api.tools.builder.tests.compatibility,ClassCompatibilityConstructorTests,testRemovePublicAPIConstructorNoExtendF,3,1,0
eclipse.pde.ui-20120217-1437,org.eclipse.pde.api.tools.builder.tests.compatibility,ClassCompatibilityConstructorTests,xRemoveProtectedAPIConstructorNoExtend,4,1,1
eclipse.pde.ui-20120217-1437,org.eclipse.pde.api.tools.builder.tests.compatibility,ClassCompatibilityConstructorTests,testRemoveProtectedAPIConstructorNoExtendI,3,1,0
eclipse.pde.ui-20120217-1437,org.eclipse.pde.api.tools.builder.tests.compatibility,ClassCompatibilityConstructorTests,testRemoveProtectedAPIConstructorNoExtendF,3,1,0
eclipse.pde.ui-20120217-1437,org.eclipse.pde.api.tools.builder.tests.compatibility,ClassCompatibilityConstructorTests,xRemovePublicAPIConstructorNoInstantiate,9,1,1
eclipse.pde.ui-20120217-1437,org.eclipse.pde.api.tools.builder.tests.compatibility,ClassCompatibilityConstructorTests,testRemovePublicAPIConstructorNoInstantiateI,3,1,0
eclipse.pde.ui-20120217-1437,org.eclipse.pde.api.tools.builder.tests.compatibility,ClassCompatibilityConstructorTests,testRemovePublicAPIConstructorNoInstantiateF,3,1,0
eclipse.pde.ui-20120217-1437,org.eclipse.pde.api.tools.builder.tests.compatibility,ClassCompatibilityConstructorTests,xRemoveProtectedAPIConstructorNoInstantiate,9,1,1
eclipse.pde.ui-20120217-1437,org.eclipse.pde.api.tools.builder.tests.compatibility,ClassCompatibilityConstructorTests,testRemoveProtectedAPIConstructorNoInstantiateI,3,1,0
eclipse.pde.ui-20120217-1437,org.eclipse.pde.api.tools.builder.tests.compatibility,ClassCompatibilityConstructorTests,testRemoveProtectedAPIConstructorNoInstantiateF,3,1,0
eclipse.pde.ui-20120217-1437,org.eclipse.pde.api.tools.builder.tests.compatibility,ClassCompatibilityConstructorTests,xRemovePublicAPIConstructorNoExtendNoInstatiate,4,1,1
eclipse.pde.ui-20120217-1437,org.eclipse.pde.api.tools.builder.tests.compatibility,ClassCompatibilityConstructorTests,testRemovePublicAPIConstructorNoExtendNoInstantiateI,3,1,0
eclipse.pde.ui-20120217-1437,org.eclipse.pde.api.tools.builder.tests.compatibility,ClassCompatibilityConstructorTests,testRemovePublicAPIConstructorNoExtendNoInstantiateF,3,1,0
eclipse.pde.ui-20120217-1437,org.eclipse.pde.api.tools.builder.tests.compatibility,ClassCompatibilityConstructorTests,xRemoveProtectedAPIConstructorNoExtendNoInstatiate,4,1,1
eclipse.pde.ui-20120217-1437,org.eclipse.pde.api.tools.builder.tests.compatibility,ClassCompatibilityConstructorTests,testRemoveProtectedAPIConstructorNoExtendNoInstantiateI,3,1,0
eclipse.pde.ui-20120217-1437,org.eclipse.pde.api.tools.builder.tests.compatibility,ClassCompatibilityConstructorTests,testRemoveProtectedAPIConstructorNoExtendNoInstantiateF,3,1,0
eclipse.pde.ui-20120217-1437,org.eclipse.pde.api.tools.builder.tests.compatibility,ClassCompatibilityConstructorTests,xRemovePublicAPIConstructorNoReference,4,1,1
eclipse.pde.ui-20120217-1437,org.eclipse.pde.api.tools.builder.tests.compatibility,ClassCompatibilityConstructorTests,testRemovePublicAPIConstructorNoReferenceI,3,1,0
eclipse.pde.ui-20120217-1437,org.eclipse.pde.api.tools.builder.tests.compatibility,ClassCompatibilityConstructorTests,testRemovePublicAPIConstructorNoReferenceF,3,1,0
eclipse.pde.ui-20120217-1437,org.eclipse.pde.api.tools.builder.tests.compatibility,ClassCompatibilityConstructorTests,xRemoveProtectedAPIConstructorNoReference,4,1,1
eclipse.pde.ui-20120217-1437,org.eclipse.pde.api.tools.builder.tests.compatibility,ClassCompatibilityConstructorTests,testRemoveProtectedAPIConstructorNoReferenceI,3,1,0
eclipse.pde.ui-20120217-1437,org.eclipse.pde.api.tools.builder.tests.compatibility,ClassCompatibilityConstructorTests,testRemoveProtectedAPIConstructorNoReferencF,3,1,0
eclipse.pde.ui-20120217-1437,org.eclipse.pde.api.tools.builder.tests.compatibility,ClassCompatibilityConstructorTests,xRemovePublicAPIConstructorNoOverride,9,1,1
eclipse.pde.ui-20120217-1437,org.eclipse.pde.api.tools.builder.tests.compatibility,ClassCompatibilityConstructorTests,testRemovePublicAPIConstructorNoOverrideI,3,1,0
eclipse.pde.ui-20120217-1437,org.eclipse.pde.api.tools.builder.tests.compatibility,ClassCompatibilityConstructorTests,testRemovePublicAPIConstructorNoOverrideF,3,1,0
eclipse.pde.ui-20120217-1437,org.eclipse.pde.api.tools.builder.tests.compatibility,ClassCompatibilityConstructorTests,xRemoveProtectedAPIConstructorNoOverride,9,1,1
eclipse.pde.ui-20120217-1437,org.eclipse.pde.api.tools.builder.tests.compatibility,ClassCompatibilityConstructorTests,testRemoveProtectedAPIConstructorNoOverrideI,3,1,0
eclipse.pde.ui-20120217-1437,org.eclipse.pde.api.tools.builder.tests.compatibility,ClassCompatibilityConstructorTests,testRemoveProtectedAPIConstructorNoOverrideF,3,1,0
eclipse.pde.ui-20120217-1437,org.eclipse.pde.api.tools.builder.tests.compatibility,ClassCompatibilityConstructorTests,xAddPrivateAPIConstructor,4,1,1
eclipse.pde.ui-20120217-1437,org.eclipse.pde.api.tools.builder.tests.compatibility,ClassCompatibilityConstructorTests,testAddPrivateAPIConstructorI,3,1,0
eclipse.pde.ui-20120217-1437,org.eclipse.pde.api.tools.builder.tests.compatibility,ClassCompatibilityConstructorTests,testAddPrivateAPIConstructorF,3,1,0
eclipse.pde.ui-20120217-1437,org.eclipse.pde.api.tools.builder.tests.compatibility,ClassCompatibilityConstructorTests,xAddProtectedAPIConstructor,4,1,1
eclipse.pde.ui-20120217-1437,org.eclipse.pde.api.tools.builder.tests.compatibility,ClassCompatibilityConstructorTests,testAddProtectedAPIConstructorI,3,1,0
eclipse.pde.ui-20120217-1437,org.eclipse.pde.api.tools.builder.tests.compatibility,ClassCompatibilityConstructorTests,testAddProtectedAPIConstructorF,3,1,0
eclipse.pde.ui-20120217-1437,org.eclipse.pde.api.tools.builder.tests.compatibility,ClassCompatibilityConstructorTests,xAddPublicAPIConstructor,4,1,1
eclipse.pde.ui-20120217-1437,org.eclipse.pde.api.tools.builder.tests.compatibility,ClassCompatibilityConstructorTests,testAddPublicAPIConstructorI,3,1,0
eclipse.pde.ui-20120217-1437,org.eclipse.pde.api.tools.builder.tests.compatibility,ClassCompatibilityConstructorTests,testAddPublicAPIConstructorF,3,1,0
eclipse.pde.ui-20120217-1437,org.eclipse.pde.api.tools.builder.tests.compatibility,ClassCompatibilityConstructorTests,xAddSingletonPrivateAPIConstructor,9,1,1
eclipse.pde.ui-20120217-1437,org.eclipse.pde.api.tools.builder.tests.compatibility,ClassCompatibilityConstructorTests,testAddSingletonPrivateAPIConstructorI,3,1,0
eclipse.pde.ui-20120217-1437,org.eclipse.pde.api.tools.builder.tests.compatibility,ClassCompatibilityConstructorTests,testAddSingletonPrivateAPIConstructorF,3,1,0
eclipse.pde.ui-20120217-1437,org.eclipse.pde.api.tools.builder.tests.compatibility,ClassCompatibilityConstructorTests,xAddSingletonProtectedAPIConstructor,9,1,1
eclipse.pde.ui-20120217-1437,org.eclipse.pde.api.tools.builder.tests.compatibility,ClassCompatibilityConstructorTests,testAddSingletonProtectedAPIConstructorI,3,1,0
eclipse.pde.ui-20120217-1437,org.eclipse.pde.api.tools.builder.tests.compatibility,ClassCompatibilityConstructorTests,testAddSingletonProtectedAPIConstructorF,3,1,0
eclipse.pde.ui-20120217-1437,org.eclipse.pde.api.tools.builder.tests.compatibility,ClassCompatibilityConstructorTests,xAddSingletonPublicAPIConstructor,9,1,1
eclipse.pde.ui-20120217-1437,org.eclipse.pde.api.tools.builder.tests.compatibility,ClassCompatibilityConstructorTests,testAddSingletonPublicAPIConstructorI,3,1,0
eclipse.pde.ui-20120217-1437,org.eclipse.pde.api.tools.builder.tests.compatibility,ClassCompatibilityConstructorTests,testAddSingletonPublicAPIConstructorF,3,1,0
eclipse.pde.ui-20120217-1437,org.eclipse.pde.api.tools.builder.tests.compatibility,ClassCompatibilityFieldTests,ClassCompatibilityFieldTests,3,1,1
eclipse.pde.ui-20120217-1437,org.eclipse.pde.api.tools.builder.tests.compatibility,ClassCompatibilityFieldTests,getTestSourcePath,3,1,0
eclipse.pde.ui-20120217-1437,org.eclipse.pde.api.tools.builder.tests.compatibility,ClassCompatibilityFieldTests,suite,3,1,0
eclipse.pde.ui-20120217-1437,org.eclipse.pde.api.tools.builder.tests.compatibility,ClassCompatibilityFieldTests,getDefaultProblemId,3,1,0
eclipse.pde.ui-20120217-1437,org.eclipse.pde.api.tools.builder.tests.compatibility,ClassCompatibilityFieldTests,getTestingProjectName,3,1,0
eclipse.pde.ui-20120217-1437,org.eclipse.pde.api.tools.builder.tests.compatibility,ClassCompatibilityFieldTests,xRemovePublicField,9,1,1
eclipse.pde.ui-20120217-1437,org.eclipse.pde.api.tools.builder.tests.compatibility,ClassCompatibilityFieldTests,testRemovePublicFieldI,3,1,0
eclipse.pde.ui-20120217-1437,org.eclipse.pde.api.tools.builder.tests.compatibility,ClassCompatibilityFieldTests,testRemovePublicFieldF,3,1,0
eclipse.pde.ui-20120217-1437,org.eclipse.pde.api.tools.builder.tests.compatibility,ClassCompatibilityFieldTests,testRemoveTwoPublicFieldsI,3,1,0
eclipse.pde.ui-20120217-1437,org.eclipse.pde.api.tools.builder.tests.compatibility,ClassCompatibilityFieldTests,testRemoveTwoPublicFieldsF,3,1,0
eclipse.pde.ui-20120217-1437,org.eclipse.pde.api.tools.builder.tests.compatibility,ClassCompatibilityFieldTests,xRemoveTwoPublicFields,10,1,1
eclipse.pde.ui-20120217-1437,org.eclipse.pde.api.tools.builder.tests.compatibility,ClassCompatibilityFieldTests,xRemoveProtectedField,9,1,1
eclipse.pde.ui-20120217-1437,org.eclipse.pde.api.tools.builder.tests.compatibility,ClassCompatibilityFieldTests,testRemoveProtectedFieldI,3,1,0
eclipse.pde.ui-20120217-1437,org.eclipse.pde.api.tools.builder.tests.compatibility,ClassCompatibilityFieldTests,testRemoveProtectedFieldF,3,1,0
eclipse.pde.ui-20120217-1437,org.eclipse.pde.api.tools.builder.tests.compatibility,ClassCompatibilityFieldTests,xRemovePrivateField,4,1,1
eclipse.pde.ui-20120217-1437,org.eclipse.pde.api.tools.builder.tests.compatibility,ClassCompatibilityFieldTests,testRemovePrivateFieldI,3,1,0
eclipse.pde.ui-20120217-1437,org.eclipse.pde.api.tools.builder.tests.compatibility,ClassCompatibilityFieldTests,testRemovePrivateFieldF,3,1,0
eclipse.pde.ui-20120217-1437,org.eclipse.pde.api.tools.builder.tests.compatibility,ClassCompatibilityFieldTests,xRemovePackageField,4,1,1
eclipse.pde.ui-20120217-1437,org.eclipse.pde.api.tools.builder.tests.compatibility,ClassCompatibilityFieldTests,testRemovePackageFieldI,3,1,0
eclipse.pde.ui-20120217-1437,org.eclipse.pde.api.tools.builder.tests.compatibility,ClassCompatibilityFieldTests,testRemovePackageFieldF,3,1,0
eclipse.pde.ui-20120217-1437,org.eclipse.pde.api.tools.builder.tests.compatibility,ClassCompatibilityFieldTests,xRemovePublicFieldNoExtend,9,1,1
eclipse.pde.ui-20120217-1437,org.eclipse.pde.api.tools.builder.tests.compatibility,ClassCompatibilityFieldTests,testRemovePublicFieldNoExtendI,3,1,0
eclipse.pde.ui-20120217-1437,org.eclipse.pde.api.tools.builder.tests.compatibility,ClassCompatibilityFieldTests,testRemovePublicFieldNoExtendF,3,1,0
eclipse.pde.ui-20120217-1437,org.eclipse.pde.api.tools.builder.tests.compatibility,ClassCompatibilityFieldTests,xRemoveProtectedFieldNoExtend,4,1,1
eclipse.pde.ui-20120217-1437,org.eclipse.pde.api.tools.builder.tests.compatibility,ClassCompatibilityFieldTests,testRemoveProtectedFieldNoExtendI,3,1,0
eclipse.pde.ui-20120217-1437,org.eclipse.pde.api.tools.builder.tests.compatibility,ClassCompatibilityFieldTests,testRemoveProtectedFieldNoExtendF,3,1,0
eclipse.pde.ui-20120217-1437,org.eclipse.pde.api.tools.builder.tests.compatibility,ClassCompatibilityFieldTests,xRemovePublicFieldNoInstantiate,9,1,1
eclipse.pde.ui-20120217-1437,org.eclipse.pde.api.tools.builder.tests.compatibility,ClassCompatibilityFieldTests,testRemovePublicFieldNoInstantiateI,3,1,0
eclipse.pde.ui-20120217-1437,org.eclipse.pde.api.tools.builder.tests.compatibility,ClassCompatibilityFieldTests,testRemovePublicFieldNoInstantiateF,3,1,0
eclipse.pde.ui-20120217-1437,org.eclipse.pde.api.tools.builder.tests.compatibility,ClassCompatibilityFieldTests,xRemoveProtectedFieldNoInstantiate,9,1,1
eclipse.pde.ui-20120217-1437,org.eclipse.pde.api.tools.builder.tests.compatibility,ClassCompatibilityFieldTests,testRemoveProtectedFieldNoInstantiateI,3,1,0
eclipse.pde.ui-20120217-1437,org.eclipse.pde.api.tools.builder.tests.compatibility,ClassCompatibilityFieldTests,testRemoveProtectedFieldNoInstantiateF,3,1,0
eclipse.pde.ui-20120217-1437,org.eclipse.pde.api.tools.builder.tests.compatibility,ClassCompatibilityFieldTests,xRemovePublicFieldNoExtendNoInstatiate,9,1,1
eclipse.pde.ui-20120217-1437,org.eclipse.pde.api.tools.builder.tests.compatibility,ClassCompatibilityFieldTests,testRemovePublicFieldNoExtendNoInstantiateI,3,1,0
eclipse.pde.ui-20120217-1437,org.eclipse.pde.api.tools.builder.tests.compatibility,ClassCompatibilityFieldTests,testRemovePublicFieldNoExtendNoInstantiateF,3,1,0
eclipse.pde.ui-20120217-1437,org.eclipse.pde.api.tools.builder.tests.compatibility,ClassCompatibilityFieldTests,xRemoveProtectedFieldNoExtendNoInstatiate,4,1,1
eclipse.pde.ui-20120217-1437,org.eclipse.pde.api.tools.builder.tests.compatibility,ClassCompatibilityFieldTests,testRemoveProtectedFieldNoExtendNoInstantiateI,3,1,0
eclipse.pde.ui-20120217-1437,org.eclipse.pde.api.tools.builder.tests.compatibility,ClassCompatibilityFieldTests,testRemoveProtectedFieldNoExtendNoInstantiateF,3,1,0
eclipse.pde.ui-20120217-1437,org.eclipse.pde.api.tools.builder.tests.compatibility,ClassCompatibilityFieldTests,xRemovePublicFieldNoReference,4,1,1
eclipse.pde.ui-20120217-1437,org.eclipse.pde.api.tools.builder.tests.compatibility,ClassCompatibilityFieldTests,testRemovePublicFieldNoReferenceI,3,1,0
eclipse.pde.ui-20120217-1437,org.eclipse.pde.api.tools.builder.tests.compatibility,ClassCompatibilityFieldTests,testRemovePublicFieldNoReferencF,3,1,0
eclipse.pde.ui-20120217-1437,org.eclipse.pde.api.tools.builder.tests.compatibility,ClassCompatibilityFieldTests,xRemoveProtectedFieldNoReference,4,1,1
eclipse.pde.ui-20120217-1437,org.eclipse.pde.api.tools.builder.tests.compatibility,ClassCompatibilityFieldTests,testRemoveProtectedFieldNoReferenceI,3,1,0
eclipse.pde.ui-20120217-1437,org.eclipse.pde.api.tools.builder.tests.compatibility,ClassCompatibilityFieldTests,testRemoveProtectedFieldNoReferencF,3,1,0
eclipse.pde.ui-20120217-1437,org.eclipse.pde.api.tools.builder.tests.compatibility,ClassCompatibilityFieldTests,xAddPrivateField,4,1,1
eclipse.pde.ui-20120217-1437,org.eclipse.pde.api.tools.builder.tests.compatibility,ClassCompatibilityFieldTests,testAddPrivateFieldI,3,1,0
eclipse.pde.ui-20120217-1437,org.eclipse.pde.api.tools.builder.tests.compatibility,ClassCompatibilityFieldTests,testAddPrivateFieldF,3,1,0
eclipse.pde.ui-20120217-1437,org.eclipse.pde.api.tools.builder.tests.compatibility,ClassCompatibilityFieldTests,xAddProtectedField,4,1,1
eclipse.pde.ui-20120217-1437,org.eclipse.pde.api.tools.builder.tests.compatibility,ClassCompatibilityFieldTests,testAddProtectedFieldI,3,1,0
eclipse.pde.ui-20120217-1437,org.eclipse.pde.api.tools.builder.tests.compatibility,ClassCompatibilityFieldTests,testAddProtectedFieldF,3,1,0
eclipse.pde.ui-20120217-1437,org.eclipse.pde.api.tools.builder.tests.compatibility,ClassCompatibilityFieldTests,xAddPublicField,4,1,1
eclipse.pde.ui-20120217-1437,org.eclipse.pde.api.tools.builder.tests.compatibility,ClassCompatibilityFieldTests,testAddPublicFieldI,3,1,0
eclipse.pde.ui-20120217-1437,org.eclipse.pde.api.tools.builder.tests.compatibility,ClassCompatibilityFieldTests,testAddPublicFieldF,3,1,0
eclipse.pde.ui-20120217-1437,org.eclipse.pde.api.tools.builder.tests.compatibility,ClassCompatibilityHierarchyTests,ClassCompatibilityHierarchyTests,3,1,1
eclipse.pde.ui-20120217-1437,org.eclipse.pde.api.tools.builder.tests.compatibility,ClassCompatibilityHierarchyTests,getTestSourcePath,3,1,0
eclipse.pde.ui-20120217-1437,org.eclipse.pde.api.tools.builder.tests.compatibility,ClassCompatibilityHierarchyTests,suite,3,1,0
eclipse.pde.ui-20120217-1437,org.eclipse.pde.api.tools.builder.tests.compatibility,ClassCompatibilityHierarchyTests,getChangedProblemId,3,1,1
eclipse.pde.ui-20120217-1437,org.eclipse.pde.api.tools.builder.tests.compatibility,ClassCompatibilityHierarchyTests,getRemovedProblemId,3,1,1
eclipse.pde.ui-20120217-1437,org.eclipse.pde.api.tools.builder.tests.compatibility,ClassCompatibilityHierarchyTests,getTestingProjectName,3,1,0
eclipse.pde.ui-20120217-1437,org.eclipse.pde.api.tools.builder.tests.compatibility,ClassCompatibilityHierarchyTests,xReduceHierarchyCtoA,9,1,1
eclipse.pde.ui-20120217-1437,org.eclipse.pde.api.tools.builder.tests.compatibility,ClassCompatibilityHierarchyTests,testReduceHierarchyCtoAI,3,1,0
eclipse.pde.ui-20120217-1437,org.eclipse.pde.api.tools.builder.tests.compatibility,ClassCompatibilityHierarchyTests,testReduceHierarchyCtoAF,3,1,0
eclipse.pde.ui-20120217-1437,org.eclipse.pde.api.tools.builder.tests.compatibility,ClassCompatibilityHierarchyTests,xReduceHierarchyCtoB,9,1,1
eclipse.pde.ui-20120217-1437,org.eclipse.pde.api.tools.builder.tests.compatibility,ClassCompatibilityHierarchyTests,testReduceHierarchyCtoBI,3,1,0
eclipse.pde.ui-20120217-1437,org.eclipse.pde.api.tools.builder.tests.compatibility,ClassCompatibilityHierarchyTests,testReduceHierarchyCtoBF,3,1,0
eclipse.pde.ui-20120217-1437,org.eclipse.pde.api.tools.builder.tests.compatibility,ClassCompatibilityHierarchyTests,xReduceHierarchyCtoObject,9,1,1
eclipse.pde.ui-20120217-1437,org.eclipse.pde.api.tools.builder.tests.compatibility,ClassCompatibilityHierarchyTests,testReduceHierarchyCtoObjectI,3,1,0
eclipse.pde.ui-20120217-1437,org.eclipse.pde.api.tools.builder.tests.compatibility,ClassCompatibilityHierarchyTests,testReduceHierarchyCtoObjectF,3,1,0
eclipse.pde.ui-20120217-1437,org.eclipse.pde.api.tools.builder.tests.compatibility,ClassCompatibilityHierarchyTests,xChangeHierarchyAtoD,9,1,1
eclipse.pde.ui-20120217-1437,org.eclipse.pde.api.tools.builder.tests.compatibility,ClassCompatibilityHierarchyTests,testChangeHierarchyAtoDI,3,1,0
eclipse.pde.ui-20120217-1437,org.eclipse.pde.api.tools.builder.tests.compatibility,ClassCompatibilityHierarchyTests,testChangeHierarchyAtoDF,3,1,0
eclipse.pde.ui-20120217-1437,org.eclipse.pde.api.tools.builder.tests.compatibility,ClassCompatibilityHierarchyTests,xReduceInterfaceABtoA,9,1,1
eclipse.pde.ui-20120217-1437,org.eclipse.pde.api.tools.builder.tests.compatibility,ClassCompatibilityHierarchyTests,testReduceInterfaceABtoAI,3,1,0
eclipse.pde.ui-20120217-1437,org.eclipse.pde.api.tools.builder.tests.compatibility,ClassCompatibilityHierarchyTests,testReduceInterfaceABtoAF,3,1,0
eclipse.pde.ui-20120217-1437,org.eclipse.pde.api.tools.builder.tests.compatibility,ClassCompatibilityHierarchyTests,xReduceInterfaceABtoEmpty,9,1,1
eclipse.pde.ui-20120217-1437,org.eclipse.pde.api.tools.builder.tests.compatibility,ClassCompatibilityHierarchyTests,testReduceInterfaceABtoEmptyI,3,1,0
eclipse.pde.ui-20120217-1437,org.eclipse.pde.api.tools.builder.tests.compatibility,ClassCompatibilityHierarchyTests,testReduceInterfaceABtoEmptyF,3,1,0
eclipse.pde.ui-20120217-1437,org.eclipse.pde.api.tools.builder.tests.compatibility,ClassCompatibilityHierarchyTests,xChangeInterfaceAtoB,9,1,1
eclipse.pde.ui-20120217-1437,org.eclipse.pde.api.tools.builder.tests.compatibility,ClassCompatibilityHierarchyTests,testChangeInterfaceAtoBI,3,1,0
eclipse.pde.ui-20120217-1437,org.eclipse.pde.api.tools.builder.tests.compatibility,ClassCompatibilityHierarchyTests,testChangeInterfaceAtoBF,3,1,0
eclipse.pde.ui-20120217-1437,org.eclipse.pde.api.tools.builder.tests.compatibility,ClassCompatibilityHierarchyTests,xAddInterfaceA,4,1,1
eclipse.pde.ui-20120217-1437,org.eclipse.pde.api.tools.builder.tests.compatibility,ClassCompatibilityHierarchyTests,testAddInterfaceAI,3,1,0
eclipse.pde.ui-20120217-1437,org.eclipse.pde.api.tools.builder.tests.compatibility,ClassCompatibilityHierarchyTests,testAddInterfaceAF,3,1,0
eclipse.pde.ui-20120217-1437,org.eclipse.pde.api.tools.builder.tests.compatibility,ClassCompatibilityHierarchyTests,xPushMethodUp,6,1,1
eclipse.pde.ui-20120217-1437,org.eclipse.pde.api.tools.builder.tests.compatibility,ClassCompatibilityHierarchyTests,testPushMethodUpI,3,1,0
eclipse.pde.ui-20120217-1437,org.eclipse.pde.api.tools.builder.tests.compatibility,ClassCompatibilityHierarchyTests,testPushMethodUpF,3,1,0
eclipse.pde.ui-20120217-1437,org.eclipse.pde.api.tools.builder.tests.compatibility,ClassCompatibilityHierarchyTests,xRemoveInternalSuperClass,4,1,1
eclipse.pde.ui-20120217-1437,org.eclipse.pde.api.tools.builder.tests.compatibility,ClassCompatibilityHierarchyTests,testRemoveInternalSuperClassI,3,1,0
eclipse.pde.ui-20120217-1437,org.eclipse.pde.api.tools.builder.tests.compatibility,ClassCompatibilityHierarchyTests,testRemoveInternalSuperClassF,3,1,0
eclipse.pde.ui-20120217-1437,org.eclipse.pde.api.tools.builder.tests.compatibility,ClassCompatibilityHierarchyTests,getDefaultProblemId,3,1,0
eclipse.pde.ui-20120217-1437,org.eclipse.pde.api.tools.builder.tests.compatibility,ClassCompatibilityHierarchyTests,xRemoveInternalSuperClassWithConstructor,4,1,1
eclipse.pde.ui-20120217-1437,org.eclipse.pde.api.tools.builder.tests.compatibility,ClassCompatibilityHierarchyTests,testRemoveInternalSuperClassWithConstructorI,3,1,0
eclipse.pde.ui-20120217-1437,org.eclipse.pde.api.tools.builder.tests.compatibility,ClassCompatibilityHierarchyTests,testRemoveInternalSuperClassWithConstructorF,3,1,0
eclipse.pde.ui-20120217-1437,org.eclipse.pde.api.tools.builder.tests.compatibility,ClassCompatibilityMemberTypeTests,ClassCompatibilityMemberTypeTests,3,1,1
eclipse.pde.ui-20120217-1437,org.eclipse.pde.api.tools.builder.tests.compatibility,ClassCompatibilityMemberTypeTests,getTestSourcePath,3,1,0
eclipse.pde.ui-20120217-1437,org.eclipse.pde.api.tools.builder.tests.compatibility,ClassCompatibilityMemberTypeTests,suite,3,1,0
eclipse.pde.ui-20120217-1437,org.eclipse.pde.api.tools.builder.tests.compatibility,ClassCompatibilityMemberTypeTests,getDefaultProblemId,3,1,0
eclipse.pde.ui-20120217-1437,org.eclipse.pde.api.tools.builder.tests.compatibility,ClassCompatibilityMemberTypeTests,getReducedVisibilityId,3,1,0
eclipse.pde.ui-20120217-1437,org.eclipse.pde.api.tools.builder.tests.compatibility,ClassCompatibilityMemberTypeTests,getRemovedAPITypeId,3,1,0
eclipse.pde.ui-20120217-1437,org.eclipse.pde.api.tools.builder.tests.compatibility,ClassCompatibilityMemberTypeTests,getTestingProjectName,3,1,0
eclipse.pde.ui-20120217-1437,org.eclipse.pde.api.tools.builder.tests.compatibility,ClassCompatibilityMemberTypeTests,xRemovePublicMemberType,9,1,1
eclipse.pde.ui-20120217-1437,org.eclipse.pde.api.tools.builder.tests.compatibility,ClassCompatibilityMemberTypeTests,testRemovePublicMemberTypeI,3,1,0
eclipse.pde.ui-20120217-1437,org.eclipse.pde.api.tools.builder.tests.compatibility,ClassCompatibilityMemberTypeTests,testRemovePublicMemberTypeF,3,1,0
eclipse.pde.ui-20120217-1437,org.eclipse.pde.api.tools.builder.tests.compatibility,ClassCompatibilityMemberTypeTests,xRemoveProtectedMemberType,9,1,1
eclipse.pde.ui-20120217-1437,org.eclipse.pde.api.tools.builder.tests.compatibility,ClassCompatibilityMemberTypeTests,testRemoveProtectedMemberTypeI,3,1,0
eclipse.pde.ui-20120217-1437,org.eclipse.pde.api.tools.builder.tests.compatibility,ClassCompatibilityMemberTypeTests,testRemoveProtectedMemberTypeF,3,1,0
eclipse.pde.ui-20120217-1437,org.eclipse.pde.api.tools.builder.tests.compatibility,ClassCompatibilityMemberTypeTests,xRemovePackageMemberType,4,1,1
eclipse.pde.ui-20120217-1437,org.eclipse.pde.api.tools.builder.tests.compatibility,ClassCompatibilityMemberTypeTests,testRemovePackageMemberTypeI,3,1,0
eclipse.pde.ui-20120217-1437,org.eclipse.pde.api.tools.builder.tests.compatibility,ClassCompatibilityMemberTypeTests,testRemovePackageMemberTypeF,3,1,0
eclipse.pde.ui-20120217-1437,org.eclipse.pde.api.tools.builder.tests.compatibility,ClassCompatibilityMemberTypeTests,xRemovePrivateMemberType,4,1,1
eclipse.pde.ui-20120217-1437,org.eclipse.pde.api.tools.builder.tests.compatibility,ClassCompatibilityMemberTypeTests,testRemovePrivateMemberTypeI,3,1,0
eclipse.pde.ui-20120217-1437,org.eclipse.pde.api.tools.builder.tests.compatibility,ClassCompatibilityMemberTypeTests,testRemovePrivateMemberTypeF,3,1,0
eclipse.pde.ui-20120217-1437,org.eclipse.pde.api.tools.builder.tests.compatibility,ClassCompatibilityMemberTypeTests,xRemoveProtectedMemberTypeNoExtend,4,1,1
eclipse.pde.ui-20120217-1437,org.eclipse.pde.api.tools.builder.tests.compatibility,ClassCompatibilityMemberTypeTests,testRemoveProtectedMemberTypeNoExtendI,3,1,0
eclipse.pde.ui-20120217-1437,org.eclipse.pde.api.tools.builder.tests.compatibility,ClassCompatibilityMemberTypeTests,testRemoveProtectedMemberTypeNoExtendF,3,1,0
eclipse.pde.ui-20120217-1437,org.eclipse.pde.api.tools.builder.tests.compatibility,ClassCompatibilityMemberTypeTests,xPublicToProtected,9,1,1
eclipse.pde.ui-20120217-1437,org.eclipse.pde.api.tools.builder.tests.compatibility,ClassCompatibilityMemberTypeTests,testPublicToProtectedI,3,1,0
eclipse.pde.ui-20120217-1437,org.eclipse.pde.api.tools.builder.tests.compatibility,ClassCompatibilityMemberTypeTests,testPublicToProtectedF,3,1,0
eclipse.pde.ui-20120217-1437,org.eclipse.pde.api.tools.builder.tests.compatibility,ClassCompatibilityMemberTypeTests,xPublicToPackage,9,1,1
eclipse.pde.ui-20120217-1437,org.eclipse.pde.api.tools.builder.tests.compatibility,ClassCompatibilityMemberTypeTests,testPublicToPackageI,3,1,0
eclipse.pde.ui-20120217-1437,org.eclipse.pde.api.tools.builder.tests.compatibility,ClassCompatibilityMemberTypeTests,testPublicToPackageF,3,1,0
eclipse.pde.ui-20120217-1437,org.eclipse.pde.api.tools.builder.tests.compatibility,ClassCompatibilityMemberTypeTests,xPublicToPrivate,9,1,1
eclipse.pde.ui-20120217-1437,org.eclipse.pde.api.tools.builder.tests.compatibility,ClassCompatibilityMemberTypeTests,testPublicToPrivateI,3,1,0
eclipse.pde.ui-20120217-1437,org.eclipse.pde.api.tools.builder.tests.compatibility,ClassCompatibilityMemberTypeTests,testPublicToPrivateF,3,1,0
eclipse.pde.ui-20120217-1437,org.eclipse.pde.api.tools.builder.tests.compatibility,ClassCompatibilityMemberTypeTests,xProtectedToPackage,9,1,1
eclipse.pde.ui-20120217-1437,org.eclipse.pde.api.tools.builder.tests.compatibility,ClassCompatibilityMemberTypeTests,testProtectedToPackageI,3,1,0
eclipse.pde.ui-20120217-1437,org.eclipse.pde.api.tools.builder.tests.compatibility,ClassCompatibilityMemberTypeTests,testProtectedToPackageF,3,1,0
eclipse.pde.ui-20120217-1437,org.eclipse.pde.api.tools.builder.tests.compatibility,ClassCompatibilityMemberTypeTests,xProtectedToPrivate,9,1,1
eclipse.pde.ui-20120217-1437,org.eclipse.pde.api.tools.builder.tests.compatibility,ClassCompatibilityMemberTypeTests,testProtectedToPrivateI,3,1,0
eclipse.pde.ui-20120217-1437,org.eclipse.pde.api.tools.builder.tests.compatibility,ClassCompatibilityMemberTypeTests,testProtectedToPrivateF,3,1,0
eclipse.pde.ui-20120217-1437,org.eclipse.pde.api.tools.builder.tests.compatibility,ClassCompatibilityMemberTypeTests,xPackageToPrivate,4,1,1
eclipse.pde.ui-20120217-1437,org.eclipse.pde.api.tools.builder.tests.compatibility,ClassCompatibilityMemberTypeTests,testPackageToPrivateI,3,1,0
eclipse.pde.ui-20120217-1437,org.eclipse.pde.api.tools.builder.tests.compatibility,ClassCompatibilityMemberTypeTests,testPackageToPrivateF,3,1,0
eclipse.pde.ui-20120217-1437,org.eclipse.pde.api.tools.builder.tests.compatibility,ClassCompatibilityMemberTypeTests,xProtectedToPackageNoExtend,4,1,1
eclipse.pde.ui-20120217-1437,org.eclipse.pde.api.tools.builder.tests.compatibility,ClassCompatibilityMemberTypeTests,testProtectedToPackageNoExtendI,3,1,0
eclipse.pde.ui-20120217-1437,org.eclipse.pde.api.tools.builder.tests.compatibility,ClassCompatibilityMemberTypeTests,testProtectedToPackageNoExtendF,3,1,0
eclipse.pde.ui-20120217-1437,org.eclipse.pde.api.tools.builder.tests.compatibility,ClassCompatibilityMemberTypeTests,xProtectedToPrivateNoExtend,4,1,1
eclipse.pde.ui-20120217-1437,org.eclipse.pde.api.tools.builder.tests.compatibility,ClassCompatibilityMemberTypeTests,testProtectedToPrivateNoExtendI,3,1,0
eclipse.pde.ui-20120217-1437,org.eclipse.pde.api.tools.builder.tests.compatibility,ClassCompatibilityMemberTypeTests,testProtectedToPrivateNoExtendF,3,1,0
eclipse.pde.ui-20120217-1437,org.eclipse.pde.api.tools.builder.tests.compatibility,ClassCompatibilityMethodTests,ClassCompatibilityMethodTests,3,1,1
eclipse.pde.ui-20120217-1437,org.eclipse.pde.api.tools.builder.tests.compatibility,ClassCompatibilityMethodTests,getTestSourcePath,3,1,0
eclipse.pde.ui-20120217-1437,org.eclipse.pde.api.tools.builder.tests.compatibility,ClassCompatibilityMethodTests,suite,3,1,0
eclipse.pde.ui-20120217-1437,org.eclipse.pde.api.tools.builder.tests.compatibility,ClassCompatibilityMethodTests,getDefaultProblemId,3,1,0
eclipse.pde.ui-20120217-1437,org.eclipse.pde.api.tools.builder.tests.compatibility,ClassCompatibilityMethodTests,getTestingProjectName,3,1,0
eclipse.pde.ui-20120217-1437,org.eclipse.pde.api.tools.builder.tests.compatibility,ClassCompatibilityMethodTests,xRemovePublicAPIMethod,9,1,1
eclipse.pde.ui-20120217-1437,org.eclipse.pde.api.tools.builder.tests.compatibility,ClassCompatibilityMethodTests,testRemovePublicAPIMethodI,3,1,0
eclipse.pde.ui-20120217-1437,org.eclipse.pde.api.tools.builder.tests.compatibility,ClassCompatibilityMethodTests,testRemovePublicAPIMethodF,3,1,0
eclipse.pde.ui-20120217-1437,org.eclipse.pde.api.tools.builder.tests.compatibility,ClassCompatibilityMethodTests,testRemoveTwoPublicAPIMethodsI,3,1,0
eclipse.pde.ui-20120217-1437,org.eclipse.pde.api.tools.builder.tests.compatibility,ClassCompatibilityMethodTests,testRemoveTwoPublicAPIMethodsF,3,1,0
eclipse.pde.ui-20120217-1437,org.eclipse.pde.api.tools.builder.tests.compatibility,ClassCompatibilityMethodTests,testAddNooverrideRemoveNoextendI,3,1,0
eclipse.pde.ui-20120217-1437,org.eclipse.pde.api.tools.builder.tests.compatibility,ClassCompatibilityMethodTests,testAddNooverrideRemoveNoextendF,3,1,0
eclipse.pde.ui-20120217-1437,org.eclipse.pde.api.tools.builder.tests.compatibility,ClassCompatibilityMethodTests,xAddNooverrideRemoveNoextendI,4,1,1
eclipse.pde.ui-20120217-1437,org.eclipse.pde.api.tools.builder.tests.compatibility,ClassCompatibilityMethodTests,xRemoveTwoPublicAPIMethods,10,1,1
eclipse.pde.ui-20120217-1437,org.eclipse.pde.api.tools.builder.tests.compatibility,ClassCompatibilityMethodTests,xRemoveProtectedAPIMethod,9,1,1
eclipse.pde.ui-20120217-1437,org.eclipse.pde.api.tools.builder.tests.compatibility,ClassCompatibilityMethodTests,testRemoveProtectedAPIMethodI,3,1,0
eclipse.pde.ui-20120217-1437,org.eclipse.pde.api.tools.builder.tests.compatibility,ClassCompatibilityMethodTests,testRemoveProtectedAPIMethodF,3,1,0
eclipse.pde.ui-20120217-1437,org.eclipse.pde.api.tools.builder.tests.compatibility,ClassCompatibilityMethodTests,xRemovePrivateAPIMethod,4,1,1
eclipse.pde.ui-20120217-1437,org.eclipse.pde.api.tools.builder.tests.compatibility,ClassCompatibilityMethodTests,testRemovePrivateAPIMethodI,3,1,0
eclipse.pde.ui-20120217-1437,org.eclipse.pde.api.tools.builder.tests.compatibility,ClassCompatibilityMethodTests,testRemovePrivateAPIMethodF,3,1,0
eclipse.pde.ui-20120217-1437,org.eclipse.pde.api.tools.builder.tests.compatibility,ClassCompatibilityMethodTests,xRemovePackageMethod,4,1,1
eclipse.pde.ui-20120217-1437,org.eclipse.pde.api.tools.builder.tests.compatibility,ClassCompatibilityMethodTests,testRemovePackageMethodI,3,1,0
eclipse.pde.ui-20120217-1437,org.eclipse.pde.api.tools.builder.tests.compatibility,ClassCompatibilityMethodTests,testRemovePackageMethodF,3,1,0
eclipse.pde.ui-20120217-1437,org.eclipse.pde.api.tools.builder.tests.compatibility,ClassCompatibilityMethodTests,xRemovePublicAPIMethodNoExtend,9,1,1
eclipse.pde.ui-20120217-1437,org.eclipse.pde.api.tools.builder.tests.compatibility,ClassCompatibilityMethodTests,testRemovePublicAPIMethodNoExtendI,3,1,0
eclipse.pde.ui-20120217-1437,org.eclipse.pde.api.tools.builder.tests.compatibility,ClassCompatibilityMethodTests,testRemovePublicAPIMethodNoExtendF,3,1,0
eclipse.pde.ui-20120217-1437,org.eclipse.pde.api.tools.builder.tests.compatibility,ClassCompatibilityMethodTests,xRemoveProtectedAPIMethodNoExtend,4,1,1
eclipse.pde.ui-20120217-1437,org.eclipse.pde.api.tools.builder.tests.compatibility,ClassCompatibilityMethodTests,testRemoveProtectedAPIMethodNoExtendI,3,1,0
eclipse.pde.ui-20120217-1437,org.eclipse.pde.api.tools.builder.tests.compatibility,ClassCompatibilityMethodTests,testRemoveProtectedAPIMethodNoExtendF,3,1,0
eclipse.pde.ui-20120217-1437,org.eclipse.pde.api.tools.builder.tests.compatibility,ClassCompatibilityMethodTests,xRemoveProtectedAPIMethodNoExtend2,4,1,1
eclipse.pde.ui-20120217-1437,org.eclipse.pde.api.tools.builder.tests.compatibility,ClassCompatibilityMethodTests,testRemoveProtectedAPIMethodNoExtend2I,3,1,0
eclipse.pde.ui-20120217-1437,org.eclipse.pde.api.tools.builder.tests.compatibility,ClassCompatibilityMethodTests,testRemoveProtectedAPIMethodNoExtend2F,3,1,0
eclipse.pde.ui-20120217-1437,org.eclipse.pde.api.tools.builder.tests.compatibility,ClassCompatibilityMethodTests,xRemovePublicAPIMethodNoInstantiate,9,1,1
eclipse.pde.ui-20120217-1437,org.eclipse.pde.api.tools.builder.tests.compatibility,ClassCompatibilityMethodTests,testRemovePublicAPIMethodNoInstantiateI,3,1,0
eclipse.pde.ui-20120217-1437,org.eclipse.pde.api.tools.builder.tests.compatibility,ClassCompatibilityMethodTests,testRemovePublicAPIMethodNoInstantiateF,3,1,0
eclipse.pde.ui-20120217-1437,org.eclipse.pde.api.tools.builder.tests.compatibility,ClassCompatibilityMethodTests,xRemoveProtectedAPIMethodNoInstantiate,9,1,1
eclipse.pde.ui-20120217-1437,org.eclipse.pde.api.tools.builder.tests.compatibility,ClassCompatibilityMethodTests,testRemoveProtectedAPIMethodNoInstantiateI,3,1,0
eclipse.pde.ui-20120217-1437,org.eclipse.pde.api.tools.builder.tests.compatibility,ClassCompatibilityMethodTests,testRemoveProtectedAPIMethodNoInstantiateF,3,1,0
eclipse.pde.ui-20120217-1437,org.eclipse.pde.api.tools.builder.tests.compatibility,ClassCompatibilityMethodTests,xRemovePublicAPIMethodNoExtendNoInstatiate,9,1,1
eclipse.pde.ui-20120217-1437,org.eclipse.pde.api.tools.builder.tests.compatibility,ClassCompatibilityMethodTests,testRemovePublicAPIMethodNoExtendNoInstantiateI,3,1,0
eclipse.pde.ui-20120217-1437,org.eclipse.pde.api.tools.builder.tests.compatibility,ClassCompatibilityMethodTests,testRemovePublicAPIMethodNoExtendNoInstantiateF,3,1,0
eclipse.pde.ui-20120217-1437,org.eclipse.pde.api.tools.builder.tests.compatibility,ClassCompatibilityMethodTests,xRemoveProtectedAPIMethodNoExtendNoInstatiate,4,1,1
eclipse.pde.ui-20120217-1437,org.eclipse.pde.api.tools.builder.tests.compatibility,ClassCompatibilityMethodTests,testRemoveProtectedAPIMethodNoExtendNoInstantiateI,3,1,0
eclipse.pde.ui-20120217-1437,org.eclipse.pde.api.tools.builder.tests.compatibility,ClassCompatibilityMethodTests,testRemoveProtectedAPIMethodNoExtendNoInstantiateF,3,1,0
eclipse.pde.ui-20120217-1437,org.eclipse.pde.api.tools.builder.tests.compatibility,ClassCompatibilityMethodTests,xRemovePublicAPIMethodNoReference,4,1,1
eclipse.pde.ui-20120217-1437,org.eclipse.pde.api.tools.builder.tests.compatibility,ClassCompatibilityMethodTests,testRemovePublicAPIMethodNoReferenceI,3,1,0
eclipse.pde.ui-20120217-1437,org.eclipse.pde.api.tools.builder.tests.compatibility,ClassCompatibilityMethodTests,testRemovePublicAPIMethodNoReferencF,3,1,0
eclipse.pde.ui-20120217-1437,org.eclipse.pde.api.tools.builder.tests.compatibility,ClassCompatibilityMethodTests,xRemoveProtectedAPIMethodNoReference,4,1,1
eclipse.pde.ui-20120217-1437,org.eclipse.pde.api.tools.builder.tests.compatibility,ClassCompatibilityMethodTests,testRemoveProtectedAPIMethodNoReferenceI,3,1,0
eclipse.pde.ui-20120217-1437,org.eclipse.pde.api.tools.builder.tests.compatibility,ClassCompatibilityMethodTests,testRemoveProtectedAPIMethodNoReferencF,3,1,0
eclipse.pde.ui-20120217-1437,org.eclipse.pde.api.tools.builder.tests.compatibility,ClassCompatibilityMethodTests,xRemovePublicAPIMethodNoOverride,9,1,1
eclipse.pde.ui-20120217-1437,org.eclipse.pde.api.tools.builder.tests.compatibility,ClassCompatibilityMethodTests,testRemovePublicAPIMethodNoOverrideI,3,1,0
eclipse.pde.ui-20120217-1437,org.eclipse.pde.api.tools.builder.tests.compatibility,ClassCompatibilityMethodTests,testRemovePublicAPIMethodNoOverrideF,3,1,0
eclipse.pde.ui-20120217-1437,org.eclipse.pde.api.tools.builder.tests.compatibility,ClassCompatibilityMethodTests,xRemoveProtectedAPIMethodNoOverride,9,1,1
eclipse.pde.ui-20120217-1437,org.eclipse.pde.api.tools.builder.tests.compatibility,ClassCompatibilityMethodTests,testRemoveProtectedAPIMethodNoOverrideI,3,1,0
eclipse.pde.ui-20120217-1437,org.eclipse.pde.api.tools.builder.tests.compatibility,ClassCompatibilityMethodTests,testRemoveProtectedAPIMethodNoOverrideF,3,1,0
eclipse.pde.ui-20120217-1437,org.eclipse.pde.api.tools.builder.tests.compatibility,ClassCompatibilityMethodTests,xAddPrivateAPIMethod,4,1,1
eclipse.pde.ui-20120217-1437,org.eclipse.pde.api.tools.builder.tests.compatibility,ClassCompatibilityMethodTests,testAddPrivateAPIMethodI,3,1,0
eclipse.pde.ui-20120217-1437,org.eclipse.pde.api.tools.builder.tests.compatibility,ClassCompatibilityMethodTests,testAddPrivateAPIMethodF,3,1,0
eclipse.pde.ui-20120217-1437,org.eclipse.pde.api.tools.builder.tests.compatibility,ClassCompatibilityMethodTests,xAddProtectedAPIMethod,4,1,1
eclipse.pde.ui-20120217-1437,org.eclipse.pde.api.tools.builder.tests.compatibility,ClassCompatibilityMethodTests,testAddProtectedAPIMethodI,3,1,0
eclipse.pde.ui-20120217-1437,org.eclipse.pde.api.tools.builder.tests.compatibility,ClassCompatibilityMethodTests,testAddProtectedAPIMethodF,3,1,0
eclipse.pde.ui-20120217-1437,org.eclipse.pde.api.tools.builder.tests.compatibility,ClassCompatibilityMethodTests,xAddPublicAPIMethod,4,1,1
eclipse.pde.ui-20120217-1437,org.eclipse.pde.api.tools.builder.tests.compatibility,ClassCompatibilityMethodTests,testAddPublicAPIMethodI,3,1,0
eclipse.pde.ui-20120217-1437,org.eclipse.pde.api.tools.builder.tests.compatibility,ClassCompatibilityMethodTests,testAddPublicAPIMethodF,3,1,0
eclipse.pde.ui-20120217-1437,org.eclipse.pde.api.tools.builder.tests.compatibility,ClassCompatibilityMethodTests,xAddAbstractMethod,9,1,1
eclipse.pde.ui-20120217-1437,org.eclipse.pde.api.tools.builder.tests.compatibility,ClassCompatibilityMethodTests,testAddAbstractMethodI,3,1,0
eclipse.pde.ui-20120217-1437,org.eclipse.pde.api.tools.builder.tests.compatibility,ClassCompatibilityMethodTests,testAddAbstractMethodF,3,1,0
eclipse.pde.ui-20120217-1437,org.eclipse.pde.api.tools.builder.tests.compatibility,ClassCompatibilityMethodTests,xAddAbstractMethodNoExtend,4,1,1
eclipse.pde.ui-20120217-1437,org.eclipse.pde.api.tools.builder.tests.compatibility,ClassCompatibilityMethodTests,testAddAbstractMethodNoExtendI,3,1,0
eclipse.pde.ui-20120217-1437,org.eclipse.pde.api.tools.builder.tests.compatibility,ClassCompatibilityMethodTests,testAddAbstractMethodNoExtendF,3,1,0
eclipse.pde.ui-20120217-1437,org.eclipse.pde.api.tools.builder.tests.compatibility,ClassCompatibilityModifierTests,ClassCompatibilityModifierTests,3,1,1
eclipse.pde.ui-20120217-1437,org.eclipse.pde.api.tools.builder.tests.compatibility,ClassCompatibilityModifierTests,getTestSourcePath,3,1,0
eclipse.pde.ui-20120217-1437,org.eclipse.pde.api.tools.builder.tests.compatibility,ClassCompatibilityModifierTests,suite,3,1,0
eclipse.pde.ui-20120217-1437,org.eclipse.pde.api.tools.builder.tests.compatibility,ClassCompatibilityModifierTests,getChangedProblemId,3,1,1
eclipse.pde.ui-20120217-1437,org.eclipse.pde.api.tools.builder.tests.compatibility,ClassCompatibilityModifierTests,getTestingProjectName,3,1,0
eclipse.pde.ui-20120217-1437,org.eclipse.pde.api.tools.builder.tests.compatibility,ClassCompatibilityModifierTests,xAddFinal,9,1,1
eclipse.pde.ui-20120217-1437,org.eclipse.pde.api.tools.builder.tests.compatibility,ClassCompatibilityModifierTests,testAddFinalI,3,1,0
eclipse.pde.ui-20120217-1437,org.eclipse.pde.api.tools.builder.tests.compatibility,ClassCompatibilityModifierTests,testAddFinalF,3,1,0
eclipse.pde.ui-20120217-1437,org.eclipse.pde.api.tools.builder.tests.compatibility,ClassCompatibilityModifierTests,xAddFinalNoExtend,4,1,1
eclipse.pde.ui-20120217-1437,org.eclipse.pde.api.tools.builder.tests.compatibility,ClassCompatibilityModifierTests,testAddFinalNoExtendI,3,1,0
eclipse.pde.ui-20120217-1437,org.eclipse.pde.api.tools.builder.tests.compatibility,ClassCompatibilityModifierTests,testAddFinalNoExtendF,3,1,0
eclipse.pde.ui-20120217-1437,org.eclipse.pde.api.tools.builder.tests.compatibility,ClassCompatibilityModifierTests,xAddFinalRemoveNoExtend,4,1,1
eclipse.pde.ui-20120217-1437,org.eclipse.pde.api.tools.builder.tests.compatibility,ClassCompatibilityModifierTests,testAddFinalRemoveNoExtendI,3,1,0
eclipse.pde.ui-20120217-1437,org.eclipse.pde.api.tools.builder.tests.compatibility,ClassCompatibilityModifierTests,testAddFinalRemoveNoExtendF,3,1,0
eclipse.pde.ui-20120217-1437,org.eclipse.pde.api.tools.builder.tests.compatibility,ClassCompatibilityModifierTests,xAddFinalNoInstantiate,9,1,1
eclipse.pde.ui-20120217-1437,org.eclipse.pde.api.tools.builder.tests.compatibility,ClassCompatibilityModifierTests,testAddFinalNoInstantiateI,3,1,0
eclipse.pde.ui-20120217-1437,org.eclipse.pde.api.tools.builder.tests.compatibility,ClassCompatibilityModifierTests,testAddFinalNoInstantiateF,3,1,0
eclipse.pde.ui-20120217-1437,org.eclipse.pde.api.tools.builder.tests.compatibility,ClassCompatibilityModifierTests,xAddFinalNoExtendNoInstantiate,4,1,1
eclipse.pde.ui-20120217-1437,org.eclipse.pde.api.tools.builder.tests.compatibility,ClassCompatibilityModifierTests,testAddFinalNoExtendNoInstantiateI,3,1,0
eclipse.pde.ui-20120217-1437,org.eclipse.pde.api.tools.builder.tests.compatibility,ClassCompatibilityModifierTests,testAddFinalNoExtendNoInstantiateF,3,1,0
eclipse.pde.ui-20120217-1437,org.eclipse.pde.api.tools.builder.tests.compatibility,ClassCompatibilityModifierTests,xRemoveFinal,4,1,1
eclipse.pde.ui-20120217-1437,org.eclipse.pde.api.tools.builder.tests.compatibility,ClassCompatibilityModifierTests,testRemoveFinalI,3,1,0
eclipse.pde.ui-20120217-1437,org.eclipse.pde.api.tools.builder.tests.compatibility,ClassCompatibilityModifierTests,testRemoveFinalF,3,1,0
eclipse.pde.ui-20120217-1437,org.eclipse.pde.api.tools.builder.tests.compatibility,ClassCompatibilityModifierTests,xRemoveFinalAddNoExtend,4,1,1
eclipse.pde.ui-20120217-1437,org.eclipse.pde.api.tools.builder.tests.compatibility,ClassCompatibilityModifierTests,testRemoveFinalAddNoExtendI,3,1,0
eclipse.pde.ui-20120217-1437,org.eclipse.pde.api.tools.builder.tests.compatibility,ClassCompatibilityModifierTests,testRemoveFinalAddNoExtendF,3,1,0
eclipse.pde.ui-20120217-1437,org.eclipse.pde.api.tools.builder.tests.compatibility,ClassCompatibilityModifierTests,xAddAbstract,9,1,1
eclipse.pde.ui-20120217-1437,org.eclipse.pde.api.tools.builder.tests.compatibility,ClassCompatibilityModifierTests,testAddAbstractI,3,1,0
eclipse.pde.ui-20120217-1437,org.eclipse.pde.api.tools.builder.tests.compatibility,ClassCompatibilityModifierTests,testAddAbstractF,3,1,0
eclipse.pde.ui-20120217-1437,org.eclipse.pde.api.tools.builder.tests.compatibility,ClassCompatibilityModifierTests,xAddAbstractNoExtend,9,1,1
eclipse.pde.ui-20120217-1437,org.eclipse.pde.api.tools.builder.tests.compatibility,ClassCompatibilityModifierTests,testAddAbstractNoExtendI,3,1,0
eclipse.pde.ui-20120217-1437,org.eclipse.pde.api.tools.builder.tests.compatibility,ClassCompatibilityModifierTests,testAddAbstractNoExtendF,3,1,0
eclipse.pde.ui-20120217-1437,org.eclipse.pde.api.tools.builder.tests.compatibility,ClassCompatibilityModifierTests,xAddAbstractNoInstantiate,4,1,1
eclipse.pde.ui-20120217-1437,org.eclipse.pde.api.tools.builder.tests.compatibility,ClassCompatibilityModifierTests,testAddAbstractNoInstantiateI,3,1,0
eclipse.pde.ui-20120217-1437,org.eclipse.pde.api.tools.builder.tests.compatibility,ClassCompatibilityModifierTests,testAddAbstractNoInstantiateF,3,1,0
eclipse.pde.ui-20120217-1437,org.eclipse.pde.api.tools.builder.tests.compatibility,ClassCompatibilityModifierTests,xAddAbstractNoExtendNoInstantiate,4,1,1
eclipse.pde.ui-20120217-1437,org.eclipse.pde.api.tools.builder.tests.compatibility,ClassCompatibilityModifierTests,testAddAbstractNoExtendNoInstantiateI,3,1,0
eclipse.pde.ui-20120217-1437,org.eclipse.pde.api.tools.builder.tests.compatibility,ClassCompatibilityModifierTests,testAddAbstractNoExtendNoInstantiateF,3,1,0
eclipse.pde.ui-20120217-1437,org.eclipse.pde.api.tools.builder.tests.compatibility,ClassCompatibilityModifierTests,xPublicToPackageVisibility,9,1,1
eclipse.pde.ui-20120217-1437,org.eclipse.pde.api.tools.builder.tests.compatibility,ClassCompatibilityModifierTests,testPublicToPackageVisibilityI,3,1,0
eclipse.pde.ui-20120217-1437,org.eclipse.pde.api.tools.builder.tests.compatibility,ClassCompatibilityModifierTests,testPublicToPackageVisibilityF,3,1,0
eclipse.pde.ui-20120217-1437,org.eclipse.pde.api.tools.builder.tests.compatibility,ClassCompatibilityModifierTests,getDefaultProblemId,3,1,0
eclipse.pde.ui-20120217-1437,org.eclipse.pde.api.tools.builder.tests.compatibility,ClassCompatibilityRestrictionTests,ClassCompatibilityRestrictionTests,3,1,1
eclipse.pde.ui-20120217-1437,org.eclipse.pde.api.tools.builder.tests.compatibility,ClassCompatibilityRestrictionTests,getTestSourcePath,3,1,0
eclipse.pde.ui-20120217-1437,org.eclipse.pde.api.tools.builder.tests.compatibility,ClassCompatibilityRestrictionTests,suite,3,1,0
eclipse.pde.ui-20120217-1437,org.eclipse.pde.api.tools.builder.tests.compatibility,ClassCompatibilityRestrictionTests,getDefaultProblemId,3,1,0
eclipse.pde.ui-20120217-1437,org.eclipse.pde.api.tools.builder.tests.compatibility,ClassCompatibilityRestrictionTests,getTestingProjectName,3,1,0
eclipse.pde.ui-20120217-1437,org.eclipse.pde.api.tools.builder.tests.compatibility,ClassCompatibilityRestrictionTests,xAddNoExtend,9,1,1
eclipse.pde.ui-20120217-1437,org.eclipse.pde.api.tools.builder.tests.compatibility,ClassCompatibilityRestrictionTests,testAddNoExtendI,3,1,0
eclipse.pde.ui-20120217-1437,org.eclipse.pde.api.tools.builder.tests.compatibility,ClassCompatibilityRestrictionTests,testAddNoExtendF,3,1,0
eclipse.pde.ui-20120217-1437,org.eclipse.pde.api.tools.builder.tests.compatibility,ClassCompatibilityRestrictionTests,xAddNoInstantiate,9,1,1
eclipse.pde.ui-20120217-1437,org.eclipse.pde.api.tools.builder.tests.compatibility,ClassCompatibilityRestrictionTests,testAddNoInstantiateI,3,1,0
eclipse.pde.ui-20120217-1437,org.eclipse.pde.api.tools.builder.tests.compatibility,ClassCompatibilityRestrictionTests,testAddNoInstantiateF,3,1,0
eclipse.pde.ui-20120217-1437,org.eclipse.pde.api.tools.builder.tests.compatibility,ClassCompatibilityRestrictionTests,xFinalAddNoExtend,4,1,1
eclipse.pde.ui-20120217-1437,org.eclipse.pde.api.tools.builder.tests.compatibility,ClassCompatibilityRestrictionTests,testFinalAddNoExtendI,3,1,0
eclipse.pde.ui-20120217-1437,org.eclipse.pde.api.tools.builder.tests.compatibility,ClassCompatibilityRestrictionTests,testFinalAddNoExtendF,3,1,0
eclipse.pde.ui-20120217-1437,org.eclipse.pde.api.tools.builder.tests.compatibility,ClassCompatibilityRestrictionTests,xFinalRemoveNoExtend,4,1,1
eclipse.pde.ui-20120217-1437,org.eclipse.pde.api.tools.builder.tests.compatibility,ClassCompatibilityRestrictionTests,testFinalRemoveNoExtendI,3,1,0
eclipse.pde.ui-20120217-1437,org.eclipse.pde.api.tools.builder.tests.compatibility,ClassCompatibilityRestrictionTests,testFinalRemoveNoExtendF,3,1,0
eclipse.pde.ui-20120217-1437,org.eclipse.pde.api.tools.builder.tests.compatibility,ClassCompatibilityRestrictionTests,xAbstractRemoveNoInstantiate,4,1,1
eclipse.pde.ui-20120217-1437,org.eclipse.pde.api.tools.builder.tests.compatibility,ClassCompatibilityRestrictionTests,testAbstractRemoveNoInstantiateI,3,1,0
eclipse.pde.ui-20120217-1437,org.eclipse.pde.api.tools.builder.tests.compatibility,ClassCompatibilityRestrictionTests,testAbstractRemoveNoInstantiateF,3,1,0
eclipse.pde.ui-20120217-1437,org.eclipse.pde.api.tools.builder.tests.compatibility,ClassCompatibilityRestrictionTests,xAbstractAddNoInstantiate,4,1,1
eclipse.pde.ui-20120217-1437,org.eclipse.pde.api.tools.builder.tests.compatibility,ClassCompatibilityRestrictionTests,testAbstractAddNoInstantiateI,3,1,0
eclipse.pde.ui-20120217-1437,org.eclipse.pde.api.tools.builder.tests.compatibility,ClassCompatibilityRestrictionTests,testAbstractAddNoInstantiateF,3,1,0
eclipse.pde.ui-20120217-1437,org.eclipse.pde.api.tools.builder.tests.compatibility,ClassCompatibilityRestrictionTests,xNoInstantiateAddAbstract,4,1,1
eclipse.pde.ui-20120217-1437,org.eclipse.pde.api.tools.builder.tests.compatibility,ClassCompatibilityRestrictionTests,testNoInstantiateAddAbstractI,3,1,0
eclipse.pde.ui-20120217-1437,org.eclipse.pde.api.tools.builder.tests.compatibility,ClassCompatibilityRestrictionTests,testNoInstantiateAddAbstractF,3,1,0
eclipse.pde.ui-20120217-1437,org.eclipse.pde.api.tools.builder.tests.compatibility,ClassCompatibilityRestrictionTests,testRemoveNoExtendI,3,1,0
eclipse.pde.ui-20120217-1437,org.eclipse.pde.api.tools.builder.tests.compatibility,ClassCompatibilityRestrictionTests,testRemoveNoExtendF,3,1,0
eclipse.pde.ui-20120217-1437,org.eclipse.pde.api.tools.builder.tests.compatibility,ClassCompatibilityRestrictionTests,xRemoveNoExtend,4,1,1
eclipse.pde.ui-20120217-1437,org.eclipse.pde.api.tools.builder.tests.compatibility,ClassCompatibilityTests,collectTests,32,2,1
eclipse.pde.ui-20120217-1437,org.eclipse.pde.api.tools.builder.tests.compatibility,ClassCompatibilityTests,getAllTestClasses,4,1,0
eclipse.pde.ui-20120217-1437,org.eclipse.pde.api.tools.builder.tests.compatibility,ClassCompatibilityTests,ClassCompatibilityTests,3,1,1
eclipse.pde.ui-20120217-1437,org.eclipse.pde.api.tools.builder.tests.compatibility,ClassCompatibilityTests,getTestSourcePath,3,1,0
eclipse.pde.ui-20120217-1437,org.eclipse.pde.api.tools.builder.tests.compatibility,ClassCompatibilityTests,suite,5,1,0
eclipse.pde.ui-20120217-1437,org.eclipse.pde.api.tools.builder.tests.compatibility,ClassCompatibilityTests,getTestingProjectName,3,1,0
eclipse.pde.ui-20120217-1437,org.eclipse.pde.api.tools.builder.tests.compatibility,ClassCompatibilityTypeParameterTests,ClassCompatibilityTypeParameterTests,3,1,1
eclipse.pde.ui-20120217-1437,org.eclipse.pde.api.tools.builder.tests.compatibility,ClassCompatibilityTypeParameterTests,getTestSourcePath,3,1,0
eclipse.pde.ui-20120217-1437,org.eclipse.pde.api.tools.builder.tests.compatibility,ClassCompatibilityTypeParameterTests,suite,3,1,0
eclipse.pde.ui-20120217-1437,org.eclipse.pde.api.tools.builder.tests.compatibility,ClassCompatibilityTypeParameterTests,getDefaultProblemId,3,1,0
eclipse.pde.ui-20120217-1437,org.eclipse.pde.api.tools.builder.tests.compatibility,ClassCompatibilityTypeParameterTests,getProblemId,3,1,2
eclipse.pde.ui-20120217-1437,org.eclipse.pde.api.tools.builder.tests.compatibility,ClassCompatibilityTypeParameterTests,getTestingProjectName,3,1,0
eclipse.pde.ui-20120217-1437,org.eclipse.pde.api.tools.builder.tests.compatibility,ClassCompatibilityTypeParameterTests,xAddFirstTypeParameter,4,1,1
eclipse.pde.ui-20120217-1437,org.eclipse.pde.api.tools.builder.tests.compatibility,ClassCompatibilityTypeParameterTests,testAddFirstTypeParameterI,3,1,0
eclipse.pde.ui-20120217-1437,org.eclipse.pde.api.tools.builder.tests.compatibility,ClassCompatibilityTypeParameterTests,testAddFirstTypeParameterF,3,1,0
eclipse.pde.ui-20120217-1437,org.eclipse.pde.api.tools.builder.tests.compatibility,ClassCompatibilityTypeParameterTests,xAddSecondaryTypeParameter,9,1,1
eclipse.pde.ui-20120217-1437,org.eclipse.pde.api.tools.builder.tests.compatibility,ClassCompatibilityTypeParameterTests,testAddSecondaryTypeParameterI,3,1,0
eclipse.pde.ui-20120217-1437,org.eclipse.pde.api.tools.builder.tests.compatibility,ClassCompatibilityTypeParameterTests,testAddSecondaryTypeParameterF,3,1,0
eclipse.pde.ui-20120217-1437,org.eclipse.pde.api.tools.builder.tests.compatibility,ClassCompatibilityTypeParameterTests,xRemoveTypeParameter,9,1,1
eclipse.pde.ui-20120217-1437,org.eclipse.pde.api.tools.builder.tests.compatibility,ClassCompatibilityTypeParameterTests,testRemoveTypeParameterI,3,1,0
eclipse.pde.ui-20120217-1437,org.eclipse.pde.api.tools.builder.tests.compatibility,ClassCompatibilityTypeParameterTests,testRemoveTypeParameterF,3,1,0
eclipse.pde.ui-20120217-1437,org.eclipse.pde.api.tools.builder.tests.compatibility,ClassCompatibilityTypeParameterTests,xAddClassBound,9,1,1
eclipse.pde.ui-20120217-1437,org.eclipse.pde.api.tools.builder.tests.compatibility,ClassCompatibilityTypeParameterTests,testAddClassBoundI,3,1,0
eclipse.pde.ui-20120217-1437,org.eclipse.pde.api.tools.builder.tests.compatibility,ClassCompatibilityTypeParameterTests,testAddClassBoundF,3,1,0
eclipse.pde.ui-20120217-1437,org.eclipse.pde.api.tools.builder.tests.compatibility,ClassCompatibilityTypeParameterTests,xRemoveClassBound,9,1,1
eclipse.pde.ui-20120217-1437,org.eclipse.pde.api.tools.builder.tests.compatibility,ClassCompatibilityTypeParameterTests,testRemoveClassBoundI,3,1,0
eclipse.pde.ui-20120217-1437,org.eclipse.pde.api.tools.builder.tests.compatibility,ClassCompatibilityTypeParameterTests,testRemoveClassBoundF,3,1,0
eclipse.pde.ui-20120217-1437,org.eclipse.pde.api.tools.builder.tests.compatibility,ClassCompatibilityTypeParameterTests,xAddInterfaceBound,9,1,1
eclipse.pde.ui-20120217-1437,org.eclipse.pde.api.tools.builder.tests.compatibility,ClassCompatibilityTypeParameterTests,testAddInterfaceBoundI,3,1,0
eclipse.pde.ui-20120217-1437,org.eclipse.pde.api.tools.builder.tests.compatibility,ClassCompatibilityTypeParameterTests,testAddInterfaceBoundF,3,1,0
eclipse.pde.ui-20120217-1437,org.eclipse.pde.api.tools.builder.tests.compatibility,ClassCompatibilityTypeParameterTests,xRemoveInterfaceBound,9,1,1
eclipse.pde.ui-20120217-1437,org.eclipse.pde.api.tools.builder.tests.compatibility,ClassCompatibilityTypeParameterTests,testRemoveOnlyInterfaceBoundI,3,1,0
eclipse.pde.ui-20120217-1437,org.eclipse.pde.api.tools.builder.tests.compatibility,ClassCompatibilityTypeParameterTests,testRemoveOnlyInterfaceBoundF,3,1,0
eclipse.pde.ui-20120217-1437,org.eclipse.pde.api.tools.builder.tests.compatibility,ClassCompatibilityTypeParameterTests,xRemoveSecondaryInterfaceBound,9,1,1
eclipse.pde.ui-20120217-1437,org.eclipse.pde.api.tools.builder.tests.compatibility,ClassCompatibilityTypeParameterTests,testRemoveSecondaryInterfaceBoundI,3,1,0
eclipse.pde.ui-20120217-1437,org.eclipse.pde.api.tools.builder.tests.compatibility,ClassCompatibilityTypeParameterTests,testRemoveSecondaryInterfaceBoundF,3,1,0
eclipse.pde.ui-20120217-1437,org.eclipse.pde.api.tools.builder.tests.compatibility,ClassCompatibilityTypeParameterTests,xChangeClassBound,9,1,1
eclipse.pde.ui-20120217-1437,org.eclipse.pde.api.tools.builder.tests.compatibility,ClassCompatibilityTypeParameterTests,testChangeClassBoundI,3,1,0
eclipse.pde.ui-20120217-1437,org.eclipse.pde.api.tools.builder.tests.compatibility,ClassCompatibilityTypeParameterTests,testChangeClassBoundF,3,1,0
eclipse.pde.ui-20120217-1437,org.eclipse.pde.api.tools.builder.tests.compatibility,ClassCompatibilityTypeParameterTests,xChangeInterfaceBound,9,1,1
eclipse.pde.ui-20120217-1437,org.eclipse.pde.api.tools.builder.tests.compatibility,ClassCompatibilityTypeParameterTests,testChangeInterfaceBoundI,3,1,0
eclipse.pde.ui-20120217-1437,org.eclipse.pde.api.tools.builder.tests.compatibility,ClassCompatibilityTypeParameterTests,testChangeInterfaceBoundF,3,1,0
eclipse.pde.ui-20120217-1437,org.eclipse.pde.api.tools.builder.tests.compatibility,ClassCompatibilityTypeParameterTests,xConvertToAnnotation,9,1,1
eclipse.pde.ui-20120217-1437,org.eclipse.pde.api.tools.builder.tests.compatibility,ClassCompatibilityTypeParameterTests,testConvertToAnnotationI,3,1,0
eclipse.pde.ui-20120217-1437,org.eclipse.pde.api.tools.builder.tests.compatibility,ClassCompatibilityTypeParameterTests,testConvertToAnnotationF,3,1,0
eclipse.pde.ui-20120217-1437,org.eclipse.pde.api.tools.builder.tests.compatibility,ClassCompatibilityTypeParameterTests,xConvertToEnum,9,1,1
eclipse.pde.ui-20120217-1437,org.eclipse.pde.api.tools.builder.tests.compatibility,ClassCompatibilityTypeParameterTests,testConvertToEnumI,3,1,0
eclipse.pde.ui-20120217-1437,org.eclipse.pde.api.tools.builder.tests.compatibility,ClassCompatibilityTypeParameterTests,testConvertToEnumF,3,1,0
eclipse.pde.ui-20120217-1437,org.eclipse.pde.api.tools.builder.tests.compatibility,ClassCompatibilityTypeParameterTests,xConvertToInterface,9,1,1
eclipse.pde.ui-20120217-1437,org.eclipse.pde.api.tools.builder.tests.compatibility,ClassCompatibilityTypeParameterTests,testConvertToInterfaceI,3,1,0
eclipse.pde.ui-20120217-1437,org.eclipse.pde.api.tools.builder.tests.compatibility,ClassCompatibilityTypeParameterTests,testConvertToInterfaceF,3,1,0
eclipse.pde.ui-20120217-1437,org.eclipse.pde.api.tools.builder.tests.compatibility,CompatibilityTest,CompatibilityTest,3,1,1
eclipse.pde.ui-20120217-1437,org.eclipse.pde.api.tools.builder.tests.compatibility,CompatibilityTest,getTestSourcePath,3,1,0
eclipse.pde.ui-20120217-1437,org.eclipse.pde.api.tools.builder.tests.compatibility,CompatibilityTest,setBuilderOptions,9,1,0
eclipse.pde.ui-20120217-1437,org.eclipse.pde.api.tools.builder.tests.compatibility,CompatibilityTest,getAllTestClasses,4,1,0
eclipse.pde.ui-20120217-1437,org.eclipse.pde.api.tools.builder.tests.compatibility,CompatibilityTest,collectTests,32,2,1
eclipse.pde.ui-20120217-1437,org.eclipse.pde.api.tools.builder.tests.compatibility,CompatibilityTest,suite,5,1,0
eclipse.pde.ui-20120217-1437,org.eclipse.pde.api.tools.builder.tests.compatibility,CompatibilityTest,setUp,37,6,0
eclipse.pde.ui-20120217-1437,org.eclipse.pde.api.tools.builder.tests.compatibility,CompatibilityTest,tearDown,4,1,0
eclipse.pde.ui-20120217-1437,org.eclipse.pde.api.tools.builder.tests.compatibility,CompatibilityTest,performCompatibilityTest,12,2,2
eclipse.pde.ui-20120217-1437,org.eclipse.pde.api.tools.builder.tests.compatibility,CompatibilityTest,performVersionTest,11,2,2
eclipse.pde.ui-20120217-1437,org.eclipse.pde.api.tools.builder.tests.compatibility,CompatibilityTest,performDeletionCompatibilityTest,11,2,2
eclipse.pde.ui-20120217-1437,org.eclipse.pde.api.tools.builder.tests.compatibility,CompatibilityTest,performCreationCompatibilityTest,11,2,2
eclipse.pde.ui-20120217-1437,org.eclipse.pde.api.tools.builder.tests.compatibility,ConstructorCompatibilityTests,ConstructorCompatibilityTests,3,1,1
eclipse.pde.ui-20120217-1437,org.eclipse.pde.api.tools.builder.tests.compatibility,ConstructorCompatibilityTests,getTestSourcePath,3,1,0
eclipse.pde.ui-20120217-1437,org.eclipse.pde.api.tools.builder.tests.compatibility,ConstructorCompatibilityTests,suite,3,1,0
eclipse.pde.ui-20120217-1437,org.eclipse.pde.api.tools.builder.tests.compatibility,ConstructorCompatibilityTests,getDefaultProblemId,3,1,0
eclipse.pde.ui-20120217-1437,org.eclipse.pde.api.tools.builder.tests.compatibility,ConstructorCompatibilityTests,getChangedProblemId,3,1,1
eclipse.pde.ui-20120217-1437,org.eclipse.pde.api.tools.builder.tests.compatibility,ConstructorCompatibilityTests,getTestingProjectName,3,1,0
eclipse.pde.ui-20120217-1437,org.eclipse.pde.api.tools.builder.tests.compatibility,ConstructorCompatibilityTests,xProtectedToPackage,9,1,1
eclipse.pde.ui-20120217-1437,org.eclipse.pde.api.tools.builder.tests.compatibility,ConstructorCompatibilityTests,testProtectedToPackageI,3,1,0
eclipse.pde.ui-20120217-1437,org.eclipse.pde.api.tools.builder.tests.compatibility,ConstructorCompatibilityTests,testProtectedToPackageF,3,1,0
eclipse.pde.ui-20120217-1437,org.eclipse.pde.api.tools.builder.tests.compatibility,ConstructorCompatibilityTests,xProtectedToPackageNoReference,4,1,1
eclipse.pde.ui-20120217-1437,org.eclipse.pde.api.tools.builder.tests.compatibility,ConstructorCompatibilityTests,testProtectedToPackageNoReferenceI,3,1,0
eclipse.pde.ui-20120217-1437,org.eclipse.pde.api.tools.builder.tests.compatibility,ConstructorCompatibilityTests,testProtectedToPackageNoReferenceF,3,1,0
eclipse.pde.ui-20120217-1437,org.eclipse.pde.api.tools.builder.tests.compatibility,ConstructorCompatibilityTests,xProtectedToPrivate,9,1,1
eclipse.pde.ui-20120217-1437,org.eclipse.pde.api.tools.builder.tests.compatibility,ConstructorCompatibilityTests,testProtectedToPrivateI,3,1,0
eclipse.pde.ui-20120217-1437,org.eclipse.pde.api.tools.builder.tests.compatibility,ConstructorCompatibilityTests,testProtectedToPrivateF,3,1,0
eclipse.pde.ui-20120217-1437,org.eclipse.pde.api.tools.builder.tests.compatibility,ConstructorCompatibilityTests,xProtectedToPrivateNoExtend,4,1,1
eclipse.pde.ui-20120217-1437,org.eclipse.pde.api.tools.builder.tests.compatibility,ConstructorCompatibilityTests,testProtectedToPrivateNoExtendI,3,1,0
eclipse.pde.ui-20120217-1437,org.eclipse.pde.api.tools.builder.tests.compatibility,ConstructorCompatibilityTests,testProtectedToPrivateNoExtendF,3,1,0
eclipse.pde.ui-20120217-1437,org.eclipse.pde.api.tools.builder.tests.compatibility,ConstructorCompatibilityTests,xPublicToPackage,9,1,1
eclipse.pde.ui-20120217-1437,org.eclipse.pde.api.tools.builder.tests.compatibility,ConstructorCompatibilityTests,testPublicToPackageI,3,1,0
eclipse.pde.ui-20120217-1437,org.eclipse.pde.api.tools.builder.tests.compatibility,ConstructorCompatibilityTests,testPublicToPackageF,3,1,0
eclipse.pde.ui-20120217-1437,org.eclipse.pde.api.tools.builder.tests.compatibility,ConstructorCompatibilityTests,xPublicToPrivate,9,1,1
eclipse.pde.ui-20120217-1437,org.eclipse.pde.api.tools.builder.tests.compatibility,ConstructorCompatibilityTests,testPublicToPrivateI,3,1,0
eclipse.pde.ui-20120217-1437,org.eclipse.pde.api.tools.builder.tests.compatibility,ConstructorCompatibilityTests,testPublicToPrivateF,3,1,0
eclipse.pde.ui-20120217-1437,org.eclipse.pde.api.tools.builder.tests.compatibility,ConstructorCompatibilityTests,xPublicToPrivateNoReference,4,1,1
eclipse.pde.ui-20120217-1437,org.eclipse.pde.api.tools.builder.tests.compatibility,ConstructorCompatibilityTests,testPublicToPrivateNoReferenceI,3,1,0
eclipse.pde.ui-20120217-1437,org.eclipse.pde.api.tools.builder.tests.compatibility,ConstructorCompatibilityTests,testPublicToPrivateNoReferenceF,3,1,0
eclipse.pde.ui-20120217-1437,org.eclipse.pde.api.tools.builder.tests.compatibility,ConstructorCompatibilityTests,xPublicToProtected,9,1,1
eclipse.pde.ui-20120217-1437,org.eclipse.pde.api.tools.builder.tests.compatibility,ConstructorCompatibilityTests,testPublicToProtectedI,3,1,0
eclipse.pde.ui-20120217-1437,org.eclipse.pde.api.tools.builder.tests.compatibility,ConstructorCompatibilityTests,testPublicToProtectedF,3,1,0
eclipse.pde.ui-20120217-1437,org.eclipse.pde.api.tools.builder.tests.compatibility,ConstructorCompatibilityTests,xAddTypeParameter,9,1,1
eclipse.pde.ui-20120217-1437,org.eclipse.pde.api.tools.builder.tests.compatibility,ConstructorCompatibilityTests,testAddTypeParameterI,3,1,0
eclipse.pde.ui-20120217-1437,org.eclipse.pde.api.tools.builder.tests.compatibility,ConstructorCompatibilityTests,testAddTypeParameterF,3,1,0
eclipse.pde.ui-20120217-1437,org.eclipse.pde.api.tools.builder.tests.compatibility,ConstructorCompatibilityTests,xRemoveTypeParameter,9,1,1
eclipse.pde.ui-20120217-1437,org.eclipse.pde.api.tools.builder.tests.compatibility,ConstructorCompatibilityTests,testRemoveTypeParameterI,3,1,0
eclipse.pde.ui-20120217-1437,org.eclipse.pde.api.tools.builder.tests.compatibility,ConstructorCompatibilityTests,testRemoveTypeParameterF,3,1,0
eclipse.pde.ui-20120217-1437,org.eclipse.pde.api.tools.builder.tests.compatibility,ConstructorCompatibilityTests,xVarArgsToArray,9,1,1
eclipse.pde.ui-20120217-1437,org.eclipse.pde.api.tools.builder.tests.compatibility,ConstructorCompatibilityTests,testVarArgsToArrayI,3,1,0
eclipse.pde.ui-20120217-1437,org.eclipse.pde.api.tools.builder.tests.compatibility,ConstructorCompatibilityTests,testVarArgsToArrayF,3,1,0
eclipse.pde.ui-20120217-1437,org.eclipse.pde.api.tools.builder.tests.compatibility,ConstructorCompatibilityTests,xArrayToVarArgs,4,1,1
eclipse.pde.ui-20120217-1437,org.eclipse.pde.api.tools.builder.tests.compatibility,ConstructorCompatibilityTests,testArrayToVarArgsI,3,1,0
eclipse.pde.ui-20120217-1437,org.eclipse.pde.api.tools.builder.tests.compatibility,ConstructorCompatibilityTests,testArrayToVarArgsF,3,1,0
eclipse.pde.ui-20120217-1437,org.eclipse.pde.api.tools.builder.tests.compatibility,EnumCompatibilityTests,EnumCompatibilityTests,3,1,1
eclipse.pde.ui-20120217-1437,org.eclipse.pde.api.tools.builder.tests.compatibility,EnumCompatibilityTests,getTestSourcePath,3,1,0
eclipse.pde.ui-20120217-1437,org.eclipse.pde.api.tools.builder.tests.compatibility,EnumCompatibilityTests,suite,3,1,0
eclipse.pde.ui-20120217-1437,org.eclipse.pde.api.tools.builder.tests.compatibility,EnumCompatibilityTests,getDefaultProblemId,3,1,0
eclipse.pde.ui-20120217-1437,org.eclipse.pde.api.tools.builder.tests.compatibility,EnumCompatibilityTests,getTestingProjectName,3,1,0
eclipse.pde.ui-20120217-1437,org.eclipse.pde.api.tools.builder.tests.compatibility,EnumCompatibilityTests,xRemoveMemberType,9,1,1
eclipse.pde.ui-20120217-1437,org.eclipse.pde.api.tools.builder.tests.compatibility,EnumCompatibilityTests,testRemoveMemberTypeI,3,1,0
eclipse.pde.ui-20120217-1437,org.eclipse.pde.api.tools.builder.tests.compatibility,EnumCompatibilityTests,testRemoveMemberTypeF,3,1,0
eclipse.pde.ui-20120217-1437,org.eclipse.pde.api.tools.builder.tests.compatibility,EnumCompatibilityTests,xRemoveMethod,9,1,1
eclipse.pde.ui-20120217-1437,org.eclipse.pde.api.tools.builder.tests.compatibility,EnumCompatibilityTests,testRemoveMethodI,3,1,0
eclipse.pde.ui-20120217-1437,org.eclipse.pde.api.tools.builder.tests.compatibility,EnumCompatibilityTests,testRemoveMethodF,3,1,0
eclipse.pde.ui-20120217-1437,org.eclipse.pde.api.tools.builder.tests.compatibility,EnumCompatibilityTests,xConvertToClass,9,1,1
eclipse.pde.ui-20120217-1437,org.eclipse.pde.api.tools.builder.tests.compatibility,EnumCompatibilityTests,testConvertToClassI,3,1,0
eclipse.pde.ui-20120217-1437,org.eclipse.pde.api.tools.builder.tests.compatibility,EnumCompatibilityTests,testConvertToClassF,3,1,0
eclipse.pde.ui-20120217-1437,org.eclipse.pde.api.tools.builder.tests.compatibility,EnumCompatibilityTests,xConvertToAnnotation,9,1,1
eclipse.pde.ui-20120217-1437,org.eclipse.pde.api.tools.builder.tests.compatibility,EnumCompatibilityTests,testConvertToAnnotationI,3,1,0
eclipse.pde.ui-20120217-1437,org.eclipse.pde.api.tools.builder.tests.compatibility,EnumCompatibilityTests,testConvertToAnnotationF,3,1,0
eclipse.pde.ui-20120217-1437,org.eclipse.pde.api.tools.builder.tests.compatibility,EnumCompatibilityTests,xConvertToInterface,9,1,1
eclipse.pde.ui-20120217-1437,org.eclipse.pde.api.tools.builder.tests.compatibility,EnumCompatibilityTests,testConvertToInterfaceI,3,1,0
eclipse.pde.ui-20120217-1437,org.eclipse.pde.api.tools.builder.tests.compatibility,EnumCompatibilityTests,testConvertToInterfaceF,3,1,0
eclipse.pde.ui-20120217-1437,org.eclipse.pde.api.tools.builder.tests.compatibility,EnumCompatibilityTests,xRemoveField,9,1,1
eclipse.pde.ui-20120217-1437,org.eclipse.pde.api.tools.builder.tests.compatibility,EnumCompatibilityTests,testRemoveFieldI,3,1,0
eclipse.pde.ui-20120217-1437,org.eclipse.pde.api.tools.builder.tests.compatibility,EnumCompatibilityTests,testRemoveFieldF,3,1,0
eclipse.pde.ui-20120217-1437,org.eclipse.pde.api.tools.builder.tests.compatibility,EnumCompatibilityTests,xRemoveEnumConstant,9,1,1
eclipse.pde.ui-20120217-1437,org.eclipse.pde.api.tools.builder.tests.compatibility,EnumCompatibilityTests,testRemoveEnumConstantI,3,1,0
eclipse.pde.ui-20120217-1437,org.eclipse.pde.api.tools.builder.tests.compatibility,EnumCompatibilityTests,testRemoveEnumConstantF,3,1,0
eclipse.pde.ui-20120217-1437,org.eclipse.pde.api.tools.builder.tests.compatibility,EnumCompatibilityTests,xRemoveSuperInterface,9,1,1
eclipse.pde.ui-20120217-1437,org.eclipse.pde.api.tools.builder.tests.compatibility,EnumCompatibilityTests,testRemoveSuperInterfaceI,3,1,0
eclipse.pde.ui-20120217-1437,org.eclipse.pde.api.tools.builder.tests.compatibility,EnumCompatibilityTests,testRemoveSuperInterfaceF,3,1,0
eclipse.pde.ui-20120217-1437,org.eclipse.pde.api.tools.builder.tests.compatibility,FieldCompatibilityModifierTests,FieldCompatibilityModifierTests,3,1,1
eclipse.pde.ui-20120217-1437,org.eclipse.pde.api.tools.builder.tests.compatibility,FieldCompatibilityModifierTests,getTestSourcePath,3,1,0
eclipse.pde.ui-20120217-1437,org.eclipse.pde.api.tools.builder.tests.compatibility,FieldCompatibilityModifierTests,suite,3,1,0
eclipse.pde.ui-20120217-1437,org.eclipse.pde.api.tools.builder.tests.compatibility,FieldCompatibilityModifierTests,getTestingProjectName,3,1,0
eclipse.pde.ui-20120217-1437,org.eclipse.pde.api.tools.builder.tests.compatibility,FieldCompatibilityModifierTests,getChangedProblemId,3,1,1
eclipse.pde.ui-20120217-1437,org.eclipse.pde.api.tools.builder.tests.compatibility,FieldCompatibilityModifierTests,xAddFinal,9,1,1
eclipse.pde.ui-20120217-1437,org.eclipse.pde.api.tools.builder.tests.compatibility,FieldCompatibilityModifierTests,testAddFinalI,3,1,0
eclipse.pde.ui-20120217-1437,org.eclipse.pde.api.tools.builder.tests.compatibility,FieldCompatibilityModifierTests,testAddFinalF,3,1,0
eclipse.pde.ui-20120217-1437,org.eclipse.pde.api.tools.builder.tests.compatibility,FieldCompatibilityModifierTests,xAddFinalNoReference,4,1,1
eclipse.pde.ui-20120217-1437,org.eclipse.pde.api.tools.builder.tests.compatibility,FieldCompatibilityModifierTests,testAddFinalNoReferenceI,3,1,0
eclipse.pde.ui-20120217-1437,org.eclipse.pde.api.tools.builder.tests.compatibility,FieldCompatibilityModifierTests,testAddFinalNoReferenceF,3,1,0
eclipse.pde.ui-20120217-1437,org.eclipse.pde.api.tools.builder.tests.compatibility,FieldCompatibilityModifierTests,xAddFinalOnStatic,9,1,1
eclipse.pde.ui-20120217-1437,org.eclipse.pde.api.tools.builder.tests.compatibility,FieldCompatibilityModifierTests,testAddFinalOnStaticI,3,1,0
eclipse.pde.ui-20120217-1437,org.eclipse.pde.api.tools.builder.tests.compatibility,FieldCompatibilityModifierTests,testAddFinalOnStaticF,3,1,0
eclipse.pde.ui-20120217-1437,org.eclipse.pde.api.tools.builder.tests.compatibility,FieldCompatibilityModifierTests,xAddFinalOnStaticNoReference,4,1,1
eclipse.pde.ui-20120217-1437,org.eclipse.pde.api.tools.builder.tests.compatibility,FieldCompatibilityModifierTests,testAddFinalOnStaticNoReferenceI,3,1,0
eclipse.pde.ui-20120217-1437,org.eclipse.pde.api.tools.builder.tests.compatibility,FieldCompatibilityModifierTests,testAddFinalOnStaticNoReferenceF,3,1,0
eclipse.pde.ui-20120217-1437,org.eclipse.pde.api.tools.builder.tests.compatibility,FieldCompatibilityModifierTests,xRemoveFinalOnConstant,9,1,1
eclipse.pde.ui-20120217-1437,org.eclipse.pde.api.tools.builder.tests.compatibility,FieldCompatibilityModifierTests,testRemoveFinalOnConstantI,3,1,0
eclipse.pde.ui-20120217-1437,org.eclipse.pde.api.tools.builder.tests.compatibility,FieldCompatibilityModifierTests,testRemoveFinalOnConstantF,3,1,0
eclipse.pde.ui-20120217-1437,org.eclipse.pde.api.tools.builder.tests.compatibility,FieldCompatibilityModifierTests,xAddStatic,9,1,1
eclipse.pde.ui-20120217-1437,org.eclipse.pde.api.tools.builder.tests.compatibility,FieldCompatibilityModifierTests,testAddStaticI,3,1,0
eclipse.pde.ui-20120217-1437,org.eclipse.pde.api.tools.builder.tests.compatibility,FieldCompatibilityModifierTests,testAddStaticF,3,1,0
eclipse.pde.ui-20120217-1437,org.eclipse.pde.api.tools.builder.tests.compatibility,FieldCompatibilityModifierTests,xAddStaticNoReference,4,1,1
eclipse.pde.ui-20120217-1437,org.eclipse.pde.api.tools.builder.tests.compatibility,FieldCompatibilityModifierTests,testAddStaticNoReferenceI,3,1,0
eclipse.pde.ui-20120217-1437,org.eclipse.pde.api.tools.builder.tests.compatibility,FieldCompatibilityModifierTests,testAddStaticNoReferenceF,3,1,0
eclipse.pde.ui-20120217-1437,org.eclipse.pde.api.tools.builder.tests.compatibility,FieldCompatibilityModifierTests,xRemoveStatic,9,1,1
eclipse.pde.ui-20120217-1437,org.eclipse.pde.api.tools.builder.tests.compatibility,FieldCompatibilityModifierTests,testRemoveStaticI,3,1,0
eclipse.pde.ui-20120217-1437,org.eclipse.pde.api.tools.builder.tests.compatibility,FieldCompatibilityModifierTests,testRemoveStaticF,3,1,0
eclipse.pde.ui-20120217-1437,org.eclipse.pde.api.tools.builder.tests.compatibility,FieldCompatibilityModifierTests,xRemoveStaticNoReference,4,1,1
eclipse.pde.ui-20120217-1437,org.eclipse.pde.api.tools.builder.tests.compatibility,FieldCompatibilityModifierTests,testRemoveStaticNoReferenceI,3,1,0
eclipse.pde.ui-20120217-1437,org.eclipse.pde.api.tools.builder.tests.compatibility,FieldCompatibilityModifierTests,testRemoveStaticNoReferenceF,3,1,0
eclipse.pde.ui-20120217-1437,org.eclipse.pde.api.tools.builder.tests.compatibility,FieldCompatibilityModifierTests,xProtectedToPackage,9,1,1
eclipse.pde.ui-20120217-1437,org.eclipse.pde.api.tools.builder.tests.compatibility,FieldCompatibilityModifierTests,testProtectedToPackageI,3,1,0
eclipse.pde.ui-20120217-1437,org.eclipse.pde.api.tools.builder.tests.compatibility,FieldCompatibilityModifierTests,testProtectedToPackageF,3,1,0
eclipse.pde.ui-20120217-1437,org.eclipse.pde.api.tools.builder.tests.compatibility,FieldCompatibilityModifierTests,xProtectedToPackageNoReference,4,1,1
eclipse.pde.ui-20120217-1437,org.eclipse.pde.api.tools.builder.tests.compatibility,FieldCompatibilityModifierTests,testProtectedToPackageNoReferenceI,3,1,0
eclipse.pde.ui-20120217-1437,org.eclipse.pde.api.tools.builder.tests.compatibility,FieldCompatibilityModifierTests,testProtectedToPackageNoReferenceF,3,1,0
eclipse.pde.ui-20120217-1437,org.eclipse.pde.api.tools.builder.tests.compatibility,FieldCompatibilityModifierTests,xProtectedToPackageRemoveNoReference,4,1,1
eclipse.pde.ui-20120217-1437,org.eclipse.pde.api.tools.builder.tests.compatibility,FieldCompatibilityModifierTests,testProtectedToPackageRemoveNoReferenceI,3,1,0
eclipse.pde.ui-20120217-1437,org.eclipse.pde.api.tools.builder.tests.compatibility,FieldCompatibilityModifierTests,testProtectedToPackageRemoveNoReferenceF,3,1,0
eclipse.pde.ui-20120217-1437,org.eclipse.pde.api.tools.builder.tests.compatibility,FieldCompatibilityModifierTests,xProtectedToPrivate,9,1,1
eclipse.pde.ui-20120217-1437,org.eclipse.pde.api.tools.builder.tests.compatibility,FieldCompatibilityModifierTests,testProtectedToPrivateI,3,1,0
eclipse.pde.ui-20120217-1437,org.eclipse.pde.api.tools.builder.tests.compatibility,FieldCompatibilityModifierTests,testProtectedToPrivateF,3,1,0
eclipse.pde.ui-20120217-1437,org.eclipse.pde.api.tools.builder.tests.compatibility,FieldCompatibilityModifierTests,xProtectedToPrivateNoExtend,4,1,1
eclipse.pde.ui-20120217-1437,org.eclipse.pde.api.tools.builder.tests.compatibility,FieldCompatibilityModifierTests,testProtectedToPrivateNoExtendI,3,1,0
eclipse.pde.ui-20120217-1437,org.eclipse.pde.api.tools.builder.tests.compatibility,FieldCompatibilityModifierTests,testProtectedToPrivateNoExtendF,3,1,0
eclipse.pde.ui-20120217-1437,org.eclipse.pde.api.tools.builder.tests.compatibility,FieldCompatibilityModifierTests,xPublicToPackage,9,1,1
eclipse.pde.ui-20120217-1437,org.eclipse.pde.api.tools.builder.tests.compatibility,FieldCompatibilityModifierTests,testPublicToPackageI,3,1,0
eclipse.pde.ui-20120217-1437,org.eclipse.pde.api.tools.builder.tests.compatibility,FieldCompatibilityModifierTests,testPublicToPackageF,3,1,0
eclipse.pde.ui-20120217-1437,org.eclipse.pde.api.tools.builder.tests.compatibility,FieldCompatibilityModifierTests,xPublicToPrivate,9,1,1
eclipse.pde.ui-20120217-1437,org.eclipse.pde.api.tools.builder.tests.compatibility,FieldCompatibilityModifierTests,testPublicToPrivateI,3,1,0
eclipse.pde.ui-20120217-1437,org.eclipse.pde.api.tools.builder.tests.compatibility,FieldCompatibilityModifierTests,testPublicToPrivateF,3,1,0
eclipse.pde.ui-20120217-1437,org.eclipse.pde.api.tools.builder.tests.compatibility,FieldCompatibilityModifierTests,xPublicToPrivateNoReference,4,1,1
eclipse.pde.ui-20120217-1437,org.eclipse.pde.api.tools.builder.tests.compatibility,FieldCompatibilityModifierTests,testPublicToPrivateNoReferenceI,3,1,0
eclipse.pde.ui-20120217-1437,org.eclipse.pde.api.tools.builder.tests.compatibility,FieldCompatibilityModifierTests,testPublicToPrivateNoReferenceF,3,1,0
eclipse.pde.ui-20120217-1437,org.eclipse.pde.api.tools.builder.tests.compatibility,FieldCompatibilityModifierTests,xPublicToProtected,9,1,1
eclipse.pde.ui-20120217-1437,org.eclipse.pde.api.tools.builder.tests.compatibility,FieldCompatibilityModifierTests,testPublicToProtectedI,3,1,0
eclipse.pde.ui-20120217-1437,org.eclipse.pde.api.tools.builder.tests.compatibility,FieldCompatibilityModifierTests,testPublicToProtectedF,3,1,0
eclipse.pde.ui-20120217-1437,org.eclipse.pde.api.tools.builder.tests.compatibility,FieldCompatibilityModifierTests,xModifyValue,9,1,1
eclipse.pde.ui-20120217-1437,org.eclipse.pde.api.tools.builder.tests.compatibility,FieldCompatibilityModifierTests,testModifyValueI,3,1,0
eclipse.pde.ui-20120217-1437,org.eclipse.pde.api.tools.builder.tests.compatibility,FieldCompatibilityModifierTests,testModifyValueF,3,1,0
eclipse.pde.ui-20120217-1437,org.eclipse.pde.api.tools.builder.tests.compatibility,FieldCompatibilityModifierTests,xChangeType,9,1,1
eclipse.pde.ui-20120217-1437,org.eclipse.pde.api.tools.builder.tests.compatibility,FieldCompatibilityModifierTests,testChangeTypeI,3,1,0
eclipse.pde.ui-20120217-1437,org.eclipse.pde.api.tools.builder.tests.compatibility,FieldCompatibilityModifierTests,testChangeTypeF,3,1,0
eclipse.pde.ui-20120217-1437,org.eclipse.pde.api.tools.builder.tests.compatibility,FieldCompatibilityModifierTests,xChangeTypeNoExtend,4,1,1
eclipse.pde.ui-20120217-1437,org.eclipse.pde.api.tools.builder.tests.compatibility,FieldCompatibilityModifierTests,testChangeTypeNoExtendI,3,1,0
eclipse.pde.ui-20120217-1437,org.eclipse.pde.api.tools.builder.tests.compatibility,FieldCompatibilityModifierTests,testChangeTypeNoExtendF,3,1,0
eclipse.pde.ui-20120217-1437,org.eclipse.pde.api.tools.builder.tests.compatibility,FieldCompatibilityModifierTests,xChangeTypeNoReference,4,1,1
eclipse.pde.ui-20120217-1437,org.eclipse.pde.api.tools.builder.tests.compatibility,FieldCompatibilityModifierTests,testChangeTypeNoReferenceI,3,1,0
eclipse.pde.ui-20120217-1437,org.eclipse.pde.api.tools.builder.tests.compatibility,FieldCompatibilityModifierTests,testChangeTypeNoReferenceF,3,1,0
eclipse.pde.ui-20120217-1437,org.eclipse.pde.api.tools.builder.tests.compatibility,FieldCompatibilityModifierTests,xGeneralizeType,9,1,1
eclipse.pde.ui-20120217-1437,org.eclipse.pde.api.tools.builder.tests.compatibility,FieldCompatibilityModifierTests,testGeneralizeTypeI,3,1,0
eclipse.pde.ui-20120217-1437,org.eclipse.pde.api.tools.builder.tests.compatibility,FieldCompatibilityModifierTests,testGeneralizeTypeF,3,1,0
eclipse.pde.ui-20120217-1437,org.eclipse.pde.api.tools.builder.tests.compatibility,FieldCompatibilityModifierTests,xGeneralizeTypeNoExtend,4,1,1
eclipse.pde.ui-20120217-1437,org.eclipse.pde.api.tools.builder.tests.compatibility,FieldCompatibilityModifierTests,testGeneralizeTypeNoExtendI,3,1,0
eclipse.pde.ui-20120217-1437,org.eclipse.pde.api.tools.builder.tests.compatibility,FieldCompatibilityModifierTests,testGeneralizeTypeNoExtendF,3,1,0
eclipse.pde.ui-20120217-1437,org.eclipse.pde.api.tools.builder.tests.compatibility,FieldCompatibilityModifierTests,xGeneralizeTypeNoReference,4,1,1
eclipse.pde.ui-20120217-1437,org.eclipse.pde.api.tools.builder.tests.compatibility,FieldCompatibilityModifierTests,testGeneralizeTypeNoReferenceI,3,1,0
eclipse.pde.ui-20120217-1437,org.eclipse.pde.api.tools.builder.tests.compatibility,FieldCompatibilityModifierTests,testGeneralizeTypeNoReferenceF,3,1,0
eclipse.pde.ui-20120217-1437,org.eclipse.pde.api.tools.builder.tests.compatibility,FieldCompatibilityModifierTests,xSpecializeType,9,1,1
eclipse.pde.ui-20120217-1437,org.eclipse.pde.api.tools.builder.tests.compatibility,FieldCompatibilityModifierTests,testSpecializeTypeI,3,1,0
eclipse.pde.ui-20120217-1437,org.eclipse.pde.api.tools.builder.tests.compatibility,FieldCompatibilityModifierTests,testSpecializeTypeF,3,1,0
eclipse.pde.ui-20120217-1437,org.eclipse.pde.api.tools.builder.tests.compatibility,FieldCompatibilityModifierTests,xRemoveTypeArguments,9,1,1
eclipse.pde.ui-20120217-1437,org.eclipse.pde.api.tools.builder.tests.compatibility,FieldCompatibilityModifierTests,testRemoveTypeArgumentsI,3,1,0
eclipse.pde.ui-20120217-1437,org.eclipse.pde.api.tools.builder.tests.compatibility,FieldCompatibilityModifierTests,testRemoveTypeArgumentsF,3,1,0
eclipse.pde.ui-20120217-1437,org.eclipse.pde.api.tools.builder.tests.compatibility,FieldCompatibilityModifierTests,xAddTypeArguments,4,1,1
eclipse.pde.ui-20120217-1437,org.eclipse.pde.api.tools.builder.tests.compatibility,FieldCompatibilityModifierTests,testAddTypeArgumentsI,3,1,0
eclipse.pde.ui-20120217-1437,org.eclipse.pde.api.tools.builder.tests.compatibility,FieldCompatibilityModifierTests,testAddTypeArgumentsF,3,1,0
eclipse.pde.ui-20120217-1437,org.eclipse.pde.api.tools.builder.tests.compatibility,FieldCompatibilityModifierTests,xAddNoReference,9,1,1
eclipse.pde.ui-20120217-1437,org.eclipse.pde.api.tools.builder.tests.compatibility,FieldCompatibilityModifierTests,testAddNoReferenceI,3,1,0
eclipse.pde.ui-20120217-1437,org.eclipse.pde.api.tools.builder.tests.compatibility,FieldCompatibilityModifierTests,testAddNoReferenceF,3,1,0
eclipse.pde.ui-20120217-1437,org.eclipse.pde.api.tools.builder.tests.compatibility,FieldCompatibilityTests,collectTests,32,2,1
eclipse.pde.ui-20120217-1437,org.eclipse.pde.api.tools.builder.tests.compatibility,FieldCompatibilityTests,getAllTestClasses,4,1,0
eclipse.pde.ui-20120217-1437,org.eclipse.pde.api.tools.builder.tests.compatibility,FieldCompatibilityTests,FieldCompatibilityTests,3,1,1
eclipse.pde.ui-20120217-1437,org.eclipse.pde.api.tools.builder.tests.compatibility,FieldCompatibilityTests,getTestSourcePath,3,1,0
eclipse.pde.ui-20120217-1437,org.eclipse.pde.api.tools.builder.tests.compatibility,FieldCompatibilityTests,suite,5,1,0
eclipse.pde.ui-20120217-1437,org.eclipse.pde.api.tools.builder.tests.compatibility,FieldCompatibilityTests,getDefaultProblemId,3,1,0
eclipse.pde.ui-20120217-1437,org.eclipse.pde.api.tools.builder.tests.compatibility,FieldCompatibilityTests,getTestingProjectName,3,1,0
eclipse.pde.ui-20120217-1437,org.eclipse.pde.api.tools.builder.tests.compatibility,InterfaceCompatibilityMemberTests,InterfaceCompatibilityMemberTests,3,1,1
eclipse.pde.ui-20120217-1437,org.eclipse.pde.api.tools.builder.tests.compatibility,InterfaceCompatibilityMemberTests,getTestSourcePath,3,1,0
eclipse.pde.ui-20120217-1437,org.eclipse.pde.api.tools.builder.tests.compatibility,InterfaceCompatibilityMemberTests,suite,3,1,0
eclipse.pde.ui-20120217-1437,org.eclipse.pde.api.tools.builder.tests.compatibility,InterfaceCompatibilityMemberTests,getTestingProjectName,3,1,0
eclipse.pde.ui-20120217-1437,org.eclipse.pde.api.tools.builder.tests.compatibility,InterfaceCompatibilityMemberTests,testAddSuperInterfaceAI,3,1,0
eclipse.pde.ui-20120217-1437,org.eclipse.pde.api.tools.builder.tests.compatibility,InterfaceCompatibilityMemberTests,testAddSuperInterfaceAF,3,1,0
eclipse.pde.ui-20120217-1437,org.eclipse.pde.api.tools.builder.tests.compatibility,InterfaceCompatibilityMemberTests,xAddField,9,1,1
eclipse.pde.ui-20120217-1437,org.eclipse.pde.api.tools.builder.tests.compatibility,InterfaceCompatibilityMemberTests,testAddFieldI,3,1,0
eclipse.pde.ui-20120217-1437,org.eclipse.pde.api.tools.builder.tests.compatibility,InterfaceCompatibilityMemberTests,testAddFieldF,3,1,0
eclipse.pde.ui-20120217-1437,org.eclipse.pde.api.tools.builder.tests.compatibility,InterfaceCompatibilityMemberTests,xAddFieldNoImplement,5,1,1
eclipse.pde.ui-20120217-1437,org.eclipse.pde.api.tools.builder.tests.compatibility,InterfaceCompatibilityMemberTests,testAddFieldNoImplementI,3,1,0
eclipse.pde.ui-20120217-1437,org.eclipse.pde.api.tools.builder.tests.compatibility,InterfaceCompatibilityMemberTests,testAddFieldNoImplementF,3,1,0
eclipse.pde.ui-20120217-1437,org.eclipse.pde.api.tools.builder.tests.compatibility,InterfaceCompatibilityMemberTests,xAddFieldNoExtend,9,1,1
eclipse.pde.ui-20120217-1437,org.eclipse.pde.api.tools.builder.tests.compatibility,InterfaceCompatibilityMemberTests,testAddFieldNoExtendI,3,1,0
eclipse.pde.ui-20120217-1437,org.eclipse.pde.api.tools.builder.tests.compatibility,InterfaceCompatibilityMemberTests,testAddFieldNoExtendF,3,1,0
eclipse.pde.ui-20120217-1437,org.eclipse.pde.api.tools.builder.tests.compatibility,InterfaceCompatibilityMemberTests,xAddFieldNoExtendNoImplement,4,1,1
eclipse.pde.ui-20120217-1437,org.eclipse.pde.api.tools.builder.tests.compatibility,InterfaceCompatibilityMemberTests,testAddFieldNoExtendNoImplementI,3,1,0
eclipse.pde.ui-20120217-1437,org.eclipse.pde.api.tools.builder.tests.compatibility,InterfaceCompatibilityMemberTests,testAddFieldNoExtendNoImplementF,3,1,0
eclipse.pde.ui-20120217-1437,org.eclipse.pde.api.tools.builder.tests.compatibility,InterfaceCompatibilityMemberTests,xAddMethod,9,1,1
eclipse.pde.ui-20120217-1437,org.eclipse.pde.api.tools.builder.tests.compatibility,InterfaceCompatibilityMemberTests,testAddMethodI,3,1,0
eclipse.pde.ui-20120217-1437,org.eclipse.pde.api.tools.builder.tests.compatibility,InterfaceCompatibilityMemberTests,testAddMethodF,3,1,0
eclipse.pde.ui-20120217-1437,org.eclipse.pde.api.tools.builder.tests.compatibility,InterfaceCompatibilityMemberTests,xAddMethodNoImplement,5,1,1
eclipse.pde.ui-20120217-1437,org.eclipse.pde.api.tools.builder.tests.compatibility,InterfaceCompatibilityMemberTests,testAddMethodNoImplementI,3,1,0
eclipse.pde.ui-20120217-1437,org.eclipse.pde.api.tools.builder.tests.compatibility,InterfaceCompatibilityMemberTests,testAddMethodNoImplementF,3,1,0
eclipse.pde.ui-20120217-1437,org.eclipse.pde.api.tools.builder.tests.compatibility,InterfaceCompatibilityMemberTests,xAddMethodNoExtend,9,1,1
eclipse.pde.ui-20120217-1437,org.eclipse.pde.api.tools.builder.tests.compatibility,InterfaceCompatibilityMemberTests,testAddMethodNoExtendI,3,1,0
eclipse.pde.ui-20120217-1437,org.eclipse.pde.api.tools.builder.tests.compatibility,InterfaceCompatibilityMemberTests,testAddMethodNoExtendF,3,1,0
eclipse.pde.ui-20120217-1437,org.eclipse.pde.api.tools.builder.tests.compatibility,InterfaceCompatibilityMemberTests,xAddMethodNoExtendNoImplement,4,1,1
eclipse.pde.ui-20120217-1437,org.eclipse.pde.api.tools.builder.tests.compatibility,InterfaceCompatibilityMemberTests,testAddMethodNoExtendNoImplementI,3,1,0
eclipse.pde.ui-20120217-1437,org.eclipse.pde.api.tools.builder.tests.compatibility,InterfaceCompatibilityMemberTests,testAddMethodNoExtendNoImplementF,3,1,0
eclipse.pde.ui-20120217-1437,org.eclipse.pde.api.tools.builder.tests.compatibility,InterfaceCompatibilityMemberTests,xAddMemberType,4,1,1
eclipse.pde.ui-20120217-1437,org.eclipse.pde.api.tools.builder.tests.compatibility,InterfaceCompatibilityMemberTests,testAddMemberTypeI,3,1,0
eclipse.pde.ui-20120217-1437,org.eclipse.pde.api.tools.builder.tests.compatibility,InterfaceCompatibilityMemberTests,testAddMemberTypeF,3,1,0
eclipse.pde.ui-20120217-1437,org.eclipse.pde.api.tools.builder.tests.compatibility,InterfaceCompatibilityMemberTests,xAddMemberTypeNoImplement,4,1,1
eclipse.pde.ui-20120217-1437,org.eclipse.pde.api.tools.builder.tests.compatibility,InterfaceCompatibilityMemberTests,testAddMemberTypeNoImplementI,3,1,0
eclipse.pde.ui-20120217-1437,org.eclipse.pde.api.tools.builder.tests.compatibility,InterfaceCompatibilityMemberTests,testAddMemberTypeNoImplementF,3,1,0
eclipse.pde.ui-20120217-1437,org.eclipse.pde.api.tools.builder.tests.compatibility,InterfaceCompatibilityMemberTests,xRemoveField,9,1,1
eclipse.pde.ui-20120217-1437,org.eclipse.pde.api.tools.builder.tests.compatibility,InterfaceCompatibilityMemberTests,testRemoveFieldI,3,1,0
eclipse.pde.ui-20120217-1437,org.eclipse.pde.api.tools.builder.tests.compatibility,InterfaceCompatibilityMemberTests,testRemoveFieldF,3,1,0
eclipse.pde.ui-20120217-1437,org.eclipse.pde.api.tools.builder.tests.compatibility,InterfaceCompatibilityMemberTests,xRemoveMethod,9,1,1
eclipse.pde.ui-20120217-1437,org.eclipse.pde.api.tools.builder.tests.compatibility,InterfaceCompatibilityMemberTests,testRemoveMethodI,3,1,0
eclipse.pde.ui-20120217-1437,org.eclipse.pde.api.tools.builder.tests.compatibility,InterfaceCompatibilityMemberTests,testRemoveMethodF,3,1,0
eclipse.pde.ui-20120217-1437,org.eclipse.pde.api.tools.builder.tests.compatibility,InterfaceCompatibilityMemberTests,xRemoveMemberType,9,1,1
eclipse.pde.ui-20120217-1437,org.eclipse.pde.api.tools.builder.tests.compatibility,InterfaceCompatibilityMemberTests,testRemoveMemberTypeI,3,1,0
eclipse.pde.ui-20120217-1437,org.eclipse.pde.api.tools.builder.tests.compatibility,InterfaceCompatibilityMemberTests,testRemoveMemberTypeF,3,1,0
eclipse.pde.ui-20120217-1437,org.eclipse.pde.api.tools.builder.tests.compatibility,InterfaceCompatibilityMemberTests,xAddSuperInterfaceA,9,1,1
eclipse.pde.ui-20120217-1437,org.eclipse.pde.api.tools.builder.tests.compatibility,InterfaceCompatibilityMemberTests,xAddSuperInterfaceANoImplement,5,1,1
eclipse.pde.ui-20120217-1437,org.eclipse.pde.api.tools.builder.tests.compatibility,InterfaceCompatibilityMemberTests,testAddSuperInterfaceANoImplementI,3,1,0
eclipse.pde.ui-20120217-1437,org.eclipse.pde.api.tools.builder.tests.compatibility,InterfaceCompatibilityMemberTests,testAddSuperInterfaceANoImplementF,3,1,0
eclipse.pde.ui-20120217-1437,org.eclipse.pde.api.tools.builder.tests.compatibility,InterfaceCompatibilityMemberTests,xAddSuperInterfaceANoExtend,9,1,1
eclipse.pde.ui-20120217-1437,org.eclipse.pde.api.tools.builder.tests.compatibility,InterfaceCompatibilityMemberTests,testAddSuperInterfaceANoExtendI,3,1,0
eclipse.pde.ui-20120217-1437,org.eclipse.pde.api.tools.builder.tests.compatibility,InterfaceCompatibilityMemberTests,testAddSuperInterfaceANoExtendF,3,1,0
eclipse.pde.ui-20120217-1437,org.eclipse.pde.api.tools.builder.tests.compatibility,InterfaceCompatibilityMemberTests,xAddSuperInterfaceANoExtendNoImplement,4,1,1
eclipse.pde.ui-20120217-1437,org.eclipse.pde.api.tools.builder.tests.compatibility,InterfaceCompatibilityMemberTests,testAddSuperInterfaceANoExtendNoImplementI,3,1,0
eclipse.pde.ui-20120217-1437,org.eclipse.pde.api.tools.builder.tests.compatibility,InterfaceCompatibilityMemberTests,testAddSuperInterfaceANoExtendNoImplementF,3,1,0
eclipse.pde.ui-20120217-1437,org.eclipse.pde.api.tools.builder.tests.compatibility,InterfaceCompatibilityMemberTests,xReduceSuperInterfaceABtoA,9,1,1
eclipse.pde.ui-20120217-1437,org.eclipse.pde.api.tools.builder.tests.compatibility,InterfaceCompatibilityMemberTests,testReduceSuperInterfaceABtoAI,3,1,0
eclipse.pde.ui-20120217-1437,org.eclipse.pde.api.tools.builder.tests.compatibility,InterfaceCompatibilityMemberTests,testReduceSuperInterfaceABtoAF,3,1,0
eclipse.pde.ui-20120217-1437,org.eclipse.pde.api.tools.builder.tests.compatibility,InterfaceCompatibilityMemberTests,xReduceSuperInterfaceABtoEmpty,9,1,1
eclipse.pde.ui-20120217-1437,org.eclipse.pde.api.tools.builder.tests.compatibility,InterfaceCompatibilityMemberTests,testReduceSuperInterfaceABtoEmptyI,3,1,0
eclipse.pde.ui-20120217-1437,org.eclipse.pde.api.tools.builder.tests.compatibility,InterfaceCompatibilityMemberTests,testReduceSuperInterfaceABtoEmptyF,3,1,0
eclipse.pde.ui-20120217-1437,org.eclipse.pde.api.tools.builder.tests.compatibility,InterfaceCompatibilityMemberTests,xAddMethodNoImplement2,11,1,1
eclipse.pde.ui-20120217-1437,org.eclipse.pde.api.tools.builder.tests.compatibility,InterfaceCompatibilityMemberTests,testAddMethodNoImplement2I,3,1,0
eclipse.pde.ui-20120217-1437,org.eclipse.pde.api.tools.builder.tests.compatibility,InterfaceCompatibilityMemberTests,testAddMethodNoImplement2F,3,1,0
eclipse.pde.ui-20120217-1437,org.eclipse.pde.api.tools.builder.tests.compatibility,InterfaceCompatibilityRestrictionTests,InterfaceCompatibilityRestrictionTests,3,1,1
eclipse.pde.ui-20120217-1437,org.eclipse.pde.api.tools.builder.tests.compatibility,InterfaceCompatibilityRestrictionTests,getTestSourcePath,3,1,0
eclipse.pde.ui-20120217-1437,org.eclipse.pde.api.tools.builder.tests.compatibility,InterfaceCompatibilityRestrictionTests,suite,3,1,0
eclipse.pde.ui-20120217-1437,org.eclipse.pde.api.tools.builder.tests.compatibility,InterfaceCompatibilityRestrictionTests,getDefaultProblemId,3,1,0
eclipse.pde.ui-20120217-1437,org.eclipse.pde.api.tools.builder.tests.compatibility,InterfaceCompatibilityRestrictionTests,getTestingProjectName,3,1,0
eclipse.pde.ui-20120217-1437,org.eclipse.pde.api.tools.builder.tests.compatibility,InterfaceCompatibilityRestrictionTests,testRemoveNoImplementI,3,1,0
eclipse.pde.ui-20120217-1437,org.eclipse.pde.api.tools.builder.tests.compatibility,InterfaceCompatibilityRestrictionTests,testRemoveNoImplementF,3,1,0
eclipse.pde.ui-20120217-1437,org.eclipse.pde.api.tools.builder.tests.compatibility,InterfaceCompatibilityRestrictionTests,xRemoveNoImplement,4,1,1
eclipse.pde.ui-20120217-1437,org.eclipse.pde.api.tools.builder.tests.compatibility,InterfaceCompatibilityRestrictionTests,testAddNoImplementI,3,1,0
eclipse.pde.ui-20120217-1437,org.eclipse.pde.api.tools.builder.tests.compatibility,InterfaceCompatibilityRestrictionTests,testAddNoImplementF,3,1,0
eclipse.pde.ui-20120217-1437,org.eclipse.pde.api.tools.builder.tests.compatibility,InterfaceCompatibilityRestrictionTests,xAddNoImplement,9,1,1
eclipse.pde.ui-20120217-1437,org.eclipse.pde.api.tools.builder.tests.compatibility,InterfaceCompatibilityRestrictionTests,testRemoveNoExtendI,3,1,0
eclipse.pde.ui-20120217-1437,org.eclipse.pde.api.tools.builder.tests.compatibility,InterfaceCompatibilityRestrictionTests,testRemoveNoExtendF,3,1,0
eclipse.pde.ui-20120217-1437,org.eclipse.pde.api.tools.builder.tests.compatibility,InterfaceCompatibilityRestrictionTests,xRemoveNoExtend,9,1,1
eclipse.pde.ui-20120217-1437,org.eclipse.pde.api.tools.builder.tests.compatibility,InterfaceCompatibilityRestrictionTests,testAddNoExtendI,3,1,0
eclipse.pde.ui-20120217-1437,org.eclipse.pde.api.tools.builder.tests.compatibility,InterfaceCompatibilityRestrictionTests,testAddNoExtendF,3,1,0
eclipse.pde.ui-20120217-1437,org.eclipse.pde.api.tools.builder.tests.compatibility,InterfaceCompatibilityRestrictionTests,xAddNoExtend,14,1,1
eclipse.pde.ui-20120217-1437,org.eclipse.pde.api.tools.builder.tests.compatibility,InterfaceCompatibilityRestrictionTests,testAddNoExtendNoImplementI,3,1,0
eclipse.pde.ui-20120217-1437,org.eclipse.pde.api.tools.builder.tests.compatibility,InterfaceCompatibilityRestrictionTests,testAddNoExtendNoImplementF,3,1,0
eclipse.pde.ui-20120217-1437,org.eclipse.pde.api.tools.builder.tests.compatibility,InterfaceCompatibilityRestrictionTests,xAddNoExtendNoImplement,14,1,1
eclipse.pde.ui-20120217-1437,org.eclipse.pde.api.tools.builder.tests.compatibility,InterfaceCompatibilityRestrictionTests,testRemoveNoExtendNoImplementI,3,1,0
eclipse.pde.ui-20120217-1437,org.eclipse.pde.api.tools.builder.tests.compatibility,InterfaceCompatibilityRestrictionTests,testRemoveNoExtendNoImplementF,3,1,0
eclipse.pde.ui-20120217-1437,org.eclipse.pde.api.tools.builder.tests.compatibility,InterfaceCompatibilityRestrictionTests,xRemoveNoExtendNoImplement,9,1,1
eclipse.pde.ui-20120217-1437,org.eclipse.pde.api.tools.builder.tests.compatibility,InterfaceCompatibilityTests,collectTests,32,2,1
eclipse.pde.ui-20120217-1437,org.eclipse.pde.api.tools.builder.tests.compatibility,InterfaceCompatibilityTests,getAllTestClasses,4,1,0
eclipse.pde.ui-20120217-1437,org.eclipse.pde.api.tools.builder.tests.compatibility,InterfaceCompatibilityTests,InterfaceCompatibilityTests,3,1,1
eclipse.pde.ui-20120217-1437,org.eclipse.pde.api.tools.builder.tests.compatibility,InterfaceCompatibilityTests,getTestSourcePath,3,1,0
eclipse.pde.ui-20120217-1437,org.eclipse.pde.api.tools.builder.tests.compatibility,InterfaceCompatibilityTests,suite,5,1,0
eclipse.pde.ui-20120217-1437,org.eclipse.pde.api.tools.builder.tests.compatibility,InterfaceCompatibilityTests,getDefaultProblemId,3,1,0
eclipse.pde.ui-20120217-1437,org.eclipse.pde.api.tools.builder.tests.compatibility,InterfaceCompatibilityTests,getTestingProjectName,3,1,0
eclipse.pde.ui-20120217-1437,org.eclipse.pde.api.tools.builder.tests.compatibility,InterfaceCompatibilityTypeParameterTests,InterfaceCompatibilityTypeParameterTests,3,1,1
eclipse.pde.ui-20120217-1437,org.eclipse.pde.api.tools.builder.tests.compatibility,InterfaceCompatibilityTypeParameterTests,getTestSourcePath,3,1,0
eclipse.pde.ui-20120217-1437,org.eclipse.pde.api.tools.builder.tests.compatibility,InterfaceCompatibilityTypeParameterTests,suite,3,1,0
eclipse.pde.ui-20120217-1437,org.eclipse.pde.api.tools.builder.tests.compatibility,InterfaceCompatibilityTypeParameterTests,getDefaultProblemId,3,1,0
eclipse.pde.ui-20120217-1437,org.eclipse.pde.api.tools.builder.tests.compatibility,InterfaceCompatibilityTypeParameterTests,getProblemId,3,1,2
eclipse.pde.ui-20120217-1437,org.eclipse.pde.api.tools.builder.tests.compatibility,InterfaceCompatibilityTypeParameterTests,getTestingProjectName,3,1,0
eclipse.pde.ui-20120217-1437,org.eclipse.pde.api.tools.builder.tests.compatibility,InterfaceCompatibilityTypeParameterTests,xAddFirstTypeParameter,4,1,1
eclipse.pde.ui-20120217-1437,org.eclipse.pde.api.tools.builder.tests.compatibility,InterfaceCompatibilityTypeParameterTests,testAddFirstTypeParameterI,3,1,0
eclipse.pde.ui-20120217-1437,org.eclipse.pde.api.tools.builder.tests.compatibility,InterfaceCompatibilityTypeParameterTests,testAddFirstTypeParameterF,3,1,0
eclipse.pde.ui-20120217-1437,org.eclipse.pde.api.tools.builder.tests.compatibility,InterfaceCompatibilityTypeParameterTests,xAddSecondaryTypeParameter,9,1,1
eclipse.pde.ui-20120217-1437,org.eclipse.pde.api.tools.builder.tests.compatibility,InterfaceCompatibilityTypeParameterTests,testAddSecondaryTypeParameterI,3,1,0
eclipse.pde.ui-20120217-1437,org.eclipse.pde.api.tools.builder.tests.compatibility,InterfaceCompatibilityTypeParameterTests,testAddSecondaryTypeParameterF,3,1,0
eclipse.pde.ui-20120217-1437,org.eclipse.pde.api.tools.builder.tests.compatibility,InterfaceCompatibilityTypeParameterTests,xRemoveTypeParameter,9,1,1
eclipse.pde.ui-20120217-1437,org.eclipse.pde.api.tools.builder.tests.compatibility,InterfaceCompatibilityTypeParameterTests,testRemoveTypeParameterI,3,1,0
eclipse.pde.ui-20120217-1437,org.eclipse.pde.api.tools.builder.tests.compatibility,InterfaceCompatibilityTypeParameterTests,testRemoveTypeParameterF,3,1,0
eclipse.pde.ui-20120217-1437,org.eclipse.pde.api.tools.builder.tests.compatibility,InterfaceCompatibilityTypeParameterTests,xAddClassBound,9,1,1
eclipse.pde.ui-20120217-1437,org.eclipse.pde.api.tools.builder.tests.compatibility,InterfaceCompatibilityTypeParameterTests,testAddClassBoundI,3,1,0
eclipse.pde.ui-20120217-1437,org.eclipse.pde.api.tools.builder.tests.compatibility,InterfaceCompatibilityTypeParameterTests,testAddClassBoundF,3,1,0
eclipse.pde.ui-20120217-1437,org.eclipse.pde.api.tools.builder.tests.compatibility,InterfaceCompatibilityTypeParameterTests,xRemoveClassBound,9,1,1
eclipse.pde.ui-20120217-1437,org.eclipse.pde.api.tools.builder.tests.compatibility,InterfaceCompatibilityTypeParameterTests,testRemoveClassBoundI,3,1,0
eclipse.pde.ui-20120217-1437,org.eclipse.pde.api.tools.builder.tests.compatibility,InterfaceCompatibilityTypeParameterTests,testRemoveClassBoundF,3,1,0
eclipse.pde.ui-20120217-1437,org.eclipse.pde.api.tools.builder.tests.compatibility,InterfaceCompatibilityTypeParameterTests,xAddInterfaceBound,9,1,1
eclipse.pde.ui-20120217-1437,org.eclipse.pde.api.tools.builder.tests.compatibility,InterfaceCompatibilityTypeParameterTests,testAddInterfaceBoundI,3,1,0
eclipse.pde.ui-20120217-1437,org.eclipse.pde.api.tools.builder.tests.compatibility,InterfaceCompatibilityTypeParameterTests,testAddInterfaceBoundF,3,1,0
eclipse.pde.ui-20120217-1437,org.eclipse.pde.api.tools.builder.tests.compatibility,InterfaceCompatibilityTypeParameterTests,xRemoveInterfaceBound,9,1,1
eclipse.pde.ui-20120217-1437,org.eclipse.pde.api.tools.builder.tests.compatibility,InterfaceCompatibilityTypeParameterTests,testRemoveOnlyInterfaceBoundI,3,1,0
eclipse.pde.ui-20120217-1437,org.eclipse.pde.api.tools.builder.tests.compatibility,InterfaceCompatibilityTypeParameterTests,testRemoveOnlyInterfaceBoundF,3,1,0
eclipse.pde.ui-20120217-1437,org.eclipse.pde.api.tools.builder.tests.compatibility,InterfaceCompatibilityTypeParameterTests,xRemoveSecondaryInterfaceBound,9,1,1
eclipse.pde.ui-20120217-1437,org.eclipse.pde.api.tools.builder.tests.compatibility,InterfaceCompatibilityTypeParameterTests,testRemoveSecondaryInterfaceBoundI,3,1,0
eclipse.pde.ui-20120217-1437,org.eclipse.pde.api.tools.builder.tests.compatibility,InterfaceCompatibilityTypeParameterTests,testRemoveSecondaryInterfaceBoundF,3,1,0
eclipse.pde.ui-20120217-1437,org.eclipse.pde.api.tools.builder.tests.compatibility,InterfaceCompatibilityTypeParameterTests,xChangeClassBound,9,1,1
eclipse.pde.ui-20120217-1437,org.eclipse.pde.api.tools.builder.tests.compatibility,InterfaceCompatibilityTypeParameterTests,testChangeClassBoundI,3,1,0
eclipse.pde.ui-20120217-1437,org.eclipse.pde.api.tools.builder.tests.compatibility,InterfaceCompatibilityTypeParameterTests,testChangeClassBoundF,3,1,0
eclipse.pde.ui-20120217-1437,org.eclipse.pde.api.tools.builder.tests.compatibility,InterfaceCompatibilityTypeParameterTests,xChangeInterfaceBound,9,1,1
eclipse.pde.ui-20120217-1437,org.eclipse.pde.api.tools.builder.tests.compatibility,InterfaceCompatibilityTypeParameterTests,testChangeInterfaceBoundI,3,1,0
eclipse.pde.ui-20120217-1437,org.eclipse.pde.api.tools.builder.tests.compatibility,InterfaceCompatibilityTypeParameterTests,testChangeInterfaceBoundF,3,1,0
eclipse.pde.ui-20120217-1437,org.eclipse.pde.api.tools.builder.tests.compatibility,InvalidSinceTagTests,InvalidSinceTagTests,3,1,1
eclipse.pde.ui-20120217-1437,org.eclipse.pde.api.tools.builder.tests.compatibility,InvalidSinceTagTests,suite,3,1,0
eclipse.pde.ui-20120217-1437,org.eclipse.pde.api.tools.builder.tests.compatibility,InvalidSinceTagTests,configureExpectedProblems,7,1,2
eclipse.pde.ui-20120217-1437,org.eclipse.pde.api.tools.builder.tests.compatibility,InvalidSinceTagTests,xInvalidField,5,1,1
eclipse.pde.ui-20120217-1437,org.eclipse.pde.api.tools.builder.tests.compatibility,InvalidSinceTagTests,testInvalidFieldI,3,1,0
eclipse.pde.ui-20120217-1437,org.eclipse.pde.api.tools.builder.tests.compatibility,InvalidSinceTagTests,testInvalidFieldF,3,1,0
eclipse.pde.ui-20120217-1437,org.eclipse.pde.api.tools.builder.tests.compatibility,InvalidSinceTagTests,xInvalidMethod,5,1,1
eclipse.pde.ui-20120217-1437,org.eclipse.pde.api.tools.builder.tests.compatibility,InvalidSinceTagTests,testInvalidMethodI,3,1,0
eclipse.pde.ui-20120217-1437,org.eclipse.pde.api.tools.builder.tests.compatibility,InvalidSinceTagTests,testInvalidMethodF,3,1,0
eclipse.pde.ui-20120217-1437,org.eclipse.pde.api.tools.builder.tests.compatibility,InvalidSinceTagTests,xInvalidMemberType,5,1,1
eclipse.pde.ui-20120217-1437,org.eclipse.pde.api.tools.builder.tests.compatibility,InvalidSinceTagTests,testInvalidMemberTypeI,3,1,0
eclipse.pde.ui-20120217-1437,org.eclipse.pde.api.tools.builder.tests.compatibility,InvalidSinceTagTests,testInvalidMemberTypeF,3,1,0
eclipse.pde.ui-20120217-1437,org.eclipse.pde.api.tools.builder.tests.compatibility,InvalidSinceTagTests,xInvalidType,5,1,1
eclipse.pde.ui-20120217-1437,org.eclipse.pde.api.tools.builder.tests.compatibility,InvalidSinceTagTests,testInvalidTypeI,3,1,0
eclipse.pde.ui-20120217-1437,org.eclipse.pde.api.tools.builder.tests.compatibility,InvalidSinceTagTests,testInvalidTypeF,3,1,0
eclipse.pde.ui-20120217-1437,org.eclipse.pde.api.tools.builder.tests.compatibility,MalformedSinceTagTests,MalformedSinceTagTests,3,1,1
eclipse.pde.ui-20120217-1437,org.eclipse.pde.api.tools.builder.tests.compatibility,MalformedSinceTagTests,suite,3,1,0
eclipse.pde.ui-20120217-1437,org.eclipse.pde.api.tools.builder.tests.compatibility,MalformedSinceTagTests,configureExpectedProblems,7,1,2
eclipse.pde.ui-20120217-1437,org.eclipse.pde.api.tools.builder.tests.compatibility,MalformedSinceTagTests,xMalformedField,5,1,1
eclipse.pde.ui-20120217-1437,org.eclipse.pde.api.tools.builder.tests.compatibility,MalformedSinceTagTests,testMalformedFieldI,3,1,0
eclipse.pde.ui-20120217-1437,org.eclipse.pde.api.tools.builder.tests.compatibility,MalformedSinceTagTests,testMalformedFieldF,3,1,0
eclipse.pde.ui-20120217-1437,org.eclipse.pde.api.tools.builder.tests.compatibility,MalformedSinceTagTests,xMalformedMethod,5,1,1
eclipse.pde.ui-20120217-1437,org.eclipse.pde.api.tools.builder.tests.compatibility,MalformedSinceTagTests,testMalformedMethodI,3,1,0
eclipse.pde.ui-20120217-1437,org.eclipse.pde.api.tools.builder.tests.compatibility,MalformedSinceTagTests,testMalformedMethodF,3,1,0
eclipse.pde.ui-20120217-1437,org.eclipse.pde.api.tools.builder.tests.compatibility,MalformedSinceTagTests,xMalformedMemberType,5,1,1
eclipse.pde.ui-20120217-1437,org.eclipse.pde.api.tools.builder.tests.compatibility,MalformedSinceTagTests,testMalformedMemberTypeI,3,1,0
eclipse.pde.ui-20120217-1437,org.eclipse.pde.api.tools.builder.tests.compatibility,MalformedSinceTagTests,testMalformedMemberTypeF,3,1,0
eclipse.pde.ui-20120217-1437,org.eclipse.pde.api.tools.builder.tests.compatibility,MalformedSinceTagTests,xMalformedType,5,1,1
eclipse.pde.ui-20120217-1437,org.eclipse.pde.api.tools.builder.tests.compatibility,MalformedSinceTagTests,testMalformedTypeI,3,1,0
eclipse.pde.ui-20120217-1437,org.eclipse.pde.api.tools.builder.tests.compatibility,MalformedSinceTagTests,testMalformedTypeF,3,1,0
eclipse.pde.ui-20120217-1437,org.eclipse.pde.api.tools.builder.tests.compatibility,MalformedSinceTagTests,xMalformedTag,5,1,1
eclipse.pde.ui-20120217-1437,org.eclipse.pde.api.tools.builder.tests.compatibility,MalformedSinceTagTests,testMalformedTagI,3,1,0
eclipse.pde.ui-20120217-1437,org.eclipse.pde.api.tools.builder.tests.compatibility,MalformedSinceTagTests,testMalformedTagF,3,1,0
eclipse.pde.ui-20120217-1437,org.eclipse.pde.api.tools.builder.tests.compatibility,MalformedSinceTagTests,xValidSinceTags,4,1,1
eclipse.pde.ui-20120217-1437,org.eclipse.pde.api.tools.builder.tests.compatibility,MalformedSinceTagTests,testValidSinceTagsI,3,1,0
eclipse.pde.ui-20120217-1437,org.eclipse.pde.api.tools.builder.tests.compatibility,MalformedSinceTagTests,testValidSinceTagsF,3,1,0
eclipse.pde.ui-20120217-1437,org.eclipse.pde.api.tools.builder.tests.compatibility,MethodCompatibilityModifierTests,MethodCompatibilityModifierTests,3,1,1
eclipse.pde.ui-20120217-1437,org.eclipse.pde.api.tools.builder.tests.compatibility,MethodCompatibilityModifierTests,getTestSourcePath,3,1,0
eclipse.pde.ui-20120217-1437,org.eclipse.pde.api.tools.builder.tests.compatibility,MethodCompatibilityModifierTests,suite,3,1,0
eclipse.pde.ui-20120217-1437,org.eclipse.pde.api.tools.builder.tests.compatibility,MethodCompatibilityModifierTests,getTestingProjectName,3,1,0
eclipse.pde.ui-20120217-1437,org.eclipse.pde.api.tools.builder.tests.compatibility,MethodCompatibilityModifierTests,getChangedProblemId,3,1,1
eclipse.pde.ui-20120217-1437,org.eclipse.pde.api.tools.builder.tests.compatibility,MethodCompatibilityModifierTests,getAddedProblemId,3,1,1
eclipse.pde.ui-20120217-1437,org.eclipse.pde.api.tools.builder.tests.compatibility,MethodCompatibilityModifierTests,xAddFinal,9,1,1
eclipse.pde.ui-20120217-1437,org.eclipse.pde.api.tools.builder.tests.compatibility,MethodCompatibilityModifierTests,testAddNoOverrideI,3,1,0
eclipse.pde.ui-20120217-1437,org.eclipse.pde.api.tools.builder.tests.compatibility,MethodCompatibilityModifierTests,testAddNoOverrideF,3,1,0
eclipse.pde.ui-20120217-1437,org.eclipse.pde.api.tools.builder.tests.compatibility,MethodCompatibilityModifierTests,testAddNoOverrideToFinalI,3,1,0
eclipse.pde.ui-20120217-1437,org.eclipse.pde.api.tools.builder.tests.compatibility,MethodCompatibilityModifierTests,testAddNoOverrideToFinalF,3,1,0
eclipse.pde.ui-20120217-1437,org.eclipse.pde.api.tools.builder.tests.compatibility,MethodCompatibilityModifierTests,testAddFinalI,3,1,0
eclipse.pde.ui-20120217-1437,org.eclipse.pde.api.tools.builder.tests.compatibility,MethodCompatibilityModifierTests,testAddFinalF,3,1,0
eclipse.pde.ui-20120217-1437,org.eclipse.pde.api.tools.builder.tests.compatibility,MethodCompatibilityModifierTests,xAddAbstract,9,1,1
eclipse.pde.ui-20120217-1437,org.eclipse.pde.api.tools.builder.tests.compatibility,MethodCompatibilityModifierTests,testAddAbstractI,3,1,0
eclipse.pde.ui-20120217-1437,org.eclipse.pde.api.tools.builder.tests.compatibility,MethodCompatibilityModifierTests,testAddAbstractF,3,1,0
eclipse.pde.ui-20120217-1437,org.eclipse.pde.api.tools.builder.tests.compatibility,MethodCompatibilityModifierTests,xAddFinalNoOverride,4,1,1
eclipse.pde.ui-20120217-1437,org.eclipse.pde.api.tools.builder.tests.compatibility,MethodCompatibilityModifierTests,testAddFinalNoOverrideI,3,1,0
eclipse.pde.ui-20120217-1437,org.eclipse.pde.api.tools.builder.tests.compatibility,MethodCompatibilityModifierTests,testAddFinalNoOverrideF,3,1,0
eclipse.pde.ui-20120217-1437,org.eclipse.pde.api.tools.builder.tests.compatibility,MethodCompatibilityModifierTests,xAddFinalRemoveNoOverride,4,1,1
eclipse.pde.ui-20120217-1437,org.eclipse.pde.api.tools.builder.tests.compatibility,MethodCompatibilityModifierTests,testAddFinalRemoveNoOverrideI,3,1,0
eclipse.pde.ui-20120217-1437,org.eclipse.pde.api.tools.builder.tests.compatibility,MethodCompatibilityModifierTests,testAddFinalRemoveNoOverrideF,3,1,0
eclipse.pde.ui-20120217-1437,org.eclipse.pde.api.tools.builder.tests.compatibility,MethodCompatibilityModifierTests,xAddFinalNoExtend,4,1,1
eclipse.pde.ui-20120217-1437,org.eclipse.pde.api.tools.builder.tests.compatibility,MethodCompatibilityModifierTests,testAddFinalNoExtendI,3,1,0
eclipse.pde.ui-20120217-1437,org.eclipse.pde.api.tools.builder.tests.compatibility,MethodCompatibilityModifierTests,testAddFinalNoExtendF,3,1,0
eclipse.pde.ui-20120217-1437,org.eclipse.pde.api.tools.builder.tests.compatibility,MethodCompatibilityModifierTests,xAddStatic,9,1,1
eclipse.pde.ui-20120217-1437,org.eclipse.pde.api.tools.builder.tests.compatibility,MethodCompatibilityModifierTests,testAddStaticI,3,1,0
eclipse.pde.ui-20120217-1437,org.eclipse.pde.api.tools.builder.tests.compatibility,MethodCompatibilityModifierTests,testAddStaticF,3,1,0
eclipse.pde.ui-20120217-1437,org.eclipse.pde.api.tools.builder.tests.compatibility,MethodCompatibilityModifierTests,xAddStaticNoReference,4,1,1
eclipse.pde.ui-20120217-1437,org.eclipse.pde.api.tools.builder.tests.compatibility,MethodCompatibilityModifierTests,testAddStaticNoReferenceI,3,1,0
eclipse.pde.ui-20120217-1437,org.eclipse.pde.api.tools.builder.tests.compatibility,MethodCompatibilityModifierTests,testAddStaticNoReferenceF,3,1,0
eclipse.pde.ui-20120217-1437,org.eclipse.pde.api.tools.builder.tests.compatibility,MethodCompatibilityModifierTests,xRemoveStatic,9,1,1
eclipse.pde.ui-20120217-1437,org.eclipse.pde.api.tools.builder.tests.compatibility,MethodCompatibilityModifierTests,testRemoveStaticI,3,1,0
eclipse.pde.ui-20120217-1437,org.eclipse.pde.api.tools.builder.tests.compatibility,MethodCompatibilityModifierTests,testRemoveStaticF,3,1,0
eclipse.pde.ui-20120217-1437,org.eclipse.pde.api.tools.builder.tests.compatibility,MethodCompatibilityModifierTests,xRemoveStaticNoReference,4,1,1
eclipse.pde.ui-20120217-1437,org.eclipse.pde.api.tools.builder.tests.compatibility,MethodCompatibilityModifierTests,testRemoveStaticNoReferenceI,3,1,0
eclipse.pde.ui-20120217-1437,org.eclipse.pde.api.tools.builder.tests.compatibility,MethodCompatibilityModifierTests,testRemoveStaticNoReferenceF,3,1,0
eclipse.pde.ui-20120217-1437,org.eclipse.pde.api.tools.builder.tests.compatibility,MethodCompatibilityModifierTests,xProtectedToPackage,9,1,1
eclipse.pde.ui-20120217-1437,org.eclipse.pde.api.tools.builder.tests.compatibility,MethodCompatibilityModifierTests,testProtectedToPackageI,3,1,0
eclipse.pde.ui-20120217-1437,org.eclipse.pde.api.tools.builder.tests.compatibility,MethodCompatibilityModifierTests,testProtectedToPackageF,3,1,0
eclipse.pde.ui-20120217-1437,org.eclipse.pde.api.tools.builder.tests.compatibility,MethodCompatibilityModifierTests,xProtectedToPackageNoReference,4,1,1
eclipse.pde.ui-20120217-1437,org.eclipse.pde.api.tools.builder.tests.compatibility,MethodCompatibilityModifierTests,testProtectedToPackageNoReferenceI,3,1,0
eclipse.pde.ui-20120217-1437,org.eclipse.pde.api.tools.builder.tests.compatibility,MethodCompatibilityModifierTests,testProtectedToPackageNoReferenceF,3,1,0
eclipse.pde.ui-20120217-1437,org.eclipse.pde.api.tools.builder.tests.compatibility,MethodCompatibilityModifierTests,xProtectedToPrivate,9,1,1
eclipse.pde.ui-20120217-1437,org.eclipse.pde.api.tools.builder.tests.compatibility,MethodCompatibilityModifierTests,testProtectedToPrivateI,3,1,0
eclipse.pde.ui-20120217-1437,org.eclipse.pde.api.tools.builder.tests.compatibility,MethodCompatibilityModifierTests,testProtectedToPrivateF,3,1,0
eclipse.pde.ui-20120217-1437,org.eclipse.pde.api.tools.builder.tests.compatibility,MethodCompatibilityModifierTests,xProtectedToPrivateNoExtend,4,1,1
eclipse.pde.ui-20120217-1437,org.eclipse.pde.api.tools.builder.tests.compatibility,MethodCompatibilityModifierTests,testProtectedToPrivateNoExtendI,3,1,0
eclipse.pde.ui-20120217-1437,org.eclipse.pde.api.tools.builder.tests.compatibility,MethodCompatibilityModifierTests,testProtectedToPrivateNoExtendF,3,1,0
eclipse.pde.ui-20120217-1437,org.eclipse.pde.api.tools.builder.tests.compatibility,MethodCompatibilityModifierTests,xProtectedToPrivateNoOverride,9,1,1
eclipse.pde.ui-20120217-1437,org.eclipse.pde.api.tools.builder.tests.compatibility,MethodCompatibilityModifierTests,testProtectedToPrivateNoOverrideI,3,1,0
eclipse.pde.ui-20120217-1437,org.eclipse.pde.api.tools.builder.tests.compatibility,MethodCompatibilityModifierTests,testProtectedToPrivateNoOverrideF,3,1,0
eclipse.pde.ui-20120217-1437,org.eclipse.pde.api.tools.builder.tests.compatibility,MethodCompatibilityModifierTests,xPublicToPackage,9,1,1
eclipse.pde.ui-20120217-1437,org.eclipse.pde.api.tools.builder.tests.compatibility,MethodCompatibilityModifierTests,testPublicToPackageI,3,1,0
eclipse.pde.ui-20120217-1437,org.eclipse.pde.api.tools.builder.tests.compatibility,MethodCompatibilityModifierTests,testPublicToPackageF,3,1,0
eclipse.pde.ui-20120217-1437,org.eclipse.pde.api.tools.builder.tests.compatibility,MethodCompatibilityModifierTests,xPublicToPrivate,9,1,1
eclipse.pde.ui-20120217-1437,org.eclipse.pde.api.tools.builder.tests.compatibility,MethodCompatibilityModifierTests,testPublicToPrivateI,3,1,0
eclipse.pde.ui-20120217-1437,org.eclipse.pde.api.tools.builder.tests.compatibility,MethodCompatibilityModifierTests,testPublicToPrivateF,3,1,0
eclipse.pde.ui-20120217-1437,org.eclipse.pde.api.tools.builder.tests.compatibility,MethodCompatibilityModifierTests,xPrivateToPublic,4,1,1
eclipse.pde.ui-20120217-1437,org.eclipse.pde.api.tools.builder.tests.compatibility,MethodCompatibilityModifierTests,testPrivateToPublicI,3,1,0
eclipse.pde.ui-20120217-1437,org.eclipse.pde.api.tools.builder.tests.compatibility,MethodCompatibilityModifierTests,testPrivateToPublicF,3,1,0
eclipse.pde.ui-20120217-1437,org.eclipse.pde.api.tools.builder.tests.compatibility,MethodCompatibilityModifierTests,xPublicToPrivateNoReference,4,1,1
eclipse.pde.ui-20120217-1437,org.eclipse.pde.api.tools.builder.tests.compatibility,MethodCompatibilityModifierTests,testPublicToPrivateNoReferenceI,3,1,0
eclipse.pde.ui-20120217-1437,org.eclipse.pde.api.tools.builder.tests.compatibility,MethodCompatibilityModifierTests,testPublicToPrivateNoReferenceF,3,1,0
eclipse.pde.ui-20120217-1437,org.eclipse.pde.api.tools.builder.tests.compatibility,MethodCompatibilityModifierTests,xPublicToProtected,9,1,1
eclipse.pde.ui-20120217-1437,org.eclipse.pde.api.tools.builder.tests.compatibility,MethodCompatibilityModifierTests,testPublicToProtectedI,3,1,0
eclipse.pde.ui-20120217-1437,org.eclipse.pde.api.tools.builder.tests.compatibility,MethodCompatibilityModifierTests,testPublicToProtectedF,3,1,0
eclipse.pde.ui-20120217-1437,org.eclipse.pde.api.tools.builder.tests.compatibility,MethodCompatibilityModifierTests,xAddNoOverride,9,1,1
eclipse.pde.ui-20120217-1437,org.eclipse.pde.api.tools.builder.tests.compatibility,MethodCompatibilityModifierTests,xAddNoOverrideToFinal,4,1,1
eclipse.pde.ui-20120217-1437,org.eclipse.pde.api.tools.builder.tests.compatibility,MethodCompatibilityModifierTests,xAddNoReference,9,1,1
eclipse.pde.ui-20120217-1437,org.eclipse.pde.api.tools.builder.tests.compatibility,MethodCompatibilityModifierTests,testAddNoReferenceI,3,1,0
eclipse.pde.ui-20120217-1437,org.eclipse.pde.api.tools.builder.tests.compatibility,MethodCompatibilityModifierTests,testAddNoReferenceF,3,1,0
eclipse.pde.ui-20120217-1437,org.eclipse.pde.api.tools.builder.tests.compatibility,MethodCompatibilityModifierTests,testRemoveNoOverrideToFinalI,3,1,0
eclipse.pde.ui-20120217-1437,org.eclipse.pde.api.tools.builder.tests.compatibility,MethodCompatibilityModifierTests,testRemoveNoOverrideToFinalF,3,1,0
eclipse.pde.ui-20120217-1437,org.eclipse.pde.api.tools.builder.tests.compatibility,MethodCompatibilityModifierTests,xRemoveNoOverrideToFinal,4,1,1
eclipse.pde.ui-20120217-1437,org.eclipse.pde.api.tools.builder.tests.compatibility,MethodCompatibilityModifierTests,testRemoveNoOverrideI,3,1,0
eclipse.pde.ui-20120217-1437,org.eclipse.pde.api.tools.builder.tests.compatibility,MethodCompatibilityModifierTests,testRemoveNoOverrideF,3,1,0
eclipse.pde.ui-20120217-1437,org.eclipse.pde.api.tools.builder.tests.compatibility,MethodCompatibilityModifierTests,xRemoveNoOverride,4,1,1
eclipse.pde.ui-20120217-1437,org.eclipse.pde.api.tools.builder.tests.compatibility,MethodCompatibilityTests,collectTests,32,2,1
eclipse.pde.ui-20120217-1437,org.eclipse.pde.api.tools.builder.tests.compatibility,MethodCompatibilityTests,getAllTestClasses,4,1,0
eclipse.pde.ui-20120217-1437,org.eclipse.pde.api.tools.builder.tests.compatibility,MethodCompatibilityTests,MethodCompatibilityTests,3,1,1
eclipse.pde.ui-20120217-1437,org.eclipse.pde.api.tools.builder.tests.compatibility,MethodCompatibilityTests,getTestSourcePath,3,1,0
eclipse.pde.ui-20120217-1437,org.eclipse.pde.api.tools.builder.tests.compatibility,MethodCompatibilityTests,suite,5,1,0
eclipse.pde.ui-20120217-1437,org.eclipse.pde.api.tools.builder.tests.compatibility,MethodCompatibilityTests,getDefaultProblemId,3,1,0
eclipse.pde.ui-20120217-1437,org.eclipse.pde.api.tools.builder.tests.compatibility,MethodCompatibilityTests,getTestingProjectName,3,1,0
eclipse.pde.ui-20120217-1437,org.eclipse.pde.api.tools.builder.tests.compatibility,MethodCompatibilityTypeParameterTests,MethodCompatibilityTypeParameterTests,3,1,1
eclipse.pde.ui-20120217-1437,org.eclipse.pde.api.tools.builder.tests.compatibility,MethodCompatibilityTypeParameterTests,getTestSourcePath,3,1,0
eclipse.pde.ui-20120217-1437,org.eclipse.pde.api.tools.builder.tests.compatibility,MethodCompatibilityTypeParameterTests,suite,3,1,0
eclipse.pde.ui-20120217-1437,org.eclipse.pde.api.tools.builder.tests.compatibility,MethodCompatibilityTypeParameterTests,getTestingProjectName,3,1,0
eclipse.pde.ui-20120217-1437,org.eclipse.pde.api.tools.builder.tests.compatibility,MethodCompatibilityTypeParameterTests,xAddTypeParameter,9,1,1
eclipse.pde.ui-20120217-1437,org.eclipse.pde.api.tools.builder.tests.compatibility,MethodCompatibilityTypeParameterTests,testAddTypeParameterI,3,1,0
eclipse.pde.ui-20120217-1437,org.eclipse.pde.api.tools.builder.tests.compatibility,MethodCompatibilityTypeParameterTests,testAddTypeParameterF,3,1,0
eclipse.pde.ui-20120217-1437,org.eclipse.pde.api.tools.builder.tests.compatibility,MethodCompatibilityTypeParameterTests,xRemoveTypeParameter,9,1,1
eclipse.pde.ui-20120217-1437,org.eclipse.pde.api.tools.builder.tests.compatibility,MethodCompatibilityTypeParameterTests,testRemoveTypeParameterI,3,1,0
eclipse.pde.ui-20120217-1437,org.eclipse.pde.api.tools.builder.tests.compatibility,MethodCompatibilityTypeParameterTests,testRemoveTypeParameterF,3,1,0
eclipse.pde.ui-20120217-1437,org.eclipse.pde.api.tools.builder.tests.compatibility,MethodCompatibilityTypeParameterTests,xVarArgsToArray,9,1,1
eclipse.pde.ui-20120217-1437,org.eclipse.pde.api.tools.builder.tests.compatibility,MethodCompatibilityTypeParameterTests,testVarArgsToArrayI,3,1,0
eclipse.pde.ui-20120217-1437,org.eclipse.pde.api.tools.builder.tests.compatibility,MethodCompatibilityTypeParameterTests,testVarArgsToArrayF,3,1,0
eclipse.pde.ui-20120217-1437,org.eclipse.pde.api.tools.builder.tests.compatibility,MethodCompatibilityTypeParameterTests,xArrayToVarArgs,4,1,1
eclipse.pde.ui-20120217-1437,org.eclipse.pde.api.tools.builder.tests.compatibility,MethodCompatibilityTypeParameterTests,testArrayToVarArgsI,3,1,0
eclipse.pde.ui-20120217-1437,org.eclipse.pde.api.tools.builder.tests.compatibility,MethodCompatibilityTypeParameterTests,testArrayToVarArgsF,3,1,0
eclipse.pde.ui-20120217-1437,org.eclipse.pde.api.tools.builder.tests.compatibility,MissingSinceTagTests,MissingSinceTagTests,3,1,1
eclipse.pde.ui-20120217-1437,org.eclipse.pde.api.tools.builder.tests.compatibility,MissingSinceTagTests,suite,3,1,0
eclipse.pde.ui-20120217-1437,org.eclipse.pde.api.tools.builder.tests.compatibility,MissingSinceTagTests,configureExpectedProblems,7,1,2
eclipse.pde.ui-20120217-1437,org.eclipse.pde.api.tools.builder.tests.compatibility,MissingSinceTagTests,xAddMethod2,5,1,1
eclipse.pde.ui-20120217-1437,org.eclipse.pde.api.tools.builder.tests.compatibility,MissingSinceTagTests,testAddMethod2I,3,1,0
eclipse.pde.ui-20120217-1437,org.eclipse.pde.api.tools.builder.tests.compatibility,MissingSinceTagTests,testAddMethod2F,3,1,0
eclipse.pde.ui-20120217-1437,org.eclipse.pde.api.tools.builder.tests.compatibility,MissingSinceTagTests,xAddNonVisibleMethod2,5,1,1
eclipse.pde.ui-20120217-1437,org.eclipse.pde.api.tools.builder.tests.compatibility,MissingSinceTagTests,testAddNonVisibleMethod2I,3,1,0
eclipse.pde.ui-20120217-1437,org.eclipse.pde.api.tools.builder.tests.compatibility,MissingSinceTagTests,testAddNonVisibleMethod2F,3,1,0
eclipse.pde.ui-20120217-1437,org.eclipse.pde.api.tools.builder.tests.compatibility,MissingSinceTagTests,xAddField,5,1,1
eclipse.pde.ui-20120217-1437,org.eclipse.pde.api.tools.builder.tests.compatibility,MissingSinceTagTests,testAddFieldI,3,1,0
eclipse.pde.ui-20120217-1437,org.eclipse.pde.api.tools.builder.tests.compatibility,MissingSinceTagTests,testAddFieldF,3,1,0
eclipse.pde.ui-20120217-1437,org.eclipse.pde.api.tools.builder.tests.compatibility,MissingSinceTagTests,xAddPrivateField,4,1,1
eclipse.pde.ui-20120217-1437,org.eclipse.pde.api.tools.builder.tests.compatibility,MissingSinceTagTests,testPrivateAddFieldI,3,1,0
eclipse.pde.ui-20120217-1437,org.eclipse.pde.api.tools.builder.tests.compatibility,MissingSinceTagTests,testPrivateAddFieldF,3,1,0
eclipse.pde.ui-20120217-1437,org.eclipse.pde.api.tools.builder.tests.compatibility,MissingSinceTagTests,xAddMemberType,5,1,1
eclipse.pde.ui-20120217-1437,org.eclipse.pde.api.tools.builder.tests.compatibility,MissingSinceTagTests,testAddMemberTypeI,3,1,0
eclipse.pde.ui-20120217-1437,org.eclipse.pde.api.tools.builder.tests.compatibility,MissingSinceTagTests,testAddMemberTypeF,3,1,0
eclipse.pde.ui-20120217-1437,org.eclipse.pde.api.tools.builder.tests.compatibility,MissingSinceTagTests,xAddMethod,5,1,1
eclipse.pde.ui-20120217-1437,org.eclipse.pde.api.tools.builder.tests.compatibility,MissingSinceTagTests,testAddMethodI,3,1,0
eclipse.pde.ui-20120217-1437,org.eclipse.pde.api.tools.builder.tests.compatibility,MissingSinceTagTests,testAddMethodF,3,1,0
eclipse.pde.ui-20120217-1437,org.eclipse.pde.api.tools.builder.tests.compatibility,MissingSinceTagTests,xAddNewInterfaceMethod,5,1,1
eclipse.pde.ui-20120217-1437,org.eclipse.pde.api.tools.builder.tests.compatibility,MissingSinceTagTests,testAddNewInterfaceMethodI,3,1,0
eclipse.pde.ui-20120217-1437,org.eclipse.pde.api.tools.builder.tests.compatibility,MissingSinceTagTests,testAddNewInterfaceMethodF,3,1,0
eclipse.pde.ui-20120217-1437,org.eclipse.pde.api.tools.builder.tests.compatibility,MissingSinceTagTests,xAddInheritedMethod,4,1,1
eclipse.pde.ui-20120217-1437,org.eclipse.pde.api.tools.builder.tests.compatibility,MissingSinceTagTests,testAddInheritedMethodI,3,1,0
eclipse.pde.ui-20120217-1437,org.eclipse.pde.api.tools.builder.tests.compatibility,MissingSinceTagTests,testAddInheritedMethodF,3,1,0
eclipse.pde.ui-20120217-1437,org.eclipse.pde.api.tools.builder.tests.compatibility,MissingSinceTagTests,xAddNonVisibleMethod,4,1,1
eclipse.pde.ui-20120217-1437,org.eclipse.pde.api.tools.builder.tests.compatibility,MissingSinceTagTests,testAddNonVisibleMethodI,3,1,0
eclipse.pde.ui-20120217-1437,org.eclipse.pde.api.tools.builder.tests.compatibility,MissingSinceTagTests,testAddNonVisibleMethodF,3,1,0
eclipse.pde.ui-20120217-1437,org.eclipse.pde.api.tools.builder.tests.compatibility,MissingSinceTagTests,xAddType,5,1,1
eclipse.pde.ui-20120217-1437,org.eclipse.pde.api.tools.builder.tests.compatibility,MissingSinceTagTests,testAddTypeI,3,1,0
eclipse.pde.ui-20120217-1437,org.eclipse.pde.api.tools.builder.tests.compatibility,MissingSinceTagTests,testAddTypeF,3,1,0
eclipse.pde.ui-20120217-1437,org.eclipse.pde.api.tools.builder.tests.compatibility,ProjectTypeContainerTests,ProjectTypeContainerTests,3,1,1
eclipse.pde.ui-20120217-1437,org.eclipse.pde.api.tools.builder.tests.compatibility,ProjectTypeContainerTests,suite,3,1,0
eclipse.pde.ui-20120217-1437,org.eclipse.pde.api.tools.builder.tests.compatibility,ProjectTypeContainerTests,getTestingProjectName,3,1,0
eclipse.pde.ui-20120217-1437,org.eclipse.pde.api.tools.builder.tests.compatibility,ProjectTypeContainerTests,getDefaultProblemId,3,1,0
eclipse.pde.ui-20120217-1437,org.eclipse.pde.api.tools.builder.tests.compatibility,ProjectTypeContainerTests,getTypeContainer,10,1,0
eclipse.pde.ui-20120217-1437,org.eclipse.pde.api.tools.builder.tests.compatibility,ProjectTypeContainerTests,getAllPackages,17,4,0
eclipse.pde.ui-20120217-1437,org.eclipse.pde.api.tools.builder.tests.compatibility,ProjectTypeContainerTests,collectAllPackages,11,3,2
eclipse.pde.ui-20120217-1437,org.eclipse.pde.api.tools.builder.tests.compatibility,ProjectTypeContainerTests,getAllPackageNames,32,1,0
eclipse.pde.ui-20120217-1437,org.eclipse.pde.api.tools.builder.tests.compatibility,ProjectTypeContainerTests,collectAllTypeNames,17,4,0
eclipse.pde.ui-20120217-1437,org.eclipse.pde.api.tools.builder.tests.compatibility,ProjectTypeContainerTests,testPackageNames,18,4,0
eclipse.pde.ui-20120217-1437,org.eclipse.pde.api.tools.builder.tests.compatibility,ProjectTypeContainerTests,testFindType,7,1,0
eclipse.pde.ui-20120217-1437,org.eclipse.pde.api.tools.builder.tests.compatibility,ProjectTypeContainerTests,testMissingType,5,1,0
eclipse.pde.ui-20120217-1437,org.eclipse.pde.api.tools.builder.tests.compatibility,ProjectTypeContainerTests,testVisitor,43,7,0
eclipse.pde.ui-20120217-1437,org.eclipse.pde.api.tools.builder.tests.compatibility,ProjectTypeContainerTests,visitPackage,4,1,1
eclipse.pde.ui-20120217-1437,org.eclipse.pde.api.tools.builder.tests.compatibility,ProjectTypeContainerTests,visit,3,1,2
eclipse.pde.ui-20120217-1437,org.eclipse.pde.api.tools.builder.tests.compatibility,SinceTagTest,getAllTestClasses,4,1,0
eclipse.pde.ui-20120217-1437,org.eclipse.pde.api.tools.builder.tests.compatibility,SinceTagTest,collectTests,32,2,1
eclipse.pde.ui-20120217-1437,org.eclipse.pde.api.tools.builder.tests.compatibility,SinceTagTest,suite,5,1,0
eclipse.pde.ui-20120217-1437,org.eclipse.pde.api.tools.builder.tests.compatibility,SinceTagTest,SinceTagTest,3,1,1
eclipse.pde.ui-20120217-1437,org.eclipse.pde.api.tools.builder.tests.compatibility,SinceTagTest,setBuilderOptions,9,1,0
eclipse.pde.ui-20120217-1437,org.eclipse.pde.api.tools.builder.tests.compatibility,SinceTagTest,getTestSourcePath,3,1,0
eclipse.pde.ui-20120217-1437,org.eclipse.pde.api.tools.builder.tests.compatibility,SinceTagTest,getDefaultProblemId,3,1,0
eclipse.pde.ui-20120217-1437,org.eclipse.pde.api.tools.builder.tests.compatibility,SinceTagTest,getTestingProjectName,3,1,0
eclipse.pde.ui-20120217-1437,org.eclipse.pde.api.tools.builder.tests.compatibility,VersionTest,suite,3,1,0
eclipse.pde.ui-20120217-1437,org.eclipse.pde.api.tools.builder.tests.compatibility,VersionTest,VersionTest,3,1,1
eclipse.pde.ui-20120217-1437,org.eclipse.pde.api.tools.builder.tests.compatibility,VersionTest,setBuilderOptions,9,1,0
eclipse.pde.ui-20120217-1437,org.eclipse.pde.api.tools.builder.tests.compatibility,VersionTest,getTestSourcePath,3,1,0
eclipse.pde.ui-20120217-1437,org.eclipse.pde.api.tools.builder.tests.compatibility,VersionTest,getDefaultProblemId,3,1,0
eclipse.pde.ui-20120217-1437,org.eclipse.pde.api.tools.builder.tests.compatibility,VersionTest,getTestingProjectName,3,1,0
eclipse.pde.ui-20120217-1437,org.eclipse.pde.api.tools.builder.tests.compatibility,VersionTest,xAddApi,9,1,1
eclipse.pde.ui-20120217-1437,org.eclipse.pde.api.tools.builder.tests.compatibility,VersionTest,testAddApiI,3,1,0
eclipse.pde.ui-20120217-1437,org.eclipse.pde.api.tools.builder.tests.compatibility,VersionTest,testAddApiF,3,1,0
eclipse.pde.ui-20120217-1437,org.eclipse.pde.api.tools.builder.tests.compatibility,VersionTest,xBreakApi,9,1,1
eclipse.pde.ui-20120217-1437,org.eclipse.pde.api.tools.builder.tests.compatibility,VersionTest,testBreakApiI,3,1,0
eclipse.pde.ui-20120217-1437,org.eclipse.pde.api.tools.builder.tests.compatibility,VersionTest,testBreakApiF,3,1,0
eclipse.pde.ui-20120217-1437,org.eclipse.pde.api.tools.builder.tests.compatibility,VersionTest,xStableApi,4,1,1
eclipse.pde.ui-20120217-1437,org.eclipse.pde.api.tools.builder.tests.compatibility,VersionTest,testStableApiI,3,1,0
eclipse.pde.ui-20120217-1437,org.eclipse.pde.api.tools.builder.tests.compatibility,VersionTest,testStableApiF,3,1,0
eclipse.pde.ui-20120217-1437,org.eclipse.pde.api.tools.builder.tests.compatibility,VersionTest,xFalseMinorInc,24,2,1
eclipse.pde.ui-20120217-1437,org.eclipse.pde.api.tools.builder.tests.compatibility,VersionTest,testFalseMinorIncI,3,1,0
eclipse.pde.ui-20120217-1437,org.eclipse.pde.api.tools.builder.tests.compatibility,VersionTest,testFalseMinorIncF,3,1,0
eclipse.pde.ui-20120217-1437,org.eclipse.pde.api.tools.builder.tests.compatibility,VersionTest,xFalseMajorInc,24,2,1
eclipse.pde.ui-20120217-1437,org.eclipse.pde.api.tools.builder.tests.compatibility,VersionTest,testFalseMajorIncI,3,1,0
eclipse.pde.ui-20120217-1437,org.eclipse.pde.api.tools.builder.tests.compatibility,VersionTest,testFalseMajorIncF,3,1,0
eclipse.pde.ui-20120217-1437,org.eclipse.pde.api.tools.builder.tests.compatibility,VersionTest,xRemoveInternalClass,4,1,1
eclipse.pde.ui-20120217-1437,org.eclipse.pde.api.tools.builder.tests.compatibility,VersionTest,testRemoveInternalClassI,3,1,0
eclipse.pde.ui-20120217-1437,org.eclipse.pde.api.tools.builder.tests.compatibility,VersionTest,testRemoveInternalClassF,3,1,0
eclipse.pde.ui-20120217-1437,org.eclipse.pde.api.tools.builder.tests.compatibility,VersionTest,testBreakApiRegardlessOfMajorVersionI,3,1,0
eclipse.pde.ui-20120217-1437,org.eclipse.pde.api.tools.builder.tests.compatibility,VersionTest,testBreakApiRegardlessOfMajorVersionF,3,1,0
eclipse.pde.ui-20120217-1437,org.eclipse.pde.api.tools.builder.tests.compatibility,VersionTest,xRegardlessMajorInc,27,2,1
eclipse.pde.ui-20120217-1437,org.eclipse.pde.api.tools.builder.tests.leak,ClassExtendsLeak,ClassExtendsLeak,3,1,1
eclipse.pde.ui-20120217-1437,org.eclipse.pde.api.tools.builder.tests.leak,ClassExtendsLeak,getDefaultProblemId,6,2,0
eclipse.pde.ui-20120217-1437,org.eclipse.pde.api.tools.builder.tests.leak,ClassExtendsLeak,getTestSourcePath,3,1,0
eclipse.pde.ui-20120217-1437,org.eclipse.pde.api.tools.builder.tests.leak,ClassExtendsLeak,suite,3,1,0
eclipse.pde.ui-20120217-1437,org.eclipse.pde.api.tools.builder.tests.leak,ClassExtendsLeak,getTestCompliance,3,1,0
eclipse.pde.ui-20120217-1437,org.eclipse.pde.api.tools.builder.tests.leak,ClassExtendsLeak,testClassExtendsLeak1F,3,1,0
eclipse.pde.ui-20120217-1437,org.eclipse.pde.api.tools.builder.tests.leak,ClassExtendsLeak,testClassExtendsLeak1I,3,1,0
eclipse.pde.ui-20120217-1437,org.eclipse.pde.api.tools.builder.tests.leak,ClassExtendsLeak,x1,6,1,1
eclipse.pde.ui-20120217-1437,org.eclipse.pde.api.tools.builder.tests.leak,ClassExtendsLeak,testClassExtendsLeak2F,3,1,0
eclipse.pde.ui-20120217-1437,org.eclipse.pde.api.tools.builder.tests.leak,ClassExtendsLeak,testClassExtendsLeak2I,3,1,0
eclipse.pde.ui-20120217-1437,org.eclipse.pde.api.tools.builder.tests.leak,ClassExtendsLeak,x2,5,1,1
eclipse.pde.ui-20120217-1437,org.eclipse.pde.api.tools.builder.tests.leak,ClassExtendsLeak,testClassExtendsLeak3F,3,1,0
eclipse.pde.ui-20120217-1437,org.eclipse.pde.api.tools.builder.tests.leak,ClassExtendsLeak,testClassExtendsLeak3I,3,1,0
eclipse.pde.ui-20120217-1437,org.eclipse.pde.api.tools.builder.tests.leak,ClassExtendsLeak,x3,5,1,1
eclipse.pde.ui-20120217-1437,org.eclipse.pde.api.tools.builder.tests.leak,ClassExtendsLeak,testClassExtendsLeak4F,3,1,0
eclipse.pde.ui-20120217-1437,org.eclipse.pde.api.tools.builder.tests.leak,ClassExtendsLeak,testClassExtendsLeak4I,3,1,0
eclipse.pde.ui-20120217-1437,org.eclipse.pde.api.tools.builder.tests.leak,ClassExtendsLeak,x4,5,1,1
eclipse.pde.ui-20120217-1437,org.eclipse.pde.api.tools.builder.tests.leak,ClassExtendsLeak,testClassExtendsLeak5F,3,1,0
eclipse.pde.ui-20120217-1437,org.eclipse.pde.api.tools.builder.tests.leak,ClassExtendsLeak,testClassExtendsLeak5I,3,1,0
eclipse.pde.ui-20120217-1437,org.eclipse.pde.api.tools.builder.tests.leak,ClassExtendsLeak,x5,6,1,1
eclipse.pde.ui-20120217-1437,org.eclipse.pde.api.tools.builder.tests.leak,ClassExtendsLeak,testClassExtendsLeak6F,3,1,0
eclipse.pde.ui-20120217-1437,org.eclipse.pde.api.tools.builder.tests.leak,ClassExtendsLeak,testClassExtendsLeak6I,3,1,0
eclipse.pde.ui-20120217-1437,org.eclipse.pde.api.tools.builder.tests.leak,ClassExtendsLeak,x6,6,1,1
eclipse.pde.ui-20120217-1437,org.eclipse.pde.api.tools.builder.tests.leak,ClassExtendsLeak,testClassExtendsLeak7F,3,1,0
eclipse.pde.ui-20120217-1437,org.eclipse.pde.api.tools.builder.tests.leak,ClassExtendsLeak,testClassExtendsLeak7I,3,1,0
eclipse.pde.ui-20120217-1437,org.eclipse.pde.api.tools.builder.tests.leak,ClassExtendsLeak,x7,6,1,1
eclipse.pde.ui-20120217-1437,org.eclipse.pde.api.tools.builder.tests.leak,ClassExtendsLeak,testClassExtendsLeak8F,3,1,0
eclipse.pde.ui-20120217-1437,org.eclipse.pde.api.tools.builder.tests.leak,ClassExtendsLeak,testClassExtendsLeak8I,3,1,0
eclipse.pde.ui-20120217-1437,org.eclipse.pde.api.tools.builder.tests.leak,ClassExtendsLeak,x8,7,1,1
eclipse.pde.ui-20120217-1437,org.eclipse.pde.api.tools.builder.tests.leak,ClassExtendsLeak,testClassExtendsLeak9F,3,1,0
eclipse.pde.ui-20120217-1437,org.eclipse.pde.api.tools.builder.tests.leak,ClassExtendsLeak,testClassExtendsLeak9I,3,1,0
eclipse.pde.ui-20120217-1437,org.eclipse.pde.api.tools.builder.tests.leak,ClassExtendsLeak,x9,8,1,1
eclipse.pde.ui-20120217-1437,org.eclipse.pde.api.tools.builder.tests.leak,ClassExtendsLeak,testClassExtendsLeak10F,3,1,0
eclipse.pde.ui-20120217-1437,org.eclipse.pde.api.tools.builder.tests.leak,ClassExtendsLeak,testClassExtendsLeak10I,3,1,0
eclipse.pde.ui-20120217-1437,org.eclipse.pde.api.tools.builder.tests.leak,ClassExtendsLeak,x10,8,1,1
eclipse.pde.ui-20120217-1437,org.eclipse.pde.api.tools.builder.tests.leak,ClassExtendsLeak,testClassExtendsLeak11F,3,1,0
eclipse.pde.ui-20120217-1437,org.eclipse.pde.api.tools.builder.tests.leak,ClassExtendsLeak,testClassExtendsLeak11I,3,1,0
eclipse.pde.ui-20120217-1437,org.eclipse.pde.api.tools.builder.tests.leak,ClassExtendsLeak,x11,8,1,1
eclipse.pde.ui-20120217-1437,org.eclipse.pde.api.tools.builder.tests.leak,ClassExtendsLeak,testClassExtendsLeak12F,3,1,0
eclipse.pde.ui-20120217-1437,org.eclipse.pde.api.tools.builder.tests.leak,ClassExtendsLeak,testClassExtendsLeak12I,3,1,0
eclipse.pde.ui-20120217-1437,org.eclipse.pde.api.tools.builder.tests.leak,ClassExtendsLeak,x12,8,1,1
eclipse.pde.ui-20120217-1437,org.eclipse.pde.api.tools.builder.tests.leak,ClassExtendsLeak,testClassExtendsLeak23F,3,1,0
eclipse.pde.ui-20120217-1437,org.eclipse.pde.api.tools.builder.tests.leak,ClassExtendsLeak,testClassExtendsLeak23I,3,1,0
eclipse.pde.ui-20120217-1437,org.eclipse.pde.api.tools.builder.tests.leak,ClassExtendsLeak,x23,4,1,1
eclipse.pde.ui-20120217-1437,org.eclipse.pde.api.tools.builder.tests.leak,ClassExtendsLeak,testClassExtendsLeak24F,3,1,0
eclipse.pde.ui-20120217-1437,org.eclipse.pde.api.tools.builder.tests.leak,ClassExtendsLeak,testClassExtendsLeak24I,3,1,0
eclipse.pde.ui-20120217-1437,org.eclipse.pde.api.tools.builder.tests.leak,ClassExtendsLeak,x24,6,1,1
eclipse.pde.ui-20120217-1437,org.eclipse.pde.api.tools.builder.tests.leak,ClassExtendsLeak,testClassExtendsLeak25F,3,1,0
eclipse.pde.ui-20120217-1437,org.eclipse.pde.api.tools.builder.tests.leak,ClassExtendsLeak,testClassExtendsLeak25I,3,1,0
eclipse.pde.ui-20120217-1437,org.eclipse.pde.api.tools.builder.tests.leak,ClassExtendsLeak,x25,6,1,1
eclipse.pde.ui-20120217-1437,org.eclipse.pde.api.tools.builder.tests.leak,ClassExtendsLeak,testClassExtendsLeak26F,3,1,0
eclipse.pde.ui-20120217-1437,org.eclipse.pde.api.tools.builder.tests.leak,ClassExtendsLeak,testClassExtendsLeak26I,3,1,0
eclipse.pde.ui-20120217-1437,org.eclipse.pde.api.tools.builder.tests.leak,ClassExtendsLeak,x26,6,1,1
eclipse.pde.ui-20120217-1437,org.eclipse.pde.api.tools.builder.tests.leak,ClassExtendsLeak,testClassExtendsLeak27F,3,1,0
eclipse.pde.ui-20120217-1437,org.eclipse.pde.api.tools.builder.tests.leak,ClassExtendsLeak,testClassExtendsLeak27I,3,1,0
eclipse.pde.ui-20120217-1437,org.eclipse.pde.api.tools.builder.tests.leak,ClassExtendsLeak,x27,6,1,1
eclipse.pde.ui-20120217-1437,org.eclipse.pde.api.tools.builder.tests.leak,ClassExtendsLeak,testClassExtendsLeak28F,3,1,0
eclipse.pde.ui-20120217-1437,org.eclipse.pde.api.tools.builder.tests.leak,ClassExtendsLeak,testClassExtendsLeak28I,3,1,0
eclipse.pde.ui-20120217-1437,org.eclipse.pde.api.tools.builder.tests.leak,ClassExtendsLeak,x28,5,1,1
eclipse.pde.ui-20120217-1437,org.eclipse.pde.api.tools.builder.tests.leak,ClassExtendsLeak,testClassExtendsLeak29F,3,1,0
eclipse.pde.ui-20120217-1437,org.eclipse.pde.api.tools.builder.tests.leak,ClassExtendsLeak,testClassExtendsLeak29I,3,1,0
eclipse.pde.ui-20120217-1437,org.eclipse.pde.api.tools.builder.tests.leak,ClassExtendsLeak,x29,5,1,1
eclipse.pde.ui-20120217-1437,org.eclipse.pde.api.tools.builder.tests.leak,ClassExtendsLeak,testClassExtendsLeak30F,3,1,0
eclipse.pde.ui-20120217-1437,org.eclipse.pde.api.tools.builder.tests.leak,ClassExtendsLeak,testClassExtendsLeak30I,3,1,0
eclipse.pde.ui-20120217-1437,org.eclipse.pde.api.tools.builder.tests.leak,ClassExtendsLeak,x30,6,1,1
eclipse.pde.ui-20120217-1437,org.eclipse.pde.api.tools.builder.tests.leak,ClassExtendsLeak,testClassExtendsAndOverridesLeak31F,3,1,0
eclipse.pde.ui-20120217-1437,org.eclipse.pde.api.tools.builder.tests.leak,ClassExtendsLeak,testClassExtendsAndOverridesLeak31I,3,1,0
eclipse.pde.ui-20120217-1437,org.eclipse.pde.api.tools.builder.tests.leak,ClassExtendsLeak,x32,5,1,1
eclipse.pde.ui-20120217-1437,org.eclipse.pde.api.tools.builder.tests.leak,ClassImplementsLeak,ClassImplementsLeak,3,1,1
eclipse.pde.ui-20120217-1437,org.eclipse.pde.api.tools.builder.tests.leak,ClassImplementsLeak,getDefaultProblemId,6,2,0
eclipse.pde.ui-20120217-1437,org.eclipse.pde.api.tools.builder.tests.leak,ClassImplementsLeak,getTestSourcePath,3,1,0
eclipse.pde.ui-20120217-1437,org.eclipse.pde.api.tools.builder.tests.leak,ClassImplementsLeak,suite,3,1,0
eclipse.pde.ui-20120217-1437,org.eclipse.pde.api.tools.builder.tests.leak,ClassImplementsLeak,testClassImplementsLeak1F,3,1,0
eclipse.pde.ui-20120217-1437,org.eclipse.pde.api.tools.builder.tests.leak,ClassImplementsLeak,testClassImplementsLeak1I,3,1,0
eclipse.pde.ui-20120217-1437,org.eclipse.pde.api.tools.builder.tests.leak,ClassImplementsLeak,x1,6,1,1
eclipse.pde.ui-20120217-1437,org.eclipse.pde.api.tools.builder.tests.leak,ClassImplementsLeak,testClassImplementsLeak2F,3,1,0
eclipse.pde.ui-20120217-1437,org.eclipse.pde.api.tools.builder.tests.leak,ClassImplementsLeak,testClassImplementsLeak2I,3,1,0
eclipse.pde.ui-20120217-1437,org.eclipse.pde.api.tools.builder.tests.leak,ClassImplementsLeak,x2,5,1,1
eclipse.pde.ui-20120217-1437,org.eclipse.pde.api.tools.builder.tests.leak,ClassImplementsLeak,testClassImplementsLeak3F,3,1,0
eclipse.pde.ui-20120217-1437,org.eclipse.pde.api.tools.builder.tests.leak,ClassImplementsLeak,testClassImplementsLeak3I,3,1,0
eclipse.pde.ui-20120217-1437,org.eclipse.pde.api.tools.builder.tests.leak,ClassImplementsLeak,x3,5,1,1
eclipse.pde.ui-20120217-1437,org.eclipse.pde.api.tools.builder.tests.leak,ClassImplementsLeak,testClassImplementsLeak4F,3,1,0
eclipse.pde.ui-20120217-1437,org.eclipse.pde.api.tools.builder.tests.leak,ClassImplementsLeak,testClassImplementsLeak4I,3,1,0
eclipse.pde.ui-20120217-1437,org.eclipse.pde.api.tools.builder.tests.leak,ClassImplementsLeak,x4,5,1,1
eclipse.pde.ui-20120217-1437,org.eclipse.pde.api.tools.builder.tests.leak,ClassImplementsLeak,testClassImplementsLeak5F,3,1,0
eclipse.pde.ui-20120217-1437,org.eclipse.pde.api.tools.builder.tests.leak,ClassImplementsLeak,testClassImplementsLeak5I,3,1,0
eclipse.pde.ui-20120217-1437,org.eclipse.pde.api.tools.builder.tests.leak,ClassImplementsLeak,x5,6,1,1
eclipse.pde.ui-20120217-1437,org.eclipse.pde.api.tools.builder.tests.leak,ClassImplementsLeak,testClassImplementsLeak6F,3,1,0
eclipse.pde.ui-20120217-1437,org.eclipse.pde.api.tools.builder.tests.leak,ClassImplementsLeak,testClassImplementsLeak6I,3,1,0
eclipse.pde.ui-20120217-1437,org.eclipse.pde.api.tools.builder.tests.leak,ClassImplementsLeak,x6,6,1,1
eclipse.pde.ui-20120217-1437,org.eclipse.pde.api.tools.builder.tests.leak,ClassImplementsLeak,testClassImplementsLeak7F,3,1,0
eclipse.pde.ui-20120217-1437,org.eclipse.pde.api.tools.builder.tests.leak,ClassImplementsLeak,testClassImplementsLeak7I,3,1,0
eclipse.pde.ui-20120217-1437,org.eclipse.pde.api.tools.builder.tests.leak,ClassImplementsLeak,x7,6,1,1
eclipse.pde.ui-20120217-1437,org.eclipse.pde.api.tools.builder.tests.leak,ClassImplementsLeak,testClassImplementsLeak8F,3,1,0
eclipse.pde.ui-20120217-1437,org.eclipse.pde.api.tools.builder.tests.leak,ClassImplementsLeak,testClassImplementsLeak8I,3,1,0
eclipse.pde.ui-20120217-1437,org.eclipse.pde.api.tools.builder.tests.leak,ClassImplementsLeak,x8,8,1,1
eclipse.pde.ui-20120217-1437,org.eclipse.pde.api.tools.builder.tests.leak,ClassImplementsLeak,testClassImplementsLeak9F,3,1,0
eclipse.pde.ui-20120217-1437,org.eclipse.pde.api.tools.builder.tests.leak,ClassImplementsLeak,testClassImplementsLeak9I,3,1,0
eclipse.pde.ui-20120217-1437,org.eclipse.pde.api.tools.builder.tests.leak,ClassImplementsLeak,x9,8,1,1
eclipse.pde.ui-20120217-1437,org.eclipse.pde.api.tools.builder.tests.leak,ClassImplementsLeak,testClassImplementsLeak10F,3,1,0
eclipse.pde.ui-20120217-1437,org.eclipse.pde.api.tools.builder.tests.leak,ClassImplementsLeak,testClassImplementsLeak10I,3,1,0
eclipse.pde.ui-20120217-1437,org.eclipse.pde.api.tools.builder.tests.leak,ClassImplementsLeak,x10,8,1,1
eclipse.pde.ui-20120217-1437,org.eclipse.pde.api.tools.builder.tests.leak,ClassImplementsLeak,testClassImplementsLeak11F,3,1,0
eclipse.pde.ui-20120217-1437,org.eclipse.pde.api.tools.builder.tests.leak,ClassImplementsLeak,testClassImplementsLeak11I,3,1,0
eclipse.pde.ui-20120217-1437,org.eclipse.pde.api.tools.builder.tests.leak,ClassImplementsLeak,x11,6,1,1
eclipse.pde.ui-20120217-1437,org.eclipse.pde.api.tools.builder.tests.leak,ConstructorParameterLeak,ConstructorParameterLeak,3,1,1
eclipse.pde.ui-20120217-1437,org.eclipse.pde.api.tools.builder.tests.leak,ConstructorParameterLeak,getDefaultProblemId,6,2,0
eclipse.pde.ui-20120217-1437,org.eclipse.pde.api.tools.builder.tests.leak,ConstructorParameterLeak,suite,3,1,0
eclipse.pde.ui-20120217-1437,org.eclipse.pde.api.tools.builder.tests.leak,ConstructorParameterLeak,getTestSourcePath,3,1,0
eclipse.pde.ui-20120217-1437,org.eclipse.pde.api.tools.builder.tests.leak,ConstructorParameterLeak,testConstructorParameterLeak1F,3,1,0
eclipse.pde.ui-20120217-1437,org.eclipse.pde.api.tools.builder.tests.leak,ConstructorParameterLeak,testConstructorParameterLeak1I,3,1,0
eclipse.pde.ui-20120217-1437,org.eclipse.pde.api.tools.builder.tests.leak,ConstructorParameterLeak,x1,6,1,1
eclipse.pde.ui-20120217-1437,org.eclipse.pde.api.tools.builder.tests.leak,ConstructorParameterLeak,testConstructorParameterLeak2F,3,1,0
eclipse.pde.ui-20120217-1437,org.eclipse.pde.api.tools.builder.tests.leak,ConstructorParameterLeak,testConstructorParameterLeak2I,3,1,0
eclipse.pde.ui-20120217-1437,org.eclipse.pde.api.tools.builder.tests.leak,ConstructorParameterLeak,x2,5,1,1
eclipse.pde.ui-20120217-1437,org.eclipse.pde.api.tools.builder.tests.leak,ConstructorParameterLeak,testConstructorParameterLeak3F,3,1,0
eclipse.pde.ui-20120217-1437,org.eclipse.pde.api.tools.builder.tests.leak,ConstructorParameterLeak,testConstructorParameterLeak3I,3,1,0
eclipse.pde.ui-20120217-1437,org.eclipse.pde.api.tools.builder.tests.leak,ConstructorParameterLeak,x3,6,1,1
eclipse.pde.ui-20120217-1437,org.eclipse.pde.api.tools.builder.tests.leak,ConstructorParameterLeak,testConstructorParameterLeak4F,3,1,0
eclipse.pde.ui-20120217-1437,org.eclipse.pde.api.tools.builder.tests.leak,ConstructorParameterLeak,testConstructorParameterLeak4I,3,1,0
eclipse.pde.ui-20120217-1437,org.eclipse.pde.api.tools.builder.tests.leak,ConstructorParameterLeak,x4,5,1,1
eclipse.pde.ui-20120217-1437,org.eclipse.pde.api.tools.builder.tests.leak,ConstructorParameterLeak,testConstructorParameterLeak5F,3,1,0
eclipse.pde.ui-20120217-1437,org.eclipse.pde.api.tools.builder.tests.leak,ConstructorParameterLeak,testConstructorParameterLeak5I,3,1,0
eclipse.pde.ui-20120217-1437,org.eclipse.pde.api.tools.builder.tests.leak,ConstructorParameterLeak,x5,6,1,1
eclipse.pde.ui-20120217-1437,org.eclipse.pde.api.tools.builder.tests.leak,ConstructorParameterLeak,testConstructorParameterLeak6F,3,1,0
eclipse.pde.ui-20120217-1437,org.eclipse.pde.api.tools.builder.tests.leak,ConstructorParameterLeak,testConstructorParameterLeak6I,3,1,0
eclipse.pde.ui-20120217-1437,org.eclipse.pde.api.tools.builder.tests.leak,ConstructorParameterLeak,x6,5,1,1
eclipse.pde.ui-20120217-1437,org.eclipse.pde.api.tools.builder.tests.leak,ConstructorParameterLeak,testConstructorParameterLeak7F,3,1,0
eclipse.pde.ui-20120217-1437,org.eclipse.pde.api.tools.builder.tests.leak,ConstructorParameterLeak,testConstructorParameterLeak7I,3,1,0
eclipse.pde.ui-20120217-1437,org.eclipse.pde.api.tools.builder.tests.leak,ConstructorParameterLeak,x7,7,1,1
eclipse.pde.ui-20120217-1437,org.eclipse.pde.api.tools.builder.tests.leak,ConstructorParameterLeak,testConstructorParameterLeak8F,3,1,0
eclipse.pde.ui-20120217-1437,org.eclipse.pde.api.tools.builder.tests.leak,ConstructorParameterLeak,testConstructorParameterLeak8I,3,1,0
eclipse.pde.ui-20120217-1437,org.eclipse.pde.api.tools.builder.tests.leak,ConstructorParameterLeak,x8,5,1,1
eclipse.pde.ui-20120217-1437,org.eclipse.pde.api.tools.builder.tests.leak,ConstructorParameterLeak,testConstructorParameterLeak9F,3,1,0
eclipse.pde.ui-20120217-1437,org.eclipse.pde.api.tools.builder.tests.leak,ConstructorParameterLeak,testConstructorParameterLeak9I,3,1,0
eclipse.pde.ui-20120217-1437,org.eclipse.pde.api.tools.builder.tests.leak,ConstructorParameterLeak,x9,8,1,1
eclipse.pde.ui-20120217-1437,org.eclipse.pde.api.tools.builder.tests.leak,ConstructorParameterLeak,testConstructorParameterLeak10F,3,1,0
eclipse.pde.ui-20120217-1437,org.eclipse.pde.api.tools.builder.tests.leak,ConstructorParameterLeak,testConstructorParameterLeak10I,3,1,0
eclipse.pde.ui-20120217-1437,org.eclipse.pde.api.tools.builder.tests.leak,ConstructorParameterLeak,x10,5,1,1
eclipse.pde.ui-20120217-1437,org.eclipse.pde.api.tools.builder.tests.leak,ConstructorParameterLeak,testConstructorParameterLeak11F,3,1,0
eclipse.pde.ui-20120217-1437,org.eclipse.pde.api.tools.builder.tests.leak,ConstructorParameterLeak,testConstructorParameterLeak11I,3,1,0
eclipse.pde.ui-20120217-1437,org.eclipse.pde.api.tools.builder.tests.leak,ConstructorParameterLeak,x11,8,1,1
eclipse.pde.ui-20120217-1437,org.eclipse.pde.api.tools.builder.tests.leak,ConstructorParameterLeak,testConstructorParameterLeak12F,3,1,0
eclipse.pde.ui-20120217-1437,org.eclipse.pde.api.tools.builder.tests.leak,ConstructorParameterLeak,testConstructorParameterLeak12I,3,1,0
eclipse.pde.ui-20120217-1437,org.eclipse.pde.api.tools.builder.tests.leak,ConstructorParameterLeak,x12,8,1,1
eclipse.pde.ui-20120217-1437,org.eclipse.pde.api.tools.builder.tests.leak,ConstructorParameterLeak,testConstructorParameterLeak13F,3,1,0
eclipse.pde.ui-20120217-1437,org.eclipse.pde.api.tools.builder.tests.leak,ConstructorParameterLeak,testConstructorParameterLeak13I,3,1,0
eclipse.pde.ui-20120217-1437,org.eclipse.pde.api.tools.builder.tests.leak,ConstructorParameterLeak,x13,5,1,1
eclipse.pde.ui-20120217-1437,org.eclipse.pde.api.tools.builder.tests.leak,ConstructorParameterLeak,testConstructorParameterLeak14F,3,1,0
eclipse.pde.ui-20120217-1437,org.eclipse.pde.api.tools.builder.tests.leak,ConstructorParameterLeak,testConstructorParameterLeak14I,3,1,0
eclipse.pde.ui-20120217-1437,org.eclipse.pde.api.tools.builder.tests.leak,ConstructorParameterLeak,x14,6,1,1
eclipse.pde.ui-20120217-1437,org.eclipse.pde.api.tools.builder.tests.leak,FieldTypeLeak,FieldTypeLeak,3,1,1
eclipse.pde.ui-20120217-1437,org.eclipse.pde.api.tools.builder.tests.leak,FieldTypeLeak,getDefaultProblemId,6,2,0
eclipse.pde.ui-20120217-1437,org.eclipse.pde.api.tools.builder.tests.leak,FieldTypeLeak,suite,3,1,0
eclipse.pde.ui-20120217-1437,org.eclipse.pde.api.tools.builder.tests.leak,FieldTypeLeak,getTestSourcePath,3,1,0
eclipse.pde.ui-20120217-1437,org.eclipse.pde.api.tools.builder.tests.leak,FieldTypeLeak,testFieldTypeLeak1F,3,1,0
eclipse.pde.ui-20120217-1437,org.eclipse.pde.api.tools.builder.tests.leak,FieldTypeLeak,testFieldTypeLeak1I,3,1,0
eclipse.pde.ui-20120217-1437,org.eclipse.pde.api.tools.builder.tests.leak,FieldTypeLeak,x1,6,1,1
eclipse.pde.ui-20120217-1437,org.eclipse.pde.api.tools.builder.tests.leak,FieldTypeLeak,testFieldTypeLeak2F,3,1,0
eclipse.pde.ui-20120217-1437,org.eclipse.pde.api.tools.builder.tests.leak,FieldTypeLeak,testFieldTypeLeak2I,3,1,0
eclipse.pde.ui-20120217-1437,org.eclipse.pde.api.tools.builder.tests.leak,FieldTypeLeak,x2,7,1,1
eclipse.pde.ui-20120217-1437,org.eclipse.pde.api.tools.builder.tests.leak,FieldTypeLeak,testFieldTypeLeak3F,3,1,0
eclipse.pde.ui-20120217-1437,org.eclipse.pde.api.tools.builder.tests.leak,FieldTypeLeak,testFieldTypeLeak3I,3,1,0
eclipse.pde.ui-20120217-1437,org.eclipse.pde.api.tools.builder.tests.leak,FieldTypeLeak,x3,5,1,1
eclipse.pde.ui-20120217-1437,org.eclipse.pde.api.tools.builder.tests.leak,FieldTypeLeak,testFieldTypeLeak4F,3,1,0
eclipse.pde.ui-20120217-1437,org.eclipse.pde.api.tools.builder.tests.leak,FieldTypeLeak,testFieldTypeLeak4I,3,1,0
eclipse.pde.ui-20120217-1437,org.eclipse.pde.api.tools.builder.tests.leak,FieldTypeLeak,x4,7,1,1
eclipse.pde.ui-20120217-1437,org.eclipse.pde.api.tools.builder.tests.leak,FieldTypeLeak,testFieldTypeLeak5F,3,1,0
eclipse.pde.ui-20120217-1437,org.eclipse.pde.api.tools.builder.tests.leak,FieldTypeLeak,testFieldTypeLeak5I,3,1,0
eclipse.pde.ui-20120217-1437,org.eclipse.pde.api.tools.builder.tests.leak,FieldTypeLeak,x5,7,1,1
eclipse.pde.ui-20120217-1437,org.eclipse.pde.api.tools.builder.tests.leak,FieldTypeLeak,testFieldTypeLeak6F,3,1,0
eclipse.pde.ui-20120217-1437,org.eclipse.pde.api.tools.builder.tests.leak,FieldTypeLeak,testFieldTypeLeak6I,3,1,0
eclipse.pde.ui-20120217-1437,org.eclipse.pde.api.tools.builder.tests.leak,FieldTypeLeak,x6,5,1,1
eclipse.pde.ui-20120217-1437,org.eclipse.pde.api.tools.builder.tests.leak,FieldTypeLeak,testFieldTypeLeak7F,3,1,0
eclipse.pde.ui-20120217-1437,org.eclipse.pde.api.tools.builder.tests.leak,FieldTypeLeak,testFieldTypeLeak7I,3,1,0
eclipse.pde.ui-20120217-1437,org.eclipse.pde.api.tools.builder.tests.leak,FieldTypeLeak,x7,5,1,1
eclipse.pde.ui-20120217-1437,org.eclipse.pde.api.tools.builder.tests.leak,FieldTypeLeak,testFieldTypeLeak8F,3,1,0
eclipse.pde.ui-20120217-1437,org.eclipse.pde.api.tools.builder.tests.leak,FieldTypeLeak,testFieldTypeLeak8I,3,1,0
eclipse.pde.ui-20120217-1437,org.eclipse.pde.api.tools.builder.tests.leak,FieldTypeLeak,x8,7,1,1
eclipse.pde.ui-20120217-1437,org.eclipse.pde.api.tools.builder.tests.leak,InterfaceExtendsLeak,InterfaceExtendsLeak,3,1,1
eclipse.pde.ui-20120217-1437,org.eclipse.pde.api.tools.builder.tests.leak,InterfaceExtendsLeak,getDefaultProblemId,6,2,0
eclipse.pde.ui-20120217-1437,org.eclipse.pde.api.tools.builder.tests.leak,InterfaceExtendsLeak,getTestSourcePath,3,1,0
eclipse.pde.ui-20120217-1437,org.eclipse.pde.api.tools.builder.tests.leak,InterfaceExtendsLeak,suite,3,1,0
eclipse.pde.ui-20120217-1437,org.eclipse.pde.api.tools.builder.tests.leak,InterfaceExtendsLeak,testInterfaceExtendsLeak1F,3,1,0
eclipse.pde.ui-20120217-1437,org.eclipse.pde.api.tools.builder.tests.leak,InterfaceExtendsLeak,testInterfaceExtendsLeak1I,3,1,0
eclipse.pde.ui-20120217-1437,org.eclipse.pde.api.tools.builder.tests.leak,InterfaceExtendsLeak,x1,6,1,1
eclipse.pde.ui-20120217-1437,org.eclipse.pde.api.tools.builder.tests.leak,InterfaceExtendsLeak,testInterfaceExtendsLeak2F,3,1,0
eclipse.pde.ui-20120217-1437,org.eclipse.pde.api.tools.builder.tests.leak,InterfaceExtendsLeak,testInterfaceExtendsLeak2I,3,1,0
eclipse.pde.ui-20120217-1437,org.eclipse.pde.api.tools.builder.tests.leak,InterfaceExtendsLeak,x2,5,1,1
eclipse.pde.ui-20120217-1437,org.eclipse.pde.api.tools.builder.tests.leak,InterfaceExtendsLeak,testInterfaceExtendsLeak3F,3,1,0
eclipse.pde.ui-20120217-1437,org.eclipse.pde.api.tools.builder.tests.leak,InterfaceExtendsLeak,testInterfaceExtendsLeak3I,3,1,0
eclipse.pde.ui-20120217-1437,org.eclipse.pde.api.tools.builder.tests.leak,InterfaceExtendsLeak,x3,7,1,1
eclipse.pde.ui-20120217-1437,org.eclipse.pde.api.tools.builder.tests.leak,InterfaceExtendsLeak,testInterfaceExtendsLeak4F,3,1,0
eclipse.pde.ui-20120217-1437,org.eclipse.pde.api.tools.builder.tests.leak,InterfaceExtendsLeak,testInterfaceExtendsLeak4I,3,1,0
eclipse.pde.ui-20120217-1437,org.eclipse.pde.api.tools.builder.tests.leak,InterfaceExtendsLeak,x4,7,1,1
eclipse.pde.ui-20120217-1437,org.eclipse.pde.api.tools.builder.tests.leak,InterfaceExtendsLeak,testInterfaceExtendsLeak5F,3,1,0
eclipse.pde.ui-20120217-1437,org.eclipse.pde.api.tools.builder.tests.leak,InterfaceExtendsLeak,testInterfaceExtendsLeak5I,3,1,0
eclipse.pde.ui-20120217-1437,org.eclipse.pde.api.tools.builder.tests.leak,InterfaceExtendsLeak,x5,5,1,1
eclipse.pde.ui-20120217-1437,org.eclipse.pde.api.tools.builder.tests.leak,InterfaceExtendsLeak,testInterfaceExtendsLeak6F,3,1,0
eclipse.pde.ui-20120217-1437,org.eclipse.pde.api.tools.builder.tests.leak,InterfaceExtendsLeak,testInterfaceExtendsLeak6I,3,1,0
eclipse.pde.ui-20120217-1437,org.eclipse.pde.api.tools.builder.tests.leak,InterfaceExtendsLeak,x6,6,1,1
eclipse.pde.ui-20120217-1437,org.eclipse.pde.api.tools.builder.tests.leak,InterfaceExtendsLeak,testInterfaceExtendsLeak7F,3,1,0
eclipse.pde.ui-20120217-1437,org.eclipse.pde.api.tools.builder.tests.leak,InterfaceExtendsLeak,testInterfaceExtendsLeak7I,3,1,0
eclipse.pde.ui-20120217-1437,org.eclipse.pde.api.tools.builder.tests.leak,InterfaceExtendsLeak,x7,7,1,1
eclipse.pde.ui-20120217-1437,org.eclipse.pde.api.tools.builder.tests.leak,InterfaceExtendsLeak,testInterfaceExtendsLeak8F,3,1,0
eclipse.pde.ui-20120217-1437,org.eclipse.pde.api.tools.builder.tests.leak,InterfaceExtendsLeak,testInterfaceExtendsLeak8I,3,1,0
eclipse.pde.ui-20120217-1437,org.eclipse.pde.api.tools.builder.tests.leak,InterfaceExtendsLeak,x8,8,1,1
eclipse.pde.ui-20120217-1437,org.eclipse.pde.api.tools.builder.tests.leak,InterfaceExtendsLeak,testInterfaceExtendsLeak9F,3,1,0
eclipse.pde.ui-20120217-1437,org.eclipse.pde.api.tools.builder.tests.leak,InterfaceExtendsLeak,testInterfaceExtendsLeak9I,3,1,0
eclipse.pde.ui-20120217-1437,org.eclipse.pde.api.tools.builder.tests.leak,InterfaceExtendsLeak,x9,8,1,1
eclipse.pde.ui-20120217-1437,org.eclipse.pde.api.tools.builder.tests.leak,InterfaceExtendsLeak,testInterfaceExtendsLeak10F,3,1,0
eclipse.pde.ui-20120217-1437,org.eclipse.pde.api.tools.builder.tests.leak,InterfaceExtendsLeak,testInterfaceExtendsLeak10I,3,1,0
eclipse.pde.ui-20120217-1437,org.eclipse.pde.api.tools.builder.tests.leak,InterfaceExtendsLeak,x10,6,1,1
eclipse.pde.ui-20120217-1437,org.eclipse.pde.api.tools.builder.tests.leak,LeakTest,LeakTest,3,1,1
eclipse.pde.ui-20120217-1437,org.eclipse.pde.api.tools.builder.tests.leak,LeakTest,setBuilderOptions,9,1,0
eclipse.pde.ui-20120217-1437,org.eclipse.pde.api.tools.builder.tests.leak,LeakTest,getTestSourcePath,3,1,0
eclipse.pde.ui-20120217-1437,org.eclipse.pde.api.tools.builder.tests.leak,LeakTest,getTestingProjectName,3,1,0
eclipse.pde.ui-20120217-1437,org.eclipse.pde.api.tools.builder.tests.leak,LeakTest,suite,5,1,0
eclipse.pde.ui-20120217-1437,org.eclipse.pde.api.tools.builder.tests.leak,LeakTest,collectTests,32,2,1
eclipse.pde.ui-20120217-1437,org.eclipse.pde.api.tools.builder.tests.leak,LeakTest,getAllTestClasses,4,1,0
eclipse.pde.ui-20120217-1437,org.eclipse.pde.api.tools.builder.tests.leak,LeakTest,deployLeakTest,18,2,2
eclipse.pde.ui-20120217-1437,org.eclipse.pde.api.tools.builder.tests.leak,LeakTest,setUp,12,3,0
eclipse.pde.ui-20120217-1437,org.eclipse.pde.api.tools.builder.tests.leak,LeakTest,tearDown,7,2,0
eclipse.pde.ui-20120217-1437,org.eclipse.pde.api.tools.builder.tests.leak,MethodParameterLeak,MethodParameterLeak,3,1,1
eclipse.pde.ui-20120217-1437,org.eclipse.pde.api.tools.builder.tests.leak,MethodParameterLeak,getDefaultProblemId,6,2,0
eclipse.pde.ui-20120217-1437,org.eclipse.pde.api.tools.builder.tests.leak,MethodParameterLeak,suite,3,1,0
eclipse.pde.ui-20120217-1437,org.eclipse.pde.api.tools.builder.tests.leak,MethodParameterLeak,getTestSourcePath,3,1,0
eclipse.pde.ui-20120217-1437,org.eclipse.pde.api.tools.builder.tests.leak,MethodParameterLeak,testMethodParameterLeak1F,3,1,0
eclipse.pde.ui-20120217-1437,org.eclipse.pde.api.tools.builder.tests.leak,MethodParameterLeak,testMethodParameterLeak1I,3,1,0
eclipse.pde.ui-20120217-1437,org.eclipse.pde.api.tools.builder.tests.leak,MethodParameterLeak,x1,6,1,1
eclipse.pde.ui-20120217-1437,org.eclipse.pde.api.tools.builder.tests.leak,MethodParameterLeak,testMethodParameterLeak2F,3,1,0
eclipse.pde.ui-20120217-1437,org.eclipse.pde.api.tools.builder.tests.leak,MethodParameterLeak,testMethodParameterLeak2I,3,1,0
eclipse.pde.ui-20120217-1437,org.eclipse.pde.api.tools.builder.tests.leak,MethodParameterLeak,x2,5,1,1
eclipse.pde.ui-20120217-1437,org.eclipse.pde.api.tools.builder.tests.leak,MethodParameterLeak,testMethodParameterLeak3F,3,1,0
eclipse.pde.ui-20120217-1437,org.eclipse.pde.api.tools.builder.tests.leak,MethodParameterLeak,testMethodParameterLeak3I,3,1,0
eclipse.pde.ui-20120217-1437,org.eclipse.pde.api.tools.builder.tests.leak,MethodParameterLeak,x3,6,1,1
eclipse.pde.ui-20120217-1437,org.eclipse.pde.api.tools.builder.tests.leak,MethodParameterLeak,testMethodParameterLeak4F,3,1,0
eclipse.pde.ui-20120217-1437,org.eclipse.pde.api.tools.builder.tests.leak,MethodParameterLeak,testMethodParameterLeak4I,3,1,0
eclipse.pde.ui-20120217-1437,org.eclipse.pde.api.tools.builder.tests.leak,MethodParameterLeak,x4,5,1,1
eclipse.pde.ui-20120217-1437,org.eclipse.pde.api.tools.builder.tests.leak,MethodParameterLeak,testMethodParameterLeak5F,3,1,0
eclipse.pde.ui-20120217-1437,org.eclipse.pde.api.tools.builder.tests.leak,MethodParameterLeak,testMethodParameterLeak5I,3,1,0
eclipse.pde.ui-20120217-1437,org.eclipse.pde.api.tools.builder.tests.leak,MethodParameterLeak,x5,6,1,1
eclipse.pde.ui-20120217-1437,org.eclipse.pde.api.tools.builder.tests.leak,MethodParameterLeak,testMethodParameterLeak6F,3,1,0
eclipse.pde.ui-20120217-1437,org.eclipse.pde.api.tools.builder.tests.leak,MethodParameterLeak,testMethodParameterLeak6I,3,1,0
eclipse.pde.ui-20120217-1437,org.eclipse.pde.api.tools.builder.tests.leak,MethodParameterLeak,x6,5,1,1
eclipse.pde.ui-20120217-1437,org.eclipse.pde.api.tools.builder.tests.leak,MethodParameterLeak,testMethodParameterLeak7F,3,1,0
eclipse.pde.ui-20120217-1437,org.eclipse.pde.api.tools.builder.tests.leak,MethodParameterLeak,testMethodParameterLeak7I,3,1,0
eclipse.pde.ui-20120217-1437,org.eclipse.pde.api.tools.builder.tests.leak,MethodParameterLeak,x7,6,1,1
eclipse.pde.ui-20120217-1437,org.eclipse.pde.api.tools.builder.tests.leak,MethodParameterLeak,testMethodParameterLeak8F,3,1,0
eclipse.pde.ui-20120217-1437,org.eclipse.pde.api.tools.builder.tests.leak,MethodParameterLeak,testMethodParameterLeak8I,3,1,0
eclipse.pde.ui-20120217-1437,org.eclipse.pde.api.tools.builder.tests.leak,MethodParameterLeak,x8,5,1,1
eclipse.pde.ui-20120217-1437,org.eclipse.pde.api.tools.builder.tests.leak,MethodParameterLeak,testMethodParameterLeak9F,3,1,0
eclipse.pde.ui-20120217-1437,org.eclipse.pde.api.tools.builder.tests.leak,MethodParameterLeak,testMethodParameterLeak9I,3,1,0
eclipse.pde.ui-20120217-1437,org.eclipse.pde.api.tools.builder.tests.leak,MethodParameterLeak,x9,6,1,1
eclipse.pde.ui-20120217-1437,org.eclipse.pde.api.tools.builder.tests.leak,MethodParameterLeak,testMethodParameterLeak10F,3,1,0
eclipse.pde.ui-20120217-1437,org.eclipse.pde.api.tools.builder.tests.leak,MethodParameterLeak,testMethodParameterLeak10I,3,1,0
eclipse.pde.ui-20120217-1437,org.eclipse.pde.api.tools.builder.tests.leak,MethodParameterLeak,x10,5,1,1
eclipse.pde.ui-20120217-1437,org.eclipse.pde.api.tools.builder.tests.leak,MethodParameterLeak,testMethodParameterLeak11F,3,1,0
eclipse.pde.ui-20120217-1437,org.eclipse.pde.api.tools.builder.tests.leak,MethodParameterLeak,testMethodParameterLeak11I,3,1,0
eclipse.pde.ui-20120217-1437,org.eclipse.pde.api.tools.builder.tests.leak,MethodParameterLeak,x11,6,1,1
eclipse.pde.ui-20120217-1437,org.eclipse.pde.api.tools.builder.tests.leak,MethodParameterLeak,testMethodParameterLeak12F,3,1,0
eclipse.pde.ui-20120217-1437,org.eclipse.pde.api.tools.builder.tests.leak,MethodParameterLeak,testMethodParameterLeak12I,3,1,0
eclipse.pde.ui-20120217-1437,org.eclipse.pde.api.tools.builder.tests.leak,MethodParameterLeak,x12,6,1,1
eclipse.pde.ui-20120217-1437,org.eclipse.pde.api.tools.builder.tests.leak,MethodParameterLeak,testMethodParameterLeak13F,3,1,0
eclipse.pde.ui-20120217-1437,org.eclipse.pde.api.tools.builder.tests.leak,MethodParameterLeak,testMethodParameterLeak13I,3,1,0
eclipse.pde.ui-20120217-1437,org.eclipse.pde.api.tools.builder.tests.leak,MethodParameterLeak,x13,5,1,1
eclipse.pde.ui-20120217-1437,org.eclipse.pde.api.tools.builder.tests.leak,MethodParameterLeak,testMethodParameterLeak14F,3,1,0
eclipse.pde.ui-20120217-1437,org.eclipse.pde.api.tools.builder.tests.leak,MethodParameterLeak,testMethodParameterLeak14I,3,1,0
eclipse.pde.ui-20120217-1437,org.eclipse.pde.api.tools.builder.tests.leak,MethodParameterLeak,x14,5,1,1
eclipse.pde.ui-20120217-1437,org.eclipse.pde.api.tools.builder.tests.leak,MethodParameterLeak,testMethodParameterLeak15F,3,1,0
eclipse.pde.ui-20120217-1437,org.eclipse.pde.api.tools.builder.tests.leak,MethodParameterLeak,testMethodParameterLeak15I,3,1,0
eclipse.pde.ui-20120217-1437,org.eclipse.pde.api.tools.builder.tests.leak,MethodParameterLeak,x15,5,1,1
eclipse.pde.ui-20120217-1437,org.eclipse.pde.api.tools.builder.tests.leak,MethodParameterLeak,testMethodParameterLeak16F,3,1,0
eclipse.pde.ui-20120217-1437,org.eclipse.pde.api.tools.builder.tests.leak,MethodParameterLeak,testMethodParameterLeak16I,3,1,0
eclipse.pde.ui-20120217-1437,org.eclipse.pde.api.tools.builder.tests.leak,MethodParameterLeak,x16,5,1,1
eclipse.pde.ui-20120217-1437,org.eclipse.pde.api.tools.builder.tests.leak,MethodParameterLeak,x17,5,1,1
eclipse.pde.ui-20120217-1437,org.eclipse.pde.api.tools.builder.tests.leak,MethodParameterLeak,testMethodParameterLeak17I,3,1,0
eclipse.pde.ui-20120217-1437,org.eclipse.pde.api.tools.builder.tests.leak,MethodParameterLeak,testMethodParameterLeak17F,3,1,0
eclipse.pde.ui-20120217-1437,org.eclipse.pde.api.tools.builder.tests.leak,MethodParameterLeak,testMethodParameterLeak18F,3,1,0
eclipse.pde.ui-20120217-1437,org.eclipse.pde.api.tools.builder.tests.leak,MethodParameterLeak,testMethodParameterLeak18I,3,1,0
eclipse.pde.ui-20120217-1437,org.eclipse.pde.api.tools.builder.tests.leak,MethodParameterLeak,x18,6,1,1
eclipse.pde.ui-20120217-1437,org.eclipse.pde.api.tools.builder.tests.leak,MethodParameterLeak,tesMethodParameterLeak19F,3,1,0
eclipse.pde.ui-20120217-1437,org.eclipse.pde.api.tools.builder.tests.leak,MethodParameterLeak,testMethodParameterLeak19I,3,1,0
eclipse.pde.ui-20120217-1437,org.eclipse.pde.api.tools.builder.tests.leak,MethodParameterLeak,x19,5,1,1
eclipse.pde.ui-20120217-1437,org.eclipse.pde.api.tools.builder.tests.leak,MethodParameterLeak,tesMethodParameterLeak20F,3,1,0
eclipse.pde.ui-20120217-1437,org.eclipse.pde.api.tools.builder.tests.leak,MethodParameterLeak,testMethodParameterLeak20I,3,1,0
eclipse.pde.ui-20120217-1437,org.eclipse.pde.api.tools.builder.tests.leak,MethodParameterLeak,x20,5,1,1
eclipse.pde.ui-20120217-1437,org.eclipse.pde.api.tools.builder.tests.leak,MethodReturnTypeLeak,MethodReturnTypeLeak,3,1,1
eclipse.pde.ui-20120217-1437,org.eclipse.pde.api.tools.builder.tests.leak,MethodReturnTypeLeak,getDefaultProblemId,6,2,0
eclipse.pde.ui-20120217-1437,org.eclipse.pde.api.tools.builder.tests.leak,MethodReturnTypeLeak,suite,3,1,0
eclipse.pde.ui-20120217-1437,org.eclipse.pde.api.tools.builder.tests.leak,MethodReturnTypeLeak,getTestSourcePath,3,1,0
eclipse.pde.ui-20120217-1437,org.eclipse.pde.api.tools.builder.tests.leak,MethodReturnTypeLeak,testMethodReturnTypeLeak1F,3,1,0
eclipse.pde.ui-20120217-1437,org.eclipse.pde.api.tools.builder.tests.leak,MethodReturnTypeLeak,testMethodReturnTypeLeak1I,3,1,0
eclipse.pde.ui-20120217-1437,org.eclipse.pde.api.tools.builder.tests.leak,MethodReturnTypeLeak,x1,6,1,1
eclipse.pde.ui-20120217-1437,org.eclipse.pde.api.tools.builder.tests.leak,MethodReturnTypeLeak,testMethodReturnTypeLeak2F,3,1,0
eclipse.pde.ui-20120217-1437,org.eclipse.pde.api.tools.builder.tests.leak,MethodReturnTypeLeak,testMethodReturnTypeLeak2I,3,1,0
eclipse.pde.ui-20120217-1437,org.eclipse.pde.api.tools.builder.tests.leak,MethodReturnTypeLeak,x2,5,1,1
eclipse.pde.ui-20120217-1437,org.eclipse.pde.api.tools.builder.tests.leak,MethodReturnTypeLeak,testMethodReturnTypeLeak3F,3,1,0
eclipse.pde.ui-20120217-1437,org.eclipse.pde.api.tools.builder.tests.leak,MethodReturnTypeLeak,testMethodReturnTypeLeak3I,3,1,0
eclipse.pde.ui-20120217-1437,org.eclipse.pde.api.tools.builder.tests.leak,MethodReturnTypeLeak,x3,7,1,1
eclipse.pde.ui-20120217-1437,org.eclipse.pde.api.tools.builder.tests.leak,MethodReturnTypeLeak,testMethodReturnTypeLeak4F,3,1,0
eclipse.pde.ui-20120217-1437,org.eclipse.pde.api.tools.builder.tests.leak,MethodReturnTypeLeak,testMethodReturnTypeLeak4I,3,1,0
eclipse.pde.ui-20120217-1437,org.eclipse.pde.api.tools.builder.tests.leak,MethodReturnTypeLeak,x4,5,1,1
eclipse.pde.ui-20120217-1437,org.eclipse.pde.api.tools.builder.tests.leak,MethodReturnTypeLeak,testMethodReturnTypeLeak5F,3,1,0
eclipse.pde.ui-20120217-1437,org.eclipse.pde.api.tools.builder.tests.leak,MethodReturnTypeLeak,testMethodReturnTypeLeak5I,3,1,0
eclipse.pde.ui-20120217-1437,org.eclipse.pde.api.tools.builder.tests.leak,MethodReturnTypeLeak,x5,7,1,1
eclipse.pde.ui-20120217-1437,org.eclipse.pde.api.tools.builder.tests.leak,MethodReturnTypeLeak,testMethodReturnTypeLeak6F,3,1,0
eclipse.pde.ui-20120217-1437,org.eclipse.pde.api.tools.builder.tests.leak,MethodReturnTypeLeak,testMethodReturnTypeLeak6I,3,1,0
eclipse.pde.ui-20120217-1437,org.eclipse.pde.api.tools.builder.tests.leak,MethodReturnTypeLeak,x6,5,1,1
eclipse.pde.ui-20120217-1437,org.eclipse.pde.api.tools.builder.tests.leak,MethodReturnTypeLeak,testMethodReturnTypeLeak7F,3,1,0
eclipse.pde.ui-20120217-1437,org.eclipse.pde.api.tools.builder.tests.leak,MethodReturnTypeLeak,testMethodReturnTypeLeak7I,3,1,0
eclipse.pde.ui-20120217-1437,org.eclipse.pde.api.tools.builder.tests.leak,MethodReturnTypeLeak,x7,7,1,1
eclipse.pde.ui-20120217-1437,org.eclipse.pde.api.tools.builder.tests.leak,MethodReturnTypeLeak,testMethodReturnTypeLeak8F,3,1,0
eclipse.pde.ui-20120217-1437,org.eclipse.pde.api.tools.builder.tests.leak,MethodReturnTypeLeak,testMethodReturnTypeLeak8I,3,1,0
eclipse.pde.ui-20120217-1437,org.eclipse.pde.api.tools.builder.tests.leak,MethodReturnTypeLeak,x8,6,1,1
eclipse.pde.ui-20120217-1437,org.eclipse.pde.api.tools.builder.tests.leak,MethodReturnTypeLeak,testMethodReturnTypeLeak9F,3,1,0
eclipse.pde.ui-20120217-1437,org.eclipse.pde.api.tools.builder.tests.leak,MethodReturnTypeLeak,testMethodReturnTypeLeak9I,3,1,0
eclipse.pde.ui-20120217-1437,org.eclipse.pde.api.tools.builder.tests.leak,MethodReturnTypeLeak,x9,6,1,1
eclipse.pde.ui-20120217-1437,org.eclipse.pde.api.tools.builder.tests.leak,MethodReturnTypeLeak,testMethodReturnTypeLeak10F,3,1,0
eclipse.pde.ui-20120217-1437,org.eclipse.pde.api.tools.builder.tests.leak,MethodReturnTypeLeak,testMethodReturnTypeLeak10I,3,1,0
eclipse.pde.ui-20120217-1437,org.eclipse.pde.api.tools.builder.tests.leak,MethodReturnTypeLeak,x10,5,1,1
eclipse.pde.ui-20120217-1437,org.eclipse.pde.api.tools.builder.tests.leak,MethodReturnTypeLeak,testMethodReturnTypeLeak11F,3,1,0
eclipse.pde.ui-20120217-1437,org.eclipse.pde.api.tools.builder.tests.leak,MethodReturnTypeLeak,testMethodReturnTypeLeak11I,3,1,0
eclipse.pde.ui-20120217-1437,org.eclipse.pde.api.tools.builder.tests.leak,MethodReturnTypeLeak,x11,6,1,1
eclipse.pde.ui-20120217-1437,org.eclipse.pde.api.tools.builder.tests.leak,MethodReturnTypeLeak,testMethodReturnLeak12F,3,1,0
eclipse.pde.ui-20120217-1437,org.eclipse.pde.api.tools.builder.tests.leak,MethodReturnTypeLeak,testMethodReturnType12I,3,1,0
eclipse.pde.ui-20120217-1437,org.eclipse.pde.api.tools.builder.tests.leak,MethodReturnTypeLeak,x12,6,1,1
eclipse.pde.ui-20120217-1437,org.eclipse.pde.api.tools.builder.tests.leak,MethodReturnTypeLeak,testMethodReturnTypeLeak13F,3,1,0
eclipse.pde.ui-20120217-1437,org.eclipse.pde.api.tools.builder.tests.leak,MethodReturnTypeLeak,testMethodReturnTypeLeak13I,3,1,0
eclipse.pde.ui-20120217-1437,org.eclipse.pde.api.tools.builder.tests.leak,MethodReturnTypeLeak,x13,5,1,1
eclipse.pde.ui-20120217-1437,org.eclipse.pde.api.tools.builder.tests.leak,MethodReturnTypeLeak,testMethodParameterLeak14F,3,1,0
eclipse.pde.ui-20120217-1437,org.eclipse.pde.api.tools.builder.tests.leak,MethodReturnTypeLeak,testMethodParameterLeak14I,3,1,0
eclipse.pde.ui-20120217-1437,org.eclipse.pde.api.tools.builder.tests.leak,MethodReturnTypeLeak,x14,5,1,1
eclipse.pde.ui-20120217-1437,org.eclipse.pde.api.tools.builder.tests.leak,MethodReturnTypeLeak,testMethodParameterLeak15F,3,1,0
eclipse.pde.ui-20120217-1437,org.eclipse.pde.api.tools.builder.tests.leak,MethodReturnTypeLeak,testMethodParameterLeak15I,3,1,0
eclipse.pde.ui-20120217-1437,org.eclipse.pde.api.tools.builder.tests.leak,MethodReturnTypeLeak,x15,5,1,1
eclipse.pde.ui-20120217-1437,org.eclipse.pde.api.tools.builder.tests.leak,MethodReturnTypeLeak,testMethodParameterLeak16F,3,1,0
eclipse.pde.ui-20120217-1437,org.eclipse.pde.api.tools.builder.tests.leak,MethodReturnTypeLeak,testMethodParameterLeak16I,3,1,0
eclipse.pde.ui-20120217-1437,org.eclipse.pde.api.tools.builder.tests.leak,MethodReturnTypeLeak,x16,5,1,1
eclipse.pde.ui-20120217-1437,org.eclipse.pde.api.tools.builder.tests.leak,MethodReturnTypeLeak,testMethodReturnLeak17F,3,1,0
eclipse.pde.ui-20120217-1437,org.eclipse.pde.api.tools.builder.tests.leak,MethodReturnTypeLeak,testMethodReturnType17I,3,1,0
eclipse.pde.ui-20120217-1437,org.eclipse.pde.api.tools.builder.tests.leak,MethodReturnTypeLeak,x17,6,1,1
eclipse.pde.ui-20120217-1437,org.eclipse.pde.api.tools.builder.tests.leak,MethodReturnTypeLeak,testMethodReturnType18F,3,1,0
eclipse.pde.ui-20120217-1437,org.eclipse.pde.api.tools.builder.tests.leak,MethodReturnTypeLeak,testMethodReturnType18I,3,1,0
eclipse.pde.ui-20120217-1437,org.eclipse.pde.api.tools.builder.tests.leak,MethodReturnTypeLeak,x18,5,1,1
eclipse.pde.ui-20120217-1437,org.eclipse.pde.api.tools.builder.tests.leak,MethodReturnTypeLeak,testMethodReturnType19F,3,1,0
eclipse.pde.ui-20120217-1437,org.eclipse.pde.api.tools.builder.tests.leak,MethodReturnTypeLeak,testMethodReturnType19I,3,1,0
eclipse.pde.ui-20120217-1437,org.eclipse.pde.api.tools.builder.tests.leak,MethodReturnTypeLeak,x19,5,1,1
eclipse.pde.ui-20120217-1437,org.eclipse.pde.api.tools.builder.tests.performance,AnnotationIncrementalBuildTests,AnnotationIncrementalBuildTests,3,1,1
eclipse.pde.ui-20120217-1437,org.eclipse.pde.api.tools.builder.tests.performance,AnnotationIncrementalBuildTests,suite,3,1,0
eclipse.pde.ui-20120217-1437,org.eclipse.pde.api.tools.builder.tests.performance,AnnotationIncrementalBuildTests,testIncrementalAnnot,4,1,0
eclipse.pde.ui-20120217-1437,org.eclipse.pde.api.tools.builder.tests.performance,AnnotationIncrementalBuildTests,_testIncrementalAnnotCompat,4,1,0
eclipse.pde.ui-20120217-1437,org.eclipse.pde.api.tools.builder.tests.performance,AnnotationIncrementalBuildTests,_testIncrementalAnnotTags,4,1,0
eclipse.pde.ui-20120217-1437,org.eclipse.pde.api.tools.builder.tests.performance,ApiDescriptionTests,ApiDescriptionTests,3,1,1
eclipse.pde.ui-20120217-1437,org.eclipse.pde.api.tools.builder.tests.performance,ApiDescriptionTests,getWorkspaceLocation,3,1,0
eclipse.pde.ui-20120217-1437,org.eclipse.pde.api.tools.builder.tests.performance,ApiDescriptionTests,suite,3,1,0
eclipse.pde.ui-20120217-1437,org.eclipse.pde.api.tools.builder.tests.performance,ApiDescriptionTests,testCleanVisit,23,3,0
eclipse.pde.ui-20120217-1437,org.eclipse.pde.api.tools.builder.tests.performance,EnumIncrementalBuildTests,EnumIncrementalBuildTests,3,1,1
eclipse.pde.ui-20120217-1437,org.eclipse.pde.api.tools.builder.tests.performance,EnumIncrementalBuildTests,getTestCompliance,3,1,0
eclipse.pde.ui-20120217-1437,org.eclipse.pde.api.tools.builder.tests.performance,EnumIncrementalBuildTests,suite,3,1,0
eclipse.pde.ui-20120217-1437,org.eclipse.pde.api.tools.builder.tests.performance,EnumIncrementalBuildTests,testIncremantalEnum,4,1,0
eclipse.pde.ui-20120217-1437,org.eclipse.pde.api.tools.builder.tests.performance,EnumIncrementalBuildTests,_testIncrementalEnumCompat,4,1,0
eclipse.pde.ui-20120217-1437,org.eclipse.pde.api.tools.builder.tests.performance,EnumIncrementalBuildTests,_testIncremetalEnumLeak,4,1,0
eclipse.pde.ui-20120217-1437,org.eclipse.pde.api.tools.builder.tests.performance,EnumIncrementalBuildTests,_testIncrementalEnumUsage,4,1,0
eclipse.pde.ui-20120217-1437,org.eclipse.pde.api.tools.builder.tests.performance,EnumIncrementalBuildTests,_testIncrementalEnumTags,4,1,0
eclipse.pde.ui-20120217-1437,org.eclipse.pde.api.tools.builder.tests.performance,ExternalDependencyPerfTests,ExternalDependencyPerfTests,3,1,1
eclipse.pde.ui-20120217-1437,org.eclipse.pde.api.tools.builder.tests.performance,ExternalDependencyPerfTests,setUp,8,2,0
eclipse.pde.ui-20120217-1437,org.eclipse.pde.api.tools.builder.tests.performance,ExternalDependencyPerfTests,getWorkspaceLocation,3,1,0
eclipse.pde.ui-20120217-1437,org.eclipse.pde.api.tools.builder.tests.performance,ExternalDependencyPerfTests,suite,3,1,0
eclipse.pde.ui-20120217-1437,org.eclipse.pde.api.tools.builder.tests.performance,ExternalDependencyPerfTests,testIncrementalBuildTests,5,1,0
eclipse.pde.ui-20120217-1437,org.eclipse.pde.api.tools.builder.tests.performance,ExternalDependencyPerfTests,testEnumIncrementalBuildTests,5,1,0
eclipse.pde.ui-20120217-1437,org.eclipse.pde.api.tools.builder.tests.performance,ExternalDependencyPerfTests,testAnnotationIncrementalBuildTests,5,1,0
eclipse.pde.ui-20120217-1437,org.eclipse.pde.api.tools.builder.tests.performance,ExternalDependencyPerfTests,testFullSourceBuildTests,6,1,0
eclipse.pde.ui-20120217-1437,org.eclipse.pde.api.tools.builder.tests.performance,FullSourceBuildTests,FullSourceBuildTests,3,1,1
eclipse.pde.ui-20120217-1437,org.eclipse.pde.api.tools.builder.tests.performance,FullSourceBuildTests,suite,3,1,0
eclipse.pde.ui-20120217-1437,org.eclipse.pde.api.tools.builder.tests.performance,FullSourceBuildTests,getBaselineLocation,3,1,0
eclipse.pde.ui-20120217-1437,org.eclipse.pde.api.tools.builder.tests.performance,FullSourceBuildTests,getWorkspaceLocation,3,1,0
eclipse.pde.ui-20120217-1437,org.eclipse.pde.api.tools.builder.tests.performance,FullSourceBuildTests,testFullBuild,17,4,0
eclipse.pde.ui-20120217-1437,org.eclipse.pde.api.tools.builder.tests.performance,FullSourceBuildTests,testCleanFullBuild,18,4,0
eclipse.pde.ui-20120217-1437,org.eclipse.pde.api.tools.builder.tests.performance,IncrementalBuildTests,IncrementalBuildTests,3,1,1
eclipse.pde.ui-20120217-1437,org.eclipse.pde.api.tools.builder.tests.performance,IncrementalBuildTests,getAllTestClasses,4,1,0
eclipse.pde.ui-20120217-1437,org.eclipse.pde.api.tools.builder.tests.performance,IncrementalBuildTests,collectTests,32,2,1
eclipse.pde.ui-20120217-1437,org.eclipse.pde.api.tools.builder.tests.performance,IncrementalBuildTests,getBaselineLocation,3,1,0
eclipse.pde.ui-20120217-1437,org.eclipse.pde.api.tools.builder.tests.performance,IncrementalBuildTests,getWorkspaceLocation,3,1,0
eclipse.pde.ui-20120217-1437,org.eclipse.pde.api.tools.builder.tests.performance,IncrementalBuildTests,getRevertFilePath,3,1,2
eclipse.pde.ui-20120217-1437,org.eclipse.pde.api.tools.builder.tests.performance,IncrementalBuildTests,getUpdateFilePath,3,1,2
eclipse.pde.ui-20120217-1437,org.eclipse.pde.api.tools.builder.tests.performance,IncrementalBuildTests,suite,5,1,0
eclipse.pde.ui-20120217-1437,org.eclipse.pde.api.tools.builder.tests.performance,IncrementalBuildTests,testIncrementalBuildAll,4,1,0
eclipse.pde.ui-20120217-1437,org.eclipse.pde.api.tools.builder.tests.performance,IncrementalBuildTests,_testApiStructuralChange,3,1,0
eclipse.pde.ui-20120217-1437,org.eclipse.pde.api.tools.builder.tests.performance,IncrementalBuildTests,_testApiNonStructuralChange,3,1,0
eclipse.pde.ui-20120217-1437,org.eclipse.pde.api.tools.builder.tests.performance,IncrementalBuildTests,_testApiDescriptionChange,3,1,0
eclipse.pde.ui-20120217-1437,org.eclipse.pde.api.tools.builder.tests.performance,IncrementalBuildTests,_testInternalStructuralChange,3,1,0
eclipse.pde.ui-20120217-1437,org.eclipse.pde.api.tools.builder.tests.performance,IncrementalBuildTests,_testInternalNonStructuralChange,3,1,0
eclipse.pde.ui-20120217-1437,org.eclipse.pde.api.tools.builder.tests.performance,IncrementalBuildTests,_testInternalDescriptionChange,3,1,0
eclipse.pde.ui-20120217-1437,org.eclipse.pde.api.tools.builder.tests.performance,IncrementalBuildTests,_testIncrementalBuildCompat,4,1,0
eclipse.pde.ui-20120217-1437,org.eclipse.pde.api.tools.builder.tests.performance,IncrementalBuildTests,_testIncremetalBuildClassCompat,4,1,0
eclipse.pde.ui-20120217-1437,org.eclipse.pde.api.tools.builder.tests.performance,IncrementalBuildTests,_testIncrementalBuildUsage,4,1,0
eclipse.pde.ui-20120217-1437,org.eclipse.pde.api.tools.builder.tests.performance,IncrementalBuildTests,_testIncrementalBuildLeak,4,1,0
eclipse.pde.ui-20120217-1437,org.eclipse.pde.api.tools.builder.tests.performance,IncrementalBuildTests,_testIncrementalBuildTags,4,1,0
eclipse.pde.ui-20120217-1437,org.eclipse.pde.api.tools.builder.tests.performance,IncrementalBuildTests,updateWorkspaceFile,4,1,3
eclipse.pde.ui-20120217-1437,org.eclipse.pde.api.tools.builder.tests.performance,IncrementalBuildTests,deployIncrementalPerformanceTest,23,3,6
eclipse.pde.ui-20120217-1437,org.eclipse.pde.api.tools.builder.tests.performance,PerformanceTest,PerformanceTest,3,1,1
eclipse.pde.ui-20120217-1437,org.eclipse.pde.api.tools.builder.tests.performance,PerformanceTest,getTestSourcePath,3,1,0
eclipse.pde.ui-20120217-1437,org.eclipse.pde.api.tools.builder.tests.performance,PerformanceTest,setBuilderOptions,9,1,0
eclipse.pde.ui-20120217-1437,org.eclipse.pde.api.tools.builder.tests.performance,PerformanceTest,getAllTestClasses,4,1,0
eclipse.pde.ui-20120217-1437,org.eclipse.pde.api.tools.builder.tests.performance,PerformanceTest,collectTests,32,2,1
eclipse.pde.ui-20120217-1437,org.eclipse.pde.api.tools.builder.tests.performance,PerformanceTest,getDefaultProblemId,3,1,0
eclipse.pde.ui-20120217-1437,org.eclipse.pde.api.tools.builder.tests.performance,PerformanceTest,getTestingProjectName,3,1,0
eclipse.pde.ui-20120217-1437,org.eclipse.pde.api.tools.builder.tests.performance,PerformanceTest,setUp,5,1,0
eclipse.pde.ui-20120217-1437,org.eclipse.pde.api.tools.builder.tests.performance,PerformanceTest,orderedBuild,6,2,1
eclipse.pde.ui-20120217-1437,org.eclipse.pde.api.tools.builder.tests.performance,PerformanceTest,createBaseline,32,5,0
eclipse.pde.ui-20120217-1437,org.eclipse.pde.api.tools.builder.tests.performance,PerformanceTest,createInitialWorkspace,35,3,0
eclipse.pde.ui-20120217-1437,org.eclipse.pde.api.tools.builder.tests.performance,PerformanceTest,deleteDir,10,3,1
eclipse.pde.ui-20120217-1437,org.eclipse.pde.api.tools.builder.tests.performance,PerformanceTest,getBaselineLocation,3,1,0
eclipse.pde.ui-20120217-1437,org.eclipse.pde.api.tools.builder.tests.performance,PerformanceTest,getWorkspaceLocation,3,1,0
eclipse.pde.ui-20120217-1437,org.eclipse.pde.api.tools.builder.tests.performance,PerformanceTest,suite,5,1,0
eclipse.pde.ui-20120217-1437,org.eclipse.pde.api.tools.builder.tests.performance,PerformanceTest,performCompatibilityTest,11,2,2
eclipse.pde.ui-20120217-1437,org.eclipse.pde.api.tools.builder.tests.performance,PerformanceTest,performVersionTest,11,2,2
eclipse.pde.ui-20120217-1437,org.eclipse.pde.api.tools.builder.tests.performance,PerformanceTest,performDeletionCompatibilityTest,11,2,2
eclipse.pde.ui-20120217-1437,org.eclipse.pde.api.tools.builder.tests.performance,PerformanceTest,performCreationCompatibilityTest,11,2,2
eclipse.pde.ui-20120217-1437,org.eclipse.pde.api.tools.builder.tests.tags,InvalidAnnotationFieldTagTests,InvalidAnnotationFieldTagTests,3,1,1
eclipse.pde.ui-20120217-1437,org.eclipse.pde.api.tools.builder.tests.tags,InvalidAnnotationFieldTagTests,getTestSourcePath,3,1,0
eclipse.pde.ui-20120217-1437,org.eclipse.pde.api.tools.builder.tests.tags,InvalidAnnotationFieldTagTests,suite,3,1,0
eclipse.pde.ui-20120217-1437,org.eclipse.pde.api.tools.builder.tests.tags,InvalidAnnotationFieldTagTests,getTestCompliance,3,1,0
eclipse.pde.ui-20120217-1437,org.eclipse.pde.api.tools.builder.tests.tags,InvalidAnnotationFieldTagTests,testInvalidAnnotationFieldTag1I,3,1,0
eclipse.pde.ui-20120217-1437,org.eclipse.pde.api.tools.builder.tests.tags,InvalidAnnotationFieldTagTests,testInvalidAnnotationFieldTag1F,3,1,0
eclipse.pde.ui-20120217-1437,org.eclipse.pde.api.tools.builder.tests.tags,InvalidAnnotationFieldTagTests,x1,6,1,1
eclipse.pde.ui-20120217-1437,org.eclipse.pde.api.tools.builder.tests.tags,InvalidAnnotationFieldTagTests,testInvalidAnnotationFieldTag2I,3,1,0
eclipse.pde.ui-20120217-1437,org.eclipse.pde.api.tools.builder.tests.tags,InvalidAnnotationFieldTagTests,testInvalidAnnotationFieldTag2F,3,1,0
eclipse.pde.ui-20120217-1437,org.eclipse.pde.api.tools.builder.tests.tags,InvalidAnnotationFieldTagTests,x2,6,1,1
eclipse.pde.ui-20120217-1437,org.eclipse.pde.api.tools.builder.tests.tags,InvalidAnnotationFieldTagTests,testInvalidAnnotationFieldTag3I,3,1,0
eclipse.pde.ui-20120217-1437,org.eclipse.pde.api.tools.builder.tests.tags,InvalidAnnotationFieldTagTests,testInvalidAnnotationFieldTag3F,3,1,0
eclipse.pde.ui-20120217-1437,org.eclipse.pde.api.tools.builder.tests.tags,InvalidAnnotationFieldTagTests,x3,6,1,1
eclipse.pde.ui-20120217-1437,org.eclipse.pde.api.tools.builder.tests.tags,InvalidAnnotationFieldTagTests,testInvalidAnnotationFieldTag4I,3,1,0
eclipse.pde.ui-20120217-1437,org.eclipse.pde.api.tools.builder.tests.tags,InvalidAnnotationFieldTagTests,testInvalidAnnotationFieldTag4F,3,1,0
eclipse.pde.ui-20120217-1437,org.eclipse.pde.api.tools.builder.tests.tags,InvalidAnnotationFieldTagTests,x4,6,1,1
eclipse.pde.ui-20120217-1437,org.eclipse.pde.api.tools.builder.tests.tags,InvalidAnnotationFieldTagTests,testInvalidAnnotationFieldTag5I,3,1,0
eclipse.pde.ui-20120217-1437,org.eclipse.pde.api.tools.builder.tests.tags,InvalidAnnotationFieldTagTests,testInvalidAnnotationFieldTag5F,3,1,0
eclipse.pde.ui-20120217-1437,org.eclipse.pde.api.tools.builder.tests.tags,InvalidAnnotationFieldTagTests,x5,6,1,1
eclipse.pde.ui-20120217-1437,org.eclipse.pde.api.tools.builder.tests.tags,InvalidAnnotationFieldTagTests,testInvalidAnnotationFieldTag6I,3,1,0
eclipse.pde.ui-20120217-1437,org.eclipse.pde.api.tools.builder.tests.tags,InvalidAnnotationFieldTagTests,testInvalidAnnotationFieldTag6F,3,1,0
eclipse.pde.ui-20120217-1437,org.eclipse.pde.api.tools.builder.tests.tags,InvalidAnnotationFieldTagTests,x6,6,1,1
eclipse.pde.ui-20120217-1437,org.eclipse.pde.api.tools.builder.tests.tags,InvalidAnnotationFieldTagTests,testInvalidAnnotationFieldTag7I,3,1,0
eclipse.pde.ui-20120217-1437,org.eclipse.pde.api.tools.builder.tests.tags,InvalidAnnotationFieldTagTests,testInvalidAnnotationFieldTag7F,3,1,0
eclipse.pde.ui-20120217-1437,org.eclipse.pde.api.tools.builder.tests.tags,InvalidAnnotationFieldTagTests,x7,6,1,1
eclipse.pde.ui-20120217-1437,org.eclipse.pde.api.tools.builder.tests.tags,InvalidAnnotationFieldTagTests,testInvalidAnnotationFieldTag8I,3,1,0
eclipse.pde.ui-20120217-1437,org.eclipse.pde.api.tools.builder.tests.tags,InvalidAnnotationFieldTagTests,testInvalidAnnotationFieldTag8F,3,1,0
eclipse.pde.ui-20120217-1437,org.eclipse.pde.api.tools.builder.tests.tags,InvalidAnnotationFieldTagTests,x8,6,1,1
eclipse.pde.ui-20120217-1437,org.eclipse.pde.api.tools.builder.tests.tags,InvalidAnnotationFieldTagTests,testInvalidAnnotationFieldTag9I,3,1,0
eclipse.pde.ui-20120217-1437,org.eclipse.pde.api.tools.builder.tests.tags,InvalidAnnotationFieldTagTests,testInvalidAnnotationFieldTag9F,3,1,0
eclipse.pde.ui-20120217-1437,org.eclipse.pde.api.tools.builder.tests.tags,InvalidAnnotationFieldTagTests,x9,6,1,1
eclipse.pde.ui-20120217-1437,org.eclipse.pde.api.tools.builder.tests.tags,InvalidAnnotationFieldTagTests,testInvalidAnnotationFieldTag10I,3,1,0
eclipse.pde.ui-20120217-1437,org.eclipse.pde.api.tools.builder.tests.tags,InvalidAnnotationFieldTagTests,testInvalidAnnotationFieldTag10F,3,1,0
eclipse.pde.ui-20120217-1437,org.eclipse.pde.api.tools.builder.tests.tags,InvalidAnnotationFieldTagTests,x10,6,1,1
eclipse.pde.ui-20120217-1437,org.eclipse.pde.api.tools.builder.tests.tags,InvalidAnnotationFieldTagTests,testInvalidAnnotationFieldTag11I,3,1,0
eclipse.pde.ui-20120217-1437,org.eclipse.pde.api.tools.builder.tests.tags,InvalidAnnotationFieldTagTests,testInvalidAnnotationFieldTag11F,3,1,0
eclipse.pde.ui-20120217-1437,org.eclipse.pde.api.tools.builder.tests.tags,InvalidAnnotationFieldTagTests,x11,6,1,1
eclipse.pde.ui-20120217-1437,org.eclipse.pde.api.tools.builder.tests.tags,InvalidAnnotationMethodTagTests,InvalidAnnotationMethodTagTests,3,1,1
eclipse.pde.ui-20120217-1437,org.eclipse.pde.api.tools.builder.tests.tags,InvalidAnnotationMethodTagTests,getTestCompliance,3,1,0
eclipse.pde.ui-20120217-1437,org.eclipse.pde.api.tools.builder.tests.tags,InvalidAnnotationMethodTagTests,getTestSourcePath,3,1,0
eclipse.pde.ui-20120217-1437,org.eclipse.pde.api.tools.builder.tests.tags,InvalidAnnotationMethodTagTests,suite,3,1,0
eclipse.pde.ui-20120217-1437,org.eclipse.pde.api.tools.builder.tests.tags,InvalidAnnotationMethodTagTests,testInvalidAnnotationMethodTag1I,3,1,0
eclipse.pde.ui-20120217-1437,org.eclipse.pde.api.tools.builder.tests.tags,InvalidAnnotationMethodTagTests,testInvalidAnnotationMethodTag1F,3,1,0
eclipse.pde.ui-20120217-1437,org.eclipse.pde.api.tools.builder.tests.tags,InvalidAnnotationMethodTagTests,x1,6,1,1
eclipse.pde.ui-20120217-1437,org.eclipse.pde.api.tools.builder.tests.tags,InvalidAnnotationMethodTagTests,testInvalidAnnotationMethodTag2I,3,1,0
eclipse.pde.ui-20120217-1437,org.eclipse.pde.api.tools.builder.tests.tags,InvalidAnnotationMethodTagTests,testInvalidAnnotationMethodTag2F,3,1,0
eclipse.pde.ui-20120217-1437,org.eclipse.pde.api.tools.builder.tests.tags,InvalidAnnotationMethodTagTests,x2,6,1,1
eclipse.pde.ui-20120217-1437,org.eclipse.pde.api.tools.builder.tests.tags,InvalidAnnotationMethodTagTests,testInvalidAnnotationMethodTag3I,3,1,0
eclipse.pde.ui-20120217-1437,org.eclipse.pde.api.tools.builder.tests.tags,InvalidAnnotationMethodTagTests,testInvalidAnnotationMethodTag3F,3,1,0
eclipse.pde.ui-20120217-1437,org.eclipse.pde.api.tools.builder.tests.tags,InvalidAnnotationMethodTagTests,x3,6,1,1
eclipse.pde.ui-20120217-1437,org.eclipse.pde.api.tools.builder.tests.tags,InvalidAnnotationMethodTagTests,testInvalidAnnotationMethodTag4I,3,1,0
eclipse.pde.ui-20120217-1437,org.eclipse.pde.api.tools.builder.tests.tags,InvalidAnnotationMethodTagTests,testInvalidAnnotationMethodTag4F,3,1,0
eclipse.pde.ui-20120217-1437,org.eclipse.pde.api.tools.builder.tests.tags,InvalidAnnotationMethodTagTests,x4,6,1,1
eclipse.pde.ui-20120217-1437,org.eclipse.pde.api.tools.builder.tests.tags,InvalidAnnotationMethodTagTests,testInvalidAnnotationMethodTag5I,3,1,0
eclipse.pde.ui-20120217-1437,org.eclipse.pde.api.tools.builder.tests.tags,InvalidAnnotationMethodTagTests,testInvalidAnnotationMethodTag5F,3,1,0
eclipse.pde.ui-20120217-1437,org.eclipse.pde.api.tools.builder.tests.tags,InvalidAnnotationMethodTagTests,x5,6,1,1
eclipse.pde.ui-20120217-1437,org.eclipse.pde.api.tools.builder.tests.tags,InvalidAnnotationMethodTagTests,testInvalidAnnotationMethodTag6I,3,1,0
eclipse.pde.ui-20120217-1437,org.eclipse.pde.api.tools.builder.tests.tags,InvalidAnnotationMethodTagTests,testInvalidAnnotationMethodTag6F,3,1,0
eclipse.pde.ui-20120217-1437,org.eclipse.pde.api.tools.builder.tests.tags,InvalidAnnotationMethodTagTests,x6,6,1,1
eclipse.pde.ui-20120217-1437,org.eclipse.pde.api.tools.builder.tests.tags,InvalidAnnotationMethodTagTests,testInvalidAnnotationMethodTag7I,3,1,0
eclipse.pde.ui-20120217-1437,org.eclipse.pde.api.tools.builder.tests.tags,InvalidAnnotationMethodTagTests,testInvalidAnnotationMethodTag7F,3,1,0
eclipse.pde.ui-20120217-1437,org.eclipse.pde.api.tools.builder.tests.tags,InvalidAnnotationMethodTagTests,x7,6,1,1
eclipse.pde.ui-20120217-1437,org.eclipse.pde.api.tools.builder.tests.tags,InvalidAnnotationMethodTagTests,testInvalidAnnotationMethodTag8I,3,1,0
eclipse.pde.ui-20120217-1437,org.eclipse.pde.api.tools.builder.tests.tags,InvalidAnnotationMethodTagTests,testInvalidAnnotationMethodTag8F,3,1,0
eclipse.pde.ui-20120217-1437,org.eclipse.pde.api.tools.builder.tests.tags,InvalidAnnotationMethodTagTests,x8,6,1,1
eclipse.pde.ui-20120217-1437,org.eclipse.pde.api.tools.builder.tests.tags,InvalidAnnotationMethodTagTests,testInvalidAnnotationMethodTag9I,3,1,0
eclipse.pde.ui-20120217-1437,org.eclipse.pde.api.tools.builder.tests.tags,InvalidAnnotationMethodTagTests,testInvalidAnnotationMethodTag9F,3,1,0
eclipse.pde.ui-20120217-1437,org.eclipse.pde.api.tools.builder.tests.tags,InvalidAnnotationMethodTagTests,x9,6,1,1
eclipse.pde.ui-20120217-1437,org.eclipse.pde.api.tools.builder.tests.tags,InvalidAnnotationMethodTagTests,testInvalidAnnotationMethodTag10I,3,1,0
eclipse.pde.ui-20120217-1437,org.eclipse.pde.api.tools.builder.tests.tags,InvalidAnnotationMethodTagTests,testInvalidAnnotationMethodTag10F,3,1,0
eclipse.pde.ui-20120217-1437,org.eclipse.pde.api.tools.builder.tests.tags,InvalidAnnotationMethodTagTests,x10,6,1,1
eclipse.pde.ui-20120217-1437,org.eclipse.pde.api.tools.builder.tests.tags,InvalidAnnotationMethodTagTests,testInvalidAnnotationMethodTag11I,3,1,0
eclipse.pde.ui-20120217-1437,org.eclipse.pde.api.tools.builder.tests.tags,InvalidAnnotationMethodTagTests,testInvalidAnnotationMethodTag11F,3,1,0
eclipse.pde.ui-20120217-1437,org.eclipse.pde.api.tools.builder.tests.tags,InvalidAnnotationMethodTagTests,x11,6,1,1
eclipse.pde.ui-20120217-1437,org.eclipse.pde.api.tools.builder.tests.tags,InvalidAnnotationMethodTagTests,testInvalidAnnotationMethodTag12I,3,1,0
eclipse.pde.ui-20120217-1437,org.eclipse.pde.api.tools.builder.tests.tags,InvalidAnnotationMethodTagTests,testInvalidAnnotationMethodTag12F,3,1,0
eclipse.pde.ui-20120217-1437,org.eclipse.pde.api.tools.builder.tests.tags,InvalidAnnotationMethodTagTests,x12,6,1,1
eclipse.pde.ui-20120217-1437,org.eclipse.pde.api.tools.builder.tests.tags,InvalidAnnotationTagTests,InvalidAnnotationTagTests,3,1,1
eclipse.pde.ui-20120217-1437,org.eclipse.pde.api.tools.builder.tests.tags,InvalidAnnotationTagTests,suite,3,1,0
eclipse.pde.ui-20120217-1437,org.eclipse.pde.api.tools.builder.tests.tags,InvalidAnnotationTagTests,getTestSourcePath,3,1,0
eclipse.pde.ui-20120217-1437,org.eclipse.pde.api.tools.builder.tests.tags,InvalidAnnotationTagTests,getDefaultProblemId,3,1,0
eclipse.pde.ui-20120217-1437,org.eclipse.pde.api.tools.builder.tests.tags,InvalidAnnotationTagTests,getTestCompliance,3,1,0
eclipse.pde.ui-20120217-1437,org.eclipse.pde.api.tools.builder.tests.tags,InvalidAnnotationTagTests,testInvalidAnnotationTag1I,3,1,0
eclipse.pde.ui-20120217-1437,org.eclipse.pde.api.tools.builder.tests.tags,InvalidAnnotationTagTests,testInvalidAnnotationTag1F,3,1,0
eclipse.pde.ui-20120217-1437,org.eclipse.pde.api.tools.builder.tests.tags,InvalidAnnotationTagTests,x1,6,1,1
eclipse.pde.ui-20120217-1437,org.eclipse.pde.api.tools.builder.tests.tags,InvalidAnnotationTagTests,testInvalidAnnotationTag2I,3,1,0
eclipse.pde.ui-20120217-1437,org.eclipse.pde.api.tools.builder.tests.tags,InvalidAnnotationTagTests,testInvalidAnnotationTag2F,3,1,0
eclipse.pde.ui-20120217-1437,org.eclipse.pde.api.tools.builder.tests.tags,InvalidAnnotationTagTests,x2,6,1,1
eclipse.pde.ui-20120217-1437,org.eclipse.pde.api.tools.builder.tests.tags,InvalidAnnotationTagTests,testInvalidAnnotationTag3I,3,1,0
eclipse.pde.ui-20120217-1437,org.eclipse.pde.api.tools.builder.tests.tags,InvalidAnnotationTagTests,testInvalidAnnotationTag3F,3,1,0
eclipse.pde.ui-20120217-1437,org.eclipse.pde.api.tools.builder.tests.tags,InvalidAnnotationTagTests,x3,6,1,1
eclipse.pde.ui-20120217-1437,org.eclipse.pde.api.tools.builder.tests.tags,InvalidAnnotationTagTests,testInvalidAnnotationTag4I,3,1,0
eclipse.pde.ui-20120217-1437,org.eclipse.pde.api.tools.builder.tests.tags,InvalidAnnotationTagTests,testInvalidAnnotationTag4F,3,1,0
eclipse.pde.ui-20120217-1437,org.eclipse.pde.api.tools.builder.tests.tags,InvalidAnnotationTagTests,x4,6,1,1
eclipse.pde.ui-20120217-1437,org.eclipse.pde.api.tools.builder.tests.tags,InvalidAnnotationTagTests,testInvalidAnnotationTag5I,3,1,0
eclipse.pde.ui-20120217-1437,org.eclipse.pde.api.tools.builder.tests.tags,InvalidAnnotationTagTests,testInvalidAnnotationTag5F,3,1,0
eclipse.pde.ui-20120217-1437,org.eclipse.pde.api.tools.builder.tests.tags,InvalidAnnotationTagTests,x5,6,1,1
eclipse.pde.ui-20120217-1437,org.eclipse.pde.api.tools.builder.tests.tags,InvalidAnnotationTagTests,testInvalidAnnotationTag6I,3,1,0
eclipse.pde.ui-20120217-1437,org.eclipse.pde.api.tools.builder.tests.tags,InvalidAnnotationTagTests,testInvalidAnnotationTag6F,3,1,0
eclipse.pde.ui-20120217-1437,org.eclipse.pde.api.tools.builder.tests.tags,InvalidAnnotationTagTests,x6,6,1,1
eclipse.pde.ui-20120217-1437,org.eclipse.pde.api.tools.builder.tests.tags,InvalidAnnotationTagTests,testInvalidAnnotationTag7I,3,1,0
eclipse.pde.ui-20120217-1437,org.eclipse.pde.api.tools.builder.tests.tags,InvalidAnnotationTagTests,testInvalidAnnotationTag7F,3,1,0
eclipse.pde.ui-20120217-1437,org.eclipse.pde.api.tools.builder.tests.tags,InvalidAnnotationTagTests,x7,6,1,1
eclipse.pde.ui-20120217-1437,org.eclipse.pde.api.tools.builder.tests.tags,InvalidAnnotationTagTests,testInvalidAnnotationTag8I,3,1,0
eclipse.pde.ui-20120217-1437,org.eclipse.pde.api.tools.builder.tests.tags,InvalidAnnotationTagTests,testInvalidAnnotationTag8F,3,1,0
eclipse.pde.ui-20120217-1437,org.eclipse.pde.api.tools.builder.tests.tags,InvalidAnnotationTagTests,x8,6,1,1
eclipse.pde.ui-20120217-1437,org.eclipse.pde.api.tools.builder.tests.tags,InvalidAnnotationTagTests,testInvalidAnnotationTag9I,3,1,0
eclipse.pde.ui-20120217-1437,org.eclipse.pde.api.tools.builder.tests.tags,InvalidAnnotationTagTests,testInvalidAnnotationTag9F,3,1,0
eclipse.pde.ui-20120217-1437,org.eclipse.pde.api.tools.builder.tests.tags,InvalidAnnotationTagTests,x9,6,1,1
eclipse.pde.ui-20120217-1437,org.eclipse.pde.api.tools.builder.tests.tags,InvalidAnnotationTagTests,testInvalidAnnotationTag10I,3,1,0
eclipse.pde.ui-20120217-1437,org.eclipse.pde.api.tools.builder.tests.tags,InvalidAnnotationTagTests,testInvalidAnnotationTag10F,3,1,0
eclipse.pde.ui-20120217-1437,org.eclipse.pde.api.tools.builder.tests.tags,InvalidAnnotationTagTests,x10,6,1,1
eclipse.pde.ui-20120217-1437,org.eclipse.pde.api.tools.builder.tests.tags,InvalidAnnotationTagTests,testInvalidAnnotationTag11I,3,1,0
eclipse.pde.ui-20120217-1437,org.eclipse.pde.api.tools.builder.tests.tags,InvalidAnnotationTagTests,testInvalidAnnotationTag11F,3,1,0
eclipse.pde.ui-20120217-1437,org.eclipse.pde.api.tools.builder.tests.tags,InvalidAnnotationTagTests,x11,6,1,1
eclipse.pde.ui-20120217-1437,org.eclipse.pde.api.tools.builder.tests.tags,InvalidAnnotationTagTests,testInvalidAnnotationTag12I,3,1,0
eclipse.pde.ui-20120217-1437,org.eclipse.pde.api.tools.builder.tests.tags,InvalidAnnotationTagTests,testInvalidAnnotationTag12F,3,1,0
eclipse.pde.ui-20120217-1437,org.eclipse.pde.api.tools.builder.tests.tags,InvalidAnnotationTagTests,x12,6,1,1
eclipse.pde.ui-20120217-1437,org.eclipse.pde.api.tools.builder.tests.tags,InvalidClassConstructorTagTests,InvalidClassConstructorTagTests,3,1,1
eclipse.pde.ui-20120217-1437,org.eclipse.pde.api.tools.builder.tests.tags,InvalidClassConstructorTagTests,getTestSourcePath,3,1,0
eclipse.pde.ui-20120217-1437,org.eclipse.pde.api.tools.builder.tests.tags,InvalidClassConstructorTagTests,suite,3,1,0
eclipse.pde.ui-20120217-1437,org.eclipse.pde.api.tools.builder.tests.tags,InvalidClassConstructorTagTests,testInvalidClassMethodTag1I,3,1,0
eclipse.pde.ui-20120217-1437,org.eclipse.pde.api.tools.builder.tests.tags,InvalidClassConstructorTagTests,testInvalidClassMethodTag1F,3,1,0
eclipse.pde.ui-20120217-1437,org.eclipse.pde.api.tools.builder.tests.tags,InvalidClassConstructorTagTests,x1,5,1,1
eclipse.pde.ui-20120217-1437,org.eclipse.pde.api.tools.builder.tests.tags,InvalidClassConstructorTagTests,testInvalidClassMethodTag2I,3,1,0
eclipse.pde.ui-20120217-1437,org.eclipse.pde.api.tools.builder.tests.tags,InvalidClassConstructorTagTests,testInvalidClassMethodTag2F,3,1,0
eclipse.pde.ui-20120217-1437,org.eclipse.pde.api.tools.builder.tests.tags,InvalidClassConstructorTagTests,x2,5,1,1
eclipse.pde.ui-20120217-1437,org.eclipse.pde.api.tools.builder.tests.tags,InvalidClassConstructorTagTests,testInvalidClassMethodTag3I,3,1,0
eclipse.pde.ui-20120217-1437,org.eclipse.pde.api.tools.builder.tests.tags,InvalidClassConstructorTagTests,testInvalidClassMethodTag3F,3,1,0
eclipse.pde.ui-20120217-1437,org.eclipse.pde.api.tools.builder.tests.tags,InvalidClassConstructorTagTests,x3,5,1,1
eclipse.pde.ui-20120217-1437,org.eclipse.pde.api.tools.builder.tests.tags,InvalidClassConstructorTagTests,testInvalidClassMethodTag4I,3,1,0
eclipse.pde.ui-20120217-1437,org.eclipse.pde.api.tools.builder.tests.tags,InvalidClassConstructorTagTests,testInvalidClassMethodTag4F,3,1,0
eclipse.pde.ui-20120217-1437,org.eclipse.pde.api.tools.builder.tests.tags,InvalidClassConstructorTagTests,x4,5,1,1
eclipse.pde.ui-20120217-1437,org.eclipse.pde.api.tools.builder.tests.tags,InvalidClassConstructorTagTests,testInvalidClassMethodTag5I,3,1,0
eclipse.pde.ui-20120217-1437,org.eclipse.pde.api.tools.builder.tests.tags,InvalidClassConstructorTagTests,testInvalidClassMethodTag5F,3,1,0
eclipse.pde.ui-20120217-1437,org.eclipse.pde.api.tools.builder.tests.tags,InvalidClassConstructorTagTests,x5,5,1,1
eclipse.pde.ui-20120217-1437,org.eclipse.pde.api.tools.builder.tests.tags,InvalidClassConstructorTagTests,testInvalidClassMethodTag6I,3,1,0
eclipse.pde.ui-20120217-1437,org.eclipse.pde.api.tools.builder.tests.tags,InvalidClassConstructorTagTests,testInvalidClassMethodTag6F,3,1,0
eclipse.pde.ui-20120217-1437,org.eclipse.pde.api.tools.builder.tests.tags,InvalidClassConstructorTagTests,x6,5,1,1
eclipse.pde.ui-20120217-1437,org.eclipse.pde.api.tools.builder.tests.tags,InvalidClassConstructorTagTests,testInvalidClassMethodTag7I,3,1,0
eclipse.pde.ui-20120217-1437,org.eclipse.pde.api.tools.builder.tests.tags,InvalidClassConstructorTagTests,testInvalidClassMethodTag7F,3,1,0
eclipse.pde.ui-20120217-1437,org.eclipse.pde.api.tools.builder.tests.tags,InvalidClassConstructorTagTests,x7,5,1,1
eclipse.pde.ui-20120217-1437,org.eclipse.pde.api.tools.builder.tests.tags,InvalidClassConstructorTagTests,testInvalidClassMethodTag8I,3,1,0
eclipse.pde.ui-20120217-1437,org.eclipse.pde.api.tools.builder.tests.tags,InvalidClassConstructorTagTests,testInvalidClassMethodTag8F,3,1,0
eclipse.pde.ui-20120217-1437,org.eclipse.pde.api.tools.builder.tests.tags,InvalidClassConstructorTagTests,x8,5,1,1
eclipse.pde.ui-20120217-1437,org.eclipse.pde.api.tools.builder.tests.tags,InvalidClassConstructorTagTests,testInvalidClassMethodTag9I,3,1,0
eclipse.pde.ui-20120217-1437,org.eclipse.pde.api.tools.builder.tests.tags,InvalidClassConstructorTagTests,testInvalidClassMethodTag9F,3,1,0
eclipse.pde.ui-20120217-1437,org.eclipse.pde.api.tools.builder.tests.tags,InvalidClassConstructorTagTests,x9,5,1,1
eclipse.pde.ui-20120217-1437,org.eclipse.pde.api.tools.builder.tests.tags,InvalidClassConstructorTagTests,testInvalidClassMethodTag10I,3,1,0
eclipse.pde.ui-20120217-1437,org.eclipse.pde.api.tools.builder.tests.tags,InvalidClassConstructorTagTests,testInvalidClassMethodTag10F,3,1,0
eclipse.pde.ui-20120217-1437,org.eclipse.pde.api.tools.builder.tests.tags,InvalidClassConstructorTagTests,x10,5,1,1
eclipse.pde.ui-20120217-1437,org.eclipse.pde.api.tools.builder.tests.tags,InvalidClassFieldTagTests,InvalidClassFieldTagTests,3,1,1
eclipse.pde.ui-20120217-1437,org.eclipse.pde.api.tools.builder.tests.tags,InvalidClassFieldTagTests,getTestSourcePath,3,1,0
eclipse.pde.ui-20120217-1437,org.eclipse.pde.api.tools.builder.tests.tags,InvalidClassFieldTagTests,suite,3,1,0
eclipse.pde.ui-20120217-1437,org.eclipse.pde.api.tools.builder.tests.tags,InvalidClassFieldTagTests,testInvalidClassFieldTag1I,3,1,0
eclipse.pde.ui-20120217-1437,org.eclipse.pde.api.tools.builder.tests.tags,InvalidClassFieldTagTests,testInvalidClassFieldTag1F,3,1,0
eclipse.pde.ui-20120217-1437,org.eclipse.pde.api.tools.builder.tests.tags,InvalidClassFieldTagTests,x1,5,1,1
eclipse.pde.ui-20120217-1437,org.eclipse.pde.api.tools.builder.tests.tags,InvalidClassFieldTagTests,testInvalidClassFieldTag2I,3,1,0
eclipse.pde.ui-20120217-1437,org.eclipse.pde.api.tools.builder.tests.tags,InvalidClassFieldTagTests,testInvalidClassFieldTag2F,3,1,0
eclipse.pde.ui-20120217-1437,org.eclipse.pde.api.tools.builder.tests.tags,InvalidClassFieldTagTests,x2,5,1,1
eclipse.pde.ui-20120217-1437,org.eclipse.pde.api.tools.builder.tests.tags,InvalidClassFieldTagTests,testInvalidClassFieldTag3I,3,1,0
eclipse.pde.ui-20120217-1437,org.eclipse.pde.api.tools.builder.tests.tags,InvalidClassFieldTagTests,testInvalidClassFieldTag3F,3,1,0
eclipse.pde.ui-20120217-1437,org.eclipse.pde.api.tools.builder.tests.tags,InvalidClassFieldTagTests,x3,5,1,1
eclipse.pde.ui-20120217-1437,org.eclipse.pde.api.tools.builder.tests.tags,InvalidClassFieldTagTests,testInvalidClassFieldTag4I,3,1,0
eclipse.pde.ui-20120217-1437,org.eclipse.pde.api.tools.builder.tests.tags,InvalidClassFieldTagTests,testInvalidClassFieldTag4F,3,1,0
eclipse.pde.ui-20120217-1437,org.eclipse.pde.api.tools.builder.tests.tags,InvalidClassFieldTagTests,x4,5,1,1
eclipse.pde.ui-20120217-1437,org.eclipse.pde.api.tools.builder.tests.tags,InvalidClassFieldTagTests,testInvalidClassFieldTag5I,3,1,0
eclipse.pde.ui-20120217-1437,org.eclipse.pde.api.tools.builder.tests.tags,InvalidClassFieldTagTests,testInvalidClassFieldTag5F,3,1,0
eclipse.pde.ui-20120217-1437,org.eclipse.pde.api.tools.builder.tests.tags,InvalidClassFieldTagTests,x5,5,1,1
eclipse.pde.ui-20120217-1437,org.eclipse.pde.api.tools.builder.tests.tags,InvalidClassFieldTagTests,testInvalidClassFieldTag6I,3,1,0
eclipse.pde.ui-20120217-1437,org.eclipse.pde.api.tools.builder.tests.tags,InvalidClassFieldTagTests,testInvalidClassFieldTag6F,3,1,0
eclipse.pde.ui-20120217-1437,org.eclipse.pde.api.tools.builder.tests.tags,InvalidClassFieldTagTests,x6,5,1,1
eclipse.pde.ui-20120217-1437,org.eclipse.pde.api.tools.builder.tests.tags,InvalidClassFieldTagTests,testInvalidClassFieldTag7I,3,1,0
eclipse.pde.ui-20120217-1437,org.eclipse.pde.api.tools.builder.tests.tags,InvalidClassFieldTagTests,testInvalidClassFieldTag7F,3,1,0
eclipse.pde.ui-20120217-1437,org.eclipse.pde.api.tools.builder.tests.tags,InvalidClassFieldTagTests,x7,5,1,1
eclipse.pde.ui-20120217-1437,org.eclipse.pde.api.tools.builder.tests.tags,InvalidClassFieldTagTests,testInvalidClassFieldTag8I,3,1,0
eclipse.pde.ui-20120217-1437,org.eclipse.pde.api.tools.builder.tests.tags,InvalidClassFieldTagTests,testInvalidClassFieldTag8F,3,1,0
eclipse.pde.ui-20120217-1437,org.eclipse.pde.api.tools.builder.tests.tags,InvalidClassFieldTagTests,x8,5,1,1
eclipse.pde.ui-20120217-1437,org.eclipse.pde.api.tools.builder.tests.tags,InvalidClassFieldTagTests,testInvalidClassFieldTag9I,3,1,0
eclipse.pde.ui-20120217-1437,org.eclipse.pde.api.tools.builder.tests.tags,InvalidClassFieldTagTests,testInvalidClassFieldTag9F,3,1,0
eclipse.pde.ui-20120217-1437,org.eclipse.pde.api.tools.builder.tests.tags,InvalidClassFieldTagTests,x9,5,1,1
eclipse.pde.ui-20120217-1437,org.eclipse.pde.api.tools.builder.tests.tags,InvalidClassFieldTagTests,testInvalidClassFieldTag10I,3,1,0
eclipse.pde.ui-20120217-1437,org.eclipse.pde.api.tools.builder.tests.tags,InvalidClassFieldTagTests,testInvalidClassFieldTag10F,3,1,0
eclipse.pde.ui-20120217-1437,org.eclipse.pde.api.tools.builder.tests.tags,InvalidClassFieldTagTests,x10,5,1,1
eclipse.pde.ui-20120217-1437,org.eclipse.pde.api.tools.builder.tests.tags,InvalidClassFieldTagTests,testInvalidClassFieldTag11I,3,1,0
eclipse.pde.ui-20120217-1437,org.eclipse.pde.api.tools.builder.tests.tags,InvalidClassFieldTagTests,testInvalidClassFieldTag11F,3,1,0
eclipse.pde.ui-20120217-1437,org.eclipse.pde.api.tools.builder.tests.tags,InvalidClassFieldTagTests,x11,5,1,1
eclipse.pde.ui-20120217-1437,org.eclipse.pde.api.tools.builder.tests.tags,InvalidClassFieldTagTests,testInvalidClassFieldTag12I,3,1,0
eclipse.pde.ui-20120217-1437,org.eclipse.pde.api.tools.builder.tests.tags,InvalidClassFieldTagTests,testInvalidClassFieldTag12F,3,1,0
eclipse.pde.ui-20120217-1437,org.eclipse.pde.api.tools.builder.tests.tags,InvalidClassFieldTagTests,x12,5,1,1
eclipse.pde.ui-20120217-1437,org.eclipse.pde.api.tools.builder.tests.tags,InvalidClassMethodTagTests,InvalidClassMethodTagTests,3,1,1
eclipse.pde.ui-20120217-1437,org.eclipse.pde.api.tools.builder.tests.tags,InvalidClassMethodTagTests,getTestSourcePath,3,1,0
eclipse.pde.ui-20120217-1437,org.eclipse.pde.api.tools.builder.tests.tags,InvalidClassMethodTagTests,suite,3,1,0
eclipse.pde.ui-20120217-1437,org.eclipse.pde.api.tools.builder.tests.tags,InvalidClassMethodTagTests,testInvalidClassMethodTag1I,3,1,0
eclipse.pde.ui-20120217-1437,org.eclipse.pde.api.tools.builder.tests.tags,InvalidClassMethodTagTests,testInvalidClassMethodTag1F,3,1,0
eclipse.pde.ui-20120217-1437,org.eclipse.pde.api.tools.builder.tests.tags,InvalidClassMethodTagTests,x1,5,1,1
eclipse.pde.ui-20120217-1437,org.eclipse.pde.api.tools.builder.tests.tags,InvalidClassMethodTagTests,testInvalidClassMethodTag2I,3,1,0
eclipse.pde.ui-20120217-1437,org.eclipse.pde.api.tools.builder.tests.tags,InvalidClassMethodTagTests,testInvalidClassMethodTag2F,3,1,0
eclipse.pde.ui-20120217-1437,org.eclipse.pde.api.tools.builder.tests.tags,InvalidClassMethodTagTests,x2,5,1,1
eclipse.pde.ui-20120217-1437,org.eclipse.pde.api.tools.builder.tests.tags,InvalidClassMethodTagTests,testInvalidClassMethodTag3I,3,1,0
eclipse.pde.ui-20120217-1437,org.eclipse.pde.api.tools.builder.tests.tags,InvalidClassMethodTagTests,testInvalidClassMethodTag3F,3,1,0
eclipse.pde.ui-20120217-1437,org.eclipse.pde.api.tools.builder.tests.tags,InvalidClassMethodTagTests,x3,5,1,1
eclipse.pde.ui-20120217-1437,org.eclipse.pde.api.tools.builder.tests.tags,InvalidClassMethodTagTests,testInvalidClassMethodTag4I,3,1,0
eclipse.pde.ui-20120217-1437,org.eclipse.pde.api.tools.builder.tests.tags,InvalidClassMethodTagTests,testInvalidClassMethodTag4F,3,1,0
eclipse.pde.ui-20120217-1437,org.eclipse.pde.api.tools.builder.tests.tags,InvalidClassMethodTagTests,x4,5,1,1
eclipse.pde.ui-20120217-1437,org.eclipse.pde.api.tools.builder.tests.tags,InvalidClassMethodTagTests,testInvalidClassMethodTag5I,3,1,0
eclipse.pde.ui-20120217-1437,org.eclipse.pde.api.tools.builder.tests.tags,InvalidClassMethodTagTests,testInvalidClassMethodTag5F,3,1,0
eclipse.pde.ui-20120217-1437,org.eclipse.pde.api.tools.builder.tests.tags,InvalidClassMethodTagTests,x5,5,1,1
eclipse.pde.ui-20120217-1437,org.eclipse.pde.api.tools.builder.tests.tags,InvalidClassMethodTagTests,testInvalidClassMethodTag6I,3,1,0
eclipse.pde.ui-20120217-1437,org.eclipse.pde.api.tools.builder.tests.tags,InvalidClassMethodTagTests,testInvalidClassMethodTag6F,3,1,0
eclipse.pde.ui-20120217-1437,org.eclipse.pde.api.tools.builder.tests.tags,InvalidClassMethodTagTests,x6,5,1,1
eclipse.pde.ui-20120217-1437,org.eclipse.pde.api.tools.builder.tests.tags,InvalidClassMethodTagTests,testInvalidClassMethodTag7I,3,1,0
eclipse.pde.ui-20120217-1437,org.eclipse.pde.api.tools.builder.tests.tags,InvalidClassMethodTagTests,testInvalidClassMethodTag7F,3,1,0
eclipse.pde.ui-20120217-1437,org.eclipse.pde.api.tools.builder.tests.tags,InvalidClassMethodTagTests,x7,5,1,1
eclipse.pde.ui-20120217-1437,org.eclipse.pde.api.tools.builder.tests.tags,InvalidClassMethodTagTests,testInvalidClassMethodTag8I,3,1,0
eclipse.pde.ui-20120217-1437,org.eclipse.pde.api.tools.builder.tests.tags,InvalidClassMethodTagTests,testInvalidClassMethodTag8F,3,1,0
eclipse.pde.ui-20120217-1437,org.eclipse.pde.api.tools.builder.tests.tags,InvalidClassMethodTagTests,x8,5,1,1
eclipse.pde.ui-20120217-1437,org.eclipse.pde.api.tools.builder.tests.tags,InvalidClassMethodTagTests,testInvalidClassMethodTag9I,3,1,0
eclipse.pde.ui-20120217-1437,org.eclipse.pde.api.tools.builder.tests.tags,InvalidClassMethodTagTests,testInvalidClassMethodTag9F,3,1,0
eclipse.pde.ui-20120217-1437,org.eclipse.pde.api.tools.builder.tests.tags,InvalidClassMethodTagTests,x9,5,1,1
eclipse.pde.ui-20120217-1437,org.eclipse.pde.api.tools.builder.tests.tags,InvalidClassMethodTagTests,testInvalidClassMethodTag10I,3,1,0
eclipse.pde.ui-20120217-1437,org.eclipse.pde.api.tools.builder.tests.tags,InvalidClassMethodTagTests,testInvalidClassMethodTag10F,3,1,0
eclipse.pde.ui-20120217-1437,org.eclipse.pde.api.tools.builder.tests.tags,InvalidClassMethodTagTests,x10,5,1,1
eclipse.pde.ui-20120217-1437,org.eclipse.pde.api.tools.builder.tests.tags,InvalidClassMethodTagTests,testInvalidClassMethodTag11I,3,1,0
eclipse.pde.ui-20120217-1437,org.eclipse.pde.api.tools.builder.tests.tags,InvalidClassMethodTagTests,testInvalidClassMethodTag11F,3,1,0
eclipse.pde.ui-20120217-1437,org.eclipse.pde.api.tools.builder.tests.tags,InvalidClassMethodTagTests,x11,5,1,1
eclipse.pde.ui-20120217-1437,org.eclipse.pde.api.tools.builder.tests.tags,InvalidClassMethodTagTests,testInvalidClassMethodTag12I,3,1,0
eclipse.pde.ui-20120217-1437,org.eclipse.pde.api.tools.builder.tests.tags,InvalidClassMethodTagTests,testInvalidClassMethodTag12F,3,1,0
eclipse.pde.ui-20120217-1437,org.eclipse.pde.api.tools.builder.tests.tags,InvalidClassMethodTagTests,x12,5,1,1
eclipse.pde.ui-20120217-1437,org.eclipse.pde.api.tools.builder.tests.tags,InvalidClassMethodTagTests,testInvalidClassMethodTag13I,3,1,0
eclipse.pde.ui-20120217-1437,org.eclipse.pde.api.tools.builder.tests.tags,InvalidClassMethodTagTests,testInvalidClassMethodTag13F,3,1,0
eclipse.pde.ui-20120217-1437,org.eclipse.pde.api.tools.builder.tests.tags,InvalidClassMethodTagTests,x13,5,1,1
eclipse.pde.ui-20120217-1437,org.eclipse.pde.api.tools.builder.tests.tags,InvalidClassMethodTagTests,testInvalidClassMethodTag14I,3,1,0
eclipse.pde.ui-20120217-1437,org.eclipse.pde.api.tools.builder.tests.tags,InvalidClassMethodTagTests,testInvalidClassMethodTag14F,3,1,0
eclipse.pde.ui-20120217-1437,org.eclipse.pde.api.tools.builder.tests.tags,InvalidClassMethodTagTests,x14,5,1,1
eclipse.pde.ui-20120217-1437,org.eclipse.pde.api.tools.builder.tests.tags,InvalidClassTagTests,InvalidClassTagTests,3,1,1
eclipse.pde.ui-20120217-1437,org.eclipse.pde.api.tools.builder.tests.tags,InvalidClassTagTests,suite,3,1,0
eclipse.pde.ui-20120217-1437,org.eclipse.pde.api.tools.builder.tests.tags,InvalidClassTagTests,getTestSourcePath,3,1,0
eclipse.pde.ui-20120217-1437,org.eclipse.pde.api.tools.builder.tests.tags,InvalidClassTagTests,getDefaultProblemId,3,1,0
eclipse.pde.ui-20120217-1437,org.eclipse.pde.api.tools.builder.tests.tags,InvalidClassTagTests,testInvalidClassTag1I,3,1,0
eclipse.pde.ui-20120217-1437,org.eclipse.pde.api.tools.builder.tests.tags,InvalidClassTagTests,testInvalidClassTag1F,3,1,0
eclipse.pde.ui-20120217-1437,org.eclipse.pde.api.tools.builder.tests.tags,InvalidClassTagTests,x1,5,1,1
eclipse.pde.ui-20120217-1437,org.eclipse.pde.api.tools.builder.tests.tags,InvalidClassTagTests,testInvalidClassTag2I,3,1,0
eclipse.pde.ui-20120217-1437,org.eclipse.pde.api.tools.builder.tests.tags,InvalidClassTagTests,testInvalidClassTag2F,3,1,0
eclipse.pde.ui-20120217-1437,org.eclipse.pde.api.tools.builder.tests.tags,InvalidClassTagTests,x2,5,1,1
eclipse.pde.ui-20120217-1437,org.eclipse.pde.api.tools.builder.tests.tags,InvalidClassTagTests,testInvalidClassTag3I,3,1,0
eclipse.pde.ui-20120217-1437,org.eclipse.pde.api.tools.builder.tests.tags,InvalidClassTagTests,testInvalidClassTag3F,3,1,0
eclipse.pde.ui-20120217-1437,org.eclipse.pde.api.tools.builder.tests.tags,InvalidClassTagTests,x3,5,1,1
eclipse.pde.ui-20120217-1437,org.eclipse.pde.api.tools.builder.tests.tags,InvalidClassTagTests,testInvalidClassTag4I,3,1,0
eclipse.pde.ui-20120217-1437,org.eclipse.pde.api.tools.builder.tests.tags,InvalidClassTagTests,testInvalidClassTag4F,3,1,0
eclipse.pde.ui-20120217-1437,org.eclipse.pde.api.tools.builder.tests.tags,InvalidClassTagTests,x4,5,1,1
eclipse.pde.ui-20120217-1437,org.eclipse.pde.api.tools.builder.tests.tags,InvalidClassTagTests,testInvalidClassTag5I,3,1,0
eclipse.pde.ui-20120217-1437,org.eclipse.pde.api.tools.builder.tests.tags,InvalidClassTagTests,testInvalidClassTag5F,3,1,0
eclipse.pde.ui-20120217-1437,org.eclipse.pde.api.tools.builder.tests.tags,InvalidClassTagTests,x5,5,1,1
eclipse.pde.ui-20120217-1437,org.eclipse.pde.api.tools.builder.tests.tags,InvalidClassTagTests,testInvalidClassTag6I,3,1,0
eclipse.pde.ui-20120217-1437,org.eclipse.pde.api.tools.builder.tests.tags,InvalidClassTagTests,testInvalidClassTag6F,3,1,0
eclipse.pde.ui-20120217-1437,org.eclipse.pde.api.tools.builder.tests.tags,InvalidClassTagTests,x6,5,1,1
eclipse.pde.ui-20120217-1437,org.eclipse.pde.api.tools.builder.tests.tags,InvalidClassTagTests,testInvalidClassTag7I,3,1,0
eclipse.pde.ui-20120217-1437,org.eclipse.pde.api.tools.builder.tests.tags,InvalidClassTagTests,testInvalidClassTag7F,3,1,0
eclipse.pde.ui-20120217-1437,org.eclipse.pde.api.tools.builder.tests.tags,InvalidClassTagTests,x7,5,1,1
eclipse.pde.ui-20120217-1437,org.eclipse.pde.api.tools.builder.tests.tags,InvalidClassTagTests,testInvalidClassTag8I,3,1,0
eclipse.pde.ui-20120217-1437,org.eclipse.pde.api.tools.builder.tests.tags,InvalidClassTagTests,testInvalidClassTag8F,3,1,0
eclipse.pde.ui-20120217-1437,org.eclipse.pde.api.tools.builder.tests.tags,InvalidClassTagTests,x8,5,1,1
eclipse.pde.ui-20120217-1437,org.eclipse.pde.api.tools.builder.tests.tags,InvalidDuplicateTagsTests,InvalidDuplicateTagsTests,3,1,1
eclipse.pde.ui-20120217-1437,org.eclipse.pde.api.tools.builder.tests.tags,InvalidDuplicateTagsTests,getDefaultProblemId,3,1,0
eclipse.pde.ui-20120217-1437,org.eclipse.pde.api.tools.builder.tests.tags,InvalidDuplicateTagsTests,setProblemId,3,1,2
eclipse.pde.ui-20120217-1437,org.eclipse.pde.api.tools.builder.tests.tags,InvalidDuplicateTagsTests,suite,3,1,0
eclipse.pde.ui-20120217-1437,org.eclipse.pde.api.tools.builder.tests.tags,InvalidDuplicateTagsTests,getTestSourcePath,3,1,0
eclipse.pde.ui-20120217-1437,org.eclipse.pde.api.tools.builder.tests.tags,InvalidDuplicateTagsTests,getTestCompliance,3,1,0
eclipse.pde.ui-20120217-1437,org.eclipse.pde.api.tools.builder.tests.tags,InvalidDuplicateTagsTests,testClassWithDuplicateTagsI,3,1,0
eclipse.pde.ui-20120217-1437,org.eclipse.pde.api.tools.builder.tests.tags,InvalidDuplicateTagsTests,testClassWithDuplicateTagsF,3,1,0
eclipse.pde.ui-20120217-1437,org.eclipse.pde.api.tools.builder.tests.tags,InvalidDuplicateTagsTests,x1,6,1,1
eclipse.pde.ui-20120217-1437,org.eclipse.pde.api.tools.builder.tests.tags,InvalidDuplicateTagsTests,testInterfaceWithDuplicateTagsI,3,1,0
eclipse.pde.ui-20120217-1437,org.eclipse.pde.api.tools.builder.tests.tags,InvalidDuplicateTagsTests,testInterfaceWithDuplicateTagsF,3,1,0
eclipse.pde.ui-20120217-1437,org.eclipse.pde.api.tools.builder.tests.tags,InvalidDuplicateTagsTests,x2,6,1,1
eclipse.pde.ui-20120217-1437,org.eclipse.pde.api.tools.builder.tests.tags,InvalidDuplicateTagsTests,testClassFieldWithDuplicateTagsI,3,1,0
eclipse.pde.ui-20120217-1437,org.eclipse.pde.api.tools.builder.tests.tags,InvalidDuplicateTagsTests,testClassFieldWithDuplicateTagsF,3,1,0
eclipse.pde.ui-20120217-1437,org.eclipse.pde.api.tools.builder.tests.tags,InvalidDuplicateTagsTests,x3,6,1,1
eclipse.pde.ui-20120217-1437,org.eclipse.pde.api.tools.builder.tests.tags,InvalidDuplicateTagsTests,testInterfaceFieldWithDuplicateTagsI,3,1,0
eclipse.pde.ui-20120217-1437,org.eclipse.pde.api.tools.builder.tests.tags,InvalidDuplicateTagsTests,testInterfaceFieldWithDuplicateTagsF,3,1,0
eclipse.pde.ui-20120217-1437,org.eclipse.pde.api.tools.builder.tests.tags,InvalidDuplicateTagsTests,x4,6,1,1
eclipse.pde.ui-20120217-1437,org.eclipse.pde.api.tools.builder.tests.tags,InvalidDuplicateTagsTests,testEnumFieldWithDuplicateTagsI,3,1,0
eclipse.pde.ui-20120217-1437,org.eclipse.pde.api.tools.builder.tests.tags,InvalidDuplicateTagsTests,testEnumFieldWithDuplicateTagsF,3,1,0
eclipse.pde.ui-20120217-1437,org.eclipse.pde.api.tools.builder.tests.tags,InvalidDuplicateTagsTests,x5,6,1,1
eclipse.pde.ui-20120217-1437,org.eclipse.pde.api.tools.builder.tests.tags,InvalidDuplicateTagsTests,testClassMethoddWithDuplicateTagsI,3,1,0
eclipse.pde.ui-20120217-1437,org.eclipse.pde.api.tools.builder.tests.tags,InvalidDuplicateTagsTests,testClassMethodWithDuplicateTagsF,3,1,0
eclipse.pde.ui-20120217-1437,org.eclipse.pde.api.tools.builder.tests.tags,InvalidDuplicateTagsTests,x6,6,1,1
eclipse.pde.ui-20120217-1437,org.eclipse.pde.api.tools.builder.tests.tags,InvalidDuplicateTagsTests,testInterfaceMethoddWithDuplicateTagsI,3,1,0
eclipse.pde.ui-20120217-1437,org.eclipse.pde.api.tools.builder.tests.tags,InvalidDuplicateTagsTests,testInterfaceMethodWithDuplicateTagsF,3,1,0
eclipse.pde.ui-20120217-1437,org.eclipse.pde.api.tools.builder.tests.tags,InvalidDuplicateTagsTests,x7,6,1,1
eclipse.pde.ui-20120217-1437,org.eclipse.pde.api.tools.builder.tests.tags,InvalidDuplicateTagsTests,testEnumMethodWithDuplicateTagsI,3,1,0
eclipse.pde.ui-20120217-1437,org.eclipse.pde.api.tools.builder.tests.tags,InvalidDuplicateTagsTests,testEnumMethodWithDuplicateTagsF,3,1,0
eclipse.pde.ui-20120217-1437,org.eclipse.pde.api.tools.builder.tests.tags,InvalidDuplicateTagsTests,x8,6,1,1
eclipse.pde.ui-20120217-1437,org.eclipse.pde.api.tools.builder.tests.tags,InvalidEnumConstantTagTests,InvalidEnumConstantTagTests,3,1,1
eclipse.pde.ui-20120217-1437,org.eclipse.pde.api.tools.builder.tests.tags,InvalidEnumConstantTagTests,getTestSourcePath,3,1,0
eclipse.pde.ui-20120217-1437,org.eclipse.pde.api.tools.builder.tests.tags,InvalidEnumConstantTagTests,suite,3,1,0
eclipse.pde.ui-20120217-1437,org.eclipse.pde.api.tools.builder.tests.tags,InvalidEnumConstantTagTests,getTestCompliance,3,1,0
eclipse.pde.ui-20120217-1437,org.eclipse.pde.api.tools.builder.tests.tags,InvalidEnumConstantTagTests,testInvalidEnumConstantTag1I,3,1,0
eclipse.pde.ui-20120217-1437,org.eclipse.pde.api.tools.builder.tests.tags,InvalidEnumConstantTagTests,testInvalidEnumConstantTag1F,3,1,0
eclipse.pde.ui-20120217-1437,org.eclipse.pde.api.tools.builder.tests.tags,InvalidEnumConstantTagTests,x1,5,1,1
eclipse.pde.ui-20120217-1437,org.eclipse.pde.api.tools.builder.tests.tags,InvalidEnumConstantTagTests,testInvalidEnumConstantTag2I,3,1,0
eclipse.pde.ui-20120217-1437,org.eclipse.pde.api.tools.builder.tests.tags,InvalidEnumConstantTagTests,testInvalidEnumConstantTag2F,3,1,0
eclipse.pde.ui-20120217-1437,org.eclipse.pde.api.tools.builder.tests.tags,InvalidEnumConstantTagTests,x2,5,1,1
eclipse.pde.ui-20120217-1437,org.eclipse.pde.api.tools.builder.tests.tags,InvalidEnumConstantTagTests,testInvalidEnumConstantTag3I,3,1,0
eclipse.pde.ui-20120217-1437,org.eclipse.pde.api.tools.builder.tests.tags,InvalidEnumConstantTagTests,testInvalidEnumConstantTag3F,3,1,0
eclipse.pde.ui-20120217-1437,org.eclipse.pde.api.tools.builder.tests.tags,InvalidEnumConstantTagTests,x3,5,1,1
eclipse.pde.ui-20120217-1437,org.eclipse.pde.api.tools.builder.tests.tags,InvalidEnumConstantTagTests,testInvalidEnumConstantTag4I,3,1,0
eclipse.pde.ui-20120217-1437,org.eclipse.pde.api.tools.builder.tests.tags,InvalidEnumConstantTagTests,testInvalidEnumConstantTag4F,3,1,0
eclipse.pde.ui-20120217-1437,org.eclipse.pde.api.tools.builder.tests.tags,InvalidEnumConstantTagTests,x4,5,1,1
eclipse.pde.ui-20120217-1437,org.eclipse.pde.api.tools.builder.tests.tags,InvalidEnumConstantTagTests,testInvalidEnumConstantTag5I,3,1,0
eclipse.pde.ui-20120217-1437,org.eclipse.pde.api.tools.builder.tests.tags,InvalidEnumConstantTagTests,testInvalidEnumConstantTag5F,3,1,0
eclipse.pde.ui-20120217-1437,org.eclipse.pde.api.tools.builder.tests.tags,InvalidEnumConstantTagTests,x5,5,1,1
eclipse.pde.ui-20120217-1437,org.eclipse.pde.api.tools.builder.tests.tags,InvalidEnumConstantTagTests,testInvalidEnumConstantTag6I,3,1,0
eclipse.pde.ui-20120217-1437,org.eclipse.pde.api.tools.builder.tests.tags,InvalidEnumConstantTagTests,testInvalidEnumConstantTag6F,3,1,0
eclipse.pde.ui-20120217-1437,org.eclipse.pde.api.tools.builder.tests.tags,InvalidEnumConstantTagTests,x6,5,1,1
eclipse.pde.ui-20120217-1437,org.eclipse.pde.api.tools.builder.tests.tags,InvalidEnumConstantTagTests,testInvalidEnumConstantTag7I,3,1,0
eclipse.pde.ui-20120217-1437,org.eclipse.pde.api.tools.builder.tests.tags,InvalidEnumConstantTagTests,testInvalidEnumConstantTag7F,3,1,0
eclipse.pde.ui-20120217-1437,org.eclipse.pde.api.tools.builder.tests.tags,InvalidEnumConstantTagTests,x7,5,1,1
eclipse.pde.ui-20120217-1437,org.eclipse.pde.api.tools.builder.tests.tags,InvalidEnumConstantTagTests,testInvalidEnumConstantTag8I,3,1,0
eclipse.pde.ui-20120217-1437,org.eclipse.pde.api.tools.builder.tests.tags,InvalidEnumConstantTagTests,testInvalidEnumConstantTag8F,3,1,0
eclipse.pde.ui-20120217-1437,org.eclipse.pde.api.tools.builder.tests.tags,InvalidEnumConstantTagTests,x8,5,1,1
eclipse.pde.ui-20120217-1437,org.eclipse.pde.api.tools.builder.tests.tags,InvalidEnumConstantTagTests,testInvalidEnumConstantTag9I,3,1,0
eclipse.pde.ui-20120217-1437,org.eclipse.pde.api.tools.builder.tests.tags,InvalidEnumConstantTagTests,testInvalidEnumConstantTag9F,3,1,0
eclipse.pde.ui-20120217-1437,org.eclipse.pde.api.tools.builder.tests.tags,InvalidEnumConstantTagTests,x9,5,1,1
eclipse.pde.ui-20120217-1437,org.eclipse.pde.api.tools.builder.tests.tags,InvalidEnumConstantTagTests,testInvalidEnumConstantTag10I,3,1,0
eclipse.pde.ui-20120217-1437,org.eclipse.pde.api.tools.builder.tests.tags,InvalidEnumConstantTagTests,testInvalidEnumConstantTag10F,3,1,0
eclipse.pde.ui-20120217-1437,org.eclipse.pde.api.tools.builder.tests.tags,InvalidEnumConstantTagTests,x10,5,1,1
eclipse.pde.ui-20120217-1437,org.eclipse.pde.api.tools.builder.tests.tags,InvalidEnumFieldTagTests,InvalidEnumFieldTagTests,3,1,1
eclipse.pde.ui-20120217-1437,org.eclipse.pde.api.tools.builder.tests.tags,InvalidEnumFieldTagTests,getTestSourcePath,3,1,0
eclipse.pde.ui-20120217-1437,org.eclipse.pde.api.tools.builder.tests.tags,InvalidEnumFieldTagTests,suite,3,1,0
eclipse.pde.ui-20120217-1437,org.eclipse.pde.api.tools.builder.tests.tags,InvalidEnumFieldTagTests,getTestCompliance,3,1,0
eclipse.pde.ui-20120217-1437,org.eclipse.pde.api.tools.builder.tests.tags,InvalidEnumFieldTagTests,testInvalidEnumFieldTag1I,3,1,0
eclipse.pde.ui-20120217-1437,org.eclipse.pde.api.tools.builder.tests.tags,InvalidEnumFieldTagTests,testInvalidEnumFieldTag1F,3,1,0
eclipse.pde.ui-20120217-1437,org.eclipse.pde.api.tools.builder.tests.tags,InvalidEnumFieldTagTests,x1,5,1,1
eclipse.pde.ui-20120217-1437,org.eclipse.pde.api.tools.builder.tests.tags,InvalidEnumFieldTagTests,testInvalidEnumFieldTag2I,3,1,0
eclipse.pde.ui-20120217-1437,org.eclipse.pde.api.tools.builder.tests.tags,InvalidEnumFieldTagTests,testInvalidEnumFieldTag2F,3,1,0
eclipse.pde.ui-20120217-1437,org.eclipse.pde.api.tools.builder.tests.tags,InvalidEnumFieldTagTests,x2,5,1,1
eclipse.pde.ui-20120217-1437,org.eclipse.pde.api.tools.builder.tests.tags,InvalidEnumFieldTagTests,testInvalidEnumFieldTag3I,3,1,0
eclipse.pde.ui-20120217-1437,org.eclipse.pde.api.tools.builder.tests.tags,InvalidEnumFieldTagTests,testInvalidEnumFieldTag3F,3,1,0
eclipse.pde.ui-20120217-1437,org.eclipse.pde.api.tools.builder.tests.tags,InvalidEnumFieldTagTests,x3,5,1,1
eclipse.pde.ui-20120217-1437,org.eclipse.pde.api.tools.builder.tests.tags,InvalidEnumFieldTagTests,testInvalidEnumFieldTag4I,3,1,0
eclipse.pde.ui-20120217-1437,org.eclipse.pde.api.tools.builder.tests.tags,InvalidEnumFieldTagTests,testInvalidEnumFieldTag4F,3,1,0
eclipse.pde.ui-20120217-1437,org.eclipse.pde.api.tools.builder.tests.tags,InvalidEnumFieldTagTests,x4,5,1,1
eclipse.pde.ui-20120217-1437,org.eclipse.pde.api.tools.builder.tests.tags,InvalidEnumFieldTagTests,testInvalidEnumFieldTag5I,3,1,0
eclipse.pde.ui-20120217-1437,org.eclipse.pde.api.tools.builder.tests.tags,InvalidEnumFieldTagTests,testInvalidEnumFieldTag5F,3,1,0
eclipse.pde.ui-20120217-1437,org.eclipse.pde.api.tools.builder.tests.tags,InvalidEnumFieldTagTests,x5,5,1,1
eclipse.pde.ui-20120217-1437,org.eclipse.pde.api.tools.builder.tests.tags,InvalidEnumFieldTagTests,testInvalidEnumFieldTag6I,3,1,0
eclipse.pde.ui-20120217-1437,org.eclipse.pde.api.tools.builder.tests.tags,InvalidEnumFieldTagTests,testInvalidEnumFieldTag6F,3,1,0
eclipse.pde.ui-20120217-1437,org.eclipse.pde.api.tools.builder.tests.tags,InvalidEnumFieldTagTests,x6,5,1,1
eclipse.pde.ui-20120217-1437,org.eclipse.pde.api.tools.builder.tests.tags,InvalidEnumFieldTagTests,testInvalidEnumFieldTag7I,3,1,0
eclipse.pde.ui-20120217-1437,org.eclipse.pde.api.tools.builder.tests.tags,InvalidEnumFieldTagTests,testInvalidEnumFieldTag7F,3,1,0
eclipse.pde.ui-20120217-1437,org.eclipse.pde.api.tools.builder.tests.tags,InvalidEnumFieldTagTests,x7,5,1,1
eclipse.pde.ui-20120217-1437,org.eclipse.pde.api.tools.builder.tests.tags,InvalidEnumFieldTagTests,testInvalidEnumFieldTag8I,3,1,0
eclipse.pde.ui-20120217-1437,org.eclipse.pde.api.tools.builder.tests.tags,InvalidEnumFieldTagTests,testInvalidEnumFieldTag8F,3,1,0
eclipse.pde.ui-20120217-1437,org.eclipse.pde.api.tools.builder.tests.tags,InvalidEnumFieldTagTests,x8,5,1,1
eclipse.pde.ui-20120217-1437,org.eclipse.pde.api.tools.builder.tests.tags,InvalidEnumFieldTagTests,testInvalidEnumFieldTag9I,3,1,0
eclipse.pde.ui-20120217-1437,org.eclipse.pde.api.tools.builder.tests.tags,InvalidEnumFieldTagTests,testInvalidEnumFieldTag9F,3,1,0
eclipse.pde.ui-20120217-1437,org.eclipse.pde.api.tools.builder.tests.tags,InvalidEnumFieldTagTests,x9,5,1,1
eclipse.pde.ui-20120217-1437,org.eclipse.pde.api.tools.builder.tests.tags,InvalidEnumFieldTagTests,testInvalidEnumFieldTag10I,3,1,0
eclipse.pde.ui-20120217-1437,org.eclipse.pde.api.tools.builder.tests.tags,InvalidEnumFieldTagTests,testInvalidEnumFieldTag10F,3,1,0
eclipse.pde.ui-20120217-1437,org.eclipse.pde.api.tools.builder.tests.tags,InvalidEnumFieldTagTests,x10,5,1,1
eclipse.pde.ui-20120217-1437,org.eclipse.pde.api.tools.builder.tests.tags,InvalidEnumFieldTagTests,testInvalidEnumFieldTag11I,3,1,0
eclipse.pde.ui-20120217-1437,org.eclipse.pde.api.tools.builder.tests.tags,InvalidEnumFieldTagTests,testInvalidEnumFieldTag11F,3,1,0
eclipse.pde.ui-20120217-1437,org.eclipse.pde.api.tools.builder.tests.tags,InvalidEnumFieldTagTests,x11,5,1,1
eclipse.pde.ui-20120217-1437,org.eclipse.pde.api.tools.builder.tests.tags,InvalidEnumFieldTagTests,testInvalidEnumFieldTag12I,3,1,0
eclipse.pde.ui-20120217-1437,org.eclipse.pde.api.tools.builder.tests.tags,InvalidEnumFieldTagTests,testInvalidEnumFieldTag12F,3,1,0
eclipse.pde.ui-20120217-1437,org.eclipse.pde.api.tools.builder.tests.tags,InvalidEnumFieldTagTests,x12,5,1,1
eclipse.pde.ui-20120217-1437,org.eclipse.pde.api.tools.builder.tests.tags,InvalidEnumMethodTagTests,InvalidEnumMethodTagTests,3,1,1
eclipse.pde.ui-20120217-1437,org.eclipse.pde.api.tools.builder.tests.tags,InvalidEnumMethodTagTests,getTestCompliance,3,1,0
eclipse.pde.ui-20120217-1437,org.eclipse.pde.api.tools.builder.tests.tags,InvalidEnumMethodTagTests,getTestSourcePath,3,1,0
eclipse.pde.ui-20120217-1437,org.eclipse.pde.api.tools.builder.tests.tags,InvalidEnumMethodTagTests,suite,3,1,0
eclipse.pde.ui-20120217-1437,org.eclipse.pde.api.tools.builder.tests.tags,InvalidEnumMethodTagTests,testInvalidEnumMethodTag1I,3,1,0
eclipse.pde.ui-20120217-1437,org.eclipse.pde.api.tools.builder.tests.tags,InvalidEnumMethodTagTests,testInvalidEnumMethodTag1F,3,1,0
eclipse.pde.ui-20120217-1437,org.eclipse.pde.api.tools.builder.tests.tags,InvalidEnumMethodTagTests,x1,5,1,1
eclipse.pde.ui-20120217-1437,org.eclipse.pde.api.tools.builder.tests.tags,InvalidEnumMethodTagTests,testInvalidEnumMethodTag2I,3,1,0
eclipse.pde.ui-20120217-1437,org.eclipse.pde.api.tools.builder.tests.tags,InvalidEnumMethodTagTests,testInvalidEnumMethodTag2F,3,1,0
eclipse.pde.ui-20120217-1437,org.eclipse.pde.api.tools.builder.tests.tags,InvalidEnumMethodTagTests,x2,5,1,1
eclipse.pde.ui-20120217-1437,org.eclipse.pde.api.tools.builder.tests.tags,InvalidEnumMethodTagTests,testInvalidEnumMethodTag3I,3,1,0
eclipse.pde.ui-20120217-1437,org.eclipse.pde.api.tools.builder.tests.tags,InvalidEnumMethodTagTests,testInvalidEnumMethodTag3F,3,1,0
eclipse.pde.ui-20120217-1437,org.eclipse.pde.api.tools.builder.tests.tags,InvalidEnumMethodTagTests,x3,5,1,1
eclipse.pde.ui-20120217-1437,org.eclipse.pde.api.tools.builder.tests.tags,InvalidEnumMethodTagTests,testInvalidEnumMethodTag4I,3,1,0
eclipse.pde.ui-20120217-1437,org.eclipse.pde.api.tools.builder.tests.tags,InvalidEnumMethodTagTests,testInvalidEnumMethodTag4F,3,1,0
eclipse.pde.ui-20120217-1437,org.eclipse.pde.api.tools.builder.tests.tags,InvalidEnumMethodTagTests,x4,5,1,1
eclipse.pde.ui-20120217-1437,org.eclipse.pde.api.tools.builder.tests.tags,InvalidEnumMethodTagTests,testInvalidEnumMethodTag5I,3,1,0
eclipse.pde.ui-20120217-1437,org.eclipse.pde.api.tools.builder.tests.tags,InvalidEnumMethodTagTests,testInvalidEnumMethodTag5F,3,1,0
eclipse.pde.ui-20120217-1437,org.eclipse.pde.api.tools.builder.tests.tags,InvalidEnumMethodTagTests,x5,5,1,1
eclipse.pde.ui-20120217-1437,org.eclipse.pde.api.tools.builder.tests.tags,InvalidEnumMethodTagTests,testInvalidEnumMethodTag6I,3,1,0
eclipse.pde.ui-20120217-1437,org.eclipse.pde.api.tools.builder.tests.tags,InvalidEnumMethodTagTests,testInvalidEnumMethodTag6F,3,1,0
eclipse.pde.ui-20120217-1437,org.eclipse.pde.api.tools.builder.tests.tags,InvalidEnumMethodTagTests,x6,5,1,1
eclipse.pde.ui-20120217-1437,org.eclipse.pde.api.tools.builder.tests.tags,InvalidEnumMethodTagTests,testInvalidEnumMethodTag7I,3,1,0
eclipse.pde.ui-20120217-1437,org.eclipse.pde.api.tools.builder.tests.tags,InvalidEnumMethodTagTests,testInvalidEnumMethodTag7F,3,1,0
eclipse.pde.ui-20120217-1437,org.eclipse.pde.api.tools.builder.tests.tags,InvalidEnumMethodTagTests,x7,5,1,1
eclipse.pde.ui-20120217-1437,org.eclipse.pde.api.tools.builder.tests.tags,InvalidEnumMethodTagTests,testInvalidEnumMethodTag8I,3,1,0
eclipse.pde.ui-20120217-1437,org.eclipse.pde.api.tools.builder.tests.tags,InvalidEnumMethodTagTests,testInvalidEnumMethodTag8F,3,1,0
eclipse.pde.ui-20120217-1437,org.eclipse.pde.api.tools.builder.tests.tags,InvalidEnumMethodTagTests,x8,5,1,1
eclipse.pde.ui-20120217-1437,org.eclipse.pde.api.tools.builder.tests.tags,InvalidEnumMethodTagTests,testInvalidEnumMethodTag9I,3,1,0
eclipse.pde.ui-20120217-1437,org.eclipse.pde.api.tools.builder.tests.tags,InvalidEnumMethodTagTests,testInvalidEnumMethodTag9F,3,1,0
eclipse.pde.ui-20120217-1437,org.eclipse.pde.api.tools.builder.tests.tags,InvalidEnumMethodTagTests,x9,5,1,1
eclipse.pde.ui-20120217-1437,org.eclipse.pde.api.tools.builder.tests.tags,InvalidEnumTagTests,InvalidEnumTagTests,3,1,1
eclipse.pde.ui-20120217-1437,org.eclipse.pde.api.tools.builder.tests.tags,InvalidEnumTagTests,suite,3,1,0
eclipse.pde.ui-20120217-1437,org.eclipse.pde.api.tools.builder.tests.tags,InvalidEnumTagTests,getTestSourcePath,3,1,0
eclipse.pde.ui-20120217-1437,org.eclipse.pde.api.tools.builder.tests.tags,InvalidEnumTagTests,getDefaultProblemId,3,1,0
eclipse.pde.ui-20120217-1437,org.eclipse.pde.api.tools.builder.tests.tags,InvalidEnumTagTests,getTestCompliance,3,1,0
eclipse.pde.ui-20120217-1437,org.eclipse.pde.api.tools.builder.tests.tags,InvalidEnumTagTests,testInvalidEnumTag1I,3,1,0
eclipse.pde.ui-20120217-1437,org.eclipse.pde.api.tools.builder.tests.tags,InvalidEnumTagTests,testInvalidEnumTag1F,3,1,0
eclipse.pde.ui-20120217-1437,org.eclipse.pde.api.tools.builder.tests.tags,InvalidEnumTagTests,x1,5,1,1
eclipse.pde.ui-20120217-1437,org.eclipse.pde.api.tools.builder.tests.tags,InvalidEnumTagTests,testInvalidEnumTag2I,3,1,0
eclipse.pde.ui-20120217-1437,org.eclipse.pde.api.tools.builder.tests.tags,InvalidEnumTagTests,testInvalidEnumTag2F,3,1,0
eclipse.pde.ui-20120217-1437,org.eclipse.pde.api.tools.builder.tests.tags,InvalidEnumTagTests,x2,5,1,1
eclipse.pde.ui-20120217-1437,org.eclipse.pde.api.tools.builder.tests.tags,InvalidEnumTagTests,testInvalidEnumTag3I,3,1,0
eclipse.pde.ui-20120217-1437,org.eclipse.pde.api.tools.builder.tests.tags,InvalidEnumTagTests,testInvalidEnumTag3F,3,1,0
eclipse.pde.ui-20120217-1437,org.eclipse.pde.api.tools.builder.tests.tags,InvalidEnumTagTests,x3,5,1,1
eclipse.pde.ui-20120217-1437,org.eclipse.pde.api.tools.builder.tests.tags,InvalidEnumTagTests,testInvalidEnumTag4I,3,1,0
eclipse.pde.ui-20120217-1437,org.eclipse.pde.api.tools.builder.tests.tags,InvalidEnumTagTests,testInvalidEnumTag4F,3,1,0
eclipse.pde.ui-20120217-1437,org.eclipse.pde.api.tools.builder.tests.tags,InvalidEnumTagTests,x4,5,1,1
eclipse.pde.ui-20120217-1437,org.eclipse.pde.api.tools.builder.tests.tags,InvalidEnumTagTests,testInvalidEnumTag5I,3,1,0
eclipse.pde.ui-20120217-1437,org.eclipse.pde.api.tools.builder.tests.tags,InvalidEnumTagTests,testInvalidEnumTag5F,3,1,0
eclipse.pde.ui-20120217-1437,org.eclipse.pde.api.tools.builder.tests.tags,InvalidEnumTagTests,x5,5,1,1
eclipse.pde.ui-20120217-1437,org.eclipse.pde.api.tools.builder.tests.tags,InvalidEnumTagTests,testInvalidEnumTag6I,3,1,0
eclipse.pde.ui-20120217-1437,org.eclipse.pde.api.tools.builder.tests.tags,InvalidEnumTagTests,testInvalidEnumTag6F,3,1,0
eclipse.pde.ui-20120217-1437,org.eclipse.pde.api.tools.builder.tests.tags,InvalidEnumTagTests,x6,5,1,1
eclipse.pde.ui-20120217-1437,org.eclipse.pde.api.tools.builder.tests.tags,InvalidEnumTagTests,testInvalidEnumTag7I,3,1,0
eclipse.pde.ui-20120217-1437,org.eclipse.pde.api.tools.builder.tests.tags,InvalidEnumTagTests,testInvalidEnumTag7F,3,1,0
eclipse.pde.ui-20120217-1437,org.eclipse.pde.api.tools.builder.tests.tags,InvalidEnumTagTests,x7,5,1,1
eclipse.pde.ui-20120217-1437,org.eclipse.pde.api.tools.builder.tests.tags,InvalidEnumTagTests,testInvalidEnumTag8I,3,1,0
eclipse.pde.ui-20120217-1437,org.eclipse.pde.api.tools.builder.tests.tags,InvalidEnumTagTests,testInvalidEnumTag8F,3,1,0
eclipse.pde.ui-20120217-1437,org.eclipse.pde.api.tools.builder.tests.tags,InvalidEnumTagTests,x8,5,1,1
eclipse.pde.ui-20120217-1437,org.eclipse.pde.api.tools.builder.tests.tags,InvalidEnumTagTests,testInvalidEnumTag9I,3,1,0
eclipse.pde.ui-20120217-1437,org.eclipse.pde.api.tools.builder.tests.tags,InvalidEnumTagTests,testInvalidEnumTag9F,3,1,0
eclipse.pde.ui-20120217-1437,org.eclipse.pde.api.tools.builder.tests.tags,InvalidEnumTagTests,x9,5,1,1
eclipse.pde.ui-20120217-1437,org.eclipse.pde.api.tools.builder.tests.tags,InvalidEnumTagTests,testInvalidEnumTag10I,3,1,0
eclipse.pde.ui-20120217-1437,org.eclipse.pde.api.tools.builder.tests.tags,InvalidEnumTagTests,testInvalidEnumTag10F,3,1,0
eclipse.pde.ui-20120217-1437,org.eclipse.pde.api.tools.builder.tests.tags,InvalidEnumTagTests,x10,5,1,1
eclipse.pde.ui-20120217-1437,org.eclipse.pde.api.tools.builder.tests.tags,InvalidFieldTagTests,InvalidFieldTagTests,3,1,1
eclipse.pde.ui-20120217-1437,org.eclipse.pde.api.tools.builder.tests.tags,InvalidFieldTagTests,suite,5,1,0
eclipse.pde.ui-20120217-1437,org.eclipse.pde.api.tools.builder.tests.tags,InvalidFieldTagTests,getDefaultProblemId,3,1,0
eclipse.pde.ui-20120217-1437,org.eclipse.pde.api.tools.builder.tests.tags,InvalidFieldTagTests,getTestSourcePath,3,1,0
eclipse.pde.ui-20120217-1437,org.eclipse.pde.api.tools.builder.tests.tags,InvalidFieldTagTests,getAllTestClasses,4,1,0
eclipse.pde.ui-20120217-1437,org.eclipse.pde.api.tools.builder.tests.tags,InvalidFieldTagTests,collectTests,32,2,1
eclipse.pde.ui-20120217-1437,org.eclipse.pde.api.tools.builder.tests.tags,InvalidInterfaceFieldTagTests,InvalidInterfaceFieldTagTests,3,1,1
eclipse.pde.ui-20120217-1437,org.eclipse.pde.api.tools.builder.tests.tags,InvalidInterfaceFieldTagTests,getTestSourcePath,3,1,0
eclipse.pde.ui-20120217-1437,org.eclipse.pde.api.tools.builder.tests.tags,InvalidInterfaceFieldTagTests,suite,3,1,0
eclipse.pde.ui-20120217-1437,org.eclipse.pde.api.tools.builder.tests.tags,InvalidInterfaceFieldTagTests,testInvalidInterfaceFieldTag1I,3,1,0
eclipse.pde.ui-20120217-1437,org.eclipse.pde.api.tools.builder.tests.tags,InvalidInterfaceFieldTagTests,testInvalidInterfaceFieldTag1F,2,1,0
eclipse.pde.ui-20120217-1437,org.eclipse.pde.api.tools.builder.tests.tags,InvalidInterfaceFieldTagTests,x1,5,1,1
eclipse.pde.ui-20120217-1437,org.eclipse.pde.api.tools.builder.tests.tags,InvalidInterfaceFieldTagTests,testInvalidInterfaceFieldTag2I,3,1,0
eclipse.pde.ui-20120217-1437,org.eclipse.pde.api.tools.builder.tests.tags,InvalidInterfaceFieldTagTests,testInvalidInterfaceFieldTag2F,3,1,0
eclipse.pde.ui-20120217-1437,org.eclipse.pde.api.tools.builder.tests.tags,InvalidInterfaceFieldTagTests,x2,5,1,1
eclipse.pde.ui-20120217-1437,org.eclipse.pde.api.tools.builder.tests.tags,InvalidInterfaceFieldTagTests,testInvalidInterfaceFieldTag3I,3,1,0
eclipse.pde.ui-20120217-1437,org.eclipse.pde.api.tools.builder.tests.tags,InvalidInterfaceFieldTagTests,testInvalidInterfaceFieldTag3F,3,1,0
eclipse.pde.ui-20120217-1437,org.eclipse.pde.api.tools.builder.tests.tags,InvalidInterfaceFieldTagTests,x3,5,1,1
eclipse.pde.ui-20120217-1437,org.eclipse.pde.api.tools.builder.tests.tags,InvalidInterfaceFieldTagTests,testInvalidInterfaceFieldTag4I,3,1,0
eclipse.pde.ui-20120217-1437,org.eclipse.pde.api.tools.builder.tests.tags,InvalidInterfaceFieldTagTests,testInvalidInterfaceFieldTag4F,3,1,0
eclipse.pde.ui-20120217-1437,org.eclipse.pde.api.tools.builder.tests.tags,InvalidInterfaceFieldTagTests,x4,5,1,1
eclipse.pde.ui-20120217-1437,org.eclipse.pde.api.tools.builder.tests.tags,InvalidInterfaceFieldTagTests,testInvalidInterfaceFieldTag5I,3,1,0
eclipse.pde.ui-20120217-1437,org.eclipse.pde.api.tools.builder.tests.tags,InvalidInterfaceFieldTagTests,testInvalidInterfaceFieldTag5F,3,1,0
eclipse.pde.ui-20120217-1437,org.eclipse.pde.api.tools.builder.tests.tags,InvalidInterfaceFieldTagTests,x5,5,1,1
eclipse.pde.ui-20120217-1437,org.eclipse.pde.api.tools.builder.tests.tags,InvalidInterfaceFieldTagTests,testInvalidInterfaceFieldTag6I,3,1,0
eclipse.pde.ui-20120217-1437,org.eclipse.pde.api.tools.builder.tests.tags,InvalidInterfaceFieldTagTests,testInvalidInterfaceFieldTag6F,3,1,0
eclipse.pde.ui-20120217-1437,org.eclipse.pde.api.tools.builder.tests.tags,InvalidInterfaceFieldTagTests,x6,5,1,1
eclipse.pde.ui-20120217-1437,org.eclipse.pde.api.tools.builder.tests.tags,InvalidInterfaceFieldTagTests,testInvalidInterfaceFieldTag7I,3,1,0
eclipse.pde.ui-20120217-1437,org.eclipse.pde.api.tools.builder.tests.tags,InvalidInterfaceFieldTagTests,testInvalidInterfaceFieldTag7F,3,1,0
eclipse.pde.ui-20120217-1437,org.eclipse.pde.api.tools.builder.tests.tags,InvalidInterfaceFieldTagTests,x7,5,1,1
eclipse.pde.ui-20120217-1437,org.eclipse.pde.api.tools.builder.tests.tags,InvalidInterfaceFieldTagTests,testInvalidInterfaceFieldTag8I,3,1,0
eclipse.pde.ui-20120217-1437,org.eclipse.pde.api.tools.builder.tests.tags,InvalidInterfaceFieldTagTests,testInvalidInterfaceFieldTag8F,3,1,0
eclipse.pde.ui-20120217-1437,org.eclipse.pde.api.tools.builder.tests.tags,InvalidInterfaceFieldTagTests,x8,5,1,1
eclipse.pde.ui-20120217-1437,org.eclipse.pde.api.tools.builder.tests.tags,InvalidInterfaceFieldTagTests,testInvalidInterfaceFieldTag9I,3,1,0
eclipse.pde.ui-20120217-1437,org.eclipse.pde.api.tools.builder.tests.tags,InvalidInterfaceFieldTagTests,testInvalidInterfaceFieldTag9F,3,1,0
eclipse.pde.ui-20120217-1437,org.eclipse.pde.api.tools.builder.tests.tags,InvalidInterfaceFieldTagTests,x9,5,1,1
eclipse.pde.ui-20120217-1437,org.eclipse.pde.api.tools.builder.tests.tags,InvalidInterfaceFieldTagTests,testInvalidInterfaceFieldTag10I,3,1,0
eclipse.pde.ui-20120217-1437,org.eclipse.pde.api.tools.builder.tests.tags,InvalidInterfaceFieldTagTests,testInvalidInterfaceFieldTag10F,3,1,0
eclipse.pde.ui-20120217-1437,org.eclipse.pde.api.tools.builder.tests.tags,InvalidInterfaceFieldTagTests,x10,5,1,1
eclipse.pde.ui-20120217-1437,org.eclipse.pde.api.tools.builder.tests.tags,InvalidInterfaceFieldTagTests,testInvalidInterfaceFieldTag11I,3,1,0
eclipse.pde.ui-20120217-1437,org.eclipse.pde.api.tools.builder.tests.tags,InvalidInterfaceFieldTagTests,testInvalidInterfaceFieldTag11F,3,1,0
eclipse.pde.ui-20120217-1437,org.eclipse.pde.api.tools.builder.tests.tags,InvalidInterfaceFieldTagTests,x11,5,1,1
eclipse.pde.ui-20120217-1437,org.eclipse.pde.api.tools.builder.tests.tags,InvalidInterfaceFieldTagTests,testInvalidInterfaceFieldTag12I,3,1,0
eclipse.pde.ui-20120217-1437,org.eclipse.pde.api.tools.builder.tests.tags,InvalidInterfaceFieldTagTests,testInvalidInterfaceFieldTag12F,3,1,0
eclipse.pde.ui-20120217-1437,org.eclipse.pde.api.tools.builder.tests.tags,InvalidInterfaceFieldTagTests,x12,5,1,1
eclipse.pde.ui-20120217-1437,org.eclipse.pde.api.tools.builder.tests.tags,InvalidInterfaceMethodTagTests,InvalidInterfaceMethodTagTests,3,1,1
eclipse.pde.ui-20120217-1437,org.eclipse.pde.api.tools.builder.tests.tags,InvalidInterfaceMethodTagTests,getTestSourcePath,3,1,0
eclipse.pde.ui-20120217-1437,org.eclipse.pde.api.tools.builder.tests.tags,InvalidInterfaceMethodTagTests,suite,3,1,0
eclipse.pde.ui-20120217-1437,org.eclipse.pde.api.tools.builder.tests.tags,InvalidInterfaceMethodTagTests,testInvalidInterfaceMethodTag1I,3,1,0
eclipse.pde.ui-20120217-1437,org.eclipse.pde.api.tools.builder.tests.tags,InvalidInterfaceMethodTagTests,testInvalidInterfaceMethodTag1F,3,1,0
eclipse.pde.ui-20120217-1437,org.eclipse.pde.api.tools.builder.tests.tags,InvalidInterfaceMethodTagTests,x1,5,1,1
eclipse.pde.ui-20120217-1437,org.eclipse.pde.api.tools.builder.tests.tags,InvalidInterfaceMethodTagTests,testInvalidInterfaceMethodTag2I,3,1,0
eclipse.pde.ui-20120217-1437,org.eclipse.pde.api.tools.builder.tests.tags,InvalidInterfaceMethodTagTests,testInvalidInterfaceMethodTag2F,3,1,0
eclipse.pde.ui-20120217-1437,org.eclipse.pde.api.tools.builder.tests.tags,InvalidInterfaceMethodTagTests,x2,5,1,1
eclipse.pde.ui-20120217-1437,org.eclipse.pde.api.tools.builder.tests.tags,InvalidInterfaceMethodTagTests,testInvalidInterfaceMethodTag3I,3,1,0
eclipse.pde.ui-20120217-1437,org.eclipse.pde.api.tools.builder.tests.tags,InvalidInterfaceMethodTagTests,testInvalidInterfaceMethodTag3F,3,1,0
eclipse.pde.ui-20120217-1437,org.eclipse.pde.api.tools.builder.tests.tags,InvalidInterfaceMethodTagTests,x3,5,1,1
eclipse.pde.ui-20120217-1437,org.eclipse.pde.api.tools.builder.tests.tags,InvalidInterfaceMethodTagTests,testInvalidInterfaceMethodTag4I,3,1,0
eclipse.pde.ui-20120217-1437,org.eclipse.pde.api.tools.builder.tests.tags,InvalidInterfaceMethodTagTests,testInvalidInterfaceMethodTag4F,3,1,0
eclipse.pde.ui-20120217-1437,org.eclipse.pde.api.tools.builder.tests.tags,InvalidInterfaceMethodTagTests,x4,5,1,1
eclipse.pde.ui-20120217-1437,org.eclipse.pde.api.tools.builder.tests.tags,InvalidInterfaceMethodTagTests,testInvalidInterfaceMethodTag5I,3,1,0
eclipse.pde.ui-20120217-1437,org.eclipse.pde.api.tools.builder.tests.tags,InvalidInterfaceMethodTagTests,testInvalidInterfaceMethodTag5F,3,1,0
eclipse.pde.ui-20120217-1437,org.eclipse.pde.api.tools.builder.tests.tags,InvalidInterfaceMethodTagTests,x5,5,1,1
eclipse.pde.ui-20120217-1437,org.eclipse.pde.api.tools.builder.tests.tags,InvalidInterfaceMethodTagTests,testInvalidInterfaceMethodTag6I,3,1,0
eclipse.pde.ui-20120217-1437,org.eclipse.pde.api.tools.builder.tests.tags,InvalidInterfaceMethodTagTests,testInvalidInterfaceMethodTag6F,3,1,0
eclipse.pde.ui-20120217-1437,org.eclipse.pde.api.tools.builder.tests.tags,InvalidInterfaceMethodTagTests,x6,5,1,1
eclipse.pde.ui-20120217-1437,org.eclipse.pde.api.tools.builder.tests.tags,InvalidInterfaceMethodTagTests,testInvalidInterfaceMethodTag7I,3,1,0
eclipse.pde.ui-20120217-1437,org.eclipse.pde.api.tools.builder.tests.tags,InvalidInterfaceMethodTagTests,testInvalidInterfaceMethodTag7F,3,1,0
eclipse.pde.ui-20120217-1437,org.eclipse.pde.api.tools.builder.tests.tags,InvalidInterfaceMethodTagTests,x7,5,1,1
eclipse.pde.ui-20120217-1437,org.eclipse.pde.api.tools.builder.tests.tags,InvalidInterfaceMethodTagTests,testInvalidInterfaceMethodTag8I,3,1,0
eclipse.pde.ui-20120217-1437,org.eclipse.pde.api.tools.builder.tests.tags,InvalidInterfaceMethodTagTests,testInvalidInterfaceMethodTag8F,3,1,0
eclipse.pde.ui-20120217-1437,org.eclipse.pde.api.tools.builder.tests.tags,InvalidInterfaceMethodTagTests,x8,5,1,1
eclipse.pde.ui-20120217-1437,org.eclipse.pde.api.tools.builder.tests.tags,InvalidInterfaceTagTests,InvalidInterfaceTagTests,3,1,1
eclipse.pde.ui-20120217-1437,org.eclipse.pde.api.tools.builder.tests.tags,InvalidInterfaceTagTests,suite,3,1,0
eclipse.pde.ui-20120217-1437,org.eclipse.pde.api.tools.builder.tests.tags,InvalidInterfaceTagTests,getTestSourcePath,3,1,0
eclipse.pde.ui-20120217-1437,org.eclipse.pde.api.tools.builder.tests.tags,InvalidInterfaceTagTests,getDefaultProblemId,3,1,0
eclipse.pde.ui-20120217-1437,org.eclipse.pde.api.tools.builder.tests.tags,InvalidInterfaceTagTests,testInvalidInterfaceTag1I,3,1,0
eclipse.pde.ui-20120217-1437,org.eclipse.pde.api.tools.builder.tests.tags,InvalidInterfaceTagTests,testInvalidInterfaceTag1F,3,1,0
eclipse.pde.ui-20120217-1437,org.eclipse.pde.api.tools.builder.tests.tags,InvalidInterfaceTagTests,x1,5,1,1
eclipse.pde.ui-20120217-1437,org.eclipse.pde.api.tools.builder.tests.tags,InvalidInterfaceTagTests,testInvalidInterfaceTag2I,3,1,0
eclipse.pde.ui-20120217-1437,org.eclipse.pde.api.tools.builder.tests.tags,InvalidInterfaceTagTests,testInvalidInterfaceTag2F,3,1,0
eclipse.pde.ui-20120217-1437,org.eclipse.pde.api.tools.builder.tests.tags,InvalidInterfaceTagTests,x2,5,1,1
eclipse.pde.ui-20120217-1437,org.eclipse.pde.api.tools.builder.tests.tags,InvalidInterfaceTagTests,testInvalidInterfaceTag3I,3,1,0
eclipse.pde.ui-20120217-1437,org.eclipse.pde.api.tools.builder.tests.tags,InvalidInterfaceTagTests,testInvalidInterfaceTag3F,3,1,0
eclipse.pde.ui-20120217-1437,org.eclipse.pde.api.tools.builder.tests.tags,InvalidInterfaceTagTests,x3,5,1,1
eclipse.pde.ui-20120217-1437,org.eclipse.pde.api.tools.builder.tests.tags,InvalidInterfaceTagTests,testInvalidInterfaceTag4I,3,1,0
eclipse.pde.ui-20120217-1437,org.eclipse.pde.api.tools.builder.tests.tags,InvalidInterfaceTagTests,testInvalidInterfaceTag4F,3,1,0
eclipse.pde.ui-20120217-1437,org.eclipse.pde.api.tools.builder.tests.tags,InvalidInterfaceTagTests,x4,5,1,1
eclipse.pde.ui-20120217-1437,org.eclipse.pde.api.tools.builder.tests.tags,InvalidInterfaceTagTests,testInvalidInterfaceTag5I,3,1,0
eclipse.pde.ui-20120217-1437,org.eclipse.pde.api.tools.builder.tests.tags,InvalidInterfaceTagTests,testInvalidInterfaceTag5F,3,1,0
eclipse.pde.ui-20120217-1437,org.eclipse.pde.api.tools.builder.tests.tags,InvalidInterfaceTagTests,x5,5,1,1
eclipse.pde.ui-20120217-1437,org.eclipse.pde.api.tools.builder.tests.tags,InvalidInterfaceTagTests,testInvalidInterfaceTag6I,3,1,0
eclipse.pde.ui-20120217-1437,org.eclipse.pde.api.tools.builder.tests.tags,InvalidInterfaceTagTests,testInvalidInterfaceTag6F,3,1,0
eclipse.pde.ui-20120217-1437,org.eclipse.pde.api.tools.builder.tests.tags,InvalidInterfaceTagTests,x6,5,1,1
eclipse.pde.ui-20120217-1437,org.eclipse.pde.api.tools.builder.tests.tags,InvalidMethodTagTests,InvalidMethodTagTests,3,1,1
eclipse.pde.ui-20120217-1437,org.eclipse.pde.api.tools.builder.tests.tags,InvalidMethodTagTests,suite,5,1,0
eclipse.pde.ui-20120217-1437,org.eclipse.pde.api.tools.builder.tests.tags,InvalidMethodTagTests,getTestSourcePath,3,1,0
eclipse.pde.ui-20120217-1437,org.eclipse.pde.api.tools.builder.tests.tags,InvalidMethodTagTests,getDefaultProblemId,3,1,0
eclipse.pde.ui-20120217-1437,org.eclipse.pde.api.tools.builder.tests.tags,InvalidMethodTagTests,getAllTestClasses,4,1,0
eclipse.pde.ui-20120217-1437,org.eclipse.pde.api.tools.builder.tests.tags,InvalidMethodTagTests,collectTests,32,2,1
eclipse.pde.ui-20120217-1437,org.eclipse.pde.api.tools.builder.tests.tags,TagTest,TagTest,3,1,1
eclipse.pde.ui-20120217-1437,org.eclipse.pde.api.tools.builder.tests.tags,TagTest,setExpectedMessageArgs,7,2,3
eclipse.pde.ui-20120217-1437,org.eclipse.pde.api.tools.builder.tests.tags,TagTest,getAllTestClasses,4,1,0
eclipse.pde.ui-20120217-1437,org.eclipse.pde.api.tools.builder.tests.tags,TagTest,collectTests,32,2,1
eclipse.pde.ui-20120217-1437,org.eclipse.pde.api.tools.builder.tests.tags,TagTest,suite,5,1,0
eclipse.pde.ui-20120217-1437,org.eclipse.pde.api.tools.builder.tests.tags,TagTest,setBuilderOptions,9,1,0
eclipse.pde.ui-20120217-1437,org.eclipse.pde.api.tools.builder.tests.tags,TagTest,getDefaultProblemSet,11,3,1
eclipse.pde.ui-20120217-1437,org.eclipse.pde.api.tools.builder.tests.tags,TagTest,getTestSourcePath,3,1,0
eclipse.pde.ui-20120217-1437,org.eclipse.pde.api.tools.builder.tests.tags,TagTest,getTestingProjectName,3,1,0
eclipse.pde.ui-20120217-1437,org.eclipse.pde.api.tools.builder.tests.tags,TagTest,deployTagTest,21,3,3
eclipse.pde.ui-20120217-1437,org.eclipse.pde.api.tools.builder.tests.tags,TagTest,setUp,12,3,0
eclipse.pde.ui-20120217-1437,org.eclipse.pde.api.tools.builder.tests.tags,TagTest,tearDown,7,2,0
eclipse.pde.ui-20120217-1437,org.eclipse.pde.api.tools.builder.tests.tags,ValidClassFieldTagTests,ValidClassFieldTagTests,3,1,1
eclipse.pde.ui-20120217-1437,org.eclipse.pde.api.tools.builder.tests.tags,ValidClassFieldTagTests,suite,3,1,0
eclipse.pde.ui-20120217-1437,org.eclipse.pde.api.tools.builder.tests.tags,ValidClassFieldTagTests,getTestSourcePath,3,1,0
eclipse.pde.ui-20120217-1437,org.eclipse.pde.api.tools.builder.tests.tags,ValidClassFieldTagTests,testValidClassFieldTag1I,3,1,0
eclipse.pde.ui-20120217-1437,org.eclipse.pde.api.tools.builder.tests.tags,ValidClassFieldTagTests,testValidClassFieldTag1F,3,1,0
eclipse.pde.ui-20120217-1437,org.eclipse.pde.api.tools.builder.tests.tags,ValidClassFieldTagTests,x1,3,1,1
eclipse.pde.ui-20120217-1437,org.eclipse.pde.api.tools.builder.tests.tags,ValidClassFieldTagTests,testValidClassFieldTag2I,3,1,0
eclipse.pde.ui-20120217-1437,org.eclipse.pde.api.tools.builder.tests.tags,ValidClassFieldTagTests,testValidClassFieldTag2F,3,1,0
eclipse.pde.ui-20120217-1437,org.eclipse.pde.api.tools.builder.tests.tags,ValidClassFieldTagTests,x2,3,1,1
eclipse.pde.ui-20120217-1437,org.eclipse.pde.api.tools.builder.tests.tags,ValidClassFieldTagTests,testValidClassFieldTag3I,3,1,0
eclipse.pde.ui-20120217-1437,org.eclipse.pde.api.tools.builder.tests.tags,ValidClassFieldTagTests,testValidClassFieldTag3F,3,1,0
eclipse.pde.ui-20120217-1437,org.eclipse.pde.api.tools.builder.tests.tags,ValidClassFieldTagTests,x3,3,1,1
eclipse.pde.ui-20120217-1437,org.eclipse.pde.api.tools.builder.tests.tags,ValidClassFieldTagTests,testValidClassFieldTag4I,3,1,0
eclipse.pde.ui-20120217-1437,org.eclipse.pde.api.tools.builder.tests.tags,ValidClassFieldTagTests,testValidClassFieldTag4F,3,1,0
eclipse.pde.ui-20120217-1437,org.eclipse.pde.api.tools.builder.tests.tags,ValidClassFieldTagTests,x4,3,1,1
eclipse.pde.ui-20120217-1437,org.eclipse.pde.api.tools.builder.tests.tags,ValidClassFieldTagTests,testValidClassFieldTag5I,3,1,0
eclipse.pde.ui-20120217-1437,org.eclipse.pde.api.tools.builder.tests.tags,ValidClassFieldTagTests,testValidClassFieldTag5F,3,1,0
eclipse.pde.ui-20120217-1437,org.eclipse.pde.api.tools.builder.tests.tags,ValidClassFieldTagTests,x5,3,1,1
eclipse.pde.ui-20120217-1437,org.eclipse.pde.api.tools.builder.tests.tags,ValidClassFieldTagTests,testValidClassFieldTag6I,3,1,0
eclipse.pde.ui-20120217-1437,org.eclipse.pde.api.tools.builder.tests.tags,ValidClassFieldTagTests,testValidClassFieldTag6F,3,1,0
eclipse.pde.ui-20120217-1437,org.eclipse.pde.api.tools.builder.tests.tags,ValidClassFieldTagTests,x6,3,1,1
eclipse.pde.ui-20120217-1437,org.eclipse.pde.api.tools.builder.tests.tags,ValidClassFieldTagTests,testValidClassFieldTag7I,3,1,0
eclipse.pde.ui-20120217-1437,org.eclipse.pde.api.tools.builder.tests.tags,ValidClassFieldTagTests,testValidClassFieldTag7F,3,1,0
eclipse.pde.ui-20120217-1437,org.eclipse.pde.api.tools.builder.tests.tags,ValidClassFieldTagTests,x7,3,1,1
eclipse.pde.ui-20120217-1437,org.eclipse.pde.api.tools.builder.tests.tags,ValidClassFieldTagTests,testValidClassFieldTag8I,3,1,0
eclipse.pde.ui-20120217-1437,org.eclipse.pde.api.tools.builder.tests.tags,ValidClassFieldTagTests,testValidClassFieldTag8F,3,1,0
eclipse.pde.ui-20120217-1437,org.eclipse.pde.api.tools.builder.tests.tags,ValidClassFieldTagTests,x8,3,1,1
eclipse.pde.ui-20120217-1437,org.eclipse.pde.api.tools.builder.tests.tags,ValidClassMethodTagTests,ValidClassMethodTagTests,3,1,1
eclipse.pde.ui-20120217-1437,org.eclipse.pde.api.tools.builder.tests.tags,ValidClassMethodTagTests,getTestSourcePath,3,1,0
eclipse.pde.ui-20120217-1437,org.eclipse.pde.api.tools.builder.tests.tags,ValidClassMethodTagTests,suite,3,1,0
eclipse.pde.ui-20120217-1437,org.eclipse.pde.api.tools.builder.tests.tags,ValidClassMethodTagTests,testValidClassMethodTag1I,3,1,0
eclipse.pde.ui-20120217-1437,org.eclipse.pde.api.tools.builder.tests.tags,ValidClassMethodTagTests,testValidClassMethodTag1F,3,1,0
eclipse.pde.ui-20120217-1437,org.eclipse.pde.api.tools.builder.tests.tags,ValidClassMethodTagTests,x1,3,1,1
eclipse.pde.ui-20120217-1437,org.eclipse.pde.api.tools.builder.tests.tags,ValidClassMethodTagTests,testValidClassMethodTag2I,3,1,0
eclipse.pde.ui-20120217-1437,org.eclipse.pde.api.tools.builder.tests.tags,ValidClassMethodTagTests,testValidClassMethodTag2F,3,1,0
eclipse.pde.ui-20120217-1437,org.eclipse.pde.api.tools.builder.tests.tags,ValidClassMethodTagTests,x2,3,1,1
eclipse.pde.ui-20120217-1437,org.eclipse.pde.api.tools.builder.tests.tags,ValidClassMethodTagTests,testValidClassMethodTag3I,3,1,0
eclipse.pde.ui-20120217-1437,org.eclipse.pde.api.tools.builder.tests.tags,ValidClassMethodTagTests,testValidClassMethodTag3F,3,1,0
eclipse.pde.ui-20120217-1437,org.eclipse.pde.api.tools.builder.tests.tags,ValidClassMethodTagTests,x3,3,1,1
eclipse.pde.ui-20120217-1437,org.eclipse.pde.api.tools.builder.tests.tags,ValidClassMethodTagTests,testValidClassMethodTag4I,3,1,0
eclipse.pde.ui-20120217-1437,org.eclipse.pde.api.tools.builder.tests.tags,ValidClassMethodTagTests,testValidClassMethodTag4F,3,1,0
eclipse.pde.ui-20120217-1437,org.eclipse.pde.api.tools.builder.tests.tags,ValidClassMethodTagTests,x4,3,1,1
eclipse.pde.ui-20120217-1437,org.eclipse.pde.api.tools.builder.tests.tags,ValidClassMethodTagTests,testValidClassMethodTag5I,3,1,0
eclipse.pde.ui-20120217-1437,org.eclipse.pde.api.tools.builder.tests.tags,ValidClassMethodTagTests,testValidClassMethodTag5F,3,1,0
eclipse.pde.ui-20120217-1437,org.eclipse.pde.api.tools.builder.tests.tags,ValidClassMethodTagTests,x5,3,1,1
eclipse.pde.ui-20120217-1437,org.eclipse.pde.api.tools.builder.tests.tags,ValidClassMethodTagTests,testValidClassMethodTag6I,3,1,0
eclipse.pde.ui-20120217-1437,org.eclipse.pde.api.tools.builder.tests.tags,ValidClassMethodTagTests,testValidClassMethodTag6F,3,1,0
eclipse.pde.ui-20120217-1437,org.eclipse.pde.api.tools.builder.tests.tags,ValidClassMethodTagTests,x6,3,1,1
eclipse.pde.ui-20120217-1437,org.eclipse.pde.api.tools.builder.tests.tags,ValidClassMethodTagTests,testValidClassMethodTag7I,3,1,0
eclipse.pde.ui-20120217-1437,org.eclipse.pde.api.tools.builder.tests.tags,ValidClassMethodTagTests,testValidClassMethodTag7F,3,1,0
eclipse.pde.ui-20120217-1437,org.eclipse.pde.api.tools.builder.tests.tags,ValidClassMethodTagTests,x7,3,1,1
eclipse.pde.ui-20120217-1437,org.eclipse.pde.api.tools.builder.tests.tags,ValidClassMethodTagTests,testValidClassMethodTag8I,3,1,0
eclipse.pde.ui-20120217-1437,org.eclipse.pde.api.tools.builder.tests.tags,ValidClassMethodTagTests,testValidClassMethodTag8F,3,1,0
eclipse.pde.ui-20120217-1437,org.eclipse.pde.api.tools.builder.tests.tags,ValidClassMethodTagTests,x8,3,1,1
eclipse.pde.ui-20120217-1437,org.eclipse.pde.api.tools.builder.tests.tags,ValidClassMethodTagTests,testValidClassMethodTag9I,3,1,0
eclipse.pde.ui-20120217-1437,org.eclipse.pde.api.tools.builder.tests.tags,ValidClassMethodTagTests,testValidClassMethodTag9F,3,1,0
eclipse.pde.ui-20120217-1437,org.eclipse.pde.api.tools.builder.tests.tags,ValidClassMethodTagTests,x9,3,1,1
eclipse.pde.ui-20120217-1437,org.eclipse.pde.api.tools.builder.tests.tags,ValidClassMethodTagTests,testValidClassMethodTag10I,3,1,0
eclipse.pde.ui-20120217-1437,org.eclipse.pde.api.tools.builder.tests.tags,ValidClassMethodTagTests,testValidClassMethodTag10F,3,1,0
eclipse.pde.ui-20120217-1437,org.eclipse.pde.api.tools.builder.tests.tags,ValidClassMethodTagTests,x10,3,1,1
eclipse.pde.ui-20120217-1437,org.eclipse.pde.api.tools.builder.tests.tags,ValidClassTagTests,ValidClassTagTests,3,1,1
eclipse.pde.ui-20120217-1437,org.eclipse.pde.api.tools.builder.tests.tags,ValidClassTagTests,getTestSourcePath,3,1,0
eclipse.pde.ui-20120217-1437,org.eclipse.pde.api.tools.builder.tests.tags,ValidClassTagTests,suite,3,1,0
eclipse.pde.ui-20120217-1437,org.eclipse.pde.api.tools.builder.tests.tags,ValidClassTagTests,testValidClassTag1I,3,1,0
eclipse.pde.ui-20120217-1437,org.eclipse.pde.api.tools.builder.tests.tags,ValidClassTagTests,testValidClassTag1F,3,1,0
eclipse.pde.ui-20120217-1437,org.eclipse.pde.api.tools.builder.tests.tags,ValidClassTagTests,x1,3,1,1
eclipse.pde.ui-20120217-1437,org.eclipse.pde.api.tools.builder.tests.tags,ValidClassTagTests,testValidClassTag2I,3,1,0
eclipse.pde.ui-20120217-1437,org.eclipse.pde.api.tools.builder.tests.tags,ValidClassTagTests,testValidClassTag2F,3,1,0
eclipse.pde.ui-20120217-1437,org.eclipse.pde.api.tools.builder.tests.tags,ValidClassTagTests,x2,3,1,1
eclipse.pde.ui-20120217-1437,org.eclipse.pde.api.tools.builder.tests.tags,ValidClassTagTests,testValidClassTag3I,3,1,0
eclipse.pde.ui-20120217-1437,org.eclipse.pde.api.tools.builder.tests.tags,ValidClassTagTests,testValidClassTag3F,3,1,0
eclipse.pde.ui-20120217-1437,org.eclipse.pde.api.tools.builder.tests.tags,ValidClassTagTests,x3,3,1,1
eclipse.pde.ui-20120217-1437,org.eclipse.pde.api.tools.builder.tests.tags,ValidClassTagTests,testValidClassTag4I,3,1,0
eclipse.pde.ui-20120217-1437,org.eclipse.pde.api.tools.builder.tests.tags,ValidClassTagTests,testValidClassTag4F,3,1,0
eclipse.pde.ui-20120217-1437,org.eclipse.pde.api.tools.builder.tests.tags,ValidClassTagTests,x4,3,1,1
eclipse.pde.ui-20120217-1437,org.eclipse.pde.api.tools.builder.tests.tags,ValidClassTagTests,testValidClassTag5I,3,1,0
eclipse.pde.ui-20120217-1437,org.eclipse.pde.api.tools.builder.tests.tags,ValidClassTagTests,testValidClassTag5F,3,1,0
eclipse.pde.ui-20120217-1437,org.eclipse.pde.api.tools.builder.tests.tags,ValidClassTagTests,x5,3,1,1
eclipse.pde.ui-20120217-1437,org.eclipse.pde.api.tools.builder.tests.tags,ValidEnumFieldTagTests,ValidEnumFieldTagTests,3,1,1
eclipse.pde.ui-20120217-1437,org.eclipse.pde.api.tools.builder.tests.tags,ValidEnumFieldTagTests,getTestSourcePath,3,1,0
eclipse.pde.ui-20120217-1437,org.eclipse.pde.api.tools.builder.tests.tags,ValidEnumFieldTagTests,suite,3,1,0
eclipse.pde.ui-20120217-1437,org.eclipse.pde.api.tools.builder.tests.tags,ValidEnumFieldTagTests,getTestCompliance,3,1,0
eclipse.pde.ui-20120217-1437,org.eclipse.pde.api.tools.builder.tests.tags,ValidEnumFieldTagTests,testValidEnumFieldTag1I,3,1,0
eclipse.pde.ui-20120217-1437,org.eclipse.pde.api.tools.builder.tests.tags,ValidEnumFieldTagTests,testValidEnumFieldTag1F,3,1,0
eclipse.pde.ui-20120217-1437,org.eclipse.pde.api.tools.builder.tests.tags,ValidEnumFieldTagTests,x1,3,1,1
eclipse.pde.ui-20120217-1437,org.eclipse.pde.api.tools.builder.tests.tags,ValidEnumFieldTagTests,testValidEnumFieldTag2I,3,1,0
eclipse.pde.ui-20120217-1437,org.eclipse.pde.api.tools.builder.tests.tags,ValidEnumFieldTagTests,testValidEnumFieldTag2F,3,1,0
eclipse.pde.ui-20120217-1437,org.eclipse.pde.api.tools.builder.tests.tags,ValidEnumFieldTagTests,x2,3,1,1
eclipse.pde.ui-20120217-1437,org.eclipse.pde.api.tools.builder.tests.tags,ValidEnumFieldTagTests,testValidEnumFieldTag4I,3,1,0
eclipse.pde.ui-20120217-1437,org.eclipse.pde.api.tools.builder.tests.tags,ValidEnumFieldTagTests,testValidEnumFieldTag4F,3,1,0
eclipse.pde.ui-20120217-1437,org.eclipse.pde.api.tools.builder.tests.tags,ValidEnumFieldTagTests,x4,3,1,1
eclipse.pde.ui-20120217-1437,org.eclipse.pde.api.tools.builder.tests.tags,ValidEnumFieldTagTests,testValidEnumFieldTag3I,3,1,0
eclipse.pde.ui-20120217-1437,org.eclipse.pde.api.tools.builder.tests.tags,ValidEnumFieldTagTests,testValidEnumFieldTag3F,3,1,0
eclipse.pde.ui-20120217-1437,org.eclipse.pde.api.tools.builder.tests.tags,ValidEnumFieldTagTests,x3,3,1,1
eclipse.pde.ui-20120217-1437,org.eclipse.pde.api.tools.builder.tests.tags,ValidEnumFieldTagTests,testValidEnumFieldTag5I,3,1,0
eclipse.pde.ui-20120217-1437,org.eclipse.pde.api.tools.builder.tests.tags,ValidEnumFieldTagTests,testValidEnumFieldTag5F,3,1,0
eclipse.pde.ui-20120217-1437,org.eclipse.pde.api.tools.builder.tests.tags,ValidEnumFieldTagTests,x5,3,1,1
eclipse.pde.ui-20120217-1437,org.eclipse.pde.api.tools.builder.tests.tags,ValidEnumMethodTagTests,ValidEnumMethodTagTests,3,1,1
eclipse.pde.ui-20120217-1437,org.eclipse.pde.api.tools.builder.tests.tags,ValidEnumMethodTagTests,getTestCompliance,3,1,0
eclipse.pde.ui-20120217-1437,org.eclipse.pde.api.tools.builder.tests.tags,ValidEnumMethodTagTests,getTestSourcePath,3,1,0
eclipse.pde.ui-20120217-1437,org.eclipse.pde.api.tools.builder.tests.tags,ValidEnumMethodTagTests,suite,3,1,0
eclipse.pde.ui-20120217-1437,org.eclipse.pde.api.tools.builder.tests.tags,ValidEnumMethodTagTests,testValidEnumMethodTag1I,3,1,0
eclipse.pde.ui-20120217-1437,org.eclipse.pde.api.tools.builder.tests.tags,ValidEnumMethodTagTests,testValidEnumMethodTag1F,3,1,0
eclipse.pde.ui-20120217-1437,org.eclipse.pde.api.tools.builder.tests.tags,ValidEnumMethodTagTests,x1,3,1,1
eclipse.pde.ui-20120217-1437,org.eclipse.pde.api.tools.builder.tests.tags,ValidEnumMethodTagTests,testValidEnumMethodTag2I,3,1,0
eclipse.pde.ui-20120217-1437,org.eclipse.pde.api.tools.builder.tests.tags,ValidEnumMethodTagTests,testValidEnumMethodTag2F,3,1,0
eclipse.pde.ui-20120217-1437,org.eclipse.pde.api.tools.builder.tests.tags,ValidEnumMethodTagTests,x2,3,1,1
eclipse.pde.ui-20120217-1437,org.eclipse.pde.api.tools.builder.tests.tags,ValidEnumMethodTagTests,testValidEnumMethodTag3I,3,1,0
eclipse.pde.ui-20120217-1437,org.eclipse.pde.api.tools.builder.tests.tags,ValidEnumMethodTagTests,testValidEnumMethodTag3F,3,1,0
eclipse.pde.ui-20120217-1437,org.eclipse.pde.api.tools.builder.tests.tags,ValidEnumMethodTagTests,x3,3,1,1
eclipse.pde.ui-20120217-1437,org.eclipse.pde.api.tools.builder.tests.tags,ValidEnumMethodTagTests,testValidEnumMethodTag4I,3,1,0
eclipse.pde.ui-20120217-1437,org.eclipse.pde.api.tools.builder.tests.tags,ValidEnumMethodTagTests,testValidEnumMethodTag4F,3,1,0
eclipse.pde.ui-20120217-1437,org.eclipse.pde.api.tools.builder.tests.tags,ValidEnumMethodTagTests,x4,3,1,1
eclipse.pde.ui-20120217-1437,org.eclipse.pde.api.tools.builder.tests.tags,ValidEnumMethodTagTests,testValidEnumMethodTag5I,3,1,0
eclipse.pde.ui-20120217-1437,org.eclipse.pde.api.tools.builder.tests.tags,ValidEnumMethodTagTests,testValidEnumMethodTag5F,3,1,0
eclipse.pde.ui-20120217-1437,org.eclipse.pde.api.tools.builder.tests.tags,ValidEnumMethodTagTests,x5,3,1,1
eclipse.pde.ui-20120217-1437,org.eclipse.pde.api.tools.builder.tests.tags,ValidFieldTagTests,ValidFieldTagTests,3,1,1
eclipse.pde.ui-20120217-1437,org.eclipse.pde.api.tools.builder.tests.tags,ValidFieldTagTests,getAllTestClasses,4,1,0
eclipse.pde.ui-20120217-1437,org.eclipse.pde.api.tools.builder.tests.tags,ValidFieldTagTests,collectTests,32,2,1
eclipse.pde.ui-20120217-1437,org.eclipse.pde.api.tools.builder.tests.tags,ValidFieldTagTests,suite,5,1,0
eclipse.pde.ui-20120217-1437,org.eclipse.pde.api.tools.builder.tests.tags,ValidFieldTagTests,getTestSourcePath,3,1,0
eclipse.pde.ui-20120217-1437,org.eclipse.pde.api.tools.builder.tests.tags,ValidInterfaceFieldTagTests,ValidInterfaceFieldTagTests,3,1,1
eclipse.pde.ui-20120217-1437,org.eclipse.pde.api.tools.builder.tests.tags,ValidInterfaceFieldTagTests,getTestSourcePath,3,1,0
eclipse.pde.ui-20120217-1437,org.eclipse.pde.api.tools.builder.tests.tags,ValidInterfaceFieldTagTests,suite,3,1,0
eclipse.pde.ui-20120217-1437,org.eclipse.pde.api.tools.builder.tests.tags,ValidInterfaceFieldTagTests,testValidInterfaceFieldTag1I,3,1,0
eclipse.pde.ui-20120217-1437,org.eclipse.pde.api.tools.builder.tests.tags,ValidInterfaceFieldTagTests,testValidInterfaceFieldTag1F,3,1,0
eclipse.pde.ui-20120217-1437,org.eclipse.pde.api.tools.builder.tests.tags,ValidInterfaceFieldTagTests,x1,3,1,1
eclipse.pde.ui-20120217-1437,org.eclipse.pde.api.tools.builder.tests.tags,ValidInterfaceFieldTagTests,testValidInterfaceFieldTag2I,3,1,0
eclipse.pde.ui-20120217-1437,org.eclipse.pde.api.tools.builder.tests.tags,ValidInterfaceFieldTagTests,testValidInterfaceFieldTag2F,3,1,0
eclipse.pde.ui-20120217-1437,org.eclipse.pde.api.tools.builder.tests.tags,ValidInterfaceFieldTagTests,x2,3,1,1
eclipse.pde.ui-20120217-1437,org.eclipse.pde.api.tools.builder.tests.tags,ValidInterfaceFieldTagTests,testValidInterfaceFieldTag3I,3,1,0
eclipse.pde.ui-20120217-1437,org.eclipse.pde.api.tools.builder.tests.tags,ValidInterfaceFieldTagTests,testValidInterfaceFieldTag3F,3,1,0
eclipse.pde.ui-20120217-1437,org.eclipse.pde.api.tools.builder.tests.tags,ValidInterfaceFieldTagTests,x3,3,1,1
eclipse.pde.ui-20120217-1437,org.eclipse.pde.api.tools.builder.tests.tags,ValidInterfaceFieldTagTests,testValidInterfaceFieldTag4I,3,1,0
eclipse.pde.ui-20120217-1437,org.eclipse.pde.api.tools.builder.tests.tags,ValidInterfaceFieldTagTests,testValidInterfaceFieldTag4F,3,1,0
eclipse.pde.ui-20120217-1437,org.eclipse.pde.api.tools.builder.tests.tags,ValidInterfaceFieldTagTests,x4,3,1,1
eclipse.pde.ui-20120217-1437,org.eclipse.pde.api.tools.builder.tests.tags,ValidInterfaceMethodTagTests,ValidInterfaceMethodTagTests,3,1,1
eclipse.pde.ui-20120217-1437,org.eclipse.pde.api.tools.builder.tests.tags,ValidInterfaceMethodTagTests,getTestSourcePath,3,1,0
eclipse.pde.ui-20120217-1437,org.eclipse.pde.api.tools.builder.tests.tags,ValidInterfaceMethodTagTests,suite,3,1,0
eclipse.pde.ui-20120217-1437,org.eclipse.pde.api.tools.builder.tests.tags,ValidInterfaceMethodTagTests,testValidInterfaceMethodTag1I,3,1,0
eclipse.pde.ui-20120217-1437,org.eclipse.pde.api.tools.builder.tests.tags,ValidInterfaceMethodTagTests,testValidInterfaceMethodTag1F,3,1,0
eclipse.pde.ui-20120217-1437,org.eclipse.pde.api.tools.builder.tests.tags,ValidInterfaceMethodTagTests,x1,3,1,1
eclipse.pde.ui-20120217-1437,org.eclipse.pde.api.tools.builder.tests.tags,ValidInterfaceMethodTagTests,testValidInterfaceMethodTag2I,3,1,0
eclipse.pde.ui-20120217-1437,org.eclipse.pde.api.tools.builder.tests.tags,ValidInterfaceMethodTagTests,testValidInterfaceMethodTag2F,3,1,0
eclipse.pde.ui-20120217-1437,org.eclipse.pde.api.tools.builder.tests.tags,ValidInterfaceMethodTagTests,x2,3,1,1
eclipse.pde.ui-20120217-1437,org.eclipse.pde.api.tools.builder.tests.tags,ValidInterfaceMethodTagTests,testValidInterfaceMethodTag3I,3,1,0
eclipse.pde.ui-20120217-1437,org.eclipse.pde.api.tools.builder.tests.tags,ValidInterfaceMethodTagTests,testValidInterfaceMethodTag3F,3,1,0
eclipse.pde.ui-20120217-1437,org.eclipse.pde.api.tools.builder.tests.tags,ValidInterfaceMethodTagTests,x3,3,1,1
eclipse.pde.ui-20120217-1437,org.eclipse.pde.api.tools.builder.tests.tags,ValidInterfaceMethodTagTests,testValidInterfaceMethodTag4I,3,1,0
eclipse.pde.ui-20120217-1437,org.eclipse.pde.api.tools.builder.tests.tags,ValidInterfaceMethodTagTests,testValidInterfaceMethodTag4F,3,1,0
eclipse.pde.ui-20120217-1437,org.eclipse.pde.api.tools.builder.tests.tags,ValidInterfaceMethodTagTests,x4,3,1,1
eclipse.pde.ui-20120217-1437,org.eclipse.pde.api.tools.builder.tests.tags,ValidInterfaceMethodTagTests,testValidInterfaceMethodTag5I,3,1,0
eclipse.pde.ui-20120217-1437,org.eclipse.pde.api.tools.builder.tests.tags,ValidInterfaceMethodTagTests,testValidInterfaceMethodTag5F,3,1,0
eclipse.pde.ui-20120217-1437,org.eclipse.pde.api.tools.builder.tests.tags,ValidInterfaceMethodTagTests,x5,3,1,1
eclipse.pde.ui-20120217-1437,org.eclipse.pde.api.tools.builder.tests.tags,ValidInterfaceTagTests,ValidInterfaceTagTests,3,1,1
eclipse.pde.ui-20120217-1437,org.eclipse.pde.api.tools.builder.tests.tags,ValidInterfaceTagTests,suite,3,1,0
eclipse.pde.ui-20120217-1437,org.eclipse.pde.api.tools.builder.tests.tags,ValidInterfaceTagTests,getTestSourcePath,3,1,0
eclipse.pde.ui-20120217-1437,org.eclipse.pde.api.tools.builder.tests.tags,ValidInterfaceTagTests,testValidInterfaceTag1I,3,1,0
eclipse.pde.ui-20120217-1437,org.eclipse.pde.api.tools.builder.tests.tags,ValidInterfaceTagTests,testValidInterfaceTag1F,3,1,0
eclipse.pde.ui-20120217-1437,org.eclipse.pde.api.tools.builder.tests.tags,ValidInterfaceTagTests,x1,3,1,1
eclipse.pde.ui-20120217-1437,org.eclipse.pde.api.tools.builder.tests.tags,ValidInterfaceTagTests,testValidInterfaceTag2I,3,1,0
eclipse.pde.ui-20120217-1437,org.eclipse.pde.api.tools.builder.tests.tags,ValidInterfaceTagTests,testValidInterfaceTag2F,3,1,0
eclipse.pde.ui-20120217-1437,org.eclipse.pde.api.tools.builder.tests.tags,ValidInterfaceTagTests,x2,3,1,1
eclipse.pde.ui-20120217-1437,org.eclipse.pde.api.tools.builder.tests.tags,ValidInterfaceTagTests,testValidInterfaceTag3I,3,1,0
eclipse.pde.ui-20120217-1437,org.eclipse.pde.api.tools.builder.tests.tags,ValidInterfaceTagTests,testValidInterfaceTag3F,3,1,0
eclipse.pde.ui-20120217-1437,org.eclipse.pde.api.tools.builder.tests.tags,ValidInterfaceTagTests,x3,3,1,1
eclipse.pde.ui-20120217-1437,org.eclipse.pde.api.tools.builder.tests.tags,ValidInterfaceTagTests,testValidInterfaceTag4I,3,1,0
eclipse.pde.ui-20120217-1437,org.eclipse.pde.api.tools.builder.tests.tags,ValidInterfaceTagTests,testValidInterfaceTag4F,3,1,0
eclipse.pde.ui-20120217-1437,org.eclipse.pde.api.tools.builder.tests.tags,ValidInterfaceTagTests,x4,3,1,1
eclipse.pde.ui-20120217-1437,org.eclipse.pde.api.tools.builder.tests.tags,ValidInterfaceTagTests,testValidInterfaceTag5I,3,1,0
eclipse.pde.ui-20120217-1437,org.eclipse.pde.api.tools.builder.tests.tags,ValidInterfaceTagTests,testValidInterfaceTag5F,3,1,0
eclipse.pde.ui-20120217-1437,org.eclipse.pde.api.tools.builder.tests.tags,ValidInterfaceTagTests,x5,3,1,1
eclipse.pde.ui-20120217-1437,org.eclipse.pde.api.tools.builder.tests.tags,ValidInterfaceTagTests,testInvalidInterfaceTag6I,3,1,0
eclipse.pde.ui-20120217-1437,org.eclipse.pde.api.tools.builder.tests.tags,ValidInterfaceTagTests,testInvalidInterfaceTag6F,3,1,0
eclipse.pde.ui-20120217-1437,org.eclipse.pde.api.tools.builder.tests.tags,ValidInterfaceTagTests,x6,3,1,1
eclipse.pde.ui-20120217-1437,org.eclipse.pde.api.tools.builder.tests.tags,ValidInterfaceTagTests,testInvalidInterfaceTag7I,3,1,0
eclipse.pde.ui-20120217-1437,org.eclipse.pde.api.tools.builder.tests.tags,ValidInterfaceTagTests,testInvalidInterfaceTag7F,3,1,0
eclipse.pde.ui-20120217-1437,org.eclipse.pde.api.tools.builder.tests.tags,ValidInterfaceTagTests,x7,3,1,1
eclipse.pde.ui-20120217-1437,org.eclipse.pde.api.tools.builder.tests.tags,ValidMethodTagTests,ValidMethodTagTests,3,1,1
eclipse.pde.ui-20120217-1437,org.eclipse.pde.api.tools.builder.tests.tags,ValidMethodTagTests,suite,5,1,0
eclipse.pde.ui-20120217-1437,org.eclipse.pde.api.tools.builder.tests.tags,ValidMethodTagTests,getTestSourcePath,3,1,0
eclipse.pde.ui-20120217-1437,org.eclipse.pde.api.tools.builder.tests.tags,ValidMethodTagTests,getAllTestClasses,4,1,0
eclipse.pde.ui-20120217-1437,org.eclipse.pde.api.tools.builder.tests.tags,ValidMethodTagTests,collectTests,32,2,1
eclipse.pde.ui-20120217-1437,org.eclipse.pde.api.tools.builder.tests.usage,ClassUsageTests,ClassUsageTests,3,1,1
eclipse.pde.ui-20120217-1437,org.eclipse.pde.api.tools.builder.tests.usage,ClassUsageTests,getDefaultProblemId,3,1,0
eclipse.pde.ui-20120217-1437,org.eclipse.pde.api.tools.builder.tests.usage,ClassUsageTests,getProblemId,3,1,2
eclipse.pde.ui-20120217-1437,org.eclipse.pde.api.tools.builder.tests.usage,ClassUsageTests,suite,3,1,0
eclipse.pde.ui-20120217-1437,org.eclipse.pde.api.tools.builder.tests.usage,ClassUsageTests,getTestSourcePath,3,1,0
eclipse.pde.ui-20120217-1437,org.eclipse.pde.api.tools.builder.tests.usage,ClassUsageTests,testClassUsageTests1F,3,1,0
eclipse.pde.ui-20120217-1437,org.eclipse.pde.api.tools.builder.tests.usage,ClassUsageTests,testClassUsageTests1I,3,1,0
eclipse.pde.ui-20120217-1437,org.eclipse.pde.api.tools.builder.tests.usage,ClassUsageTests,x1,6,1,1
eclipse.pde.ui-20120217-1437,org.eclipse.pde.api.tools.builder.tests.usage,ClassUsageTests,testClassUsageTests2F,3,1,0
eclipse.pde.ui-20120217-1437,org.eclipse.pde.api.tools.builder.tests.usage,ClassUsageTests,testClassUsageTests2I,3,1,0
eclipse.pde.ui-20120217-1437,org.eclipse.pde.api.tools.builder.tests.usage,ClassUsageTests,x2,6,1,1
eclipse.pde.ui-20120217-1437,org.eclipse.pde.api.tools.builder.tests.usage,ClassUsageTests,testClassIndirectImplements1F,3,1,0
eclipse.pde.ui-20120217-1437,org.eclipse.pde.api.tools.builder.tests.usage,ClassUsageTests,testClassIndirectImplements1I,3,1,0
eclipse.pde.ui-20120217-1437,org.eclipse.pde.api.tools.builder.tests.usage,ClassUsageTests,x3,6,1,1
eclipse.pde.ui-20120217-1437,org.eclipse.pde.api.tools.builder.tests.usage,ClassUsageTests,testClassIndirectImplements2F,3,1,0
eclipse.pde.ui-20120217-1437,org.eclipse.pde.api.tools.builder.tests.usage,ClassUsageTests,testClassIndirectImplements2I,3,1,0
eclipse.pde.ui-20120217-1437,org.eclipse.pde.api.tools.builder.tests.usage,ClassUsageTests,x4,4,1,1
eclipse.pde.ui-20120217-1437,org.eclipse.pde.api.tools.builder.tests.usage,ClassUsageTests,testClassIndirectImplements3F,3,1,0
eclipse.pde.ui-20120217-1437,org.eclipse.pde.api.tools.builder.tests.usage,ClassUsageTests,testClassIndirectImplements3I,3,1,0
eclipse.pde.ui-20120217-1437,org.eclipse.pde.api.tools.builder.tests.usage,ClassUsageTests,x5,6,1,1
eclipse.pde.ui-20120217-1437,org.eclipse.pde.api.tools.builder.tests.usage,ClassUsageTests,testClassIndirectImplements4F,3,1,0
eclipse.pde.ui-20120217-1437,org.eclipse.pde.api.tools.builder.tests.usage,ClassUsageTests,testClassIndirectImplements4I,3,1,0
eclipse.pde.ui-20120217-1437,org.eclipse.pde.api.tools.builder.tests.usage,ClassUsageTests,x6,4,1,1
eclipse.pde.ui-20120217-1437,org.eclipse.pde.api.tools.builder.tests.usage,ClassUsageTests,testClassIndirectImplements5F,3,1,0
eclipse.pde.ui-20120217-1437,org.eclipse.pde.api.tools.builder.tests.usage,ClassUsageTests,testClassIndirectImplements5I,3,1,0
eclipse.pde.ui-20120217-1437,org.eclipse.pde.api.tools.builder.tests.usage,ClassUsageTests,x7,4,1,1
eclipse.pde.ui-20120217-1437,org.eclipse.pde.api.tools.builder.tests.usage,ClassUsageTests,testClassIndirectImplements6F,3,1,0
eclipse.pde.ui-20120217-1437,org.eclipse.pde.api.tools.builder.tests.usage,ClassUsageTests,testClassIndirectImplements6I,3,1,0
eclipse.pde.ui-20120217-1437,org.eclipse.pde.api.tools.builder.tests.usage,ClassUsageTests,x8,4,1,1
eclipse.pde.ui-20120217-1437,org.eclipse.pde.api.tools.builder.tests.usage,ClassUsageTests,testClassIndirectImplements7F,3,1,0
eclipse.pde.ui-20120217-1437,org.eclipse.pde.api.tools.builder.tests.usage,ClassUsageTests,testClassIndirectImplements7I,3,1,0
eclipse.pde.ui-20120217-1437,org.eclipse.pde.api.tools.builder.tests.usage,ClassUsageTests,x9,6,1,1
eclipse.pde.ui-20120217-1437,org.eclipse.pde.api.tools.builder.tests.usage,ClassUsageTests,testAnonymousClassExtends2F,3,1,0
eclipse.pde.ui-20120217-1437,org.eclipse.pde.api.tools.builder.tests.usage,ClassUsageTests,testAnonymousClassExtends2I,3,1,0
eclipse.pde.ui-20120217-1437,org.eclipse.pde.api.tools.builder.tests.usage,ClassUsageTests,x11,6,1,1
eclipse.pde.ui-20120217-1437,org.eclipse.pde.api.tools.builder.tests.usage,ClassUsageTests,testAnonymousClassExtends3F,3,1,0
eclipse.pde.ui-20120217-1437,org.eclipse.pde.api.tools.builder.tests.usage,ClassUsageTests,testAnonymousClassExtends3I,3,1,0
eclipse.pde.ui-20120217-1437,org.eclipse.pde.api.tools.builder.tests.usage,ClassUsageTests,x12,6,1,1
eclipse.pde.ui-20120217-1437,org.eclipse.pde.api.tools.builder.tests.usage,ClassUsageTests,testAnonymousClassExtends4F,3,1,0
eclipse.pde.ui-20120217-1437,org.eclipse.pde.api.tools.builder.tests.usage,ClassUsageTests,testAnonymousClassExtends4I,3,1,0
eclipse.pde.ui-20120217-1437,org.eclipse.pde.api.tools.builder.tests.usage,ClassUsageTests,x13,6,1,1
eclipse.pde.ui-20120217-1437,org.eclipse.pde.api.tools.builder.tests.usage,ClassUsageTests,testAnonymousClassExtends6F,3,1,0
eclipse.pde.ui-20120217-1437,org.eclipse.pde.api.tools.builder.tests.usage,ClassUsageTests,testAnonymousClassExtends6I,3,1,0
eclipse.pde.ui-20120217-1437,org.eclipse.pde.api.tools.builder.tests.usage,ClassUsageTests,x15,6,1,1
eclipse.pde.ui-20120217-1437,org.eclipse.pde.api.tools.builder.tests.usage,ClassUsageTests,testAnonymousClassExtends7F,3,1,0
eclipse.pde.ui-20120217-1437,org.eclipse.pde.api.tools.builder.tests.usage,ClassUsageTests,testAnonymousClassExtends7I,3,1,0
eclipse.pde.ui-20120217-1437,org.eclipse.pde.api.tools.builder.tests.usage,ClassUsageTests,x18,6,1,1
eclipse.pde.ui-20120217-1437,org.eclipse.pde.api.tools.builder.tests.usage,ClassUsageTests,testLocalClassExtends1F,3,1,0
eclipse.pde.ui-20120217-1437,org.eclipse.pde.api.tools.builder.tests.usage,ClassUsageTests,testLocalClassExtends1I,3,1,0
eclipse.pde.ui-20120217-1437,org.eclipse.pde.api.tools.builder.tests.usage,ClassUsageTests,x16,8,1,1
eclipse.pde.ui-20120217-1437,org.eclipse.pde.api.tools.builder.tests.usage,ClassUsageTests,testLocalClassExtends2F,3,1,0
eclipse.pde.ui-20120217-1437,org.eclipse.pde.api.tools.builder.tests.usage,ClassUsageTests,testLocalClassExtends2I,3,1,0
eclipse.pde.ui-20120217-1437,org.eclipse.pde.api.tools.builder.tests.usage,ClassUsageTests,x14,6,1,1
eclipse.pde.ui-20120217-1437,org.eclipse.pde.api.tools.builder.tests.usage,ClassUsageTests,testLocalClassExtends3F,3,1,0
eclipse.pde.ui-20120217-1437,org.eclipse.pde.api.tools.builder.tests.usage,ClassUsageTests,testLocalClassExtends3I,3,1,0
eclipse.pde.ui-20120217-1437,org.eclipse.pde.api.tools.builder.tests.usage,ClassUsageTests,x17,6,1,1
eclipse.pde.ui-20120217-1437,org.eclipse.pde.api.tools.builder.tests.usage,ClassUsageTests,testLocalClassExtends4F,3,1,0
eclipse.pde.ui-20120217-1437,org.eclipse.pde.api.tools.builder.tests.usage,ClassUsageTests,testLocalClassExtends4I,3,1,0
eclipse.pde.ui-20120217-1437,org.eclipse.pde.api.tools.builder.tests.usage,ClassUsageTests,x10,6,1,1
eclipse.pde.ui-20120217-1437,org.eclipse.pde.api.tools.builder.tests.usage,ConstructorUsageTests,ConstructorUsageTests,3,1,1
eclipse.pde.ui-20120217-1437,org.eclipse.pde.api.tools.builder.tests.usage,ConstructorUsageTests,getDefaultProblemId,6,2,0
eclipse.pde.ui-20120217-1437,org.eclipse.pde.api.tools.builder.tests.usage,ConstructorUsageTests,suite,3,1,0
eclipse.pde.ui-20120217-1437,org.eclipse.pde.api.tools.builder.tests.usage,ConstructorUsageTests,getTestSourcePath,3,1,0
eclipse.pde.ui-20120217-1437,org.eclipse.pde.api.tools.builder.tests.usage,ConstructorUsageTests,testConstructorUsageTests1F,3,1,0
eclipse.pde.ui-20120217-1437,org.eclipse.pde.api.tools.builder.tests.usage,ConstructorUsageTests,testConstructorUsageTests1I,3,1,0
eclipse.pde.ui-20120217-1437,org.eclipse.pde.api.tools.builder.tests.usage,ConstructorUsageTests,x1,6,1,1
eclipse.pde.ui-20120217-1437,org.eclipse.pde.api.tools.builder.tests.usage,DependentUsageTests,DependentUsageTests,3,1,1
eclipse.pde.ui-20120217-1437,org.eclipse.pde.api.tools.builder.tests.usage,DependentUsageTests,suite,3,1,0
eclipse.pde.ui-20120217-1437,org.eclipse.pde.api.tools.builder.tests.usage,DependentUsageTests,getDefaultProblemId,3,1,0
eclipse.pde.ui-20120217-1437,org.eclipse.pde.api.tools.builder.tests.usage,DependentUsageTests,getTestSourcePath,3,1,1
eclipse.pde.ui-20120217-1437,org.eclipse.pde.api.tools.builder.tests.usage,DependentUsageTests,getReplacementType,3,1,3
eclipse.pde.ui-20120217-1437,org.eclipse.pde.api.tools.builder.tests.usage,DependentUsageTests,getTestSource,3,1,1
eclipse.pde.ui-20120217-1437,org.eclipse.pde.api.tools.builder.tests.usage,DependentUsageTests,deployTest,30,3,5
eclipse.pde.ui-20120217-1437,org.eclipse.pde.api.tools.builder.tests.usage,DependentUsageTests,testAddExtendRestriction,3,1,0
eclipse.pde.ui-20120217-1437,org.eclipse.pde.api.tools.builder.tests.usage,DependentUsageTests,testRemoveExtendRestriction,3,1,0
eclipse.pde.ui-20120217-1437,org.eclipse.pde.api.tools.builder.tests.usage,DependentUsageTests,test1,5,1,1
eclipse.pde.ui-20120217-1437,org.eclipse.pde.api.tools.builder.tests.usage,DependentUsageTests,testAddImplementsRestriction,3,1,0
eclipse.pde.ui-20120217-1437,org.eclipse.pde.api.tools.builder.tests.usage,DependentUsageTests,testRemoveImplementRestriction,3,1,0
eclipse.pde.ui-20120217-1437,org.eclipse.pde.api.tools.builder.tests.usage,DependentUsageTests,test2,5,1,1
eclipse.pde.ui-20120217-1437,org.eclipse.pde.api.tools.builder.tests.usage,DependentUsageTests,testAddInstantiateRestriction,3,1,0
eclipse.pde.ui-20120217-1437,org.eclipse.pde.api.tools.builder.tests.usage,DependentUsageTests,testRemoveInstantiateRestriction,3,1,0
eclipse.pde.ui-20120217-1437,org.eclipse.pde.api.tools.builder.tests.usage,DependentUsageTests,test3,5,1,1
eclipse.pde.ui-20120217-1437,org.eclipse.pde.api.tools.builder.tests.usage,DependentUsageTests,testAddReferenceConstructorRestriction,3,1,0
eclipse.pde.ui-20120217-1437,org.eclipse.pde.api.tools.builder.tests.usage,DependentUsageTests,testRemoveReferenceConstructorRestriction,3,1,0
eclipse.pde.ui-20120217-1437,org.eclipse.pde.api.tools.builder.tests.usage,DependentUsageTests,test4,5,1,1
eclipse.pde.ui-20120217-1437,org.eclipse.pde.api.tools.builder.tests.usage,DependentUsageTests,testAddReferenceFieldRestriction,3,1,0
eclipse.pde.ui-20120217-1437,org.eclipse.pde.api.tools.builder.tests.usage,DependentUsageTests,testRemoveReferenceFieldRestriction,3,1,0
eclipse.pde.ui-20120217-1437,org.eclipse.pde.api.tools.builder.tests.usage,DependentUsageTests,test5,5,1,1
eclipse.pde.ui-20120217-1437,org.eclipse.pde.api.tools.builder.tests.usage,DependentUsageTests,testAddReferenceMethodRestriction,3,1,0
eclipse.pde.ui-20120217-1437,org.eclipse.pde.api.tools.builder.tests.usage,DependentUsageTests,testRemoveReferenceMethodRestriction,3,1,0
eclipse.pde.ui-20120217-1437,org.eclipse.pde.api.tools.builder.tests.usage,DependentUsageTests,test6,5,1,1
eclipse.pde.ui-20120217-1437,org.eclipse.pde.api.tools.builder.tests.usage,DependentUsageTests,testAddOverrideRestriction,3,1,0
eclipse.pde.ui-20120217-1437,org.eclipse.pde.api.tools.builder.tests.usage,DependentUsageTests,testRemoveOverrideRestriction,3,1,0
eclipse.pde.ui-20120217-1437,org.eclipse.pde.api.tools.builder.tests.usage,DependentUsageTests,test7,5,1,1
eclipse.pde.ui-20120217-1437,org.eclipse.pde.api.tools.builder.tests.usage,DependentUsageTests,testAddExtendInterfaceRestriction,3,1,0
eclipse.pde.ui-20120217-1437,org.eclipse.pde.api.tools.builder.tests.usage,DependentUsageTests,testRemoveExtendInterfaceRestriction,3,1,0
eclipse.pde.ui-20120217-1437,org.eclipse.pde.api.tools.builder.tests.usage,DependentUsageTests,test8,5,1,1
eclipse.pde.ui-20120217-1437,org.eclipse.pde.api.tools.builder.tests.usage,DependentUsageTests,testAddExtendInstantiateRestriction,3,1,0
eclipse.pde.ui-20120217-1437,org.eclipse.pde.api.tools.builder.tests.usage,DependentUsageTests,testRemoveExtendInstantiateRestriction,3,1,0
eclipse.pde.ui-20120217-1437,org.eclipse.pde.api.tools.builder.tests.usage,DependentUsageTests,test9,5,1,1
eclipse.pde.ui-20120217-1437,org.eclipse.pde.api.tools.builder.tests.usage,DependentUsageTests,testAddExtendImplementRestriction,3,1,0
eclipse.pde.ui-20120217-1437,org.eclipse.pde.api.tools.builder.tests.usage,DependentUsageTests,testRemoveExtendImplementRestriction,3,1,0
eclipse.pde.ui-20120217-1437,org.eclipse.pde.api.tools.builder.tests.usage,DependentUsageTests,test10,5,1,1
eclipse.pde.ui-20120217-1437,org.eclipse.pde.api.tools.builder.tests.usage,DependentUsageTests,testAddExtendRestrictionMultiPartPackageName,3,1,0
eclipse.pde.ui-20120217-1437,org.eclipse.pde.api.tools.builder.tests.usage,DependentUsageTests,testRemoveExtendRestrictionMultiPartPackageName,3,1,0
eclipse.pde.ui-20120217-1437,org.eclipse.pde.api.tools.builder.tests.usage,DependentUsageTests,test11,5,1,1
eclipse.pde.ui-20120217-1437,org.eclipse.pde.api.tools.builder.tests.usage,DependentUsageTests,testAddInstantiateRestrictionMultiPartPackageName,3,1,0
eclipse.pde.ui-20120217-1437,org.eclipse.pde.api.tools.builder.tests.usage,DependentUsageTests,testRemoveInstantiateRestrictionMultiPartPackageName,3,1,0
eclipse.pde.ui-20120217-1437,org.eclipse.pde.api.tools.builder.tests.usage,DependentUsageTests,test12,5,1,1
eclipse.pde.ui-20120217-1437,org.eclipse.pde.api.tools.builder.tests.usage,FieldUsageTests,FieldUsageTests,3,1,1
eclipse.pde.ui-20120217-1437,org.eclipse.pde.api.tools.builder.tests.usage,FieldUsageTests,getDefaultProblemId,6,2,0
eclipse.pde.ui-20120217-1437,org.eclipse.pde.api.tools.builder.tests.usage,FieldUsageTests,getTestSourcePath,3,1,0
eclipse.pde.ui-20120217-1437,org.eclipse.pde.api.tools.builder.tests.usage,FieldUsageTests,suite,3,1,0
eclipse.pde.ui-20120217-1437,org.eclipse.pde.api.tools.builder.tests.usage,FieldUsageTests,testFieldUsage1F,3,1,0
eclipse.pde.ui-20120217-1437,org.eclipse.pde.api.tools.builder.tests.usage,FieldUsageTests,testFieldUsage1I,3,1,0
eclipse.pde.ui-20120217-1437,org.eclipse.pde.api.tools.builder.tests.usage,FieldUsageTests,x1,6,1,1
eclipse.pde.ui-20120217-1437,org.eclipse.pde.api.tools.builder.tests.usage,FieldUsageTests,testFieldUsage2F,3,1,0
eclipse.pde.ui-20120217-1437,org.eclipse.pde.api.tools.builder.tests.usage,FieldUsageTests,testFieldUsage2I,3,1,0
eclipse.pde.ui-20120217-1437,org.eclipse.pde.api.tools.builder.tests.usage,FieldUsageTests,x2,6,1,1
eclipse.pde.ui-20120217-1437,org.eclipse.pde.api.tools.builder.tests.usage,FieldUsageTests,testFieldUsage3F,3,1,0
eclipse.pde.ui-20120217-1437,org.eclipse.pde.api.tools.builder.tests.usage,FieldUsageTests,testFieldUsage3I,3,1,0
eclipse.pde.ui-20120217-1437,org.eclipse.pde.api.tools.builder.tests.usage,FieldUsageTests,x3,5,1,1
eclipse.pde.ui-20120217-1437,org.eclipse.pde.api.tools.builder.tests.usage,FieldUsageTests,testFieldUsage4F,3,1,0
eclipse.pde.ui-20120217-1437,org.eclipse.pde.api.tools.builder.tests.usage,FieldUsageTests,testFieldUsage4I,3,1,0
eclipse.pde.ui-20120217-1437,org.eclipse.pde.api.tools.builder.tests.usage,FieldUsageTests,x4,5,1,1
eclipse.pde.ui-20120217-1437,org.eclipse.pde.api.tools.builder.tests.usage,FieldUsageTests,testFieldUsage5F,3,1,0
eclipse.pde.ui-20120217-1437,org.eclipse.pde.api.tools.builder.tests.usage,FieldUsageTests,testFieldUsage5I,3,1,0
eclipse.pde.ui-20120217-1437,org.eclipse.pde.api.tools.builder.tests.usage,FieldUsageTests,x5,5,1,1
eclipse.pde.ui-20120217-1437,org.eclipse.pde.api.tools.builder.tests.usage,FieldUsageTests,testFieldUsage6F,3,1,0
eclipse.pde.ui-20120217-1437,org.eclipse.pde.api.tools.builder.tests.usage,FieldUsageTests,testFieldUsage6I,3,1,0
eclipse.pde.ui-20120217-1437,org.eclipse.pde.api.tools.builder.tests.usage,FieldUsageTests,x6,6,1,1
eclipse.pde.ui-20120217-1437,org.eclipse.pde.api.tools.builder.tests.usage,FragmentUsageTests,FragmentUsageTests,3,1,1
eclipse.pde.ui-20120217-1437,org.eclipse.pde.api.tools.builder.tests.usage,FragmentUsageTests,getDefaultProblemId,3,1,0
eclipse.pde.ui-20120217-1437,org.eclipse.pde.api.tools.builder.tests.usage,FragmentUsageTests,getTestCompliance,3,1,0
eclipse.pde.ui-20120217-1437,org.eclipse.pde.api.tools.builder.tests.usage,FragmentUsageTests,suite,3,1,0
eclipse.pde.ui-20120217-1437,org.eclipse.pde.api.tools.builder.tests.usage,FragmentUsageTests,getTestSourcePath,3,1,0
eclipse.pde.ui-20120217-1437,org.eclipse.pde.api.tools.builder.tests.usage,FragmentUsageTests,getTestingProjectName,3,1,0
eclipse.pde.ui-20120217-1437,org.eclipse.pde.api.tools.builder.tests.usage,FragmentUsageTests,testClassExtendsI,3,1,0
eclipse.pde.ui-20120217-1437,org.eclipse.pde.api.tools.builder.tests.usage,FragmentUsageTests,testClassExtendsF,3,1,0
eclipse.pde.ui-20120217-1437,org.eclipse.pde.api.tools.builder.tests.usage,FragmentUsageTests,x1,4,1,1
eclipse.pde.ui-20120217-1437,org.eclipse.pde.api.tools.builder.tests.usage,FragmentUsageTests,testImplementsI,3,1,0
eclipse.pde.ui-20120217-1437,org.eclipse.pde.api.tools.builder.tests.usage,FragmentUsageTests,testImplementsF,3,1,0
eclipse.pde.ui-20120217-1437,org.eclipse.pde.api.tools.builder.tests.usage,FragmentUsageTests,x2,4,1,1
eclipse.pde.ui-20120217-1437,org.eclipse.pde.api.tools.builder.tests.usage,FragmentUsageTests,testInstantiateI,3,1,0
eclipse.pde.ui-20120217-1437,org.eclipse.pde.api.tools.builder.tests.usage,FragmentUsageTests,testInstantiateF,3,1,0
eclipse.pde.ui-20120217-1437,org.eclipse.pde.api.tools.builder.tests.usage,FragmentUsageTests,x3,4,1,1
eclipse.pde.ui-20120217-1437,org.eclipse.pde.api.tools.builder.tests.usage,FragmentUsageTests,testConstNoRefI,3,1,0
eclipse.pde.ui-20120217-1437,org.eclipse.pde.api.tools.builder.tests.usage,FragmentUsageTests,testConstNoRefF,3,1,0
eclipse.pde.ui-20120217-1437,org.eclipse.pde.api.tools.builder.tests.usage,FragmentUsageTests,x4,4,1,1
eclipse.pde.ui-20120217-1437,org.eclipse.pde.api.tools.builder.tests.usage,FragmentUsageTests,testFieldNoRefI,3,1,0
eclipse.pde.ui-20120217-1437,org.eclipse.pde.api.tools.builder.tests.usage,FragmentUsageTests,testFieldNoRefF,3,1,0
eclipse.pde.ui-20120217-1437,org.eclipse.pde.api.tools.builder.tests.usage,FragmentUsageTests,x5,4,1,1
eclipse.pde.ui-20120217-1437,org.eclipse.pde.api.tools.builder.tests.usage,FragmentUsageTests,testOverrideI,3,1,0
eclipse.pde.ui-20120217-1437,org.eclipse.pde.api.tools.builder.tests.usage,FragmentUsageTests,testOverrideF,3,1,0
eclipse.pde.ui-20120217-1437,org.eclipse.pde.api.tools.builder.tests.usage,FragmentUsageTests,x6,4,1,1
eclipse.pde.ui-20120217-1437,org.eclipse.pde.api.tools.builder.tests.usage,FragmentUsageTests,testIExtendsI,3,1,0
eclipse.pde.ui-20120217-1437,org.eclipse.pde.api.tools.builder.tests.usage,FragmentUsageTests,testIExtendsF,3,1,0
eclipse.pde.ui-20120217-1437,org.eclipse.pde.api.tools.builder.tests.usage,FragmentUsageTests,x7,4,1,1
eclipse.pde.ui-20120217-1437,org.eclipse.pde.api.tools.builder.tests.usage,InterfaceUsageTests,InterfaceUsageTests,3,1,1
eclipse.pde.ui-20120217-1437,org.eclipse.pde.api.tools.builder.tests.usage,InterfaceUsageTests,getDefaultProblemId,3,1,0
eclipse.pde.ui-20120217-1437,org.eclipse.pde.api.tools.builder.tests.usage,InterfaceUsageTests,getProblemId,3,1,2
eclipse.pde.ui-20120217-1437,org.eclipse.pde.api.tools.builder.tests.usage,InterfaceUsageTests,getTestSourcePath,3,1,0
eclipse.pde.ui-20120217-1437,org.eclipse.pde.api.tools.builder.tests.usage,InterfaceUsageTests,suite,3,1,0
eclipse.pde.ui-20120217-1437,org.eclipse.pde.api.tools.builder.tests.usage,InterfaceUsageTests,testInterfaceUsageTests1F,3,1,0
eclipse.pde.ui-20120217-1437,org.eclipse.pde.api.tools.builder.tests.usage,InterfaceUsageTests,testInterfaceUsageTests1I,3,1,0
eclipse.pde.ui-20120217-1437,org.eclipse.pde.api.tools.builder.tests.usage,InterfaceUsageTests,x1,4,1,1
eclipse.pde.ui-20120217-1437,org.eclipse.pde.api.tools.builder.tests.usage,InterfaceUsageTests,testInterfaceUsageTests2F,3,1,0
eclipse.pde.ui-20120217-1437,org.eclipse.pde.api.tools.builder.tests.usage,InterfaceUsageTests,testInterfaceUsageTests2I,3,1,0
eclipse.pde.ui-20120217-1437,org.eclipse.pde.api.tools.builder.tests.usage,InterfaceUsageTests,x2,6,1,1
eclipse.pde.ui-20120217-1437,org.eclipse.pde.api.tools.builder.tests.usage,InterfaceUsageTests,testIllegalExtendInterfaceF,3,1,0
eclipse.pde.ui-20120217-1437,org.eclipse.pde.api.tools.builder.tests.usage,InterfaceUsageTests,testIllegalExtendInterfaceI,3,1,0
eclipse.pde.ui-20120217-1437,org.eclipse.pde.api.tools.builder.tests.usage,InterfaceUsageTests,x3,5,1,1
eclipse.pde.ui-20120217-1437,org.eclipse.pde.api.tools.builder.tests.usage,Java5ClassUsageTests,Java5ClassUsageTests,3,1,1
eclipse.pde.ui-20120217-1437,org.eclipse.pde.api.tools.builder.tests.usage,Java5ClassUsageTests,getTestCompliance,3,1,0
eclipse.pde.ui-20120217-1437,org.eclipse.pde.api.tools.builder.tests.usage,Java5ClassUsageTests,suite,3,1,0
eclipse.pde.ui-20120217-1437,org.eclipse.pde.api.tools.builder.tests.usage,Java5ClassUsageTests,x1,6,1,1
eclipse.pde.ui-20120217-1437,org.eclipse.pde.api.tools.builder.tests.usage,Java5ClassUsageTests,testAnonymousTypeGenericMethod1F,3,1,0
eclipse.pde.ui-20120217-1437,org.eclipse.pde.api.tools.builder.tests.usage,Java5ClassUsageTests,testAnonymousTypeGenericMethod1I,3,1,0
eclipse.pde.ui-20120217-1437,org.eclipse.pde.api.tools.builder.tests.usage,Java5ClassUsageTests,x2,6,1,1
eclipse.pde.ui-20120217-1437,org.eclipse.pde.api.tools.builder.tests.usage,Java5ClassUsageTests,testAnonymousTypeGenericMethod2F,3,1,0
eclipse.pde.ui-20120217-1437,org.eclipse.pde.api.tools.builder.tests.usage,Java5ClassUsageTests,testAnonymousTypeGenericMethod2I,3,1,0
eclipse.pde.ui-20120217-1437,org.eclipse.pde.api.tools.builder.tests.usage,Java5ClassUsageTests,x3,6,1,1
eclipse.pde.ui-20120217-1437,org.eclipse.pde.api.tools.builder.tests.usage,Java5ClassUsageTests,testAnonymousTypeGenericMethod3F,3,1,0
eclipse.pde.ui-20120217-1437,org.eclipse.pde.api.tools.builder.tests.usage,Java5ClassUsageTests,testAnonymousTypeGenericMethod3I,3,1,0
eclipse.pde.ui-20120217-1437,org.eclipse.pde.api.tools.builder.tests.usage,Java5ClassUsageTests,x4,6,1,1
eclipse.pde.ui-20120217-1437,org.eclipse.pde.api.tools.builder.tests.usage,Java5ClassUsageTests,testAnonymousTypeGenericField1F,3,1,0
eclipse.pde.ui-20120217-1437,org.eclipse.pde.api.tools.builder.tests.usage,Java5ClassUsageTests,testAnonymousTypeGenericField1I,3,1,0
eclipse.pde.ui-20120217-1437,org.eclipse.pde.api.tools.builder.tests.usage,Java5ClassUsageTests,x5,6,1,1
eclipse.pde.ui-20120217-1437,org.eclipse.pde.api.tools.builder.tests.usage,Java5ClassUsageTests,testLocalTypeGeneicMethod1F,3,1,0
eclipse.pde.ui-20120217-1437,org.eclipse.pde.api.tools.builder.tests.usage,Java5ClassUsageTests,testLocalTypeGeneircMethod1I,3,1,0
eclipse.pde.ui-20120217-1437,org.eclipse.pde.api.tools.builder.tests.usage,Java5ClassUsageTests,x6,6,1,1
eclipse.pde.ui-20120217-1437,org.eclipse.pde.api.tools.builder.tests.usage,Java5ClassUsageTests,testLocalTypeGeneicMethod2F,3,1,0
eclipse.pde.ui-20120217-1437,org.eclipse.pde.api.tools.builder.tests.usage,Java5ClassUsageTests,testLocalTypeGeneircMethod2I,3,1,0
eclipse.pde.ui-20120217-1437,org.eclipse.pde.api.tools.builder.tests.usage,Java5ClassUsageTests,testGenericInstantiate1F,3,1,0
eclipse.pde.ui-20120217-1437,org.eclipse.pde.api.tools.builder.tests.usage,Java5ClassUsageTests,testGenericInstantiate1I,3,1,0
eclipse.pde.ui-20120217-1437,org.eclipse.pde.api.tools.builder.tests.usage,Java5ClassUsageTests,x7,6,1,1
eclipse.pde.ui-20120217-1437,org.eclipse.pde.api.tools.builder.tests.usage,Java5ClassUsageTests,testLocalClassExtends1F,3,1,0
eclipse.pde.ui-20120217-1437,org.eclipse.pde.api.tools.builder.tests.usage,Java5ClassUsageTests,testLocalClassExtends1I,3,1,0
eclipse.pde.ui-20120217-1437,org.eclipse.pde.api.tools.builder.tests.usage,Java5ClassUsageTests,x8,8,1,1
eclipse.pde.ui-20120217-1437,org.eclipse.pde.api.tools.builder.tests.usage,Java5ClassUsageTests,testAnonymousClassExtends2F,3,1,0
eclipse.pde.ui-20120217-1437,org.eclipse.pde.api.tools.builder.tests.usage,Java5ClassUsageTests,testAnonymousClassExtends2I,3,1,0
eclipse.pde.ui-20120217-1437,org.eclipse.pde.api.tools.builder.tests.usage,Java5ClassUsageTests,x9,6,1,1
eclipse.pde.ui-20120217-1437,org.eclipse.pde.api.tools.builder.tests.usage,Java5ClassUsageTests,testAnonymousClassExtends3F,3,1,0
eclipse.pde.ui-20120217-1437,org.eclipse.pde.api.tools.builder.tests.usage,Java5ClassUsageTests,testAnonymousClassExtends3I,3,1,0
eclipse.pde.ui-20120217-1437,org.eclipse.pde.api.tools.builder.tests.usage,Java5ClassUsageTests,x10,6,1,1
eclipse.pde.ui-20120217-1437,org.eclipse.pde.api.tools.builder.tests.usage,Java5ClassUsageTests,testAnonymousClassExtends5F,3,1,0
eclipse.pde.ui-20120217-1437,org.eclipse.pde.api.tools.builder.tests.usage,Java5ClassUsageTests,testAnonymousClassExtends5I,3,1,0
eclipse.pde.ui-20120217-1437,org.eclipse.pde.api.tools.builder.tests.usage,Java5ClassUsageTests,x11,6,1,1
eclipse.pde.ui-20120217-1437,org.eclipse.pde.api.tools.builder.tests.usage,Java5ClassUsageTests,testAnonymousClassExtends6F,3,1,0
eclipse.pde.ui-20120217-1437,org.eclipse.pde.api.tools.builder.tests.usage,Java5ClassUsageTests,testAnonymousClassExtends6I,3,1,0
eclipse.pde.ui-20120217-1437,org.eclipse.pde.api.tools.builder.tests.usage,Java5ClassUsageTests,x12,6,1,1
eclipse.pde.ui-20120217-1437,org.eclipse.pde.api.tools.builder.tests.usage,Java5ClassUsageTests,testAnonymousClassExtends7F,3,1,0
eclipse.pde.ui-20120217-1437,org.eclipse.pde.api.tools.builder.tests.usage,Java5ClassUsageTests,testAnonymousClassExtends7I,3,1,0
eclipse.pde.ui-20120217-1437,org.eclipse.pde.api.tools.builder.tests.usage,Java5ClassUsageTests,x17,6,1,1
eclipse.pde.ui-20120217-1437,org.eclipse.pde.api.tools.builder.tests.usage,Java5ClassUsageTests,testAnonymousClassExtendsGenericReturnF,3,1,0
eclipse.pde.ui-20120217-1437,org.eclipse.pde.api.tools.builder.tests.usage,Java5ClassUsageTests,testAnonymousClassExtendsGenericReturnI,3,1,0
eclipse.pde.ui-20120217-1437,org.eclipse.pde.api.tools.builder.tests.usage,Java5ClassUsageTests,x16,6,1,1
eclipse.pde.ui-20120217-1437,org.eclipse.pde.api.tools.builder.tests.usage,Java5ClassUsageTests,testLocalClassExtends3F,3,1,0
eclipse.pde.ui-20120217-1437,org.eclipse.pde.api.tools.builder.tests.usage,Java5ClassUsageTests,testLocalClassExtends3I,3,1,0
eclipse.pde.ui-20120217-1437,org.eclipse.pde.api.tools.builder.tests.usage,Java5ClassUsageTests,x13,6,1,1
eclipse.pde.ui-20120217-1437,org.eclipse.pde.api.tools.builder.tests.usage,Java5ClassUsageTests,testLocalClassExtends2F,3,1,0
eclipse.pde.ui-20120217-1437,org.eclipse.pde.api.tools.builder.tests.usage,Java5ClassUsageTests,testLocalClassExtends2I,3,1,0
eclipse.pde.ui-20120217-1437,org.eclipse.pde.api.tools.builder.tests.usage,Java5ClassUsageTests,x14,6,1,1
eclipse.pde.ui-20120217-1437,org.eclipse.pde.api.tools.builder.tests.usage,Java5ClassUsageTests,testLocalClassExtendsGenericReturnF,3,1,0
eclipse.pde.ui-20120217-1437,org.eclipse.pde.api.tools.builder.tests.usage,Java5ClassUsageTests,testLocalClassExtendsGenericReturnI,3,1,0
eclipse.pde.ui-20120217-1437,org.eclipse.pde.api.tools.builder.tests.usage,Java5ClassUsageTests,x15,6,1,1
eclipse.pde.ui-20120217-1437,org.eclipse.pde.api.tools.builder.tests.usage,Java5FieldUsageTests,Java5FieldUsageTests,3,1,1
eclipse.pde.ui-20120217-1437,org.eclipse.pde.api.tools.builder.tests.usage,Java5FieldUsageTests,suite,3,1,0
eclipse.pde.ui-20120217-1437,org.eclipse.pde.api.tools.builder.tests.usage,Java5FieldUsageTests,getTestCompliance,3,1,0
eclipse.pde.ui-20120217-1437,org.eclipse.pde.api.tools.builder.tests.usage,Java5FieldUsageTests,testFieldUsage1F,3,1,0
eclipse.pde.ui-20120217-1437,org.eclipse.pde.api.tools.builder.tests.usage,Java5FieldUsageTests,testFieldUsage1I,3,1,0
eclipse.pde.ui-20120217-1437,org.eclipse.pde.api.tools.builder.tests.usage,Java5FieldUsageTests,x1,6,1,1
eclipse.pde.ui-20120217-1437,org.eclipse.pde.api.tools.builder.tests.usage,Java5FieldUsageTests,testFieldUsage2F,3,1,0
eclipse.pde.ui-20120217-1437,org.eclipse.pde.api.tools.builder.tests.usage,Java5FieldUsageTests,testFieldUsage2I,3,1,0
eclipse.pde.ui-20120217-1437,org.eclipse.pde.api.tools.builder.tests.usage,Java5FieldUsageTests,x2,5,1,1
eclipse.pde.ui-20120217-1437,org.eclipse.pde.api.tools.builder.tests.usage,Java5MethodUsageTests,Java5MethodUsageTests,3,1,1
eclipse.pde.ui-20120217-1437,org.eclipse.pde.api.tools.builder.tests.usage,Java5MethodUsageTests,suite,3,1,0
eclipse.pde.ui-20120217-1437,org.eclipse.pde.api.tools.builder.tests.usage,Java5MethodUsageTests,getTestCompliance,3,1,0
eclipse.pde.ui-20120217-1437,org.eclipse.pde.api.tools.builder.tests.usage,Java5MethodUsageTests,testMethodUsageTests1F,3,1,0
eclipse.pde.ui-20120217-1437,org.eclipse.pde.api.tools.builder.tests.usage,Java5MethodUsageTests,testMethodUsageTests1I,3,1,0
eclipse.pde.ui-20120217-1437,org.eclipse.pde.api.tools.builder.tests.usage,Java5MethodUsageTests,x1,9,1,1
eclipse.pde.ui-20120217-1437,org.eclipse.pde.api.tools.builder.tests.usage,Java5MethodUsageTests,testMethodUsageTests2F,3,1,0
eclipse.pde.ui-20120217-1437,org.eclipse.pde.api.tools.builder.tests.usage,Java5MethodUsageTests,testMethodUsageTests2I,3,1,0
eclipse.pde.ui-20120217-1437,org.eclipse.pde.api.tools.builder.tests.usage,Java5MethodUsageTests,x2,9,1,1
eclipse.pde.ui-20120217-1437,org.eclipse.pde.api.tools.builder.tests.usage,Java5MethodUsageTests,testMethodUsageTests3F,3,1,0
eclipse.pde.ui-20120217-1437,org.eclipse.pde.api.tools.builder.tests.usage,Java5MethodUsageTests,testMethodUsageTests3I,3,1,0
eclipse.pde.ui-20120217-1437,org.eclipse.pde.api.tools.builder.tests.usage,Java5MethodUsageTests,x3,9,1,1
eclipse.pde.ui-20120217-1437,org.eclipse.pde.api.tools.builder.tests.usage,Java7ClassUsageTests,Java7ClassUsageTests,3,1,1
eclipse.pde.ui-20120217-1437,org.eclipse.pde.api.tools.builder.tests.usage,Java7ClassUsageTests,suite,3,1,0
eclipse.pde.ui-20120217-1437,org.eclipse.pde.api.tools.builder.tests.usage,Java7ClassUsageTests,setUp,10,2,0
eclipse.pde.ui-20120217-1437,org.eclipse.pde.api.tools.builder.tests.usage,Java7ClassUsageTests,getTestCompliance,3,1,0
eclipse.pde.ui-20120217-1437,org.eclipse.pde.api.tools.builder.tests.usage,Java7ClassUsageTests,getTestSourcePath,3,1,0
eclipse.pde.ui-20120217-1437,org.eclipse.pde.api.tools.builder.tests.usage,Java7ClassUsageTests,testStringSwitchF,3,1,0
eclipse.pde.ui-20120217-1437,org.eclipse.pde.api.tools.builder.tests.usage,Java7ClassUsageTests,testStringSwitchI,3,1,0
eclipse.pde.ui-20120217-1437,org.eclipse.pde.api.tools.builder.tests.usage,Java7ClassUsageTests,x1,6,1,1
eclipse.pde.ui-20120217-1437,org.eclipse.pde.api.tools.builder.tests.usage,Java7ClassUsageTests,testMultiCatchF,3,1,0
eclipse.pde.ui-20120217-1437,org.eclipse.pde.api.tools.builder.tests.usage,Java7ClassUsageTests,testMultiCatchI,3,1,0
eclipse.pde.ui-20120217-1437,org.eclipse.pde.api.tools.builder.tests.usage,Java7ClassUsageTests,x2,7,1,1
eclipse.pde.ui-20120217-1437,org.eclipse.pde.api.tools.builder.tests.usage,Java7ClassUsageTests,testTryWithF,3,1,0
eclipse.pde.ui-20120217-1437,org.eclipse.pde.api.tools.builder.tests.usage,Java7ClassUsageTests,testTryWithI,3,1,0
eclipse.pde.ui-20120217-1437,org.eclipse.pde.api.tools.builder.tests.usage,Java7ClassUsageTests,x3,7,1,1
eclipse.pde.ui-20120217-1437,org.eclipse.pde.api.tools.builder.tests.usage,Java7ClassUsageTests,testDiamondF,3,1,0
eclipse.pde.ui-20120217-1437,org.eclipse.pde.api.tools.builder.tests.usage,Java7ClassUsageTests,testDiamondI,3,1,0
eclipse.pde.ui-20120217-1437,org.eclipse.pde.api.tools.builder.tests.usage,Java7ClassUsageTests,x4,7,1,1
eclipse.pde.ui-20120217-1437,org.eclipse.pde.api.tools.builder.tests.usage,Java7FieldUsageTests,Java7FieldUsageTests,3,1,1
eclipse.pde.ui-20120217-1437,org.eclipse.pde.api.tools.builder.tests.usage,Java7FieldUsageTests,suite,3,1,0
eclipse.pde.ui-20120217-1437,org.eclipse.pde.api.tools.builder.tests.usage,Java7FieldUsageTests,getTestCompliance,3,1,0
eclipse.pde.ui-20120217-1437,org.eclipse.pde.api.tools.builder.tests.usage,Java7FieldUsageTests,getTestSourcePath,3,1,0
eclipse.pde.ui-20120217-1437,org.eclipse.pde.api.tools.builder.tests.usage,Java7FieldUsageTests,testStringSwitchF,3,1,0
eclipse.pde.ui-20120217-1437,org.eclipse.pde.api.tools.builder.tests.usage,Java7FieldUsageTests,testStringSwitchI,3,1,0
eclipse.pde.ui-20120217-1437,org.eclipse.pde.api.tools.builder.tests.usage,Java7FieldUsageTests,x1,6,1,1
eclipse.pde.ui-20120217-1437,org.eclipse.pde.api.tools.builder.tests.usage,Java7FieldUsageTests,testMultiCatchF,3,1,0
eclipse.pde.ui-20120217-1437,org.eclipse.pde.api.tools.builder.tests.usage,Java7FieldUsageTests,testMultiCatchI,3,1,0
eclipse.pde.ui-20120217-1437,org.eclipse.pde.api.tools.builder.tests.usage,Java7FieldUsageTests,x2,6,1,1
eclipse.pde.ui-20120217-1437,org.eclipse.pde.api.tools.builder.tests.usage,Java7MethodUsageTests,Java7MethodUsageTests,3,1,1
eclipse.pde.ui-20120217-1437,org.eclipse.pde.api.tools.builder.tests.usage,Java7MethodUsageTests,suite,3,1,0
eclipse.pde.ui-20120217-1437,org.eclipse.pde.api.tools.builder.tests.usage,Java7MethodUsageTests,getTestCompliance,3,1,0
eclipse.pde.ui-20120217-1437,org.eclipse.pde.api.tools.builder.tests.usage,Java7MethodUsageTests,getTestSourcePath,3,1,0
eclipse.pde.ui-20120217-1437,org.eclipse.pde.api.tools.builder.tests.usage,Java7MethodUsageTests,testStringSwitchF,3,1,0
eclipse.pde.ui-20120217-1437,org.eclipse.pde.api.tools.builder.tests.usage,Java7MethodUsageTests,testStringSwitchI,3,1,0
eclipse.pde.ui-20120217-1437,org.eclipse.pde.api.tools.builder.tests.usage,Java7MethodUsageTests,x1,9,1,1
eclipse.pde.ui-20120217-1437,org.eclipse.pde.api.tools.builder.tests.usage,Java7MethodUsageTests,testMultiCatchF,3,1,0
eclipse.pde.ui-20120217-1437,org.eclipse.pde.api.tools.builder.tests.usage,Java7MethodUsageTests,testMultiCatchI,3,1,0
eclipse.pde.ui-20120217-1437,org.eclipse.pde.api.tools.builder.tests.usage,Java7MethodUsageTests,x2,9,1,1
eclipse.pde.ui-20120217-1437,org.eclipse.pde.api.tools.builder.tests.usage,MethodUsageTests,MethodUsageTests,3,1,1
eclipse.pde.ui-20120217-1437,org.eclipse.pde.api.tools.builder.tests.usage,MethodUsageTests,getDefaultProblemId,3,1,0
eclipse.pde.ui-20120217-1437,org.eclipse.pde.api.tools.builder.tests.usage,MethodUsageTests,getProblemId,3,1,2
eclipse.pde.ui-20120217-1437,org.eclipse.pde.api.tools.builder.tests.usage,MethodUsageTests,getTestSourcePath,3,1,0
eclipse.pde.ui-20120217-1437,org.eclipse.pde.api.tools.builder.tests.usage,MethodUsageTests,suite,3,1,0
eclipse.pde.ui-20120217-1437,org.eclipse.pde.api.tools.builder.tests.usage,MethodUsageTests,testMethodUsageTests1F,3,1,0
eclipse.pde.ui-20120217-1437,org.eclipse.pde.api.tools.builder.tests.usage,MethodUsageTests,testMethodUsageTests1I,3,1,0
eclipse.pde.ui-20120217-1437,org.eclipse.pde.api.tools.builder.tests.usage,MethodUsageTests,x1,9,1,1
eclipse.pde.ui-20120217-1437,org.eclipse.pde.api.tools.builder.tests.usage,MethodUsageTests,testMethodUsageTests2F,3,1,0
eclipse.pde.ui-20120217-1437,org.eclipse.pde.api.tools.builder.tests.usage,MethodUsageTests,testMethodUsageTests2I,3,1,0
eclipse.pde.ui-20120217-1437,org.eclipse.pde.api.tools.builder.tests.usage,MethodUsageTests,x2,9,1,1
eclipse.pde.ui-20120217-1437,org.eclipse.pde.api.tools.builder.tests.usage,MethodUsageTests,testMethodUsageTests3F,3,1,0
eclipse.pde.ui-20120217-1437,org.eclipse.pde.api.tools.builder.tests.usage,MethodUsageTests,testMethodUsageTests3I,3,1,0
eclipse.pde.ui-20120217-1437,org.eclipse.pde.api.tools.builder.tests.usage,MethodUsageTests,x3,9,1,1
eclipse.pde.ui-20120217-1437,org.eclipse.pde.api.tools.builder.tests.usage,MethodUsageTests,testMethodUsageTests4F,3,1,0
eclipse.pde.ui-20120217-1437,org.eclipse.pde.api.tools.builder.tests.usage,MethodUsageTests,testMethodUsageTests4I,3,1,0
eclipse.pde.ui-20120217-1437,org.eclipse.pde.api.tools.builder.tests.usage,MethodUsageTests,x4,9,1,1
eclipse.pde.ui-20120217-1437,org.eclipse.pde.api.tools.builder.tests.usage,MethodUsageTests,testMethodUsageTests5F,3,1,0
eclipse.pde.ui-20120217-1437,org.eclipse.pde.api.tools.builder.tests.usage,MethodUsageTests,testMethodUsageTests5I,3,1,0
eclipse.pde.ui-20120217-1437,org.eclipse.pde.api.tools.builder.tests.usage,MethodUsageTests,x5,9,1,1
eclipse.pde.ui-20120217-1437,org.eclipse.pde.api.tools.builder.tests.usage,MethodUsageTests,testMethodUsageTests6F,3,1,0
eclipse.pde.ui-20120217-1437,org.eclipse.pde.api.tools.builder.tests.usage,MethodUsageTests,testMethodUsageTests6I,3,1,0
eclipse.pde.ui-20120217-1437,org.eclipse.pde.api.tools.builder.tests.usage,MethodUsageTests,x6,9,1,1
eclipse.pde.ui-20120217-1437,org.eclipse.pde.api.tools.builder.tests.usage,MethodUsageTests,testMethodUsageTests7F,3,1,0
eclipse.pde.ui-20120217-1437,org.eclipse.pde.api.tools.builder.tests.usage,MethodUsageTests,testMethodUsageTests7I,3,1,0
eclipse.pde.ui-20120217-1437,org.eclipse.pde.api.tools.builder.tests.usage,MethodUsageTests,x7,9,1,1
eclipse.pde.ui-20120217-1437,org.eclipse.pde.api.tools.builder.tests.usage,UnusedApiProblemFilterTests,UnusedApiProblemFilterTests,3,1,1
eclipse.pde.ui-20120217-1437,org.eclipse.pde.api.tools.builder.tests.usage,UnusedApiProblemFilterTests,assertStubBaseline,9,2,1
eclipse.pde.ui-20120217-1437,org.eclipse.pde.api.tools.builder.tests.usage,UnusedApiProblemFilterTests,setUp,4,1,0
eclipse.pde.ui-20120217-1437,org.eclipse.pde.api.tools.builder.tests.usage,UnusedApiProblemFilterTests,tearDown,4,1,0
eclipse.pde.ui-20120217-1437,org.eclipse.pde.api.tools.builder.tests.usage,UnusedApiProblemFilterTests,removeBaseline,8,2,1
eclipse.pde.ui-20120217-1437,org.eclipse.pde.api.tools.builder.tests.usage,UnusedApiProblemFilterTests,setBuilderOptions,4,1,0
eclipse.pde.ui-20120217-1437,org.eclipse.pde.api.tools.builder.tests.usage,UnusedApiProblemFilterTests,getTestSourcePath,3,1,0
eclipse.pde.ui-20120217-1437,org.eclipse.pde.api.tools.builder.tests.usage,UnusedApiProblemFilterTests,getBeforePath,3,1,2
eclipse.pde.ui-20120217-1437,org.eclipse.pde.api.tools.builder.tests.usage,UnusedApiProblemFilterTests,getAfterPath,3,1,2
eclipse.pde.ui-20120217-1437,org.eclipse.pde.api.tools.builder.tests.usage,UnusedApiProblemFilterTests,getFilterFilePath,3,1,1
eclipse.pde.ui-20120217-1437,org.eclipse.pde.api.tools.builder.tests.usage,UnusedApiProblemFilterTests,getUpdatePath,3,1,1
eclipse.pde.ui-20120217-1437,org.eclipse.pde.api.tools.builder.tests.usage,UnusedApiProblemFilterTests,suite,3,1,0
eclipse.pde.ui-20120217-1437,org.eclipse.pde.api.tools.builder.tests.usage,UnusedApiProblemFilterTests,getDefaultProblemId,3,1,0
eclipse.pde.ui-20120217-1437,org.eclipse.pde.api.tools.builder.tests.usage,UnusedApiProblemFilterTests,deployTest,34,4,5
eclipse.pde.ui-20120217-1437,org.eclipse.pde.api.tools.builder.tests.usage,UnusedApiProblemFilterTests,testUnusedFilter1F,3,1,0
eclipse.pde.ui-20120217-1437,org.eclipse.pde.api.tools.builder.tests.usage,UnusedApiProblemFilterTests,testUnusedFilter1I,3,1,0
eclipse.pde.ui-20120217-1437,org.eclipse.pde.api.tools.builder.tests.usage,UnusedApiProblemFilterTests,x1,7,1,1
eclipse.pde.ui-20120217-1437,org.eclipse.pde.api.tools.builder.tests.usage,UnusedApiProblemFilterTests,testUnusedFilter2F,3,1,0
eclipse.pde.ui-20120217-1437,org.eclipse.pde.api.tools.builder.tests.usage,UnusedApiProblemFilterTests,testUnusedFilter2I,3,1,0
eclipse.pde.ui-20120217-1437,org.eclipse.pde.api.tools.builder.tests.usage,UnusedApiProblemFilterTests,x2,7,1,1
eclipse.pde.ui-20120217-1437,org.eclipse.pde.api.tools.builder.tests.usage,UnusedApiProblemFilterTests,testUnusedFilter3F,3,1,0
eclipse.pde.ui-20120217-1437,org.eclipse.pde.api.tools.builder.tests.usage,UnusedApiProblemFilterTests,testUnusedFilter3I,3,1,0
eclipse.pde.ui-20120217-1437,org.eclipse.pde.api.tools.builder.tests.usage,UnusedApiProblemFilterTests,x3,7,1,1
eclipse.pde.ui-20120217-1437,org.eclipse.pde.api.tools.builder.tests.usage,UnusedApiProblemFilterTests,testUnusedFilter4F,3,1,0
eclipse.pde.ui-20120217-1437,org.eclipse.pde.api.tools.builder.tests.usage,UnusedApiProblemFilterTests,testUnusedFilter4I,3,1,0
eclipse.pde.ui-20120217-1437,org.eclipse.pde.api.tools.builder.tests.usage,UnusedApiProblemFilterTests,x4,8,1,1
eclipse.pde.ui-20120217-1437,org.eclipse.pde.api.tools.builder.tests.usage,UsageTest,UsageTest,3,1,1
eclipse.pde.ui-20120217-1437,org.eclipse.pde.api.tools.builder.tests.usage,UsageTest,setBuilderOptions,9,1,0
eclipse.pde.ui-20120217-1437,org.eclipse.pde.api.tools.builder.tests.usage,UsageTest,ensureCompliance,11,3,1
eclipse.pde.ui-20120217-1437,org.eclipse.pde.api.tools.builder.tests.usage,UsageTest,getTestSourcePath,3,1,0
eclipse.pde.ui-20120217-1437,org.eclipse.pde.api.tools.builder.tests.usage,UsageTest,getTestingProjectName,3,1,0
eclipse.pde.ui-20120217-1437,org.eclipse.pde.api.tools.builder.tests.usage,UsageTest,suite,5,1,0
eclipse.pde.ui-20120217-1437,org.eclipse.pde.api.tools.builder.tests.usage,UsageTest,deployUsageTest,18,2,2
eclipse.pde.ui-20120217-1437,org.eclipse.pde.api.tools.builder.tests.usage,UsageTest,setUp,13,3,0
eclipse.pde.ui-20120217-1437,org.eclipse.pde.api.tools.builder.tests.usage,UsageTest,tearDown,7,2,0
eclipse.pde.ui-20120217-1437,org.eclipse.pde.api.tools.builder.tests.usage,UsageTest,collectTests,32,2,1
eclipse.pde.ui-20120217-1437,org.eclipse.pde.api.tools.builder.tests.usage,UsageTest,getAllTestClasses,21,3,0
eclipse.pde.ui-20120217-1437,org.eclipse.pde.api.tools.comparator.tests,AllDeltaTests,suite,3,1,0
eclipse.pde.ui-20120217-1437,org.eclipse.pde.api.tools.comparator.tests,AllDeltaTests,AllDeltaTests,12,1,0
eclipse.pde.ui-20120217-1437,org.eclipse.pde.api.tools.comparator.tests,AnnotationDeltaTests,suite,3,1,0
eclipse.pde.ui-20120217-1437,org.eclipse.pde.api.tools.comparator.tests,AnnotationDeltaTests,AnnotationDeltaTests,3,1,1
eclipse.pde.ui-20120217-1437,org.eclipse.pde.api.tools.comparator.tests,AnnotationDeltaTests,getTestRoot,3,1,0
eclipse.pde.ui-20120217-1437,org.eclipse.pde.api.tools.comparator.tests,AnnotationDeltaTests,test1,18,1,0
eclipse.pde.ui-20120217-1437,org.eclipse.pde.api.tools.comparator.tests,AnnotationDeltaTests,test2,18,1,0
eclipse.pde.ui-20120217-1437,org.eclipse.pde.api.tools.comparator.tests,AnnotationDeltaTests,test3,18,1,0
eclipse.pde.ui-20120217-1437,org.eclipse.pde.api.tools.comparator.tests,AnnotationDeltaTests,test4,68,1,0
eclipse.pde.ui-20120217-1437,org.eclipse.pde.api.tools.comparator.tests,AnnotationDeltaTests,test5,78,1,0
eclipse.pde.ui-20120217-1437,org.eclipse.pde.api.tools.comparator.tests,AnnotationDeltaTests,test6,73,1,0
eclipse.pde.ui-20120217-1437,org.eclipse.pde.api.tools.comparator.tests,AnnotationDeltaTests,test7,18,1,0
eclipse.pde.ui-20120217-1437,org.eclipse.pde.api.tools.comparator.tests,AnnotationDeltaTests,test8,18,1,0
eclipse.pde.ui-20120217-1437,org.eclipse.pde.api.tools.comparator.tests,AnnotationDeltaTests,test9,18,1,0
eclipse.pde.ui-20120217-1437,org.eclipse.pde.api.tools.comparator.tests,AnnotationDeltaTests,test10,18,1,0
eclipse.pde.ui-20120217-1437,org.eclipse.pde.api.tools.comparator.tests,AnnotationDeltaTests,test11,18,1,0
eclipse.pde.ui-20120217-1437,org.eclipse.pde.api.tools.comparator.tests,ApiScopeDeltaTests,suite,3,1,0
eclipse.pde.ui-20120217-1437,org.eclipse.pde.api.tools.comparator.tests,ApiScopeDeltaTests,ApiScopeDeltaTests,3,1,1
eclipse.pde.ui-20120217-1437,org.eclipse.pde.api.tools.comparator.tests,ApiScopeDeltaTests,getTestRoot,3,1,0
eclipse.pde.ui-20120217-1437,org.eclipse.pde.api.tools.comparator.tests,ApiScopeDeltaTests,test1,22,1,0
eclipse.pde.ui-20120217-1437,org.eclipse.pde.api.tools.comparator.tests,ApiScopeDeltaTests,test2,23,2,0
eclipse.pde.ui-20120217-1437,org.eclipse.pde.api.tools.comparator.tests,ApiScopeDeltaTests,test3,27,3,0
eclipse.pde.ui-20120217-1437,org.eclipse.pde.api.tools.comparator.tests,ApiScopeDeltaTests,test4,31,4,0
eclipse.pde.ui-20120217-1437,org.eclipse.pde.api.tools.comparator.tests,ApiScopeDeltaTests,test5,34,5,0
eclipse.pde.ui-20120217-1437,org.eclipse.pde.api.tools.comparator.tests,ApiScopeDeltaTests,test6,14,1,0
eclipse.pde.ui-20120217-1437,org.eclipse.pde.api.tools.comparator.tests,ApiScopeDeltaTests,test7,23,1,0
eclipse.pde.ui-20120217-1437,org.eclipse.pde.api.tools.comparator.tests,BundlesDeltaTests,suite,3,1,0
eclipse.pde.ui-20120217-1437,org.eclipse.pde.api.tools.comparator.tests,BundlesDeltaTests,BundlesDeltaTests,3,1,1
eclipse.pde.ui-20120217-1437,org.eclipse.pde.api.tools.comparator.tests,BundlesDeltaTests,getTestRoot,3,1,0
eclipse.pde.ui-20120217-1437,org.eclipse.pde.api.tools.comparator.tests,BundlesDeltaTests,test1,17,1,0
eclipse.pde.ui-20120217-1437,org.eclipse.pde.api.tools.comparator.tests,BundlesDeltaTests,test2,17,1,0
eclipse.pde.ui-20120217-1437,org.eclipse.pde.api.tools.comparator.tests,BundlesDeltaTests,test3,12,1,0
eclipse.pde.ui-20120217-1437,org.eclipse.pde.api.tools.comparator.tests,BundlesDeltaTests,test4,23,1,0
eclipse.pde.ui-20120217-1437,org.eclipse.pde.api.tools.comparator.tests,BundlesDeltaTests,test5,23,1,0
eclipse.pde.ui-20120217-1437,org.eclipse.pde.api.tools.comparator.tests,BundlesDeltaTests,test6,9,1,0
eclipse.pde.ui-20120217-1437,org.eclipse.pde.api.tools.comparator.tests,BundlesDeltaTests,test7,9,1,0
eclipse.pde.ui-20120217-1437,org.eclipse.pde.api.tools.comparator.tests,BundlesDeltaTests,test8,210,1,0
eclipse.pde.ui-20120217-1437,org.eclipse.pde.api.tools.comparator.tests,BundlesDeltaTests,test9,22,1,0
eclipse.pde.ui-20120217-1437,org.eclipse.pde.api.tools.comparator.tests,BundlesDeltaTests,test10,17,1,0
eclipse.pde.ui-20120217-1437,org.eclipse.pde.api.tools.comparator.tests,BundlesDeltaTests,test11,19,1,0
eclipse.pde.ui-20120217-1437,org.eclipse.pde.api.tools.comparator.tests,BundlesDeltaTests,test12,18,1,0
eclipse.pde.ui-20120217-1437,org.eclipse.pde.api.tools.comparator.tests,BundlesDeltaTests,test13,18,1,0
eclipse.pde.ui-20120217-1437,org.eclipse.pde.api.tools.comparator.tests,BundlesDeltaTests,test14,18,1,0
eclipse.pde.ui-20120217-1437,org.eclipse.pde.api.tools.comparator.tests,BundlesDeltaTests,test15,9,1,0
eclipse.pde.ui-20120217-1437,org.eclipse.pde.api.tools.comparator.tests,BundlesDeltaTests,test16,9,1,0
eclipse.pde.ui-20120217-1437,org.eclipse.pde.api.tools.comparator.tests,ClassDeltaTests,suite,3,1,0
eclipse.pde.ui-20120217-1437,org.eclipse.pde.api.tools.comparator.tests,ClassDeltaTests,ClassDeltaTests,3,1,1
eclipse.pde.ui-20120217-1437,org.eclipse.pde.api.tools.comparator.tests,ClassDeltaTests,getTestRoot,3,1,0
eclipse.pde.ui-20120217-1437,org.eclipse.pde.api.tools.comparator.tests,ClassDeltaTests,test1,19,1,0
eclipse.pde.ui-20120217-1437,org.eclipse.pde.api.tools.comparator.tests,ClassDeltaTests,test2,19,1,0
eclipse.pde.ui-20120217-1437,org.eclipse.pde.api.tools.comparator.tests,ClassDeltaTests,test3,13,1,0
eclipse.pde.ui-20120217-1437,org.eclipse.pde.api.tools.comparator.tests,ClassDeltaTests,test4,23,1,0
eclipse.pde.ui-20120217-1437,org.eclipse.pde.api.tools.comparator.tests,ClassDeltaTests,test5,21,1,0
eclipse.pde.ui-20120217-1437,org.eclipse.pde.api.tools.comparator.tests,ClassDeltaTests,test6,23,1,0
eclipse.pde.ui-20120217-1437,org.eclipse.pde.api.tools.comparator.tests,ClassDeltaTests,test7,18,1,0
eclipse.pde.ui-20120217-1437,org.eclipse.pde.api.tools.comparator.tests,ClassDeltaTests,test8,18,1,0
eclipse.pde.ui-20120217-1437,org.eclipse.pde.api.tools.comparator.tests,ClassDeltaTests,test9,18,1,0
eclipse.pde.ui-20120217-1437,org.eclipse.pde.api.tools.comparator.tests,ClassDeltaTests,test10,13,1,0
eclipse.pde.ui-20120217-1437,org.eclipse.pde.api.tools.comparator.tests,ClassDeltaTests,test11,19,1,0
eclipse.pde.ui-20120217-1437,org.eclipse.pde.api.tools.comparator.tests,ClassDeltaTests,test12,19,1,0
eclipse.pde.ui-20120217-1437,org.eclipse.pde.api.tools.comparator.tests,ClassDeltaTests,test13,19,1,0
eclipse.pde.ui-20120217-1437,org.eclipse.pde.api.tools.comparator.tests,ClassDeltaTests,test14,19,1,0
eclipse.pde.ui-20120217-1437,org.eclipse.pde.api.tools.comparator.tests,ClassDeltaTests,test15,19,1,0
eclipse.pde.ui-20120217-1437,org.eclipse.pde.api.tools.comparator.tests,ClassDeltaTests,test16,19,1,0
eclipse.pde.ui-20120217-1437,org.eclipse.pde.api.tools.comparator.tests,ClassDeltaTests,test17,19,1,0
eclipse.pde.ui-20120217-1437,org.eclipse.pde.api.tools.comparator.tests,ClassDeltaTests,test18,19,1,0
eclipse.pde.ui-20120217-1437,org.eclipse.pde.api.tools.comparator.tests,ClassDeltaTests,test19,19,1,0
eclipse.pde.ui-20120217-1437,org.eclipse.pde.api.tools.comparator.tests,ClassDeltaTests,test20,19,1,0
eclipse.pde.ui-20120217-1437,org.eclipse.pde.api.tools.comparator.tests,ClassDeltaTests,test21,19,1,0
eclipse.pde.ui-20120217-1437,org.eclipse.pde.api.tools.comparator.tests,ClassDeltaTests,test22,19,1,0
eclipse.pde.ui-20120217-1437,org.eclipse.pde.api.tools.comparator.tests,ClassDeltaTests,test23,18,1,0
eclipse.pde.ui-20120217-1437,org.eclipse.pde.api.tools.comparator.tests,ClassDeltaTests,test24,18,1,0
eclipse.pde.ui-20120217-1437,org.eclipse.pde.api.tools.comparator.tests,ClassDeltaTests,test25,18,1,0
eclipse.pde.ui-20120217-1437,org.eclipse.pde.api.tools.comparator.tests,ClassDeltaTests,test26,18,1,0
eclipse.pde.ui-20120217-1437,org.eclipse.pde.api.tools.comparator.tests,ClassDeltaTests,test27,18,1,0
eclipse.pde.ui-20120217-1437,org.eclipse.pde.api.tools.comparator.tests,ClassDeltaTests,test28,18,1,0
eclipse.pde.ui-20120217-1437,org.eclipse.pde.api.tools.comparator.tests,ClassDeltaTests,test29,18,1,0
eclipse.pde.ui-20120217-1437,org.eclipse.pde.api.tools.comparator.tests,ClassDeltaTests,test30,18,1,0
eclipse.pde.ui-20120217-1437,org.eclipse.pde.api.tools.comparator.tests,ClassDeltaTests,test31,18,1,0
eclipse.pde.ui-20120217-1437,org.eclipse.pde.api.tools.comparator.tests,ClassDeltaTests,test32,18,1,0
eclipse.pde.ui-20120217-1437,org.eclipse.pde.api.tools.comparator.tests,ClassDeltaTests,test33,17,1,0
eclipse.pde.ui-20120217-1437,org.eclipse.pde.api.tools.comparator.tests,ClassDeltaTests,test34,17,1,0
eclipse.pde.ui-20120217-1437,org.eclipse.pde.api.tools.comparator.tests,ClassDeltaTests,test35,18,1,0
eclipse.pde.ui-20120217-1437,org.eclipse.pde.api.tools.comparator.tests,ClassDeltaTests,test36,18,1,0
eclipse.pde.ui-20120217-1437,org.eclipse.pde.api.tools.comparator.tests,ClassDeltaTests,test37,19,1,0
eclipse.pde.ui-20120217-1437,org.eclipse.pde.api.tools.comparator.tests,ClassDeltaTests,test38,19,1,0
eclipse.pde.ui-20120217-1437,org.eclipse.pde.api.tools.comparator.tests,ClassDeltaTests,test39,19,1,0
eclipse.pde.ui-20120217-1437,org.eclipse.pde.api.tools.comparator.tests,ClassDeltaTests,test40,19,1,0
eclipse.pde.ui-20120217-1437,org.eclipse.pde.api.tools.comparator.tests,ClassDeltaTests,test41,19,1,0
eclipse.pde.ui-20120217-1437,org.eclipse.pde.api.tools.comparator.tests,ClassDeltaTests,test42,18,1,0
eclipse.pde.ui-20120217-1437,org.eclipse.pde.api.tools.comparator.tests,ClassDeltaTests,test43,18,1,0
eclipse.pde.ui-20120217-1437,org.eclipse.pde.api.tools.comparator.tests,ClassDeltaTests,test44,18,1,0
eclipse.pde.ui-20120217-1437,org.eclipse.pde.api.tools.comparator.tests,ClassDeltaTests,test45,18,1,0
eclipse.pde.ui-20120217-1437,org.eclipse.pde.api.tools.comparator.tests,ClassDeltaTests,test46,18,1,0
eclipse.pde.ui-20120217-1437,org.eclipse.pde.api.tools.comparator.tests,ClassDeltaTests,test47,18,1,0
eclipse.pde.ui-20120217-1437,org.eclipse.pde.api.tools.comparator.tests,ClassDeltaTests,test48,23,1,0
eclipse.pde.ui-20120217-1437,org.eclipse.pde.api.tools.comparator.tests,ClassDeltaTests,test49,23,1,0
eclipse.pde.ui-20120217-1437,org.eclipse.pde.api.tools.comparator.tests,ClassDeltaTests,test50,33,1,0
eclipse.pde.ui-20120217-1437,org.eclipse.pde.api.tools.comparator.tests,ClassDeltaTests,test51,33,1,0
eclipse.pde.ui-20120217-1437,org.eclipse.pde.api.tools.comparator.tests,ClassDeltaTests,test52,23,1,0
eclipse.pde.ui-20120217-1437,org.eclipse.pde.api.tools.comparator.tests,ClassDeltaTests,test53,18,1,0
eclipse.pde.ui-20120217-1437,org.eclipse.pde.api.tools.comparator.tests,ClassDeltaTests,test54,18,1,0
eclipse.pde.ui-20120217-1437,org.eclipse.pde.api.tools.comparator.tests,ClassDeltaTests,test55,18,1,0
eclipse.pde.ui-20120217-1437,org.eclipse.pde.api.tools.comparator.tests,ClassDeltaTests,test56,24,1,0
eclipse.pde.ui-20120217-1437,org.eclipse.pde.api.tools.comparator.tests,ClassDeltaTests,test57,24,1,0
eclipse.pde.ui-20120217-1437,org.eclipse.pde.api.tools.comparator.tests,ClassDeltaTests,test58,13,1,0
eclipse.pde.ui-20120217-1437,org.eclipse.pde.api.tools.comparator.tests,ClassDeltaTests,test59,13,1,0
eclipse.pde.ui-20120217-1437,org.eclipse.pde.api.tools.comparator.tests,ClassDeltaTests,test60,13,1,0
eclipse.pde.ui-20120217-1437,org.eclipse.pde.api.tools.comparator.tests,ClassDeltaTests,test61,13,1,0
eclipse.pde.ui-20120217-1437,org.eclipse.pde.api.tools.comparator.tests,ClassDeltaTests,test62,19,1,0
eclipse.pde.ui-20120217-1437,org.eclipse.pde.api.tools.comparator.tests,ClassDeltaTests,test63,20,1,0
eclipse.pde.ui-20120217-1437,org.eclipse.pde.api.tools.comparator.tests,ClassDeltaTests,test64,19,1,0
eclipse.pde.ui-20120217-1437,org.eclipse.pde.api.tools.comparator.tests,ClassDeltaTests,test65,18,1,0
eclipse.pde.ui-20120217-1437,org.eclipse.pde.api.tools.comparator.tests,ClassDeltaTests,test66,19,1,0
eclipse.pde.ui-20120217-1437,org.eclipse.pde.api.tools.comparator.tests,ClassDeltaTests,test67,18,1,0
eclipse.pde.ui-20120217-1437,org.eclipse.pde.api.tools.comparator.tests,ClassDeltaTests,test68,19,1,0
eclipse.pde.ui-20120217-1437,org.eclipse.pde.api.tools.comparator.tests,ClassDeltaTests,test69,20,1,0
eclipse.pde.ui-20120217-1437,org.eclipse.pde.api.tools.comparator.tests,ClassDeltaTests,test70,18,1,0
eclipse.pde.ui-20120217-1437,org.eclipse.pde.api.tools.comparator.tests,ClassDeltaTests,test71,25,1,0
eclipse.pde.ui-20120217-1437,org.eclipse.pde.api.tools.comparator.tests,ClassDeltaTests,test72,24,1,0
eclipse.pde.ui-20120217-1437,org.eclipse.pde.api.tools.comparator.tests,ClassDeltaTests,test73,24,1,0
eclipse.pde.ui-20120217-1437,org.eclipse.pde.api.tools.comparator.tests,ClassDeltaTests,test74,19,1,0
eclipse.pde.ui-20120217-1437,org.eclipse.pde.api.tools.comparator.tests,ClassDeltaTests,test75,19,1,0
eclipse.pde.ui-20120217-1437,org.eclipse.pde.api.tools.comparator.tests,ClassDeltaTests,test76,13,1,0
eclipse.pde.ui-20120217-1437,org.eclipse.pde.api.tools.comparator.tests,ClassDeltaTests,test77,18,1,0
eclipse.pde.ui-20120217-1437,org.eclipse.pde.api.tools.comparator.tests,ClassDeltaTests,test78,19,1,0
eclipse.pde.ui-20120217-1437,org.eclipse.pde.api.tools.comparator.tests,ClassDeltaTests,test79,24,1,0
eclipse.pde.ui-20120217-1437,org.eclipse.pde.api.tools.comparator.tests,ClassDeltaTests,test80,24,1,0
eclipse.pde.ui-20120217-1437,org.eclipse.pde.api.tools.comparator.tests,ClassDeltaTests,test81,19,1,0
eclipse.pde.ui-20120217-1437,org.eclipse.pde.api.tools.comparator.tests,ClassDeltaTests,test82,18,1,0
eclipse.pde.ui-20120217-1437,org.eclipse.pde.api.tools.comparator.tests,ClassDeltaTests,test83,19,1,0
eclipse.pde.ui-20120217-1437,org.eclipse.pde.api.tools.comparator.tests,ClassDeltaTests,test84,19,1,0
eclipse.pde.ui-20120217-1437,org.eclipse.pde.api.tools.comparator.tests,ClassDeltaTests,test85,18,1,0
eclipse.pde.ui-20120217-1437,org.eclipse.pde.api.tools.comparator.tests,ClassDeltaTests,test86,19,1,0
eclipse.pde.ui-20120217-1437,org.eclipse.pde.api.tools.comparator.tests,ClassDeltaTests,test87,19,1,0
eclipse.pde.ui-20120217-1437,org.eclipse.pde.api.tools.comparator.tests,ClassDeltaTests,test88,19,1,0
eclipse.pde.ui-20120217-1437,org.eclipse.pde.api.tools.comparator.tests,ClassDeltaTests,test89,19,1,0
eclipse.pde.ui-20120217-1437,org.eclipse.pde.api.tools.comparator.tests,ClassDeltaTests,test90,19,1,0
eclipse.pde.ui-20120217-1437,org.eclipse.pde.api.tools.comparator.tests,ClassDeltaTests,test91,19,1,0
eclipse.pde.ui-20120217-1437,org.eclipse.pde.api.tools.comparator.tests,ClassDeltaTests,test92,19,1,0
eclipse.pde.ui-20120217-1437,org.eclipse.pde.api.tools.comparator.tests,ClassDeltaTests,test93,19,1,0
eclipse.pde.ui-20120217-1437,org.eclipse.pde.api.tools.comparator.tests,ClassDeltaTests,test94,19,1,0
eclipse.pde.ui-20120217-1437,org.eclipse.pde.api.tools.comparator.tests,ClassDeltaTests,test95,19,1,0
eclipse.pde.ui-20120217-1437,org.eclipse.pde.api.tools.comparator.tests,ClassDeltaTests,test96,19,1,0
eclipse.pde.ui-20120217-1437,org.eclipse.pde.api.tools.comparator.tests,ClassDeltaTests,test97,23,1,0
eclipse.pde.ui-20120217-1437,org.eclipse.pde.api.tools.comparator.tests,ClassDeltaTests,test98,42,5,0
eclipse.pde.ui-20120217-1437,org.eclipse.pde.api.tools.comparator.tests,ClassDeltaTests,MyDeltaVisitor,3,1,0
eclipse.pde.ui-20120217-1437,org.eclipse.pde.api.tools.comparator.tests,ClassDeltaTests,visit,16,4,1
eclipse.pde.ui-20120217-1437,org.eclipse.pde.api.tools.comparator.tests,ClassDeltaTests,endVisit,6,2,1
eclipse.pde.ui-20120217-1437,org.eclipse.pde.api.tools.comparator.tests,ClassDeltaTests,test99,28,1,0
eclipse.pde.ui-20120217-1437,org.eclipse.pde.api.tools.comparator.tests,ClassDeltaTests,test100,19,1,0
eclipse.pde.ui-20120217-1437,org.eclipse.pde.api.tools.comparator.tests,ClassDeltaTests,test101,18,1,0
eclipse.pde.ui-20120217-1437,org.eclipse.pde.api.tools.comparator.tests,ClassDeltaTests,test102,18,1,0
eclipse.pde.ui-20120217-1437,org.eclipse.pde.api.tools.comparator.tests,ClassDeltaTests,test103,18,1,0
eclipse.pde.ui-20120217-1437,org.eclipse.pde.api.tools.comparator.tests,ClassDeltaTests,test104,19,1,0
eclipse.pde.ui-20120217-1437,org.eclipse.pde.api.tools.comparator.tests,ClassDeltaTests,test105,19,1,0
eclipse.pde.ui-20120217-1437,org.eclipse.pde.api.tools.comparator.tests,ClassDeltaTests,test106,18,1,0
eclipse.pde.ui-20120217-1437,org.eclipse.pde.api.tools.comparator.tests,ClassDeltaTests,test107,19,1,0
eclipse.pde.ui-20120217-1437,org.eclipse.pde.api.tools.comparator.tests,ClassDeltaTests,test108,18,1,0
eclipse.pde.ui-20120217-1437,org.eclipse.pde.api.tools.comparator.tests,ClassDeltaTests,test109,20,1,0
eclipse.pde.ui-20120217-1437,org.eclipse.pde.api.tools.comparator.tests,ClassDeltaTests,test110,19,1,0
eclipse.pde.ui-20120217-1437,org.eclipse.pde.api.tools.comparator.tests,ClassDeltaTests,test111,19,1,0
eclipse.pde.ui-20120217-1437,org.eclipse.pde.api.tools.comparator.tests,ClassDeltaTests,test112,19,1,0
eclipse.pde.ui-20120217-1437,org.eclipse.pde.api.tools.comparator.tests,ClassDeltaTests,test113,20,1,0
eclipse.pde.ui-20120217-1437,org.eclipse.pde.api.tools.comparator.tests,ClassDeltaTests,test114,20,1,0
eclipse.pde.ui-20120217-1437,org.eclipse.pde.api.tools.comparator.tests,ClassDeltaTests,test115,23,1,0
eclipse.pde.ui-20120217-1437,org.eclipse.pde.api.tools.comparator.tests,ClassDeltaTests,test116,18,1,0
eclipse.pde.ui-20120217-1437,org.eclipse.pde.api.tools.comparator.tests,ClassDeltaTests,test117,18,1,0
eclipse.pde.ui-20120217-1437,org.eclipse.pde.api.tools.comparator.tests,ClassDeltaTests,test118,18,1,0
eclipse.pde.ui-20120217-1437,org.eclipse.pde.api.tools.comparator.tests,ClassDeltaTests,test119,12,1,0
eclipse.pde.ui-20120217-1437,org.eclipse.pde.api.tools.comparator.tests,ClassDeltaTests,test120,12,1,0
eclipse.pde.ui-20120217-1437,org.eclipse.pde.api.tools.comparator.tests,ClassDeltaTests,test121,12,1,0
eclipse.pde.ui-20120217-1437,org.eclipse.pde.api.tools.comparator.tests,ClassDeltaTests,test122,22,1,0
eclipse.pde.ui-20120217-1437,org.eclipse.pde.api.tools.comparator.tests,ClassDeltaTests,test123,28,1,0
eclipse.pde.ui-20120217-1437,org.eclipse.pde.api.tools.comparator.tests,ClassDeltaTests,test124,28,1,0
eclipse.pde.ui-20120217-1437,org.eclipse.pde.api.tools.comparator.tests,ClassDeltaTests,test125,18,1,0
eclipse.pde.ui-20120217-1437,org.eclipse.pde.api.tools.comparator.tests,ClassDeltaTests,test126,23,1,0
eclipse.pde.ui-20120217-1437,org.eclipse.pde.api.tools.comparator.tests,ClassDeltaTests,test127,18,1,0
eclipse.pde.ui-20120217-1437,org.eclipse.pde.api.tools.comparator.tests,ClassDeltaTests,test128,19,1,0
eclipse.pde.ui-20120217-1437,org.eclipse.pde.api.tools.comparator.tests,ClassDeltaTests,test129,28,1,0
eclipse.pde.ui-20120217-1437,org.eclipse.pde.api.tools.comparator.tests,ClassDeltaTests,test130,23,1,0
eclipse.pde.ui-20120217-1437,org.eclipse.pde.api.tools.comparator.tests,ClassDeltaTests,test131,18,1,0
eclipse.pde.ui-20120217-1437,org.eclipse.pde.api.tools.comparator.tests,ClassDeltaTests,test132,12,1,0
eclipse.pde.ui-20120217-1437,org.eclipse.pde.api.tools.comparator.tests,ClassDeltaTests,test133,18,1,0
eclipse.pde.ui-20120217-1437,org.eclipse.pde.api.tools.comparator.tests,ClassDeltaTests,test134,12,1,0
eclipse.pde.ui-20120217-1437,org.eclipse.pde.api.tools.comparator.tests,ClassDeltaTests,test135,12,1,0
eclipse.pde.ui-20120217-1437,org.eclipse.pde.api.tools.comparator.tests,ClassDeltaTests,test136,18,1,0
eclipse.pde.ui-20120217-1437,org.eclipse.pde.api.tools.comparator.tests,ClassDeltaTests,test137,12,1,0
eclipse.pde.ui-20120217-1437,org.eclipse.pde.api.tools.comparator.tests,ClassDeltaTests,test138,13,1,0
eclipse.pde.ui-20120217-1437,org.eclipse.pde.api.tools.comparator.tests,ClassDeltaTests,test139,13,1,0
eclipse.pde.ui-20120217-1437,org.eclipse.pde.api.tools.comparator.tests,ClassDeltaTests,test140,19,1,0
eclipse.pde.ui-20120217-1437,org.eclipse.pde.api.tools.comparator.tests,ClassDeltaTests,test141,19,1,0
eclipse.pde.ui-20120217-1437,org.eclipse.pde.api.tools.comparator.tests,ClassDeltaTests,test143,19,1,0
eclipse.pde.ui-20120217-1437,org.eclipse.pde.api.tools.comparator.tests,ClassDeltaTests,test144,19,1,0
eclipse.pde.ui-20120217-1437,org.eclipse.pde.api.tools.comparator.tests,ClassDeltaTests,test145,19,1,0
eclipse.pde.ui-20120217-1437,org.eclipse.pde.api.tools.comparator.tests,ClassDeltaTests,test146,18,1,0
eclipse.pde.ui-20120217-1437,org.eclipse.pde.api.tools.comparator.tests,ClassDeltaTests,test147,18,1,0
eclipse.pde.ui-20120217-1437,org.eclipse.pde.api.tools.comparator.tests,ClassDeltaTests,test148,18,1,0
eclipse.pde.ui-20120217-1437,org.eclipse.pde.api.tools.comparator.tests,ClassDeltaTests,test149,18,1,0
eclipse.pde.ui-20120217-1437,org.eclipse.pde.api.tools.comparator.tests,ClassDeltaTests,test150,18,1,0
eclipse.pde.ui-20120217-1437,org.eclipse.pde.api.tools.comparator.tests,ClassDeltaTests,test151,18,1,0
eclipse.pde.ui-20120217-1437,org.eclipse.pde.api.tools.comparator.tests,ClassDeltaTests,test152,18,1,0
eclipse.pde.ui-20120217-1437,org.eclipse.pde.api.tools.comparator.tests,ClassDeltaTests,test153,23,1,0
eclipse.pde.ui-20120217-1437,org.eclipse.pde.api.tools.comparator.tests,ClassDeltaTests,test154,23,1,0
eclipse.pde.ui-20120217-1437,org.eclipse.pde.api.tools.comparator.tests,ClassDeltaTests,test155,18,1,0
eclipse.pde.ui-20120217-1437,org.eclipse.pde.api.tools.comparator.tests,ClassDeltaTests,test156,18,1,0
eclipse.pde.ui-20120217-1437,org.eclipse.pde.api.tools.comparator.tests,MyDeltaVisitor,MyDeltaVisitor,3,1,0
eclipse.pde.ui-20120217-1437,org.eclipse.pde.api.tools.comparator.tests,MyDeltaVisitor,visit,16,4,1
eclipse.pde.ui-20120217-1437,org.eclipse.pde.api.tools.comparator.tests,MyDeltaVisitor,endVisit,6,2,1
eclipse.pde.ui-20120217-1437,org.eclipse.pde.api.tools.comparator.tests,DeltaTestSetup,DeltaTestSetup,3,1,1
eclipse.pde.ui-20120217-1437,org.eclipse.pde.api.tools.comparator.tests,DeltaTestSetup,collect0,12,3,2
eclipse.pde.ui-20120217-1437,org.eclipse.pde.api.tools.comparator.tests,DeltaTestSetup,collectLeaves,37,6,1
eclipse.pde.ui-20120217-1437,org.eclipse.pde.api.tools.comparator.tests,DeltaTestSetup,compare,13,3,2
eclipse.pde.ui-20120217-1437,org.eclipse.pde.api.tools.comparator.tests,DeltaTestSetup,copyResources,20,3,3
eclipse.pde.ui-20120217-1437,org.eclipse.pde.api.tools.comparator.tests,DeltaTestSetup,deployBundle,3,1,2
eclipse.pde.ui-20120217-1437,org.eclipse.pde.api.tools.comparator.tests,DeltaTestSetup,deployBundle,7,1,3
eclipse.pde.ui-20120217-1437,org.eclipse.pde.api.tools.comparator.tests,DeltaTestSetup,deployBundles,4,1,1
eclipse.pde.ui-20120217-1437,org.eclipse.pde.api.tools.comparator.tests,DeltaTestSetup,getAfterState,10,1,0
eclipse.pde.ui-20120217-1437,org.eclipse.pde.api.tools.comparator.tests,DeltaTestSetup,getBaseLineFolder,3,1,1
eclipse.pde.ui-20120217-1437,org.eclipse.pde.api.tools.comparator.tests,DeltaTestSetup,getBeforeState,10,1,0
eclipse.pde.ui-20120217-1437,org.eclipse.pde.api.tools.comparator.tests,DeltaTestSetup,getTestRoot,0,1,0
eclipse.pde.ui-20120217-1437,org.eclipse.pde.api.tools.comparator.tests,DeltaTestSetup,setUp,4,1,0
eclipse.pde.ui-20120217-1437,org.eclipse.pde.api.tools.comparator.tests,DeltaTestSetup,tearDown,10,3,0
eclipse.pde.ui-20120217-1437,org.eclipse.pde.api.tools.comparator.tests,EnumDeltaTests,suite,3,1,0
eclipse.pde.ui-20120217-1437,org.eclipse.pde.api.tools.comparator.tests,EnumDeltaTests,EnumDeltaTests,3,1,1
eclipse.pde.ui-20120217-1437,org.eclipse.pde.api.tools.comparator.tests,EnumDeltaTests,getTestRoot,3,1,0
eclipse.pde.ui-20120217-1437,org.eclipse.pde.api.tools.comparator.tests,EnumDeltaTests,test1,18,1,0
eclipse.pde.ui-20120217-1437,org.eclipse.pde.api.tools.comparator.tests,EnumDeltaTests,test2,23,1,0
eclipse.pde.ui-20120217-1437,org.eclipse.pde.api.tools.comparator.tests,EnumDeltaTests,test3,25,1,0
eclipse.pde.ui-20120217-1437,org.eclipse.pde.api.tools.comparator.tests,EnumDeltaTests,test4,25,1,0
eclipse.pde.ui-20120217-1437,org.eclipse.pde.api.tools.comparator.tests,EnumDeltaTests,test5,18,1,0
eclipse.pde.ui-20120217-1437,org.eclipse.pde.api.tools.comparator.tests,EnumDeltaTests,test6,13,1,0
eclipse.pde.ui-20120217-1437,org.eclipse.pde.api.tools.comparator.tests,EnumDeltaTests,test7,19,1,0
eclipse.pde.ui-20120217-1437,org.eclipse.pde.api.tools.comparator.tests,EnumDeltaTests,test8,19,1,0
eclipse.pde.ui-20120217-1437,org.eclipse.pde.api.tools.comparator.tests,EnumDeltaTests,test9,19,1,0
eclipse.pde.ui-20120217-1437,org.eclipse.pde.api.tools.comparator.tests,EnumDeltaTests,test10,12,1,0
eclipse.pde.ui-20120217-1437,org.eclipse.pde.api.tools.comparator.tests,EnumDeltaTests,test11,19,1,0
eclipse.pde.ui-20120217-1437,org.eclipse.pde.api.tools.comparator.tests,EnumDeltaTests,test12,19,1,0
eclipse.pde.ui-20120217-1437,org.eclipse.pde.api.tools.comparator.tests,EnumDeltaTests,test13,19,1,0
eclipse.pde.ui-20120217-1437,org.eclipse.pde.api.tools.comparator.tests,EnumDeltaTests,test14,18,1,0
eclipse.pde.ui-20120217-1437,org.eclipse.pde.api.tools.comparator.tests,EnumDeltaTests,test15,18,1,0
eclipse.pde.ui-20120217-1437,org.eclipse.pde.api.tools.comparator.tests,FieldDeltaTests,suite,3,1,0
eclipse.pde.ui-20120217-1437,org.eclipse.pde.api.tools.comparator.tests,FieldDeltaTests,FieldDeltaTests,3,1,1
eclipse.pde.ui-20120217-1437,org.eclipse.pde.api.tools.comparator.tests,FieldDeltaTests,getTestRoot,3,1,0
eclipse.pde.ui-20120217-1437,org.eclipse.pde.api.tools.comparator.tests,FieldDeltaTests,test1,18,1,0
eclipse.pde.ui-20120217-1437,org.eclipse.pde.api.tools.comparator.tests,FieldDeltaTests,test10,18,1,0
eclipse.pde.ui-20120217-1437,org.eclipse.pde.api.tools.comparator.tests,FieldDeltaTests,test11,18,1,0
eclipse.pde.ui-20120217-1437,org.eclipse.pde.api.tools.comparator.tests,FieldDeltaTests,test12,23,1,0
eclipse.pde.ui-20120217-1437,org.eclipse.pde.api.tools.comparator.tests,FieldDeltaTests,test13,23,1,0
eclipse.pde.ui-20120217-1437,org.eclipse.pde.api.tools.comparator.tests,FieldDeltaTests,test14,23,1,0
eclipse.pde.ui-20120217-1437,org.eclipse.pde.api.tools.comparator.tests,FieldDeltaTests,test15,18,1,0
eclipse.pde.ui-20120217-1437,org.eclipse.pde.api.tools.comparator.tests,FieldDeltaTests,test16,18,1,0
eclipse.pde.ui-20120217-1437,org.eclipse.pde.api.tools.comparator.tests,FieldDeltaTests,test17,18,1,0
eclipse.pde.ui-20120217-1437,org.eclipse.pde.api.tools.comparator.tests,FieldDeltaTests,test18,18,1,0
eclipse.pde.ui-20120217-1437,org.eclipse.pde.api.tools.comparator.tests,FieldDeltaTests,test19,18,1,0
eclipse.pde.ui-20120217-1437,org.eclipse.pde.api.tools.comparator.tests,FieldDeltaTests,test2,18,1,0
eclipse.pde.ui-20120217-1437,org.eclipse.pde.api.tools.comparator.tests,FieldDeltaTests,test20,18,1,0
eclipse.pde.ui-20120217-1437,org.eclipse.pde.api.tools.comparator.tests,FieldDeltaTests,test21,18,1,0
eclipse.pde.ui-20120217-1437,org.eclipse.pde.api.tools.comparator.tests,FieldDeltaTests,test22,23,1,0
eclipse.pde.ui-20120217-1437,org.eclipse.pde.api.tools.comparator.tests,FieldDeltaTests,test23,24,1,0
eclipse.pde.ui-20120217-1437,org.eclipse.pde.api.tools.comparator.tests,FieldDeltaTests,test24,19,1,0
eclipse.pde.ui-20120217-1437,org.eclipse.pde.api.tools.comparator.tests,FieldDeltaTests,test25,24,1,0
eclipse.pde.ui-20120217-1437,org.eclipse.pde.api.tools.comparator.tests,FieldDeltaTests,test26,19,1,0
eclipse.pde.ui-20120217-1437,org.eclipse.pde.api.tools.comparator.tests,FieldDeltaTests,test27,25,1,0
eclipse.pde.ui-20120217-1437,org.eclipse.pde.api.tools.comparator.tests,FieldDeltaTests,test28,20,1,0
eclipse.pde.ui-20120217-1437,org.eclipse.pde.api.tools.comparator.tests,FieldDeltaTests,test29,18,1,0
eclipse.pde.ui-20120217-1437,org.eclipse.pde.api.tools.comparator.tests,FieldDeltaTests,test3,19,1,0
eclipse.pde.ui-20120217-1437,org.eclipse.pde.api.tools.comparator.tests,FieldDeltaTests,test30,18,1,0
eclipse.pde.ui-20120217-1437,org.eclipse.pde.api.tools.comparator.tests,FieldDeltaTests,test31,18,1,0
eclipse.pde.ui-20120217-1437,org.eclipse.pde.api.tools.comparator.tests,FieldDeltaTests,test32,18,1,0
eclipse.pde.ui-20120217-1437,org.eclipse.pde.api.tools.comparator.tests,FieldDeltaTests,test33,18,1,0
eclipse.pde.ui-20120217-1437,org.eclipse.pde.api.tools.comparator.tests,FieldDeltaTests,test34,23,1,0
eclipse.pde.ui-20120217-1437,org.eclipse.pde.api.tools.comparator.tests,FieldDeltaTests,test35,20,1,0
eclipse.pde.ui-20120217-1437,org.eclipse.pde.api.tools.comparator.tests,FieldDeltaTests,test36,25,1,0
eclipse.pde.ui-20120217-1437,org.eclipse.pde.api.tools.comparator.tests,FieldDeltaTests,test37,19,1,0
eclipse.pde.ui-20120217-1437,org.eclipse.pde.api.tools.comparator.tests,FieldDeltaTests,test38,25,1,0
eclipse.pde.ui-20120217-1437,org.eclipse.pde.api.tools.comparator.tests,FieldDeltaTests,test39,28,1,0
eclipse.pde.ui-20120217-1437,org.eclipse.pde.api.tools.comparator.tests,FieldDeltaTests,test4,19,1,0
eclipse.pde.ui-20120217-1437,org.eclipse.pde.api.tools.comparator.tests,FieldDeltaTests,test40,43,1,0
eclipse.pde.ui-20120217-1437,org.eclipse.pde.api.tools.comparator.tests,FieldDeltaTests,test41,20,1,0
eclipse.pde.ui-20120217-1437,org.eclipse.pde.api.tools.comparator.tests,FieldDeltaTests,test42,18,1,0
eclipse.pde.ui-20120217-1437,org.eclipse.pde.api.tools.comparator.tests,FieldDeltaTests,test43,18,1,0
eclipse.pde.ui-20120217-1437,org.eclipse.pde.api.tools.comparator.tests,FieldDeltaTests,test44,18,1,0
eclipse.pde.ui-20120217-1437,org.eclipse.pde.api.tools.comparator.tests,FieldDeltaTests,test45,18,1,0
eclipse.pde.ui-20120217-1437,org.eclipse.pde.api.tools.comparator.tests,FieldDeltaTests,test46,13,1,0
eclipse.pde.ui-20120217-1437,org.eclipse.pde.api.tools.comparator.tests,FieldDeltaTests,test47,18,1,0
eclipse.pde.ui-20120217-1437,org.eclipse.pde.api.tools.comparator.tests,FieldDeltaTests,test48,18,1,0
eclipse.pde.ui-20120217-1437,org.eclipse.pde.api.tools.comparator.tests,FieldDeltaTests,test49,12,1,0
eclipse.pde.ui-20120217-1437,org.eclipse.pde.api.tools.comparator.tests,FieldDeltaTests,test5,13,1,0
eclipse.pde.ui-20120217-1437,org.eclipse.pde.api.tools.comparator.tests,FieldDeltaTests,test50,18,1,0
eclipse.pde.ui-20120217-1437,org.eclipse.pde.api.tools.comparator.tests,FieldDeltaTests,test51,18,1,0
eclipse.pde.ui-20120217-1437,org.eclipse.pde.api.tools.comparator.tests,FieldDeltaTests,test52,18,1,0
eclipse.pde.ui-20120217-1437,org.eclipse.pde.api.tools.comparator.tests,FieldDeltaTests,test53,18,1,0
eclipse.pde.ui-20120217-1437,org.eclipse.pde.api.tools.comparator.tests,FieldDeltaTests,test54,19,1,0
eclipse.pde.ui-20120217-1437,org.eclipse.pde.api.tools.comparator.tests,FieldDeltaTests,test55,12,1,0
eclipse.pde.ui-20120217-1437,org.eclipse.pde.api.tools.comparator.tests,FieldDeltaTests,test56,23,1,0
eclipse.pde.ui-20120217-1437,org.eclipse.pde.api.tools.comparator.tests,FieldDeltaTests,test57,23,1,0
eclipse.pde.ui-20120217-1437,org.eclipse.pde.api.tools.comparator.tests,FieldDeltaTests,test58,12,1,0
eclipse.pde.ui-20120217-1437,org.eclipse.pde.api.tools.comparator.tests,FieldDeltaTests,test59,20,1,0
eclipse.pde.ui-20120217-1437,org.eclipse.pde.api.tools.comparator.tests,FieldDeltaTests,test6,18,1,0
eclipse.pde.ui-20120217-1437,org.eclipse.pde.api.tools.comparator.tests,FieldDeltaTests,test60,19,1,0
eclipse.pde.ui-20120217-1437,org.eclipse.pde.api.tools.comparator.tests,FieldDeltaTests,test61,27,1,0
eclipse.pde.ui-20120217-1437,org.eclipse.pde.api.tools.comparator.tests,FieldDeltaTests,test62,20,1,0
eclipse.pde.ui-20120217-1437,org.eclipse.pde.api.tools.comparator.tests,FieldDeltaTests,test63,20,1,0
eclipse.pde.ui-20120217-1437,org.eclipse.pde.api.tools.comparator.tests,FieldDeltaTests,test64,27,1,0
eclipse.pde.ui-20120217-1437,org.eclipse.pde.api.tools.comparator.tests,FieldDeltaTests,test65,20,1,0
eclipse.pde.ui-20120217-1437,org.eclipse.pde.api.tools.comparator.tests,FieldDeltaTests,test66,20,1,0
eclipse.pde.ui-20120217-1437,org.eclipse.pde.api.tools.comparator.tests,FieldDeltaTests,test67,20,1,0
eclipse.pde.ui-20120217-1437,org.eclipse.pde.api.tools.comparator.tests,FieldDeltaTests,test68,20,1,0
eclipse.pde.ui-20120217-1437,org.eclipse.pde.api.tools.comparator.tests,FieldDeltaTests,test69,20,1,0
eclipse.pde.ui-20120217-1437,org.eclipse.pde.api.tools.comparator.tests,FieldDeltaTests,test7,18,1,0
eclipse.pde.ui-20120217-1437,org.eclipse.pde.api.tools.comparator.tests,FieldDeltaTests,test70,25,1,0
eclipse.pde.ui-20120217-1437,org.eclipse.pde.api.tools.comparator.tests,FieldDeltaTests,test71,25,1,0
eclipse.pde.ui-20120217-1437,org.eclipse.pde.api.tools.comparator.tests,FieldDeltaTests,test72,25,1,0
eclipse.pde.ui-20120217-1437,org.eclipse.pde.api.tools.comparator.tests,FieldDeltaTests,test73,25,1,0
eclipse.pde.ui-20120217-1437,org.eclipse.pde.api.tools.comparator.tests,FieldDeltaTests,test74,26,1,0
eclipse.pde.ui-20120217-1437,org.eclipse.pde.api.tools.comparator.tests,FieldDeltaTests,test75,20,1,0
eclipse.pde.ui-20120217-1437,org.eclipse.pde.api.tools.comparator.tests,FieldDeltaTests,test76,18,1,0
eclipse.pde.ui-20120217-1437,org.eclipse.pde.api.tools.comparator.tests,FieldDeltaTests,test77,18,1,0
eclipse.pde.ui-20120217-1437,org.eclipse.pde.api.tools.comparator.tests,FieldDeltaTests,test8,18,1,0
eclipse.pde.ui-20120217-1437,org.eclipse.pde.api.tools.comparator.tests,FieldDeltaTests,test9,18,1,0
eclipse.pde.ui-20120217-1437,org.eclipse.pde.api.tools.comparator.tests,InterfaceDeltaTests,suite,3,1,0
eclipse.pde.ui-20120217-1437,org.eclipse.pde.api.tools.comparator.tests,InterfaceDeltaTests,getTestRoot,3,1,0
eclipse.pde.ui-20120217-1437,org.eclipse.pde.api.tools.comparator.tests,InterfaceDeltaTests,InterfaceDeltaTests,3,1,1
eclipse.pde.ui-20120217-1437,org.eclipse.pde.api.tools.comparator.tests,InterfaceDeltaTests,test1,18,1,0
eclipse.pde.ui-20120217-1437,org.eclipse.pde.api.tools.comparator.tests,InterfaceDeltaTests,test2,18,1,0
eclipse.pde.ui-20120217-1437,org.eclipse.pde.api.tools.comparator.tests,InterfaceDeltaTests,test3,13,1,0
eclipse.pde.ui-20120217-1437,org.eclipse.pde.api.tools.comparator.tests,InterfaceDeltaTests,test4,18,1,0
eclipse.pde.ui-20120217-1437,org.eclipse.pde.api.tools.comparator.tests,InterfaceDeltaTests,test5,18,1,0
eclipse.pde.ui-20120217-1437,org.eclipse.pde.api.tools.comparator.tests,InterfaceDeltaTests,test6,23,1,0
eclipse.pde.ui-20120217-1437,org.eclipse.pde.api.tools.comparator.tests,InterfaceDeltaTests,test7,18,1,0
eclipse.pde.ui-20120217-1437,org.eclipse.pde.api.tools.comparator.tests,InterfaceDeltaTests,test8,33,1,0
eclipse.pde.ui-20120217-1437,org.eclipse.pde.api.tools.comparator.tests,InterfaceDeltaTests,test9,23,1,0
eclipse.pde.ui-20120217-1437,org.eclipse.pde.api.tools.comparator.tests,InterfaceDeltaTests,test10,18,1,0
eclipse.pde.ui-20120217-1437,org.eclipse.pde.api.tools.comparator.tests,InterfaceDeltaTests,test11,18,1,0
eclipse.pde.ui-20120217-1437,org.eclipse.pde.api.tools.comparator.tests,InterfaceDeltaTests,test12,18,1,0
eclipse.pde.ui-20120217-1437,org.eclipse.pde.api.tools.comparator.tests,InterfaceDeltaTests,test13,18,1,0
eclipse.pde.ui-20120217-1437,org.eclipse.pde.api.tools.comparator.tests,InterfaceDeltaTests,test14,19,1,0
eclipse.pde.ui-20120217-1437,org.eclipse.pde.api.tools.comparator.tests,InterfaceDeltaTests,test30,19,1,0
eclipse.pde.ui-20120217-1437,org.eclipse.pde.api.tools.comparator.tests,InterfaceDeltaTests,test31,19,1,0
eclipse.pde.ui-20120217-1437,org.eclipse.pde.api.tools.comparator.tests,InterfaceDeltaTests,test15,19,1,0
eclipse.pde.ui-20120217-1437,org.eclipse.pde.api.tools.comparator.tests,InterfaceDeltaTests,test16,24,1,0
eclipse.pde.ui-20120217-1437,org.eclipse.pde.api.tools.comparator.tests,InterfaceDeltaTests,test32,24,1,0
eclipse.pde.ui-20120217-1437,org.eclipse.pde.api.tools.comparator.tests,InterfaceDeltaTests,test33,24,1,0
eclipse.pde.ui-20120217-1437,org.eclipse.pde.api.tools.comparator.tests,InterfaceDeltaTests,test17,24,1,0
eclipse.pde.ui-20120217-1437,org.eclipse.pde.api.tools.comparator.tests,InterfaceDeltaTests,test18,19,1,0
eclipse.pde.ui-20120217-1437,org.eclipse.pde.api.tools.comparator.tests,InterfaceDeltaTests,test19,19,1,0
eclipse.pde.ui-20120217-1437,org.eclipse.pde.api.tools.comparator.tests,InterfaceDeltaTests,test20,25,1,0
eclipse.pde.ui-20120217-1437,org.eclipse.pde.api.tools.comparator.tests,InterfaceDeltaTests,test21,18,1,0
eclipse.pde.ui-20120217-1437,org.eclipse.pde.api.tools.comparator.tests,InterfaceDeltaTests,test22,25,1,0
eclipse.pde.ui-20120217-1437,org.eclipse.pde.api.tools.comparator.tests,InterfaceDeltaTests,test23,24,1,0
eclipse.pde.ui-20120217-1437,org.eclipse.pde.api.tools.comparator.tests,InterfaceDeltaTests,test24,23,1,0
eclipse.pde.ui-20120217-1437,org.eclipse.pde.api.tools.comparator.tests,InterfaceDeltaTests,test25,23,1,0
eclipse.pde.ui-20120217-1437,org.eclipse.pde.api.tools.comparator.tests,InterfaceDeltaTests,test26,23,1,0
eclipse.pde.ui-20120217-1437,org.eclipse.pde.api.tools.comparator.tests,InterfaceDeltaTests,test34,23,1,0
eclipse.pde.ui-20120217-1437,org.eclipse.pde.api.tools.comparator.tests,InterfaceDeltaTests,test35,23,1,0
eclipse.pde.ui-20120217-1437,org.eclipse.pde.api.tools.comparator.tests,InterfaceDeltaTests,test27,28,1,0
eclipse.pde.ui-20120217-1437,org.eclipse.pde.api.tools.comparator.tests,InterfaceDeltaTests,test28,23,1,0
eclipse.pde.ui-20120217-1437,org.eclipse.pde.api.tools.comparator.tests,InterfaceDeltaTests,test36,23,1,0
eclipse.pde.ui-20120217-1437,org.eclipse.pde.api.tools.comparator.tests,InterfaceDeltaTests,test37,23,1,0
eclipse.pde.ui-20120217-1437,org.eclipse.pde.api.tools.comparator.tests,InterfaceDeltaTests,test38,19,1,0
eclipse.pde.ui-20120217-1437,org.eclipse.pde.api.tools.comparator.tests,InterfaceDeltaTests,test39,18,1,0
eclipse.pde.ui-20120217-1437,org.eclipse.pde.api.tools.comparator.tests,InterfaceDeltaTests,test40,18,1,0
eclipse.pde.ui-20120217-1437,org.eclipse.pde.api.tools.comparator.tests,InterfaceDeltaTests,test41,15,1,0
eclipse.pde.ui-20120217-1437,org.eclipse.pde.api.tools.comparator.tests,MethodDeltaTests,suite,3,1,0
eclipse.pde.ui-20120217-1437,org.eclipse.pde.api.tools.comparator.tests,MethodDeltaTests,MethodDeltaTests,3,1,1
eclipse.pde.ui-20120217-1437,org.eclipse.pde.api.tools.comparator.tests,MethodDeltaTests,getTestRoot,3,1,0
eclipse.pde.ui-20120217-1437,org.eclipse.pde.api.tools.comparator.tests,MethodDeltaTests,test1,13,1,0
eclipse.pde.ui-20120217-1437,org.eclipse.pde.api.tools.comparator.tests,MethodDeltaTests,test2,13,1,0
eclipse.pde.ui-20120217-1437,org.eclipse.pde.api.tools.comparator.tests,MethodDeltaTests,test3,24,1,0
eclipse.pde.ui-20120217-1437,org.eclipse.pde.api.tools.comparator.tests,MethodDeltaTests,test4,24,1,0
eclipse.pde.ui-20120217-1437,org.eclipse.pde.api.tools.comparator.tests,MethodDeltaTests,test5,24,1,0
eclipse.pde.ui-20120217-1437,org.eclipse.pde.api.tools.comparator.tests,MethodDeltaTests,test6,24,1,0
eclipse.pde.ui-20120217-1437,org.eclipse.pde.api.tools.comparator.tests,MethodDeltaTests,test7,24,1,0
eclipse.pde.ui-20120217-1437,org.eclipse.pde.api.tools.comparator.tests,MethodDeltaTests,test8,18,1,0
eclipse.pde.ui-20120217-1437,org.eclipse.pde.api.tools.comparator.tests,MethodDeltaTests,test9,18,1,0
eclipse.pde.ui-20120217-1437,org.eclipse.pde.api.tools.comparator.tests,MethodDeltaTests,test10,18,1,0
eclipse.pde.ui-20120217-1437,org.eclipse.pde.api.tools.comparator.tests,MethodDeltaTests,test11,18,1,0
eclipse.pde.ui-20120217-1437,org.eclipse.pde.api.tools.comparator.tests,MethodDeltaTests,test12,13,1,0
eclipse.pde.ui-20120217-1437,org.eclipse.pde.api.tools.comparator.tests,MethodDeltaTests,test13,18,1,0
eclipse.pde.ui-20120217-1437,org.eclipse.pde.api.tools.comparator.tests,MethodDeltaTests,test14,18,1,0
eclipse.pde.ui-20120217-1437,org.eclipse.pde.api.tools.comparator.tests,MethodDeltaTests,test15,18,1,0
eclipse.pde.ui-20120217-1437,org.eclipse.pde.api.tools.comparator.tests,MethodDeltaTests,test16,18,1,0
eclipse.pde.ui-20120217-1437,org.eclipse.pde.api.tools.comparator.tests,MethodDeltaTests,test17,18,1,0
eclipse.pde.ui-20120217-1437,org.eclipse.pde.api.tools.comparator.tests,MethodDeltaTests,test18,19,1,0
eclipse.pde.ui-20120217-1437,org.eclipse.pde.api.tools.comparator.tests,MethodDeltaTests,test19,18,1,0
eclipse.pde.ui-20120217-1437,org.eclipse.pde.api.tools.comparator.tests,MethodDeltaTests,test20,19,1,0
eclipse.pde.ui-20120217-1437,org.eclipse.pde.api.tools.comparator.tests,MethodDeltaTests,test21,18,1,0
eclipse.pde.ui-20120217-1437,org.eclipse.pde.api.tools.comparator.tests,MethodDeltaTests,test22,18,1,0
eclipse.pde.ui-20120217-1437,org.eclipse.pde.api.tools.comparator.tests,MethodDeltaTests,test23,18,1,0
eclipse.pde.ui-20120217-1437,org.eclipse.pde.api.tools.comparator.tests,MethodDeltaTests,test24,19,1,0
eclipse.pde.ui-20120217-1437,org.eclipse.pde.api.tools.comparator.tests,MethodDeltaTests,test25,18,1,0
eclipse.pde.ui-20120217-1437,org.eclipse.pde.api.tools.comparator.tests,MethodDeltaTests,test26,20,1,0
eclipse.pde.ui-20120217-1437,org.eclipse.pde.api.tools.comparator.tests,MethodDeltaTests,test27,18,1,0
eclipse.pde.ui-20120217-1437,org.eclipse.pde.api.tools.comparator.tests,MethodDeltaTests,test28,18,1,0
eclipse.pde.ui-20120217-1437,org.eclipse.pde.api.tools.comparator.tests,MethodDeltaTests,test29,18,1,0
eclipse.pde.ui-20120217-1437,org.eclipse.pde.api.tools.comparator.tests,MethodDeltaTests,test30,18,1,0
eclipse.pde.ui-20120217-1437,org.eclipse.pde.api.tools.comparator.tests,MethodDeltaTests,test31,18,1,0
eclipse.pde.ui-20120217-1437,org.eclipse.pde.api.tools.comparator.tests,MethodDeltaTests,test32,18,1,0
eclipse.pde.ui-20120217-1437,org.eclipse.pde.api.tools.comparator.tests,MethodDeltaTests,test33,18,1,0
eclipse.pde.ui-20120217-1437,org.eclipse.pde.api.tools.comparator.tests,MethodDeltaTests,test34,18,1,0
eclipse.pde.ui-20120217-1437,org.eclipse.pde.api.tools.comparator.tests,MethodDeltaTests,test35,18,1,0
eclipse.pde.ui-20120217-1437,org.eclipse.pde.api.tools.comparator.tests,MethodDeltaTests,test36,43,1,0
eclipse.pde.ui-20120217-1437,org.eclipse.pde.api.tools.comparator.tests,MethodDeltaTests,test37,18,1,0
eclipse.pde.ui-20120217-1437,org.eclipse.pde.api.tools.comparator.tests,MethodDeltaTests,test38,18,1,0
eclipse.pde.ui-20120217-1437,org.eclipse.pde.api.tools.comparator.tests,MethodDeltaTests,test39,18,1,0
eclipse.pde.ui-20120217-1437,org.eclipse.pde.api.tools.comparator.tests,MethodDeltaTests,test40,18,1,0
eclipse.pde.ui-20120217-1437,org.eclipse.pde.api.tools.comparator.tests,MethodDeltaTests,test41,18,1,0
eclipse.pde.ui-20120217-1437,org.eclipse.pde.api.tools.comparator.tests,MethodDeltaTests,test42,18,1,0
eclipse.pde.ui-20120217-1437,org.eclipse.pde.api.tools.comparator.tests,MethodDeltaTests,test43,18,1,0
eclipse.pde.ui-20120217-1437,org.eclipse.pde.api.tools.comparator.tests,MethodDeltaTests,test44,18,1,0
eclipse.pde.ui-20120217-1437,org.eclipse.pde.api.tools.comparator.tests,MethodDeltaTests,test45,18,1,0
eclipse.pde.ui-20120217-1437,org.eclipse.pde.api.tools.comparator.tests,MethodDeltaTests,test46,18,1,0
eclipse.pde.ui-20120217-1437,org.eclipse.pde.api.tools.comparator.tests,MethodDeltaTests,test47,25,1,0
eclipse.pde.ui-20120217-1437,org.eclipse.pde.api.tools.comparator.tests,MethodDeltaTests,test48,19,1,0
eclipse.pde.ui-20120217-1437,org.eclipse.pde.api.tools.comparator.tests,MethodDeltaTests,test49,19,1,0
eclipse.pde.ui-20120217-1437,org.eclipse.pde.api.tools.comparator.tests,MethodDeltaTests,test50,12,1,0
eclipse.pde.ui-20120217-1437,org.eclipse.pde.api.tools.comparator.tests,MethodDeltaTests,test51,19,1,0
eclipse.pde.ui-20120217-1437,org.eclipse.pde.api.tools.comparator.tests,MethodDeltaTests,test52,19,1,0
eclipse.pde.ui-20120217-1437,org.eclipse.pde.api.tools.comparator.tests,MethodDeltaTests,test53,20,1,0
eclipse.pde.ui-20120217-1437,org.eclipse.pde.api.tools.comparator.tests,MethodDeltaTests,test54,20,1,0
eclipse.pde.ui-20120217-1437,org.eclipse.pde.api.tools.comparator.tests,MethodDeltaTests,test55,20,1,0
eclipse.pde.ui-20120217-1437,org.eclipse.pde.api.tools.comparator.tests,MethodDeltaTests,test56,20,1,0
eclipse.pde.ui-20120217-1437,org.eclipse.pde.api.tools.comparator.tests,MethodDeltaTests,test57,20,1,0
eclipse.pde.ui-20120217-1437,org.eclipse.pde.api.tools.comparator.tests,MethodDeltaTests,test58,20,1,0
eclipse.pde.ui-20120217-1437,org.eclipse.pde.api.tools.comparator.tests,MethodDeltaTests,test59,18,1,0
eclipse.pde.ui-20120217-1437,org.eclipse.pde.api.tools.comparator.tests,MethodDeltaTests,test60,18,1,0
eclipse.pde.ui-20120217-1437,org.eclipse.pde.api.tools.comparator.tests,MethodDeltaTests,test61,20,1,0
eclipse.pde.ui-20120217-1437,org.eclipse.pde.api.tools.comparator.tests,MethodDeltaTests,test62,20,1,0
eclipse.pde.ui-20120217-1437,org.eclipse.pde.api.tools.comparator.tests,MethodDeltaTests,test63,19,1,0
eclipse.pde.ui-20120217-1437,org.eclipse.pde.api.tools.comparator.tests,MethodDeltaTests,test64,19,1,0
eclipse.pde.ui-20120217-1437,org.eclipse.pde.api.tools.comparator.tests,MethodDeltaTests,test65,12,1,0
eclipse.pde.ui-20120217-1437,org.eclipse.pde.api.tools.comparator.tests,MethodDeltaTests,test66,19,1,0
eclipse.pde.ui-20120217-1437,org.eclipse.pde.api.tools.comparator.tests,MethodDeltaTests,test67,19,1,0
eclipse.pde.ui-20120217-1437,org.eclipse.pde.api.tools.comparator.tests,MethodDeltaTests,test68,19,1,0
eclipse.pde.ui-20120217-1437,org.eclipse.pde.api.tools.comparator.tests,MethodDeltaTests,test69,12,1,0
eclipse.pde.ui-20120217-1437,org.eclipse.pde.api.tools.comparator.tests,MethodDeltaTests,test70,19,1,0
eclipse.pde.ui-20120217-1437,org.eclipse.pde.api.tools.comparator.tests,MethodDeltaTests,test71,19,1,0
eclipse.pde.ui-20120217-1437,org.eclipse.pde.api.tools.comparator.tests,MethodDeltaTests,test72,19,1,0
eclipse.pde.ui-20120217-1437,org.eclipse.pde.api.tools.comparator.tests,MethodDeltaTests,test73,12,1,0
eclipse.pde.ui-20120217-1437,org.eclipse.pde.api.tools.comparator.tests,MethodDeltaTests,test74,19,1,0
eclipse.pde.ui-20120217-1437,org.eclipse.pde.api.tools.comparator.tests,MethodDeltaTests,test75,19,1,0
eclipse.pde.ui-20120217-1437,org.eclipse.pde.api.tools.comparator.tests,MethodDeltaTests,test76,19,1,0
eclipse.pde.ui-20120217-1437,org.eclipse.pde.api.tools.comparator.tests,MethodDeltaTests,test77,12,1,0
eclipse.pde.ui-20120217-1437,org.eclipse.pde.api.tools.comparator.tests,MethodDeltaTests,test78,19,1,0
eclipse.pde.ui-20120217-1437,org.eclipse.pde.api.tools.comparator.tests,MethodDeltaTests,test79,31,1,0
eclipse.pde.ui-20120217-1437,org.eclipse.pde.api.tools.comparator.tests,MethodDeltaTests,test80,12,1,0
eclipse.pde.ui-20120217-1437,org.eclipse.pde.api.tools.comparator.tests,MethodDeltaTests,test81,20,1,0
eclipse.pde.ui-20120217-1437,org.eclipse.pde.api.tools.comparator.tests,MethodDeltaTests,test82,21,1,0
eclipse.pde.ui-20120217-1437,org.eclipse.pde.api.tools.comparator.tests,MethodDeltaTests,test83,19,1,0
eclipse.pde.ui-20120217-1437,org.eclipse.pde.api.tools.comparator.tests,MethodDeltaTests,test84,19,1,0
eclipse.pde.ui-20120217-1437,org.eclipse.pde.api.tools.comparator.tests,MethodDeltaTests,test85,20,1,0
eclipse.pde.ui-20120217-1437,org.eclipse.pde.api.tools.comparator.tests,MethodDeltaTests,test86,20,1,0
eclipse.pde.ui-20120217-1437,org.eclipse.pde.api.tools.comparator.tests,MethodDeltaTests,test87,20,1,0
eclipse.pde.ui-20120217-1437,org.eclipse.pde.api.tools.comparator.tests,MethodDeltaTests,test88,20,1,0
eclipse.pde.ui-20120217-1437,org.eclipse.pde.api.tools.comparator.tests,MethodDeltaTests,test89,20,1,0
eclipse.pde.ui-20120217-1437,org.eclipse.pde.api.tools.comparator.tests,MethodDeltaTests,test90,20,1,0
eclipse.pde.ui-20120217-1437,org.eclipse.pde.api.tools.comparator.tests,MethodDeltaTests,test91,20,1,0
eclipse.pde.ui-20120217-1437,org.eclipse.pde.api.tools.comparator.tests,MethodDeltaTests,test92,20,1,0
eclipse.pde.ui-20120217-1437,org.eclipse.pde.api.tools.comparator.tests,MethodDeltaTests,test93,20,1,0
eclipse.pde.ui-20120217-1437,org.eclipse.pde.api.tools.comparator.tests,MethodDeltaTests,test94,19,1,0
eclipse.pde.ui-20120217-1437,org.eclipse.pde.api.tools.comparator.tests,MethodDeltaTests,test95,19,1,0
eclipse.pde.ui-20120217-1437,org.eclipse.pde.api.tools.comparator.tests,MethodDeltaTests,test96,19,1,0
eclipse.pde.ui-20120217-1437,org.eclipse.pde.api.tools.comparator.tests,MethodDeltaTests,test97,19,1,0
eclipse.pde.ui-20120217-1437,org.eclipse.pde.api.tools.comparator.tests,MethodDeltaTests,test98,19,1,0
eclipse.pde.ui-20120217-1437,org.eclipse.pde.api.tools.comparator.tests,MethodDeltaTests,test99,20,1,0
eclipse.pde.ui-20120217-1437,org.eclipse.pde.api.tools.comparator.tests,MethodDeltaTests,test100,12,1,0
eclipse.pde.ui-20120217-1437,org.eclipse.pde.api.tools.comparator.tests,MethodDeltaTests,test101,12,1,0
eclipse.pde.ui-20120217-1437,org.eclipse.pde.api.tools.comparator.tests,MethodDeltaTests,test102,12,1,0
eclipse.pde.ui-20120217-1437,org.eclipse.pde.api.tools.comparator.tests,MethodDeltaTests,test103,12,1,0
eclipse.pde.ui-20120217-1437,org.eclipse.pde.api.tools.comparator.tests,MethodDeltaTests,test104,20,1,0
eclipse.pde.ui-20120217-1437,org.eclipse.pde.api.tools.comparator.tests,MethodDeltaTests,test105,20,1,0
eclipse.pde.ui-20120217-1437,org.eclipse.pde.api.tools.comparator.tests,MethodDeltaTests,test106,20,1,0
eclipse.pde.ui-20120217-1437,org.eclipse.pde.api.tools.comparator.tests,MethodDeltaTests,test107,12,1,0
eclipse.pde.ui-20120217-1437,org.eclipse.pde.api.tools.comparator.tests,MethodDeltaTests,test108,18,1,0
eclipse.pde.ui-20120217-1437,org.eclipse.pde.api.tools.comparator.tests,MethodDeltaTests,test109,12,1,0
eclipse.pde.ui-20120217-1437,org.eclipse.pde.api.tools.comparator.tests,MethodDeltaTests,test110,23,1,0
eclipse.pde.ui-20120217-1437,org.eclipse.pde.api.tools.comparator.tests,MethodDeltaTests,test111,23,1,0
eclipse.pde.ui-20120217-1437,org.eclipse.pde.api.tools.comparator.tests,MethodDeltaTests,test112,18,1,0
eclipse.pde.ui-20120217-1437,org.eclipse.pde.api.tools.comparator.tests,MethodDeltaTests,test113,18,1,0
eclipse.pde.ui-20120217-1437,org.eclipse.pde.api.tools.comparator.tests,MethodDeltaTests,test114,18,1,0
eclipse.pde.ui-20120217-1437,org.eclipse.pde.api.tools.comparator.tests,MethodDeltaTests,test115,19,1,0
eclipse.pde.ui-20120217-1437,org.eclipse.pde.api.tools.comparator.tests,MethodDeltaTests,test116,19,1,0
eclipse.pde.ui-20120217-1437,org.eclipse.pde.api.tools.comparator.tests,MethodDeltaTests,test117,18,1,0
eclipse.pde.ui-20120217-1437,org.eclipse.pde.api.tools.comparator.tests,MethodDeltaTests,test118,19,1,0
eclipse.pde.ui-20120217-1437,org.eclipse.pde.api.tools.comparator.tests,MethodDeltaTests,test119,19,1,0
eclipse.pde.ui-20120217-1437,org.eclipse.pde.api.tools.comparator.tests,MethodDeltaTests,test120,19,1,0
eclipse.pde.ui-20120217-1437,org.eclipse.pde.api.tools.comparator.tests,MethodDeltaTests,test121,19,1,0
eclipse.pde.ui-20120217-1437,org.eclipse.pde.api.tools.comparator.tests,MethodDeltaTests,test122,31,1,0
eclipse.pde.ui-20120217-1437,org.eclipse.pde.api.tools.comparator.tests,MethodDeltaTests,test123,18,1,0
eclipse.pde.ui-20120217-1437,org.eclipse.pde.api.tools.comparator.tests,MethodDeltaTests,test124,18,1,0
eclipse.pde.ui-20120217-1437,org.eclipse.pde.api.tools.comparator.tests,MethodDeltaTests,test125,11,1,0
eclipse.pde.ui-20120217-1437,org.eclipse.pde.api.tools.comparator.tests,MethodDeltaTests,test126,20,1,0
eclipse.pde.ui-20120217-1437,org.eclipse.pde.api.tools.comparator.tests,MixedTypesDeltaTests,suite,3,1,0
eclipse.pde.ui-20120217-1437,org.eclipse.pde.api.tools.comparator.tests,MixedTypesDeltaTests,MixedTypesDeltaTests,3,1,1
eclipse.pde.ui-20120217-1437,org.eclipse.pde.api.tools.comparator.tests,MixedTypesDeltaTests,getTestRoot,3,1,0
eclipse.pde.ui-20120217-1437,org.eclipse.pde.api.tools.comparator.tests,MixedTypesDeltaTests,test1,18,1,0
eclipse.pde.ui-20120217-1437,org.eclipse.pde.api.tools.comparator.tests,MixedTypesDeltaTests,test2,18,1,0
eclipse.pde.ui-20120217-1437,org.eclipse.pde.api.tools.comparator.tests,MixedTypesDeltaTests,test3,18,1,0
eclipse.pde.ui-20120217-1437,org.eclipse.pde.api.tools.comparator.tests,MixedTypesDeltaTests,test4,18,1,0
eclipse.pde.ui-20120217-1437,org.eclipse.pde.api.tools.comparator.tests,MixedTypesDeltaTests,test5,18,1,0
eclipse.pde.ui-20120217-1437,org.eclipse.pde.api.tools.comparator.tests,MixedTypesDeltaTests,test6,18,1,0
eclipse.pde.ui-20120217-1437,org.eclipse.pde.api.tools.comparator.tests,MixedTypesDeltaTests,test7,18,1,0
eclipse.pde.ui-20120217-1437,org.eclipse.pde.api.tools.comparator.tests,MixedTypesDeltaTests,test8,18,1,0
eclipse.pde.ui-20120217-1437,org.eclipse.pde.api.tools.comparator.tests,MixedTypesDeltaTests,test9,18,1,0
eclipse.pde.ui-20120217-1437,org.eclipse.pde.api.tools.comparator.tests,MixedTypesDeltaTests,test10,18,1,0
eclipse.pde.ui-20120217-1437,org.eclipse.pde.api.tools.comparator.tests,MixedTypesDeltaTests,test11,18,1,0
eclipse.pde.ui-20120217-1437,org.eclipse.pde.api.tools.comparator.tests,MixedTypesDeltaTests,test12,18,1,0
eclipse.pde.ui-20120217-1437,org.eclipse.pde.api.tools.comparator.tests,RestrictionsDeltaTests,suite,3,1,0
eclipse.pde.ui-20120217-1437,org.eclipse.pde.api.tools.comparator.tests,RestrictionsDeltaTests,RestrictionsDeltaTests,3,1,1
eclipse.pde.ui-20120217-1437,org.eclipse.pde.api.tools.comparator.tests,RestrictionsDeltaTests,getTestRoot,3,1,0
eclipse.pde.ui-20120217-1437,org.eclipse.pde.api.tools.comparator.tests,RestrictionsDeltaTests,test1,24,1,0
eclipse.pde.ui-20120217-1437,org.eclipse.pde.api.tools.comparator.tests,RestrictionsDeltaTests,test2,24,1,0
eclipse.pde.ui-20120217-1437,org.eclipse.pde.api.tools.comparator.tests,RestrictionsDeltaTests,test3,24,1,0
eclipse.pde.ui-20120217-1437,org.eclipse.pde.api.tools.comparator.tests,RestrictionsDeltaTests,test4,20,1,0
eclipse.pde.ui-20120217-1437,org.eclipse.pde.api.tools.comparator.tests,RestrictionsDeltaTests,test5,20,1,0
eclipse.pde.ui-20120217-1437,org.eclipse.pde.api.tools.comparator.tests,RestrictionsDeltaTests,test6,14,1,0
eclipse.pde.ui-20120217-1437,org.eclipse.pde.api.tools.comparator.tests,RestrictionsDeltaTests,test7,14,1,0
eclipse.pde.ui-20120217-1437,org.eclipse.pde.api.tools.comparator.tests,RestrictionsDeltaTests,test8,14,1,0
eclipse.pde.ui-20120217-1437,org.eclipse.pde.api.tools.comparator.tests,RestrictionsDeltaTests,test9,14,1,0
eclipse.pde.ui-20120217-1437,org.eclipse.pde.api.tools.comparator.tests,RestrictionsDeltaTests,test10,14,1,0
eclipse.pde.ui-20120217-1437,org.eclipse.pde.api.tools.comparator.tests,RestrictionsDeltaTests,test11,14,1,0
eclipse.pde.ui-20120217-1437,org.eclipse.pde.api.tools.comparator.tests,RestrictionsDeltaTests,test12,20,1,0
eclipse.pde.ui-20120217-1437,org.eclipse.pde.api.tools.comparator.tests,RestrictionsDeltaTests,test13,20,1,0
eclipse.pde.ui-20120217-1437,org.eclipse.pde.api.tools.comparator.tests,RestrictionsDeltaTests,test14,20,1,0
eclipse.pde.ui-20120217-1437,org.eclipse.pde.api.tools.model.tests,ApiBaselineTests,setUp,13,2,0
eclipse.pde.ui-20120217-1437,org.eclipse.pde.api.tools.model.tests,ApiBaselineTests,testResolvePackage,7,1,0
eclipse.pde.ui-20120217-1437,org.eclipse.pde.api.tools.model.tests,ApiBaselineTests,testResolvePackageWithinComponent,7,1,0
eclipse.pde.ui-20120217-1437,org.eclipse.pde.api.tools.model.tests,ApiBaselineTests,testResolveJavaLangPackage,7,1,0
eclipse.pde.ui-20120217-1437,org.eclipse.pde.api.tools.model.tests,ApiBaselineTests,testResolveSystemPackage,7,1,0
eclipse.pde.ui-20120217-1437,org.eclipse.pde.api.tools.model.tests,ApiBaselineTests,testFindJavaLangObject,10,1,0
eclipse.pde.ui-20120217-1437,org.eclipse.pde.api.tools.model.tests,ApiBaselineTests,validateComponent,14,2,6
eclipse.pde.ui-20120217-1437,org.eclipse.pde.api.tools.model.tests,ApiBaselineTests,testNestedJarComponent,23,5,0
eclipse.pde.ui-20120217-1437,org.eclipse.pde.api.tools.model.tests,ApiBaselineTests,testXFriendsDirective,9,1,0
eclipse.pde.ui-20120217-1437,org.eclipse.pde.api.tools.model.tests,ApiBaselineTests,testXInternalDirective,9,1,0
eclipse.pde.ui-20120217-1437,org.eclipse.pde.api.tools.model.tests,ApiBaselineTests,testUsesDirective,9,1,0
eclipse.pde.ui-20120217-1437,org.eclipse.pde.api.tools.model.tests,ApiBaselineTests,testNotExported,9,1,0
eclipse.pde.ui-20120217-1437,org.eclipse.pde.api.tools.model.tests,ApiBaselineTests,testPrerequisites,11,3,0
eclipse.pde.ui-20120217-1437,org.eclipse.pde.api.tools.model.tests,ApiBaselineTests,testDependents,12,3,0
eclipse.pde.ui-20120217-1437,org.eclipse.pde.api.tools.model.tests,ApiBaselineTests,testGetLocation,5,1,0
eclipse.pde.ui-20120217-1437,org.eclipse.pde.api.tools.model.tests,ApiDescriptionTests,ElementDescription,5,1,3
eclipse.pde.ui-20120217-1437,org.eclipse.pde.api.tools.model.tests,ApiDescriptionTests,ElementDescription,4,1,4
eclipse.pde.ui-20120217-1437,org.eclipse.pde.api.tools.model.tests,ApiDescriptionTests,toString,3,1,0
eclipse.pde.ui-20120217-1437,org.eclipse.pde.api.tools.model.tests,ApiDescriptionTests,newDescription,3,1,3
eclipse.pde.ui-20120217-1437,org.eclipse.pde.api.tools.model.tests,ApiDescriptionTests,newDescription,3,1,0
eclipse.pde.ui-20120217-1437,org.eclipse.pde.api.tools.model.tests,ApiDescriptionTests,buildManifest,29,1,0
eclipse.pde.ui-20120217-1437,org.eclipse.pde.api.tools.model.tests,ApiDescriptionTests,buildModifiableManifest,24,1,0
eclipse.pde.ui-20120217-1437,org.eclipse.pde.api.tools.model.tests,ApiDescriptionTests,testVisitTypes,4,1,0
eclipse.pde.ui-20120217-1437,org.eclipse.pde.api.tools.model.tests,ApiDescriptionTests,testRestoreFromXML,102,1,0
eclipse.pde.ui-20120217-1437,org.eclipse.pde.api.tools.model.tests,ApiDescriptionTests,visitElement,7,1,2
eclipse.pde.ui-20120217-1437,org.eclipse.pde.api.tools.model.tests,ApiDescriptionTests,endVisitElement,6,1,2
eclipse.pde.ui-20120217-1437,org.eclipse.pde.api.tools.model.tests,ApiDescriptionTests,getApiDescriptionXML,5,1,1
eclipse.pde.ui-20120217-1437,org.eclipse.pde.api.tools.model.tests,ApiDescriptionTests,testPersistRestoreXML,60,3,0
eclipse.pde.ui-20120217-1437,org.eclipse.pde.api.tools.model.tests,ApiDescriptionTests,visitElement,4,1,2
eclipse.pde.ui-20120217-1437,org.eclipse.pde.api.tools.model.tests,ApiDescriptionTests,endVisitElement,4,1,2
eclipse.pde.ui-20120217-1437,org.eclipse.pde.api.tools.model.tests,ApiDescriptionTests,visitElement,8,1,2
eclipse.pde.ui-20120217-1437,org.eclipse.pde.api.tools.model.tests,ApiDescriptionTests,endVisitElement,7,1,2
eclipse.pde.ui-20120217-1437,org.eclipse.pde.api.tools.model.tests,ApiDescriptionTests,doVisitTypes,100,1,1
eclipse.pde.ui-20120217-1437,org.eclipse.pde.api.tools.model.tests,ApiDescriptionTests,visitElement,7,1,2
eclipse.pde.ui-20120217-1437,org.eclipse.pde.api.tools.model.tests,ApiDescriptionTests,endVisitElement,6,1,2
eclipse.pde.ui-20120217-1437,org.eclipse.pde.api.tools.model.tests,ApiDescriptionTests,testVisitPackages,34,1,0
eclipse.pde.ui-20120217-1437,org.eclipse.pde.api.tools.model.tests,ApiDescriptionTests,visitElement,7,1,2
eclipse.pde.ui-20120217-1437,org.eclipse.pde.api.tools.model.tests,ApiDescriptionTests,endVisitElement,6,1,2
eclipse.pde.ui-20120217-1437,org.eclipse.pde.api.tools.model.tests,ApiDescriptionTests,test209335,8,1,0
eclipse.pde.ui-20120217-1437,org.eclipse.pde.api.tools.model.tests,ApiDescriptionTests,resolveType,8,1,3
eclipse.pde.ui-20120217-1437,org.eclipse.pde.api.tools.model.tests,ApiDescriptionTests,testADefPkg,3,1,0
eclipse.pde.ui-20120217-1437,org.eclipse.pde.api.tools.model.tests,ApiDescriptionTests,testBDefPkg,3,1,0
eclipse.pde.ui-20120217-1437,org.eclipse.pde.api.tools.model.tests,ApiDescriptionTests,testCDefPkg,3,1,0
eclipse.pde.ui-20120217-1437,org.eclipse.pde.api.tools.model.tests,ApiDescriptionTests,testDDefPkg,3,1,0
eclipse.pde.ui-20120217-1437,org.eclipse.pde.api.tools.model.tests,ApiDescriptionTests,testIADefPkg,3,1,0
eclipse.pde.ui-20120217-1437,org.eclipse.pde.api.tools.model.tests,ApiDescriptionTests,testIBDefPkg,3,1,0
eclipse.pde.ui-20120217-1437,org.eclipse.pde.api.tools.model.tests,ApiDescriptionTests,testAApiPkg,3,1,0
eclipse.pde.ui-20120217-1437,org.eclipse.pde.api.tools.model.tests,ApiDescriptionTests,testBApiPkg,3,1,0
eclipse.pde.ui-20120217-1437,org.eclipse.pde.api.tools.model.tests,ApiDescriptionTests,testCApiPkg,3,1,0
eclipse.pde.ui-20120217-1437,org.eclipse.pde.api.tools.model.tests,ApiDescriptionTests,testDApiPkg,3,1,0
eclipse.pde.ui-20120217-1437,org.eclipse.pde.api.tools.model.tests,ApiDescriptionTests,testICApiPkg,3,1,0
eclipse.pde.ui-20120217-1437,org.eclipse.pde.api.tools.model.tests,ApiDescriptionTests,testIDApiPkg,3,1,0
eclipse.pde.ui-20120217-1437,org.eclipse.pde.api.tools.model.tests,ApiDescriptionTests,testASpiPkg,3,1,0
eclipse.pde.ui-20120217-1437,org.eclipse.pde.api.tools.model.tests,ApiDescriptionTests,testBSpiPkg,3,1,0
eclipse.pde.ui-20120217-1437,org.eclipse.pde.api.tools.model.tests,ApiDescriptionTests,testCSpiPkg,3,1,0
eclipse.pde.ui-20120217-1437,org.eclipse.pde.api.tools.model.tests,ApiDescriptionTests,testDSpiPkg,3,1,0
eclipse.pde.ui-20120217-1437,org.eclipse.pde.api.tools.model.tests,ApiDescriptionTests,testESpiPkg,3,1,0
eclipse.pde.ui-20120217-1437,org.eclipse.pde.api.tools.model.tests,ApiDescriptionTests,testIASpiPkg,3,1,0
eclipse.pde.ui-20120217-1437,org.eclipse.pde.api.tools.model.tests,ApiDescriptionTests,testIBSpiPkg,3,1,0
eclipse.pde.ui-20120217-1437,org.eclipse.pde.api.tools.model.tests,ApiDescriptionTests,testAInternalPkg,3,1,0
eclipse.pde.ui-20120217-1437,org.eclipse.pde.api.tools.model.tests,ApiDescriptionTests,testBInternalPkg,3,1,0
eclipse.pde.ui-20120217-1437,org.eclipse.pde.api.tools.model.tests,ApiDescriptionTests,testBinaryHasNoApiDescription,5,1,0
eclipse.pde.ui-20120217-1437,org.eclipse.pde.api.tools.model.tests,ApiDescriptionTests,testBinaryHasApiDescription,5,1,0
eclipse.pde.ui-20120217-1437,org.eclipse.pde.api.tools.model.tests,ElementDescription,ElementDescription,5,1,3
eclipse.pde.ui-20120217-1437,org.eclipse.pde.api.tools.model.tests,ElementDescription,ElementDescription,4,1,4
eclipse.pde.ui-20120217-1437,org.eclipse.pde.api.tools.model.tests,ElementDescription,toString,3,1,0
eclipse.pde.ui-20120217-1437,org.eclipse.pde.api.tools.model.tests,ApiFilterStoreTests,setUp,10,1,0
eclipse.pde.ui-20120217-1437,org.eclipse.pde.api.tools.model.tests,ApiFilterStoreTests,tearDown,3,1,0
eclipse.pde.ui-20120217-1437,org.eclipse.pde.api.tools.model.tests,ApiFilterStoreTests,testCopyFilterFile,17,1,0
eclipse.pde.ui-20120217-1437,org.eclipse.pde.api.tools.model.tests,ApiFilterStoreTests,assertFilterStore,39,1,2
eclipse.pde.ui-20120217-1437,org.eclipse.pde.api.tools.model.tests,ApiFilterStoreTests,_testAnnotateStoreFromLocalFile,10,1,0
eclipse.pde.ui-20120217-1437,org.eclipse.pde.api.tools.model.tests,ApiFilterStoreTests,testNonExistantProblem,15,1,0
eclipse.pde.ui-20120217-1437,org.eclipse.pde.api.tools.model.tests,ApiFilterStoreTests,testRemoveFilter,17,1,0
eclipse.pde.ui-20120217-1437,org.eclipse.pde.api.tools.model.tests,ApiFilterStoreTests,testAddFilterFromFilter,19,1,0
eclipse.pde.ui-20120217-1437,org.eclipse.pde.api.tools.model.tests,ApiFilterStoreTests,testAddFilterFromProblem,19,1,0
eclipse.pde.ui-20120217-1437,org.eclipse.pde.api.tools.model.tests,ApiFilterStoreTests,testAnnotateStoreFromBundle,19,1,0
eclipse.pde.ui-20120217-1437,org.eclipse.pde.api.tools.model.tests,ApiModelCacheTests,tearDown,4,1,0
eclipse.pde.ui-20120217-1437,org.eclipse.pde.api.tools.model.tests,ApiModelCacheTests,cacheType,4,1,1
eclipse.pde.ui-20120217-1437,org.eclipse.pde.api.tools.model.tests,ApiModelCacheTests,testAddRemoveElementHandleInfo,10,1,0
eclipse.pde.ui-20120217-1437,org.eclipse.pde.api.tools.model.tests,ApiModelCacheTests,testAddRemoveElementStringInfo,10,1,0
eclipse.pde.ui-20120217-1437,org.eclipse.pde.api.tools.model.tests,ApiModelCacheTests,testRemoveNonExistentType,8,1,0
eclipse.pde.ui-20120217-1437,org.eclipse.pde.api.tools.model.tests,ApiModelCacheTests,testRemoveNonExistentTypeEmptyCache,6,1,0
eclipse.pde.ui-20120217-1437,org.eclipse.pde.api.tools.model.tests,ApiModelCacheTests,testAddRemoveMemerTypeStringInfo,15,1,0
eclipse.pde.ui-20120217-1437,org.eclipse.pde.api.tools.model.tests,ApiModelCacheTests,testAddRemoveMemerTypeElementInfo,16,1,0
eclipse.pde.ui-20120217-1437,org.eclipse.pde.api.tools.model.tests,ApiTypeContainerTests,suite,3,1,0
eclipse.pde.ui-20120217-1437,org.eclipse.pde.api.tools.model.tests,ApiTypeContainerTests,ApiTypeContainerTests,3,1,0
eclipse.pde.ui-20120217-1437,org.eclipse.pde.api.tools.model.tests,ApiTypeContainerTests,ApiTypeContainerTests,3,1,1
eclipse.pde.ui-20120217-1437,org.eclipse.pde.api.tools.model.tests,ApiTypeContainerTests,buildArchiveContainer,7,1,0
eclipse.pde.ui-20120217-1437,org.eclipse.pde.api.tools.model.tests,ApiTypeContainerTests,buildDirectoryContainer,7,1,0
eclipse.pde.ui-20120217-1437,org.eclipse.pde.api.tools.model.tests,ApiTypeContainerTests,testArchivePackageNames,3,1,0
eclipse.pde.ui-20120217-1437,org.eclipse.pde.api.tools.model.tests,ApiTypeContainerTests,testDirectoryPackageNames,3,1,0
eclipse.pde.ui-20120217-1437,org.eclipse.pde.api.tools.model.tests,ApiTypeContainerTests,doTestPackageNames,12,2,1
eclipse.pde.ui-20120217-1437,org.eclipse.pde.api.tools.model.tests,ApiTypeContainerTests,testArchiveVistPackages,3,1,0
eclipse.pde.ui-20120217-1437,org.eclipse.pde.api.tools.model.tests,ApiTypeContainerTests,testDirectoryVistPackages,3,1,0
eclipse.pde.ui-20120217-1437,org.eclipse.pde.api.tools.model.tests,ApiTypeContainerTests,doTestVisitPackages,26,1,1
eclipse.pde.ui-20120217-1437,org.eclipse.pde.api.tools.model.tests,ApiTypeContainerTests,visitPackage,4,1,1
eclipse.pde.ui-20120217-1437,org.eclipse.pde.api.tools.model.tests,ApiTypeContainerTests,visit,3,1,2
eclipse.pde.ui-20120217-1437,org.eclipse.pde.api.tools.model.tests,ApiTypeContainerTests,endVisitPackage,3,1,1
eclipse.pde.ui-20120217-1437,org.eclipse.pde.api.tools.model.tests,ApiTypeContainerTests,end,3,1,2
eclipse.pde.ui-20120217-1437,org.eclipse.pde.api.tools.model.tests,ApiTypeContainerTests,testArchiveVisitClassFiles,3,1,0
eclipse.pde.ui-20120217-1437,org.eclipse.pde.api.tools.model.tests,ApiTypeContainerTests,testDirectoryVisitClassFiles,3,1,0
eclipse.pde.ui-20120217-1437,org.eclipse.pde.api.tools.model.tests,ApiTypeContainerTests,doTestVisitClassFiles,50,2,1
eclipse.pde.ui-20120217-1437,org.eclipse.pde.api.tools.model.tests,ApiTypeContainerTests,visitPackage,4,1,1
eclipse.pde.ui-20120217-1437,org.eclipse.pde.api.tools.model.tests,ApiTypeContainerTests,visit,9,2,2
eclipse.pde.ui-20120217-1437,org.eclipse.pde.api.tools.model.tests,ApiTypeContainerTests,endVisitPackage,4,1,1
eclipse.pde.ui-20120217-1437,org.eclipse.pde.api.tools.model.tests,ApiTypeContainerTests,end,4,1,2
eclipse.pde.ui-20120217-1437,org.eclipse.pde.api.tools.model.tests,BadClassfileTests,setUp,6,2,0
eclipse.pde.ui-20120217-1437,org.eclipse.pde.api.tools.model.tests,BadClassfileTests,writePreamble,4,1,1
eclipse.pde.ui-20120217-1437,org.eclipse.pde.api.tools.model.tests,BadClassfileTests,testClassfileScanner,6,1,0
eclipse.pde.ui-20120217-1437,org.eclipse.pde.api.tools.model.tests,BadClassfileTests,testSearchEngine,107,1,0
eclipse.pde.ui-20120217-1437,org.eclipse.pde.api.tools.model.tests,BadClassfileTests,isSystemComponent,3,1,0
eclipse.pde.ui-20120217-1437,org.eclipse.pde.api.tools.model.tests,BadClassfileTests,isSourceComponent,3,1,0
eclipse.pde.ui-20120217-1437,org.eclipse.pde.api.tools.model.tests,BadClassfileTests,isFragment,3,1,0
eclipse.pde.ui-20120217-1437,org.eclipse.pde.api.tools.model.tests,BadClassfileTests,hasFragments,3,1,0
eclipse.pde.ui-20120217-1437,org.eclipse.pde.api.tools.model.tests,BadClassfileTests,hasApiDescription,3,1,0
eclipse.pde.ui-20120217-1437,org.eclipse.pde.api.tools.model.tests,BadClassfileTests,getVersion,3,1,0
eclipse.pde.ui-20120217-1437,org.eclipse.pde.api.tools.model.tests,BadClassfileTests,getRequiredComponents,3,1,0
eclipse.pde.ui-20120217-1437,org.eclipse.pde.api.tools.model.tests,BadClassfileTests,getLowestEEs,3,1,0
eclipse.pde.ui-20120217-1437,org.eclipse.pde.api.tools.model.tests,BadClassfileTests,getLocation,3,1,0
eclipse.pde.ui-20120217-1437,org.eclipse.pde.api.tools.model.tests,BadClassfileTests,getSymbolicName,3,1,0
eclipse.pde.ui-20120217-1437,org.eclipse.pde.api.tools.model.tests,BadClassfileTests,getExecutionEnvironments,3,1,0
eclipse.pde.ui-20120217-1437,org.eclipse.pde.api.tools.model.tests,BadClassfileTests,getErrors,3,1,0
eclipse.pde.ui-20120217-1437,org.eclipse.pde.api.tools.model.tests,BadClassfileTests,createApiTypeContainers,5,1,0
eclipse.pde.ui-20120217-1437,org.eclipse.pde.api.tools.model.tests,BadClassfileTests,getBaseline,3,1,0
eclipse.pde.ui-20120217-1437,org.eclipse.pde.api.tools.model.tests,BadClassfileTests,createApiFilterStore,3,1,0
eclipse.pde.ui-20120217-1437,org.eclipse.pde.api.tools.model.tests,BadClassfileTests,createApiDescription,3,1,0
eclipse.pde.ui-20120217-1437,org.eclipse.pde.api.tools.model.tests,BadClassfileTests,getApiComponents,3,1,0
eclipse.pde.ui-20120217-1437,org.eclipse.pde.api.tools.model.tests,BadClassfileTests,includesInternal,3,1,0
eclipse.pde.ui-20120217-1437,org.eclipse.pde.api.tools.model.tests,BadClassfileTests,includesAPI,3,1,0
eclipse.pde.ui-20120217-1437,org.eclipse.pde.api.tools.model.tests,BadClassfileTests,includesIllegalUse,3,1,0
eclipse.pde.ui-20120217-1437,org.eclipse.pde.api.tools.model.tests,BadClassfileTests,getScope,5,1,0
eclipse.pde.ui-20120217-1437,org.eclipse.pde.api.tools.model.tests,BadClassfileTests,getReferenceKinds,3,1,0
eclipse.pde.ui-20120217-1437,org.eclipse.pde.api.tools.model.tests,BadClassfileTests,acceptReference,3,1,1
eclipse.pde.ui-20120217-1437,org.eclipse.pde.api.tools.model.tests,BadClassfileTests,acceptMember,3,1,1
eclipse.pde.ui-20120217-1437,org.eclipse.pde.api.tools.model.tests,BadClassfileTests,acceptComponent,3,1,1
eclipse.pde.ui-20120217-1437,org.eclipse.pde.api.tools.model.tests,BadClassfileTests,acceptContainer,3,1,1
eclipse.pde.ui-20120217-1437,org.eclipse.pde.api.tools.model.tests,BadClassfileTests,reportResults,2,1,2
eclipse.pde.ui-20120217-1437,org.eclipse.pde.api.tools.model.tests,BadClassfileTests,reportNotSearched,2,1,1
eclipse.pde.ui-20120217-1437,org.eclipse.pde.api.tools.model.tests,BadClassfileTests,reportMetadata,2,1,1
eclipse.pde.ui-20120217-1437,org.eclipse.pde.api.tools.model.tests,BadClassfileTests,reportCounts,2,1,0
eclipse.pde.ui-20120217-1437,org.eclipse.pde.api.tools.model.tests,BadClassfileTests,testTagScanner,11,1,0
eclipse.pde.ui-20120217-1437,org.eclipse.pde.api.tools.model.tests,CRCTests,testCRCEqual,25,1,0
eclipse.pde.ui-20120217-1437,org.eclipse.pde.api.tools.model.tests,CRCTests,testCRCModified,18,1,0
eclipse.pde.ui-20120217-1437,org.eclipse.pde.api.tools.model.tests,ClassFileScannerTests,suite,3,1,0
eclipse.pde.ui-20120217-1437,org.eclipse.pde.api.tools.model.tests,ClassFileScannerTests,getRefSet,12,1,1
eclipse.pde.ui-20120217-1437,org.eclipse.pde.api.tools.model.tests,ClassFileScannerTests,findReference,15,5,4
eclipse.pde.ui-20120217-1437,org.eclipse.pde.api.tools.model.tests,ClassFileScannerTests,getTypeName,8,2,1
eclipse.pde.ui-20120217-1437,org.eclipse.pde.api.tools.model.tests,ClassFileScannerTests,findMemberReference,25,9,6
eclipse.pde.ui-20120217-1437,org.eclipse.pde.api.tools.model.tests,ClassFileScannerTests,setUp,9,2,0
eclipse.pde.ui-20120217-1437,org.eclipse.pde.api.tools.model.tests,ClassFileScannerTests,testScanEmptyClass,7,1,0
eclipse.pde.ui-20120217-1437,org.eclipse.pde.api.tools.model.tests,ClassFileScannerTests,testScanEmptyGenericClass,9,1,0
eclipse.pde.ui-20120217-1437,org.eclipse.pde.api.tools.model.tests,ClassFileScannerTests,testScanInnerClass,7,1,0
eclipse.pde.ui-20120217-1437,org.eclipse.pde.api.tools.model.tests,ClassFileScannerTests,testScanInnerStaticClass,7,1,0
eclipse.pde.ui-20120217-1437,org.eclipse.pde.api.tools.model.tests,ClassFileScannerTests,testScanInnerStaticInnerClass,7,1,0
eclipse.pde.ui-20120217-1437,org.eclipse.pde.api.tools.model.tests,ClassFileScannerTests,testScanOuterClass,7,1,0
eclipse.pde.ui-20120217-1437,org.eclipse.pde.api.tools.model.tests,ClassFileScannerTests,testScanInnerOuterClass,7,1,0
eclipse.pde.ui-20120217-1437,org.eclipse.pde.api.tools.model.tests,ClassFileScannerTests,testScanInnerGenericClass,9,1,0
eclipse.pde.ui-20120217-1437,org.eclipse.pde.api.tools.model.tests,ClassFileScannerTests,testScanInnerStaticInnerGenericClass,9,1,0
eclipse.pde.ui-20120217-1437,org.eclipse.pde.api.tools.model.tests,ClassFileScannerTests,testScanClassExtendsImplements,11,1,0
eclipse.pde.ui-20120217-1437,org.eclipse.pde.api.tools.model.tests,ClassFileScannerTests,testScanGenericClassExtendsImplements,21,1,0
eclipse.pde.ui-20120217-1437,org.eclipse.pde.api.tools.model.tests,ClassFileScannerTests,testScanMethodDecl,27,1,0
eclipse.pde.ui-20120217-1437,org.eclipse.pde.api.tools.model.tests,ClassFileScannerTests,testScanMethodDeclArrayTypes,27,1,0
eclipse.pde.ui-20120217-1437,org.eclipse.pde.api.tools.model.tests,ClassFileScannerTests,testScanMethodDeclGenerics,27,1,0
eclipse.pde.ui-20120217-1437,org.eclipse.pde.api.tools.model.tests,ClassFileScannerTests,testScanFieldDecl,9,1,0
eclipse.pde.ui-20120217-1437,org.eclipse.pde.api.tools.model.tests,ClassFileScannerTests,testScanLocalVariableArrays,11,1,0
eclipse.pde.ui-20120217-1437,org.eclipse.pde.api.tools.model.tests,ClassFileScannerTests,testScanConstantPoolAccess,9,1,0
eclipse.pde.ui-20120217-1437,org.eclipse.pde.api.tools.model.tests,ClassFileScannerTests,testScanConstantPoolAccess1_4,9,1,0
eclipse.pde.ui-20120217-1437,org.eclipse.pde.api.tools.model.tests,ClassFileScannerTests,testScanMethodCalls,11,1,0
eclipse.pde.ui-20120217-1437,org.eclipse.pde.api.tools.model.tests,ClassFileScannerTests,testCleanup,3,1,0
eclipse.pde.ui-20120217-1437,org.eclipse.pde.api.tools.model.tests,ComponentManifestTests,suite,3,1,0
eclipse.pde.ui-20120217-1437,org.eclipse.pde.api.tools.model.tests,ComponentManifestTests,ComponentManifestTests,3,1,0
eclipse.pde.ui-20120217-1437,org.eclipse.pde.api.tools.model.tests,ComponentManifestTests,ComponentManifestTests,3,1,1
eclipse.pde.ui-20120217-1437,org.eclipse.pde.api.tools.model.tests,ComponentManifestTests,testComponentManifest,37,2,0
eclipse.pde.ui-20120217-1437,org.eclipse.pde.api.tools.model.tests,ComponentManifestTests,testReExport,28,3,0
eclipse.pde.ui-20120217-1437,org.eclipse.pde.api.tools.model.tests,ElementDescriptorTests,suite,3,1,0
eclipse.pde.ui-20120217-1437,org.eclipse.pde.api.tools.model.tests,ElementDescriptorTests,ElementDescriptorTests,3,1,0
eclipse.pde.ui-20120217-1437,org.eclipse.pde.api.tools.model.tests,ElementDescriptorTests,ElementDescriptorTests,3,1,1
eclipse.pde.ui-20120217-1437,org.eclipse.pde.api.tools.model.tests,ElementDescriptorTests,testDefaultPackageEq,6,1,0
eclipse.pde.ui-20120217-1437,org.eclipse.pde.api.tools.model.tests,ElementDescriptorTests,testPackageNonEq,5,1,0
eclipse.pde.ui-20120217-1437,org.eclipse.pde.api.tools.model.tests,ElementDescriptorTests,testNonDefaultPackageEq,6,1,0
eclipse.pde.ui-20120217-1437,org.eclipse.pde.api.tools.model.tests,ElementDescriptorTests,testTypeDefaultPackageEq,7,1,0
eclipse.pde.ui-20120217-1437,org.eclipse.pde.api.tools.model.tests,ElementDescriptorTests,testInnerTypeDefaultPackageEq,9,1,0
eclipse.pde.ui-20120217-1437,org.eclipse.pde.api.tools.model.tests,ElementDescriptorTests,testInnerTypeNonDefaultPackageEq,9,1,0
eclipse.pde.ui-20120217-1437,org.eclipse.pde.api.tools.model.tests,ElementDescriptorTests,testInnerTypePackage,6,1,0
eclipse.pde.ui-20120217-1437,org.eclipse.pde.api.tools.model.tests,ElementDescriptorTests,testInnerTypeNonDefaultPackageNonEq,9,1,0
eclipse.pde.ui-20120217-1437,org.eclipse.pde.api.tools.model.tests,ElementDescriptorTests,testDeepInnerTypeNonDefaultPackageEq,11,1,0
eclipse.pde.ui-20120217-1437,org.eclipse.pde.api.tools.model.tests,ElementDescriptorTests,testTypeNonEq,7,1,0
eclipse.pde.ui-20120217-1437,org.eclipse.pde.api.tools.model.tests,ElementDescriptorTests,testTypeNonDefaultPackageEq,7,1,0
eclipse.pde.ui-20120217-1437,org.eclipse.pde.api.tools.model.tests,ElementDescriptorTests,testTypePackage,5,1,0
eclipse.pde.ui-20120217-1437,org.eclipse.pde.api.tools.model.tests,ElementDescriptorTests,testFieldEq,9,1,0
eclipse.pde.ui-20120217-1437,org.eclipse.pde.api.tools.model.tests,ElementDescriptorTests,testFieldPackage,6,1,0
eclipse.pde.ui-20120217-1437,org.eclipse.pde.api.tools.model.tests,ElementDescriptorTests,testFieldNonEq,9,1,0
eclipse.pde.ui-20120217-1437,org.eclipse.pde.api.tools.model.tests,ElementDescriptorTests,testMethodNoParamsEq,9,1,0
eclipse.pde.ui-20120217-1437,org.eclipse.pde.api.tools.model.tests,ElementDescriptorTests,testMethodParamsEq,9,1,0
eclipse.pde.ui-20120217-1437,org.eclipse.pde.api.tools.model.tests,ElementDescriptorTests,testMethodParamsNonEq,9,1,0
eclipse.pde.ui-20120217-1437,org.eclipse.pde.api.tools.model.tests,ElementDescriptorTests,testMethodDiffParamsNonEq,9,1,0
eclipse.pde.ui-20120217-1437,org.eclipse.pde.api.tools.model.tests,ElementDescriptorTests,testMethodPackage,6,1,0
eclipse.pde.ui-20120217-1437,org.eclipse.pde.api.tools.model.tests,ElementDescriptorTests,testTypeSignature,5,1,0
eclipse.pde.ui-20120217-1437,org.eclipse.pde.api.tools.model.tests,ElementDescriptorTests,testComponent,7,1,0
eclipse.pde.ui-20120217-1437,org.eclipse.pde.api.tools.model.tests,ElementDescriptorTests,testComponentVersion,4,1,0
eclipse.pde.ui-20120217-1437,org.eclipse.pde.api.tools.model.tests,ElementDescriptorTests,testComponentsEqual,5,1,0
eclipse.pde.ui-20120217-1437,org.eclipse.pde.api.tools.model.tests,ElementDescriptorTests,testComponentsNotEqual,5,1,0
eclipse.pde.ui-20120217-1437,org.eclipse.pde.api.tools.model.tests,TagScannerTests,newDescription,3,1,0
eclipse.pde.ui-20120217-1437,org.eclipse.pde.api.tools.model.tests,TagScannerTests,newArchiveClassFileContainer,3,1,1
eclipse.pde.ui-20120217-1437,org.eclipse.pde.api.tools.model.tests,TagScannerTests,getCompilationUnit,4,1,1
eclipse.pde.ui-20120217-1437,org.eclipse.pde.api.tools.model.tests,TagScannerTests,doScan,8,1,3
eclipse.pde.ui-20120217-1437,org.eclipse.pde.api.tools.model.tests,TagScannerTests,doScan,8,1,2
eclipse.pde.ui-20120217-1437,org.eclipse.pde.api.tools.model.tests,TagScannerTests,doScan,8,1,3
eclipse.pde.ui-20120217-1437,org.eclipse.pde.api.tools.model.tests,TagScannerTests,testBug212276,21,1,0
eclipse.pde.ui-20120217-1437,org.eclipse.pde.api.tools.model.tests,TagScannerTests,testMissingClassfile,44,1,0
eclipse.pde.ui-20120217-1437,org.eclipse.pde.api.tools.model.tests,TagScannerTests,getPackageNames,3,1,0
eclipse.pde.ui-20120217-1437,org.eclipse.pde.api.tools.model.tests,TagScannerTests,findTypeRoot,3,1,2
eclipse.pde.ui-20120217-1437,org.eclipse.pde.api.tools.model.tests,TagScannerTests,findTypeRoot,3,1,1
eclipse.pde.ui-20120217-1437,org.eclipse.pde.api.tools.model.tests,TagScannerTests,close,2,1,0
eclipse.pde.ui-20120217-1437,org.eclipse.pde.api.tools.model.tests,TagScannerTests,accept,2,1,1
eclipse.pde.ui-20120217-1437,org.eclipse.pde.api.tools.model.tests,TagScannerTests,getAncestor,3,1,1
eclipse.pde.ui-20120217-1437,org.eclipse.pde.api.tools.model.tests,TagScannerTests,getName,3,1,0
eclipse.pde.ui-20120217-1437,org.eclipse.pde.api.tools.model.tests,TagScannerTests,getParent,3,1,0
eclipse.pde.ui-20120217-1437,org.eclipse.pde.api.tools.model.tests,TagScannerTests,getType,3,1,0
eclipse.pde.ui-20120217-1437,org.eclipse.pde.api.tools.model.tests,TagScannerTests,getApiComponent,3,1,0
eclipse.pde.ui-20120217-1437,org.eclipse.pde.api.tools.model.tests,TagScannerTests,getContainerType,3,1,0
eclipse.pde.ui-20120217-1437,org.eclipse.pde.api.tools.model.tests,TagScannerTests,testSingleTypeDefaultPackage,8,1,0
eclipse.pde.ui-20120217-1437,org.eclipse.pde.api.tools.model.tests,TagScannerTests,testSingleInnerStaticTypeDefaultPackage,12,1,0
eclipse.pde.ui-20120217-1437,org.eclipse.pde.api.tools.model.tests,TagScannerTests,testSingleInnerTypeDefaultPackage,12,1,0
eclipse.pde.ui-20120217-1437,org.eclipse.pde.api.tools.model.tests,TagScannerTests,testMultiNestedInnerTypeDefaultPackage,20,1,0
eclipse.pde.ui-20120217-1437,org.eclipse.pde.api.tools.model.tests,TagScannerTests,testMultiTypeDefaultPackage,16,1,0
eclipse.pde.ui-20120217-1437,org.eclipse.pde.api.tools.model.tests,TagScannerTests,testMultiInnerTypeDefaultPackage,20,1,0
eclipse.pde.ui-20120217-1437,org.eclipse.pde.api.tools.model.tests,TagScannerTests,testMultiTypeMultiInnerTypeDefatulPackage,32,1,0
eclipse.pde.ui-20120217-1437,org.eclipse.pde.api.tools.model.tests,TagScannerTests,testInterfaceDefaultPackage,8,1,0
eclipse.pde.ui-20120217-1437,org.eclipse.pde.api.tools.model.tests,TagScannerTests,testMultiInterfaceDefaultPackage,16,1,0
eclipse.pde.ui-20120217-1437,org.eclipse.pde.api.tools.model.tests,TagScannerTests,testSingleInnerInterfaceDefaultPackage,12,1,0
eclipse.pde.ui-20120217-1437,org.eclipse.pde.api.tools.model.tests,TagScannerTests,testMultiInnerInterfaceDefaultPackage,16,1,0
eclipse.pde.ui-20120217-1437,org.eclipse.pde.api.tools.model.tests,TagScannerTests,testFieldBaseClass,8,1,0
eclipse.pde.ui-20120217-1437,org.eclipse.pde.api.tools.model.tests,TagScannerTests,testFieldBaseClassInheritedNotSupported,8,1,0
eclipse.pde.ui-20120217-1437,org.eclipse.pde.api.tools.model.tests,TagScannerTests,testFieldBaseClassInheritedSupported,7,1,0
eclipse.pde.ui-20120217-1437,org.eclipse.pde.api.tools.model.tests,TagScannerTests,testFieldInnerClass,12,1,0
eclipse.pde.ui-20120217-1437,org.eclipse.pde.api.tools.model.tests,TagScannerTests,testFieldStaticInnerClass,12,1,0
eclipse.pde.ui-20120217-1437,org.eclipse.pde.api.tools.model.tests,TagScannerTests,testFieldMultiInnerClass,20,1,0
eclipse.pde.ui-20120217-1437,org.eclipse.pde.api.tools.model.tests,TagScannerTests,testFieldOuterClass,8,1,0
eclipse.pde.ui-20120217-1437,org.eclipse.pde.api.tools.model.tests,TagScannerTests,testFieldAnonymousClass,8,1,0
eclipse.pde.ui-20120217-1437,org.eclipse.pde.api.tools.model.tests,TagScannerTests,testMethodBaseClass,16,1,0
eclipse.pde.ui-20120217-1437,org.eclipse.pde.api.tools.model.tests,TagScannerTests,testMethodSingleParam,8,1,0
eclipse.pde.ui-20120217-1437,org.eclipse.pde.api.tools.model.tests,TagScannerTests,testMethodSinglePrimitiveParam,8,1,0
eclipse.pde.ui-20120217-1437,org.eclipse.pde.api.tools.model.tests,TagScannerTests,testMethodPrimitiveParams,12,1,0
eclipse.pde.ui-20120217-1437,org.eclipse.pde.api.tools.model.tests,TagScannerTests,testMethodObjectParams,12,1,0
eclipse.pde.ui-20120217-1437,org.eclipse.pde.api.tools.model.tests,TagScannerTests,testMethodPrimitiveArrayParams,12,1,0
eclipse.pde.ui-20120217-1437,org.eclipse.pde.api.tools.model.tests,TagScannerTests,testMethodObjectArrayParams,12,1,0
eclipse.pde.ui-20120217-1437,org.eclipse.pde.api.tools.model.tests,TagScannerTests,testMethodMixedParams,12,1,0
eclipse.pde.ui-20120217-1437,org.eclipse.pde.api.tools.model.tests,TagScannerTests,testMethodObjectReturn,12,1,0
eclipse.pde.ui-20120217-1437,org.eclipse.pde.api.tools.model.tests,TagScannerTests,testMethodPrimitiveReturn,12,1,0
eclipse.pde.ui-20120217-1437,org.eclipse.pde.api.tools.model.tests,TagScannerTests,testMethodPrimitiveArrayReturn,12,1,0
eclipse.pde.ui-20120217-1437,org.eclipse.pde.api.tools.model.tests,TagScannerTests,testMethodObjectArrayReturn,12,1,0
eclipse.pde.ui-20120217-1437,org.eclipse.pde.api.tools.model.tests,TagScannerTests,testMethodInnerClass,12,1,0
eclipse.pde.ui-20120217-1437,org.eclipse.pde.api.tools.model.tests,TagScannerTests,testMethodStaticInnerClass,16,1,0
eclipse.pde.ui-20120217-1437,org.eclipse.pde.api.tools.model.tests,TagScannerTests,testMethodMultiInnerClass,44,1,0
eclipse.pde.ui-20120217-1437,org.eclipse.pde.api.tools.model.tests,TagScannerTests,testMethodOuterClass,16,1,0
eclipse.pde.ui-20120217-1437,org.eclipse.pde.api.tools.model.tests,TagScannerTests,testMethodAnonymousClass,8,1,0
eclipse.pde.ui-20120217-1437,org.eclipse.pde.api.tools.model.tests,TagScannerTests,testMethodInheritValidRestriction,12,1,0
eclipse.pde.ui-20120217-1437,org.eclipse.pde.api.tools.model.tests,TagScannerTests,testMethodInheritInvalidRestrictionClass,12,1,0
eclipse.pde.ui-20120217-1437,org.eclipse.pde.api.tools.model.tests,TagScannerTests,testMethodInheritInvalidRestrictionInterface,12,1,0
eclipse.pde.ui-20120217-1437,org.eclipse.pde.api.tools.model.tests,TagScannerTests,testEnumMethodWithNoReference,8,1,0
eclipse.pde.ui-20120217-1437,org.eclipse.pde.api.tools.model.tests,TagScannerTests,testInterfaceWithBadTags,6,1,0
eclipse.pde.ui-20120217-1437,org.eclipse.pde.api.tools.model.tests,TagScannerTests,testClassWithBadTags1,6,1,0
eclipse.pde.ui-20120217-1437,org.eclipse.pde.api.tools.model.tests,TagScannerTests,testClassWithBadTags2,6,1,0
eclipse.pde.ui-20120217-1437,org.eclipse.pde.api.tools.model.tests,TagScannerTests,testClassWithBadTags3,6,1,0
eclipse.pde.ui-20120217-1437,org.eclipse.pde.api.tools.model.tests,TagScannerTests,testMethodWithBadTags1,6,1,0
eclipse.pde.ui-20120217-1437,org.eclipse.pde.api.tools.model.tests,TagScannerTests,testMethodWithBadTags2,6,1,0
eclipse.pde.ui-20120217-1437,org.eclipse.pde.api.tools.model.tests,TagScannerTests,testMethodWithBadTags3,6,1,0
eclipse.pde.ui-20120217-1437,org.eclipse.pde.api.tools.model.tests,TagScannerTests,testFieldWithBadTags1,6,1,0
eclipse.pde.ui-20120217-1437,org.eclipse.pde.api.tools.model.tests,TagScannerTests,testFieldWithBadTags2,6,1,0
eclipse.pde.ui-20120217-1437,org.eclipse.pde.api.tools.model.tests,TagScannerTests,testFieldWithBadTags3,6,1,0
eclipse.pde.ui-20120217-1437,org.eclipse.pde.api.tools.model.tests,TestSuiteHelper,createBaseline,22,4,2
eclipse.pde.ui-20120217-1437,org.eclipse.pde.api.tools.model.tests,TestSuiteHelper,createTestingBaseline,3,1,1
eclipse.pde.ui-20120217-1437,org.eclipse.pde.api.tools.model.tests,TestSuiteHelper,createTestingApiComponent,102,2,4
eclipse.pde.ui-20120217-1437,org.eclipse.pde.api.tools.model.tests,TestSuiteHelper,getPackageNames,3,1,0
eclipse.pde.ui-20120217-1437,org.eclipse.pde.api.tools.model.tests,TestSuiteHelper,findTypeRoot,3,1,1
eclipse.pde.ui-20120217-1437,org.eclipse.pde.api.tools.model.tests,TestSuiteHelper,close,2,1,0
eclipse.pde.ui-20120217-1437,org.eclipse.pde.api.tools.model.tests,TestSuiteHelper,accept,2,1,1
eclipse.pde.ui-20120217-1437,org.eclipse.pde.api.tools.model.tests,TestSuiteHelper,getVersion,3,1,0
eclipse.pde.ui-20120217-1437,org.eclipse.pde.api.tools.model.tests,TestSuiteHelper,getRequiredComponents,3,1,0
eclipse.pde.ui-20120217-1437,org.eclipse.pde.api.tools.model.tests,TestSuiteHelper,getName,3,1,0
eclipse.pde.ui-20120217-1437,org.eclipse.pde.api.tools.model.tests,TestSuiteHelper,getLocation,3,1,0
eclipse.pde.ui-20120217-1437,org.eclipse.pde.api.tools.model.tests,TestSuiteHelper,getSymbolicName,3,1,0
eclipse.pde.ui-20120217-1437,org.eclipse.pde.api.tools.model.tests,TestSuiteHelper,getExecutionEnvironments,3,1,0
eclipse.pde.ui-20120217-1437,org.eclipse.pde.api.tools.model.tests,TestSuiteHelper,getApiTypeContainers,3,1,0
eclipse.pde.ui-20120217-1437,org.eclipse.pde.api.tools.model.tests,TestSuiteHelper,getApiDescription,3,1,0
eclipse.pde.ui-20120217-1437,org.eclipse.pde.api.tools.model.tests,TestSuiteHelper,hasApiDescription,3,1,0
eclipse.pde.ui-20120217-1437,org.eclipse.pde.api.tools.model.tests,TestSuiteHelper,isSystemComponent,3,1,0
eclipse.pde.ui-20120217-1437,org.eclipse.pde.api.tools.model.tests,TestSuiteHelper,dispose,2,1,0
eclipse.pde.ui-20120217-1437,org.eclipse.pde.api.tools.model.tests,TestSuiteHelper,getBaseline,3,1,0
eclipse.pde.ui-20120217-1437,org.eclipse.pde.api.tools.model.tests,TestSuiteHelper,getFilterStore,3,1,0
eclipse.pde.ui-20120217-1437,org.eclipse.pde.api.tools.model.tests,TestSuiteHelper,isSourceComponent,3,1,0
eclipse.pde.ui-20120217-1437,org.eclipse.pde.api.tools.model.tests,TestSuiteHelper,isFragment,3,1,0
eclipse.pde.ui-20120217-1437,org.eclipse.pde.api.tools.model.tests,TestSuiteHelper,hasFragments,3,1,0
eclipse.pde.ui-20120217-1437,org.eclipse.pde.api.tools.model.tests,TestSuiteHelper,getApiTypeContainers,3,1,1
eclipse.pde.ui-20120217-1437,org.eclipse.pde.api.tools.model.tests,TestSuiteHelper,findTypeRoot,3,1,2
eclipse.pde.ui-20120217-1437,org.eclipse.pde.api.tools.model.tests,TestSuiteHelper,getAncestor,3,1,1
eclipse.pde.ui-20120217-1437,org.eclipse.pde.api.tools.model.tests,TestSuiteHelper,getParent,3,1,0
eclipse.pde.ui-20120217-1437,org.eclipse.pde.api.tools.model.tests,TestSuiteHelper,getType,3,1,0
eclipse.pde.ui-20120217-1437,org.eclipse.pde.api.tools.model.tests,TestSuiteHelper,getLowestEEs,3,1,0
eclipse.pde.ui-20120217-1437,org.eclipse.pde.api.tools.model.tests,TestSuiteHelper,getErrors,3,1,0
eclipse.pde.ui-20120217-1437,org.eclipse.pde.api.tools.model.tests,TestSuiteHelper,getApiComponent,3,1,0
eclipse.pde.ui-20120217-1437,org.eclipse.pde.api.tools.model.tests,TestSuiteHelper,getHandle,3,1,0
eclipse.pde.ui-20120217-1437,org.eclipse.pde.api.tools.model.tests,TestSuiteHelper,getHost,3,1,0
eclipse.pde.ui-20120217-1437,org.eclipse.pde.api.tools.model.tests,TestSuiteHelper,getContainerType,3,1,0
eclipse.pde.ui-20120217-1437,org.eclipse.pde.api.tools.model.tests,TestSuiteHelper,getExternalDependencies,6,2,0
eclipse.pde.ui-20120217-1437,org.eclipse.pde.api.tools.model.tests,TestSuiteHelper,createTestingApiComponent,3,1,3
eclipse.pde.ui-20120217-1437,org.eclipse.pde.api.tools.model.tests,TestSuiteHelper,createTestingBaseline,31,6,2
eclipse.pde.ui-20120217-1437,org.eclipse.pde.api.tools.model.tests,TestSuiteHelper,newApiBaseline,3,1,2
eclipse.pde.ui-20120217-1437,org.eclipse.pde.api.tools.model.tests,TestSuiteHelper,createTestingApiType,3,1,7
eclipse.pde.ui-20120217-1437,org.eclipse.pde.api.tools.model.tests,TestSuiteHelper,getEEDescriptionFile,31,3,0
eclipse.pde.ui-20120217-1437,org.eclipse.pde.api.tools.model.tests,TestSuiteHelper,getBundle,17,5,1
eclipse.pde.ui-20120217-1437,org.eclipse.pde.api.tools.model.tests,TestSuiteHelper,addAllRequired,29,7,4
eclipse.pde.ui-20120217-1437,org.eclipse.pde.api.tools.model.tests,TestSuiteHelper,compile,29,4,3
eclipse.pde.ui-20120217-1437,org.eclipse.pde.api.tools.model.tests,TestSuiteHelper,compile,56,10,3
eclipse.pde.ui-20120217-1437,org.eclipse.pde.api.tools.model.tests,TestSuiteHelper,delete,7,2,1
eclipse.pde.ui-20120217-1437,org.eclipse.pde.api.tools.model.tests,TestSuiteHelper,copy,14,5,2
eclipse.pde.ui-20120217-1437,org.eclipse.pde.api.tools.model.tests,TestSuiteHelper,copy0,67,9,2
eclipse.pde.ui-20120217-1437,org.eclipse.pde.api.tools.model.tests,TestSuiteHelper,getPluginDirectoryPath,12,2,0
eclipse.pde.ui-20120217-1437,org.eclipse.pde.api.tools.model.tests,TestSuiteHelper,getUserDirectoryPath,3,1,0
eclipse.pde.ui-20120217-1437,org.eclipse.pde.api.tools.problems.tests,ApiFilterTests,testToString,5,1,0
eclipse.pde.ui-20120217-1437,org.eclipse.pde.api.tools.problems.tests,ApiFilterTests,testEquals,15,1,0
eclipse.pde.ui-20120217-1437,org.eclipse.pde.api.tools.problems.tests,ApiFilterTests,testClone,9,1,0
eclipse.pde.ui-20120217-1437,org.eclipse.pde.api.tools.problems.tests,ApiProblemFactoryTests,testCreateProblem,6,1,0
eclipse.pde.ui-20120217-1437,org.eclipse.pde.api.tools.problems.tests,ApiProblemFactoryTests,tesCreateUsageProblem,6,1,0
eclipse.pde.ui-20120217-1437,org.eclipse.pde.api.tools.problems.tests,ApiProblemFactoryTests,testCreateSincetagProblem,6,1,0
eclipse.pde.ui-20120217-1437,org.eclipse.pde.api.tools.problems.tests,ApiProblemFactoryTests,testCreateVersionProblem,6,1,0
eclipse.pde.ui-20120217-1437,org.eclipse.pde.api.tools.problems.tests,ApiProblemFactoryTests,testCreateFatalProblem,7,1,0
eclipse.pde.ui-20120217-1437,org.eclipse.pde.api.tools.problems.tests,ApiProblemFactoryTests,testGetVersionMessages,11,1,0
eclipse.pde.ui-20120217-1437,org.eclipse.pde.api.tools.problems.tests,ApiProblemFactoryTests,validateProblem,6,1,2
eclipse.pde.ui-20120217-1437,org.eclipse.pde.api.tools.problems.tests,ApiProblemFactoryTests,testGetUsageMessages,12,1,0
eclipse.pde.ui-20120217-1437,org.eclipse.pde.api.tools.problems.tests,ApiProblemFactoryTests,testGetBinaryMessages,6,1,0
eclipse.pde.ui-20120217-1437,org.eclipse.pde.api.tools.problems.tests,ApiProblemFactoryTests,testGetSinceTagMessages,8,1,0
eclipse.pde.ui-20120217-1437,org.eclipse.pde.api.tools.problems.tests,ApiProblemFactoryTests,testGetLeakConstructorParamMessage,4,1,0
eclipse.pde.ui-20120217-1437,org.eclipse.pde.api.tools.problems.tests,ApiProblemFactoryTests,testCreateComponentresolutionProblem,5,1,0
eclipse.pde.ui-20120217-1437,org.eclipse.pde.api.tools.problems.tests,ApiProblemFactoryTests,testGetProblemMessageId,36,1,0
eclipse.pde.ui-20120217-1437,org.eclipse.pde.api.tools.problems.tests,ApiProblemFactoryTests,testGetProblemSeverityId,16,1,0
eclipse.pde.ui-20120217-1437,org.eclipse.pde.api.tools.problems.tests,ApiProblemTests,testProblemsEqual,8,1,0
eclipse.pde.ui-20120217-1437,org.eclipse.pde.api.tools.problems.tests,ApiProblemTests,testProblemsNotEqual,8,1,0
eclipse.pde.ui-20120217-1437,org.eclipse.pde.api.tools.problems.tests,ApiProblemTests,testProblemsNotEqualMissingResourcePath,14,1,0
eclipse.pde.ui-20120217-1437,org.eclipse.pde.api.tools.problems.tests,ApiProblemTests,testProblemsNotEqualDifferentPaths,8,1,0
eclipse.pde.ui-20120217-1437,org.eclipse.pde.api.tools.problems.tests,ApiProblemTests,testNotEqualDifferingTypeNames,8,1,0
eclipse.pde.ui-20120217-1437,org.eclipse.pde.api.tools.problems.tests,ApiProblemTests,testNotEqualDifferingMessageArguments,14,1,0
eclipse.pde.ui-20120217-1437,org.eclipse.pde.api.tools.problems.tests,ApiProblemTests,testNotEqualDifferingMessageArgumentsNumber,8,1,0
eclipse.pde.ui-20120217-1437,org.eclipse.pde.api.tools.problems.tests,ApiProblemTests,testNotEqualDifferentObjects,5,1,0
eclipse.pde.ui-20120217-1437,org.eclipse.pde.api.tools.problems.tests,ApiProblemTests,testGetCategory,5,1,0
eclipse.pde.ui-20120217-1437,org.eclipse.pde.api.tools.problems.tests,ApiProblemTests,testGetId,5,1,0
eclipse.pde.ui-20120217-1437,org.eclipse.pde.api.tools.problems.tests,ApiProblemTests,testGetKind,5,1,0
eclipse.pde.ui-20120217-1437,org.eclipse.pde.api.tools.problems.tests,ApiProblemTests,testGetFlags,5,1,0
eclipse.pde.ui-20120217-1437,org.eclipse.pde.api.tools.problems.tests,ApiProblemTests,testGetElementKind,5,1,0
eclipse.pde.ui-20120217-1437,org.eclipse.pde.api.tools.problems.tests,ApiProblemTests,testGetResourcePath,5,1,0
eclipse.pde.ui-20120217-1437,org.eclipse.pde.api.tools.problems.tests,ApiProblemTests,testGetMessage,6,1,0
eclipse.pde.ui-20120217-1437,org.eclipse.pde.api.tools.problems.tests,ApiProblemTests,testGetCharStart,5,1,0
eclipse.pde.ui-20120217-1437,org.eclipse.pde.api.tools.problems.tests,ApiProblemTests,testGetCharEnd,5,1,0
eclipse.pde.ui-20120217-1437,org.eclipse.pde.api.tools.problems.tests,ApiProblemTests,testGetLineNumber,5,1,0
eclipse.pde.ui-20120217-1437,org.eclipse.pde.api.tools.problems.tests,ApiProblemTests,testGetExtraArgumentNamesNull,6,1,0
eclipse.pde.ui-20120217-1437,org.eclipse.pde.api.tools.problems.tests,ApiProblemTests,testGetExtraArgumentIdsNotNullNotEqualLength,8,1,0
eclipse.pde.ui-20120217-1437,org.eclipse.pde.api.tools.problems.tests,ApiProblemTests,testGetExtraArgumentValuesNotNullNotEqualLength,8,1,0
eclipse.pde.ui-20120217-1437,org.eclipse.pde.api.tools.problems.tests,ApiProblemTests,testGetExtraArgumentValuesNull,6,1,0
eclipse.pde.ui-20120217-1437,org.eclipse.pde.api.tools.problems.tests,ApiProblemTests,tesGetExtraArgumentIdsNotNullValuesNull,7,1,0
eclipse.pde.ui-20120217-1437,org.eclipse.pde.api.tools.problems.tests,ApiProblemTests,tesGetExtraArgumentNamesNotNullIdsNull,7,1,0
eclipse.pde.ui-20120217-1437,org.eclipse.pde.api.tools.problems.tests,ApiProblemTests,tesGetExtraArgumentsNotSameSize,10,1,0
eclipse.pde.ui-20120217-1437,org.eclipse.pde.api.tools.problems.tests,ApiProblemTests,tesGetExtraArgumentsSameSize,10,1,0
eclipse.pde.ui-20120217-1437,org.eclipse.pde.api.tools.problems.tests,ApiProblemTests,testGetMessageArgumentsNull,6,1,0
eclipse.pde.ui-20120217-1437,org.eclipse.pde.api.tools.problems.tests,ApiProblemTests,testGetMessageArgumentsNotNull,7,1,0
eclipse.pde.ui-20120217-1437,org.eclipse.pde.api.tools.problems.tests,ApiProblemTests,testToString,8,1,0
eclipse.pde.ui-20120217-1437,org.eclipse.pde.api.tools.problems.tests,ApiProblemTests,testGetSeverity,18,2,0
eclipse.pde.ui-20120217-1437,org.eclipse.pde.api.tools.problems.tests,ApiProblemTests,testGetDescriptorKind,8,1,0
eclipse.pde.ui-20120217-1437,org.eclipse.pde.api.tools.problems.tests,ApiProblemTests,testGetTagsProblemKindName,6,1,0
eclipse.pde.ui-20120217-1437,org.eclipse.pde.api.tools.problems.tests,ApiProblemTests,testGetUsageProblemKindName,12,1,0
eclipse.pde.ui-20120217-1437,org.eclipse.pde.api.tools.problems.tests,ApiProblemTests,testGetVersionProblemKindName,9,1,0
eclipse.pde.ui-20120217-1437,org.eclipse.pde.api.tools.problems.tests,ApiProblemTests,testGetApiComponentResolutionProblemKindName,4,1,0
eclipse.pde.ui-20120217-1437,org.eclipse.pde.api.tools.problems.tests,ApiProblemTests,testGetApiBaselineProblemKindName,4,1,0
eclipse.pde.ui-20120217-1437,org.eclipse.pde.api.tools.problems.tests,ApiProblemTests,testGetProblemKind,8,1,0
eclipse.pde.ui-20120217-1437,org.eclipse.pde.api.tools.problems.tests,ApiProblemTests,testGetProblemFlagsName,14,1,0
eclipse.pde.ui-20120217-1437,org.eclipse.pde.api.tools.problems.tests,ApiProblemTests,testGetProblemElementKind,4,1,0
eclipse.pde.ui-20120217-1437,org.eclipse.pde.api.tools.problems.tests,ApiProblemTests,testgetProblemCategory,9,1,0
eclipse.pde.ui-20120217-1437,org.eclipse.pde.api.tools.problems.tests,ApiProblemTests,testGetHashCode,5,1,0
eclipse.pde.ui-20120217-1437,org.eclipse.pde.api.tools.problems.tests,ApiProblemTests,testGetHashCodeResourcePathNull,5,1,0
eclipse.pde.ui-20120217-1437,org.eclipse.pde.api.tools.problems.tests,ApiProblemTests,argumentsHashcode,10,3,1
eclipse.pde.ui-20120217-1437,org.eclipse.pde.api.tools.reference.tests,SearchScopeTests,testVisitEntireComponentsScope,16,1,0
eclipse.pde.ui-20120217-1437,org.eclipse.pde.api.tools.reference.tests,SearchScopeTests,visit,13,1,3
eclipse.pde.ui-20120217-1437,org.eclipse.pde.api.tools.reference.tests,SearchScopeTests,visitPackage,4,1,1
eclipse.pde.ui-20120217-1437,org.eclipse.pde.api.tools.reference.tests,SearchScopeTests,visit,3,1,2
eclipse.pde.ui-20120217-1437,org.eclipse.pde.api.tools.reference.tests,SearchScopeTests,testVisitTypeScope,16,1,0
eclipse.pde.ui-20120217-1437,org.eclipse.pde.api.tools.reference.tests,SearchScopeTests,testVisitSpecificTypes,18,1,0
eclipse.pde.ui-20120217-1437,org.eclipse.pde.api.tools.search.tests,SearchEngineTests,testNullArguments,13,1,0
eclipse.pde.ui-20120217-1437,org.eclipse.pde.api.tools.search.tests,SearchEngineTests,testSearchNoSeparateScope,13,1,0
eclipse.pde.ui-20120217-1437,org.eclipse.pde.api.tools.search.tests,SearchEngineTests,testSearchSeparateScope,14,1,0
eclipse.pde.ui-20120217-1437,org.eclipse.pde.api.tools.search.tests,SearchEngineTests,testSearchExcludeOne,15,1,0
eclipse.pde.ui-20120217-1437,org.eclipse.pde.api.tools.search.tests,SearchEngineTests,testSearchExcludeAll,15,1,0
eclipse.pde.ui-20120217-1437,org.eclipse.pde.api.tools.search.tests,SearchEngineTests,testExcludeRegexOne,15,1,0
eclipse.pde.ui-20120217-1437,org.eclipse.pde.api.tools.search.tests,SearchEngineTests,testExcludeRegexAll,15,1,0
eclipse.pde.ui-20120217-1437,org.eclipse.pde.api.tools.search.tests,SearchEngineTests,testSearchApiOnly,14,1,0
eclipse.pde.ui-20120217-1437,org.eclipse.pde.api.tools.search.tests,SearchEngineTests,testSearchInternalOnly,14,1,0
eclipse.pde.ui-20120217-1437,org.eclipse.pde.api.tools.search.tests,SearchEngineTests,testSearchWithDebugOn,15,1,0
eclipse.pde.ui-20120217-1437,org.eclipse.pde.api.tools.search.tests,SearchEngineTests,testBadRegex,14,1,0
eclipse.pde.ui-20120217-1437,org.eclipse.pde.api.tools.search.tests,SearchTest,getTestBaseline,6,2,0
eclipse.pde.ui-20120217-1437,org.eclipse.pde.api.tools.search.tests,SearchTest,createBaseline,29,5,2
eclipse.pde.ui-20120217-1437,org.eclipse.pde.api.tools.search.tests,SearchTest,accept,13,3,1
eclipse.pde.ui-20120217-1437,org.eclipse.pde.api.tools.search.tests,SearchTest,getTestScope,3,1,1
eclipse.pde.ui-20120217-1437,org.eclipse.pde.api.tools.search.tests,SearchTest,getExcludeFilePath,6,2,1
eclipse.pde.ui-20120217-1437,org.eclipse.pde.api.tools.search.tests,SearchTest,getExcludeSet,9,2,2
eclipse.pde.ui-20120217-1437,org.eclipse.pde.api.tools.search.tests,SearchTest,reportFailure,3,1,1
eclipse.pde.ui-20120217-1437,org.eclipse.pde.api.tools.search.tests,SearchTest,setUp,5,1,0
eclipse.pde.ui-20120217-1437,org.eclipse.pde.api.tools.search.tests,SearchTest,tearDown,9,3,0
eclipse.pde.ui-20120217-1437,org.eclipse.pde.api.tools.search.tests,SkippedComponentTests,getTestingComponent,11,2,0
eclipse.pde.ui-20120217-1437,org.eclipse.pde.api.tools.search.tests,SkippedComponentTests,testEquals,14,1,0
eclipse.pde.ui-20120217-1437,org.eclipse.pde.api.tools.search.tests,SkippedComponentTests,testHashCode,12,1,0
eclipse.pde.ui-20120217-1437,org.eclipse.pde.api.tools.search.tests,SkippedComponentTests,testGetComponentId,14,1,0
eclipse.pde.ui-20120217-1437,org.eclipse.pde.api.tools.search.tests,SkippedComponentTests,testWasExcluded,13,1,0
eclipse.pde.ui-20120217-1437,org.eclipse.pde.api.tools.search.tests,SkippedComponentTests,testHasResolutionErrors,13,1,0
eclipse.pde.ui-20120217-1437,org.eclipse.pde.api.tools.search.tests,SkippedComponentTests,testGetAncestor,11,1,0
eclipse.pde.ui-20120217-1437,org.eclipse.pde.api.tools.search.tests,SkippedComponentTests,testGetApiComponent,11,1,0
eclipse.pde.ui-20120217-1437,org.eclipse.pde.api.tools.search.tests,SkippedComponentTests,testGetName,11,1,0
eclipse.pde.ui-20120217-1437,org.eclipse.pde.api.tools.search.tests,SkippedComponentTests,testGetParent,11,1,0
eclipse.pde.ui-20120217-1437,org.eclipse.pde.api.tools.search.tests,SkippedComponentTests,testGetType,11,1,0
eclipse.pde.ui-20120217-1437,org.eclipse.pde.api.tools.search.tests,SkippedComponentTests,testGetVersion,11,1,0
eclipse.pde.ui-20120217-1437,org.eclipse.pde.api.tools.search.tests,SkippedComponentTests,testGetErrors,11,1,0
eclipse.pde.ui-20120217-1437,org.eclipse.pde.api.tools.search.tests,SkippedComponentTests,testGetErrorDetails,17,1,0
eclipse.pde.ui-20120217-1437,org.eclipse.pde.api.tools.search.tests,TestCompositeSearchReporter,TestCompositeSearchReporter,16,5,2
eclipse.pde.ui-20120217-1437,org.eclipse.pde.api.tools.search.tests,TestCompositeSearchReporter,reportNotSearched,13,4,1
eclipse.pde.ui-20120217-1437,org.eclipse.pde.api.tools.search.tests,TestCompositeSearchReporter,reportResults,13,4,2
eclipse.pde.ui-20120217-1437,org.eclipse.pde.api.tools.search.tests,TestCompositeSearchReporter,reportMetadata,2,1,1
eclipse.pde.ui-20120217-1437,org.eclipse.pde.api.tools.search.tests,TestCompositeSearchReporter,reportCounts,2,1,0
eclipse.pde.ui-20120217-1437,org.eclipse.pde.api.tools.search.tests,TestReporter,TestReporter,3,1,1
eclipse.pde.ui-20120217-1437,org.eclipse.pde.api.tools.search.tests,TestReporter,reportNotSearched,27,9,1
eclipse.pde.ui-20120217-1437,org.eclipse.pde.api.tools.search.tests,TestReporter,reportResults,42,12,2
eclipse.pde.ui-20120217-1437,org.eclipse.pde.api.tools.search.tests,TestReporter,setExpectedReferences,19,5,2
eclipse.pde.ui-20120217-1437,org.eclipse.pde.api.tools.search.tests,TestReporter,setExpectedNotSearched,14,4,1
eclipse.pde.ui-20120217-1437,org.eclipse.pde.api.tools.search.tests,TestReporter,reportMetadata,2,1,1
eclipse.pde.ui-20120217-1437,org.eclipse.pde.api.tools.search.tests,TestReporter,reportCounts,2,1,0
eclipse.pde.ui-20120217-1437,org.eclipse.pde.api.tools.search.tests,TestRequestor,TestRequestor,3,1,1
eclipse.pde.ui-20120217-1437,org.eclipse.pde.api.tools.search.tests,TestRequestor,acceptComponent,3,1,1
eclipse.pde.ui-20120217-1437,org.eclipse.pde.api.tools.search.tests,TestRequestor,acceptContainer,3,1,1
eclipse.pde.ui-20120217-1437,org.eclipse.pde.api.tools.search.tests,TestRequestor,acceptMember,3,1,1
eclipse.pde.ui-20120217-1437,org.eclipse.pde.api.tools.search.tests,TestRequestor,encloses,9,1,1
eclipse.pde.ui-20120217-1437,org.eclipse.pde.api.tools.search.tests,TestRequestor,acceptReference,30,8,1
eclipse.pde.ui-20120217-1437,org.eclipse.pde.api.tools.search.tests,TestRequestor,getReferenceKinds,3,1,0
eclipse.pde.ui-20120217-1437,org.eclipse.pde.api.tools.search.tests,TestRequestor,getScope,23,6,0
eclipse.pde.ui-20120217-1437,org.eclipse.pde.api.tools.search.tests,TestRequestor,acceptComponent0,3,1,1
eclipse.pde.ui-20120217-1437,org.eclipse.pde.api.tools.search.tests,TestRequestor,isApiComponent,9,2,1
eclipse.pde.ui-20120217-1437,org.eclipse.pde.api.tools.search.tests,TestRequestor,includesAPI,3,1,0
eclipse.pde.ui-20120217-1437,org.eclipse.pde.api.tools.search.tests,TestRequestor,includesInternal,3,1,0
eclipse.pde.ui-20120217-1437,org.eclipse.pde.api.tools.search.tests,TestRequestor,includesIllegalUse,3,1,0
eclipse.pde.ui-20120217-1437,org.eclipse.pde.api.tools.search.tests,TestRequestor,setScopeBaseline,3,1,1
eclipse.pde.ui-20120217-1437,org.eclipse.pde.api.tools.search.tests,TestRequestor,setSearchMask,3,1,1
eclipse.pde.ui-20120217-1437,org.eclipse.pde.api.tools.search.tests,TestRequestor,setExcludedElements,8,2,1
eclipse.pde.ui-20120217-1437,org.eclipse.pde.api.tools.search.tests,UseSearchTests,tearDown,4,1,0
eclipse.pde.ui-20120217-1437,org.eclipse.pde.api.tools.search.tests,UseSearchTests,assertXMLReport,32,5,1
eclipse.pde.ui-20120217-1437,org.eclipse.pde.api.tools.search.tests,UseSearchTests,accept,3,1,1
eclipse.pde.ui-20120217-1437,org.eclipse.pde.api.tools.search.tests,UseSearchTests,scrubReportLocation,14,4,1
eclipse.pde.ui-20120217-1437,org.eclipse.pde.api.tools.search.tests,UseSearchTests,setProjectsUsedBy,15,4,2
eclipse.pde.ui-20120217-1437,org.eclipse.pde.api.tools.search.tests,UseSearchTests,getCompositeReporter,6,1,2
eclipse.pde.ui-20120217-1437,org.eclipse.pde.api.tools.search.tests,UseSearchTests,testSearchXmlReporterNoExclusions,15,1,0
eclipse.pde.ui-20120217-1437,org.eclipse.pde.api.tools.search.tests,UseSearchTests,testSearchXmlReporterNoExclusionsWithDebug,15,1,0
eclipse.pde.ui-20120217-1437,org.eclipse.pde.api.tools.search.tests,UseSearchTests,getProjectId,5,1,2
eclipse.pde.ui-20120217-1437,org.eclipse.pde.api.tools.tests,AbstractApiTest,getTestingJavaProject,10,3,1
eclipse.pde.ui-20120217-1437,org.eclipse.pde.api.tools.tests,AbstractApiTest,getProjectApiComponent,7,1,1
eclipse.pde.ui-20120217-1437,org.eclipse.pde.api.tools.tests,AbstractApiTest,performRefactoring,10,2,1
eclipse.pde.ui-20120217-1437,org.eclipse.pde.api.tools.tests,AbstractApiTest,waitForAutoBuild,16,2,0
eclipse.pde.ui-20120217-1437,org.eclipse.pde.api.tools.tests,AbstractApiTest,createProject,20,4,2
eclipse.pde.ui-20120217-1437,org.eclipse.pde.api.tools.tests,AbstractApiTest,deleteProject,20,3,1
eclipse.pde.ui-20120217-1437,org.eclipse.pde.api.tools.tests,AbstractApiTest,getProject,3,1,1
eclipse.pde.ui-20120217-1437,org.eclipse.pde.api.tools.tests,AbstractApiTest,getWorkspaceBaseline,3,1,0
eclipse.pde.ui-20120217-1437,org.eclipse.pde.api.tools.tests,ApiTestsPlugin,ApiTestsPlugin,3,1,0
eclipse.pde.ui-20120217-1437,org.eclipse.pde.api.tools.tests,ApiTestsPlugin,getDefault,3,1,0
eclipse.pde.ui-20120217-1437,org.eclipse.pde.api.tools.tests,ApiToolsPerformanceTestSuite,suite,3,1,0
eclipse.pde.ui-20120217-1437,org.eclipse.pde.api.tools.tests,ApiToolsPerformanceTestSuite,ApiToolsPerformanceTestSuite,3,1,0
eclipse.pde.ui-20120217-1437,org.eclipse.pde.api.tools.tests,ApiToolsPluginTestSuite,suite,3,1,0
eclipse.pde.ui-20120217-1437,org.eclipse.pde.api.tools.tests,ApiToolsPluginTestSuite,ApiToolsPluginTestSuite,10,1,0
eclipse.pde.ui-20120217-1437,org.eclipse.pde.api.tools.tests,ApiToolsTestSuite,suite,3,1,0
eclipse.pde.ui-20120217-1437,org.eclipse.pde.api.tools.tests,ApiToolsTestSuite,ApiToolsTestSuite,26,1,0
eclipse.pde.ui-20120217-1437,org.eclipse.pde.api.tools.tests.util,DecodeBuildState,main,34,5,1
eclipse.pde.ui-20120217-1437,org.eclipse.pde.api.tools.tests.util,DecodeBuildState,printBuildState,33,5,1
eclipse.pde.ui-20120217-1437,org.eclipse.pde.api.tools.tests.util,FileUtils,addJavaFiles,17,5,2
eclipse.pde.ui-20120217-1437,org.eclipse.pde.api.tools.tests.util,FileUtils,importFilesFromDirectory,11,2,3
eclipse.pde.ui-20120217-1437,org.eclipse.pde.api.tools.tests.util,FileUtils,importFileFromDirectory,20,4,3
eclipse.pde.ui-20120217-1437,org.eclipse.pde.api.tools.tests.util,FileUtils,createFile,9,1,2
eclipse.pde.ui-20120217-1437,org.eclipse.pde.api.tools.tests.util,FileUtils,delete,11,2,1
eclipse.pde.ui-20120217-1437,org.eclipse.pde.api.tools.tests.util,FileUtils,delete,3,1,1
eclipse.pde.ui-20120217-1437,org.eclipse.pde.api.tools.tests.util,FileUtils,flushDirectoryContent,7,3,1
eclipse.pde.ui-20120217-1437,org.eclipse.pde.api.tools.tests.util,FileUtils,waitUntilResourceDeleted,50,9,1
eclipse.pde.ui-20120217-1437,org.eclipse.pde.api.tools.tests.util,FileUtils,isResourceDeleted,3,1,1
eclipse.pde.ui-20120217-1437,org.eclipse.pde.api.tools.tests.util,FileUtils,readFromFile,27,5,1
eclipse.pde.ui-20120217-1437,org.eclipse.pde.api.tools.tests.util,FileUtils,writeToFile,27,3,2
eclipse.pde.ui-20120217-1437,org.eclipse.pde.api.tools.tests.util,FileUtils,zip,16,3,2
eclipse.pde.ui-20120217-1437,org.eclipse.pde.api.tools.tests.util,FileUtils,zip,19,4,3
eclipse.pde.ui-20120217-1437,org.eclipse.pde.api.tools.tests.util,FileUtils,getParentChildResource,24,7,1
eclipse.pde.ui-20120217-1437,org.eclipse.pde.api.tools.tests.util,FileUtils,copyFile,67,13,2
eclipse.pde.ui-20120217-1437,org.eclipse.pde.api.tools.tests.util,FileUtils,deleteResource,12,3,1
eclipse.pde.ui-20120217-1437,org.eclipse.pde.api.tools.tests.util,FileUtils,delete,11,2,1
eclipse.pde.ui-20120217-1437,org.eclipse.pde.api.tools.tests.util,FileUtils,copyFolder,16,3,2
eclipse.pde.ui-20120217-1437,org.eclipse.pde.api.tools.tests.util,FileUtils,copyFile,10,1,2
eclipse.pde.ui-20120217-1437,org.eclipse.pde.api.tools.tests.util,ProjectUtils,getBundleProjectService,3,1,0
eclipse.pde.ui-20120217-1437,org.eclipse.pde.api.tools.tests.util,ProjectUtils,isJava7Compatible,3,1,0
eclipse.pde.ui-20120217-1437,org.eclipse.pde.api.tools.tests.util,ProjectUtils,isJava6Compatible,3,1,0
eclipse.pde.ui-20120217-1437,org.eclipse.pde.api.tools.tests.util,ProjectUtils,isJava5Compatible,3,1,0
eclipse.pde.ui-20120217-1437,org.eclipse.pde.api.tools.tests.util,ProjectUtils,isCompatible,20,5,1
eclipse.pde.ui-20120217-1437,org.eclipse.pde.api.tools.tests.util,ProjectUtils,createPluginProject,29,4,2
eclipse.pde.ui-20120217-1437,org.eclipse.pde.api.tools.tests.util,ProjectUtils,createJavaProject,17,4,2
eclipse.pde.ui-20120217-1437,org.eclipse.pde.api.tools.tests.util,ProjectUtils,getDefaultProjectOutputLocation,7,2,1
eclipse.pde.ui-20120217-1437,org.eclipse.pde.api.tools.tests.util,ProjectUtils,addSourceContainer,7,1,2
eclipse.pde.ui-20120217-1437,org.eclipse.pde.api.tools.tests.util,ProjectUtils,addContainerEntry,4,1,2
eclipse.pde.ui-20120217-1437,org.eclipse.pde.api.tools.tests.util,ProjectUtils,addFolderToProject,14,3,2
eclipse.pde.ui-20120217-1437,org.eclipse.pde.api.tools.tests.util,ProjectUtils,addToClasspath,18,4,2
eclipse.pde.ui-20120217-1437,org.eclipse.pde.api.tools.tests.util,ProjectUtils,removeFromClasspath,12,4,2
eclipse.pde.ui-20120217-1437,org.eclipse.pde.api.tools.tests.util,ProjectUtils,entriesEqual,3,1,2
eclipse.pde.ui-20120217-1437,org.eclipse.pde.api.tools.tests.util,ProjectUtils,createProject,14,3,2
eclipse.pde.ui-20120217-1437,org.eclipse.pde.api.tools.tests.util,ProjectUtils,addNatureToProject,9,1,3
eclipse.pde.ui-20120217-1437,org.eclipse.pde.api.tools.tests.util,ProjectUtils,removeExportedPackage,16,5,2
eclipse.pde.ui-20120217-1437,org.eclipse.pde.api.tools.tests.util,ProjectUtils,addExportedPackage,18,4,4
eclipse.pde.ui-20120217-1437,org.eclipse.pde.api.tools.tests.util,ProjectUtils,getExportedPackages,4,1,1
eclipse.pde.ui-20120217-1437,org.eclipse.pde.api.tools.tests.util,ProjectUtils,addBundleClasspathEntry,9,1,2
eclipse.pde.ui-20120217-1437,org.eclipse.pde.api.tools.util.tests,AbstractApiEventWaiter,waitForEvent,15,3,0
eclipse.pde.ui-20120217-1437,org.eclipse.pde.api.tools.util.tests,AbstractApiEventWaiter,setEvent,3,1,1
eclipse.pde.ui-20120217-1437,org.eclipse.pde.api.tools.util.tests,AbstractApiEventWaiter,unregister,0,1,0
eclipse.pde.ui-20120217-1437,org.eclipse.pde.api.tools.util.tests,ApiBaselineManagerTests,SourceChangeVisitor,7,1,5
eclipse.pde.ui-20120217-1437,org.eclipse.pde.api.tools.util.tests,ApiBaselineManagerTests,visit,17,5,1
eclipse.pde.ui-20120217-1437,org.eclipse.pde.api.tools.util.tests,ApiBaselineManagerTests,visit,8,3,1
eclipse.pde.ui-20120217-1437,org.eclipse.pde.api.tools.util.tests,ApiBaselineManagerTests,visit,7,2,1
eclipse.pde.ui-20120217-1437,org.eclipse.pde.api.tools.util.tests,ApiBaselineManagerTests,updateTag,26,6,1
eclipse.pde.ui-20120217-1437,org.eclipse.pde.api.tools.util.tests,ApiBaselineManagerTests,getTestProjectApiDescription,9,2,0
eclipse.pde.ui-20120217-1437,org.eclipse.pde.api.tools.util.tests,ApiBaselineManagerTests,getTestBaseline,5,1,1
eclipse.pde.ui-20120217-1437,org.eclipse.pde.api.tools.util.tests,ApiBaselineManagerTests,testGetWorkspaceComponent,4,1,0
eclipse.pde.ui-20120217-1437,org.eclipse.pde.api.tools.util.tests,ApiBaselineManagerTests,testAddBaseline,5,1,0
eclipse.pde.ui-20120217-1437,org.eclipse.pde.api.tools.util.tests,ApiBaselineManagerTests,testRemoveBaseline,7,1,0
eclipse.pde.ui-20120217-1437,org.eclipse.pde.api.tools.util.tests,ApiBaselineManagerTests,testSetDefaultBaseline,12,1,0
eclipse.pde.ui-20120217-1437,org.eclipse.pde.api.tools.util.tests,ApiBaselineManagerTests,testGetAllBaselines,14,1,0
eclipse.pde.ui-20120217-1437,org.eclipse.pde.api.tools.util.tests,ApiBaselineManagerTests,testCleanUpMmanager,18,1,0
eclipse.pde.ui-20120217-1437,org.eclipse.pde.api.tools.util.tests,ApiBaselineManagerTests,assertTestSource,4,1,3
eclipse.pde.ui-20120217-1437,org.eclipse.pde.api.tools.util.tests,ApiBaselineManagerTests,assertTestPackage,8,1,3
eclipse.pde.ui-20120217-1437,org.eclipse.pde.api.tools.util.tests,ApiBaselineManagerTests,assertTestLibrary,12,2,3
eclipse.pde.ui-20120217-1437,org.eclipse.pde.api.tools.util.tests,ApiBaselineManagerTests,assertSourceResctriction,7,1,3
eclipse.pde.ui-20120217-1437,org.eclipse.pde.api.tools.util.tests,ApiBaselineManagerTests,testWPUpdateProjectClosed,10,1,0
eclipse.pde.ui-20120217-1437,org.eclipse.pde.api.tools.util.tests,ApiBaselineManagerTests,testWPUpdateProjectOpen,12,2,0
eclipse.pde.ui-20120217-1437,org.eclipse.pde.api.tools.util.tests,ApiBaselineManagerTests,testWPUpdateSourceAdded,8,1,0
eclipse.pde.ui-20120217-1437,org.eclipse.pde.api.tools.util.tests,ApiBaselineManagerTests,testWPUpdateSourceRemoved,14,1,0
eclipse.pde.ui-20120217-1437,org.eclipse.pde.api.tools.util.tests,ApiBaselineManagerTests,updateTagInSource,22,1,5
eclipse.pde.ui-20120217-1437,org.eclipse.pde.api.tools.util.tests,ApiBaselineManagerTests,testWPUpdateSourceTypeChanged,18,1,0
eclipse.pde.ui-20120217-1437,org.eclipse.pde.api.tools.util.tests,ApiBaselineManagerTests,testWPUpdateSourceInnerTypeChanged,16,1,0
eclipse.pde.ui-20120217-1437,org.eclipse.pde.api.tools.util.tests,ApiBaselineManagerTests,testWPUpdateSourceMethodChanged,15,1,0
eclipse.pde.ui-20120217-1437,org.eclipse.pde.api.tools.util.tests,ApiBaselineManagerTests,testWPUpdateSourceFieldChanged,15,1,0
eclipse.pde.ui-20120217-1437,org.eclipse.pde.api.tools.util.tests,ApiBaselineManagerTests,testWPUpdateSourceMethodRemoveTag,15,1,0
eclipse.pde.ui-20120217-1437,org.eclipse.pde.api.tools.util.tests,ApiBaselineManagerTests,testWPUpdateSourceTypeRemoveTag,15,1,0
eclipse.pde.ui-20120217-1437,org.eclipse.pde.api.tools.util.tests,ApiBaselineManagerTests,testWPUpdateSourceFieldRemoveTag,15,1,0
eclipse.pde.ui-20120217-1437,org.eclipse.pde.api.tools.util.tests,ApiBaselineManagerTests,testWPUpdateLibraryAddedToClasspath,19,2,0
eclipse.pde.ui-20120217-1437,org.eclipse.pde.api.tools.util.tests,ApiBaselineManagerTests,testWPUpdateLibraryRemovedFromClasspath,26,2,0
eclipse.pde.ui-20120217-1437,org.eclipse.pde.api.tools.util.tests,ApiBaselineManagerTests,testWPUpdateDefaultOutputFolderChanged,13,1,0
eclipse.pde.ui-20120217-1437,org.eclipse.pde.api.tools.util.tests,ApiBaselineManagerTests,testWPUpdateOutputFolderSrcFolderChanged,16,1,0
eclipse.pde.ui-20120217-1437,org.eclipse.pde.api.tools.util.tests,ApiBaselineManagerTests,testWPUpdatePackageAdded,9,1,0
eclipse.pde.ui-20120217-1437,org.eclipse.pde.api.tools.util.tests,ApiBaselineManagerTests,testWPUpdatePackageRemoved,12,1,0
eclipse.pde.ui-20120217-1437,org.eclipse.pde.api.tools.util.tests,ApiBaselineManagerTests,testWPUpdateExportPackageAdded,9,1,0
eclipse.pde.ui-20120217-1437,org.eclipse.pde.api.tools.util.tests,ApiBaselineManagerTests,testWPUPdateExportPackageDirectiveChangedToInternal,9,1,0
eclipse.pde.ui-20120217-1437,org.eclipse.pde.api.tools.util.tests,ApiBaselineManagerTests,testWPUpdateExportPackageRemoved,16,1,0
eclipse.pde.ui-20120217-1437,org.eclipse.pde.api.tools.util.tests,ApiBaselineManagerTests,setPackageToApi,3,1,2
eclipse.pde.ui-20120217-1437,org.eclipse.pde.api.tools.util.tests,ApiBaselineManagerTests,getTestingProject,3,1,0
eclipse.pde.ui-20120217-1437,org.eclipse.pde.api.tools.util.tests,ApiBaselineManagerTests,setUp,4,1,0
eclipse.pde.ui-20120217-1437,org.eclipse.pde.api.tools.util.tests,ApiBaselineManagerTests,tearDown,4,1,0
eclipse.pde.ui-20120217-1437,org.eclipse.pde.api.tools.util.tests,SourceChangeVisitor,SourceChangeVisitor,7,1,5
eclipse.pde.ui-20120217-1437,org.eclipse.pde.api.tools.util.tests,SourceChangeVisitor,visit,17,5,1
eclipse.pde.ui-20120217-1437,org.eclipse.pde.api.tools.util.tests,SourceChangeVisitor,visit,8,3,1
eclipse.pde.ui-20120217-1437,org.eclipse.pde.api.tools.util.tests,SourceChangeVisitor,visit,7,2,1
eclipse.pde.ui-20120217-1437,org.eclipse.pde.api.tools.util.tests,SourceChangeVisitor,updateTag,26,6,1
eclipse.pde.ui-20120217-1437,org.eclipse.pde.api.tools.util.tests,ApiDescriptionProcessorTests,ChangeVisitor,7,1,5
eclipse.pde.ui-20120217-1437,org.eclipse.pde.api.tools.util.tests,ApiDescriptionProcessorTests,visit,17,4,1
eclipse.pde.ui-20120217-1437,org.eclipse.pde.api.tools.util.tests,ApiDescriptionProcessorTests,visit,12,3,1
eclipse.pde.ui-20120217-1437,org.eclipse.pde.api.tools.util.tests,ApiDescriptionProcessorTests,visit,12,3,1
eclipse.pde.ui-20120217-1437,org.eclipse.pde.api.tools.util.tests,ApiDescriptionProcessorTests,containsAllTags,15,4,1
eclipse.pde.ui-20120217-1437,org.eclipse.pde.api.tools.util.tests,ApiDescriptionProcessorTests,getStringValue,10,3,1
eclipse.pde.ui-20120217-1437,org.eclipse.pde.api.tools.util.tests,ApiDescriptionProcessorTests,setUp,18,1,0
eclipse.pde.ui-20120217-1437,org.eclipse.pde.api.tools.util.tests,ApiDescriptionProcessorTests,tearDown,4,1,0
eclipse.pde.ui-20120217-1437,org.eclipse.pde.api.tools.util.tests,ApiDescriptionProcessorTests,testSerializeComponentXml,8,1,0
eclipse.pde.ui-20120217-1437,org.eclipse.pde.api.tools.util.tests,ApiDescriptionProcessorTests,createTagChanges,33,5,3
eclipse.pde.ui-20120217-1437,org.eclipse.pde.api.tools.util.tests,ApiDescriptionProcessorTests,processUpdatedItem,16,1,5
eclipse.pde.ui-20120217-1437,org.eclipse.pde.api.tools.util.tests,ApiDescriptionProcessorTests,testProcessClassAddition,3,1,0
eclipse.pde.ui-20120217-1437,org.eclipse.pde.api.tools.util.tests,ApiDescriptionProcessorTests,testProcessClassAdditionNoDocElement,3,1,0
eclipse.pde.ui-20120217-1437,org.eclipse.pde.api.tools.util.tests,ApiDescriptionProcessorTests,testProcessMethodAdditionNoDocElement,3,1,0
eclipse.pde.ui-20120217-1437,org.eclipse.pde.api.tools.util.tests,ApiDescriptionProcessorTests,testProcessFieldAdditionNoDocElement,3,1,0
eclipse.pde.ui-20120217-1437,org.eclipse.pde.api.tools.util.tests,ApiDescriptionProcessorTests,testProcessInnerClassAddition,3,1,0
eclipse.pde.ui-20120217-1437,org.eclipse.pde.api.tools.util.tests,ApiDescriptionProcessorTests,testProcessMethodAddition,4,1,0
eclipse.pde.ui-20120217-1437,org.eclipse.pde.api.tools.util.tests,ApiDescriptionProcessorTests,testProcessFieldAddition,4,1,0
eclipse.pde.ui-20120217-1437,org.eclipse.pde.api.tools.util.tests,ApiDescriptionProcessorTests,testProcessInnerMethodAddition,4,1,0
eclipse.pde.ui-20120217-1437,org.eclipse.pde.api.tools.util.tests,ApiDescriptionProcessorTests,testProcessInnerFieldAddition,4,1,0
eclipse.pde.ui-20120217-1437,org.eclipse.pde.api.tools.util.tests,ApiDescriptionProcessorTests,testProcessSubclassAttribute,3,1,0
eclipse.pde.ui-20120217-1437,org.eclipse.pde.api.tools.util.tests,ChangeVisitor,ChangeVisitor,7,1,5
eclipse.pde.ui-20120217-1437,org.eclipse.pde.api.tools.util.tests,ChangeVisitor,visit,17,4,1
eclipse.pde.ui-20120217-1437,org.eclipse.pde.api.tools.util.tests,ChangeVisitor,visit,12,3,1
eclipse.pde.ui-20120217-1437,org.eclipse.pde.api.tools.util.tests,ChangeVisitor,visit,12,3,1
eclipse.pde.ui-20120217-1437,org.eclipse.pde.api.tools.util.tests,ChangeVisitor,containsAllTags,15,4,1
eclipse.pde.ui-20120217-1437,org.eclipse.pde.api.tools.util.tests,ChangeVisitor,getStringValue,10,3,1
eclipse.pde.ui-20120217-1437,org.eclipse.pde.api.tools.util.tests,HeadlessApiBaselineManagerTests,tearDown,4,1,0
eclipse.pde.ui-20120217-1437,org.eclipse.pde.api.tools.util.tests,HeadlessApiBaselineManagerTests,testGetApiProfile,7,1,0
eclipse.pde.ui-20120217-1437,org.eclipse.pde.api.tools.util.tests,HeadlessApiBaselineManagerTests,testGetNonExistantProfile,4,1,0
eclipse.pde.ui-20120217-1437,org.eclipse.pde.api.tools.util.tests,HeadlessApiBaselineManagerTests,testSetDefaultProfile,8,1,0
eclipse.pde.ui-20120217-1437,org.eclipse.pde.api.tools.util.tests,HeadlessApiBaselineManagerTests,testGetWrongDefault,5,1,0
eclipse.pde.ui-20120217-1437,org.eclipse.pde.api.tools.util.tests,HeadlessApiBaselineManagerTests,testGetAllProfiles,8,1,0
eclipse.pde.ui-20120217-1437,org.eclipse.pde.api.tools.util.tests,HeadlessApiBaselineManagerTests,testRemoveApiProfile,7,1,0
eclipse.pde.ui-20120217-1437,org.eclipse.pde.api.tools.util.tests,HeadlessApiBaselineManagerTests,testIsExistingName,6,1,0
eclipse.pde.ui-20120217-1437,org.eclipse.pde.api.tools.util.tests,HeadlessApiBaselineManagerTests,testisExistingName2,4,1,0
eclipse.pde.ui-20120217-1437,org.eclipse.pde.api.tools.util.tests,HeadlessApiBaselineManagerTests,testSavingCall,10,2,0
eclipse.pde.ui-20120217-1437,org.eclipse.pde.api.tools.util.tests,HeadlessApiBaselineManagerTests,testDoneSavingCall,10,2,0
eclipse.pde.ui-20120217-1437,org.eclipse.pde.api.tools.util.tests,HeadlessApiBaselineManagerTests,testPreparingToSave,10,2,0
eclipse.pde.ui-20120217-1437,org.eclipse.pde.api.tools.util.tests,HeadlessApiBaselineManagerTests,testRollback,10,2,0
eclipse.pde.ui-20120217-1437,org.eclipse.pde.api.tools.util.tests,HeadlessApiBaselineManagerTests,testGetWorkspaceProfile,9,2,0
eclipse.pde.ui-20120217-1437,org.eclipse.pde.api.tools.util.tests,HeadlessApiBaselineManagerTests,testStop,10,1,0
eclipse.pde.ui-20120217-1437,org.eclipse.pde.api.tools.util.tests,JavaModelEventWaiter,JavaModelEventWaiter,7,1,4
eclipse.pde.ui-20120217-1437,org.eclipse.pde.api.tools.util.tests,JavaModelEventWaiter,elementChanged,7,2,1
eclipse.pde.ui-20120217-1437,org.eclipse.pde.api.tools.util.tests,JavaModelEventWaiter,unregister,3,1,0
eclipse.pde.ui-20120217-1437,org.eclipse.pde.api.tools.util.tests,JavaModelEventWaiter,accept,11,3,1
eclipse.pde.ui-20120217-1437,org.eclipse.pde.api.tools.util.tests,JavaModelEventWaiter,processDelta,20,5,1
eclipse.pde.ui-20120217-1437,org.eclipse.pde.api.tools.util.tests,PluginModelEventWaiter,PluginModelEventWaiter,4,1,1
eclipse.pde.ui-20120217-1437,org.eclipse.pde.api.tools.util.tests,PluginModelEventWaiter,modelsChanged,7,2,1
eclipse.pde.ui-20120217-1437,org.eclipse.pde.api.tools.util.tests,PluginModelEventWaiter,unregister,3,1,0
eclipse.pde.ui-20120217-1437,org.eclipse.pde.api.tools.util.tests,PreferencesTests,setUp,25,1,0
eclipse.pde.ui-20120217-1437,org.eclipse.pde.api.tools.util.tests,PreferencesTests,tearDown,4,1,0
eclipse.pde.ui-20120217-1437,org.eclipse.pde.api.tools.util.tests,PreferencesTests,testGetDefaultSeverity,6,1,0
eclipse.pde.ui-20120217-1437,org.eclipse.pde.api.tools.util.tests,PreferencesTests,testGetSeverityReturnsDefault,4,1,0
eclipse.pde.ui-20120217-1437,org.eclipse.pde.api.tools.util.tests,PreferencesTests,testGetNonDefaultValue,4,1,0
eclipse.pde.ui-20120217-1437,org.eclipse.pde.api.tools.util.tests,PreferencesTests,testGetProjectSpecificValue,4,1,0
eclipse.pde.ui-20120217-1437,org.eclipse.pde.api.tools.util.tests,PreferencesTests,testGetDefaultProjectSpecificValue,4,1,0
eclipse.pde.ui-20120217-1437,org.eclipse.pde.api.tools.util.tests,ProjectCreationTests,setUp,6,1,0
eclipse.pde.ui-20120217-1437,org.eclipse.pde.api.tools.util.tests,ProjectCreationTests,tearDown,4,1,0
eclipse.pde.ui-20120217-1437,org.eclipse.pde.api.tools.util.tests,ProjectCreationTests,testImportJavadocTestSource,16,1,0
eclipse.pde.ui-20120217-1437,org.eclipse.pde.api.tools.util.tests,ProjectCreationTests,testImportClassesTestSource,14,1,0
eclipse.pde.ui-20120217-1437,org.eclipse.pde.api.tools.util.tests,ProjectCreationTests,testCreatePluginProject,16,1,0
eclipse.pde.ui-20120217-1437,org.eclipse.pde.api.tools.util.tests,ProjectCreationTests,getExport,11,4,2
eclipse.pde.ui-20120217-1437,org.eclipse.pde.api.tools.util.tests,ProjectCreationTests,assertExportedPackage,10,2,3
eclipse.pde.ui-20120217-1437,org.eclipse.pde.api.tools.util.tests,ProjectCreationTests,testAddRawExportedPackage,8,1,0
eclipse.pde.ui-20120217-1437,org.eclipse.pde.api.tools.util.tests,ProjectCreationTests,testAddInternalExportedPackage,8,1,0
eclipse.pde.ui-20120217-1437,org.eclipse.pde.api.tools.util.tests,ProjectCreationTests,testAddExternalPackageWithFriends,8,1,0
eclipse.pde.ui-20120217-1437,org.eclipse.pde.api.tools.util.tests,ProjectCreationTests,testAddMultipleExportedPackages,9,1,0
eclipse.pde.ui-20120217-1437,org.eclipse.pde.api.tools.util.tests,ProjectCreationTests,testRemoveExistingExportedPackage,13,1,0
eclipse.pde.ui-20120217-1437,org.eclipse.pde.api.tools.util.tests,ProjectCreationTests,testRemoveNonExistingExportedPackage,9,1,0
eclipse.pde.ui-20120217-1437,org.eclipse.pde.api.tools.util.tests,ProjectCreationTests,getSourceDirectory,3,1,1
eclipse.pde.ui-20120217-1437,org.eclipse.pde.api.tools.util.tests,ProjectCreationTests,getSourceDirectory,3,1,1
eclipse.pde.ui-20120217-1437,org.eclipse.pde.api.tools.util.tests,ResourceEventWaiter,ResourceEventWaiter,7,1,4
eclipse.pde.ui-20120217-1437,org.eclipse.pde.api.tools.util.tests,ResourceEventWaiter,resourceChanged,7,2,1
eclipse.pde.ui-20120217-1437,org.eclipse.pde.api.tools.util.tests,ResourceEventWaiter,unregister,3,1,0
eclipse.pde.ui-20120217-1437,org.eclipse.pde.api.tools.util.tests,ResourceEventWaiter,accept,11,4,1
eclipse.pde.ui-20120217-1437,org.eclipse.pde.api.tools.util.tests,SignaturesTests,SignaturesTests,3,1,1
eclipse.pde.ui-20120217-1437,org.eclipse.pde.api.tools.util.tests,SignaturesTests,testDequalifySignatures,16,1,0
eclipse.pde.ui-20120217-1437,org.eclipse.pde.api.tools.util.tests,SignaturesTests,testIsQualifiedSignature,6,1,0
eclipse.pde.ui-20120217-1437,org.eclipse.pde.api.tools.util.tests,SignaturesTests,testProcessMethodSignature,11,1,0
eclipse.pde.ui-20120217-1437,org.eclipse.pde.api.tools.util.tests,SignaturesTests,testGetMethodName,7,1,0
eclipse.pde.ui-20120217-1437,org.eclipse.pde.api.tools.util.tests,SignaturesTests,testGetMethodSignature,11,1,0
eclipse.pde.ui-20120217-1437,org.eclipse.pde.api.tools.util.tests,SignaturesTests,testGetQualifiedMethodSignature,21,1,0
eclipse.pde.ui-20120217-1437,org.eclipse.pde.api.tools.util.tests,SignaturesTests,testGetQialifiedMethodSignature2,10,1,0
eclipse.pde.ui-20120217-1437,org.eclipse.pde.api.tools.util.tests,SignaturesTests,testGetTypeSignature,11,1,0
eclipse.pde.ui-20120217-1437,org.eclipse.pde.api.tools.util.tests,SignaturesTests,testGetTypeSignature2,10,1,0
eclipse.pde.ui-20120217-1437,org.eclipse.pde.api.tools.util.tests,SignaturesTests,testGetQualifiedTypeSignature,10,1,0
eclipse.pde.ui-20120217-1437,org.eclipse.pde.api.tools.util.tests,SignaturesTests,getAnonymousTypeName,9,1,0
eclipse.pde.ui-20120217-1437,org.eclipse.pde.api.tools.util.tests,SignaturesTests,testAppendTypeParameters,10,1,0
eclipse.pde.ui-20120217-1437,org.eclipse.pde.api.tools.util.tests,SignaturesTests,testGetComma,3,1,0
eclipse.pde.ui-20120217-1437,org.eclipse.pde.api.tools.util.tests,SignaturesTests,testGetGT,3,1,0
eclipse.pde.ui-20120217-1437,org.eclipse.pde.api.tools.util.tests,SignaturesTests,testGetLT,3,1,0
eclipse.pde.ui-20120217-1437,org.eclipse.pde.api.tools.util.tests,SignaturesTests,testGetTypeName,8,1,0
eclipse.pde.ui-20120217-1437,org.eclipse.pde.api.tools.util.tests,SignaturesTests,testMatchesSignatures,9,1,0
eclipse.pde.ui-20120217-1437,org.eclipse.pde.api.tools.util.tests,SignaturesTests,testGetPackageName,6,1,0
eclipse.pde.ui-20120217-1437,org.eclipse.pde.api.tools.util.tests,SignaturesTests,testGetFieldSignature,5,1,0
eclipse.pde.ui-20120217-1437,org.eclipse.pde.api.tools.util.tests,SignaturesTests,testGetQualifiedFieldSignature,14,1,0
eclipse.pde.ui-20120217-1437,org.eclipse.pde.api.tools.util.tests,SignaturesTests,testGetPrimaryTypeName,5,1,0
eclipse.pde.ui-20120217-1437,org.eclipse.pde.api.tools.util.tests,SignaturesTests,testGetSimpleTypeName,5,1,0
eclipse.pde.ui-20120217-1437,org.eclipse.pde.api.tools.util.tests,TarEntryTests,testConstructors,5,1,0
eclipse.pde.ui-20120217-1437,org.eclipse.pde.api.tools.util.tests,TarEntryTests,testClone,10,1,0
eclipse.pde.ui-20120217-1437,org.eclipse.pde.api.tools.util.tests,TarEntryTests,testSetFileType,6,1,0
eclipse.pde.ui-20120217-1437,org.eclipse.pde.api.tools.util.tests,TarEntryTests,testSetMode,6,1,0
eclipse.pde.ui-20120217-1437,org.eclipse.pde.api.tools.util.tests,TarEntryTests,testSetSize,6,1,0
eclipse.pde.ui-20120217-1437,org.eclipse.pde.api.tools.util.tests,TarEntryTests,testSetTime,5,1,0
eclipse.pde.ui-20120217-1437,org.eclipse.pde.api.tools.util.tests,TarEntryTests,testToString,4,1,0
eclipse.pde.ui-20120217-1437,org.eclipse.pde.api.tools.util.tests,TarExceptionTests,testCreateTarExceptions,7,1,0
eclipse.pde.ui-20120217-1437,org.eclipse.pde.api.tools.util.tests,UtilTests,getAllFilesNullFilter,7,1,0
eclipse.pde.ui-20120217-1437,org.eclipse.pde.api.tools.util.tests,UtilTests,testIllegalArgSinceTagVersion,8,1,0
eclipse.pde.ui-20120217-1437,org.eclipse.pde.api.tools.util.tests,UtilTests,getAllFilesSpecificFilter,12,1,0
eclipse.pde.ui-20120217-1437,org.eclipse.pde.api.tools.util.tests,UtilTests,accept,3,1,1
eclipse.pde.ui-20120217-1437,org.eclipse.pde.api.tools.util.tests,UtilTests,testIsClassfile,3,1,0
eclipse.pde.ui-20120217-1437,org.eclipse.pde.api.tools.util.tests,UtilTests,testIsNotClassfile,3,1,0
eclipse.pde.ui-20120217-1437,org.eclipse.pde.api.tools.util.tests,UtilTests,testIsArchive,6,1,0
eclipse.pde.ui-20120217-1437,org.eclipse.pde.api.tools.util.tests,UtilTests,testIsTar,10,1,0
eclipse.pde.ui-20120217-1437,org.eclipse.pde.api.tools.util.tests,UtilTests,testIsJar,8,1,0
eclipse.pde.ui-20120217-1437,org.eclipse.pde.api.tools.util.tests,UtilTests,testisNotArchive,3,1,0
eclipse.pde.ui-20120217-1437,org.eclipse.pde.api.tools.util.tests,UtilTests,testGetFragmentNumber,15,1,0
eclipse.pde.ui-20120217-1437,org.eclipse.pde.api.tools.util.tests,UtilTests,testIsGreatherVersion,3,1,0
eclipse.pde.ui-20120217-1437,org.eclipse.pde.api.tools.util.tests,UtilTests,testSinceTagVersion,104,1,0
eclipse.pde.ui-20120217-1437,org.eclipse.pde.api.tools.util.tests,UtilTests,testRegexExcludeList,119,2,0
eclipse.pde.ui-20120217-1437,org.eclipse.pde.api.tools.util.tests,UtilTests,LocalApiComponent,3,1,1
eclipse.pde.ui-20120217-1437,org.eclipse.pde.api.tools.util.tests,UtilTests,getPackageNames,3,1,0
eclipse.pde.ui-20120217-1437,org.eclipse.pde.api.tools.util.tests,UtilTests,findTypeRoot,3,1,1
eclipse.pde.ui-20120217-1437,org.eclipse.pde.api.tools.util.tests,UtilTests,findTypeRoot,3,1,2
eclipse.pde.ui-20120217-1437,org.eclipse.pde.api.tools.util.tests,UtilTests,accept,2,1,1
eclipse.pde.ui-20120217-1437,org.eclipse.pde.api.tools.util.tests,UtilTests,close,2,1,0
eclipse.pde.ui-20120217-1437,org.eclipse.pde.api.tools.util.tests,UtilTests,getContainerType,3,1,0
eclipse.pde.ui-20120217-1437,org.eclipse.pde.api.tools.util.tests,UtilTests,getName,3,1,0
eclipse.pde.ui-20120217-1437,org.eclipse.pde.api.tools.util.tests,UtilTests,getType,3,1,0
eclipse.pde.ui-20120217-1437,org.eclipse.pde.api.tools.util.tests,UtilTests,getParent,3,1,0
eclipse.pde.ui-20120217-1437,org.eclipse.pde.api.tools.util.tests,UtilTests,getAncestor,3,1,1
eclipse.pde.ui-20120217-1437,org.eclipse.pde.api.tools.util.tests,UtilTests,getApiComponent,3,1,0
eclipse.pde.ui-20120217-1437,org.eclipse.pde.api.tools.util.tests,UtilTests,getSymbolicName,3,1,0
eclipse.pde.ui-20120217-1437,org.eclipse.pde.api.tools.util.tests,UtilTests,getApiDescription,3,1,0
eclipse.pde.ui-20120217-1437,org.eclipse.pde.api.tools.util.tests,UtilTests,hasApiDescription,3,1,0
eclipse.pde.ui-20120217-1437,org.eclipse.pde.api.tools.util.tests,UtilTests,getVersion,3,1,0
eclipse.pde.ui-20120217-1437,org.eclipse.pde.api.tools.util.tests,UtilTests,getExecutionEnvironments,3,1,0
eclipse.pde.ui-20120217-1437,org.eclipse.pde.api.tools.util.tests,UtilTests,getApiTypeContainers,3,1,0
eclipse.pde.ui-20120217-1437,org.eclipse.pde.api.tools.util.tests,UtilTests,getApiTypeContainers,3,1,1
eclipse.pde.ui-20120217-1437,org.eclipse.pde.api.tools.util.tests,UtilTests,getRequiredComponents,3,1,0
eclipse.pde.ui-20120217-1437,org.eclipse.pde.api.tools.util.tests,UtilTests,getLocation,3,1,0
eclipse.pde.ui-20120217-1437,org.eclipse.pde.api.tools.util.tests,UtilTests,isSystemComponent,3,1,0
eclipse.pde.ui-20120217-1437,org.eclipse.pde.api.tools.util.tests,UtilTests,isSourceComponent,3,1,0
eclipse.pde.ui-20120217-1437,org.eclipse.pde.api.tools.util.tests,UtilTests,dispose,2,1,0
eclipse.pde.ui-20120217-1437,org.eclipse.pde.api.tools.util.tests,UtilTests,getBaseline,3,1,0
eclipse.pde.ui-20120217-1437,org.eclipse.pde.api.tools.util.tests,UtilTests,getFilterStore,3,1,0
eclipse.pde.ui-20120217-1437,org.eclipse.pde.api.tools.util.tests,UtilTests,isFragment,3,1,0
eclipse.pde.ui-20120217-1437,org.eclipse.pde.api.tools.util.tests,UtilTests,getHost,3,1,0
eclipse.pde.ui-20120217-1437,org.eclipse.pde.api.tools.util.tests,UtilTests,hasFragments,3,1,0
eclipse.pde.ui-20120217-1437,org.eclipse.pde.api.tools.util.tests,UtilTests,getLowestEEs,3,1,0
eclipse.pde.ui-20120217-1437,org.eclipse.pde.api.tools.util.tests,UtilTests,getErrors,3,1,0
eclipse.pde.ui-20120217-1437,org.eclipse.pde.api.tools.util.tests,UtilTests,getHandle,3,1,0
eclipse.pde.ui-20120217-1437,org.eclipse.pde.api.tools.util.tests,UtilTests,getExternalDependencies,3,1,0
eclipse.pde.ui-20120217-1437,org.eclipse.pde.api.tools.util.tests,UtilTests,testRegexExcludeList2,7,1,0
eclipse.pde.ui-20120217-1437,org.eclipse.pde.api.tools.util.tests,UtilTests,testPluginXmlDecoding,30,4,0
eclipse.pde.ui-20120217-1437,org.eclipse.pde.api.tools.util.tests,LocalApiComponent,LocalApiComponent,3,1,1
eclipse.pde.ui-20120217-1437,org.eclipse.pde.api.tools.util.tests,LocalApiComponent,getPackageNames,3,1,0
eclipse.pde.ui-20120217-1437,org.eclipse.pde.api.tools.util.tests,LocalApiComponent,findTypeRoot,3,1,1
eclipse.pde.ui-20120217-1437,org.eclipse.pde.api.tools.util.tests,LocalApiComponent,findTypeRoot,3,1,2
eclipse.pde.ui-20120217-1437,org.eclipse.pde.api.tools.util.tests,LocalApiComponent,accept,2,1,1
eclipse.pde.ui-20120217-1437,org.eclipse.pde.api.tools.util.tests,LocalApiComponent,close,2,1,0
eclipse.pde.ui-20120217-1437,org.eclipse.pde.api.tools.util.tests,LocalApiComponent,getContainerType,3,1,0
eclipse.pde.ui-20120217-1437,org.eclipse.pde.api.tools.util.tests,LocalApiComponent,getName,3,1,0
eclipse.pde.ui-20120217-1437,org.eclipse.pde.api.tools.util.tests,LocalApiComponent,getType,3,1,0
eclipse.pde.ui-20120217-1437,org.eclipse.pde.api.tools.util.tests,LocalApiComponent,getParent,3,1,0
eclipse.pde.ui-20120217-1437,org.eclipse.pde.api.tools.util.tests,LocalApiComponent,getAncestor,3,1,1
eclipse.pde.ui-20120217-1437,org.eclipse.pde.api.tools.util.tests,LocalApiComponent,getApiComponent,3,1,0
eclipse.pde.ui-20120217-1437,org.eclipse.pde.api.tools.util.tests,LocalApiComponent,getSymbolicName,3,1,0
eclipse.pde.ui-20120217-1437,org.eclipse.pde.api.tools.util.tests,LocalApiComponent,getApiDescription,3,1,0
eclipse.pde.ui-20120217-1437,org.eclipse.pde.api.tools.util.tests,LocalApiComponent,hasApiDescription,3,1,0
eclipse.pde.ui-20120217-1437,org.eclipse.pde.api.tools.util.tests,LocalApiComponent,getVersion,3,1,0
eclipse.pde.ui-20120217-1437,org.eclipse.pde.api.tools.util.tests,LocalApiComponent,getExecutionEnvironments,3,1,0
eclipse.pde.ui-20120217-1437,org.eclipse.pde.api.tools.util.tests,LocalApiComponent,getApiTypeContainers,3,1,0
eclipse.pde.ui-20120217-1437,org.eclipse.pde.api.tools.util.tests,LocalApiComponent,getApiTypeContainers,3,1,1
eclipse.pde.ui-20120217-1437,org.eclipse.pde.api.tools.util.tests,LocalApiComponent,getRequiredComponents,3,1,0
eclipse.pde.ui-20120217-1437,org.eclipse.pde.api.tools.util.tests,LocalApiComponent,getLocation,3,1,0
eclipse.pde.ui-20120217-1437,org.eclipse.pde.api.tools.util.tests,LocalApiComponent,isSystemComponent,3,1,0
eclipse.pde.ui-20120217-1437,org.eclipse.pde.api.tools.util.tests,LocalApiComponent,isSourceComponent,3,1,0
eclipse.pde.ui-20120217-1437,org.eclipse.pde.api.tools.util.tests,LocalApiComponent,dispose,2,1,0
eclipse.pde.ui-20120217-1437,org.eclipse.pde.api.tools.util.tests,LocalApiComponent,getBaseline,3,1,0
eclipse.pde.ui-20120217-1437,org.eclipse.pde.api.tools.util.tests,LocalApiComponent,getFilterStore,3,1,0
eclipse.pde.ui-20120217-1437,org.eclipse.pde.api.tools.util.tests,LocalApiComponent,isFragment,3,1,0
eclipse.pde.ui-20120217-1437,org.eclipse.pde.api.tools.util.tests,LocalApiComponent,getHost,3,1,0
eclipse.pde.ui-20120217-1437,org.eclipse.pde.api.tools.util.tests,LocalApiComponent,hasFragments,3,1,0
eclipse.pde.ui-20120217-1437,org.eclipse.pde.api.tools.util.tests,LocalApiComponent,getLowestEEs,3,1,0
eclipse.pde.ui-20120217-1437,org.eclipse.pde.api.tools.util.tests,LocalApiComponent,getErrors,3,1,0
eclipse.pde.ui-20120217-1437,org.eclipse.pde.api.tools.util.tests,LocalApiComponent,getHandle,3,1,0
eclipse.pde.ui-20120217-1437,org.eclipse.pde.api.tools.util.tests,LocalApiComponent,getExternalDependencies,3,1,0
eclipse.pde.ui-20120217-1437,a.classes.constructors,AddPrivateConstructor,AddPrivateConstructor,2,1,1
eclipse.pde.ui-20120217-1437,a.classes.constructors,AddPrivateConstructor,publicMethod,3,1,1
eclipse.pde.ui-20120217-1437,a.classes.constructors,AddProtectedConstructor,AddProtectedConstructor,2,1,1
eclipse.pde.ui-20120217-1437,a.classes.constructors,AddProtectedConstructor,publicMethod,3,1,1
eclipse.pde.ui-20120217-1437,a.classes.constructors,AddPublicConstructor,AddPublicConstructor,2,1,1
eclipse.pde.ui-20120217-1437,a.classes.constructors,AddPublicConstructor,publicMethod,3,1,1
eclipse.pde.ui-20120217-1437,a.classes.constructors,AddSinglePrivateConstructor,publicMethod,3,1,1
eclipse.pde.ui-20120217-1437,a.classes.constructors,AddSingleProtectedConstructor,publicMethod,3,1,1
eclipse.pde.ui-20120217-1437,a.classes.constructors,AddSinglePublicConstructor,publicMethod,3,1,1
eclipse.pde.ui-20120217-1437,a.classes.constructors,RemovePackageConstructor,RemovePackageConstructor,2,1,1
eclipse.pde.ui-20120217-1437,a.classes.constructors,RemovePackageConstructor,RemovePackageConstructor,2,1,1
eclipse.pde.ui-20120217-1437,a.classes.constructors,RemovePrivateConstructor,RemovePrivateConstructor,2,1,1
eclipse.pde.ui-20120217-1437,a.classes.constructors,RemovePrivateConstructor,RemovePrivateConstructor,2,1,1
eclipse.pde.ui-20120217-1437,a.classes.constructors,RemoveProtectedConstructor,RemoveProtectedConstructor,2,1,1
eclipse.pde.ui-20120217-1437,a.classes.constructors,RemoveProtectedConstructor,RemoveProtectedConstructor,2,1,1
eclipse.pde.ui-20120217-1437,a.classes.constructors,RemoveProtectedConstructorNoExtend,RemoveProtectedConstructorNoExtend,2,1,1
eclipse.pde.ui-20120217-1437,a.classes.constructors,RemoveProtectedConstructorNoExtend,RemoveProtectedConstructorNoExtend,2,1,1
eclipse.pde.ui-20120217-1437,a.classes.constructors,RemoveProtectedConstructorNoExtendNoInstantiate,RemoveProtectedConstructorNoExtendNoInstantiate,2,1,1
eclipse.pde.ui-20120217-1437,a.classes.constructors,RemoveProtectedConstructorNoExtendNoInstantiate,RemoveProtectedConstructorNoExtendNoInstantiate,2,1,1
eclipse.pde.ui-20120217-1437,a.classes.constructors,RemoveProtectedConstructorNoInstantiate,RemoveProtectedConstructorNoInstantiate,2,1,1
eclipse.pde.ui-20120217-1437,a.classes.constructors,RemoveProtectedConstructorNoInstantiate,RemoveProtectedConstructorNoInstantiate,2,1,1
eclipse.pde.ui-20120217-1437,a.classes.constructors,RemoveProtectedConstructorNoOverride,RemoveProtectedConstructorNoOverride,2,1,1
eclipse.pde.ui-20120217-1437,a.classes.constructors,RemoveProtectedConstructorNoOverride,RemoveProtectedConstructorNoOverride,2,1,1
eclipse.pde.ui-20120217-1437,a.classes.constructors,RemoveProtectedConstructorNoReference,RemoveProtectedConstructorNoReference,2,1,1
eclipse.pde.ui-20120217-1437,a.classes.constructors,RemoveProtectedConstructorNoReference,RemoveProtectedConstructorNoReference,2,1,1
eclipse.pde.ui-20120217-1437,a.classes.constructors,RemovePublicConstructor,RemovePublicConstructor,2,1,1
eclipse.pde.ui-20120217-1437,a.classes.constructors,RemovePublicConstructor,RemovePublicConstructor,2,1,1
eclipse.pde.ui-20120217-1437,a.classes.constructors,RemovePublicConstructorNoExtend,RemovePublicConstructorNoExtend,2,1,1
eclipse.pde.ui-20120217-1437,a.classes.constructors,RemovePublicConstructorNoExtend,RemovePublicConstructorNoExtend,2,1,1
eclipse.pde.ui-20120217-1437,a.classes.constructors,RemovePublicConstructorNoExtendNoInstantiate,RemovePublicConstructorNoExtendNoInstantiate,2,1,1
eclipse.pde.ui-20120217-1437,a.classes.constructors,RemovePublicConstructorNoExtendNoInstantiate,RemovePublicConstructorNoExtendNoInstantiate,2,1,1
eclipse.pde.ui-20120217-1437,a.classes.constructors,RemovePublicConstructorNoInstantiate,RemovePublicConstructorNoInstantiate,2,1,1
eclipse.pde.ui-20120217-1437,a.classes.constructors,RemovePublicConstructorNoInstantiate,RemovePublicConstructorNoInstantiate,2,1,1
eclipse.pde.ui-20120217-1437,a.classes.constructors,RemovePublicConstructorNoOverride,RemovePublicConstructorNoOverride,2,1,1
eclipse.pde.ui-20120217-1437,a.classes.constructors,RemovePublicConstructorNoOverride,RemovePublicConstructorNoOverride,2,1,1
eclipse.pde.ui-20120217-1437,a.classes.constructors,RemovePublicConstructorNoReference,RemovePublicConstructorNoReference,2,1,1
eclipse.pde.ui-20120217-1437,a.classes.constructors,RemovePublicConstructorNoReference,RemovePublicConstructorNoReference,2,1,1
eclipse.pde.ui-20120217-1437,a.classes.constructors,RemoveTwoPublicConstructors,RemoveTwoPublicConstructors,2,1,1
eclipse.pde.ui-20120217-1437,a.classes.constructors,RemoveTwoPublicConstructors,RemoveTwoPublicConstructors,2,1,1
eclipse.pde.ui-20120217-1437,a.classes.constructors,AddPrivateConstructor,AddPrivateConstructor,2,1,1
eclipse.pde.ui-20120217-1437,a.classes.constructors,AddPrivateConstructor,publicMethod,3,1,1
eclipse.pde.ui-20120217-1437,a.classes.constructors,AddPrivateConstructor,AddPrivateConstructor,2,1,1
eclipse.pde.ui-20120217-1437,a.classes.constructors,AddProtectedConstructor,AddProtectedConstructor,2,1,1
eclipse.pde.ui-20120217-1437,a.classes.constructors,AddProtectedConstructor,publicMethod,3,1,1
eclipse.pde.ui-20120217-1437,a.classes.constructors,AddProtectedConstructor,AddProtectedConstructor,2,1,1
eclipse.pde.ui-20120217-1437,a.classes.constructors,AddPublicConstructor,AddPublicConstructor,2,1,1
eclipse.pde.ui-20120217-1437,a.classes.constructors,AddPublicConstructor,publicMethod,3,1,1
eclipse.pde.ui-20120217-1437,a.classes.constructors,AddPublicConstructor,AddPublicConstructor,2,1,1
eclipse.pde.ui-20120217-1437,a.classes.constructors,AddSinglePrivateConstructor,publicMethod,3,1,1
eclipse.pde.ui-20120217-1437,a.classes.constructors,AddSinglePrivateConstructor,AddSinglePrivateConstructor,2,1,1
eclipse.pde.ui-20120217-1437,a.classes.constructors,AddSingleProtectedConstructor,publicMethod,3,1,1
eclipse.pde.ui-20120217-1437,a.classes.constructors,AddSingleProtectedConstructor,AddSingleProtectedConstructor,2,1,1
eclipse.pde.ui-20120217-1437,a.classes.constructors,AddSinglePublicConstructor,publicMethod,3,1,1
eclipse.pde.ui-20120217-1437,a.classes.constructors,AddSinglePublicConstructor,AddSinglePublicConstructor,2,1,1
eclipse.pde.ui-20120217-1437,a.classes.constructors,RemovePackageConstructor,RemovePackageConstructor,2,1,1
eclipse.pde.ui-20120217-1437,a.classes.constructors,RemovePrivateConstructor,RemovePrivateConstructor,2,1,1
eclipse.pde.ui-20120217-1437,a.classes.constructors,RemoveProtectedConstructor,RemoveProtectedConstructor,2,1,1
eclipse.pde.ui-20120217-1437,a.classes.constructors,RemoveProtectedConstructorNoExtend,RemoveProtectedConstructorNoExtend,2,1,1
eclipse.pde.ui-20120217-1437,a.classes.constructors,RemoveProtectedConstructorNoExtendNoInstantiate,RemoveProtectedConstructorNoExtendNoInstantiate,2,1,1
eclipse.pde.ui-20120217-1437,a.classes.constructors,RemoveProtectedConstructorNoInstantiate,RemoveProtectedConstructorNoInstantiate,2,1,1
eclipse.pde.ui-20120217-1437,a.classes.constructors,RemoveProtectedConstructorNoOverride,RemoveProtectedConstructorNoOverride,2,1,1
eclipse.pde.ui-20120217-1437,a.classes.constructors,RemoveProtectedConstructorNoReference,RemoveProtectedConstructorNoReference,2,1,1
eclipse.pde.ui-20120217-1437,a.classes.constructors,RemovePublicConstructor,RemovePublicConstructor,2,1,1
eclipse.pde.ui-20120217-1437,a.classes.constructors,RemovePublicConstructorNoExtend,RemovePublicConstructorNoExtend,2,1,1
eclipse.pde.ui-20120217-1437,a.classes.constructors,RemovePublicConstructorNoExtendNoInstantiate,RemovePublicConstructorNoExtendNoInstantiate,2,1,1
eclipse.pde.ui-20120217-1437,a.classes.constructors,RemovePublicConstructorNoInstantiate,RemovePublicConstructorNoInstantiate,2,1,1
eclipse.pde.ui-20120217-1437,a.classes.constructors,RemovePublicConstructorNoOverride,RemovePublicConstructorNoOverride,2,1,1
eclipse.pde.ui-20120217-1437,a.classes.constructors,RemovePublicConstructorNoReference,RemovePublicConstructorNoReference,2,1,1
eclipse.pde.ui-20120217-1437,a.classes.fields,RemovePrivateField,get,3,1,0
eclipse.pde.ui-20120217-1437,a.classes.fields,RemovePrivateField,get,3,1,0
eclipse.pde.ui-20120217-1437,a.classes.hierarchy,AddInterfaceA,methodA,3,1,0
eclipse.pde.ui-20120217-1437,a.classes.hierarchy,ChangeInterfaceFromAtoB,methodA,3,1,0
eclipse.pde.ui-20120217-1437,a.classes.hierarchy,ChangeInterfaceFromAtoB,methodB,3,1,0
eclipse.pde.ui-20120217-1437,a.classes.hierarchy,InterfaceA,methodA,0,1,0
eclipse.pde.ui-20120217-1437,a.classes.hierarchy,InterfaceB,methodB,0,1,0
eclipse.pde.ui-20120217-1437,a.classes.hierarchy,ReduceInterfaceFromABtoA,methodA,3,1,0
eclipse.pde.ui-20120217-1437,a.classes.hierarchy,ReduceInterfaceFromABtoA,methodB,3,1,0
eclipse.pde.ui-20120217-1437,a.classes.hierarchy,ReduceInterfaceFromABtoEmpty,methodA,3,1,0
eclipse.pde.ui-20120217-1437,a.classes.hierarchy,ReduceInterfaceFromABtoEmpty,methodB,3,1,0
eclipse.pde.ui-20120217-1437,a.classes.hierarchy,SubClazz,pushUp,2,1,0
eclipse.pde.ui-20120217-1437,a.classes.hierarchy,AddInterfaceA,methodA,3,1,0
eclipse.pde.ui-20120217-1437,a.classes.hierarchy,ChangeInterfaceFromAtoB,methodA,3,1,0
eclipse.pde.ui-20120217-1437,a.classes.hierarchy,ChangeInterfaceFromAtoB,methodB,3,1,0
eclipse.pde.ui-20120217-1437,a.classes.hierarchy,ReduceInterfaceFromABtoA,methodA,3,1,0
eclipse.pde.ui-20120217-1437,a.classes.hierarchy,ReduceInterfaceFromABtoA,methodB,3,1,0
eclipse.pde.ui-20120217-1437,a.classes.hierarchy,ReduceInterfaceFromABtoEmpty,methodA,3,1,0
eclipse.pde.ui-20120217-1437,a.classes.hierarchy,ReduceInterfaceFromABtoEmpty,methodB,3,1,0
eclipse.pde.ui-20120217-1437,a.classes.hierarchy,SuperClazz,pushUp,2,1,0
eclipse.pde.ui-20120217-1437,a.classes.internal,InternalClassWithConstructor,InternalClassWithConstructor,2,1,1
eclipse.pde.ui-20120217-1437,a.classes.internal,InternalClassWithMethod,method,2,1,0
eclipse.pde.ui-20120217-1437,a.classes.membertypes,RemovePrivateMemberType,foo,3,1,0
eclipse.pde.ui-20120217-1437,a.classes.methods,AddNooverrideRemoveNoextend,methodOne,2,1,0
eclipse.pde.ui-20120217-1437,a.classes.methods,AddPrivateMethod,publicMethod,3,1,1
eclipse.pde.ui-20120217-1437,a.classes.methods,AddProtectedMethod,publicMethod,3,1,1
eclipse.pde.ui-20120217-1437,a.classes.methods,AddPublicMethod,publicMethod,3,1,1
eclipse.pde.ui-20120217-1437,a.classes.methods,RemovePackageMethod,packageMethod,3,1,1
eclipse.pde.ui-20120217-1437,a.classes.methods,RemovePrivateMethod,publicMethod,3,1,1
eclipse.pde.ui-20120217-1437,a.classes.methods,RemovePrivateMethod,privateMethod,3,1,1
eclipse.pde.ui-20120217-1437,a.classes.methods,RemoveProtectedMethod,protectedMethod,3,1,1
eclipse.pde.ui-20120217-1437,a.classes.methods,RemoveProtectedMethodNoExtend,protectedMethod,3,1,1
eclipse.pde.ui-20120217-1437,a.classes.methods,RemoveProtectedMethodNoExtend2,protectedMethod,3,1,1
eclipse.pde.ui-20120217-1437,a.classes.methods,RemoveProtectedMethodNoExtendNoInstantiate,protectedMethod,3,1,1
eclipse.pde.ui-20120217-1437,a.classes.methods,RemoveProtectedMethodNoInstantiate,protectedMethod,3,1,1
eclipse.pde.ui-20120217-1437,a.classes.methods,RemoveProtectedMethodNoOverride,protectedMethod,3,1,1
eclipse.pde.ui-20120217-1437,a.classes.methods,RemoveProtectedMethodNoReference,protectedMethod,3,1,1
eclipse.pde.ui-20120217-1437,a.classes.methods,RemovePublicMethod,publicMethod,3,1,1
eclipse.pde.ui-20120217-1437,a.classes.methods,RemovePublicMethodNoExtend,publicMethod,3,1,1
eclipse.pde.ui-20120217-1437,a.classes.methods,RemovePublicMethodNoExtendNoInstantiate,publicMethod,3,1,1
eclipse.pde.ui-20120217-1437,a.classes.methods,RemovePublicMethodNoInstantiate,publicMethod,3,1,1
eclipse.pde.ui-20120217-1437,a.classes.methods,RemovePublicMethodNoOverride,publicMethod,3,1,1
eclipse.pde.ui-20120217-1437,a.classes.methods,RemovePublicMethodNoReference,publicMethod,3,1,1
eclipse.pde.ui-20120217-1437,a.classes.methods,RemoveTwoPublicMethods,methodOne,3,1,1
eclipse.pde.ui-20120217-1437,a.classes.methods,RemoveTwoPublicMethods,methodTwo,3,1,1
eclipse.pde.ui-20120217-1437,a.classes.methods,AddAbstractMethod,method,0,1,0
eclipse.pde.ui-20120217-1437,a.classes.methods,AddAbstractMethodNoExtend,method,0,1,0
eclipse.pde.ui-20120217-1437,a.classes.methods,AddNooverrideRemoveNoextend,methodOne,2,1,0
eclipse.pde.ui-20120217-1437,a.classes.methods,AddPrivateMethod,publicMethod,3,1,1
eclipse.pde.ui-20120217-1437,a.classes.methods,AddPrivateMethod,privateMethod,3,1,1
eclipse.pde.ui-20120217-1437,a.classes.methods,AddProtectedMethod,publicMethod,3,1,1
eclipse.pde.ui-20120217-1437,a.classes.methods,AddProtectedMethod,protectedMethod,3,1,1
eclipse.pde.ui-20120217-1437,a.classes.methods,AddPublicMethod,publicMethod,3,1,1
eclipse.pde.ui-20120217-1437,a.classes.methods,AddPublicMethod,publicMethod2,3,1,1
eclipse.pde.ui-20120217-1437,a.classes.methods,RemovePrivateMethod,publicMethod,3,1,1
eclipse.pde.ui-20120217-1437,a.classes.methods,RemoveProtectedMethodNoExtend2,protectedMethod,3,1,1
eclipse.pde.ui-20120217-1437,a.classes.modifiers,RemoveFinalAddNoExtend,method,2,1,0
eclipse.pde.ui-20120217-1437,a.classes.modifiers,RemoveFinalAddNoExtend,method,2,1,0
eclipse.pde.ui-20120217-1437,a.classes.typeparameters,RemoveTypeParameter,add,2,1,1
eclipse.pde.ui-20120217-1437,a.classes.typeparameters,RemoveTypeParameter,add,2,1,1
eclipse.pde.ui-20120217-1437,a.constructors,AddTypeParameter,AddTypeParameter,2,1,1
eclipse.pde.ui-20120217-1437,a.constructors,ArrayToVarArgs,ArrayToVarArgs,2,1,2
eclipse.pde.ui-20120217-1437,a.constructors,ProtectedToPackage,ProtectedToPackage,2,1,0
eclipse.pde.ui-20120217-1437,a.constructors,ProtectedToPackageNoReference,ProtectedToPackageNoReference,2,1,0
eclipse.pde.ui-20120217-1437,a.constructors,ProtectedToPrivate,ProtectedToPrivate,2,1,0
eclipse.pde.ui-20120217-1437,a.constructors,ProtectedToPrivateNoExtend,ProtectedToPrivateNoExtend,2,1,0
eclipse.pde.ui-20120217-1437,a.constructors,PublicToPackage,PublicToPackage,2,1,0
eclipse.pde.ui-20120217-1437,a.constructors,PublicToPrivate,PublicToPrivate,2,1,0
eclipse.pde.ui-20120217-1437,a.constructors,PublicToPrivateNoReference,PublicToPrivateNoReference,2,1,0
eclipse.pde.ui-20120217-1437,a.constructors,PublicToProtected,PublicToProtected,2,1,0
eclipse.pde.ui-20120217-1437,a.constructors,RemoveTypeParameter,RemoveTypeParameter,2,1,1
eclipse.pde.ui-20120217-1437,a.constructors,VarArgsToArray,VarArgsToArray,2,1,2
eclipse.pde.ui-20120217-1437,a.constructors,AddTypeParameter,AddTypeParameter,2,1,1
eclipse.pde.ui-20120217-1437,a.constructors,ArrayToVarArgs,ArrayToVarArgs,2,1,2
eclipse.pde.ui-20120217-1437,a.constructors,ProtectedToPackage,ProtectedToPackage,2,1,0
eclipse.pde.ui-20120217-1437,a.constructors,ProtectedToPackageNoReference,ProtectedToPackageNoReference,2,1,0
eclipse.pde.ui-20120217-1437,a.constructors,ProtectedToPrivate,ProtectedToPrivate,2,1,0
eclipse.pde.ui-20120217-1437,a.constructors,ProtectedToPrivateNoExtend,ProtectedToPrivateNoExtend,2,1,0
eclipse.pde.ui-20120217-1437,a.constructors,PublicToPackage,PublicToPackage,2,1,0
eclipse.pde.ui-20120217-1437,a.constructors,PublicToPrivate,PublicToPrivate,2,1,0
eclipse.pde.ui-20120217-1437,a.constructors,PublicToPrivateNoReference,PublicToPrivateNoReference,2,1,0
eclipse.pde.ui-20120217-1437,a.constructors,PublicToProtected,PublicToProtected,2,1,0
eclipse.pde.ui-20120217-1437,a.constructors,RemoveTypeParameter,RemoveTypeParameter,2,1,1
eclipse.pde.ui-20120217-1437,a.constructors,VarArgsToArray,VarArgsToArray,2,1,2
eclipse.pde.ui-20120217-1437,a.interfaces.members,RemoveMethod,removeMethod,0,1,1
eclipse.pde.ui-20120217-1437,a.interfaces.members,RemoveMethodNoReference,noReference,0,1,1
eclipse.pde.ui-20120217-1437,a.interfaces.members,AddMethod,addMethod,0,1,1
eclipse.pde.ui-20120217-1437,a.interfaces.members,AddMethodNoExtend,addMethod,0,1,1
eclipse.pde.ui-20120217-1437,a.interfaces.members,AddMethodNoExtendNoImplement,addMethod,0,1,1
eclipse.pde.ui-20120217-1437,a.interfaces.members,AddMethodNoImplement,addMethod,0,1,1
eclipse.pde.ui-20120217-1437,a.interfaces.members,J,foo,0,1,0
eclipse.pde.ui-20120217-1437,a.interfaces.typeparameters,RemoveTypeParameter,add,0,1,1
eclipse.pde.ui-20120217-1437,a.interfaces.typeparameters,RemoveTypeParameter,add,0,1,1
eclipse.pde.ui-20120217-1437,a.methods.modifiers,AddAbstract,method,2,1,0
eclipse.pde.ui-20120217-1437,a.methods.modifiers,AddFinal,method,2,1,0
eclipse.pde.ui-20120217-1437,a.methods.modifiers,AddFinalNoExtend,method,2,1,0
eclipse.pde.ui-20120217-1437,a.methods.modifiers,AddFinalNoOverride,method,2,1,1
eclipse.pde.ui-20120217-1437,a.methods.modifiers,AddFinalRemoveNoOverride,method,2,1,0
eclipse.pde.ui-20120217-1437,a.methods.modifiers,AddNoOverride,method,2,1,0
eclipse.pde.ui-20120217-1437,a.methods.modifiers,AddNoOverrideToFinal,method,2,1,0
eclipse.pde.ui-20120217-1437,a.methods.modifiers,AddNoReference,method,2,1,0
eclipse.pde.ui-20120217-1437,a.methods.modifiers,AddStatic,method,2,1,0
eclipse.pde.ui-20120217-1437,a.methods.modifiers,AddStaticNoReference,method,3,1,0
eclipse.pde.ui-20120217-1437,a.methods.modifiers,PrivateToPublicNoReference,method,2,1,1
eclipse.pde.ui-20120217-1437,a.methods.modifiers,PrivateToPublicNoReference,otherMethod,3,1,0
eclipse.pde.ui-20120217-1437,a.methods.modifiers,ProtectedToPackage,method,2,1,0
eclipse.pde.ui-20120217-1437,a.methods.modifiers,ProtectedToPackageNoReference,method,2,1,0
eclipse.pde.ui-20120217-1437,a.methods.modifiers,ProtectedToPrivate,method,2,1,0
eclipse.pde.ui-20120217-1437,a.methods.modifiers,ProtectedToPrivateNoExtend,method,2,1,0
eclipse.pde.ui-20120217-1437,a.methods.modifiers,ProtectedToPrivateNoOverride,method,2,1,0
eclipse.pde.ui-20120217-1437,a.methods.modifiers,PublicToPackage,method,2,1,0
eclipse.pde.ui-20120217-1437,a.methods.modifiers,PublicToPrivate,method,2,1,0
eclipse.pde.ui-20120217-1437,a.methods.modifiers,PublicToPrivateNoReference,method,2,1,0
eclipse.pde.ui-20120217-1437,a.methods.modifiers,PublicToProtected,method,2,1,0
eclipse.pde.ui-20120217-1437,a.methods.modifiers,RemoveNoOverride,method,2,1,0
eclipse.pde.ui-20120217-1437,a.methods.modifiers,RemoveNoOverrideToFinal,method,2,1,0
eclipse.pde.ui-20120217-1437,a.methods.modifiers,RemoveStatic,method,2,1,0
eclipse.pde.ui-20120217-1437,a.methods.modifiers,RemoveStaticNoReference,method,2,1,0
eclipse.pde.ui-20120217-1437,a.methods.modifiers,AddAbstract,method,0,1,0
eclipse.pde.ui-20120217-1437,a.methods.modifiers,AddFinal,method,2,1,0
eclipse.pde.ui-20120217-1437,a.methods.modifiers,AddFinalNoExtend,method,2,1,0
eclipse.pde.ui-20120217-1437,a.methods.modifiers,AddFinalNoOverride,method,2,1,1
eclipse.pde.ui-20120217-1437,a.methods.modifiers,AddFinalRemoveNoOverride,method,2,1,0
eclipse.pde.ui-20120217-1437,a.methods.modifiers,AddNoOverride,method,2,1,0
eclipse.pde.ui-20120217-1437,a.methods.modifiers,AddNoOverrideToFinal,method,2,1,0
eclipse.pde.ui-20120217-1437,a.methods.modifiers,AddNoReference,method,2,1,0
eclipse.pde.ui-20120217-1437,a.methods.modifiers,AddStatic,method,2,1,0
eclipse.pde.ui-20120217-1437,a.methods.modifiers,AddStaticNoReference,method,3,1,0
eclipse.pde.ui-20120217-1437,a.methods.modifiers,PrivateToPublicNoReference,method,2,1,1
eclipse.pde.ui-20120217-1437,a.methods.modifiers,PrivateToPublicNoReference,otherMethod,3,1,0
eclipse.pde.ui-20120217-1437,a.methods.modifiers,ProtectedToPackage,method,2,1,0
eclipse.pde.ui-20120217-1437,a.methods.modifiers,ProtectedToPackageNoReference,method,2,1,0
eclipse.pde.ui-20120217-1437,a.methods.modifiers,ProtectedToPrivate,method,2,1,0
eclipse.pde.ui-20120217-1437,a.methods.modifiers,ProtectedToPrivateNoExtend,method,2,1,0
eclipse.pde.ui-20120217-1437,a.methods.modifiers,ProtectedToPrivateNoOverride,method,2,1,0
eclipse.pde.ui-20120217-1437,a.methods.modifiers,PublicToPackage,method,2,1,0
eclipse.pde.ui-20120217-1437,a.methods.modifiers,PublicToPrivate,method,2,1,0
eclipse.pde.ui-20120217-1437,a.methods.modifiers,PublicToPrivateNoReference,method,2,1,0
eclipse.pde.ui-20120217-1437,a.methods.modifiers,PublicToProtected,method,2,1,0
eclipse.pde.ui-20120217-1437,a.methods.modifiers,RemoveNoOverride,method,2,1,0
eclipse.pde.ui-20120217-1437,a.methods.modifiers,RemoveNoOverrideToFinal,method,2,1,0
eclipse.pde.ui-20120217-1437,a.methods.modifiers,RemoveStatic,method,2,1,0
eclipse.pde.ui-20120217-1437,a.methods.modifiers,RemoveStaticNoReference,method,2,1,0
eclipse.pde.ui-20120217-1437,a.methods.typeparameters,AddTypeParameter,method,2,1,1
eclipse.pde.ui-20120217-1437,a.methods.typeparameters,ArrayToVarArgs,method,2,1,2
eclipse.pde.ui-20120217-1437,a.methods.typeparameters,RemoveTypeParameter,method,2,1,1
eclipse.pde.ui-20120217-1437,a.methods.typeparameters,VarArgsToArray,method,2,1,2
eclipse.pde.ui-20120217-1437,a.methods.typeparameters,AddTypeParameter,method,2,1,1
eclipse.pde.ui-20120217-1437,a.methods.typeparameters,ArrayToVarArgs,method,2,1,2
eclipse.pde.ui-20120217-1437,a.methods.typeparameters,RemoveTypeParameter,method,2,1,1
eclipse.pde.ui-20120217-1437,a.methods.typeparameters,VarArgsToArray,method,2,1,2
eclipse.pde.ui-20120217-1437,a.since,AddInheritedMethod,toString,3,1,0
eclipse.pde.ui-20120217-1437,a.since,AddMethod,method,3,1,0
eclipse.pde.ui-20120217-1437,a.since,AddMethod2,foo,2,1,1
eclipse.pde.ui-20120217-1437,a.since,AddNewInterfaceMethod,methodA,3,1,0
eclipse.pde.ui-20120217-1437,a.since,AddNonVisibleMethod,method,3,1,0
eclipse.pde.ui-20120217-1437,a.since,AddNonVisibleMethod2,method,3,1,0
eclipse.pde.ui-20120217-1437,a.since,InvalidMethod,method,3,1,0
eclipse.pde.ui-20120217-1437,a.since,MalformedMethod,method,2,1,0
eclipse.pde.ui-20120217-1437,a.since,MalformedTag,method,2,1,0
eclipse.pde.ui-20120217-1437,a.since,ValidSinceTags,m1,2,1,0
eclipse.pde.ui-20120217-1437,a.since,ValidSinceTags,m2,2,1,0
eclipse.pde.ui-20120217-1437,a.since,ValidSinceTags,m3,2,1,0
eclipse.pde.ui-20120217-1437,a.since,ValidSinceTags,m4,2,1,0
eclipse.pde.ui-20120217-1437,a.since,ValidSinceTags,m5,2,1,0
eclipse.pde.ui-20120217-1437,a.since,ValidSinceTags,m6,2,1,0
eclipse.pde.ui-20120217-1437,a.since,ValidSinceTags,m7,2,1,0
eclipse.pde.ui-20120217-1437,a.version,BreakApi,method,2,1,0
eclipse.pde.ui-20120217-1437,a.version,AddApi,method,2,1,0
eclipse.pde.ui-20120217-1437,p,X,foo,2,1,0
eclipse.pde.ui-20120217-1437,p,X,foo,2,1,0
eclipse.pde.ui-20120217-1437,p,X,foo,3,1,0
eclipse.pde.ui-20120217-1437,p,Y,foo,2,1,0
eclipse.pde.ui-20120217-1437,p,X,Y,2,1,0
eclipse.pde.ui-20120217-1437,p,Y,Y,2,1,0
eclipse.pde.ui-20120217-1437,p,X,Y,2,1,0
eclipse.pde.ui-20120217-1437,p,Y,Y,2,1,0
eclipse.pde.ui-20120217-1437,p,I,foo,0,1,0
eclipse.pde.ui-20120217-1437,p,J,foo2,0,1,1
eclipse.pde.ui-20120217-1437,p,I,foo,0,1,0
eclipse.pde.ui-20120217-1437,p,J,foo2,0,1,1
eclipse.pde.ui-20120217-1437,p,I,foo,0,1,0
eclipse.pde.ui-20120217-1437,p,J,foo2,0,1,1
eclipse.pde.ui-20120217-1437,p,I,foo,0,1,0
eclipse.pde.ui-20120217-1437,p,J,foo2,0,1,1
eclipse.pde.ui-20120217-1437,p,I,foo,0,1,0
eclipse.pde.ui-20120217-1437,p,J,foo2,0,1,1
eclipse.pde.ui-20120217-1437,p,I,foo,0,1,0
eclipse.pde.ui-20120217-1437,p,I,foo2,0,1,1
eclipse.pde.ui-20120217-1437,p,I,foo,0,1,0
eclipse.pde.ui-20120217-1437,p,J,bar,0,1,0
eclipse.pde.ui-20120217-1437,p,J,foo2,0,1,1
eclipse.pde.ui-20120217-1437,p,I,foo,0,1,0
eclipse.pde.ui-20120217-1437,p,I,foo2,0,1,1
eclipse.pde.ui-20120217-1437,p,J,bar,0,1,0
eclipse.pde.ui-20120217-1437,p,I,foo,0,1,0
eclipse.pde.ui-20120217-1437,p,J,foo2,0,1,1
eclipse.pde.ui-20120217-1437,p,I,foo,0,1,0
eclipse.pde.ui-20120217-1437,p,J,foo2,0,1,1
eclipse.pde.ui-20120217-1437,p,I,foo,0,1,0
eclipse.pde.ui-20120217-1437,p,J,foo2,0,1,1
eclipse.pde.ui-20120217-1437,p,I,foo,0,1,0
eclipse.pde.ui-20120217-1437,p,J,foo2,0,1,1
eclipse.pde.ui-20120217-1437,p,I,foo,0,1,0
eclipse.pde.ui-20120217-1437,p,J,bar,0,1,0
eclipse.pde.ui-20120217-1437,p,J,foo2,0,1,1
eclipse.pde.ui-20120217-1437,p,I,foo,0,1,0
eclipse.pde.ui-20120217-1437,p,I,foo2,0,1,1
eclipse.pde.ui-20120217-1437,p,J,bar,0,1,0
eclipse.pde.ui-20120217-1437,p,I,foo,0,1,0
eclipse.pde.ui-20120217-1437,p,J,bar,0,1,0
eclipse.pde.ui-20120217-1437,p,J,foo2,0,1,1
eclipse.pde.ui-20120217-1437,p,I,foo,0,1,0
eclipse.pde.ui-20120217-1437,p,I,foo2,0,1,1
eclipse.pde.ui-20120217-1437,p,J,bar,0,1,0
eclipse.pde.ui-20120217-1437,p,I,foo,0,1,0
eclipse.pde.ui-20120217-1437,p,X,foo,2,1,0
eclipse.pde.ui-20120217-1437,p,X,foo,2,1,0
eclipse.pde.ui-20120217-1437,p,X,foo,2,1,0
eclipse.pde.ui-20120217-1437,p,X,foo,2,1,0
eclipse.pde.ui-20120217-1437,p,X,foo,2,1,0
eclipse.pde.ui-20120217-1437,p,X,foo,2,1,0
eclipse.pde.ui-20120217-1437,p,X,foo,2,1,0
eclipse.pde.ui-20120217-1437,p,X,foo,2,1,0
eclipse.pde.ui-20120217-1437,p,X,foo,2,1,0
eclipse.pde.ui-20120217-1437,p,X,foo,2,1,0
eclipse.pde.ui-20120217-1437,p,X,foo,2,1,0
eclipse.pde.ui-20120217-1437,p,X,foo,2,1,0
eclipse.pde.ui-20120217-1437,p,X,X,3,1,0
eclipse.pde.ui-20120217-1437,p,X,foo,2,1,0
eclipse.pde.ui-20120217-1437,p,X,X,3,1,0
eclipse.pde.ui-20120217-1437,p,X,foo,2,1,0
eclipse.pde.ui-20120217-1437,p,X,m1,2,1,0
eclipse.pde.ui-20120217-1437,p,X,m1,2,1,0
eclipse.pde.ui-20120217-1437,p,X,m1,3,1,0
eclipse.pde.ui-20120217-1437,p,X,m1,2,1,0
eclipse.pde.ui-20120217-1437,p,X,m1,3,1,0
eclipse.pde.ui-20120217-1437,p,X,m1,3,1,0
eclipse.pde.ui-20120217-1437,p,X,foo,0,1,0
eclipse.pde.ui-20120217-1437,p,X,foo,0,1,0
eclipse.pde.ui-20120217-1437,p,I,foo,0,1,0
eclipse.pde.ui-20120217-1437,p,X,foo,0,1,0
eclipse.pde.ui-20120217-1437,p,I,foo,0,1,0
eclipse.pde.ui-20120217-1437,p,I,foo,0,1,0
eclipse.pde.ui-20120217-1437,p,X,foo,2,1,0
eclipse.pde.ui-20120217-1437,p,I,foo,0,1,0
eclipse.pde.ui-20120217-1437,p,X,foo,2,1,0
eclipse.pde.ui-20120217-1437,p,X,foo,2,1,0
eclipse.pde.ui-20120217-1437,p,X,foo,2,1,0
eclipse.pde.ui-20120217-1437,p,X,foo,2,1,0
eclipse.pde.ui-20120217-1437,p,X,foo,2,1,0
eclipse.pde.ui-20120217-1437,p,X,foo,2,1,0
eclipse.pde.ui-20120217-1437,p,X,foo,2,1,0
eclipse.pde.ui-20120217-1437,p,X,X,2,1,0
eclipse.pde.ui-20120217-1437,p,X,X,2,1,0
eclipse.pde.ui-20120217-1437,p,X,X,2,1,0
eclipse.pde.ui-20120217-1437,p,X,X,2,1,0
eclipse.pde.ui-20120217-1437,p,X,X,2,1,0
eclipse.pde.ui-20120217-1437,p,X,X,2,1,0
eclipse.pde.ui-20120217-1437,p,X,X,2,1,0
eclipse.pde.ui-20120217-1437,p,X,X,2,1,0
eclipse.pde.ui-20120217-1437,p,X,X,2,1,0
eclipse.pde.ui-20120217-1437,p,X,X,2,1,0
eclipse.pde.ui-20120217-1437,p,X,foo,2,1,0
eclipse.pde.ui-20120217-1437,p,X,foo,2,1,0
eclipse.pde.ui-20120217-1437,p,X,foo,2,1,0
eclipse.pde.ui-20120217-1437,p,X,foo,2,1,0
eclipse.pde.ui-20120217-1437,p,X,foo,2,1,0
eclipse.pde.ui-20120217-1437,p,X,foo,2,1,0
eclipse.pde.ui-20120217-1437,p,X,foo,2,1,0
eclipse.pde.ui-20120217-1437,p,X,foo,2,1,0
eclipse.pde.ui-20120217-1437,p,X,foo,2,1,0
eclipse.pde.ui-20120217-1437,p,X,foo,2,1,0
eclipse.pde.ui-20120217-1437,p,X,foo,0,1,0
eclipse.pde.ui-20120217-1437,p,X,foo,0,1,0
eclipse.pde.ui-20120217-1437,p,X,foo,2,1,0
eclipse.pde.ui-20120217-1437,p,X,foo,0,1,0
eclipse.pde.ui-20120217-1437,p,X,foo,0,1,0
eclipse.pde.ui-20120217-1437,p,X,foo,2,1,0
eclipse.pde.ui-20120217-1437,p,X,foo,2,1,0
eclipse.pde.ui-20120217-1437,p,X,foo,2,1,0
eclipse.pde.ui-20120217-1437,p,X,foo,2,1,0
eclipse.pde.ui-20120217-1437,p,X,foo,2,1,0
eclipse.pde.ui-20120217-1437,p,X,foo,2,1,0
eclipse.pde.ui-20120217-1437,p,X,foo,2,1,0
eclipse.pde.ui-20120217-1437,p,X,foo,2,1,0
eclipse.pde.ui-20120217-1437,p,X,foo,2,1,0
eclipse.pde.ui-20120217-1437,p,X,foo,2,1,0
eclipse.pde.ui-20120217-1437,p,X,foo,2,1,0
eclipse.pde.ui-20120217-1437,x.y.z,outer30,exposeMethod,2,1,0
eclipse.pde.ui-20120217-1437,x.y.z,test31,exposeMethod,2,1,0
eclipse.pde.ui-20120217-1437,x.y.z,Iouter,exposeMethod,0,1,0
eclipse.pde.ui-20120217-1437,x.y.z,test32,internalMethod,2,1,0
eclipse.pde.ui-20120217-1437,x.y.z,testCPL1,testCPL1,2,1,1
eclipse.pde.ui-20120217-1437,x.y.z,testCPL1,testCPL1,2,1,2
eclipse.pde.ui-20120217-1437,x.y.z,testCPL1,testCPL1,2,1,3
eclipse.pde.ui-20120217-1437,x.y.z,testCPL1,testCPL1,2,1,4
eclipse.pde.ui-20120217-1437,x.y.z,testCPL10,inner2,2,1,2
eclipse.pde.ui-20120217-1437,x.y.z,testCPL10,inner2,2,1,3
eclipse.pde.ui-20120217-1437,x.y.z,testCPL10,inner3,2,1,4
eclipse.pde.ui-20120217-1437,x.y.z,testCPL10,inner3,2,1,5
eclipse.pde.ui-20120217-1437,x.y.z,inner,inner2,2,1,2
eclipse.pde.ui-20120217-1437,x.y.z,inner,inner2,2,1,3
eclipse.pde.ui-20120217-1437,x.y.z,inner2,inner2,2,1,2
eclipse.pde.ui-20120217-1437,x.y.z,inner2,inner2,2,1,3
eclipse.pde.ui-20120217-1437,x.y.z,inner3,inner3,2,1,4
eclipse.pde.ui-20120217-1437,x.y.z,inner3,inner3,2,1,5
eclipse.pde.ui-20120217-1437,x.y.z,testCPL11,inner2,2,1,2
eclipse.pde.ui-20120217-1437,x.y.z,testCPL11,inner2,2,1,3
eclipse.pde.ui-20120217-1437,x.y.z,testCPL11,inner3,2,1,4
eclipse.pde.ui-20120217-1437,x.y.z,testCPL11,inner3,2,1,5
eclipse.pde.ui-20120217-1437,x.y.z,inner,inner2,2,1,2
eclipse.pde.ui-20120217-1437,x.y.z,inner,inner2,2,1,3
eclipse.pde.ui-20120217-1437,x.y.z,inner2,inner2,2,1,2
eclipse.pde.ui-20120217-1437,x.y.z,inner2,inner2,2,1,3
eclipse.pde.ui-20120217-1437,x.y.z,inner3,inner3,2,1,4
eclipse.pde.ui-20120217-1437,x.y.z,inner3,inner3,2,1,5
eclipse.pde.ui-20120217-1437,x.y.z,testCPL12,inner2,2,1,2
eclipse.pde.ui-20120217-1437,x.y.z,testCPL12,inner2,2,1,3
eclipse.pde.ui-20120217-1437,x.y.z,testCPL12,inner3,2,1,4
eclipse.pde.ui-20120217-1437,x.y.z,testCPL12,inner3,2,1,5
eclipse.pde.ui-20120217-1437,x.y.z,inner,inner2,2,1,2
eclipse.pde.ui-20120217-1437,x.y.z,inner,inner2,2,1,3
eclipse.pde.ui-20120217-1437,x.y.z,inner2,inner2,2,1,2
eclipse.pde.ui-20120217-1437,x.y.z,inner2,inner2,2,1,3
eclipse.pde.ui-20120217-1437,x.y.z,inner3,inner3,2,1,4
eclipse.pde.ui-20120217-1437,x.y.z,inner3,inner3,2,1,5
eclipse.pde.ui-20120217-1437,x.y.z,testCPL13,inner2,2,1,2
eclipse.pde.ui-20120217-1437,x.y.z,testCPL13,inner2,2,1,3
eclipse.pde.ui-20120217-1437,x.y.z,testCPL13,inner3,2,1,4
eclipse.pde.ui-20120217-1437,x.y.z,testCPL13,inner3,2,1,5
eclipse.pde.ui-20120217-1437,x.y.z,inner,inner2,2,1,2
eclipse.pde.ui-20120217-1437,x.y.z,inner,inner2,2,1,3
eclipse.pde.ui-20120217-1437,x.y.z,inner2,inner2,2,1,2
eclipse.pde.ui-20120217-1437,x.y.z,inner2,inner2,2,1,3
eclipse.pde.ui-20120217-1437,x.y.z,inner3,inner3,2,1,4
eclipse.pde.ui-20120217-1437,x.y.z,inner3,inner3,2,1,5
eclipse.pde.ui-20120217-1437,x.y.z,testCPL14,testCPL14,2,1,1
eclipse.pde.ui-20120217-1437,x.y.z,testCPL2,testCPL2,2,1,1
eclipse.pde.ui-20120217-1437,x.y.z,testCPL2,testCPL2,2,1,2
eclipse.pde.ui-20120217-1437,x.y.z,testCPL2,testCPL2,2,1,3
eclipse.pde.ui-20120217-1437,x.y.z,testCPL2,testCPL2,2,1,4
eclipse.pde.ui-20120217-1437,x.y.z,testCPL3,testCPL3,2,1,1
eclipse.pde.ui-20120217-1437,x.y.z,testCPL3,testCPL3,2,1,2
eclipse.pde.ui-20120217-1437,x.y.z,testCPL3,testCPL3,2,1,3
eclipse.pde.ui-20120217-1437,x.y.z,testCPL3,testCPL3,2,1,4
eclipse.pde.ui-20120217-1437,x.y.z,testCPL4,testCPL4,2,1,1
eclipse.pde.ui-20120217-1437,x.y.z,testCPL4,testCPL4,2,1,2
eclipse.pde.ui-20120217-1437,x.y.z,testCPL4,testCPL4,2,1,3
eclipse.pde.ui-20120217-1437,x.y.z,testCPL4,testCPL4,2,1,4
eclipse.pde.ui-20120217-1437,x.y.z,testCPL5,testCPL5,2,1,2
eclipse.pde.ui-20120217-1437,x.y.z,testCPL5,testCPL5,2,1,3
eclipse.pde.ui-20120217-1437,x.y.z,testCPL5,testCPL5,2,1,4
eclipse.pde.ui-20120217-1437,x.y.z,testCPL5,testCPL5,2,1,5
eclipse.pde.ui-20120217-1437,x.y.z,testCPL6,testCPL6,2,1,2
eclipse.pde.ui-20120217-1437,x.y.z,testCPL6,testCPL6,2,1,3
eclipse.pde.ui-20120217-1437,x.y.z,testCPL6,testCPL6,2,1,4
eclipse.pde.ui-20120217-1437,x.y.z,testCPL6,testCPL6,2,1,5
eclipse.pde.ui-20120217-1437,x.y.z,testCPL7,inner,2,1,2
eclipse.pde.ui-20120217-1437,x.y.z,testCPL7,inner,2,1,3
eclipse.pde.ui-20120217-1437,x.y.z,testCPL7,inner,2,1,4
eclipse.pde.ui-20120217-1437,x.y.z,testCPL7,inner,2,1,5
eclipse.pde.ui-20120217-1437,x.y.z,inner,inner,2,1,2
eclipse.pde.ui-20120217-1437,x.y.z,inner,inner,2,1,3
eclipse.pde.ui-20120217-1437,x.y.z,inner,inner,2,1,4
eclipse.pde.ui-20120217-1437,x.y.z,inner,inner,2,1,5
eclipse.pde.ui-20120217-1437,x.y.z,testCPL8,inner,2,1,2
eclipse.pde.ui-20120217-1437,x.y.z,testCPL8,inner,2,1,3
eclipse.pde.ui-20120217-1437,x.y.z,testCPL8,inner,2,1,4
eclipse.pde.ui-20120217-1437,x.y.z,testCPL8,inner,2,1,5
eclipse.pde.ui-20120217-1437,x.y.z,inner,inner,2,1,2
eclipse.pde.ui-20120217-1437,x.y.z,inner,inner,2,1,3
eclipse.pde.ui-20120217-1437,x.y.z,inner,inner,2,1,4
eclipse.pde.ui-20120217-1437,x.y.z,inner,inner,2,1,5
eclipse.pde.ui-20120217-1437,x.y.z,testCPL9,inner2,2,1,2
eclipse.pde.ui-20120217-1437,x.y.z,testCPL9,inner2,2,1,3
eclipse.pde.ui-20120217-1437,x.y.z,testCPL9,inner3,2,1,4
eclipse.pde.ui-20120217-1437,x.y.z,testCPL9,inner3,2,1,5
eclipse.pde.ui-20120217-1437,x.y.z,inner,inner2,2,1,2
eclipse.pde.ui-20120217-1437,x.y.z,inner,inner2,2,1,3
eclipse.pde.ui-20120217-1437,x.y.z,inner2,inner2,2,1,2
eclipse.pde.ui-20120217-1437,x.y.z,inner2,inner2,2,1,3
eclipse.pde.ui-20120217-1437,x.y.z,inner3,inner3,2,1,4
eclipse.pde.ui-20120217-1437,x.y.z,inner3,inner3,2,1,5
eclipse.pde.ui-20120217-1437,x.y.z,testMPL1,m1,2,1,1
eclipse.pde.ui-20120217-1437,x.y.z,testMPL1,m2,3,1,1
eclipse.pde.ui-20120217-1437,x.y.z,testMPL1,m3,3,1,1
eclipse.pde.ui-20120217-1437,x.y.z,testMPL1,m4,2,1,1
eclipse.pde.ui-20120217-1437,x.y.z,testMPL1,m5,3,1,1
eclipse.pde.ui-20120217-1437,x.y.z,testMPL1,m6,3,1,1
eclipse.pde.ui-20120217-1437,x.y.z,testMPL10,m1,2,1,4
eclipse.pde.ui-20120217-1437,x.y.z,testMPL10,m2,3,1,4
eclipse.pde.ui-20120217-1437,x.y.z,testMPL10,m3,3,1,4
eclipse.pde.ui-20120217-1437,x.y.z,testMPL10,m4,2,1,4
eclipse.pde.ui-20120217-1437,x.y.z,testMPL10,m5,3,1,4
eclipse.pde.ui-20120217-1437,x.y.z,testMPL10,m6,3,1,4
eclipse.pde.ui-20120217-1437,x.y.z,inner,m1,2,1,4
eclipse.pde.ui-20120217-1437,x.y.z,inner,m2,3,1,4
eclipse.pde.ui-20120217-1437,x.y.z,inner,m3,3,1,4
eclipse.pde.ui-20120217-1437,x.y.z,inner2,m1,2,1,4
eclipse.pde.ui-20120217-1437,x.y.z,inner2,m2,3,1,4
eclipse.pde.ui-20120217-1437,x.y.z,inner2,m3,3,1,4
eclipse.pde.ui-20120217-1437,x.y.z,inner3,m4,2,1,4
eclipse.pde.ui-20120217-1437,x.y.z,inner3,m5,3,1,4
eclipse.pde.ui-20120217-1437,x.y.z,inner3,m6,3,1,4
eclipse.pde.ui-20120217-1437,x.y.z,testMPL11,m1,2,1,4
eclipse.pde.ui-20120217-1437,x.y.z,testMPL11,m2,3,1,4
eclipse.pde.ui-20120217-1437,x.y.z,testMPL11,m3,3,1,4
eclipse.pde.ui-20120217-1437,x.y.z,testMPL11,m1,2,1,4
eclipse.pde.ui-20120217-1437,x.y.z,testMPL11,m2,3,1,4
eclipse.pde.ui-20120217-1437,x.y.z,testMPL11,m3,3,1,4
eclipse.pde.ui-20120217-1437,x.y.z,inner,m1,2,1,4
eclipse.pde.ui-20120217-1437,x.y.z,inner,m2,3,1,4
eclipse.pde.ui-20120217-1437,x.y.z,inner,m3,3,1,4
eclipse.pde.ui-20120217-1437,x.y.z,testMPL12,m1,2,1,4
eclipse.pde.ui-20120217-1437,x.y.z,testMPL12,m2,3,1,4
eclipse.pde.ui-20120217-1437,x.y.z,testMPL12,m3,3,1,4
eclipse.pde.ui-20120217-1437,x.y.z,testMPL12,m1,2,1,4
eclipse.pde.ui-20120217-1437,x.y.z,testMPL12,m2,3,1,4
eclipse.pde.ui-20120217-1437,x.y.z,testMPL12,m3,3,1,4
eclipse.pde.ui-20120217-1437,x.y.z,inner,m1,2,1,4
eclipse.pde.ui-20120217-1437,x.y.z,inner,m2,3,1,4
eclipse.pde.ui-20120217-1437,x.y.z,inner,m3,3,1,4
eclipse.pde.ui-20120217-1437,x.y.z,testMPL13,m1,2,1,4
eclipse.pde.ui-20120217-1437,x.y.z,testMPL13,m2,3,1,4
eclipse.pde.ui-20120217-1437,x.y.z,testMPL13,m3,3,1,4
eclipse.pde.ui-20120217-1437,x.y.z,testMPL13,m4,2,1,4
eclipse.pde.ui-20120217-1437,x.y.z,testMPL13,m5,3,1,4
eclipse.pde.ui-20120217-1437,x.y.z,testMPL13,m6,3,1,4
eclipse.pde.ui-20120217-1437,x.y.z,inner,m4,2,1,4
eclipse.pde.ui-20120217-1437,x.y.z,inner,m5,3,1,4
eclipse.pde.ui-20120217-1437,x.y.z,inner,m6,3,1,4
eclipse.pde.ui-20120217-1437,x.y.z,testMPL14,m1,2,1,1
eclipse.pde.ui-20120217-1437,x.y.z,testMPL15,m1,2,1,1
eclipse.pde.ui-20120217-1437,x.y.z,testMPL16,m1,2,1,1
eclipse.pde.ui-20120217-1437,x.y.z,outermpl17,m1,2,1,1
eclipse.pde.ui-20120217-1437,x.y.z,testMPL18,methodLeak,2,1,1
eclipse.pde.ui-20120217-1437,x.y.z,testMPL19,m1,2,1,1
eclipse.pde.ui-20120217-1437,x.y.z,testMPL2,m1,2,1,1
eclipse.pde.ui-20120217-1437,x.y.z,testMPL2,m2,3,1,1
eclipse.pde.ui-20120217-1437,x.y.z,testMPL2,m3,3,1,1
eclipse.pde.ui-20120217-1437,x.y.z,testMPL2,m4,2,1,1
eclipse.pde.ui-20120217-1437,x.y.z,testMPL2,m5,3,1,1
eclipse.pde.ui-20120217-1437,x.y.z,testMPL2,m6,3,1,1
eclipse.pde.ui-20120217-1437,x.y.z,testMPL20,m1,2,1,1
eclipse.pde.ui-20120217-1437,x.y.z,testMPL20,m2,2,1,2
eclipse.pde.ui-20120217-1437,x.y.z,testMPL3,m1,2,1,1
eclipse.pde.ui-20120217-1437,x.y.z,testMPL3,m2,3,1,1
eclipse.pde.ui-20120217-1437,x.y.z,testMPL3,m3,3,1,1
eclipse.pde.ui-20120217-1437,x.y.z,testMPL3,m4,2,1,1
eclipse.pde.ui-20120217-1437,x.y.z,testMPL3,m5,3,1,1
eclipse.pde.ui-20120217-1437,x.y.z,testMPL3,m6,3,1,1
eclipse.pde.ui-20120217-1437,x.y.z,testMPL4,m1,2,1,1
eclipse.pde.ui-20120217-1437,x.y.z,testMPL4,m2,3,1,1
eclipse.pde.ui-20120217-1437,x.y.z,testMPL4,m3,3,1,1
eclipse.pde.ui-20120217-1437,x.y.z,testMPL4,m4,2,1,1
eclipse.pde.ui-20120217-1437,x.y.z,testMPL4,m5,3,1,1
eclipse.pde.ui-20120217-1437,x.y.z,testMPL4,m6,3,1,1
eclipse.pde.ui-20120217-1437,x.y.z,testMPL5,m1,2,1,4
eclipse.pde.ui-20120217-1437,x.y.z,testMPL5,m2,3,1,4
eclipse.pde.ui-20120217-1437,x.y.z,testMPL5,m3,3,1,4
eclipse.pde.ui-20120217-1437,x.y.z,testMPL5,m4,2,1,4
eclipse.pde.ui-20120217-1437,x.y.z,testMPL5,m5,3,1,4
eclipse.pde.ui-20120217-1437,x.y.z,testMPL5,m6,3,1,4
eclipse.pde.ui-20120217-1437,x.y.z,testMPL6,m1,2,1,4
eclipse.pde.ui-20120217-1437,x.y.z,testMPL6,m2,3,1,4
eclipse.pde.ui-20120217-1437,x.y.z,testMPL6,m3,3,1,4
eclipse.pde.ui-20120217-1437,x.y.z,testMPL6,m4,2,1,4
eclipse.pde.ui-20120217-1437,x.y.z,testMPL6,m5,3,1,4
eclipse.pde.ui-20120217-1437,x.y.z,testMPL6,m6,3,1,4
eclipse.pde.ui-20120217-1437,x.y.z,testMPL7,m1,2,1,4
eclipse.pde.ui-20120217-1437,x.y.z,testMPL7,m2,3,1,4
eclipse.pde.ui-20120217-1437,x.y.z,testMPL7,m3,3,1,4
eclipse.pde.ui-20120217-1437,x.y.z,testMPL7,m4,2,1,4
eclipse.pde.ui-20120217-1437,x.y.z,testMPL7,m5,3,1,4
eclipse.pde.ui-20120217-1437,x.y.z,testMPL7,m6,3,1,4
eclipse.pde.ui-20120217-1437,x.y.z,inner,m1,2,1,4
eclipse.pde.ui-20120217-1437,x.y.z,inner,m2,3,1,4
eclipse.pde.ui-20120217-1437,x.y.z,inner,m3,3,1,4
eclipse.pde.ui-20120217-1437,x.y.z,inner,m4,2,1,4
eclipse.pde.ui-20120217-1437,x.y.z,inner,m5,3,1,4
eclipse.pde.ui-20120217-1437,x.y.z,inner,m6,3,1,4
eclipse.pde.ui-20120217-1437,x.y.z,testMPL8,m1,2,1,4
eclipse.pde.ui-20120217-1437,x.y.z,testMPL8,m2,3,1,4
eclipse.pde.ui-20120217-1437,x.y.z,testMPL8,m3,3,1,4
eclipse.pde.ui-20120217-1437,x.y.z,testMPL8,m4,2,1,4
eclipse.pde.ui-20120217-1437,x.y.z,testMPL8,m5,3,1,4
eclipse.pde.ui-20120217-1437,x.y.z,testMPL8,m6,3,1,4
eclipse.pde.ui-20120217-1437,x.y.z,inner,m1,2,1,4
eclipse.pde.ui-20120217-1437,x.y.z,inner,m2,3,1,4
eclipse.pde.ui-20120217-1437,x.y.z,inner,m3,3,1,4
eclipse.pde.ui-20120217-1437,x.y.z,inner,m4,2,1,4
eclipse.pde.ui-20120217-1437,x.y.z,inner,m5,3,1,4
eclipse.pde.ui-20120217-1437,x.y.z,inner,m6,3,1,4
eclipse.pde.ui-20120217-1437,x.y.z,testMPL9,m1,2,1,4
eclipse.pde.ui-20120217-1437,x.y.z,testMPL9,m2,3,1,4
eclipse.pde.ui-20120217-1437,x.y.z,testMPL9,m3,3,1,4
eclipse.pde.ui-20120217-1437,x.y.z,testMPL9,m4,2,1,4
eclipse.pde.ui-20120217-1437,x.y.z,testMPL9,m5,3,1,4
eclipse.pde.ui-20120217-1437,x.y.z,testMPL9,m6,3,1,4
eclipse.pde.ui-20120217-1437,x.y.z,inner,m1,2,1,4
eclipse.pde.ui-20120217-1437,x.y.z,inner,m2,3,1,4
eclipse.pde.ui-20120217-1437,x.y.z,inner,m3,3,1,4
eclipse.pde.ui-20120217-1437,x.y.z,inner2,m1,2,1,4
eclipse.pde.ui-20120217-1437,x.y.z,inner2,m2,3,1,4
eclipse.pde.ui-20120217-1437,x.y.z,inner2,m3,3,1,4
eclipse.pde.ui-20120217-1437,x.y.z,inner3,m4,2,1,4
eclipse.pde.ui-20120217-1437,x.y.z,inner3,m5,3,1,4
eclipse.pde.ui-20120217-1437,x.y.z,inner3,m6,3,1,4
eclipse.pde.ui-20120217-1437,x.y.z,testMRL1,m1,3,1,0
eclipse.pde.ui-20120217-1437,x.y.z,testMRL1,m2,3,1,0
eclipse.pde.ui-20120217-1437,x.y.z,testMRL1,m3,3,1,0
eclipse.pde.ui-20120217-1437,x.y.z,testMRL1,m4,3,1,0
eclipse.pde.ui-20120217-1437,x.y.z,testMRL10,m1,3,1,0
eclipse.pde.ui-20120217-1437,x.y.z,testMRL10,m2,3,1,0
eclipse.pde.ui-20120217-1437,x.y.z,testMRL10,m3,3,1,0
eclipse.pde.ui-20120217-1437,x.y.z,testMRL10,m4,3,1,0
eclipse.pde.ui-20120217-1437,x.y.z,testMRL11,m1,3,1,0
eclipse.pde.ui-20120217-1437,x.y.z,testMRL11,m2,3,1,0
eclipse.pde.ui-20120217-1437,x.y.z,testMRL11,m3,3,1,0
eclipse.pde.ui-20120217-1437,x.y.z,testMRL11,m4,3,1,0
eclipse.pde.ui-20120217-1437,x.y.z,testMRL11,m1,3,1,0
eclipse.pde.ui-20120217-1437,x.y.z,testMRL11,m2,3,1,0
eclipse.pde.ui-20120217-1437,x.y.z,testMRL11,m3,3,1,0
eclipse.pde.ui-20120217-1437,x.y.z,testMRL11,m4,3,1,0
eclipse.pde.ui-20120217-1437,x.y.z,inner,m1,3,1,0
eclipse.pde.ui-20120217-1437,x.y.z,inner,m2,3,1,0
eclipse.pde.ui-20120217-1437,x.y.z,inner,m3,3,1,0
eclipse.pde.ui-20120217-1437,x.y.z,inner,m4,3,1,0
eclipse.pde.ui-20120217-1437,x.y.z,testMRL12,m1,3,1,0
eclipse.pde.ui-20120217-1437,x.y.z,testMRL12,m2,3,1,0
eclipse.pde.ui-20120217-1437,x.y.z,testMRL12,m3,3,1,0
eclipse.pde.ui-20120217-1437,x.y.z,testMRL12,m4,3,1,0
eclipse.pde.ui-20120217-1437,x.y.z,testMRL12,m1,3,1,0
eclipse.pde.ui-20120217-1437,x.y.z,testMRL12,m2,3,1,0
eclipse.pde.ui-20120217-1437,x.y.z,testMRL12,m3,3,1,0
eclipse.pde.ui-20120217-1437,x.y.z,testMRL12,m4,3,1,0
eclipse.pde.ui-20120217-1437,x.y.z,inner,m1,3,1,0
eclipse.pde.ui-20120217-1437,x.y.z,inner,m2,3,1,0
eclipse.pde.ui-20120217-1437,x.y.z,inner,m3,3,1,0
eclipse.pde.ui-20120217-1437,x.y.z,inner,m4,3,1,0
eclipse.pde.ui-20120217-1437,x.y.z,testMRL13,m1,3,1,0
eclipse.pde.ui-20120217-1437,x.y.z,testMRL13,m2,3,1,0
eclipse.pde.ui-20120217-1437,x.y.z,testMRL13,m3,3,1,0
eclipse.pde.ui-20120217-1437,x.y.z,testMRL13,m4,3,1,0
eclipse.pde.ui-20120217-1437,x.y.z,testMRL13,m1,3,1,0
eclipse.pde.ui-20120217-1437,x.y.z,testMRL13,m2,3,1,0
eclipse.pde.ui-20120217-1437,x.y.z,testMRL13,m3,3,1,0
eclipse.pde.ui-20120217-1437,x.y.z,testMRL13,m4,3,1,0
eclipse.pde.ui-20120217-1437,x.y.z,inner,m1,3,1,0
eclipse.pde.ui-20120217-1437,x.y.z,inner,m2,3,1,0
eclipse.pde.ui-20120217-1437,x.y.z,inner,m3,3,1,0
eclipse.pde.ui-20120217-1437,x.y.z,inner,m4,3,1,0
eclipse.pde.ui-20120217-1437,x.y.z,testMRL14,m1,3,1,0
eclipse.pde.ui-20120217-1437,x.y.z,testMRL15,m1,3,1,0
eclipse.pde.ui-20120217-1437,x.y.z,testMRL16,m1,3,1,0
eclipse.pde.ui-20120217-1437,x.y.z,testMRL17,m1,3,1,0
eclipse.pde.ui-20120217-1437,x.y.z,testMRL18,m1,3,1,0
eclipse.pde.ui-20120217-1437,x.y.z,testMRL19,m1,3,1,0
eclipse.pde.ui-20120217-1437,x.y.z,testMRL19,m2,3,1,0
eclipse.pde.ui-20120217-1437,x.y.z,testMRL2,m1,3,1,0
eclipse.pde.ui-20120217-1437,x.y.z,testMRL2,m2,3,1,0
eclipse.pde.ui-20120217-1437,x.y.z,testMRL2,m3,3,1,0
eclipse.pde.ui-20120217-1437,x.y.z,testMRL2,m4,3,1,0
eclipse.pde.ui-20120217-1437,x.y.z,testMRL3,m1,3,1,0
eclipse.pde.ui-20120217-1437,x.y.z,testMRL3,m2,3,1,0
eclipse.pde.ui-20120217-1437,x.y.z,testMRL3,m3,3,1,0
eclipse.pde.ui-20120217-1437,x.y.z,testMRL3,m4,3,1,0
eclipse.pde.ui-20120217-1437,x.y.z,inner,m1,3,1,0
eclipse.pde.ui-20120217-1437,x.y.z,inner,m2,3,1,0
eclipse.pde.ui-20120217-1437,x.y.z,inner,m3,3,1,0
eclipse.pde.ui-20120217-1437,x.y.z,inner,m4,3,1,0
eclipse.pde.ui-20120217-1437,x.y.z,testMRL4,m1,3,1,0
eclipse.pde.ui-20120217-1437,x.y.z,testMRL4,m2,3,1,0
eclipse.pde.ui-20120217-1437,x.y.z,testMRL4,m3,3,1,0
eclipse.pde.ui-20120217-1437,x.y.z,testMRL4,m4,3,1,0
eclipse.pde.ui-20120217-1437,x.y.z,inner,m1,3,1,0
eclipse.pde.ui-20120217-1437,x.y.z,inner,m2,3,1,0
eclipse.pde.ui-20120217-1437,x.y.z,inner,m3,3,1,0
eclipse.pde.ui-20120217-1437,x.y.z,inner,m4,3,1,0
eclipse.pde.ui-20120217-1437,x.y.z,testMRL5,m1,3,1,0
eclipse.pde.ui-20120217-1437,x.y.z,testMRL5,m2,3,1,0
eclipse.pde.ui-20120217-1437,x.y.z,testMRL5,m3,3,1,0
eclipse.pde.ui-20120217-1437,x.y.z,testMRL5,m4,3,1,0
eclipse.pde.ui-20120217-1437,x.y.z,inner,m1,3,1,0
eclipse.pde.ui-20120217-1437,x.y.z,inner,m2,3,1,0
eclipse.pde.ui-20120217-1437,x.y.z,inner2,m1,3,1,0
eclipse.pde.ui-20120217-1437,x.y.z,inner2,m2,3,1,0
eclipse.pde.ui-20120217-1437,x.y.z,inner2,m3,3,1,0
eclipse.pde.ui-20120217-1437,x.y.z,inner2,m4,3,1,0
eclipse.pde.ui-20120217-1437,x.y.z,testMRL6,m1,3,1,0
eclipse.pde.ui-20120217-1437,x.y.z,testMRL6,m2,3,1,0
eclipse.pde.ui-20120217-1437,x.y.z,testMRL6,m3,3,1,0
eclipse.pde.ui-20120217-1437,x.y.z,testMRL6,m4,3,1,0
eclipse.pde.ui-20120217-1437,x.y.z,inner,m1,3,1,0
eclipse.pde.ui-20120217-1437,x.y.z,inner,m2,3,1,0
eclipse.pde.ui-20120217-1437,x.y.z,inner2,m1,3,1,0
eclipse.pde.ui-20120217-1437,x.y.z,inner2,m2,3,1,0
eclipse.pde.ui-20120217-1437,x.y.z,inner2,m3,3,1,0
eclipse.pde.ui-20120217-1437,x.y.z,inner2,m4,3,1,0
eclipse.pde.ui-20120217-1437,x.y.z,testMRL7,m1,0,1,0
eclipse.pde.ui-20120217-1437,x.y.z,testMRL7,m2,0,1,0
eclipse.pde.ui-20120217-1437,x.y.z,testMRL7,m3,0,1,0
eclipse.pde.ui-20120217-1437,x.y.z,testMRL7,m4,0,1,0
eclipse.pde.ui-20120217-1437,x.y.z,inner,m1,0,1,0
eclipse.pde.ui-20120217-1437,x.y.z,inner,m2,0,1,0
eclipse.pde.ui-20120217-1437,x.y.z,inner2,m1,0,1,0
eclipse.pde.ui-20120217-1437,x.y.z,inner2,m2,0,1,0
eclipse.pde.ui-20120217-1437,x.y.z,inner2,m3,0,1,0
eclipse.pde.ui-20120217-1437,x.y.z,inner2,m4,0,1,0
eclipse.pde.ui-20120217-1437,x.y.z,testMRL8,m1,0,1,0
eclipse.pde.ui-20120217-1437,x.y.z,testMRL8,m2,0,1,0
eclipse.pde.ui-20120217-1437,x.y.z,testMRL8,m3,0,1,0
eclipse.pde.ui-20120217-1437,x.y.z,testMRL8,m4,0,1,0
eclipse.pde.ui-20120217-1437,x.y.z,testMRL9,m1,3,1,0
eclipse.pde.ui-20120217-1437,x.y.z,testMRL9,m2,3,1,0
eclipse.pde.ui-20120217-1437,x.y.z,testMRL9,m3,3,1,0
eclipse.pde.ui-20120217-1437,x.y.z,testMRL9,m4,3,1,0
eclipse.pde.ui-20120217-1437,x.y.z,testA1,m1,4,1,0
eclipse.pde.ui-20120217-1437,x.y.z,testA10,m1,6,1,0
eclipse.pde.ui-20120217-1437,x.y.z,testA2,m1,8,1,0
eclipse.pde.ui-20120217-1437,x.y.z,testA2,toString,3,1,0
eclipse.pde.ui-20120217-1437,x.y.z,testA3,m1,5,1,0
eclipse.pde.ui-20120217-1437,x.y.z,testA5,testA5,4,1,0
eclipse.pde.ui-20120217-1437,x.y.z,testA6,testA6,5,1,0
eclipse.pde.ui-20120217-1437,x.y.z,testA7,m1,5,1,0
eclipse.pde.ui-20120217-1437,x.y.z,testA7,m2,5,1,0
eclipse.pde.ui-20120217-1437,x.y.z,testA7,m3,5,1,0
eclipse.pde.ui-20120217-1437,x.y.z,testA8,m1,5,1,0
eclipse.pde.ui-20120217-1437,x.y.z,testA9,m1,6,1,0
eclipse.pde.ui-20120217-1437,x.y.z,testC10,m1,3,1,0
eclipse.pde.ui-20120217-1437,x.y.z,testC10,m1,3,1,0
eclipse.pde.ui-20120217-1437,x.y.z,inner,m1,3,1,0
eclipse.pde.ui-20120217-1437,x.y.z,testC2,testC2,3,1,0
eclipse.pde.ui-20120217-1437,x.y.z,testC2,inner,3,1,0
eclipse.pde.ui-20120217-1437,x.y.z,testC2,inner2,3,1,0
eclipse.pde.ui-20120217-1437,x.y.z,inner,inner,3,1,0
eclipse.pde.ui-20120217-1437,x.y.z,inner2,inner2,3,1,0
eclipse.pde.ui-20120217-1437,x.y.z,outer,outer,3,1,0
eclipse.pde.ui-20120217-1437,x.y.z,testGA1,m1,5,1,2
eclipse.pde.ui-20120217-1437,x.y.z,testGA2,m1,5,1,2
eclipse.pde.ui-20120217-1437,x.y.z,testGA3,testGA3,5,1,2
eclipse.pde.ui-20120217-1437,x.y.z,testGA5,testGA5,4,1,2
eclipse.pde.ui-20120217-1437,x.y.z,testGA6,m1,4,1,2
eclipse.pde.ui-20120217-1437,x.y.z,testCN1,testCN1,5,1,0
eclipse.pde.ui-20120217-1437,x.y.z,testCN1,inner,5,1,0
eclipse.pde.ui-20120217-1437,x.y.z,testCN1,inner2,5,1,0
eclipse.pde.ui-20120217-1437,x.y.z,inner,inner,5,1,0
eclipse.pde.ui-20120217-1437,x.y.z,inner2,inner2,5,1,0
eclipse.pde.ui-20120217-1437,x.y.z,outer,outer,5,1,0
eclipse.pde.ui-20120217-1437,x.y.z,test6,test6,4,1,0
eclipse.pde.ui-20120217-1437,x.y.z,test7,m1,2,1,0
eclipse.pde.ui-20120217-1437,x.y.z,testF1,testF1,5,1,0
eclipse.pde.ui-20120217-1437,x.y.z,testF1,inner,5,1,0
eclipse.pde.ui-20120217-1437,x.y.z,testF1,inner2,5,1,0
eclipse.pde.ui-20120217-1437,x.y.z,inner,inner,5,1,0
eclipse.pde.ui-20120217-1437,x.y.z,inner2,inner2,5,1,0
eclipse.pde.ui-20120217-1437,x.y.z,outer,outer,5,1,0
eclipse.pde.ui-20120217-1437,x.y.z,testF2,testF2,5,1,0
eclipse.pde.ui-20120217-1437,x.y.z,testF2,inner,5,1,0
eclipse.pde.ui-20120217-1437,x.y.z,testF2,inner2,5,1,0
eclipse.pde.ui-20120217-1437,x.y.z,inner,inner,5,1,0
eclipse.pde.ui-20120217-1437,x.y.z,inner2,inner2,5,1,0
eclipse.pde.ui-20120217-1437,x.y.z,outer,outer,5,1,0
eclipse.pde.ui-20120217-1437,x.y.z,testF3,testF3,5,1,0
eclipse.pde.ui-20120217-1437,x.y.z,testF3,inner,5,1,0
eclipse.pde.ui-20120217-1437,x.y.z,testF3,inner2,5,1,0
eclipse.pde.ui-20120217-1437,x.y.z,inner,inner,5,1,0
eclipse.pde.ui-20120217-1437,x.y.z,inner2,inner2,5,1,0
eclipse.pde.ui-20120217-1437,x.y.z,outer,outer,5,1,0
eclipse.pde.ui-20120217-1437,x.y.z,testF4,testF4,5,1,0
eclipse.pde.ui-20120217-1437,x.y.z,testF4,inner,5,1,0
eclipse.pde.ui-20120217-1437,x.y.z,testF4,inner2,5,1,0
eclipse.pde.ui-20120217-1437,x.y.z,inner,inner,5,1,0
eclipse.pde.ui-20120217-1437,x.y.z,inner2,inner2,5,1,0
eclipse.pde.ui-20120217-1437,x.y.z,outer,outer,5,1,0
eclipse.pde.ui-20120217-1437,x.y.z,testF5,inner,7,1,0
eclipse.pde.ui-20120217-1437,x.y.z,testF5,inner2,7,1,0
eclipse.pde.ui-20120217-1437,x.y.z,inner,inner,7,1,0
eclipse.pde.ui-20120217-1437,x.y.z,inner2,inner2,7,1,0
eclipse.pde.ui-20120217-1437,x.y.z,outer,outer,7,1,0
eclipse.pde.ui-20120217-1437,x.y.z,testF6,inner,5,1,0
eclipse.pde.ui-20120217-1437,x.y.z,testF6,inner2,5,1,0
eclipse.pde.ui-20120217-1437,x.y.z,inner,inner,5,1,0
eclipse.pde.ui-20120217-1437,x.y.z,inner2,inner2,5,1,0
eclipse.pde.ui-20120217-1437,x.y.z,outer,outer,5,1,0
eclipse.pde.ui-20120217-1437,x.y.z,testF7,inner,5,1,0
eclipse.pde.ui-20120217-1437,x.y.z,testF7,inner2,5,1,0
eclipse.pde.ui-20120217-1437,x.y.z,inner,inner,5,1,0
eclipse.pde.ui-20120217-1437,x.y.z,inner2,inner2,5,1,0
eclipse.pde.ui-20120217-1437,x.y.z,outer,outer,5,1,0
eclipse.pde.ui-20120217-1437,x.y.z,testUF1,m1,2,1,1
eclipse.pde.ui-20120217-1437,x.y.z,testUF1,m1,2,1,1
eclipse.pde.ui-20120217-1437,x.y.z,testUF2,m1,3,1,0
eclipse.pde.ui-20120217-1437,x.y.z,testUF3,m1,2,1,1
eclipse.pde.ui-20120217-1437,x.y.z,testUF3,m1,2,1,1
eclipse.pde.ui-20120217-1437,x.y.z,testUF3,m2,3,1,0
eclipse.pde.ui-20120217-1437,x.y.z,test6,m3,2,1,0
eclipse.pde.ui-20120217-1437,x.y.z,testCDiamond,m1,3,1,0
eclipse.pde.ui-20120217-1437,x.y.z,testCMultiCatch,m1,10,1,0
eclipse.pde.ui-20120217-1437,x.y.z,testCStringSwitch,m1,16,3,0
eclipse.pde.ui-20120217-1437,x.y.z,testCTryWith,m1,6,1,0
eclipse.pde.ui-20120217-1437,x.y.z,testFMultiCatch,m1,12,2,0
eclipse.pde.ui-20120217-1437,x.y.z,testFStringSwitch,m1,20,3,0
eclipse.pde.ui-20120217-1437,x.y.z,testMMultiCatch,m1,9,1,0
eclipse.pde.ui-20120217-1437,x.y.z,testMStringSwitch,m1,18,3,0
eclipse.pde.ui-20120217-1437,x.y.z,testCN1,testCN1,5,1,0
eclipse.pde.ui-20120217-1437,x.y.z,testCN1,inner,5,1,0
eclipse.pde.ui-20120217-1437,x.y.z,testCN1,inner2,5,1,0
eclipse.pde.ui-20120217-1437,x.y.z,inner,inner,5,1,0
eclipse.pde.ui-20120217-1437,x.y.z,inner2,inner2,5,1,0
eclipse.pde.ui-20120217-1437,x.y.z,outer,outer,5,1,0
eclipse.pde.ui-20120217-1437,x.y.z,testM1,inner,5,1,0
eclipse.pde.ui-20120217-1437,x.y.z,testM1,inner2,5,1,0
eclipse.pde.ui-20120217-1437,x.y.z,inner,inner,5,1,0
eclipse.pde.ui-20120217-1437,x.y.z,inner2,inner2,5,1,0
eclipse.pde.ui-20120217-1437,x.y.z,outer,outer,5,1,0
eclipse.pde.ui-20120217-1437,x.y.z,testM10,foo,7,1,0
eclipse.pde.ui-20120217-1437,x.y.z,testM10,m2,2,1,0
eclipse.pde.ui-20120217-1437,x.y.z,testM2,m2,3,1,0
eclipse.pde.ui-20120217-1437,x.y.z,testM2,m2,3,1,0
eclipse.pde.ui-20120217-1437,x.y.z,testM2,m2,3,1,0
eclipse.pde.ui-20120217-1437,x.y.z,inner,m2,3,1,0
eclipse.pde.ui-20120217-1437,x.y.z,inner2,m2,3,1,0
eclipse.pde.ui-20120217-1437,x.y.z,outermu2,m2,3,1,0
eclipse.pde.ui-20120217-1437,x.y.z,testM3,testM3,5,1,0
eclipse.pde.ui-20120217-1437,x.y.z,testM3,inner,5,1,0
eclipse.pde.ui-20120217-1437,x.y.z,testM3,inner2,5,1,0
eclipse.pde.ui-20120217-1437,x.y.z,inner,inner,5,1,0
eclipse.pde.ui-20120217-1437,x.y.z,inner2,inner2,5,1,0
eclipse.pde.ui-20120217-1437,x.y.z,outer,outer,5,1,0
eclipse.pde.ui-20120217-1437,x.y.z,testM4,inner,5,1,0
eclipse.pde.ui-20120217-1437,x.y.z,testM4,inner2,5,1,0
eclipse.pde.ui-20120217-1437,x.y.z,inner,inner,5,1,0
eclipse.pde.ui-20120217-1437,x.y.z,inner2,inner2,5,1,0
eclipse.pde.ui-20120217-1437,x.y.z,outer,outer,5,1,0
eclipse.pde.ui-20120217-1437,x.y.z,testM5,inner,6,1,0
eclipse.pde.ui-20120217-1437,x.y.z,testM5,inner2,6,1,0
eclipse.pde.ui-20120217-1437,x.y.z,inner,inner,6,1,0
eclipse.pde.ui-20120217-1437,x.y.z,inner2,inner2,6,1,0
eclipse.pde.ui-20120217-1437,x.y.z,outer,outer,6,1,0
eclipse.pde.ui-20120217-1437,x.y.z,testM6,inner,6,1,0
eclipse.pde.ui-20120217-1437,x.y.z,testM6,inner2,6,1,0
eclipse.pde.ui-20120217-1437,x.y.z,inner,inner,6,1,0
eclipse.pde.ui-20120217-1437,x.y.z,inner2,inner2,6,1,0
eclipse.pde.ui-20120217-1437,x.y.z,outer,outer,6,1,0
eclipse.pde.ui-20120217-1437,x.y.z,testM7,inner,3,1,0
eclipse.pde.ui-20120217-1437,x.y.z,testM7,inner2,3,1,0
eclipse.pde.ui-20120217-1437,x.y.z,inner,inner,3,1,0
eclipse.pde.ui-20120217-1437,x.y.z,inner2,inner2,3,1,0
eclipse.pde.ui-20120217-1437,x.y.z,outer,outer,3,1,0
eclipse.pde.ui-20120217-1437,x.y.z,testM8,foo,8,1,0
eclipse.pde.ui-20120217-1437,x.y.z,testM8,run,3,1,0
eclipse.pde.ui-20120217-1437,x.y.z,testM9,foo,7,1,0
eclipse.pde.ui-20120217-1437,x.y.z,testM9,bar,3,1,0
eclipse.pde.ui-20120217-1437,x.y.z,C,bar,3,1,0
eclipse.pde.ui-20120217-1437,internal.x.y.z,internal,internalMethod,2,1,0
eclipse.pde.ui-20120217-1437,internal.x.y.z,internalprotected,protectedMethod,2,1,0
eclipse.pde.ui-20120217-1437,a.b.c,ClassA,methodOne,3,1,1
eclipse.pde.ui-20120217-1437,a.b.c,ClassB,methodOne,3,1,1
eclipse.pde.ui-20120217-1437,a.b.c,ClassB,methodOne,3,1,1
eclipse.pde.ui-20120217-1437,a.b.c,ClassA,methodOne,3,1,1
eclipse.pde.ui-20120217-1437,a.b.c,ClassA,methodOne,3,1,1
eclipse.pde.ui-20120217-1437,a.b.c,ClassAdded,methodOne,3,1,1
eclipse.pde.ui-20120217-1437,a.b.c,ClassB,methodOne,3,1,1
eclipse.pde.ui-20120217-1437,a.b.c,ClassA,methodOne,3,1,1
eclipse.pde.ui-20120217-1437,a.b.c,ClassB,methodOne,3,1,1
eclipse.pde.ui-20120217-1437,a.b.c,ClassB,methodOne,3,1,1
eclipse.pde.ui-20120217-1437,a.b.c,ClassA,methodOne,3,1,1
eclipse.pde.ui-20120217-1437,a.b.c,ClassA,methodOne,3,1,1
eclipse.pde.ui-20120217-1437,a.b.c,ClassB,methodOne,3,1,1
eclipse.pde.ui-20120217-1437,a.b.c,ClassA,methodOne,3,1,1
eclipse.pde.ui-20120217-1437,a.b.c,ClassA,methodOne,3,1,1
eclipse.pde.ui-20120217-1437,a.b.c,ClassB,methodOne,3,1,1
eclipse.pde.ui-20120217-1437,a.b.c,ClassB,methodOne,3,1,1
eclipse.pde.ui-20120217-1437,a.b.c,ClassA,methodOne,3,1,1
eclipse.pde.ui-20120217-1437,a.b.c,ClassA,methodOne,3,1,1
eclipse.pde.ui-20120217-1437,a.b.c,ClassB,methodOne,3,1,1
eclipse.pde.ui-20120217-1437,a.b.c,ClassB,methodOne,3,1,1
eclipse.pde.ui-20120217-1437,a.b.c,ClassA,methodOne,3,1,1
eclipse.pde.ui-20120217-1437,a.b.c,ClassA,methodOne,3,1,1
eclipse.pde.ui-20120217-1437,a.b.c,ClassB,methodOne,3,1,1
eclipse.pde.ui-20120217-1437,a.b.c,ClassA,methodOne,3,1,1
eclipse.pde.ui-20120217-1437,a.b.c,ClassB,methodOne,3,1,1
eclipse.pde.ui-20120217-1437,a.b.c,ClassA,methodOne,3,1,1
eclipse.pde.ui-20120217-1437,a.b.c,ClassB,methodOne,3,1,1
eclipse.pde.ui-20120217-1437,a.b.c,ClassA,methodOne,3,1,1
eclipse.pde.ui-20120217-1437,a.b.c,ClassA,methodOne,3,1,1
eclipse.pde.ui-20120217-1437,a.b.c,ClassB,methodOne,3,1,1
eclipse.pde.ui-20120217-1437,a.b.c,ClassB,methodOne,3,1,1
eclipse.pde.ui-20120217-1437,a.b.c,ClassA,methodOne,3,1,1
eclipse.pde.ui-20120217-1437,a.b.c,ClassA,methodOne,3,1,1
eclipse.pde.ui-20120217-1437,a.b.c,ClassB,methodOne,3,1,1
eclipse.pde.ui-20120217-1437,a.b.c,ClassB,methodOne,3,1,1
eclipse.pde.ui-20120217-1437,a.b.c,ClassA,methodOne,3,1,1
eclipse.pde.ui-20120217-1437,a.b.c,ClassB,methodOne,3,1,1
eclipse.pde.ui-20120217-1437,a.b.c,ClassA,methodOne,3,1,1
eclipse.pde.ui-20120217-1437,a.b.c,test8,foo,0,1,0
eclipse.pde.ui-20120217-1437,a.b.c,test6,m1,2,1,0
eclipse.pde.ui-20120217-1437,a.b.c,test6,m1,2,1,0
eclipse.pde.ui-20120217-1437,a.b.c,Inner,m1,2,1,0
eclipse.pde.ui-20120217-1437,a.b.c,outer,m1,2,1,0
eclipse.pde.ui-20120217-1437,a.b.c,test7,m1,0,1,0
eclipse.pde.ui-20120217-1437,a.b.c,test7,m1,0,1,0
eclipse.pde.ui-20120217-1437,a.b.c,Inner,m1,0,1,0
eclipse.pde.ui-20120217-1437,a.b.c,outer,m1,0,1,0
eclipse.pde.ui-20120217-1437,a.b.c,test1,m1,3,1,0
eclipse.pde.ui-20120217-1437,a.b.c,test1,m2,3,1,0
eclipse.pde.ui-20120217-1437,a.b.c,test1,m3,2,1,0
eclipse.pde.ui-20120217-1437,a.b.c,test1,m4,3,1,0
eclipse.pde.ui-20120217-1437,a.b.c,test1,m1,3,1,0
eclipse.pde.ui-20120217-1437,a.b.c,test1,m2,3,1,0
eclipse.pde.ui-20120217-1437,a.b.c,test1,m3,2,1,0
eclipse.pde.ui-20120217-1437,a.b.c,test1,m4,3,1,0
eclipse.pde.ui-20120217-1437,a.b.c,test1,m1,3,1,0
eclipse.pde.ui-20120217-1437,a.b.c,test1,m2,3,1,0
eclipse.pde.ui-20120217-1437,a.b.c,test1,m3,2,1,0
eclipse.pde.ui-20120217-1437,a.b.c,test1,m4,3,1,0
eclipse.pde.ui-20120217-1437,a.b.c,inner,m1,3,1,0
eclipse.pde.ui-20120217-1437,a.b.c,inner,m2,3,1,0
eclipse.pde.ui-20120217-1437,a.b.c,inner,m3,2,1,0
eclipse.pde.ui-20120217-1437,a.b.c,inner,m4,3,1,0
eclipse.pde.ui-20120217-1437,a.b.c,inner,m1,3,1,0
eclipse.pde.ui-20120217-1437,a.b.c,inner,m2,3,1,0
eclipse.pde.ui-20120217-1437,a.b.c,inner,m3,2,1,0
eclipse.pde.ui-20120217-1437,a.b.c,inner,m4,3,1,0
eclipse.pde.ui-20120217-1437,a.b.c,inner2,m1,3,1,0
eclipse.pde.ui-20120217-1437,a.b.c,inner2,m2,3,1,0
eclipse.pde.ui-20120217-1437,a.b.c,inner2,m3,2,1,0
eclipse.pde.ui-20120217-1437,a.b.c,inner2,m4,3,1,0
eclipse.pde.ui-20120217-1437,a.b.c,outer,m1,3,1,0
eclipse.pde.ui-20120217-1437,a.b.c,outer,m2,3,1,0
eclipse.pde.ui-20120217-1437,a.b.c,outer,m3,2,1,0
eclipse.pde.ui-20120217-1437,a.b.c,outer,m4,3,1,0
eclipse.pde.ui-20120217-1437,a.b.c,test10,m1,3,1,0
eclipse.pde.ui-20120217-1437,a.b.c,test11,m1,3,1,0
eclipse.pde.ui-20120217-1437,a.b.c,test11,m1,3,1,0
eclipse.pde.ui-20120217-1437,a.b.c,test11,m1,3,1,0
eclipse.pde.ui-20120217-1437,a.b.c,inner,m1,3,1,0
eclipse.pde.ui-20120217-1437,a.b.c,inner,m1,3,1,0
eclipse.pde.ui-20120217-1437,a.b.c,inner2,m1,3,1,0
eclipse.pde.ui-20120217-1437,a.b.c,outer,m1,3,1,0
eclipse.pde.ui-20120217-1437,a.b.c,test13,m1,2,1,0
eclipse.pde.ui-20120217-1437,a.b.c,test13,m1,2,1,0
eclipse.pde.ui-20120217-1437,a.b.c,inner,m1,2,1,0
eclipse.pde.ui-20120217-1437,a.b.c,outer,m3,2,1,0
eclipse.pde.ui-20120217-1437,a.b.c,test14,m1,2,1,0
eclipse.pde.ui-20120217-1437,a.b.c,test14,m2,2,1,0
eclipse.pde.ui-20120217-1437,a.b.c,test14,m1,2,1,0
eclipse.pde.ui-20120217-1437,a.b.c,test14,m2,2,1,0
eclipse.pde.ui-20120217-1437,a.b.c,inner,m1,2,1,0
eclipse.pde.ui-20120217-1437,a.b.c,inner,m2,2,1,0
eclipse.pde.ui-20120217-1437,a.b.c,test15,test15,2,1,0
eclipse.pde.ui-20120217-1437,a.b.c,test15,test15,2,1,1
eclipse.pde.ui-20120217-1437,a.b.c,test15,inner,2,1,0
eclipse.pde.ui-20120217-1437,a.b.c,test15,inner,2,1,1
eclipse.pde.ui-20120217-1437,a.b.c,test15,inner2,2,1,0
eclipse.pde.ui-20120217-1437,a.b.c,test15,inner2,2,1,1
eclipse.pde.ui-20120217-1437,a.b.c,inner,inner,2,1,0
eclipse.pde.ui-20120217-1437,a.b.c,inner,inner,2,1,1
eclipse.pde.ui-20120217-1437,a.b.c,inner,inner2,2,1,0
eclipse.pde.ui-20120217-1437,a.b.c,inner,inner2,2,1,1
eclipse.pde.ui-20120217-1437,a.b.c,inner2,inner2,2,1,0
eclipse.pde.ui-20120217-1437,a.b.c,inner2,inner2,2,1,1
eclipse.pde.ui-20120217-1437,a.b.c,outer,outer,2,1,0
eclipse.pde.ui-20120217-1437,a.b.c,outer,outer,2,1,1
eclipse.pde.ui-20120217-1437,a.b.c,test17,test17,2,1,0
eclipse.pde.ui-20120217-1437,a.b.c,test17,test17,2,1,1
eclipse.pde.ui-20120217-1437,a.b.c,test17,inner,2,1,0
eclipse.pde.ui-20120217-1437,a.b.c,test17,inner,2,1,1
eclipse.pde.ui-20120217-1437,a.b.c,test17,inner2,2,1,0
eclipse.pde.ui-20120217-1437,a.b.c,test17,inner2,2,1,1
eclipse.pde.ui-20120217-1437,a.b.c,inner,inner,2,1,0
eclipse.pde.ui-20120217-1437,a.b.c,inner,inner,2,1,1
eclipse.pde.ui-20120217-1437,a.b.c,inner,inner2,2,1,0
eclipse.pde.ui-20120217-1437,a.b.c,inner,inner2,2,1,1
eclipse.pde.ui-20120217-1437,a.b.c,inner2,inner2,2,1,0
eclipse.pde.ui-20120217-1437,a.b.c,inner2,inner2,2,1,1
eclipse.pde.ui-20120217-1437,a.b.c,outer,outer,2,1,0
eclipse.pde.ui-20120217-1437,a.b.c,outer,outer,2,1,1
eclipse.pde.ui-20120217-1437,a.b.c,test19,test19,2,1,0
eclipse.pde.ui-20120217-1437,a.b.c,test19,test19,2,1,1
eclipse.pde.ui-20120217-1437,a.b.c,test19,inner,2,1,0
eclipse.pde.ui-20120217-1437,a.b.c,test19,inner,2,1,1
eclipse.pde.ui-20120217-1437,a.b.c,test19,inner2,2,1,0
eclipse.pde.ui-20120217-1437,a.b.c,test19,inner2,2,1,1
eclipse.pde.ui-20120217-1437,a.b.c,inner,inner,2,1,0
eclipse.pde.ui-20120217-1437,a.b.c,inner,inner,2,1,1
eclipse.pde.ui-20120217-1437,a.b.c,inner,inner2,2,1,0
eclipse.pde.ui-20120217-1437,a.b.c,inner,inner2,2,1,1
eclipse.pde.ui-20120217-1437,a.b.c,inner2,inner2,2,1,0
eclipse.pde.ui-20120217-1437,a.b.c,inner2,inner2,2,1,1
eclipse.pde.ui-20120217-1437,a.b.c,outer,outer,2,1,0
eclipse.pde.ui-20120217-1437,a.b.c,outer,outer,2,1,1
eclipse.pde.ui-20120217-1437,a.b.c,test21,test21,2,1,0
eclipse.pde.ui-20120217-1437,a.b.c,test21,test21,2,1,1
eclipse.pde.ui-20120217-1437,a.b.c,test21,inner,2,1,0
eclipse.pde.ui-20120217-1437,a.b.c,test21,inner,2,1,1
eclipse.pde.ui-20120217-1437,a.b.c,test21,inner2,2,1,0
eclipse.pde.ui-20120217-1437,a.b.c,test21,inner2,2,1,1
eclipse.pde.ui-20120217-1437,a.b.c,inner,inner,2,1,0
eclipse.pde.ui-20120217-1437,a.b.c,inner,inner,2,1,1
eclipse.pde.ui-20120217-1437,a.b.c,inner,inner2,2,1,0
eclipse.pde.ui-20120217-1437,a.b.c,inner,inner2,2,1,1
eclipse.pde.ui-20120217-1437,a.b.c,inner2,inner2,2,1,0
eclipse.pde.ui-20120217-1437,a.b.c,inner2,inner2,2,1,1
eclipse.pde.ui-20120217-1437,a.b.c,outer,outer,2,1,0
eclipse.pde.ui-20120217-1437,a.b.c,outer,outer,2,1,1
eclipse.pde.ui-20120217-1437,a.b.c,test23,test23,2,1,0
eclipse.pde.ui-20120217-1437,a.b.c,test23,test23,2,1,1
eclipse.pde.ui-20120217-1437,a.b.c,test23,inner,2,1,0
eclipse.pde.ui-20120217-1437,a.b.c,test23,inner,2,1,1
eclipse.pde.ui-20120217-1437,a.b.c,test23,inner2,2,1,0
eclipse.pde.ui-20120217-1437,a.b.c,test23,inner2,2,1,1
eclipse.pde.ui-20120217-1437,a.b.c,inner,inner,2,1,0
eclipse.pde.ui-20120217-1437,a.b.c,inner,inner,2,1,1
eclipse.pde.ui-20120217-1437,a.b.c,inner,inner2,2,1,0
eclipse.pde.ui-20120217-1437,a.b.c,inner,inner2,2,1,1
eclipse.pde.ui-20120217-1437,a.b.c,inner2,inner2,2,1,0
eclipse.pde.ui-20120217-1437,a.b.c,inner2,inner2,2,1,1
eclipse.pde.ui-20120217-1437,a.b.c,outer,outer,2,1,0
eclipse.pde.ui-20120217-1437,a.b.c,outer,outer,2,1,1
eclipse.pde.ui-20120217-1437,a.b.c,test3,m1,3,1,0
eclipse.pde.ui-20120217-1437,a.b.c,test3,m2,3,1,0
eclipse.pde.ui-20120217-1437,a.b.c,test3,m3,2,1,0
eclipse.pde.ui-20120217-1437,a.b.c,test3,m4,3,1,0
eclipse.pde.ui-20120217-1437,a.b.c,test3,m1,3,1,0
eclipse.pde.ui-20120217-1437,a.b.c,test3,m2,3,1,0
eclipse.pde.ui-20120217-1437,a.b.c,test3,m3,2,1,0
eclipse.pde.ui-20120217-1437,a.b.c,test3,m4,3,1,0
eclipse.pde.ui-20120217-1437,a.b.c,test3,m1,3,1,0
eclipse.pde.ui-20120217-1437,a.b.c,test3,m2,3,1,0
eclipse.pde.ui-20120217-1437,a.b.c,test3,m3,2,1,0
eclipse.pde.ui-20120217-1437,a.b.c,test3,m4,3,1,0
eclipse.pde.ui-20120217-1437,a.b.c,inner,m1,3,1,0
eclipse.pde.ui-20120217-1437,a.b.c,inner,m2,3,1,0
eclipse.pde.ui-20120217-1437,a.b.c,inner,m3,2,1,0
eclipse.pde.ui-20120217-1437,a.b.c,inner,m4,3,1,0
eclipse.pde.ui-20120217-1437,a.b.c,inner,m1,3,1,0
eclipse.pde.ui-20120217-1437,a.b.c,inner,m2,3,1,0
eclipse.pde.ui-20120217-1437,a.b.c,inner,m3,2,1,0
eclipse.pde.ui-20120217-1437,a.b.c,inner,m4,3,1,0
eclipse.pde.ui-20120217-1437,a.b.c,inner2,m1,3,1,0
eclipse.pde.ui-20120217-1437,a.b.c,inner2,m2,3,1,0
eclipse.pde.ui-20120217-1437,a.b.c,inner2,m3,2,1,0
eclipse.pde.ui-20120217-1437,a.b.c,inner2,m4,3,1,0
eclipse.pde.ui-20120217-1437,a.b.c,outer,m1,3,1,0
eclipse.pde.ui-20120217-1437,a.b.c,outer,m2,3,1,0
eclipse.pde.ui-20120217-1437,a.b.c,outer,m3,2,1,0
eclipse.pde.ui-20120217-1437,a.b.c,outer,m4,3,1,0
eclipse.pde.ui-20120217-1437,a.b.c,test5,m1,3,1,0
eclipse.pde.ui-20120217-1437,a.b.c,test5,m2,3,1,0
eclipse.pde.ui-20120217-1437,a.b.c,test5,m3,2,1,0
eclipse.pde.ui-20120217-1437,a.b.c,test5,m4,3,1,0
eclipse.pde.ui-20120217-1437,a.b.c,test5,m1,3,1,0
eclipse.pde.ui-20120217-1437,a.b.c,test5,m2,3,1,0
eclipse.pde.ui-20120217-1437,a.b.c,test5,m3,2,1,0
eclipse.pde.ui-20120217-1437,a.b.c,test5,m4,3,1,0
eclipse.pde.ui-20120217-1437,a.b.c,test5,m1,3,1,0
eclipse.pde.ui-20120217-1437,a.b.c,test5,m2,3,1,0
eclipse.pde.ui-20120217-1437,a.b.c,test5,m3,2,1,0
eclipse.pde.ui-20120217-1437,a.b.c,test5,m4,3,1,0
eclipse.pde.ui-20120217-1437,a.b.c,inner,m1,3,1,0
eclipse.pde.ui-20120217-1437,a.b.c,inner,m2,3,1,0
eclipse.pde.ui-20120217-1437,a.b.c,inner,m3,2,1,0
eclipse.pde.ui-20120217-1437,a.b.c,inner,m4,3,1,0
eclipse.pde.ui-20120217-1437,a.b.c,inner,m1,3,1,0
eclipse.pde.ui-20120217-1437,a.b.c,inner,m2,3,1,0
eclipse.pde.ui-20120217-1437,a.b.c,inner,m3,2,1,0
eclipse.pde.ui-20120217-1437,a.b.c,inner,m4,3,1,0
eclipse.pde.ui-20120217-1437,a.b.c,inner2,m1,3,1,0
eclipse.pde.ui-20120217-1437,a.b.c,inner2,m2,3,1,0
eclipse.pde.ui-20120217-1437,a.b.c,inner2,m3,2,1,0
eclipse.pde.ui-20120217-1437,a.b.c,inner2,m4,3,1,0
eclipse.pde.ui-20120217-1437,a.b.c,outer,m1,3,1,0
eclipse.pde.ui-20120217-1437,a.b.c,outer,m2,3,1,0
eclipse.pde.ui-20120217-1437,a.b.c,outer,m3,2,1,0
eclipse.pde.ui-20120217-1437,a.b.c,outer,m4,3,1,0
eclipse.pde.ui-20120217-1437,a.b.c,test7,m1,3,1,0
eclipse.pde.ui-20120217-1437,a.b.c,test7,m1,3,1,0
eclipse.pde.ui-20120217-1437,a.b.c,test7,m1,3,1,0
eclipse.pde.ui-20120217-1437,a.b.c,inner,m1,3,1,0
eclipse.pde.ui-20120217-1437,a.b.c,inner,m1,3,1,0
eclipse.pde.ui-20120217-1437,a.b.c,inner2,m1,3,1,0
eclipse.pde.ui-20120217-1437,a.b.c,outer,m1,3,1,0
eclipse.pde.ui-20120217-1437,a.b.c,test8,m1,3,1,0
eclipse.pde.ui-20120217-1437,a.b.c,test9,m1,3,1,0
eclipse.pde.ui-20120217-1437,a.b.c,test9,m1,3,1,0
eclipse.pde.ui-20120217-1437,a.b.c,test9,m1,3,1,0
eclipse.pde.ui-20120217-1437,a.b.c,inner,m1,3,1,0
eclipse.pde.ui-20120217-1437,a.b.c,inner,m1,3,1,0
eclipse.pde.ui-20120217-1437,a.b.c,inner2,m1,3,1,0
eclipse.pde.ui-20120217-1437,a.b.c,outer,m1,3,1,0
eclipse.pde.ui-20120217-1437,a.b.c,test1,m1,0,1,0
eclipse.pde.ui-20120217-1437,a.b.c,test1,m2,0,1,0
eclipse.pde.ui-20120217-1437,a.b.c,test1,m1,0,1,0
eclipse.pde.ui-20120217-1437,a.b.c,test1,m2,0,1,0
eclipse.pde.ui-20120217-1437,a.b.c,inner,m1,0,1,0
eclipse.pde.ui-20120217-1437,a.b.c,inner,m2,0,1,0
eclipse.pde.ui-20120217-1437,a.b.c,inner,m1,0,1,0
eclipse.pde.ui-20120217-1437,a.b.c,inner,m2,0,1,0
eclipse.pde.ui-20120217-1437,a.b.c,inner2,m1,0,1,0
eclipse.pde.ui-20120217-1437,a.b.c,inner2,m2,0,1,0
eclipse.pde.ui-20120217-1437,a.b.c,outer,m1,0,1,0
eclipse.pde.ui-20120217-1437,a.b.c,outer,m2,0,1,0
eclipse.pde.ui-20120217-1437,a.b.c,test3,m1,0,1,0
eclipse.pde.ui-20120217-1437,a.b.c,test3,m2,0,1,0
eclipse.pde.ui-20120217-1437,a.b.c,test3,m1,0,1,0
eclipse.pde.ui-20120217-1437,a.b.c,test3,m2,0,1,0
eclipse.pde.ui-20120217-1437,a.b.c,inner,m1,0,1,0
eclipse.pde.ui-20120217-1437,a.b.c,inner,m2,0,1,0
eclipse.pde.ui-20120217-1437,a.b.c,inner,m1,0,1,0
eclipse.pde.ui-20120217-1437,a.b.c,inner,m2,0,1,0
eclipse.pde.ui-20120217-1437,a.b.c,inner2,m1,0,1,0
eclipse.pde.ui-20120217-1437,a.b.c,inner2,m2,0,1,0
eclipse.pde.ui-20120217-1437,a.b.c,outer,m1,0,1,0
eclipse.pde.ui-20120217-1437,a.b.c,outer,m2,0,1,0
eclipse.pde.ui-20120217-1437,a.b.c,test5,m1,0,1,0
eclipse.pde.ui-20120217-1437,a.b.c,test5,m2,0,1,0
eclipse.pde.ui-20120217-1437,a.b.c,test5,m1,0,1,0
eclipse.pde.ui-20120217-1437,a.b.c,test5,m2,0,1,0
eclipse.pde.ui-20120217-1437,a.b.c,inner,m1,0,1,0
eclipse.pde.ui-20120217-1437,a.b.c,inner,m2,0,1,0
eclipse.pde.ui-20120217-1437,a.b.c,inner,m1,0,1,0
eclipse.pde.ui-20120217-1437,a.b.c,inner,m2,0,1,0
eclipse.pde.ui-20120217-1437,a.b.c,inner2,m1,0,1,0
eclipse.pde.ui-20120217-1437,a.b.c,inner2,m2,0,1,0
eclipse.pde.ui-20120217-1437,a.b.c,outer,m1,0,1,0
eclipse.pde.ui-20120217-1437,a.b.c,outer,m2,0,1,0
eclipse.pde.ui-20120217-1437,a.b.c,test7,m1,0,1,0
eclipse.pde.ui-20120217-1437,a.b.c,test7,m2,0,1,0
eclipse.pde.ui-20120217-1437,a.b.c,test7,m1,0,1,0
eclipse.pde.ui-20120217-1437,a.b.c,test7,m2,0,1,0
eclipse.pde.ui-20120217-1437,a.b.c,inner,m1,0,1,0
eclipse.pde.ui-20120217-1437,a.b.c,inner,m2,0,1,0
eclipse.pde.ui-20120217-1437,a.b.c,inner,m1,0,1,0
eclipse.pde.ui-20120217-1437,a.b.c,inner,m2,0,1,0
eclipse.pde.ui-20120217-1437,a.b.c,inner2,m1,0,1,0
eclipse.pde.ui-20120217-1437,a.b.c,inner2,m2,0,1,0
eclipse.pde.ui-20120217-1437,a.b.c,outer,m1,0,1,0
eclipse.pde.ui-20120217-1437,a.b.c,outer,m2,0,1,0
eclipse.pde.ui-20120217-1437,a.b.c,test1,m1,3,1,0
eclipse.pde.ui-20120217-1437,a.b.c,test1,m2,3,1,0
eclipse.pde.ui-20120217-1437,a.b.c,test1,m3,2,1,0
eclipse.pde.ui-20120217-1437,a.b.c,test1,m4,3,1,0
eclipse.pde.ui-20120217-1437,a.b.c,test10,test10,2,1,0
eclipse.pde.ui-20120217-1437,a.b.c,test10,test10,2,1,1
eclipse.pde.ui-20120217-1437,a.b.c,outer,m1,3,1,0
eclipse.pde.ui-20120217-1437,a.b.c,outer,m2,3,1,0
eclipse.pde.ui-20120217-1437,a.b.c,outer,m3,2,1,0
eclipse.pde.ui-20120217-1437,a.b.c,outer,m4,3,1,0
eclipse.pde.ui-20120217-1437,a.b.c,test3,m1,3,1,0
eclipse.pde.ui-20120217-1437,a.b.c,test3,m2,3,1,0
eclipse.pde.ui-20120217-1437,a.b.c,test3,m3,2,1,0
eclipse.pde.ui-20120217-1437,a.b.c,test3,m4,3,1,0
eclipse.pde.ui-20120217-1437,a.b.c,inner,m1,3,1,0
eclipse.pde.ui-20120217-1437,a.b.c,inner,m2,3,1,0
eclipse.pde.ui-20120217-1437,a.b.c,inner,m3,2,1,0
eclipse.pde.ui-20120217-1437,a.b.c,inner,m4,3,1,0
eclipse.pde.ui-20120217-1437,a.b.c,test4,m1,3,1,0
eclipse.pde.ui-20120217-1437,a.b.c,test4,m2,3,1,0
eclipse.pde.ui-20120217-1437,a.b.c,test4,m3,2,1,0
eclipse.pde.ui-20120217-1437,a.b.c,test4,m4,3,1,0
eclipse.pde.ui-20120217-1437,a.b.c,test4,m1,3,1,0
eclipse.pde.ui-20120217-1437,a.b.c,test4,m2,3,1,0
eclipse.pde.ui-20120217-1437,a.b.c,test4,m3,2,1,0
eclipse.pde.ui-20120217-1437,a.b.c,test4,m4,3,1,0
eclipse.pde.ui-20120217-1437,a.b.c,inner,m1,3,1,0
eclipse.pde.ui-20120217-1437,a.b.c,inner,m2,3,1,0
eclipse.pde.ui-20120217-1437,a.b.c,inner,m3,2,1,0
eclipse.pde.ui-20120217-1437,a.b.c,inner,m4,3,1,0
eclipse.pde.ui-20120217-1437,a.b.c,inner,m1,3,1,0
eclipse.pde.ui-20120217-1437,a.b.c,inner,m2,3,1,0
eclipse.pde.ui-20120217-1437,a.b.c,inner,m3,2,1,0
eclipse.pde.ui-20120217-1437,a.b.c,inner,m4,3,1,0
eclipse.pde.ui-20120217-1437,a.b.c,inner2,m1,3,1,0
eclipse.pde.ui-20120217-1437,a.b.c,inner2,m2,3,1,0
eclipse.pde.ui-20120217-1437,a.b.c,inner2,m3,2,1,0
eclipse.pde.ui-20120217-1437,a.b.c,inner2,m4,3,1,0
eclipse.pde.ui-20120217-1437,a.b.c,outer,m1,3,1,0
eclipse.pde.ui-20120217-1437,a.b.c,outer,m2,3,1,0
eclipse.pde.ui-20120217-1437,a.b.c,outer,m3,2,1,0
eclipse.pde.ui-20120217-1437,a.b.c,outer,m4,3,1,0
eclipse.pde.ui-20120217-1437,a.b.c,test5,m1,3,1,0
eclipse.pde.ui-20120217-1437,a.b.c,test5,m2,3,1,0
eclipse.pde.ui-20120217-1437,a.b.c,test5,m3,2,1,0
eclipse.pde.ui-20120217-1437,a.b.c,test5,m4,3,1,0
eclipse.pde.ui-20120217-1437,a.b.c,test6,test6,2,1,0
eclipse.pde.ui-20120217-1437,a.b.c,test6,test6,2,1,1
eclipse.pde.ui-20120217-1437,a.b.c,outer,outer,2,1,0
eclipse.pde.ui-20120217-1437,a.b.c,outer,outer,2,1,1
eclipse.pde.ui-20120217-1437,a.b.c,test8,inner,2,1,0
eclipse.pde.ui-20120217-1437,a.b.c,test8,inner,2,1,1
eclipse.pde.ui-20120217-1437,a.b.c,inner,inner,2,1,0
eclipse.pde.ui-20120217-1437,a.b.c,inner,inner,2,1,1
eclipse.pde.ui-20120217-1437,a.b.c,test9,inner,2,1,0
eclipse.pde.ui-20120217-1437,a.b.c,test9,inner,2,1,1
eclipse.pde.ui-20120217-1437,a.b.c,test9,inner2,2,1,0
eclipse.pde.ui-20120217-1437,a.b.c,test9,inner2,2,1,1
eclipse.pde.ui-20120217-1437,a.b.c,inner,inner,2,1,0
eclipse.pde.ui-20120217-1437,a.b.c,inner,inner,2,1,1
eclipse.pde.ui-20120217-1437,a.b.c,inner,inner2,2,1,0
eclipse.pde.ui-20120217-1437,a.b.c,inner,inner2,2,1,1
eclipse.pde.ui-20120217-1437,a.b.c,inner2,inner2,2,1,0
eclipse.pde.ui-20120217-1437,a.b.c,inner2,inner2,2,1,1
eclipse.pde.ui-20120217-1437,a.b.c,outer,outer,2,1,0
eclipse.pde.ui-20120217-1437,a.b.c,outer,outer,2,1,1
eclipse.pde.ui-20120217-1437,a.b.c,test1,m1,0,1,0
eclipse.pde.ui-20120217-1437,a.b.c,test1,m2,0,1,0
eclipse.pde.ui-20120217-1437,a.b.c,outer,m1,0,1,0
eclipse.pde.ui-20120217-1437,a.b.c,outer,m2,0,1,0
eclipse.pde.ui-20120217-1437,a.b.c,inner,m1,0,1,0
eclipse.pde.ui-20120217-1437,a.b.c,inner,m2,0,1,0
eclipse.pde.ui-20120217-1437,a.b.c,test4,m1,0,1,0
eclipse.pde.ui-20120217-1437,a.b.c,test4,m2,0,1,0
eclipse.pde.ui-20120217-1437,a.b.c,test4,m1,0,1,0
eclipse.pde.ui-20120217-1437,a.b.c,test4,m2,0,1,0
eclipse.pde.ui-20120217-1437,a.b.c,inner,m1,0,1,0
eclipse.pde.ui-20120217-1437,a.b.c,inner,m2,0,1,0
eclipse.pde.ui-20120217-1437,a.b.c,inner,m1,0,1,0
eclipse.pde.ui-20120217-1437,a.b.c,inner,m2,0,1,0
eclipse.pde.ui-20120217-1437,a.b.c,inner2,m1,0,1,0
eclipse.pde.ui-20120217-1437,a.b.c,inner2,m2,0,1,0
eclipse.pde.ui-20120217-1437,a.b.c,outer,m1,0,1,0
eclipse.pde.ui-20120217-1437,a.b.c,outer,m2,0,1,0
eclipse.pde.ui-20120217-1437,a.b.c,InvalidTagScanMethod1,one,2,1,0
eclipse.pde.ui-20120217-1437,a.b.c,InvalidTagScanMethod2,one,2,1,0
eclipse.pde.ui-20120217-1437,a.b.c,InvalidTagScanMethod3,one,2,1,0
eclipse.pde.ui-20120217-1437,a.b.c,TestClass1,foo,2,1,0
eclipse.pde.ui-20120217-1437,a.b.c,TestClass2,foo,2,1,0
eclipse.pde.ui-20120217-1437,a.b.c,TestClass2,foo,2,1,0
eclipse.pde.ui-20120217-1437,a.b.c,InnerTestClass2,foo,2,1,0
eclipse.pde.ui-20120217-1437,a.b.c,TestClass3,foo,2,1,0
eclipse.pde.ui-20120217-1437,a.b.c,TestClass3,foo,2,1,0
eclipse.pde.ui-20120217-1437,a.b.c,InnerTestClass3,foo,2,1,0
eclipse.pde.ui-20120217-1437,a.b.c,TestField6,run,2,1,0
eclipse.pde.ui-20120217-1437,a.b.c,TestField9,main,2,1,1
eclipse.pde.ui-20120217-1437,a.b.c,TestMethod1,one,2,1,0
eclipse.pde.ui-20120217-1437,a.b.c,TestMethod1,two,2,1,0
eclipse.pde.ui-20120217-1437,a.b.c,TestMethod1,three,2,1,0
eclipse.pde.ui-20120217-1437,a.b.c,TestMethod10,one,2,1,2
eclipse.pde.ui-20120217-1437,a.b.c,TestMethod10,one,2,1,2
eclipse.pde.ui-20120217-1437,a.b.c,TestMethod10,two,2,1,2
eclipse.pde.ui-20120217-1437,a.b.c,TestMethod10,one,2,1,2
eclipse.pde.ui-20120217-1437,a.b.c,TestMethod11,one,2,1,2
eclipse.pde.ui-20120217-1437,a.b.c,TestMethod11,two,2,1,2
eclipse.pde.ui-20120217-1437,a.b.c,TestMethod12,one,2,1,2
eclipse.pde.ui-20120217-1437,a.b.c,TestMethod12,two,2,1,2
eclipse.pde.ui-20120217-1437,a.b.c,TestMethod13,one,2,1,4
eclipse.pde.ui-20120217-1437,a.b.c,TestMethod13,two,2,1,5
eclipse.pde.ui-20120217-1437,a.b.c,TestMethod14,one,3,1,4
eclipse.pde.ui-20120217-1437,a.b.c,TestMethod14,two,3,1,5
eclipse.pde.ui-20120217-1437,a.b.c,TestMethod15,one,3,1,4
eclipse.pde.ui-20120217-1437,a.b.c,TestMethod15,two,3,1,5
eclipse.pde.ui-20120217-1437,a.b.c,TestMethod16,one,3,1,4
eclipse.pde.ui-20120217-1437,a.b.c,TestMethod16,two,3,1,5
eclipse.pde.ui-20120217-1437,a.b.c,TestMethod17,one,3,1,4
eclipse.pde.ui-20120217-1437,a.b.c,TestMethod17,two,3,1,5
eclipse.pde.ui-20120217-1437,a.b.c,TestMethod18,one,2,1,0
eclipse.pde.ui-20120217-1437,a.b.c,TestMethod18Outer,two,2,1,0
eclipse.pde.ui-20120217-1437,a.b.c,TestMethod19,one,2,1,0
eclipse.pde.ui-20120217-1437,a.b.c,TestMethod19Outer,two,2,1,0
eclipse.pde.ui-20120217-1437,a.b.c,TestMethod2,one,2,1,0
eclipse.pde.ui-20120217-1437,a.b.c,TestMethod2,two,2,1,0
eclipse.pde.ui-20120217-1437,a.b.c,Inner,one,2,1,0
eclipse.pde.ui-20120217-1437,a.b.c,Inner,two,2,1,0
eclipse.pde.ui-20120217-1437,a.b.c,TestMethod20,one,0,1,0
eclipse.pde.ui-20120217-1437,a.b.c,TestMethod20Outer,two,0,1,0
eclipse.pde.ui-20120217-1437,a.b.c,TestMethod3,one,2,1,0
eclipse.pde.ui-20120217-1437,a.b.c,TestMethod3,two,2,1,0
eclipse.pde.ui-20120217-1437,a.b.c,TestMethod3,three,2,1,0
eclipse.pde.ui-20120217-1437,a.b.c,Inner,one,2,1,0
eclipse.pde.ui-20120217-1437,a.b.c,Inner,two,2,1,0
eclipse.pde.ui-20120217-1437,a.b.c,Inner,three,2,1,0
eclipse.pde.ui-20120217-1437,a.b.c,TestMethod4,one,2,1,0
eclipse.pde.ui-20120217-1437,a.b.c,TestMethod4,two,2,1,0
eclipse.pde.ui-20120217-1437,a.b.c,TestMethod4,three,2,1,0
eclipse.pde.ui-20120217-1437,a.b.c,TestMethod4,one,2,1,0
eclipse.pde.ui-20120217-1437,a.b.c,TestMethod4,two,2,1,0
eclipse.pde.ui-20120217-1437,a.b.c,TestMethod4,three,2,1,0
eclipse.pde.ui-20120217-1437,a.b.c,TestMethod4,one,2,1,0
eclipse.pde.ui-20120217-1437,a.b.c,TestMethod4,two,2,1,0
eclipse.pde.ui-20120217-1437,a.b.c,TestMethod4,one,2,1,0
eclipse.pde.ui-20120217-1437,a.b.c,TestMethod4,two,2,1,0
eclipse.pde.ui-20120217-1437,a.b.c,Inner1,one,2,1,0
eclipse.pde.ui-20120217-1437,a.b.c,Inner1,two,2,1,0
eclipse.pde.ui-20120217-1437,a.b.c,Inner1,three,2,1,0
eclipse.pde.ui-20120217-1437,a.b.c,Inner1,one,2,1,0
eclipse.pde.ui-20120217-1437,a.b.c,Inner1,two,2,1,0
eclipse.pde.ui-20120217-1437,a.b.c,Inner1,three,2,1,0
eclipse.pde.ui-20120217-1437,a.b.c,Inner3,one,2,1,0
eclipse.pde.ui-20120217-1437,a.b.c,Inner3,two,2,1,0
eclipse.pde.ui-20120217-1437,a.b.c,Inner3,three,2,1,0
eclipse.pde.ui-20120217-1437,a.b.c,Inner2,one,2,1,0
eclipse.pde.ui-20120217-1437,a.b.c,Inner2,two,2,1,0
eclipse.pde.ui-20120217-1437,a.b.c,Inner2,one,2,1,0
eclipse.pde.ui-20120217-1437,a.b.c,Inner2,two,2,1,0
eclipse.pde.ui-20120217-1437,a.b.c,Inner4,one,2,1,0
eclipse.pde.ui-20120217-1437,a.b.c,Inner4,two,2,1,0
eclipse.pde.ui-20120217-1437,a.b.c,TestMethod5Outer,one,2,1,0
eclipse.pde.ui-20120217-1437,a.b.c,TestMethod5Outer,two,2,1,0
eclipse.pde.ui-20120217-1437,a.b.c,TestMethod5Outer,three,2,1,0
eclipse.pde.ui-20120217-1437,a.b.c,TestMethod6,run,2,1,0
eclipse.pde.ui-20120217-1437,a.b.c,TestMethod7,one,2,1,1
eclipse.pde.ui-20120217-1437,a.b.c,TestMethod8,one,2,1,1
eclipse.pde.ui-20120217-1437,a.b.c,TestMethod9,one,2,1,3
eclipse.pde.ui-20120217-1437,a.b.c,TestMethod9,two,2,1,2
eclipse.pde.ui-20120217-1437,d.e.f,ClassD,methodOne,3,1,1
eclipse.pde.ui-20120217-1437,d.e.f,ClassE,methodOne,3,1,1
eclipse.pde.ui-20120217-1437,d.e.f,ClassD,methodOne,3,1,1
eclipse.pde.ui-20120217-1437,d.e.f,ClassE,methodOne,3,1,1
eclipse.pde.ui-20120217-1437,d.e.f,ClassD,methodOne,3,1,0
eclipse.pde.ui-20120217-1437,d.e.f,ClassE,methodOne,3,1,0
eclipse.pde.ui-20120217-1437,d.e.f,ClassD,methodOne,3,1,1
eclipse.pde.ui-20120217-1437,d.e.f,ClassE,methodOne,3,1,1
eclipse.pde.ui-20120217-1437,d.e.f,ClassD,methodOne,3,1,1
eclipse.pde.ui-20120217-1437,d.e.f,ClassE,methodOne,3,1,1
eclipse.pde.ui-20120217-1437,d.e.f,ClassD,methodOne,3,1,1
eclipse.pde.ui-20120217-1437,d.e.f,ClassE,methodOne,3,1,1
eclipse.pde.ui-20120217-1437,d.e.f,ClassD,methodOne,3,1,1
eclipse.pde.ui-20120217-1437,d.e.f,ClassE,methodOne,3,1,1
eclipse.pde.ui-20120217-1437,d.e.f,ClassD,methodOne,3,1,1
eclipse.pde.ui-20120217-1437,d.e.f,ClassE,methodOne,3,1,1
eclipse.pde.ui-20120217-1437,d.e.f,ClassD,methodOne,3,1,1
eclipse.pde.ui-20120217-1437,d.e.f,ClassE,methodOne,3,1,1
eclipse.pde.ui-20120217-1437,d.e.f,ClassD,methodOne,3,1,1
eclipse.pde.ui-20120217-1437,d.e.f,ClassE,methodOne,3,1,1
eclipse.pde.ui-20120217-1437,d.e.f,ClassD,methodOne,3,1,1
eclipse.pde.ui-20120217-1437,d.e.f,ClassE,methodOne,3,1,1
eclipse.pde.ui-20120217-1437,d.e.f,ClassD,methodOne,3,1,1
eclipse.pde.ui-20120217-1437,d.e.f,ClassE,methodOne,3,1,1
eclipse.pde.ui-20120217-1437,d.e.f,ClassD,methodOne,3,1,1
eclipse.pde.ui-20120217-1437,d.e.f,ClassE,methodOne,3,1,1
eclipse.pde.ui-20120217-1437,d.e.f,ClassD,methodOne,3,1,1
eclipse.pde.ui-20120217-1437,d.e.f,ClassE,methodOne,3,1,1
eclipse.pde.ui-20120217-1437,d.e.f,ClassD,methodOne,3,1,1
eclipse.pde.ui-20120217-1437,d.e.f,ClassE,methodOne,3,1,1
eclipse.pde.ui-20120217-1437,d.e.f,ClassD,methodOne,3,1,1
eclipse.pde.ui-20120217-1437,d.e.f,ClassE,methodOne,3,1,1
eclipse.pde.ui-20120217-1437,d.e.f,ClassD,methodOne,3,1,1
eclipse.pde.ui-20120217-1437,d.e.f,ClassE,methodOne,3,1,1
eclipse.pde.ui-20120217-1437,d.e.f,ClassD,methodOne,3,1,1
eclipse.pde.ui-20120217-1437,d.e.f,ClassE,methodOne,3,1,1
eclipse.pde.ui-20120217-1437,d.e.f,ClassD,methodOne,3,1,1
eclipse.pde.ui-20120217-1437,d.e.f,ClassE,methodOne,3,1,1
eclipse.pde.ui-20120217-1437,a.b.c.core,ClassD,methodOne,3,1,0
eclipse.pde.ui-20120217-1437,a.b.c.core,ClassD,methodOne,3,1,0
eclipse.pde.ui-20120217-1437,a.b.c.core,ClassE,methodOne,3,1,0
eclipse.pde.ui-20120217-1437,org.eclipse.core.resources,IResource,accept,0,1,2
eclipse.pde.ui-20120217-1437,org.eclipse.core.resources,IResource,accept,0,1,1
eclipse.pde.ui-20120217-1437,org.eclipse.core.resources,IResource,accept,0,1,3
eclipse.pde.ui-20120217-1437,org.eclipse.core.resources,IResource,accept,0,1,3
eclipse.pde.ui-20120217-1437,org.eclipse.core.resources,IResource,clearHistory,0,1,1
eclipse.pde.ui-20120217-1437,org.eclipse.core.resources,IResource,copy,0,1,3
eclipse.pde.ui-20120217-1437,org.eclipse.core.resources,IResource,copy,0,1,3
eclipse.pde.ui-20120217-1437,org.eclipse.core.resources,IResource,copy,0,1,3
eclipse.pde.ui-20120217-1437,org.eclipse.core.resources,IResource,copy,0,1,3
eclipse.pde.ui-20120217-1437,org.eclipse.core.resources,IResource,createMarker,0,1,1
eclipse.pde.ui-20120217-1437,org.eclipse.core.resources,IResource,createProxy,0,1,0
eclipse.pde.ui-20120217-1437,org.eclipse.core.resources,IResource,delete,0,1,2
eclipse.pde.ui-20120217-1437,org.eclipse.core.resources,IResource,delete,0,1,2
eclipse.pde.ui-20120217-1437,org.eclipse.core.resources,IResource,deleteMarkers,0,1,3
eclipse.pde.ui-20120217-1437,org.eclipse.core.resources,IResource,equals,0,1,1
eclipse.pde.ui-20120217-1437,org.eclipse.core.resources,IResource,exists,0,1,0
eclipse.pde.ui-20120217-1437,org.eclipse.core.resources,IResource,findMarker,0,1,1
eclipse.pde.ui-20120217-1437,org.eclipse.core.resources,IResource,findMarkers,0,1,3
eclipse.pde.ui-20120217-1437,org.eclipse.core.resources,IResource,findMaxProblemSeverity,0,1,3
eclipse.pde.ui-20120217-1437,org.eclipse.core.resources,IResource,getFileExtension,0,1,0
eclipse.pde.ui-20120217-1437,org.eclipse.core.resources,IResource,getFullPath,0,1,0
eclipse.pde.ui-20120217-1437,org.eclipse.core.resources,IResource,getLocalTimeStamp,0,1,0
eclipse.pde.ui-20120217-1437,org.eclipse.core.resources,IResource,getLocation,0,1,0
eclipse.pde.ui-20120217-1437,org.eclipse.core.resources,IResource,getLocationURI,0,1,0
eclipse.pde.ui-20120217-1437,org.eclipse.core.resources,IResource,getMarker,0,1,1
eclipse.pde.ui-20120217-1437,org.eclipse.core.resources,IResource,getModificationStamp,0,1,0
eclipse.pde.ui-20120217-1437,org.eclipse.core.resources,IResource,getName,0,1,0
eclipse.pde.ui-20120217-1437,org.eclipse.core.resources,IResource,getParent,0,1,0
eclipse.pde.ui-20120217-1437,org.eclipse.core.resources,IResource,getPersistentProperties,0,1,0
eclipse.pde.ui-20120217-1437,org.eclipse.core.resources,IResource,getPersistentProperty,0,1,1
eclipse.pde.ui-20120217-1437,org.eclipse.core.resources,IResource,getProject,0,1,0
eclipse.pde.ui-20120217-1437,org.eclipse.core.resources,IResource,getProjectRelativePath,0,1,0
eclipse.pde.ui-20120217-1437,org.eclipse.core.resources,IResource,getRawLocation,0,1,0
eclipse.pde.ui-20120217-1437,org.eclipse.core.resources,IResource,getRawLocationURI,0,1,0
eclipse.pde.ui-20120217-1437,org.eclipse.core.resources,IResource,getResourceAttributes,0,1,0
eclipse.pde.ui-20120217-1437,org.eclipse.core.resources,IResource,getSessionProperties,0,1,0
eclipse.pde.ui-20120217-1437,org.eclipse.core.resources,IResource,getSessionProperty,0,1,1
eclipse.pde.ui-20120217-1437,org.eclipse.core.resources,IResource,getType,0,1,0
eclipse.pde.ui-20120217-1437,org.eclipse.core.resources,IResource,getWorkspace,0,1,0
eclipse.pde.ui-20120217-1437,org.eclipse.core.resources,IResource,isAccessible,0,1,0
eclipse.pde.ui-20120217-1437,org.eclipse.core.resources,IResource,isDerived,0,1,0
eclipse.pde.ui-20120217-1437,org.eclipse.core.resources,IResource,isDerived,0,1,1
eclipse.pde.ui-20120217-1437,org.eclipse.core.resources,IResource,isHidden,0,1,0
eclipse.pde.ui-20120217-1437,org.eclipse.core.resources,IResource,isLinked,0,1,0
eclipse.pde.ui-20120217-1437,org.eclipse.core.resources,IResource,isLinked,0,1,1
eclipse.pde.ui-20120217-1437,org.eclipse.core.resources,IResource,isLocal,0,1,1
eclipse.pde.ui-20120217-1437,org.eclipse.core.resources,IResource,isPhantom,0,1,0
eclipse.pde.ui-20120217-1437,org.eclipse.core.resources,IResource,isReadOnly,0,1,0
eclipse.pde.ui-20120217-1437,org.eclipse.core.resources,IResource,isSynchronized,0,1,1
eclipse.pde.ui-20120217-1437,org.eclipse.core.resources,IResource,isTeamPrivateMember,0,1,0
eclipse.pde.ui-20120217-1437,org.eclipse.core.resources,IResource,move,0,1,3
eclipse.pde.ui-20120217-1437,org.eclipse.core.resources,IResource,move,0,1,3
eclipse.pde.ui-20120217-1437,org.eclipse.core.resources,IResource,move,0,1,4
eclipse.pde.ui-20120217-1437,org.eclipse.core.resources,IResource,move,0,1,3
eclipse.pde.ui-20120217-1437,org.eclipse.core.resources,IResource,refreshLocal,0,1,2
eclipse.pde.ui-20120217-1437,org.eclipse.core.resources,IResource,revertModificationStamp,0,1,1
eclipse.pde.ui-20120217-1437,org.eclipse.core.resources,IResource,setDerived,0,1,1
eclipse.pde.ui-20120217-1437,org.eclipse.core.resources,IResource,setHidden,0,1,1
eclipse.pde.ui-20120217-1437,org.eclipse.core.resources,IResource,setLocal,0,1,3
eclipse.pde.ui-20120217-1437,org.eclipse.core.resources,IResource,setLocalTimeStamp,0,1,1
eclipse.pde.ui-20120217-1437,org.eclipse.core.resources,IResource,setPersistentProperty,0,1,2
eclipse.pde.ui-20120217-1437,org.eclipse.core.resources,IResource,setReadOnly,0,1,1
eclipse.pde.ui-20120217-1437,org.eclipse.core.resources,IResource,setResourceAttributes,0,1,1
eclipse.pde.ui-20120217-1437,org.eclipse.core.resources,IResource,setSessionProperty,0,1,2
eclipse.pde.ui-20120217-1437,org.eclipse.core.resources,IResource,setTeamPrivateMember,0,1,1
eclipse.pde.ui-20120217-1437,org.eclipse.core.resources,IResource,touch,0,1,1
eclipse.pde.ui-20120217-1437,org.eclipse.core.resources,IResource,accept,0,1,2
eclipse.pde.ui-20120217-1437,org.eclipse.core.resources,IResource,accept,0,1,1
eclipse.pde.ui-20120217-1437,org.eclipse.core.resources,IResource,accept,0,1,3
eclipse.pde.ui-20120217-1437,org.eclipse.core.resources,IResource,accept,0,1,3
eclipse.pde.ui-20120217-1437,org.eclipse.core.resources,IResource,clearHistory,0,1,1
eclipse.pde.ui-20120217-1437,org.eclipse.core.resources,IResource,copy,0,1,3
eclipse.pde.ui-20120217-1437,org.eclipse.core.resources,IResource,copy,0,1,3
eclipse.pde.ui-20120217-1437,org.eclipse.core.resources,IResource,copy,0,1,3
eclipse.pde.ui-20120217-1437,org.eclipse.core.resources,IResource,copy,0,1,3
eclipse.pde.ui-20120217-1437,org.eclipse.core.resources,IResource,createMarker,0,1,1
eclipse.pde.ui-20120217-1437,org.eclipse.core.resources,IResource,createProxy,0,1,0
eclipse.pde.ui-20120217-1437,org.eclipse.core.resources,IResource,delete,0,1,2
eclipse.pde.ui-20120217-1437,org.eclipse.core.resources,IResource,delete,0,1,2
eclipse.pde.ui-20120217-1437,org.eclipse.core.resources,IResource,deleteMarkers,0,1,3
eclipse.pde.ui-20120217-1437,org.eclipse.core.resources,IResource,equals,0,1,1
eclipse.pde.ui-20120217-1437,org.eclipse.core.resources,IResource,exists,0,1,0
eclipse.pde.ui-20120217-1437,org.eclipse.core.resources,IResource,findMarker,0,1,1
eclipse.pde.ui-20120217-1437,org.eclipse.core.resources,IResource,findMarkers,0,1,3
eclipse.pde.ui-20120217-1437,org.eclipse.core.resources,IResource,findMaxProblemSeverity,0,1,3
eclipse.pde.ui-20120217-1437,org.eclipse.core.resources,IResource,getFileExtension,0,1,0
eclipse.pde.ui-20120217-1437,org.eclipse.core.resources,IResource,getFullPath,0,1,0
eclipse.pde.ui-20120217-1437,org.eclipse.core.resources,IResource,getLocalTimeStamp,0,1,0
eclipse.pde.ui-20120217-1437,org.eclipse.core.resources,IResource,getLocation,0,1,0
eclipse.pde.ui-20120217-1437,org.eclipse.core.resources,IResource,getLocationURI,0,1,0
eclipse.pde.ui-20120217-1437,org.eclipse.core.resources,IResource,getMarker,0,1,1
eclipse.pde.ui-20120217-1437,org.eclipse.core.resources,IResource,getModificationStamp,0,1,0
eclipse.pde.ui-20120217-1437,org.eclipse.core.resources,IResource,getName,0,1,0
eclipse.pde.ui-20120217-1437,org.eclipse.core.resources,IResource,getParent,0,1,0
eclipse.pde.ui-20120217-1437,org.eclipse.core.resources,IResource,getPersistentProperties,0,1,0
eclipse.pde.ui-20120217-1437,org.eclipse.core.resources,IResource,getPersistentProperty,0,1,1
eclipse.pde.ui-20120217-1437,org.eclipse.core.resources,IResource,getProject,0,1,0
eclipse.pde.ui-20120217-1437,org.eclipse.core.resources,IResource,getProjectRelativePath,0,1,0
eclipse.pde.ui-20120217-1437,org.eclipse.core.resources,IResource,getRawLocation,0,1,0
eclipse.pde.ui-20120217-1437,org.eclipse.core.resources,IResource,getRawLocationURI,0,1,0
eclipse.pde.ui-20120217-1437,org.eclipse.core.resources,IResource,getResourceAttributes,0,1,0
eclipse.pde.ui-20120217-1437,org.eclipse.core.resources,IResource,getSessionProperties,0,1,0
eclipse.pde.ui-20120217-1437,org.eclipse.core.resources,IResource,getSessionProperty,0,1,1
eclipse.pde.ui-20120217-1437,org.eclipse.core.resources,IResource,getType,0,1,0
eclipse.pde.ui-20120217-1437,org.eclipse.core.resources,IResource,getWorkspace,0,1,0
eclipse.pde.ui-20120217-1437,org.eclipse.core.resources,IResource,isAccessible,0,1,0
eclipse.pde.ui-20120217-1437,org.eclipse.core.resources,IResource,isDerived,0,1,0
eclipse.pde.ui-20120217-1437,org.eclipse.core.resources,IResource,isDerived,0,1,1
eclipse.pde.ui-20120217-1437,org.eclipse.core.resources,IResource,isHidden,0,1,0
eclipse.pde.ui-20120217-1437,org.eclipse.core.resources,IResource,isLinked,0,1,0
eclipse.pde.ui-20120217-1437,org.eclipse.core.resources,IResource,isLinked,0,1,1
eclipse.pde.ui-20120217-1437,org.eclipse.core.resources,IResource,isLocal,0,1,1
eclipse.pde.ui-20120217-1437,org.eclipse.core.resources,IResource,isPhantom,0,1,0
eclipse.pde.ui-20120217-1437,org.eclipse.core.resources,IResource,isReadOnly,0,1,0
eclipse.pde.ui-20120217-1437,org.eclipse.core.resources,IResource,isSynchronized,0,1,1
eclipse.pde.ui-20120217-1437,org.eclipse.core.resources,IResource,isTeamPrivateMember,0,1,0
eclipse.pde.ui-20120217-1437,org.eclipse.core.resources,IResource,move,0,1,3
eclipse.pde.ui-20120217-1437,org.eclipse.core.resources,IResource,move,0,1,3
eclipse.pde.ui-20120217-1437,org.eclipse.core.resources,IResource,move,0,1,4
eclipse.pde.ui-20120217-1437,org.eclipse.core.resources,IResource,move,0,1,3
eclipse.pde.ui-20120217-1437,org.eclipse.core.resources,IResource,refreshLocal,0,1,2
eclipse.pde.ui-20120217-1437,org.eclipse.core.resources,IResource,revertModificationStamp,0,1,1
eclipse.pde.ui-20120217-1437,org.eclipse.core.resources,IResource,setDerived,0,1,1
eclipse.pde.ui-20120217-1437,org.eclipse.core.resources,IResource,setHidden,0,1,1
eclipse.pde.ui-20120217-1437,org.eclipse.core.resources,IResource,setLocal,0,1,3
eclipse.pde.ui-20120217-1437,org.eclipse.core.resources,IResource,setLocalTimeStamp,0,1,1
eclipse.pde.ui-20120217-1437,org.eclipse.core.resources,IResource,setPersistentProperty,0,1,2
eclipse.pde.ui-20120217-1437,org.eclipse.core.resources,IResource,setReadOnly,0,1,1
eclipse.pde.ui-20120217-1437,org.eclipse.core.resources,IResource,setResourceAttributes,0,1,1
eclipse.pde.ui-20120217-1437,org.eclipse.core.resources,IResource,setSessionProperty,0,1,2
eclipse.pde.ui-20120217-1437,org.eclipse.core.resources,IResource,setTeamPrivateMember,0,1,1
eclipse.pde.ui-20120217-1437,org.eclipse.core.resources,IResource,touch,0,1,1
eclipse.pde.ui-20120217-1437,org.eclipse.core.resources,ResourcesPlugin,ResourcesPlugin,3,1,0
eclipse.pde.ui-20120217-1437,org.eclipse.core.resources,ResourcesPlugin,constructWorkspace,3,1,0
eclipse.pde.ui-20120217-1437,org.eclipse.core.resources,ResourcesPlugin,getEncoding,7,2,0
eclipse.pde.ui-20120217-1437,org.eclipse.core.resources,ResourcesPlugin,getPlugin,4,1,0
eclipse.pde.ui-20120217-1437,org.eclipse.core.resources,ResourcesPlugin,getWorkspace,4,2,0
eclipse.pde.ui-20120217-1437,org.eclipse.core.resources,ResourcesPlugin,stop,7,2,1
eclipse.pde.ui-20120217-1437,org.eclipse.core.resources,ResourcesPlugin,start,11,3,1
eclipse.pde.ui-20120217-1437,org.eclipse.core.resources,ResourcesPlugin,ResourcesPlugin,3,1,0
eclipse.pde.ui-20120217-1437,org.eclipse.core.resources,ResourcesPlugin,constructWorkspace,3,1,0
eclipse.pde.ui-20120217-1437,org.eclipse.core.resources,ResourcesPlugin,getEncoding,7,2,0
eclipse.pde.ui-20120217-1437,org.eclipse.core.resources,ResourcesPlugin,getPlugin,3,1,0
eclipse.pde.ui-20120217-1437,org.eclipse.core.resources,ResourcesPlugin,getWorkspace,4,2,0
eclipse.pde.ui-20120217-1437,org.eclipse.core.resources,ResourcesPlugin,stop,7,2,1
eclipse.pde.ui-20120217-1437,org.eclipse.core.resources,ResourcesPlugin,start,11,3,1
eclipse.pde.ui-20120217-1437,org.eclipse.core.runtime.jobs,Job,getJobManager,3,1,0
eclipse.pde.ui-20120217-1437,org.eclipse.core.runtime.jobs,Job,Job,3,1,1
eclipse.pde.ui-20120217-1437,org.eclipse.core.runtime.jobs,Job,addMethod,3,1,0
eclipse.pde.ui-20120217-1437,org.eclipse.core.runtime.jobs,Job,addJobChangeListener,3,1,1
eclipse.pde.ui-20120217-1437,org.eclipse.core.runtime.jobs,Job,belongsTo,3,1,1
eclipse.pde.ui-20120217-1437,org.eclipse.core.runtime.jobs,Job,cancel,3,1,0
eclipse.pde.ui-20120217-1437,org.eclipse.core.runtime.jobs,Job,canceling,2,1,0
eclipse.pde.ui-20120217-1437,org.eclipse.core.runtime.jobs,Job,done,3,1,1
eclipse.pde.ui-20120217-1437,org.eclipse.core.runtime.jobs,Job,getName,3,1,0
eclipse.pde.ui-20120217-1437,org.eclipse.core.runtime.jobs,Job,getPriority,3,1,0
eclipse.pde.ui-20120217-1437,org.eclipse.core.runtime.jobs,Job,getProperty,3,1,1
eclipse.pde.ui-20120217-1437,org.eclipse.core.runtime.jobs,Job,getResult,3,1,0
eclipse.pde.ui-20120217-1437,org.eclipse.core.runtime.jobs,Job,getRule,3,1,0
eclipse.pde.ui-20120217-1437,org.eclipse.core.runtime.jobs,Job,getState,3,1,0
eclipse.pde.ui-20120217-1437,org.eclipse.core.runtime.jobs,Job,getThread,3,1,0
eclipse.pde.ui-20120217-1437,org.eclipse.core.runtime.jobs,Job,isBlocking,3,1,0
eclipse.pde.ui-20120217-1437,org.eclipse.core.runtime.jobs,Job,isSystem,3,1,0
eclipse.pde.ui-20120217-1437,org.eclipse.core.runtime.jobs,Job,isUser,3,1,0
eclipse.pde.ui-20120217-1437,org.eclipse.core.runtime.jobs,Job,join,3,1,0
eclipse.pde.ui-20120217-1437,org.eclipse.core.runtime.jobs,Job,removeJobChangeListener,3,1,1
eclipse.pde.ui-20120217-1437,org.eclipse.core.runtime.jobs,Job,run,0,1,1
eclipse.pde.ui-20120217-1437,org.eclipse.core.runtime.jobs,Job,schedule,3,1,0
eclipse.pde.ui-20120217-1437,org.eclipse.core.runtime.jobs,Job,schedule,3,1,1
eclipse.pde.ui-20120217-1437,org.eclipse.core.runtime.jobs,Job,setName,3,1,1
eclipse.pde.ui-20120217-1437,org.eclipse.core.runtime.jobs,Job,setPriority,3,1,1
eclipse.pde.ui-20120217-1437,org.eclipse.core.runtime.jobs,Job,setProgressGroup,3,1,2
eclipse.pde.ui-20120217-1437,org.eclipse.core.runtime.jobs,Job,setProperty,3,1,2
eclipse.pde.ui-20120217-1437,org.eclipse.core.runtime.jobs,Job,setRule,3,1,1
eclipse.pde.ui-20120217-1437,org.eclipse.core.runtime.jobs,Job,setSystem,3,1,1
eclipse.pde.ui-20120217-1437,org.eclipse.core.runtime.jobs,Job,setUser,3,1,1
eclipse.pde.ui-20120217-1437,org.eclipse.core.runtime.jobs,Job,setThread,3,1,1
eclipse.pde.ui-20120217-1437,org.eclipse.core.runtime.jobs,Job,shouldRun,3,1,0
eclipse.pde.ui-20120217-1437,org.eclipse.core.runtime.jobs,Job,shouldSchedule,3,1,0
eclipse.pde.ui-20120217-1437,org.eclipse.core.runtime.jobs,Job,sleep,3,1,0
eclipse.pde.ui-20120217-1437,org.eclipse.core.runtime.jobs,Job,wakeUp,3,1,0
eclipse.pde.ui-20120217-1437,org.eclipse.core.runtime.jobs,Job,wakeUp,3,1,1
eclipse.pde.ui-20120217-1437,org.eclipse.core.runtime.jobs,Job,getJobManager,3,1,0
eclipse.pde.ui-20120217-1437,org.eclipse.core.runtime.jobs,Job,Job,3,1,1
eclipse.pde.ui-20120217-1437,org.eclipse.core.runtime.jobs,Job,addJobChangeListener,3,1,1
eclipse.pde.ui-20120217-1437,org.eclipse.core.runtime.jobs,Job,belongsTo,3,1,1
eclipse.pde.ui-20120217-1437,org.eclipse.core.runtime.jobs,Job,cancel,3,1,0
eclipse.pde.ui-20120217-1437,org.eclipse.core.runtime.jobs,Job,canceling,2,1,0
eclipse.pde.ui-20120217-1437,org.eclipse.core.runtime.jobs,Job,done,3,1,1
eclipse.pde.ui-20120217-1437,org.eclipse.core.runtime.jobs,Job,getName,3,1,0
eclipse.pde.ui-20120217-1437,org.eclipse.core.runtime.jobs,Job,getPriority,3,1,0
eclipse.pde.ui-20120217-1437,org.eclipse.core.runtime.jobs,Job,getProperty,3,1,1
eclipse.pde.ui-20120217-1437,org.eclipse.core.runtime.jobs,Job,getResult,3,1,0
eclipse.pde.ui-20120217-1437,org.eclipse.core.runtime.jobs,Job,getRule,3,1,0
eclipse.pde.ui-20120217-1437,org.eclipse.core.runtime.jobs,Job,getState,3,1,0
eclipse.pde.ui-20120217-1437,org.eclipse.core.runtime.jobs,Job,getThread,3,1,0
eclipse.pde.ui-20120217-1437,org.eclipse.core.runtime.jobs,Job,isBlocking,3,1,0
eclipse.pde.ui-20120217-1437,org.eclipse.core.runtime.jobs,Job,isSystem,3,1,0
eclipse.pde.ui-20120217-1437,org.eclipse.core.runtime.jobs,Job,isUser,3,1,0
eclipse.pde.ui-20120217-1437,org.eclipse.core.runtime.jobs,Job,join,3,1,0
eclipse.pde.ui-20120217-1437,org.eclipse.core.runtime.jobs,Job,removeJobChangeListener,3,1,1
eclipse.pde.ui-20120217-1437,org.eclipse.core.runtime.jobs,Job,run,0,1,1
eclipse.pde.ui-20120217-1437,org.eclipse.core.runtime.jobs,Job,schedule,3,1,0
eclipse.pde.ui-20120217-1437,org.eclipse.core.runtime.jobs,Job,schedule,3,1,1
eclipse.pde.ui-20120217-1437,org.eclipse.core.runtime.jobs,Job,setName,3,1,1
eclipse.pde.ui-20120217-1437,org.eclipse.core.runtime.jobs,Job,setPriority,3,1,1
eclipse.pde.ui-20120217-1437,org.eclipse.core.runtime.jobs,Job,setProgressGroup,3,1,2
eclipse.pde.ui-20120217-1437,org.eclipse.core.runtime.jobs,Job,setProperty,3,1,2
eclipse.pde.ui-20120217-1437,org.eclipse.core.runtime.jobs,Job,setRule,3,1,1
eclipse.pde.ui-20120217-1437,org.eclipse.core.runtime.jobs,Job,setSystem,3,1,1
eclipse.pde.ui-20120217-1437,org.eclipse.core.runtime.jobs,Job,setUser,3,1,1
eclipse.pde.ui-20120217-1437,org.eclipse.core.runtime.jobs,Job,setThread,3,1,1
eclipse.pde.ui-20120217-1437,org.eclipse.core.runtime.jobs,Job,shouldRun,3,1,0
eclipse.pde.ui-20120217-1437,org.eclipse.core.runtime.jobs,Job,shouldSchedule,3,1,0
eclipse.pde.ui-20120217-1437,org.eclipse.core.runtime.jobs,Job,sleep,3,1,0
eclipse.pde.ui-20120217-1437,org.eclipse.core.runtime.jobs,Job,wakeUp,3,1,0
eclipse.pde.ui-20120217-1437,org.eclipse.core.runtime.jobs,Job,wakeUp,3,1,1
eclipse.pde.ui-20120217-1437,org.eclipse.core.internal.jobs,InternalJob,InternalJob,4,1,1
eclipse.pde.ui-20120217-1437,org.eclipse.core.internal.jobs,InternalJob,addJobChangeListener,4,2,1
eclipse.pde.ui-20120217-1437,org.eclipse.core.internal.jobs,InternalJob,addLast,7,2,1
eclipse.pde.ui-20120217-1437,org.eclipse.core.internal.jobs,InternalJob,belongsTo,3,1,1
eclipse.pde.ui-20120217-1437,org.eclipse.core.internal.jobs,InternalJob,cancel,3,1,0
eclipse.pde.ui-20120217-1437,org.eclipse.core.internal.jobs,InternalJob,canceling,2,1,0
eclipse.pde.ui-20120217-1437,org.eclipse.core.internal.jobs,InternalJob,compareTo,3,1,1
eclipse.pde.ui-20120217-1437,org.eclipse.core.internal.jobs,InternalJob,done,3,1,1
eclipse.pde.ui-20120217-1437,org.eclipse.core.internal.jobs,InternalJob,getListeners,3,1,0
eclipse.pde.ui-20120217-1437,org.eclipse.core.internal.jobs,InternalJob,getName,3,1,0
eclipse.pde.ui-20120217-1437,org.eclipse.core.internal.jobs,InternalJob,getPriority,3,1,0
eclipse.pde.ui-20120217-1437,org.eclipse.core.internal.jobs,InternalJob,getProgressMonitor,3,1,0
eclipse.pde.ui-20120217-1437,org.eclipse.core.internal.jobs,InternalJob,getProperty,5,2,1
eclipse.pde.ui-20120217-1437,org.eclipse.core.internal.jobs,InternalJob,getResult,3,1,0
eclipse.pde.ui-20120217-1437,org.eclipse.core.internal.jobs,InternalJob,getRule,3,1,0
eclipse.pde.ui-20120217-1437,org.eclipse.core.internal.jobs,InternalJob,getStartTime,3,1,0
eclipse.pde.ui-20120217-1437,org.eclipse.core.internal.jobs,InternalJob,getState,13,4,0
eclipse.pde.ui-20120217-1437,org.eclipse.core.internal.jobs,InternalJob,getThread,3,1,0
eclipse.pde.ui-20120217-1437,org.eclipse.core.internal.jobs,InternalJob,internalGetState,3,1,0
eclipse.pde.ui-20120217-1437,org.eclipse.core.internal.jobs,InternalJob,internalSetPriority,3,1,1
eclipse.pde.ui-20120217-1437,org.eclipse.core.internal.jobs,InternalJob,internalSetRule,3,1,1
eclipse.pde.ui-20120217-1437,org.eclipse.core.internal.jobs,InternalJob,internalSetState,3,1,1
eclipse.pde.ui-20120217-1437,org.eclipse.core.internal.jobs,InternalJob,isAboutToRunCanceled,3,1,0
eclipse.pde.ui-20120217-1437,org.eclipse.core.internal.jobs,InternalJob,isBlocking,3,1,0
eclipse.pde.ui-20120217-1437,org.eclipse.core.internal.jobs,InternalJob,isConflicting,6,3,1
eclipse.pde.ui-20120217-1437,org.eclipse.core.internal.jobs,InternalJob,isSystem,3,1,0
eclipse.pde.ui-20120217-1437,org.eclipse.core.internal.jobs,InternalJob,isUser,3,1,0
eclipse.pde.ui-20120217-1437,org.eclipse.core.internal.jobs,InternalJob,join,3,1,0
eclipse.pde.ui-20120217-1437,org.eclipse.core.internal.jobs,InternalJob,next,3,1,0
eclipse.pde.ui-20120217-1437,org.eclipse.core.internal.jobs,InternalJob,previous,3,1,0
eclipse.pde.ui-20120217-1437,org.eclipse.core.internal.jobs,InternalJob,remove,6,3,0
eclipse.pde.ui-20120217-1437,org.eclipse.core.internal.jobs,InternalJob,removeJobChangeListener,3,2,1
eclipse.pde.ui-20120217-1437,org.eclipse.core.internal.jobs,InternalJob,run,0,1,1
eclipse.pde.ui-20120217-1437,org.eclipse.core.internal.jobs,InternalJob,schedule,3,2,1
eclipse.pde.ui-20120217-1437,org.eclipse.core.internal.jobs,InternalJob,setAboutToRunCanceled,3,1,1
eclipse.pde.ui-20120217-1437,org.eclipse.core.internal.jobs,InternalJob,setName,4,1,1
eclipse.pde.ui-20120217-1437,org.eclipse.core.internal.jobs,InternalJob,setNext,3,1,1
eclipse.pde.ui-20120217-1437,org.eclipse.core.internal.jobs,InternalJob,setPrevious,3,1,1
eclipse.pde.ui-20120217-1437,org.eclipse.core.internal.jobs,InternalJob,setPriority,13,6,1
eclipse.pde.ui-20120217-1437,org.eclipse.core.internal.jobs,InternalJob,setProgressGroup,5,2,2
eclipse.pde.ui-20120217-1437,org.eclipse.core.internal.jobs,InternalJob,setProgressMonitor,3,1,1
eclipse.pde.ui-20120217-1437,org.eclipse.core.internal.jobs,InternalJob,setProperty,16,5,2
eclipse.pde.ui-20120217-1437,org.eclipse.core.internal.jobs,InternalJob,setResult,3,1,1
eclipse.pde.ui-20120217-1437,org.eclipse.core.internal.jobs,InternalJob,setRule,3,1,1
eclipse.pde.ui-20120217-1437,org.eclipse.core.internal.jobs,InternalJob,setStartTime,3,1,1
eclipse.pde.ui-20120217-1437,org.eclipse.core.internal.jobs,InternalJob,setSystem,4,2,1
eclipse.pde.ui-20120217-1437,org.eclipse.core.internal.jobs,InternalJob,setThread,3,1,1
eclipse.pde.ui-20120217-1437,org.eclipse.core.internal.jobs,InternalJob,setUser,4,2,1
eclipse.pde.ui-20120217-1437,org.eclipse.core.internal.jobs,InternalJob,shouldSchedule,3,1,0
eclipse.pde.ui-20120217-1437,org.eclipse.core.internal.jobs,InternalJob,sleep,3,1,0
eclipse.pde.ui-20120217-1437,org.eclipse.core.internal.jobs,InternalJob,toString,3,1,0
eclipse.pde.ui-20120217-1437,org.eclipse.core.internal.jobs,InternalJob,wakeUp,3,1,1
eclipse.pde.ui-20120217-1437,org.eclipse.core.internal.jobs,InternalJob,setWaitQueueStamp,3,1,1
eclipse.pde.ui-20120217-1437,org.eclipse.core.internal.jobs,InternalJob,getWaitQueueStamp,3,1,0
eclipse.pde.ui-20120217-1437,org.eclipse.core.internal.jobs,InternalJob,InternalJob,4,1,1
eclipse.pde.ui-20120217-1437,org.eclipse.core.internal.jobs,InternalJob,addJobChangeListener,4,2,1
eclipse.pde.ui-20120217-1437,org.eclipse.core.internal.jobs,InternalJob,addLast,7,2,1
eclipse.pde.ui-20120217-1437,org.eclipse.core.internal.jobs,InternalJob,belongsTo,3,1,1
eclipse.pde.ui-20120217-1437,org.eclipse.core.internal.jobs,InternalJob,cancel,3,1,0
eclipse.pde.ui-20120217-1437,org.eclipse.core.internal.jobs,InternalJob,canceling,2,1,0
eclipse.pde.ui-20120217-1437,org.eclipse.core.internal.jobs,InternalJob,compareTo,3,1,1
eclipse.pde.ui-20120217-1437,org.eclipse.core.internal.jobs,InternalJob,done,3,1,1
eclipse.pde.ui-20120217-1437,org.eclipse.core.internal.jobs,InternalJob,getListeners,3,1,0
eclipse.pde.ui-20120217-1437,org.eclipse.core.internal.jobs,InternalJob,getName,3,1,0
eclipse.pde.ui-20120217-1437,org.eclipse.core.internal.jobs,InternalJob,getPriority,3,1,0
eclipse.pde.ui-20120217-1437,org.eclipse.core.internal.jobs,InternalJob,getProgressMonitor,3,1,0
eclipse.pde.ui-20120217-1437,org.eclipse.core.internal.jobs,InternalJob,getProperty,5,2,1
eclipse.pde.ui-20120217-1437,org.eclipse.core.internal.jobs,InternalJob,getResult,3,1,0
eclipse.pde.ui-20120217-1437,org.eclipse.core.internal.jobs,InternalJob,getRule,3,1,0
eclipse.pde.ui-20120217-1437,org.eclipse.core.internal.jobs,InternalJob,getStartTime,3,1,0
eclipse.pde.ui-20120217-1437,org.eclipse.core.internal.jobs,InternalJob,getState,13,4,0
eclipse.pde.ui-20120217-1437,org.eclipse.core.internal.jobs,InternalJob,getThread,3,1,0
eclipse.pde.ui-20120217-1437,org.eclipse.core.internal.jobs,InternalJob,internalGetState,3,1,0
eclipse.pde.ui-20120217-1437,org.eclipse.core.internal.jobs,InternalJob,internalSetPriority,3,1,1
eclipse.pde.ui-20120217-1437,org.eclipse.core.internal.jobs,InternalJob,internalSetRule,3,1,1
eclipse.pde.ui-20120217-1437,org.eclipse.core.internal.jobs,InternalJob,internalSetState,3,1,1
eclipse.pde.ui-20120217-1437,org.eclipse.core.internal.jobs,InternalJob,isAboutToRunCanceled,3,1,0
eclipse.pde.ui-20120217-1437,org.eclipse.core.internal.jobs,InternalJob,isBlocking,3,1,0
eclipse.pde.ui-20120217-1437,org.eclipse.core.internal.jobs,InternalJob,isConflicting,6,3,1
eclipse.pde.ui-20120217-1437,org.eclipse.core.internal.jobs,InternalJob,isSystem,3,1,0
eclipse.pde.ui-20120217-1437,org.eclipse.core.internal.jobs,InternalJob,isUser,3,1,0
eclipse.pde.ui-20120217-1437,org.eclipse.core.internal.jobs,InternalJob,join,3,1,0
eclipse.pde.ui-20120217-1437,org.eclipse.core.internal.jobs,InternalJob,next,3,1,0
eclipse.pde.ui-20120217-1437,org.eclipse.core.internal.jobs,InternalJob,previous,3,1,0
eclipse.pde.ui-20120217-1437,org.eclipse.core.internal.jobs,InternalJob,remove,6,3,0
eclipse.pde.ui-20120217-1437,org.eclipse.core.internal.jobs,InternalJob,removeJobChangeListener,3,2,1
eclipse.pde.ui-20120217-1437,org.eclipse.core.internal.jobs,InternalJob,run,0,1,1
eclipse.pde.ui-20120217-1437,org.eclipse.core.internal.jobs,InternalJob,schedule,3,2,1
eclipse.pde.ui-20120217-1437,org.eclipse.core.internal.jobs,InternalJob,setAboutToRunCanceled,3,1,1
eclipse.pde.ui-20120217-1437,org.eclipse.core.internal.jobs,InternalJob,setName,4,1,1
eclipse.pde.ui-20120217-1437,org.eclipse.core.internal.jobs,InternalJob,setNext,3,1,1
eclipse.pde.ui-20120217-1437,org.eclipse.core.internal.jobs,InternalJob,setPrevious,3,1,1
eclipse.pde.ui-20120217-1437,org.eclipse.core.internal.jobs,InternalJob,setPriority,13,6,1
eclipse.pde.ui-20120217-1437,org.eclipse.core.internal.jobs,InternalJob,setProgressGroup,5,2,2
eclipse.pde.ui-20120217-1437,org.eclipse.core.internal.jobs,InternalJob,setProgressMonitor,3,1,1
eclipse.pde.ui-20120217-1437,org.eclipse.core.internal.jobs,InternalJob,setProperty,16,5,2
eclipse.pde.ui-20120217-1437,org.eclipse.core.internal.jobs,InternalJob,setResult,3,1,1
eclipse.pde.ui-20120217-1437,org.eclipse.core.internal.jobs,InternalJob,setRule,3,1,1
eclipse.pde.ui-20120217-1437,org.eclipse.core.internal.jobs,InternalJob,setStartTime,3,1,1
eclipse.pde.ui-20120217-1437,org.eclipse.core.internal.jobs,InternalJob,setSystem,4,2,1
eclipse.pde.ui-20120217-1437,org.eclipse.core.internal.jobs,InternalJob,setThread,3,1,1
eclipse.pde.ui-20120217-1437,org.eclipse.core.internal.jobs,InternalJob,setUser,4,2,1
eclipse.pde.ui-20120217-1437,org.eclipse.core.internal.jobs,InternalJob,shouldSchedule,3,1,0
eclipse.pde.ui-20120217-1437,org.eclipse.core.internal.jobs,InternalJob,sleep,3,1,0
eclipse.pde.ui-20120217-1437,org.eclipse.core.internal.jobs,InternalJob,toString,3,1,0
eclipse.pde.ui-20120217-1437,org.eclipse.core.internal.jobs,InternalJob,wakeUp,3,1,1
eclipse.pde.ui-20120217-1437,org.eclipse.core.internal.jobs,InternalJob,setWaitQueueStamp,3,1,1
eclipse.pde.ui-20120217-1437,org.eclipse.core.internal.jobs,InternalJob,getWaitQueueStamp,3,1,0
eclipse.pde.ui-20120217-1437,org.eclipse.core.internal.resources,File,File,3,1,2
eclipse.pde.ui-20120217-1437,org.eclipse.core.internal.resources,File,appendContents,28,2,3
eclipse.pde.ui-20120217-1437,org.eclipse.core.internal.resources,File,appendContents,5,1,4
eclipse.pde.ui-20120217-1437,org.eclipse.core.internal.resources,File,changeToFolder,14,2,0
eclipse.pde.ui-20120217-1437,org.eclipse.core.internal.resources,File,checkSynchronized,6,2,0
eclipse.pde.ui-20120217-1437,org.eclipse.core.internal.resources,File,create,73,10,3
eclipse.pde.ui-20120217-1437,org.eclipse.core.internal.resources,File,create,3,1,3
eclipse.pde.ui-20120217-1437,org.eclipse.core.internal.resources,File,ensureClosed,9,2,1
eclipse.pde.ui-20120217-1437,org.eclipse.core.internal.resources,File,getCharset,3,1,0
eclipse.pde.ui-20120217-1437,org.eclipse.core.internal.resources,File,getCharset,7,2,1
eclipse.pde.ui-20120217-1437,org.eclipse.core.internal.resources,File,getCharsetFor,17,5,1
eclipse.pde.ui-20120217-1437,org.eclipse.core.internal.resources,File,internalGetCharset,10,4,2
eclipse.pde.ui-20120217-1437,org.eclipse.core.internal.resources,File,getContentDescription,8,1,0
eclipse.pde.ui-20120217-1437,org.eclipse.core.internal.resources,File,getContents,3,1,0
eclipse.pde.ui-20120217-1437,org.eclipse.core.internal.resources,File,getContents,7,1,1
eclipse.pde.ui-20120217-1437,org.eclipse.core.internal.resources,File,getEncoding,7,1,0
eclipse.pde.ui-20120217-1437,org.eclipse.core.internal.resources,File,getHistory,3,1,1
eclipse.pde.ui-20120217-1437,org.eclipse.core.internal.resources,File,getType,4,1,0
eclipse.pde.ui-20120217-1437,org.eclipse.core.internal.resources,File,internalSetContents,6,2,5
eclipse.pde.ui-20120217-1437,org.eclipse.core.internal.resources,File,refreshLocal,3,2,2
eclipse.pde.ui-20120217-1437,org.eclipse.core.internal.resources,File,setContents,3,1,3
eclipse.pde.ui-20120217-1437,org.eclipse.core.internal.resources,File,setContents,28,2,3
eclipse.pde.ui-20120217-1437,org.eclipse.core.internal.resources,File,setLocalTimeStamp,8,3,1
eclipse.pde.ui-20120217-1437,org.eclipse.core.internal.resources,File,updateMetadataFiles,12,3,0
eclipse.pde.ui-20120217-1437,org.eclipse.core.internal.resources,File,setCharset,5,1,1
eclipse.pde.ui-20120217-1437,org.eclipse.core.internal.resources,File,setCharset,28,1,2
eclipse.pde.ui-20120217-1437,org.eclipse.core.internal.resources,File,setContents,5,1,4
eclipse.pde.ui-20120217-1437,org.eclipse.core.internal.resources,File,setContents,5,1,4
eclipse.pde.ui-20120217-1437,org.eclipse.core.internal.resources,File,File,3,1,2
eclipse.pde.ui-20120217-1437,org.eclipse.core.internal.resources,File,appendContents,28,2,3
eclipse.pde.ui-20120217-1437,org.eclipse.core.internal.resources,File,appendContents,5,1,4
eclipse.pde.ui-20120217-1437,org.eclipse.core.internal.resources,File,changeToFolder,14,2,0
eclipse.pde.ui-20120217-1437,org.eclipse.core.internal.resources,File,checkSynchronized,6,2,0
eclipse.pde.ui-20120217-1437,org.eclipse.core.internal.resources,File,create,73,10,3
eclipse.pde.ui-20120217-1437,org.eclipse.core.internal.resources,File,create,3,1,3
eclipse.pde.ui-20120217-1437,org.eclipse.core.internal.resources,File,ensureClosed,9,2,1
eclipse.pde.ui-20120217-1437,org.eclipse.core.internal.resources,File,getCharset,3,1,0
eclipse.pde.ui-20120217-1437,org.eclipse.core.internal.resources,File,getCharset,7,2,1
eclipse.pde.ui-20120217-1437,org.eclipse.core.internal.resources,File,getCharsetFor,17,5,1
eclipse.pde.ui-20120217-1437,org.eclipse.core.internal.resources,File,internalGetCharset,10,4,2
eclipse.pde.ui-20120217-1437,org.eclipse.core.internal.resources,File,getContentDescription,8,1,0
eclipse.pde.ui-20120217-1437,org.eclipse.core.internal.resources,File,getContents,3,1,0
eclipse.pde.ui-20120217-1437,org.eclipse.core.internal.resources,File,getContents,7,1,1
eclipse.pde.ui-20120217-1437,org.eclipse.core.internal.resources,File,getEncoding,7,1,0
eclipse.pde.ui-20120217-1437,org.eclipse.core.internal.resources,File,getHistory,3,1,1
eclipse.pde.ui-20120217-1437,org.eclipse.core.internal.resources,File,getType,3,1,0
eclipse.pde.ui-20120217-1437,org.eclipse.core.internal.resources,File,internalSetContents,6,2,5
eclipse.pde.ui-20120217-1437,org.eclipse.core.internal.resources,File,refreshLocal,3,2,2
eclipse.pde.ui-20120217-1437,org.eclipse.core.internal.resources,File,setContents,3,1,3
eclipse.pde.ui-20120217-1437,org.eclipse.core.internal.resources,File,setContents,28,2,3
eclipse.pde.ui-20120217-1437,org.eclipse.core.internal.resources,File,setLocalTimeStamp,8,3,1
eclipse.pde.ui-20120217-1437,org.eclipse.core.internal.resources,File,updateMetadataFiles,12,3,0
eclipse.pde.ui-20120217-1437,org.eclipse.core.internal.resources,File,setCharset,5,1,1
eclipse.pde.ui-20120217-1437,org.eclipse.core.internal.resources,File,setCharset,28,1,2
eclipse.pde.ui-20120217-1437,org.eclipse.core.internal.resources,File,setContents,5,1,4
eclipse.pde.ui-20120217-1437,org.eclipse.core.internal.resources,File,setContents,5,1,4
eclipse.pde.ui-20120217-1437,org.eclipse.core.internal.resources,Resource,Resource,4,1,2
eclipse.pde.ui-20120217-1437,org.eclipse.core.internal.resources,Resource,accept,42,2,2
eclipse.pde.ui-20120217-1437,org.eclipse.core.internal.resources,Resource,visitElement,15,2,3
eclipse.pde.ui-20120217-1437,org.eclipse.core.internal.resources,Resource,accept,3,1,1
eclipse.pde.ui-20120217-1437,org.eclipse.core.internal.resources,Resource,accept,3,1,3
eclipse.pde.ui-20120217-1437,org.eclipse.core.internal.resources,Resource,accept,24,7,3
eclipse.pde.ui-20120217-1437,org.eclipse.core.internal.resources,Resource,visit,3,1,1
eclipse.pde.ui-20120217-1437,org.eclipse.core.internal.resources,Resource,assertCopyRequirements,6,2,3
eclipse.pde.ui-20120217-1437,org.eclipse.core.internal.resources,Resource,assertLinkRequirements,23,6,2
eclipse.pde.ui-20120217-1437,org.eclipse.core.internal.resources,Resource,assertMoveRequirements,6,2,3
eclipse.pde.ui-20120217-1437,org.eclipse.core.internal.resources,Resource,checkAccessible,3,1,1
eclipse.pde.ui-20120217-1437,org.eclipse.core.internal.resources,Resource,checkAccessibleAndLocal,7,1,1
eclipse.pde.ui-20120217-1437,org.eclipse.core.internal.resources,Resource,checkCopyRequirements,49,10,3
eclipse.pde.ui-20120217-1437,org.eclipse.core.internal.resources,Resource,checkDoesNotExist,3,1,0
eclipse.pde.ui-20120217-1437,org.eclipse.core.internal.resources,Resource,checkDoesNotExist,11,4,2
eclipse.pde.ui-20120217-1437,org.eclipse.core.internal.resources,Resource,checkExists,6,2,2
eclipse.pde.ui-20120217-1437,org.eclipse.core.internal.resources,Resource,checkLocal,6,2,2
eclipse.pde.ui-20120217-1437,org.eclipse.core.internal.resources,Resource,checkMoveRequirements,50,11,3
eclipse.pde.ui-20120217-1437,org.eclipse.core.internal.resources,Resource,checkValidPath,4,2,3
eclipse.pde.ui-20120217-1437,org.eclipse.core.internal.resources,Resource,clearHistory,3,1,1
eclipse.pde.ui-20120217-1437,org.eclipse.core.internal.resources,Resource,contains,12,7,1
eclipse.pde.ui-20120217-1437,org.eclipse.core.internal.resources,Resource,convertToPhantom,9,2,0
eclipse.pde.ui-20120217-1437,org.eclipse.core.internal.resources,Resource,copy,4,1,3
eclipse.pde.ui-20120217-1437,org.eclipse.core.internal.resources,Resource,copy,28,1,3
eclipse.pde.ui-20120217-1437,org.eclipse.core.internal.resources,Resource,copy,4,1,3
eclipse.pde.ui-20120217-1437,org.eclipse.core.internal.resources,Resource,copy,34,2,3
eclipse.pde.ui-20120217-1437,org.eclipse.core.internal.resources,Resource,countResources,3,1,2
eclipse.pde.ui-20120217-1437,org.eclipse.core.internal.resources,Resource,createLink,4,1,3
eclipse.pde.ui-20120217-1437,org.eclipse.core.internal.resources,Resource,createLink,50,5,3
eclipse.pde.ui-20120217-1437,org.eclipse.core.internal.resources,Resource,createMarker,17,1,1
eclipse.pde.ui-20120217-1437,org.eclipse.core.internal.resources,Resource,createProxy,7,1,0
eclipse.pde.ui-20120217-1437,org.eclipse.core.internal.resources,Resource,delete,5,1,3
eclipse.pde.ui-20120217-1437,org.eclipse.core.internal.resources,Resource,delete,3,1,2
eclipse.pde.ui-20120217-1437,org.eclipse.core.internal.resources,Resource,delete,48,6,2
eclipse.pde.ui-20120217-1437,org.eclipse.core.internal.resources,Resource,deleteMarkers,13,1,3
eclipse.pde.ui-20120217-1437,org.eclipse.core.internal.resources,Resource,deleteResource,24,9,2
eclipse.pde.ui-20120217-1437,org.eclipse.core.internal.resources,Resource,findLinks,14,4,0
eclipse.pde.ui-20120217-1437,org.eclipse.core.internal.resources,Resource,equals,6,3,1
eclipse.pde.ui-20120217-1437,org.eclipse.core.internal.resources,Resource,exists,4,1,0
eclipse.pde.ui-20120217-1437,org.eclipse.core.internal.resources,Resource,exists,3,1,2
eclipse.pde.ui-20120217-1437,org.eclipse.core.internal.resources,Resource,findExistingResourceVariant,14,5,1
eclipse.pde.ui-20120217-1437,org.eclipse.core.internal.resources,Resource,findMarker,3,1,1
eclipse.pde.ui-20120217-1437,org.eclipse.core.internal.resources,Resource,findMarkers,5,1,3
eclipse.pde.ui-20120217-1437,org.eclipse.core.internal.resources,Resource,findMaxProblemSeverity,5,1,3
eclipse.pde.ui-20120217-1437,org.eclipse.core.internal.resources,Resource,findVariant,6,3,2
eclipse.pde.ui-20120217-1437,org.eclipse.core.internal.resources,Resource,fixupAfterMoveSource,19,3,0
eclipse.pde.ui-20120217-1437,org.eclipse.core.internal.resources,Resource,getFileExtension,7,3,0
eclipse.pde.ui-20120217-1437,org.eclipse.core.internal.resources,Resource,getFlags,3,1,1
eclipse.pde.ui-20120217-1437,org.eclipse.core.internal.resources,Resource,getFullPath,3,1,0
eclipse.pde.ui-20120217-1437,org.eclipse.core.internal.resources,Resource,getLocalManager,3,1,0
eclipse.pde.ui-20120217-1437,org.eclipse.core.internal.resources,Resource,getLocalTimeStamp,4,1,0
eclipse.pde.ui-20120217-1437,org.eclipse.core.internal.resources,Resource,getLocation,5,2,0
eclipse.pde.ui-20120217-1437,org.eclipse.core.internal.resources,Resource,getLocationURI,5,2,0
eclipse.pde.ui-20120217-1437,org.eclipse.core.internal.resources,Resource,getMarker,3,1,1
eclipse.pde.ui-20120217-1437,org.eclipse.core.internal.resources,Resource,getMarkerManager,3,1,0
eclipse.pde.ui-20120217-1437,org.eclipse.core.internal.resources,Resource,getModificationStamp,4,1,0
eclipse.pde.ui-20120217-1437,org.eclipse.core.internal.resources,Resource,getName,3,1,0
eclipse.pde.ui-20120217-1437,org.eclipse.core.internal.resources,Resource,getParent,6,3,0
eclipse.pde.ui-20120217-1437,org.eclipse.core.internal.resources,Resource,getPersistentProperty,4,1,1
eclipse.pde.ui-20120217-1437,org.eclipse.core.internal.resources,Resource,getPersistentProperties,4,1,0
eclipse.pde.ui-20120217-1437,org.eclipse.core.internal.resources,Resource,getProject,3,1,0
eclipse.pde.ui-20120217-1437,org.eclipse.core.internal.resources,Resource,getProjectRelativePath,3,1,0
eclipse.pde.ui-20120217-1437,org.eclipse.core.internal.resources,Resource,getPropertyManager,3,1,0
eclipse.pde.ui-20120217-1437,org.eclipse.core.internal.resources,Resource,getRawLocation,4,2,0
eclipse.pde.ui-20120217-1437,org.eclipse.core.internal.resources,Resource,getRawLocationURI,4,2,0
eclipse.pde.ui-20120217-1437,org.eclipse.core.internal.resources,Resource,getResourceAttributes,4,2,0
eclipse.pde.ui-20120217-1437,org.eclipse.core.internal.resources,Resource,getResourceInfo,3,1,2
eclipse.pde.ui-20120217-1437,org.eclipse.core.internal.resources,Resource,getSessionProperty,4,1,1
eclipse.pde.ui-20120217-1437,org.eclipse.core.internal.resources,Resource,getSessionProperties,4,1,0
eclipse.pde.ui-20120217-1437,org.eclipse.core.internal.resources,Resource,getStore,3,1,0
eclipse.pde.ui-20120217-1437,org.eclipse.core.internal.resources,Resource,getType,0,1,0
eclipse.pde.ui-20120217-1437,org.eclipse.core.internal.resources,Resource,getTypeString,13,5,0
eclipse.pde.ui-20120217-1437,org.eclipse.core.internal.resources,Resource,getWorkspace,3,1,0
eclipse.pde.ui-20120217-1437,org.eclipse.core.internal.resources,Resource,hashCode,3,1,0
eclipse.pde.ui-20120217-1437,org.eclipse.core.internal.resources,Resource,internalSetLocal,17,6,2
eclipse.pde.ui-20120217-1437,org.eclipse.core.internal.resources,Resource,isAccessible,3,1,0
eclipse.pde.ui-20120217-1437,org.eclipse.core.internal.resources,Resource,isConflicting,6,3,1
eclipse.pde.ui-20120217-1437,org.eclipse.core.internal.resources,Resource,isDerived,3,1,0
eclipse.pde.ui-20120217-1437,org.eclipse.core.internal.resources,Resource,isDerived,7,3,1
eclipse.pde.ui-20120217-1437,org.eclipse.core.internal.resources,Resource,isHidden,5,1,0
eclipse.pde.ui-20120217-1437,org.eclipse.core.internal.resources,Resource,isLinked,3,1,0
eclipse.pde.ui-20120217-1437,org.eclipse.core.internal.resources,Resource,isLinked,17,7,1
eclipse.pde.ui-20120217-1437,org.eclipse.core.internal.resources,Resource,isLocal,4,1,1
eclipse.pde.ui-20120217-1437,org.eclipse.core.internal.resources,Resource,isLocal,3,1,2
eclipse.pde.ui-20120217-1437,org.eclipse.core.internal.resources,Resource,isMember,8,5,2
eclipse.pde.ui-20120217-1437,org.eclipse.core.internal.resources,Resource,isPhantom,4,1,0
eclipse.pde.ui-20120217-1437,org.eclipse.core.internal.resources,Resource,isPhantom,3,1,1
eclipse.pde.ui-20120217-1437,org.eclipse.core.internal.resources,Resource,isReadOnly,4,1,0
eclipse.pde.ui-20120217-1437,org.eclipse.core.internal.resources,Resource,isSynchronized,3,1,1
eclipse.pde.ui-20120217-1437,org.eclipse.core.internal.resources,Resource,isTeamPrivateMember,5,1,0
eclipse.pde.ui-20120217-1437,org.eclipse.core.internal.resources,Resource,isUnderLink,7,3,0
eclipse.pde.ui-20120217-1437,org.eclipse.core.internal.resources,Resource,makePathAbsolute,4,2,1
eclipse.pde.ui-20120217-1437,org.eclipse.core.internal.resources,Resource,move,5,1,4
eclipse.pde.ui-20120217-1437,org.eclipse.core.internal.resources,Resource,move,3,1,3
eclipse.pde.ui-20120217-1437,org.eclipse.core.internal.resources,Resource,move,48,3,3
eclipse.pde.ui-20120217-1437,org.eclipse.core.internal.resources,Resource,move,5,1,4
eclipse.pde.ui-20120217-1437,org.eclipse.core.internal.resources,Resource,move,8,2,3
eclipse.pde.ui-20120217-1437,org.eclipse.core.internal.resources,Resource,refreshLocal,36,3,2
eclipse.pde.ui-20120217-1437,org.eclipse.core.internal.resources,Resource,requestName,3,1,0
eclipse.pde.ui-20120217-1437,org.eclipse.core.internal.resources,Resource,requestPath,3,1,0
eclipse.pde.ui-20120217-1437,org.eclipse.core.internal.resources,Resource,revertModificationStamp,5,2,1
eclipse.pde.ui-20120217-1437,org.eclipse.core.internal.resources,Resource,setDerived,13,3,1
eclipse.pde.ui-20120217-1437,org.eclipse.core.internal.resources,Resource,setHidden,11,2,1
eclipse.pde.ui-20120217-1437,org.eclipse.core.internal.resources,Resource,setLocal,19,1,3
eclipse.pde.ui-20120217-1437,org.eclipse.core.internal.resources,Resource,setLocalTimeStamp,5,2,1
eclipse.pde.ui-20120217-1437,org.eclipse.core.internal.resources,Resource,setPersistentProperty,4,1,2
eclipse.pde.ui-20120217-1437,org.eclipse.core.internal.resources,Resource,setReadOnly,10,2,1
eclipse.pde.ui-20120217-1437,org.eclipse.core.internal.resources,Resource,setResourceAttributes,4,1,1
eclipse.pde.ui-20120217-1437,org.eclipse.core.internal.resources,Resource,setSessionProperty,4,1,2
eclipse.pde.ui-20120217-1437,org.eclipse.core.internal.resources,Resource,setTeamPrivateMember,13,3,1
eclipse.pde.ui-20120217-1437,org.eclipse.core.internal.resources,Resource,synchronizing,3,1,1
eclipse.pde.ui-20120217-1437,org.eclipse.core.internal.resources,Resource,toString,3,1,0
eclipse.pde.ui-20120217-1437,org.eclipse.core.internal.resources,Resource,touch,28,1,1
eclipse.pde.ui-20120217-1437,org.eclipse.core.internal.resources,Resource,unprotectedDelete,19,10,3
eclipse.pde.ui-20120217-1437,org.eclipse.core.internal.resources,Resource,unprotectedMove,22,9,4
eclipse.pde.ui-20120217-1437,org.eclipse.core.internal.resources,Resource,broadcastPreDeleteEvent,10,4,0
eclipse.pde.ui-20120217-1437,org.eclipse.core.internal.resources,Resource,broadcastPreMoveEvent,15,7,2
eclipse.pde.ui-20120217-1437,org.eclipse.core.internal.resources,Resource,newMethod,3,1,0
eclipse.pde.ui-20120217-1437,org.eclipse.core.internal.resources,Resource,Resource,4,1,2
eclipse.pde.ui-20120217-1437,org.eclipse.core.internal.resources,Resource,accept,42,2,2
eclipse.pde.ui-20120217-1437,org.eclipse.core.internal.resources,Resource,visitElement,15,2,3
eclipse.pde.ui-20120217-1437,org.eclipse.core.internal.resources,Resource,accept,3,1,1
eclipse.pde.ui-20120217-1437,org.eclipse.core.internal.resources,Resource,accept,3,1,3
eclipse.pde.ui-20120217-1437,org.eclipse.core.internal.resources,Resource,accept,24,7,3
eclipse.pde.ui-20120217-1437,org.eclipse.core.internal.resources,Resource,visit,3,1,1
eclipse.pde.ui-20120217-1437,org.eclipse.core.internal.resources,Resource,assertCopyRequirements,6,2,3
eclipse.pde.ui-20120217-1437,org.eclipse.core.internal.resources,Resource,assertLinkRequirements,23,6,2
eclipse.pde.ui-20120217-1437,org.eclipse.core.internal.resources,Resource,assertMoveRequirements,6,2,3
eclipse.pde.ui-20120217-1437,org.eclipse.core.internal.resources,Resource,checkAccessible,3,1,1
eclipse.pde.ui-20120217-1437,org.eclipse.core.internal.resources,Resource,checkAccessibleAndLocal,7,1,1
eclipse.pde.ui-20120217-1437,org.eclipse.core.internal.resources,Resource,checkCopyRequirements,49,10,3
eclipse.pde.ui-20120217-1437,org.eclipse.core.internal.resources,Resource,checkDoesNotExist,3,1,0
eclipse.pde.ui-20120217-1437,org.eclipse.core.internal.resources,Resource,checkDoesNotExist,11,4,2
eclipse.pde.ui-20120217-1437,org.eclipse.core.internal.resources,Resource,checkExists,6,2,2
eclipse.pde.ui-20120217-1437,org.eclipse.core.internal.resources,Resource,checkLocal,6,2,2
eclipse.pde.ui-20120217-1437,org.eclipse.core.internal.resources,Resource,checkMoveRequirements,50,11,3
eclipse.pde.ui-20120217-1437,org.eclipse.core.internal.resources,Resource,checkValidPath,4,2,3
eclipse.pde.ui-20120217-1437,org.eclipse.core.internal.resources,Resource,clearHistory,3,1,1
eclipse.pde.ui-20120217-1437,org.eclipse.core.internal.resources,Resource,contains,12,7,1
eclipse.pde.ui-20120217-1437,org.eclipse.core.internal.resources,Resource,convertToPhantom,9,2,0
eclipse.pde.ui-20120217-1437,org.eclipse.core.internal.resources,Resource,copy,4,1,3
eclipse.pde.ui-20120217-1437,org.eclipse.core.internal.resources,Resource,copy,28,1,3
eclipse.pde.ui-20120217-1437,org.eclipse.core.internal.resources,Resource,copy,4,1,3
eclipse.pde.ui-20120217-1437,org.eclipse.core.internal.resources,Resource,copy,34,2,3
eclipse.pde.ui-20120217-1437,org.eclipse.core.internal.resources,Resource,countResources,3,1,2
eclipse.pde.ui-20120217-1437,org.eclipse.core.internal.resources,Resource,createLink,4,1,3
eclipse.pde.ui-20120217-1437,org.eclipse.core.internal.resources,Resource,createLink,50,5,3
eclipse.pde.ui-20120217-1437,org.eclipse.core.internal.resources,Resource,createMarker,17,1,1
eclipse.pde.ui-20120217-1437,org.eclipse.core.internal.resources,Resource,createProxy,7,1,0
eclipse.pde.ui-20120217-1437,org.eclipse.core.internal.resources,Resource,delete,5,1,3
eclipse.pde.ui-20120217-1437,org.eclipse.core.internal.resources,Resource,delete,3,1,2
eclipse.pde.ui-20120217-1437,org.eclipse.core.internal.resources,Resource,delete,48,6,2
eclipse.pde.ui-20120217-1437,org.eclipse.core.internal.resources,Resource,deleteMarkers,13,1,3
eclipse.pde.ui-20120217-1437,org.eclipse.core.internal.resources,Resource,deleteResource,24,9,2
eclipse.pde.ui-20120217-1437,org.eclipse.core.internal.resources,Resource,findLinks,14,4,0
eclipse.pde.ui-20120217-1437,org.eclipse.core.internal.resources,Resource,equals,6,3,1
eclipse.pde.ui-20120217-1437,org.eclipse.core.internal.resources,Resource,exists,4,1,0
eclipse.pde.ui-20120217-1437,org.eclipse.core.internal.resources,Resource,exists,3,1,2
eclipse.pde.ui-20120217-1437,org.eclipse.core.internal.resources,Resource,findExistingResourceVariant,14,5,1
eclipse.pde.ui-20120217-1437,org.eclipse.core.internal.resources,Resource,findMarker,3,1,1
eclipse.pde.ui-20120217-1437,org.eclipse.core.internal.resources,Resource,findMarkers,5,1,3
eclipse.pde.ui-20120217-1437,org.eclipse.core.internal.resources,Resource,findMaxProblemSeverity,5,1,3
eclipse.pde.ui-20120217-1437,org.eclipse.core.internal.resources,Resource,findVariant,6,3,2
eclipse.pde.ui-20120217-1437,org.eclipse.core.internal.resources,Resource,fixupAfterMoveSource,19,3,0
eclipse.pde.ui-20120217-1437,org.eclipse.core.internal.resources,Resource,getFileExtension,7,3,0
eclipse.pde.ui-20120217-1437,org.eclipse.core.internal.resources,Resource,getFlags,3,1,1
eclipse.pde.ui-20120217-1437,org.eclipse.core.internal.resources,Resource,getFullPath,3,1,0
eclipse.pde.ui-20120217-1437,org.eclipse.core.internal.resources,Resource,getLocalManager,3,1,0
eclipse.pde.ui-20120217-1437,org.eclipse.core.internal.resources,Resource,getLocalTimeStamp,4,1,0
eclipse.pde.ui-20120217-1437,org.eclipse.core.internal.resources,Resource,getLocation,5,2,0
eclipse.pde.ui-20120217-1437,org.eclipse.core.internal.resources,Resource,getLocationURI,5,2,0
eclipse.pde.ui-20120217-1437,org.eclipse.core.internal.resources,Resource,getMarker,3,1,1
eclipse.pde.ui-20120217-1437,org.eclipse.core.internal.resources,Resource,getMarkerManager,3,1,0
eclipse.pde.ui-20120217-1437,org.eclipse.core.internal.resources,Resource,getModificationStamp,4,1,0
eclipse.pde.ui-20120217-1437,org.eclipse.core.internal.resources,Resource,getName,3,1,0
eclipse.pde.ui-20120217-1437,org.eclipse.core.internal.resources,Resource,getParent,6,3,0
eclipse.pde.ui-20120217-1437,org.eclipse.core.internal.resources,Resource,getPersistentProperty,4,1,1
eclipse.pde.ui-20120217-1437,org.eclipse.core.internal.resources,Resource,getPersistentProperties,4,1,0
eclipse.pde.ui-20120217-1437,org.eclipse.core.internal.resources,Resource,getProject,3,1,0
eclipse.pde.ui-20120217-1437,org.eclipse.core.internal.resources,Resource,getProjectRelativePath,3,1,0
eclipse.pde.ui-20120217-1437,org.eclipse.core.internal.resources,Resource,getPropertyManager,3,1,0
eclipse.pde.ui-20120217-1437,org.eclipse.core.internal.resources,Resource,getRawLocation,4,2,0
eclipse.pde.ui-20120217-1437,org.eclipse.core.internal.resources,Resource,getRawLocationURI,4,2,0
eclipse.pde.ui-20120217-1437,org.eclipse.core.internal.resources,Resource,getResourceAttributes,4,2,0
eclipse.pde.ui-20120217-1437,org.eclipse.core.internal.resources,Resource,getResourceInfo,3,1,2
eclipse.pde.ui-20120217-1437,org.eclipse.core.internal.resources,Resource,getSessionProperty,4,1,1
eclipse.pde.ui-20120217-1437,org.eclipse.core.internal.resources,Resource,getSessionProperties,4,1,0
eclipse.pde.ui-20120217-1437,org.eclipse.core.internal.resources,Resource,getStore,3,1,0
eclipse.pde.ui-20120217-1437,org.eclipse.core.internal.resources,Resource,getType,0,1,0
eclipse.pde.ui-20120217-1437,org.eclipse.core.internal.resources,Resource,getTypeString,13,5,0
eclipse.pde.ui-20120217-1437,org.eclipse.core.internal.resources,Resource,getWorkspace,3,1,0
eclipse.pde.ui-20120217-1437,org.eclipse.core.internal.resources,Resource,hashCode,3,1,0
eclipse.pde.ui-20120217-1437,org.eclipse.core.internal.resources,Resource,internalSetLocal,17,6,2
eclipse.pde.ui-20120217-1437,org.eclipse.core.internal.resources,Resource,isAccessible,3,1,0
eclipse.pde.ui-20120217-1437,org.eclipse.core.internal.resources,Resource,isConflicting,6,3,1
eclipse.pde.ui-20120217-1437,org.eclipse.core.internal.resources,Resource,isDerived,3,1,0
eclipse.pde.ui-20120217-1437,org.eclipse.core.internal.resources,Resource,isDerived,7,3,1
eclipse.pde.ui-20120217-1437,org.eclipse.core.internal.resources,Resource,isHidden,5,1,0
eclipse.pde.ui-20120217-1437,org.eclipse.core.internal.resources,Resource,isLinked,3,1,0
eclipse.pde.ui-20120217-1437,org.eclipse.core.internal.resources,Resource,isLinked,17,7,1
eclipse.pde.ui-20120217-1437,org.eclipse.core.internal.resources,Resource,isLocal,4,1,1
eclipse.pde.ui-20120217-1437,org.eclipse.core.internal.resources,Resource,isLocal,3,1,2
eclipse.pde.ui-20120217-1437,org.eclipse.core.internal.resources,Resource,isMember,8,5,2
eclipse.pde.ui-20120217-1437,org.eclipse.core.internal.resources,Resource,isPhantom,4,1,0
eclipse.pde.ui-20120217-1437,org.eclipse.core.internal.resources,Resource,isPhantom,3,1,1
eclipse.pde.ui-20120217-1437,org.eclipse.core.internal.resources,Resource,isReadOnly,4,1,0
eclipse.pde.ui-20120217-1437,org.eclipse.core.internal.resources,Resource,isSynchronized,3,1,1
eclipse.pde.ui-20120217-1437,org.eclipse.core.internal.resources,Resource,isTeamPrivateMember,5,1,0
eclipse.pde.ui-20120217-1437,org.eclipse.core.internal.resources,Resource,isUnderLink,7,3,0
eclipse.pde.ui-20120217-1437,org.eclipse.core.internal.resources,Resource,makePathAbsolute,4,2,1
eclipse.pde.ui-20120217-1437,org.eclipse.core.internal.resources,Resource,move,5,1,4
eclipse.pde.ui-20120217-1437,org.eclipse.core.internal.resources,Resource,move,3,1,3
eclipse.pde.ui-20120217-1437,org.eclipse.core.internal.resources,Resource,move,48,3,3
eclipse.pde.ui-20120217-1437,org.eclipse.core.internal.resources,Resource,move,5,1,4
eclipse.pde.ui-20120217-1437,org.eclipse.core.internal.resources,Resource,move,8,2,3
eclipse.pde.ui-20120217-1437,org.eclipse.core.internal.resources,Resource,refreshLocal,36,3,2
eclipse.pde.ui-20120217-1437,org.eclipse.core.internal.resources,Resource,requestName,3,1,0
eclipse.pde.ui-20120217-1437,org.eclipse.core.internal.resources,Resource,requestPath,3,1,0
eclipse.pde.ui-20120217-1437,org.eclipse.core.internal.resources,Resource,revertModificationStamp,5,2,1
eclipse.pde.ui-20120217-1437,org.eclipse.core.internal.resources,Resource,setDerived,13,3,1
eclipse.pde.ui-20120217-1437,org.eclipse.core.internal.resources,Resource,setHidden,11,2,1
eclipse.pde.ui-20120217-1437,org.eclipse.core.internal.resources,Resource,setLocal,19,1,3
eclipse.pde.ui-20120217-1437,org.eclipse.core.internal.resources,Resource,setLocalTimeStamp,5,2,1
eclipse.pde.ui-20120217-1437,org.eclipse.core.internal.resources,Resource,setPersistentProperty,4,1,2
eclipse.pde.ui-20120217-1437,org.eclipse.core.internal.resources,Resource,setReadOnly,10,2,1
eclipse.pde.ui-20120217-1437,org.eclipse.core.internal.resources,Resource,setResourceAttributes,4,1,1
eclipse.pde.ui-20120217-1437,org.eclipse.core.internal.resources,Resource,setSessionProperty,4,1,2
eclipse.pde.ui-20120217-1437,org.eclipse.core.internal.resources,Resource,setTeamPrivateMember,13,3,1
eclipse.pde.ui-20120217-1437,org.eclipse.core.internal.resources,Resource,synchronizing,3,1,1
eclipse.pde.ui-20120217-1437,org.eclipse.core.internal.resources,Resource,toString,3,1,0
eclipse.pde.ui-20120217-1437,org.eclipse.core.internal.resources,Resource,touch,28,1,1
eclipse.pde.ui-20120217-1437,org.eclipse.core.internal.resources,Resource,unprotectedDelete,19,10,3
eclipse.pde.ui-20120217-1437,org.eclipse.core.internal.resources,Resource,unprotectedMove,22,9,4
eclipse.pde.ui-20120217-1437,org.eclipse.core.internal.resources,Resource,broadcastPreDeleteEvent,10,4,0
eclipse.pde.ui-20120217-1437,org.eclipse.core.internal.resources,Resource,broadcastPreMoveEvent,15,7,2
eclipse.pde.ui-20120217-1437,org.eclipse.debug.core,Launch,Launch,9,1,3
eclipse.pde.ui-20120217-1437,org.eclipse.debug.core,Launch,getManager,3,1,0
eclipse.pde.ui-20120217-1437,org.eclipse.debug.core,Launch,addEventListener,3,1,0
eclipse.pde.ui-20120217-1437,org.eclipse.debug.core,Launch,removeEventListener,3,1,0
eclipse.pde.ui-20120217-1437,org.eclipse.debug.core,Launch,canTerminate,17,5,0
eclipse.pde.ui-20120217-1437,org.eclipse.debug.core,Launch,getChildren,5,1,0
eclipse.pde.ui-20120217-1437,org.eclipse.debug.core,Launch,getDebugTarget,6,2,0
eclipse.pde.ui-20120217-1437,org.eclipse.debug.core,Launch,getProcesses,3,1,0
eclipse.pde.ui-20120217-1437,org.eclipse.debug.core,Launch,getProcesses0,3,1,0
eclipse.pde.ui-20120217-1437,org.eclipse.debug.core,Launch,getSourceLocator,3,1,0
eclipse.pde.ui-20120217-1437,org.eclipse.debug.core,Launch,setSourceLocator,3,1,1
eclipse.pde.ui-20120217-1437,org.eclipse.debug.core,Launch,isTerminated,20,6,0
eclipse.pde.ui-20120217-1437,org.eclipse.debug.core,Launch,terminate,47,9,0
eclipse.pde.ui-20120217-1437,org.eclipse.debug.core,Launch,getLaunchMode,3,1,0
eclipse.pde.ui-20120217-1437,org.eclipse.debug.core,Launch,getLaunchConfiguration,3,1,0
eclipse.pde.ui-20120217-1437,org.eclipse.debug.core,Launch,setAttribute,6,2,2
eclipse.pde.ui-20120217-1437,org.eclipse.debug.core,Launch,getAttribute,6,2,1
eclipse.pde.ui-20120217-1437,org.eclipse.debug.core,Launch,getDebugTargets,3,1,0
eclipse.pde.ui-20120217-1437,org.eclipse.debug.core,Launch,getDebugTargets0,3,1,0
eclipse.pde.ui-20120217-1437,org.eclipse.debug.core,Launch,addDebugTarget,9,3,1
eclipse.pde.ui-20120217-1437,org.eclipse.debug.core,Launch,removeDebugTarget,7,3,1
eclipse.pde.ui-20120217-1437,org.eclipse.debug.core,Launch,addProcess,9,3,1
eclipse.pde.ui-20120217-1437,org.eclipse.debug.core,Launch,removeProcess,7,3,1
eclipse.pde.ui-20120217-1437,org.eclipse.debug.core,Launch,fireChanged,6,2,0
eclipse.pde.ui-20120217-1437,org.eclipse.debug.core,Launch,fireTerminate,7,2,0
eclipse.pde.ui-20120217-1437,org.eclipse.debug.core,Launch,hasChildren,3,1,0
eclipse.pde.ui-20120217-1437,org.eclipse.debug.core,Launch,canDisconnect,18,6,0
eclipse.pde.ui-20120217-1437,org.eclipse.debug.core,Launch,disconnect,18,6,0
eclipse.pde.ui-20120217-1437,org.eclipse.debug.core,Launch,isDisconnected,18,6,0
eclipse.pde.ui-20120217-1437,org.eclipse.debug.core,Launch,launchRemoved,7,2,1
eclipse.pde.ui-20120217-1437,org.eclipse.debug.core,Launch,getLaunchManager,3,1,0
eclipse.pde.ui-20120217-1437,org.eclipse.debug.core,Launch,launchAdded,2,1,1
eclipse.pde.ui-20120217-1437,org.eclipse.debug.core,Launch,launchChanged,2,1,1
eclipse.pde.ui-20120217-1437,org.eclipse.debug.core,Launch,launchConfigurationAdded,7,2,1
eclipse.pde.ui-20120217-1437,org.eclipse.debug.core,Launch,launchConfigurationChanged,2,1,1
eclipse.pde.ui-20120217-1437,org.eclipse.debug.core,Launch,launchConfigurationRemoved,8,3,1
eclipse.pde.ui-20120217-1437,org.eclipse.debug.core,Launch,handleDebugEvents,20,7,1
eclipse.pde.ui-20120217-1437,org.eclipse.debug.core,Launch,getAdapter,9,3,1
eclipse.pde.ui-20120217-1437,org.eclipse.debug.core,Launch,Launch,8,1,3
eclipse.pde.ui-20120217-1437,org.eclipse.debug.core,Launch,addEventListener,3,1,0
eclipse.pde.ui-20120217-1437,org.eclipse.debug.core,Launch,removeEventListener,3,1,0
eclipse.pde.ui-20120217-1437,org.eclipse.debug.core,Launch,canTerminate,17,5,0
eclipse.pde.ui-20120217-1437,org.eclipse.debug.core,Launch,getChildren,5,1,0
eclipse.pde.ui-20120217-1437,org.eclipse.debug.core,Launch,getDebugTarget,6,2,0
eclipse.pde.ui-20120217-1437,org.eclipse.debug.core,Launch,getProcesses,3,1,0
eclipse.pde.ui-20120217-1437,org.eclipse.debug.core,Launch,getProcesses0,3,1,0
eclipse.pde.ui-20120217-1437,org.eclipse.debug.core,Launch,getSourceLocator,3,1,0
eclipse.pde.ui-20120217-1437,org.eclipse.debug.core,Launch,setSourceLocator,3,1,1
eclipse.pde.ui-20120217-1437,org.eclipse.debug.core,Launch,isTerminated,20,6,0
eclipse.pde.ui-20120217-1437,org.eclipse.debug.core,Launch,terminate,47,9,0
eclipse.pde.ui-20120217-1437,org.eclipse.debug.core,Launch,getLaunchMode,3,1,0
eclipse.pde.ui-20120217-1437,org.eclipse.debug.core,Launch,getLaunchConfiguration,3,1,0
eclipse.pde.ui-20120217-1437,org.eclipse.debug.core,Launch,setAttribute,6,2,2
eclipse.pde.ui-20120217-1437,org.eclipse.debug.core,Launch,getAttribute,6,2,1
eclipse.pde.ui-20120217-1437,org.eclipse.debug.core,Launch,getDebugTargets,3,1,0
eclipse.pde.ui-20120217-1437,org.eclipse.debug.core,Launch,getDebugTargets0,3,1,0
eclipse.pde.ui-20120217-1437,org.eclipse.debug.core,Launch,addDebugTarget,9,3,1
eclipse.pde.ui-20120217-1437,org.eclipse.debug.core,Launch,removeDebugTarget,7,3,1
eclipse.pde.ui-20120217-1437,org.eclipse.debug.core,Launch,addProcess,9,3,1
eclipse.pde.ui-20120217-1437,org.eclipse.debug.core,Launch,removeProcess,7,3,1
eclipse.pde.ui-20120217-1437,org.eclipse.debug.core,Launch,addProcesses,8,3,1
eclipse.pde.ui-20120217-1437,org.eclipse.debug.core,Launch,fireChanged,6,2,0
eclipse.pde.ui-20120217-1437,org.eclipse.debug.core,Launch,fireTerminate,7,2,0
eclipse.pde.ui-20120217-1437,org.eclipse.debug.core,Launch,hasChildren,3,1,0
eclipse.pde.ui-20120217-1437,org.eclipse.debug.core,Launch,canDisconnect,18,6,0
eclipse.pde.ui-20120217-1437,org.eclipse.debug.core,Launch,disconnect,18,6,0
eclipse.pde.ui-20120217-1437,org.eclipse.debug.core,Launch,isDisconnected,18,6,0
eclipse.pde.ui-20120217-1437,org.eclipse.debug.core,Launch,launchRemoved,7,2,1
eclipse.pde.ui-20120217-1437,org.eclipse.debug.core,Launch,getLaunchManager,3,1,0
eclipse.pde.ui-20120217-1437,org.eclipse.debug.core,Launch,launchAdded,2,1,1
eclipse.pde.ui-20120217-1437,org.eclipse.debug.core,Launch,launchChanged,2,1,1
eclipse.pde.ui-20120217-1437,org.eclipse.debug.core,Launch,launchConfigurationAdded,7,2,1
eclipse.pde.ui-20120217-1437,org.eclipse.debug.core,Launch,launchConfigurationChanged,2,1,1
eclipse.pde.ui-20120217-1437,org.eclipse.debug.core,Launch,launchConfigurationRemoved,8,3,1
eclipse.pde.ui-20120217-1437,org.eclipse.debug.core,Launch,handleDebugEvents,20,7,1
eclipse.pde.ui-20120217-1437,org.eclipse.debug.core,Launch,getAdapter,9,3,1
eclipse.pde.ui-20120217-1437,org.eclipse.debug.core,DebugException,DebugException,3,1,1
eclipse.pde.ui-20120217-1437,org.eclipse.debug.core.model,IDebugElement,getModelIdentifier,0,1,0
eclipse.pde.ui-20120217-1437,org.eclipse.debug.core.model,IDebugElement,getDebugTarget,0,1,0
eclipse.pde.ui-20120217-1437,org.eclipse.debug.core.model,IDebugElement,getModelIdentifier,0,1,0
eclipse.pde.ui-20120217-1437,org.eclipse.debug.core.model,IDebugElement,getDebugTarget,0,1,0
eclipse.pde.ui-20120217-1437,org.eclipse.debug.core.model,IDebugElement,getLaunch,0,1,0
eclipse.pde.ui-20120217-1437,org.eclipse.debug.core.model,DebugElement,DebugElement,4,1,1
eclipse.pde.ui-20120217-1437,org.eclipse.debug.core.model,DebugElement,getDebugTarget,3,1,0
eclipse.pde.ui-20120217-1437,org.eclipse.debug.core.model,DebugElement,getLaunch,3,1,0
eclipse.pde.ui-20120217-1437,org.eclipse.debug.core.model,DebugElement,getAdapter,21,8,1
eclipse.pde.ui-20120217-1437,org.eclipse.debug.core.model,DebugElement,fireEvent,3,1,1
eclipse.pde.ui-20120217-1437,org.eclipse.debug.core.model,DebugElement,fireChangeEvent,3,1,1
eclipse.pde.ui-20120217-1437,org.eclipse.debug.core.model,DebugElement,fireCreationEvent,3,1,0
eclipse.pde.ui-20120217-1437,org.eclipse.debug.core.model,DebugElement,fireResumeEvent,3,1,1
eclipse.pde.ui-20120217-1437,org.eclipse.debug.core.model,DebugElement,fireSuspendEvent,3,1,1
eclipse.pde.ui-20120217-1437,org.eclipse.debug.core.model,DebugElement,fireTerminateEvent,3,1,0
eclipse.pde.ui-20120217-1437,org.eclipse.debug.core.model,DebugElement,requestFailed,3,1,2
eclipse.pde.ui-20120217-1437,org.eclipse.debug.core.model,DebugElement,notSupported,3,1,2
eclipse.pde.ui-20120217-1437,org.eclipse.debug.core.model,DebugElement,DebugElement,3,1,1
eclipse.pde.ui-20120217-1437,org.eclipse.debug.core.model,DebugElement,getDebugTarget,3,1,0
eclipse.pde.ui-20120217-1437,org.eclipse.debug.core.model,DebugElement,getLaunch,3,1,0
eclipse.pde.ui-20120217-1437,org.eclipse.debug.core.model,DebugElement,getAdapter,21,8,1
eclipse.pde.ui-20120217-1437,org.eclipse.debug.core.model,DebugElement,fireEvent,3,1,1
eclipse.pde.ui-20120217-1437,org.eclipse.debug.core.model,DebugElement,fireChangeEvent,3,1,1
eclipse.pde.ui-20120217-1437,org.eclipse.debug.core.model,DebugElement,fireCreationEvent,3,1,0
eclipse.pde.ui-20120217-1437,org.eclipse.debug.core.model,DebugElement,fireResumeEvent,3,1,1
eclipse.pde.ui-20120217-1437,org.eclipse.debug.core.model,DebugElement,fireSuspendEvent,3,1,1
eclipse.pde.ui-20120217-1437,org.eclipse.debug.core.model,DebugElement,fireTerminateEvent,3,1,0
eclipse.pde.ui-20120217-1437,org.eclipse.debug.core.model,DebugElement,requestFailed,3,1,2
eclipse.pde.ui-20120217-1437,org.eclipse.debug.core.model,DebugElement,notSupported,3,1,2
eclipse.pde.ui-20120217-1437,org.eclipse.debug.core.model,Breakpoint,setMarker,3,1,1
eclipse.pde.ui-20120217-1437,org.eclipse.debug.core.model,Breakpoint,equals,6,2,1
eclipse.pde.ui-20120217-1437,org.eclipse.debug.core.model,Breakpoint,hashCode,3,1,0
eclipse.pde.ui-20120217-1437,org.eclipse.debug.core.model,Breakpoint,setEnabled,5,2,1
eclipse.pde.ui-20120217-1437,org.eclipse.debug.core.model,Breakpoint,isEnabled,3,1,0
eclipse.pde.ui-20120217-1437,org.eclipse.debug.core.model,Breakpoint,isRegistered,4,1,0
eclipse.pde.ui-20120217-1437,org.eclipse.debug.core.model,Breakpoint,getOptions,3,1,0
eclipse.pde.ui-20120217-1437,org.eclipse.debug.core.model,Breakpoint,setRegistered,12,3,1
eclipse.pde.ui-20120217-1437,org.eclipse.debug.core.model,Breakpoint,delete,4,1,0
eclipse.pde.ui-20120217-1437,org.eclipse.debug.core.model,Breakpoint,getMarker,3,1,0
eclipse.pde.ui-20120217-1437,org.eclipse.debug.core.model,Breakpoint,isPersisted,3,1,0
eclipse.pde.ui-20120217-1437,org.eclipse.debug.core.model,Breakpoint,setPersisted,5,2,1
eclipse.pde.ui-20120217-1437,org.eclipse.debug.core.model,Breakpoint,setAttribute,10,1,2
eclipse.pde.ui-20120217-1437,org.eclipse.debug.core.model,Breakpoint,run,3,1,1
eclipse.pde.ui-20120217-1437,org.eclipse.debug.core.model,Breakpoint,setAttribute,10,1,2
eclipse.pde.ui-20120217-1437,org.eclipse.debug.core.model,Breakpoint,run,3,1,1
eclipse.pde.ui-20120217-1437,org.eclipse.debug.core.model,Breakpoint,setAttribute,10,1,2
eclipse.pde.ui-20120217-1437,org.eclipse.debug.core.model,Breakpoint,run,3,1,1
eclipse.pde.ui-20120217-1437,org.eclipse.debug.core.model,Breakpoint,setAttributes,10,1,2
eclipse.pde.ui-20120217-1437,org.eclipse.debug.core.model,Breakpoint,run,3,1,1
eclipse.pde.ui-20120217-1437,org.eclipse.debug.core.model,Breakpoint,setAttributes,10,1,1
eclipse.pde.ui-20120217-1437,org.eclipse.debug.core.model,Breakpoint,run,3,1,1
eclipse.pde.ui-20120217-1437,org.eclipse.debug.core.model,Breakpoint,ensureMarker,7,2,0
eclipse.pde.ui-20120217-1437,org.eclipse.debug.core.model,Breakpoint,markerExists,4,1,0
eclipse.pde.ui-20120217-1437,org.eclipse.debug.core.model,Breakpoint,getMarkerRule,8,2,1
eclipse.pde.ui-20120217-1437,org.eclipse.debug.core.model,Breakpoint,getMarkerRule,12,3,0
eclipse.pde.ui-20120217-1437,org.eclipse.debug.core.model,Breakpoint,run,8,1,2
eclipse.pde.ui-20120217-1437,org.eclipse.debug.core.model,Breakpoint,setMarker,3,1,1
eclipse.pde.ui-20120217-1437,org.eclipse.debug.core.model,Breakpoint,equals,6,2,1
eclipse.pde.ui-20120217-1437,org.eclipse.debug.core.model,Breakpoint,hashCode,3,1,0
eclipse.pde.ui-20120217-1437,org.eclipse.debug.core.model,Breakpoint,setEnabled,5,2,1
eclipse.pde.ui-20120217-1437,org.eclipse.debug.core.model,Breakpoint,isEnabled,3,1,0
eclipse.pde.ui-20120217-1437,org.eclipse.debug.core.model,Breakpoint,isRegistered,4,1,0
eclipse.pde.ui-20120217-1437,org.eclipse.debug.core.model,Breakpoint,setRegistered,12,3,1
eclipse.pde.ui-20120217-1437,org.eclipse.debug.core.model,Breakpoint,delete,4,1,0
eclipse.pde.ui-20120217-1437,org.eclipse.debug.core.model,Breakpoint,getMarker,3,1,0
eclipse.pde.ui-20120217-1437,org.eclipse.debug.core.model,Breakpoint,isPersisted,3,1,0
eclipse.pde.ui-20120217-1437,org.eclipse.debug.core.model,Breakpoint,setPersisted,5,2,1
eclipse.pde.ui-20120217-1437,org.eclipse.debug.core.model,Breakpoint,setAttribute,10,1,2
eclipse.pde.ui-20120217-1437,org.eclipse.debug.core.model,Breakpoint,run,3,1,1
eclipse.pde.ui-20120217-1437,org.eclipse.debug.core.model,Breakpoint,setAttribute,10,1,2
eclipse.pde.ui-20120217-1437,org.eclipse.debug.core.model,Breakpoint,run,3,1,1
eclipse.pde.ui-20120217-1437,org.eclipse.debug.core.model,Breakpoint,setAttribute,10,1,2
eclipse.pde.ui-20120217-1437,org.eclipse.debug.core.model,Breakpoint,run,3,1,1
eclipse.pde.ui-20120217-1437,org.eclipse.debug.core.model,Breakpoint,setAttributes,10,1,2
eclipse.pde.ui-20120217-1437,org.eclipse.debug.core.model,Breakpoint,run,3,1,1
eclipse.pde.ui-20120217-1437,org.eclipse.debug.core.model,Breakpoint,setAttributes,10,1,1
eclipse.pde.ui-20120217-1437,org.eclipse.debug.core.model,Breakpoint,run,3,1,1
eclipse.pde.ui-20120217-1437,org.eclipse.debug.core.model,Breakpoint,ensureMarker,7,2,0
eclipse.pde.ui-20120217-1437,org.eclipse.debug.core.model,Breakpoint,markerExists,4,1,0
eclipse.pde.ui-20120217-1437,org.eclipse.debug.core.model,Breakpoint,getMarkerRule,8,2,1
eclipse.pde.ui-20120217-1437,org.eclipse.debug.core.model,Breakpoint,getMarkerRule,12,3,0
eclipse.pde.ui-20120217-1437,org.eclipse.debug.core.model,Breakpoint,run,8,1,2
eclipse.pde.ui-20120217-1437,org.eclipse.debug.core.model,RuntimeProcess,RuntimeProcess,20,1,4
eclipse.pde.ui-20120217-1437,org.eclipse.debug.core.model,RuntimeProcess,initializeAttributes,9,3,1
eclipse.pde.ui-20120217-1437,org.eclipse.debug.core.model,RuntimeProcess,canTerminate,3,1,0
eclipse.pde.ui-20120217-1437,org.eclipse.debug.core.model,RuntimeProcess,getLabel,3,1,0
eclipse.pde.ui-20120217-1437,org.eclipse.debug.core.model,RuntimeProcess,setLaunch,3,1,1
eclipse.pde.ui-20120217-1437,org.eclipse.debug.core.model,RuntimeProcess,getLaunch,3,1,0
eclipse.pde.ui-20120217-1437,org.eclipse.debug.core.model,RuntimeProcess,getSystemProcess,3,1,0
eclipse.pde.ui-20120217-1437,org.eclipse.debug.core.model,RuntimeProcess,isTerminated,3,1,0
eclipse.pde.ui-20120217-1437,org.eclipse.debug.core.model,RuntimeProcess,terminate,35,7,0
eclipse.pde.ui-20120217-1437,org.eclipse.debug.core.model,RuntimeProcess,terminated,13,2,0
eclipse.pde.ui-20120217-1437,org.eclipse.debug.core.model,RuntimeProcess,getStreamsProxy,6,2,0
eclipse.pde.ui-20120217-1437,org.eclipse.debug.core.model,RuntimeProcess,createStreamsProxy,7,2,0
eclipse.pde.ui-20120217-1437,org.eclipse.debug.core.model,RuntimeProcess,fireCreationEvent,3,1,0
eclipse.pde.ui-20120217-1437,org.eclipse.debug.core.model,RuntimeProcess,fireEvent,6,2,1
eclipse.pde.ui-20120217-1437,org.eclipse.debug.core.model,RuntimeProcess,fireTerminateEvent,3,1,0
eclipse.pde.ui-20120217-1437,org.eclipse.debug.core.model,RuntimeProcess,fireChangeEvent,3,1,0
eclipse.pde.ui-20120217-1437,org.eclipse.debug.core.model,RuntimeProcess,setAttribute,11,3,2
eclipse.pde.ui-20120217-1437,org.eclipse.debug.core.model,RuntimeProcess,getAttribute,6,2,1
eclipse.pde.ui-20120217-1437,org.eclipse.debug.core.model,RuntimeProcess,getAdapter,22,7,1
eclipse.pde.ui-20120217-1437,org.eclipse.debug.core.model,RuntimeProcess,getExitValue,6,2,0
eclipse.pde.ui-20120217-1437,org.eclipse.debug.core.model,RuntimeProcess,run,21,3,0
eclipse.pde.ui-20120217-1437,org.eclipse.debug.core.model,RuntimeProcess,ProcessMonitorThread,6,1,1
eclipse.pde.ui-20120217-1437,org.eclipse.debug.core.model,RuntimeProcess,killThread,10,2,0
eclipse.pde.ui-20120217-1437,org.eclipse.debug.core.model,ProcessMonitorThread,run,21,3,0
eclipse.pde.ui-20120217-1437,org.eclipse.debug.core.model,ProcessMonitorThread,ProcessMonitorThread,6,1,1
eclipse.pde.ui-20120217-1437,org.eclipse.debug.core.model,ProcessMonitorThread,killThread,10,2,0
eclipse.pde.ui-20120217-1437,org.eclipse.debug.core.model,RuntimeProcess,RuntimeProcess,20,1,4
eclipse.pde.ui-20120217-1437,org.eclipse.debug.core.model,RuntimeProcess,initializeAttributes,9,3,1
eclipse.pde.ui-20120217-1437,org.eclipse.debug.core.model,RuntimeProcess,canTerminate,3,1,0
eclipse.pde.ui-20120217-1437,org.eclipse.debug.core.model,RuntimeProcess,getLabel,3,1,0
eclipse.pde.ui-20120217-1437,org.eclipse.debug.core.model,RuntimeProcess,setLaunch,3,1,1
eclipse.pde.ui-20120217-1437,org.eclipse.debug.core.model,RuntimeProcess,getLaunch,3,1,0
eclipse.pde.ui-20120217-1437,org.eclipse.debug.core.model,RuntimeProcess,getSystemProcess,3,1,0
eclipse.pde.ui-20120217-1437,org.eclipse.debug.core.model,RuntimeProcess,isTerminated,3,1,0
eclipse.pde.ui-20120217-1437,org.eclipse.debug.core.model,RuntimeProcess,terminate,35,7,0
eclipse.pde.ui-20120217-1437,org.eclipse.debug.core.model,RuntimeProcess,terminated,13,2,0
eclipse.pde.ui-20120217-1437,org.eclipse.debug.core.model,RuntimeProcess,getStreamsProxy,6,2,0
eclipse.pde.ui-20120217-1437,org.eclipse.debug.core.model,RuntimeProcess,createStreamsProxy,7,2,0
eclipse.pde.ui-20120217-1437,org.eclipse.debug.core.model,RuntimeProcess,fireCreationEvent,3,1,0
eclipse.pde.ui-20120217-1437,org.eclipse.debug.core.model,RuntimeProcess,fireEvent,6,2,1
eclipse.pde.ui-20120217-1437,org.eclipse.debug.core.model,RuntimeProcess,fireTerminateEvent,3,1,0
eclipse.pde.ui-20120217-1437,org.eclipse.debug.core.model,RuntimeProcess,fireChangeEvent,3,1,0
eclipse.pde.ui-20120217-1437,org.eclipse.debug.core.model,RuntimeProcess,setAttribute,11,3,2
eclipse.pde.ui-20120217-1437,org.eclipse.debug.core.model,RuntimeProcess,getAttribute,6,2,1
eclipse.pde.ui-20120217-1437,org.eclipse.debug.core.model,RuntimeProcess,getAdapter,22,7,1
eclipse.pde.ui-20120217-1437,org.eclipse.debug.core.model,RuntimeProcess,getExitValue,6,2,0
eclipse.pde.ui-20120217-1437,org.eclipse.debug.core.model,RuntimeProcess,run,21,3,0
eclipse.pde.ui-20120217-1437,org.eclipse.debug.core.model,RuntimeProcess,ProcessMonitorThread,6,1,1
eclipse.pde.ui-20120217-1437,org.eclipse.debug.core.model,RuntimeProcess,killThread,10,2,0
eclipse.pde.ui-20120217-1437,org.eclipse.debug.core.model,ProcessMonitorThread,run,21,3,0
eclipse.pde.ui-20120217-1437,org.eclipse.debug.core.model,ProcessMonitorThread,ProcessMonitorThread,6,1,1
eclipse.pde.ui-20120217-1437,org.eclipse.debug.core.model,ProcessMonitorThread,killThread,10,2,0
eclipse.pde.ui-20120217-1437,(default package),test12,m1,3,1,0
eclipse.pde.ui-20120217-1437,(default package),test16,test16,2,1,0
eclipse.pde.ui-20120217-1437,(default package),test16,test16,2,1,1
eclipse.pde.ui-20120217-1437,(default package),test18,test18,2,1,0
eclipse.pde.ui-20120217-1437,(default package),test18,test18,2,1,1
eclipse.pde.ui-20120217-1437,(default package),test2,m1,3,1,0
eclipse.pde.ui-20120217-1437,(default package),test2,m2,3,1,0
eclipse.pde.ui-20120217-1437,(default package),test2,m3,2,1,0
eclipse.pde.ui-20120217-1437,(default package),test2,m4,3,1,0
eclipse.pde.ui-20120217-1437,(default package),test20,test20,2,1,0
eclipse.pde.ui-20120217-1437,(default package),test20,test20,2,1,1
eclipse.pde.ui-20120217-1437,(default package),test22,test22,2,1,0
eclipse.pde.ui-20120217-1437,(default package),test22,test22,2,1,1
eclipse.pde.ui-20120217-1437,(default package),test24,test24,2,1,0
eclipse.pde.ui-20120217-1437,(default package),test24,test24,2,1,1
eclipse.pde.ui-20120217-1437,(default package),test4,m1,3,1,0
eclipse.pde.ui-20120217-1437,(default package),test4,m2,3,1,0
eclipse.pde.ui-20120217-1437,(default package),test4,m3,2,1,0
eclipse.pde.ui-20120217-1437,(default package),test4,m4,3,1,0
eclipse.pde.ui-20120217-1437,(default package),test6,m1,3,1,0
eclipse.pde.ui-20120217-1437,(default package),test6,m2,3,1,0
eclipse.pde.ui-20120217-1437,(default package),test6,m3,2,1,0
eclipse.pde.ui-20120217-1437,(default package),test6,m4,3,1,0
eclipse.pde.ui-20120217-1437,(default package),test2,m1,0,1,0
eclipse.pde.ui-20120217-1437,(default package),test2,m2,0,1,0
eclipse.pde.ui-20120217-1437,(default package),test4,m1,0,1,0
eclipse.pde.ui-20120217-1437,(default package),test4,m2,0,1,0
eclipse.pde.ui-20120217-1437,(default package),test6,m1,0,1,0
eclipse.pde.ui-20120217-1437,(default package),test6,m2,0,1,0
eclipse.pde.ui-20120217-1437,(default package),test8,m1,0,1,0
eclipse.pde.ui-20120217-1437,(default package),test8,m2,0,1,0
eclipse.pde.ui-20120217-1437,(default package),test5,m1,0,1,0
eclipse.pde.ui-20120217-1437,(default package),test5,m2,0,1,0
eclipse.pde.ui-20120217-1437,(default package),nobytecodes,method,2,1,0
eclipse.pde.ui-20120217-1437,(default package),X,foo,2,1,0
eclipse.pde.ui-20120217-1437,(default package),X,bar,3,1,0
eclipse.pde.ui-20120217-1437,(default package),X,foo,2,1,0
eclipse.pde.ui-20120217-1437,(default package),X,foo,2,1,0
eclipse.pde.ui-20120217-1437,(default package),X,bar,3,1,0
eclipse.pde.ui-20120217-1437,(default package),X,X,2,1,1
eclipse.pde.ui-20120217-1437,(default package),X,foo,2,1,1
eclipse.pde.ui-20120217-1437,(default package),X,foo,2,1,1
eclipse.pde.ui-20120217-1437,(default package),X,X,2,1,1
eclipse.pde.ui-20120217-1437,(default package),X,foo,2,1,1
eclipse.pde.ui-20120217-1437,(default package),X,foo,2,1,1
eclipse.pde.ui-20120217-1437,(default package),X,foo,2,1,1
eclipse.pde.ui-20120217-1437,(default package),X,X,2,1,1
eclipse.pde.ui-20120217-1437,(default package),X,foo,2,1,1
eclipse.pde.ui-20120217-1437,(default package),X,foo,2,1,1
eclipse.pde.ui-20120217-1437,(default package),X,X,2,1,1
eclipse.pde.ui-20120217-1437,(default package),X,foo,2,1,1
eclipse.pde.ui-20120217-1437,(default package),X,foo,2,1,1
eclipse.pde.ui-20120217-1437,(default package),X,foo,2,1,1
eclipse.pde.ui-20120217-1437,(default package),X,X,2,1,1
eclipse.pde.ui-20120217-1437,(default package),X,X,2,1,1
eclipse.pde.ui-20120217-1437,(default package),X,X,2,1,1
eclipse.pde.ui-20120217-1437,(default package),X,X,2,1,1
eclipse.pde.ui-20120217-1437,(default package),X,X,2,1,1
eclipse.pde.ui-20120217-1437,(default package),X,X,2,1,1
eclipse.pde.ui-20120217-1437,(default package),X,X,2,1,1
eclipse.pde.ui-20120217-1437,(default package),X,foo,2,1,1
eclipse.pde.ui-20120217-1437,(default package),X,foo,2,1,1
eclipse.pde.ui-20120217-1437,(default package),X,X,2,1,1
eclipse.pde.ui-20120217-1437,(default package),X,foo,2,1,1
eclipse.pde.ui-20120217-1437,(default package),X,foo,2,1,1
eclipse.pde.ui-20120217-1437,(default package),X,foo,2,1,1
eclipse.pde.ui-20120217-1437,(default package),X,X,2,1,1
eclipse.pde.ui-20120217-1437,(default package),X,X,2,1,1
eclipse.pde.ui-20120217-1437,(default package),X,X,2,1,1
eclipse.pde.ui-20120217-1437,(default package),X,X,2,1,1
eclipse.pde.ui-20120217-1437,(default package),X,X,2,1,1
eclipse.pde.ui-20120217-1437,(default package),X,X,2,1,1
eclipse.pde.ui-20120217-1437,(default package),X,X,2,1,1
eclipse.pde.ui-20120217-1437,(default package),X,X,2,1,1
eclipse.pde.ui-20120217-1437,(default package),X,X,2,1,1
eclipse.pde.ui-20120217-1437,(default package),X,foo,2,1,0
eclipse.pde.ui-20120217-1437,(default package),X,foo,2,1,0
eclipse.pde.ui-20120217-1437,(default package),A,foo,2,1,0
eclipse.pde.ui-20120217-1437,(default package),X,equals,3,1,1
eclipse.pde.ui-20120217-1437,(default package),X,hashCode,3,1,0
eclipse.pde.ui-20120217-1437,(default package),X,Y,2,1,0
eclipse.pde.ui-20120217-1437,(default package),Y,Y,2,1,0
eclipse.pde.ui-20120217-1437,(default package),X,Y,2,1,0
eclipse.pde.ui-20120217-1437,(default package),Y,Y,2,1,0
eclipse.pde.ui-20120217-1437,(default package),X,foo,2,1,0
eclipse.pde.ui-20120217-1437,(default package),X,foo,2,1,0
eclipse.pde.ui-20120217-1437,(default package),X,foo,2,1,0
eclipse.pde.ui-20120217-1437,(default package),X,foo,2,1,0
eclipse.pde.ui-20120217-1437,(default package),X,foo,2,1,0
eclipse.pde.ui-20120217-1437,(default package),X,foo,2,1,0
eclipse.pde.ui-20120217-1437,(default package),X,X,2,1,0
eclipse.pde.ui-20120217-1437,(default package),X,X,2,1,0
eclipse.pde.ui-20120217-1437,(default package),X,X,2,1,1
eclipse.pde.ui-20120217-1437,(default package),X,foo,2,1,0
eclipse.pde.ui-20120217-1437,(default package),X,X,2,1,0
eclipse.pde.ui-20120217-1437,(default package),X,X,2,1,1
eclipse.pde.ui-20120217-1437,(default package),X,X,2,1,0
eclipse.pde.ui-20120217-1437,(default package),X,X,2,1,0
eclipse.pde.ui-20120217-1437,(default package),X,X,2,1,0
eclipse.pde.ui-20120217-1437,(default package),X,X,2,1,1
eclipse.pde.ui-20120217-1437,(default package),X,X,2,1,0
eclipse.pde.ui-20120217-1437,(default package),X,X,2,1,1
eclipse.pde.ui-20120217-1437,(default package),X,X,2,1,0
eclipse.pde.ui-20120217-1437,(default package),X,X,2,1,0
eclipse.pde.ui-20120217-1437,(default package),X,Y,2,1,0
eclipse.pde.ui-20120217-1437,(default package),Y,Y,2,1,0
eclipse.pde.ui-20120217-1437,(default package),X,Y,2,1,0
eclipse.pde.ui-20120217-1437,(default package),Y,Y,2,1,0
eclipse.pde.ui-20120217-1437,(default package),X,Y,2,1,0
eclipse.pde.ui-20120217-1437,(default package),Y,Y,2,1,0
eclipse.pde.ui-20120217-1437,(default package),X,Y,2,1,0
eclipse.pde.ui-20120217-1437,(default package),Y,Y,2,1,0
eclipse.pde.ui-20120217-1437,(default package),X,Y,2,1,0
eclipse.pde.ui-20120217-1437,(default package),Y,Y,2,1,0
eclipse.pde.ui-20120217-1437,(default package),X,Y,2,1,0
eclipse.pde.ui-20120217-1437,(default package),Y,Y,2,1,0
eclipse.pde.ui-20120217-1437,(default package),X,Y,2,1,0
eclipse.pde.ui-20120217-1437,(default package),Y,Y,2,1,0
eclipse.pde.ui-20120217-1437,(default package),X,Y,2,1,0
eclipse.pde.ui-20120217-1437,(default package),Y,Y,2,1,0
eclipse.pde.ui-20120217-1437,(default package),X,Y,2,1,0
eclipse.pde.ui-20120217-1437,(default package),Y,Y,2,1,0
eclipse.pde.ui-20120217-1437,(default package),X,Y,2,1,0
eclipse.pde.ui-20120217-1437,(default package),Y,Y,2,1,0
eclipse.pde.ui-20120217-1437,(default package),X,Y,2,1,0
eclipse.pde.ui-20120217-1437,(default package),Y,Y,2,1,0
eclipse.pde.ui-20120217-1437,(default package),X,Y,2,1,0
eclipse.pde.ui-20120217-1437,(default package),Y,Y,2,1,0
eclipse.pde.ui-20120217-1437,(default package),X,X,2,1,1
eclipse.pde.ui-20120217-1437,(default package),X,Y,2,1,0
eclipse.pde.ui-20120217-1437,(default package),Y,Y,2,1,0
eclipse.pde.ui-20120217-1437,(default package),X,Y,2,1,0
eclipse.pde.ui-20120217-1437,(default package),Y,Y,2,1,0
eclipse.pde.ui-20120217-1437,(default package),X,Y,2,1,0
eclipse.pde.ui-20120217-1437,(default package),Y,Y,2,1,0
eclipse.pde.ui-20120217-1437,(default package),X,Y,2,1,0
eclipse.pde.ui-20120217-1437,(default package),Y,Y,2,1,0
eclipse.pde.ui-20120217-1437,(default package),X,Y,2,1,0
eclipse.pde.ui-20120217-1437,(default package),Y,Y,2,1,0
eclipse.pde.ui-20120217-1437,(default package),X,Y,2,1,0
eclipse.pde.ui-20120217-1437,(default package),Y,Y,2,1,0
eclipse.pde.ui-20120217-1437,(default package),X,Y,2,1,0
eclipse.pde.ui-20120217-1437,(default package),Y,Y,2,1,0
eclipse.pde.ui-20120217-1437,(default package),X,Y,2,1,0
eclipse.pde.ui-20120217-1437,(default package),Y,Y,2,1,0
eclipse.pde.ui-20120217-1437,(default package),X,Y,2,1,0
eclipse.pde.ui-20120217-1437,(default package),Y,Y,2,1,0
eclipse.pde.ui-20120217-1437,(default package),X,Y,2,1,0
eclipse.pde.ui-20120217-1437,(default package),Y,Y,2,1,0
eclipse.pde.ui-20120217-1437,(default package),X,X,2,1,0
eclipse.pde.ui-20120217-1437,(default package),Y,foo,2,1,0
eclipse.pde.ui-20120217-1437,(default package),X,foo,2,1,0
eclipse.pde.ui-20120217-1437,(default package),X,foo,3,1,0
eclipse.pde.ui-20120217-1437,(default package),X,foo,5,1,0
eclipse.pde.ui-20120217-1437,(default package),X,foo,3,1,0
eclipse.pde.ui-20120217-1437,(default package),X,foo,5,1,0
eclipse.pde.ui-20120217-1437,(default package),X,X,2,1,1
eclipse.pde.ui-20120217-1437,(default package),X,foo,3,1,0
eclipse.pde.ui-20120217-1437,(default package),X,foo,12,1,0
eclipse.pde.ui-20120217-1437,(default package),X,C,3,1,1
eclipse.pde.ui-20120217-1437,(default package),X,getValue,3,1,0
eclipse.pde.ui-20120217-1437,(default package),C,C,3,1,1
eclipse.pde.ui-20120217-1437,(default package),C,getValue,3,1,0
eclipse.pde.ui-20120217-1437,(default package),X,foo,12,1,0
eclipse.pde.ui-20120217-1437,(default package),X,C,3,1,1
eclipse.pde.ui-20120217-1437,(default package),X,getValue,3,1,0
eclipse.pde.ui-20120217-1437,(default package),C,C,3,1,1
eclipse.pde.ui-20120217-1437,(default package),C,getValue,3,1,0
eclipse.pde.ui-20120217-1437,(default package),X,foo,3,1,0
eclipse.pde.ui-20120217-1437,(default package),Y,foo,2,1,0
eclipse.pde.ui-20120217-1437,(default package),X,foo,2,1,0
eclipse.pde.ui-20120217-1437,(default package),Y,foo,2,1,0
eclipse.pde.ui-20120217-1437,(default package),X,foo,2,1,0
eclipse.pde.ui-20120217-1437,(default package),X,X,2,1,1
eclipse.pde.ui-20120217-1437,(default package),X,foo,2,1,1
eclipse.pde.ui-20120217-1437,(default package),X,foo,2,1,1
eclipse.pde.ui-20120217-1437,(default package),X,foo,2,1,1
eclipse.pde.ui-20120217-1437,(default package),X,X,2,1,1
eclipse.pde.ui-20120217-1437,(default package),X,foo,2,1,1
eclipse.pde.ui-20120217-1437,(default package),X,foo,2,1,1
eclipse.pde.ui-20120217-1437,(default package),X,foo,2,1,1
eclipse.pde.ui-20120217-1437,(default package),X,X,2,1,1
eclipse.pde.ui-20120217-1437,(default package),X,foo,2,1,1
eclipse.pde.ui-20120217-1437,(default package),X,foo,2,1,1
eclipse.pde.ui-20120217-1437,(default package),X,X,2,1,1
eclipse.pde.ui-20120217-1437,(default package),X,foo,2,1,1
eclipse.pde.ui-20120217-1437,(default package),X,foo,2,1,1
eclipse.pde.ui-20120217-1437,(default package),X,foo,2,1,1
eclipse.pde.ui-20120217-1437,(default package),X,X,2,1,1
eclipse.pde.ui-20120217-1437,(default package),X,foo,2,1,1
eclipse.pde.ui-20120217-1437,(default package),X,foo,2,1,1
eclipse.pde.ui-20120217-1437,(default package),X,foo,2,1,1
eclipse.pde.ui-20120217-1437,(default package),X,X,2,1,1
eclipse.pde.ui-20120217-1437,(default package),X,foo,2,1,1
eclipse.pde.ui-20120217-1437,(default package),X,foo,2,1,1
eclipse.pde.ui-20120217-1437,(default package),Z,foo,2,1,0
eclipse.pde.ui-20120217-1437,(default package),X,foo,2,1,0
eclipse.pde.ui-20120217-1437,(default package),X,foo,3,1,0
eclipse.pde.ui-20120217-1437,(default package),X,foo,3,1,0
eclipse.pde.ui-20120217-1437,(default package),X,foo,3,1,1
eclipse.pde.ui-20120217-1437,(default package),I,foo,0,1,0
eclipse.pde.ui-20120217-1437,(default package),J,foo,0,1,0
eclipse.pde.ui-20120217-1437,(default package),I,foo,0,1,0
eclipse.pde.ui-20120217-1437,(default package),J,foo,0,1,0
eclipse.pde.ui-20120217-1437,(default package),I,foo,0,1,0
eclipse.pde.ui-20120217-1437,(default package),I,foo,0,1,2
eclipse.pde.ui-20120217-1437,(default package),I,foo,0,1,1
eclipse.pde.ui-20120217-1437,(default package),I,foo2,0,1,0
eclipse.pde.ui-20120217-1437,(default package),I,foo,0,1,0
eclipse.pde.ui-20120217-1437,(default package),I,bar,0,1,0
eclipse.pde.ui-20120217-1437,(default package),I,foo,0,1,0
eclipse.pde.ui-20120217-1437,(default package),I,bar,0,1,0
eclipse.pde.ui-20120217-1437,(default package),I,foo2,0,1,0
eclipse.pde.ui-20120217-1437,(default package),J,foo,0,1,0
eclipse.pde.ui-20120217-1437,(default package),I,foo,0,1,0
eclipse.pde.ui-20120217-1437,(default package),J,foo,0,1,0
eclipse.pde.ui-20120217-1437,(default package),I,foo,0,1,0
eclipse.pde.ui-20120217-1437,(default package),X,foo,3,1,0
eclipse.pde.ui-20120217-1437,(default package),X,foo,3,1,0
eclipse.pde.ui-20120217-1437,(default package),X,foo,2,1,1
eclipse.pde.ui-20120217-1437,(default package),X,foo,2,1,1
eclipse.pde.ui-20120217-1437,(default package),X,toString,3,1,0
eclipse.pde.ui-20120217-1437,(default package),X,m1,2,1,0
eclipse.pde.ui-20120217-1437,(default package),X,m1,2,1,0
eclipse.pde.ui-20120217-1437,(default package),X,foo,2,1,1
eclipse.pde.ui-20120217-1437,(default package),X,foo,2,1,1
eclipse.pde.ui-20120217-1437,(default package),X,list,3,1,0
eclipse.pde.ui-20120217-1437,(default package),X,list,3,1,0
eclipse.pde.ui-20120217-1437,(default package),X,X,2,1,1
eclipse.pde.ui-20120217-1437,(default package),X,X,2,1,1
eclipse.pde.ui-20120217-1437,(default package),X,X,2,1,1
eclipse.pde.ui-20120217-1437,(default package),X,X,2,1,1
eclipse.pde.ui-20120217-1437,(default package),X,X,2,1,1
eclipse.pde.ui-20120217-1437,(default package),X,X,2,1,1
eclipse.pde.ui-20120217-1437,(default package),X,X,2,1,1
eclipse.pde.ui-20120217-1437,(default package),X,X,2,1,1
eclipse.pde.ui-20120217-1437,(default package),X,X,2,1,1
eclipse.pde.ui-20120217-1437,(default package),X,X,2,1,1
eclipse.pde.ui-20120217-1437,(default package),X,X,2,1,1
eclipse.pde.ui-20120217-1437,(default package),X,X,2,1,1
eclipse.pde.ui-20120217-1437,(default package),X,X,2,1,1
eclipse.pde.ui-20120217-1437,(default package),X,X,2,1,1
eclipse.pde.ui-20120217-1437,(default package),X,foo,2,1,1
eclipse.pde.ui-20120217-1437,(default package),X,foo,2,1,1
eclipse.pde.ui-20120217-1437,(default package),X,X,2,1,1
eclipse.pde.ui-20120217-1437,(default package),X,X,2,1,1
eclipse.pde.ui-20120217-1437,(default package),X,foo,2,1,0
eclipse.pde.ui-20120217-1437,(default package),X,foo,2,1,0
eclipse.pde.ui-20120217-1437,(default package),X,foo,2,1,0
eclipse.pde.ui-20120217-1437,(default package),X,foo,2,1,0
eclipse.pde.ui-20120217-1437,(default package),X,foo,2,1,0
eclipse.pde.ui-20120217-1437,(default package),X,foo,2,1,0
eclipse.pde.ui-20120217-1437,(default package),X,foo,2,1,1
eclipse.pde.ui-20120217-1437,(default package),X,foo,2,1,1
eclipse.pde.ui-20120217-1437,(default package),X,foo,2,1,1
eclipse.pde.ui-20120217-1437,(default package),X,foo,2,1,1
eclipse.pde.ui-20120217-1437,(default package),X,foo,2,1,1
eclipse.pde.ui-20120217-1437,(default package),X,foo,2,1,1
eclipse.pde.ui-20120217-1437,(default package),X,foo,2,1,1
eclipse.pde.ui-20120217-1437,(default package),X,foo,2,1,1
eclipse.pde.ui-20120217-1437,(default package),X,foo,2,1,1
eclipse.pde.ui-20120217-1437,(default package),X,foo,2,1,1
eclipse.pde.ui-20120217-1437,(default package),X,foo,2,1,1
eclipse.pde.ui-20120217-1437,(default package),X,foo,2,1,1
eclipse.pde.ui-20120217-1437,(default package),X,foo,2,1,1
eclipse.pde.ui-20120217-1437,(default package),X,foo,2,1,1
eclipse.pde.ui-20120217-1437,(default package),X,foo,3,1,1
eclipse.pde.ui-20120217-1437,(default package),X,foo,3,1,1
eclipse.pde.ui-20120217-1437,(default package),X,foo,2,1,1
eclipse.pde.ui-20120217-1437,(default package),X,foo,2,1,1
eclipse.pde.ui-20120217-1437,(default package),X,foo,2,1,1
eclipse.pde.ui-20120217-1437,(default package),X,foo,0,1,1
eclipse.pde.ui-20120217-1437,(default package),X,foo,0,1,1
eclipse.pde.ui-20120217-1437,(default package),X,foo,2,1,1
eclipse.pde.ui-20120217-1437,(default package),X,foo,2,1,1
eclipse.pde.ui-20120217-1437,(default package),X,foo,2,1,1
eclipse.pde.ui-20120217-1437,(default package),X,foo,2,1,1
eclipse.pde.ui-20120217-1437,(default package),X,foo,2,1,1
eclipse.pde.ui-20120217-1437,(default package),X,foo,2,1,1
eclipse.pde.ui-20120217-1437,(default package),X,foo,2,1,1
eclipse.pde.ui-20120217-1437,(default package),X,foo,2,1,1
eclipse.pde.ui-20120217-1437,(default package),X,foo,2,1,1
eclipse.pde.ui-20120217-1437,(default package),X,foo,2,1,1
eclipse.pde.ui-20120217-1437,(default package),X,foo,0,1,1
eclipse.pde.ui-20120217-1437,(default package),X,foo,0,1,1
eclipse.pde.ui-20120217-1437,(default package),X,foo,2,1,1
eclipse.pde.ui-20120217-1437,(default package),X,foo,2,1,1
eclipse.pde.ui-20120217-1437,(default package),X,foo,2,1,1
eclipse.pde.ui-20120217-1437,(default package),X,bar,3,1,1
eclipse.pde.ui-20120217-1437,(default package),X,foo,3,1,1
eclipse.pde.ui-20120217-1437,(default package),X,foo,2,1,1
eclipse.pde.ui-20120217-1437,(default package),X,foo,2,1,1
eclipse.pde.ui-20120217-1437,(default package),X,foo,2,1,1
eclipse.pde.ui-20120217-1437,(default package),X,foo,2,1,1
eclipse.pde.ui-20120217-1437,(default package),X,foo,2,1,1
eclipse.pde.ui-20120217-1437,(default package),X,foo,2,1,1
eclipse.pde.ui-20120217-1437,(default package),X,foo,2,1,1
eclipse.pde.ui-20120217-1437,(default package),X,foo,2,1,1
eclipse.pde.ui-20120217-1437,(default package),X,foo,2,1,1
eclipse.pde.ui-20120217-1437,(default package),X,foo,2,1,1
eclipse.pde.ui-20120217-1437,(default package),X,foo,2,1,1
eclipse.pde.ui-20120217-1437,(default package),X,foo,2,1,1
eclipse.pde.ui-20120217-1437,(default package),X,foo,2,1,2
eclipse.pde.ui-20120217-1437,(default package),X,foo,2,1,2
eclipse.pde.ui-20120217-1437,(default package),X,foo,2,1,1
eclipse.pde.ui-20120217-1437,(default package),X,foo,2,1,1
eclipse.pde.ui-20120217-1437,(default package),X,foo,2,1,1
eclipse.pde.ui-20120217-1437,(default package),X,foo,2,1,1
eclipse.pde.ui-20120217-1437,(default package),X,foo,2,1,1
eclipse.pde.ui-20120217-1437,(default package),X,foo,2,1,1
eclipse.pde.ui-20120217-1437,(default package),X,foo,3,1,1
eclipse.pde.ui-20120217-1437,(default package),X,foo,3,1,0
eclipse.pde.ui-20120217-1437,(default package),X,foo,2,1,1
eclipse.pde.ui-20120217-1437,(default package),X,foo,2,1,1
eclipse.pde.ui-20120217-1437,(default package),X,foo,2,1,1
eclipse.pde.ui-20120217-1437,(default package),X,foo,2,1,1
eclipse.pde.ui-20120217-1437,(default package),X,foo,2,1,1
eclipse.pde.ui-20120217-1437,(default package),X,foo,2,1,1
eclipse.pde.ui-20120217-1437,(default package),X,foo,2,1,1
eclipse.pde.ui-20120217-1437,(default package),X,foo,2,1,1
eclipse.pde.ui-20120217-1437,(default package),X,foo,3,1,1
eclipse.pde.ui-20120217-1437,(default package),X,foo,2,1,1
eclipse.pde.ui-20120217-1437,(default package),X,foo,2,1,1
eclipse.pde.ui-20120217-1437,(default package),X,foo,2,1,1
eclipse.pde.ui-20120217-1437,(default package),X,foo,0,1,0
eclipse.pde.ui-20120217-1437,(default package),X,foo,3,1,0
eclipse.pde.ui-20120217-1437,(default package),X,foo,3,1,1
eclipse.pde.ui-20120217-1437,(default package),X,foo,2,1,0
eclipse.pde.ui-20120217-1437,(default package),X,foo,2,1,0
eclipse.pde.ui-20120217-1437,(default package),X,foo,2,1,0
eclipse.pde.ui-20120217-1437,(default package),X,foo,2,1,0
eclipse.pde.ui-20120217-1437,(default package),X,foo,2,1,0
eclipse.pde.ui-20120217-1437,(default package),X,foo,2,1,0
eclipse.pde.ui-20120217-1437,(default package),X,foo,2,1,0
eclipse.pde.ui-20120217-1437,(default package),Y,foo,2,1,0
eclipse.pde.ui-20120217-1437,(default package),Y,foo,2,1,0
eclipse.pde.ui-20120217-1437,(default package),X,foo,2,1,0
eclipse.pde.ui-20120217-1437,(default package),Y,foo,2,1,0
eclipse.pde.ui-20120217-1437,(default package),Y,foo,2,1,0
eclipse.pde.ui-20120217-1437,(default package),X,toString,3,1,0
eclipse.pde.ui-20120217-1437,(default package),X,toString,3,1,0
eclipse.pde.ui-20120217-1437,(default package),X,foo,2,1,1
eclipse.pde.ui-20120217-1437,(default package),X,foo,2,1,1
eclipse.pde.ui-20120217-1437,(default package),X,foo,3,1,1
eclipse.pde.ui-20120217-1437,(default package),X,foo,3,1,1
eclipse.pde.ui-20120217-1437,(default package),X,foo,2,1,1
eclipse.pde.ui-20120217-1437,(default package),X,foo,2,1,1
eclipse.pde.ui-20120217-1437,(default package),X,finalize,2,1,0
eclipse.pde.ui-20120217-1437,(default package),I,foo,0,1,0
eclipse.pde.ui-20120217-1437,(default package),J,foo,0,1,0
eclipse.pde.ui-20120217-1437,(default package),J,foo,0,1,0
eclipse.pde.ui-20120217-1437,(default package),X,foo,2,1,0
eclipse.pde.ui-20120217-1437,(default package),X,foo,2,1,0
eclipse.pde.ui-20120217-1437,(default package),X,foo,2,1,0
eclipse.pde.ui-20120217-1437,(default package),X,foo,2,1,0
eclipse.pde.ui-20120217-1437,(default package),X,foo,2,1,0
eclipse.pde.ui-20120217-1437,(default package),X,foo,2,1,0
eclipse.pde.ui-20120217-1437,(default package),X,X,2,1,1
eclipse.pde.ui-20120217-1437,(default package),X,X,2,1,1
eclipse.pde.ui-20120217-1437,(default package),X,X,2,1,1
eclipse.pde.ui-20120217-1437,(default package),X,X,2,1,1
eclipse.pde.ui-20120217-1437,(default package),X,X,2,1,1
eclipse.pde.ui-20120217-1437,(default package),X,X,2,1,1
eclipse.pde.ui-20120217-1437,(default package),X,X,2,1,1
eclipse.pde.ui-20120217-1437,(default package),X,foo,2,1,1
eclipse.pde.ui-20120217-1437,(default package),X,foo,3,1,1
eclipse.pde.ui-20120217-1437,(default package),X,X,2,1,1
eclipse.pde.ui-20120217-1437,(default package),X,X,2,1,1
eclipse.pde.ui-20120217-1437,(default package),X,X,2,1,1
eclipse.pde.ui-20120217-1437,(default package),X,foo,2,1,1
eclipse.pde.ui-20120217-1437,(default package),X,foo,2,1,1
eclipse.pde.ui-20120217-1437,(default package),X,foo,2,1,1
eclipse.pde.ui-20120217-1437,(default package),X,foo,2,1,1
eclipse.pde.ui-20120217-1437,(default package),X,foo,2,1,0
eclipse.pde.ui-20120217-1437,(default package),X,foo2,2,1,0
eclipse.pde.ui-20120217-1437,(default package),X,foo,2,1,0
eclipse.pde.ui-20120217-1437,(default package),X,foo,2,1,0
eclipse.pde.ui-20120217-1437,(default package),X,foo2,2,1,0
eclipse.pde.ui-20120217-1437,(default package),X,foo,2,1,0
eclipse.pde.ui-20120217-1437,(default package),X,foo,2,1,0
eclipse.pde.ui-20120217-1437,(default package),X,foo2,2,1,0
eclipse.pde.ui-20120217-1437,(default package),X,foo,2,1,0
eclipse.pde.ui-20120217-1437,(default package),X,foo,2,1,0
eclipse.pde.ui-20120217-1437,(default package),X,foo,2,1,0
eclipse.pde.ui-20120217-1437,(default package),X,foo,2,1,1
eclipse.pde.ui-20120217-1437,(default package),X,foo,2,1,3
eclipse.pde.ui-20120217-1437,(default package),X,foo,2,1,3
eclipse.pde.ui-20120217-1437,(default package),X,bar,3,1,0
eclipse.pde.ui-20120217-1437,(default package),X2,foo,2,1,1
eclipse.pde.ui-20120217-1437,(default package),X2,foo,2,1,3
eclipse.pde.ui-20120217-1437,(default package),X2,foo,2,1,3
eclipse.pde.ui-20120217-1437,(default package),X2,bar,3,1,0
eclipse.pde.ui-20120217-1437,c,TryWithResourcesClass,close,2,1,0
eclipse.pde.ui-20120217-1437,c,MultipleThrowableClass,m1,2,1,0
eclipse.pde.ui-20120217-1437,c,MultipleThrowableClass,m2,2,1,0
eclipse.pde.ui-20120217-1437,m,constref,constref,2,1,0
eclipse.pde.ui-20120217-1437,m,constref,constref,2,1,0
eclipse.pde.ui-20120217-1437,m,methodref,m1,2,1,0
eclipse.pde.ui-20120217-1437,m,methodref,m1,2,1,0
eclipse.pde.ui-20120217-1437,m,methodref,m1,2,1,0
eclipse.pde.ui-20120217-1437,m,methodref,m1,2,1,0
eclipse.pde.ui-20120217-1437,m,ConstNoRef,ConstNoRef,2,1,0
eclipse.pde.ui-20120217-1437,m,ConstructorUsageClass,ConstructorUsageClass,2,1,0
eclipse.pde.ui-20120217-1437,m,ConstructorUsageClass,ConstructorUsageClass,2,1,3
eclipse.pde.ui-20120217-1437,m,ConstructorUsageClass,inner,2,1,0
eclipse.pde.ui-20120217-1437,m,ConstructorUsageClass,inner,2,1,3
eclipse.pde.ui-20120217-1437,m,ConstructorUsageClass,inner2,2,1,0
eclipse.pde.ui-20120217-1437,m,ConstructorUsageClass,inner2,2,1,3
eclipse.pde.ui-20120217-1437,m,inner,inner,2,1,0
eclipse.pde.ui-20120217-1437,m,inner,inner,2,1,3
eclipse.pde.ui-20120217-1437,m,inner2,inner2,2,1,0
eclipse.pde.ui-20120217-1437,m,inner2,inner2,2,1,3
eclipse.pde.ui-20120217-1437,m,outer2,outer2,2,1,0
eclipse.pde.ui-20120217-1437,m,outer2,outer2,2,1,3
eclipse.pde.ui-20120217-1437,m,GenericMethodUsageClass,m1,3,1,0
eclipse.pde.ui-20120217-1437,m,GenericMethodUsageClass,m2,3,1,1
eclipse.pde.ui-20120217-1437,m,GenericMethodUsageClass2,m1,2,1,1
eclipse.pde.ui-20120217-1437,m,MethodUsageClass,m1,2,1,0
eclipse.pde.ui-20120217-1437,m,MethodUsageClass,m2,2,1,0
eclipse.pde.ui-20120217-1437,m,MethodUsageClass,m3,2,1,0
eclipse.pde.ui-20120217-1437,m,MethodUsageClass,m4,2,1,0
eclipse.pde.ui-20120217-1437,m,MethodUsageClass,m5,2,1,0
eclipse.pde.ui-20120217-1437,m,MethodUsageClass,m6,2,1,0
eclipse.pde.ui-20120217-1437,m,MethodUsageClass,m1,2,1,0
eclipse.pde.ui-20120217-1437,m,MethodUsageClass,m2,2,1,0
eclipse.pde.ui-20120217-1437,m,MethodUsageClass,m3,2,1,0
eclipse.pde.ui-20120217-1437,m,MethodUsageClass,m4,2,1,0
eclipse.pde.ui-20120217-1437,m,MethodUsageClass,m5,2,1,0
eclipse.pde.ui-20120217-1437,m,MethodUsageClass,m6,2,1,0
eclipse.pde.ui-20120217-1437,m,MethodUsageClass,m1,2,1,0
eclipse.pde.ui-20120217-1437,m,MethodUsageClass,m2,2,1,0
eclipse.pde.ui-20120217-1437,m,MethodUsageClass,m3,2,1,0
eclipse.pde.ui-20120217-1437,m,inner,m1,2,1,0
eclipse.pde.ui-20120217-1437,m,inner,m2,2,1,0
eclipse.pde.ui-20120217-1437,m,inner,m3,2,1,0
eclipse.pde.ui-20120217-1437,m,inner,m4,2,1,0
eclipse.pde.ui-20120217-1437,m,inner,m5,2,1,0
eclipse.pde.ui-20120217-1437,m,inner,m6,2,1,0
eclipse.pde.ui-20120217-1437,m,inner2,m1,2,1,0
eclipse.pde.ui-20120217-1437,m,inner2,m2,2,1,0
eclipse.pde.ui-20120217-1437,m,inner2,m3,2,1,0
eclipse.pde.ui-20120217-1437,m,outer,m1,2,1,0
eclipse.pde.ui-20120217-1437,m,outer,m2,2,1,0
eclipse.pde.ui-20120217-1437,m,outer,m3,2,1,0
eclipse.pde.ui-20120217-1437,m,outer,m4,2,1,0
eclipse.pde.ui-20120217-1437,m,outer,m5,2,1,0
eclipse.pde.ui-20120217-1437,m,outer,m6,2,1,0
eclipse.pde.ui-20120217-1437,m,MethodUsageImpl,m1,2,1,0
eclipse.pde.ui-20120217-1437,m,MethodUsageImpl,m2,2,1,0
eclipse.pde.ui-20120217-1437,m,MethodUsageImpl,m3,2,1,0
eclipse.pde.ui-20120217-1437,m,MethodUsageInterface,m1,0,1,0
eclipse.pde.ui-20120217-1437,m,MethodUsageInterface,m2,0,1,0
eclipse.pde.ui-20120217-1437,m,MethodUsageInterface,m3,0,1,0
eclipse.pde.ui-20120217-1437,classes,Test10,arrayTypes,10,1,0
eclipse.pde.ui-20120217-1437,classes,Test11,test,5,1,0
eclipse.pde.ui-20120217-1437,classes,Test12,test,5,1,0
eclipse.pde.ui-20120217-1437,classes,Test13,m1,6,1,0
eclipse.pde.ui-20120217-1437,classes,Test13,m4,5,1,0
eclipse.pde.ui-20120217-1437,classes,Test13,m3,4,1,0
eclipse.pde.ui-20120217-1437,classes,Super,m2,3,1,0
eclipse.pde.ui-20120217-1437,classes,Test13A,doSomething,2,1,0
eclipse.pde.ui-20120217-1437,classes,Test13A,getInteger,3,1,0
eclipse.pde.ui-20120217-1437,classes,Test6,iterator,3,1,0
eclipse.pde.ui-20120217-1437,classes,Test7,m1,3,1,1
eclipse.pde.ui-20120217-1437,classes,Test7,m2,3,1,1
eclipse.pde.ui-20120217-1437,classes,Test7,m3,3,1,1
eclipse.pde.ui-20120217-1437,classes,Test7,m4,3,1,1
eclipse.pde.ui-20120217-1437,classes,Test7,m5,3,1,1
eclipse.pde.ui-20120217-1437,classes,Test7,m6,3,1,1
eclipse.pde.ui-20120217-1437,classes,Test7,m7,3,1,1
eclipse.pde.ui-20120217-1437,classes,Test7,m8,3,1,1
eclipse.pde.ui-20120217-1437,classes,Test7,m9,3,1,1
eclipse.pde.ui-20120217-1437,classes,Test7,m10,3,1,1
eclipse.pde.ui-20120217-1437,classes,Test7,m11,3,1,1
eclipse.pde.ui-20120217-1437,classes,Test7,m12,3,1,1
eclipse.pde.ui-20120217-1437,classes,Test8,m1,3,1,2
eclipse.pde.ui-20120217-1437,classes,Test8,m2,3,1,2
eclipse.pde.ui-20120217-1437,classes,Test9,run,2,1,0
eclipse.pde.ui-20120217-1437,javadoc,JavadocTestClass3,m1,2,1,0
eclipse.pde.ui-20120217-1437,javadoc,JavadocTestClass3,m2,2,1,0
eclipse.pde.ui-20120217-1437,javadoc,JavadocTestClass6,m1,2,1,0
eclipse.pde.ui-20120217-1437,javadoc,JavadocTestClass6,m2,2,1,0
eclipse.pde.ui-20120217-1437,javadoc,Inner,m1,2,1,0
eclipse.pde.ui-20120217-1437,javadoc,Inner,m2,2,1,0
eclipse.pde.ui-20120217-1437,javadoc,Inner2,m1,2,1,0
eclipse.pde.ui-20120217-1437,javadoc,Inner2,m2,2,1,0
eclipse.pde.ui-20120217-1437,javadoc,JavadocTestClass7,m1,2,1,0
eclipse.pde.ui-20120217-1437,javadoc,JavadocTestClass8,JavadocTestClass8,2,1,0
eclipse.pde.ui-20120217-1437,x.y,C3,foo,3,1,1
eclipse.pde.ui-20120217-1437,p.internal,Y,Y,2,1,1
eclipse.pde.ui-20120217-1437,internal.p,Y,bar,2,1,0
eclipse.pde.ui-20120217-1437,internal,Y,foo,0,1,0
eclipse.pde.ui-20120217-1437,internal,Y,foo,2,1,0
eclipse.pde.ui-20120217-1437,org.eclipse.pde.api.tools.ui.internal,ActionFilterAdapterFactory,getAdapter,8,3,2
eclipse.pde.ui-20120217-1437,org.eclipse.pde.api.tools.ui.internal,ActionFilterAdapterFactory,getAdapterList,3,1,0
eclipse.pde.ui-20120217-1437,org.eclipse.pde.api.tools.ui.internal,ApiImageDescriptor,ApiImageDescriptor,4,1,2
eclipse.pde.ui-20120217-1437,org.eclipse.pde.api.tools.ui.internal,ApiImageDescriptor,getSize,7,2,0
eclipse.pde.ui-20120217-1437,org.eclipse.pde.api.tools.ui.internal,ApiImageDescriptor,equals,7,2,1
eclipse.pde.ui-20120217-1437,org.eclipse.pde.api.tools.ui.internal,ApiImageDescriptor,hashCode,3,1,0
eclipse.pde.ui-20120217-1437,org.eclipse.pde.api.tools.ui.internal,ApiImageDescriptor,drawCompositeImage,8,2,2
eclipse.pde.ui-20120217-1437,org.eclipse.pde.api.tools.ui.internal,ApiImageDescriptor,getImageData,3,1,1
eclipse.pde.ui-20120217-1437,org.eclipse.pde.api.tools.ui.internal,ApiImageDescriptor,drawOverlays,20,3,0
eclipse.pde.ui-20120217-1437,org.eclipse.pde.api.tools.ui.internal,ApiImageDescriptor,getBaseImage,3,1,0
eclipse.pde.ui-20120217-1437,org.eclipse.pde.api.tools.ui.internal,ApiImageDescriptor,setBaseImage,3,1,1
eclipse.pde.ui-20120217-1437,org.eclipse.pde.api.tools.ui.internal,ApiImageDescriptor,getFlags,3,1,0
eclipse.pde.ui-20120217-1437,org.eclipse.pde.api.tools.ui.internal,ApiImageDescriptor,setFlags,3,1,1
eclipse.pde.ui-20120217-1437,org.eclipse.pde.api.tools.ui.internal,ApiImageDescriptor,setSize,3,1,1
eclipse.pde.ui-20120217-1437,org.eclipse.pde.api.tools.ui.internal,ApiToolsLabelProvider,dispose,6,2,0
eclipse.pde.ui-20120217-1437,org.eclipse.pde.api.tools.ui.internal,ApiToolsLabelProvider,getImage,32,10,1
eclipse.pde.ui-20120217-1437,org.eclipse.pde.api.tools.ui.internal,ApiToolsLabelProvider,getApiProblemElementImage,49,16,1
eclipse.pde.ui-20120217-1437,org.eclipse.pde.api.tools.ui.internal,ApiToolsLabelProvider,getBaselineImage,3,1,0
eclipse.pde.ui-20120217-1437,org.eclipse.pde.api.tools.ui.internal,ApiToolsLabelProvider,getApiComponentImage,14,3,1
eclipse.pde.ui-20120217-1437,org.eclipse.pde.api.tools.ui.internal,ApiToolsLabelProvider,getText,44,9,1
eclipse.pde.ui-20120217-1437,org.eclipse.pde.api.tools.ui.internal,ApiToolsLabelProvider,isDefaultBaseline,10,3,1
eclipse.pde.ui-20120217-1437,org.eclipse.pde.api.tools.ui.internal,ApiToolsLabelProvider,getFont,16,4,1
eclipse.pde.ui-20120217-1437,org.eclipse.pde.api.tools.ui.internal,ApiUIPlugin,declareRegistryImage,10,2,3
eclipse.pde.ui-20120217-1437,org.eclipse.pde.api.tools.ui.internal,ApiUIPlugin,getDefault,6,2,0
eclipse.pde.ui-20120217-1437,org.eclipse.pde.api.tools.ui.internal,ApiUIPlugin,getImage,15,4,1
eclipse.pde.ui-20120217-1437,org.eclipse.pde.api.tools.ui.internal,ApiUIPlugin,getImageDescriptor,3,1,1
eclipse.pde.ui-20120217-1437,org.eclipse.pde.api.tools.ui.internal,ApiUIPlugin,getPluginIdentifier,3,1,0
eclipse.pde.ui-20120217-1437,org.eclipse.pde.api.tools.ui.internal,ApiUIPlugin,getSharedImage,3,1,1
eclipse.pde.ui-20120217-1437,org.eclipse.pde.api.tools.ui.internal,ApiUIPlugin,getShell,13,3,0
eclipse.pde.ui-20120217-1437,org.eclipse.pde.api.tools.ui.internal,ApiUIPlugin,log,11,3,1
eclipse.pde.ui-20120217-1437,org.eclipse.pde.api.tools.ui.internal,ApiUIPlugin,log,3,1,1
eclipse.pde.ui-20120217-1437,org.eclipse.pde.api.tools.ui.internal,ApiUIPlugin,logErrorMessage,3,1,1
eclipse.pde.ui-20120217-1437,org.eclipse.pde.api.tools.ui.internal,ApiUIPlugin,newErrorStatus,3,1,2
eclipse.pde.ui-20120217-1437,org.eclipse.pde.api.tools.ui.internal,ApiUIPlugin,sessionAdded,8,1,1
eclipse.pde.ui-20120217-1437,org.eclipse.pde.api.tools.ui.internal,ApiUIPlugin,run,3,1,0
eclipse.pde.ui-20120217-1437,org.eclipse.pde.api.tools.ui.internal,ApiUIPlugin,sessionRemoved,2,1,1
eclipse.pde.ui-20120217-1437,org.eclipse.pde.api.tools.ui.internal,ApiUIPlugin,sessionActivated,2,1,1
eclipse.pde.ui-20120217-1437,org.eclipse.pde.api.tools.ui.internal,ApiUIPlugin,ApiUIPlugin,3,1,0
eclipse.pde.ui-20120217-1437,org.eclipse.pde.api.tools.ui.internal,ApiUIPlugin,getDialogSettingsSection,8,2,1
eclipse.pde.ui-20120217-1437,org.eclipse.pde.api.tools.ui.internal,ApiUIPlugin,initializeImageRegistry,29,1,1
eclipse.pde.ui-20120217-1437,org.eclipse.pde.api.tools.ui.internal,ApiUIPlugin,showAPIToolingView,3,1,0
eclipse.pde.ui-20120217-1437,org.eclipse.pde.api.tools.ui.internal,ApiUIPlugin,showPropertiesView,3,1,0
eclipse.pde.ui-20120217-1437,org.eclipse.pde.api.tools.ui.internal,ApiUIPlugin,showView,14,3,1
eclipse.pde.ui-20120217-1437,org.eclipse.pde.api.tools.ui.internal,ApiUIPlugin,start,6,1,1
eclipse.pde.ui-20120217-1437,org.eclipse.pde.api.tools.ui.internal,ApiUIPlugin,stop,10,2,1
eclipse.pde.ui-20120217-1437,org.eclipse.pde.api.tools.ui.internal,CompositeApiImageDescriptor,CompositeApiImageDescriptor,4,1,2
eclipse.pde.ui-20120217-1437,org.eclipse.pde.api.tools.ui.internal,CompositeApiImageDescriptor,drawCompositeImage,8,2,2
eclipse.pde.ui-20120217-1437,org.eclipse.pde.api.tools.ui.internal,CompositeApiImageDescriptor,drawOverlays,3,1,0
eclipse.pde.ui-20120217-1437,org.eclipse.pde.api.tools.ui.internal,CompositeApiImageDescriptor,drawTopRight,9,3,0
eclipse.pde.ui-20120217-1437,org.eclipse.pde.api.tools.ui.internal,CompositeApiImageDescriptor,addTopRightImage,8,2,2
eclipse.pde.ui-20120217-1437,org.eclipse.pde.api.tools.ui.internal,CompositeApiImageDescriptor,getImageData,7,2,1
eclipse.pde.ui-20120217-1437,org.eclipse.pde.api.tools.ui.internal,CompositeApiImageDescriptor,getSize,7,2,0
eclipse.pde.ui-20120217-1437,org.eclipse.pde.api.tools.ui.internal,CompositeApiImageDescriptor,equals,7,2,1
eclipse.pde.ui-20120217-1437,org.eclipse.pde.api.tools.ui.internal,CompositeApiImageDescriptor,hashCode,3,1,0
eclipse.pde.ui-20120217-1437,org.eclipse.pde.api.tools.ui.internal,JavaElementActionFilter,testAttribute,37,21,3
eclipse.pde.ui-20120217-1437,org.eclipse.pde.api.tools.ui.internal,Messages,Messages,2,1,0
eclipse.pde.ui-20120217-1437,org.eclipse.pde.api.tools.ui.internal,SWTFactory,getButtonWidthHint,6,1,1
eclipse.pde.ui-20120217-1437,org.eclipse.pde.api.tools.ui.internal,SWTFactory,setButtonDimensionHint,8,2,1
eclipse.pde.ui-20120217-1437,org.eclipse.pde.api.tools.ui.internal,SWTFactory,createCheckButton,15,3,5
eclipse.pde.ui-20120217-1437,org.eclipse.pde.api.tools.ui.internal,SWTFactory,createPushButton,14,3,3
eclipse.pde.ui-20120217-1437,org.eclipse.pde.api.tools.ui.internal,SWTFactory,createPushButton,14,3,4
eclipse.pde.ui-20120217-1437,org.eclipse.pde.api.tools.ui.internal,SWTFactory,createRadioButton,11,2,2
eclipse.pde.ui-20120217-1437,org.eclipse.pde.api.tools.ui.internal,SWTFactory,createLabel,12,2,3
eclipse.pde.ui-20120217-1437,org.eclipse.pde.api.tools.ui.internal,SWTFactory,createLabel,11,2,4
eclipse.pde.ui-20120217-1437,org.eclipse.pde.api.tools.ui.internal,SWTFactory,createLink,8,1,4
eclipse.pde.ui-20120217-1437,org.eclipse.pde.api.tools.ui.internal,SWTFactory,createLink,9,1,5
eclipse.pde.ui-20120217-1437,org.eclipse.pde.api.tools.ui.internal,SWTFactory,createWrapLabel,12,2,4
eclipse.pde.ui-20120217-1437,org.eclipse.pde.api.tools.ui.internal,SWTFactory,createWrapLabel,11,2,3
eclipse.pde.ui-20120217-1437,org.eclipse.pde.api.tools.ui.internal,SWTFactory,createScrolledComposite,15,1,5
eclipse.pde.ui-20120217-1437,org.eclipse.pde.api.tools.ui.internal,SWTFactory,createExpandibleComposite,10,1,4
eclipse.pde.ui-20120217-1437,org.eclipse.pde.api.tools.ui.internal,SWTFactory,createSingleText,8,1,2
eclipse.pde.ui-20120217-1437,org.eclipse.pde.api.tools.ui.internal,SWTFactory,createText,8,1,4
eclipse.pde.ui-20120217-1437,org.eclipse.pde.api.tools.ui.internal,SWTFactory,createText,8,1,3
eclipse.pde.ui-20120217-1437,org.eclipse.pde.api.tools.ui.internal,SWTFactory,createText,10,1,6
eclipse.pde.ui-20120217-1437,org.eclipse.pde.api.tools.ui.internal,SWTFactory,createGroup,10,1,5
eclipse.pde.ui-20120217-1437,org.eclipse.pde.api.tools.ui.internal,SWTFactory,createComposite,10,1,4
eclipse.pde.ui-20120217-1437,org.eclipse.pde.api.tools.ui.internal,SWTFactory,createComposite,10,1,5
eclipse.pde.ui-20120217-1437,org.eclipse.pde.api.tools.ui.internal,SWTFactory,createComposite,10,1,5
eclipse.pde.ui-20120217-1437,org.eclipse.pde.api.tools.ui.internal,SWTFactory,createVerticalSpacer,10,2,2
eclipse.pde.ui-20120217-1437,org.eclipse.pde.api.tools.ui.internal,SWTFactory,createHorizontalSpacer,6,1,2
eclipse.pde.ui-20120217-1437,org.eclipse.pde.api.tools.ui.internal,SWTFactory,createComposite,12,1,6
eclipse.pde.ui-20120217-1437,org.eclipse.pde.api.tools.ui.internal,SWTFactory,createCombo,12,2,5
eclipse.pde.ui-20120217-1437,org.eclipse.pde.api.tools.ui.internal,SWTFactory,createCombo,12,2,4
eclipse.pde.ui-20120217-1437,org.eclipse.pde.api.tools.ui.internal,SWTFactory,showPreferencePage,3,1,3
eclipse.pde.ui-20120217-1437,org.eclipse.pde.api.tools.ui.internal,SWTFactory,showPropertiesDialog,3,1,4
eclipse.pde.ui-20120217-1437,org.eclipse.pde.api.tools.ui.internal.actions,ActionMessages,ActionMessages,2,1,0
eclipse.pde.ui-20120217-1437,org.eclipse.pde.api.tools.ui.internal.actions,ApiToolingSetupObjectContribution,setActivePart,2,1,2
eclipse.pde.ui-20120217-1437,org.eclipse.pde.api.tools.ui.internal.actions,ApiToolingSetupObjectContribution,run,10,1,1
eclipse.pde.ui-20120217-1437,org.eclipse.pde.api.tools.ui.internal.actions,ApiToolingSetupObjectContribution,selectionChanged,2,1,2
eclipse.pde.ui-20120217-1437,org.eclipse.pde.api.tools.ui.internal.actions,CollapseAllAction,CollapseAllAction,9,1,1
eclipse.pde.ui-20120217-1437,org.eclipse.pde.api.tools.ui.internal.actions,CollapseAllAction,run,9,1,0
eclipse.pde.ui-20120217-1437,org.eclipse.pde.api.tools.ui.internal.actions,CompareWithAction,setActivePart,3,1,2
eclipse.pde.ui-20120217-1437,org.eclipse.pde.api.tools.ui.internal.actions,CompareWithAction,run,8,2,1
eclipse.pde.ui-20120217-1437,org.eclipse.pde.api.tools.ui.internal.actions,CompareWithAction,selectionChanged,3,1,2
eclipse.pde.ui-20120217-1437,org.eclipse.pde.api.tools.ui.internal.actions,ConfigureProblemFiltersAction,setActivePart,2,1,2
eclipse.pde.ui-20120217-1437,org.eclipse.pde.api.tools.ui.internal.actions,ConfigureProblemFiltersAction,run,7,2,1
eclipse.pde.ui-20120217-1437,org.eclipse.pde.api.tools.ui.internal.actions,ConfigureProblemFiltersAction,getAdaptable,14,4,1
eclipse.pde.ui-20120217-1437,org.eclipse.pde.api.tools.ui.internal.actions,ConfigureProblemFiltersAction,selectionChanged,3,1,2
eclipse.pde.ui-20120217-1437,org.eclipse.pde.api.tools.ui.internal.actions,DeltaSession,getDescriptors,3,1,0
eclipse.pde.ui-20120217-1437,org.eclipse.pde.api.tools.ui.internal.actions,DeltaSession,TreeNode,5,1,3
eclipse.pde.ui-20120217-1437,org.eclipse.pde.api.tools.ui.internal.actions,DeltaSession,getChildren,6,2,0
eclipse.pde.ui-20120217-1437,org.eclipse.pde.api.tools.ui.internal.actions,DeltaSession,getNode,6,2,1
eclipse.pde.ui-20120217-1437,org.eclipse.pde.api.tools.ui.internal.actions,DeltaSession,getId,3,1,0
eclipse.pde.ui-20120217-1437,org.eclipse.pde.api.tools.ui.internal.actions,DeltaSession,add,6,2,1
eclipse.pde.ui-20120217-1437,org.eclipse.pde.api.tools.ui.internal.actions,DeltaSession,hasChildren,3,1,0
eclipse.pde.ui-20120217-1437,org.eclipse.pde.api.tools.ui.internal.actions,DeltaSession,toString,3,1,0
eclipse.pde.ui-20120217-1437,org.eclipse.pde.api.tools.ui.internal.actions,DeltaSession,getData,3,1,0
eclipse.pde.ui-20120217-1437,org.eclipse.pde.api.tools.ui.internal.actions,DeltaSession,getEditableValue,3,1,0
eclipse.pde.ui-20120217-1437,org.eclipse.pde.api.tools.ui.internal.actions,DeltaSession,getPropertyDescriptors,6,2,0
eclipse.pde.ui-20120217-1437,org.eclipse.pde.api.tools.ui.internal.actions,DeltaSession,getPropertyValue,49,13,1
eclipse.pde.ui-20120217-1437,org.eclipse.pde.api.tools.ui.internal.actions,DeltaSession,getDisplayRestrictions,5,1,1
eclipse.pde.ui-20120217-1437,org.eclipse.pde.api.tools.ui.internal.actions,DeltaSession,isPropertySet,3,1,1
eclipse.pde.ui-20120217-1437,org.eclipse.pde.api.tools.ui.internal.actions,DeltaSession,resetPropertyValue,2,1,1
eclipse.pde.ui-20120217-1437,org.eclipse.pde.api.tools.ui.internal.actions,DeltaSession,setPropertyValue,2,1,2
eclipse.pde.ui-20120217-1437,org.eclipse.pde.api.tools.ui.internal.actions,DeltaSession,getAdapter,6,2,1
eclipse.pde.ui-20120217-1437,org.eclipse.pde.api.tools.ui.internal.actions,DeltaSession,getDisplayedModifiers,80,25,1
eclipse.pde.ui-20120217-1437,org.eclipse.pde.api.tools.ui.internal.actions,DeltaSession,isPropertyResettable,3,1,1
eclipse.pde.ui-20120217-1437,org.eclipse.pde.api.tools.ui.internal.actions,DeltaSession,TreeModel,3,1,1
eclipse.pde.ui-20120217-1437,org.eclipse.pde.api.tools.ui.internal.actions,DeltaSession,getRoot,3,1,0
eclipse.pde.ui-20120217-1437,org.eclipse.pde.api.tools.ui.internal.actions,DeltaSession,DeltaSession,6,1,3
eclipse.pde.ui-20120217-1437,org.eclipse.pde.api.tools.ui.internal.actions,DeltaSession,getModel,185,38,0
eclipse.pde.ui-20120217-1437,org.eclipse.pde.api.tools.ui.internal.actions,DeltaSession,TreeBuilder,3,1,1
eclipse.pde.ui-20120217-1437,org.eclipse.pde.api.tools.ui.internal.actions,DeltaSession,endVisit,69,15,1
eclipse.pde.ui-20120217-1437,org.eclipse.pde.api.tools.ui.internal.actions,DeltaSession,retrieveTypeModifiers,99,23,3
eclipse.pde.ui-20120217-1437,org.eclipse.pde.api.tools.ui.internal.actions,DeltaSession,getDescription,3,1,0
eclipse.pde.ui-20120217-1437,org.eclipse.pde.api.tools.ui.internal.actions,TreeNode,getDescriptors,3,1,0
eclipse.pde.ui-20120217-1437,org.eclipse.pde.api.tools.ui.internal.actions,TreeNode,TreeNode,5,1,3
eclipse.pde.ui-20120217-1437,org.eclipse.pde.api.tools.ui.internal.actions,TreeNode,getChildren,6,2,0
eclipse.pde.ui-20120217-1437,org.eclipse.pde.api.tools.ui.internal.actions,TreeNode,getNode,6,2,1
eclipse.pde.ui-20120217-1437,org.eclipse.pde.api.tools.ui.internal.actions,TreeNode,getId,3,1,0
eclipse.pde.ui-20120217-1437,org.eclipse.pde.api.tools.ui.internal.actions,TreeNode,add,6,2,1
eclipse.pde.ui-20120217-1437,org.eclipse.pde.api.tools.ui.internal.actions,TreeNode,hasChildren,3,1,0
eclipse.pde.ui-20120217-1437,org.eclipse.pde.api.tools.ui.internal.actions,TreeNode,toString,3,1,0
eclipse.pde.ui-20120217-1437,org.eclipse.pde.api.tools.ui.internal.actions,TreeNode,getData,3,1,0
eclipse.pde.ui-20120217-1437,org.eclipse.pde.api.tools.ui.internal.actions,TreeNode,getEditableValue,3,1,0
eclipse.pde.ui-20120217-1437,org.eclipse.pde.api.tools.ui.internal.actions,TreeNode,getPropertyDescriptors,6,2,0
eclipse.pde.ui-20120217-1437,org.eclipse.pde.api.tools.ui.internal.actions,TreeNode,getPropertyValue,49,13,1
eclipse.pde.ui-20120217-1437,org.eclipse.pde.api.tools.ui.internal.actions,TreeNode,getDisplayRestrictions,5,1,1
eclipse.pde.ui-20120217-1437,org.eclipse.pde.api.tools.ui.internal.actions,TreeNode,isPropertySet,3,1,1
eclipse.pde.ui-20120217-1437,org.eclipse.pde.api.tools.ui.internal.actions,TreeNode,resetPropertyValue,2,1,1
eclipse.pde.ui-20120217-1437,org.eclipse.pde.api.tools.ui.internal.actions,TreeNode,setPropertyValue,2,1,2
eclipse.pde.ui-20120217-1437,org.eclipse.pde.api.tools.ui.internal.actions,TreeNode,getAdapter,6,2,1
eclipse.pde.ui-20120217-1437,org.eclipse.pde.api.tools.ui.internal.actions,TreeNode,getDisplayedModifiers,80,25,1
eclipse.pde.ui-20120217-1437,org.eclipse.pde.api.tools.ui.internal.actions,TreeNode,isPropertyResettable,3,1,1
eclipse.pde.ui-20120217-1437,org.eclipse.pde.api.tools.ui.internal.actions,TreeModel,TreeModel,3,1,1
eclipse.pde.ui-20120217-1437,org.eclipse.pde.api.tools.ui.internal.actions,TreeModel,getRoot,3,1,0
eclipse.pde.ui-20120217-1437,org.eclipse.pde.api.tools.ui.internal.actions,TreeBuilder,TreeBuilder,3,1,1
eclipse.pde.ui-20120217-1437,org.eclipse.pde.api.tools.ui.internal.actions,TreeBuilder,endVisit,69,15,1
eclipse.pde.ui-20120217-1437,org.eclipse.pde.api.tools.ui.internal.actions,TreeBuilder,retrieveTypeModifiers,99,23,3
eclipse.pde.ui-20120217-1437,org.eclipse.pde.api.tools.ui.internal.actions,ExpandAllAction,ExpandAllAction,9,1,1
eclipse.pde.ui-20120217-1437,org.eclipse.pde.api.tools.ui.internal.actions,ExpandAllAction,run,9,1,0
eclipse.pde.ui-20120217-1437,org.eclipse.pde.api.tools.ui.internal.actions,ExportDialog,ExportDialog,14,3,2
eclipse.pde.ui-20120217-1437,org.eclipse.pde.api.tools.ui.internal.actions,ExportDialog,isValid,9,3,1
eclipse.pde.ui-20120217-1437,org.eclipse.pde.api.tools.ui.internal.actions,ExportDialog,ExportDialog,12,2,5
eclipse.pde.ui-20120217-1437,org.eclipse.pde.api.tools.ui.internal.actions,ExportDialog,buttonPressed,9,2,1
eclipse.pde.ui-20120217-1437,org.eclipse.pde.api.tools.ui.internal.actions,ExportDialog,configureShell,6,2,1
eclipse.pde.ui-20120217-1437,org.eclipse.pde.api.tools.ui.internal.actions,ExportDialog,createButtonsForButtonBar,10,2,1
eclipse.pde.ui-20120217-1437,org.eclipse.pde.api.tools.ui.internal.actions,ExportDialog,createDialogArea,56,5,1
eclipse.pde.ui-20120217-1437,org.eclipse.pde.api.tools.ui.internal.actions,ExportDialog,modifyText,3,1,1
eclipse.pde.ui-20120217-1437,org.eclipse.pde.api.tools.ui.internal.actions,ExportDialog,widgetSelected,15,4,1
eclipse.pde.ui-20120217-1437,org.eclipse.pde.api.tools.ui.internal.actions,ExportDialog,getOkButton,3,1,0
eclipse.pde.ui-20120217-1437,org.eclipse.pde.api.tools.ui.internal.actions,ExportDialog,getText,3,1,0
eclipse.pde.ui-20120217-1437,org.eclipse.pde.api.tools.ui.internal.actions,ExportDialog,getValidator,3,1,0
eclipse.pde.ui-20120217-1437,org.eclipse.pde.api.tools.ui.internal.actions,ExportDialog,getValue,3,1,0
eclipse.pde.ui-20120217-1437,org.eclipse.pde.api.tools.ui.internal.actions,ExportDialog,validateInput,7,2,0
eclipse.pde.ui-20120217-1437,org.eclipse.pde.api.tools.ui.internal.actions,ExportDialog,setErrorMessage,14,3,1
eclipse.pde.ui-20120217-1437,org.eclipse.pde.api.tools.ui.internal.actions,ExportDialog,getInputTextStyle,3,1,0
eclipse.pde.ui-20120217-1437,org.eclipse.pde.api.tools.ui.internal.actions,ExportDialog,okPressed,4,1,0
eclipse.pde.ui-20120217-1437,org.eclipse.pde.api.tools.ui.internal.actions,ExportDialog,restoreTextSelection,6,2,2
eclipse.pde.ui-20120217-1437,org.eclipse.pde.api.tools.ui.internal.actions,ExportDialog,saveWidgetState,8,2,0
eclipse.pde.ui-20120217-1437,org.eclipse.pde.api.tools.ui.internal.actions,ExportDialog,initialize,6,2,0
eclipse.pde.ui-20120217-1437,org.eclipse.pde.api.tools.ui.internal.actions,ExportSessionAction,ExportSessionAction,10,1,1
eclipse.pde.ui-20120217-1437,org.eclipse.pde.api.tools.ui.internal.actions,ExportSessionAction,run,138,16,0
eclipse.pde.ui-20120217-1437,org.eclipse.pde.api.tools.ui.internal.actions,ExportSessionAction,run,113,12,1
eclipse.pde.ui-20120217-1437,org.eclipse.pde.api.tools.ui.internal.actions,ExportSessionAction,dispose,2,1,0
eclipse.pde.ui-20120217-1437,org.eclipse.pde.api.tools.ui.internal.actions,NavigateAction,NavigateAction,26,4,2
eclipse.pde.ui-20120217-1437,org.eclipse.pde.api.tools.ui.internal.actions,NavigateAction,run,4,1,0
eclipse.pde.ui-20120217-1437,org.eclipse.pde.api.tools.ui.internal.actions,RemoveActiveSessionAction,RemoveActiveSessionAction,9,1,0
eclipse.pde.ui-20120217-1437,org.eclipse.pde.api.tools.ui.internal.actions,RemoveActiveSessionAction,run,12,3,0
eclipse.pde.ui-20120217-1437,org.eclipse.pde.api.tools.ui.internal.actions,RemoveAllSessionsAction,RemoveAllSessionsAction,8,1,0
eclipse.pde.ui-20120217-1437,org.eclipse.pde.api.tools.ui.internal.actions,RemoveAllSessionsAction,run,3,1,0
eclipse.pde.ui-20120217-1437,org.eclipse.pde.api.tools.ui.internal.actions,SelectSessionAction,SelectSessionAction,8,1,0
eclipse.pde.ui-20120217-1437,org.eclipse.pde.api.tools.ui.internal.actions,SelectSessionAction,getMenu,23,3,1
eclipse.pde.ui-20120217-1437,org.eclipse.pde.api.tools.ui.internal.actions,SelectSessionAction,widgetSelected,3,1,1
eclipse.pde.ui-20120217-1437,org.eclipse.pde.api.tools.ui.internal.actions,SelectSessionAction,getMenu,3,1,1
eclipse.pde.ui-20120217-1437,org.eclipse.pde.api.tools.ui.internal.actions,SelectSessionAction,dispose,2,1,0
eclipse.pde.ui-20120217-1437,org.eclipse.pde.api.tools.ui.internal.actions,TreeViewerNavigator,TreeViewerNavigator,3,1,1
eclipse.pde.ui-20120217-1437,org.eclipse.pde.api.tools.ui.internal.actions,TreeViewerNavigator,navigateNext,16,6,1
eclipse.pde.ui-20120217-1437,org.eclipse.pde.api.tools.ui.internal.actions,TreeViewerNavigator,getFirstItem,10,5,0
eclipse.pde.ui-20120217-1437,org.eclipse.pde.api.tools.ui.internal.actions,TreeViewerNavigator,getLastItem,5,2,0
eclipse.pde.ui-20120217-1437,org.eclipse.pde.api.tools.ui.internal.actions,TreeViewerNavigator,getNextItemBackward,15,6,1
eclipse.pde.ui-20120217-1437,org.eclipse.pde.api.tools.ui.internal.actions,TreeViewerNavigator,getLastChildWithMatches,7,3,1
eclipse.pde.ui-20120217-1437,org.eclipse.pde.api.tools.ui.internal.actions,TreeViewerNavigator,getNextItemForward,19,7,1
eclipse.pde.ui-20120217-1437,org.eclipse.pde.api.tools.ui.internal.actions,TreeViewerNavigator,getFirstChildWithMatches,7,3,1
eclipse.pde.ui-20120217-1437,org.eclipse.pde.api.tools.ui.internal.actions,TreeViewerNavigator,getChildren,4,1,1
eclipse.pde.ui-20120217-1437,org.eclipse.pde.api.tools.ui.internal.actions,TreeViewerNavigator,getNextSibling,18,6,2
eclipse.pde.ui-20120217-1437,org.eclipse.pde.api.tools.ui.internal.actions,TreeViewerNavigator,getSiblings,6,2,1
eclipse.pde.ui-20120217-1437,org.eclipse.pde.api.tools.ui.internal.actions,TreeViewerNavigator,hasMatches,8,2,1
eclipse.pde.ui-20120217-1437,org.eclipse.pde.api.tools.ui.internal.actions,TreeViewerNavigator,getCurrentItem,12,3,1
eclipse.pde.ui-20120217-1437,org.eclipse.pde.api.tools.ui.internal.actions,TreeViewerNavigator,internalSetSelection,9,3,1
eclipse.pde.ui-20120217-1437,org.eclipse.pde.api.tools.ui.internal.completion,APIToolsJavadocCompletionProposal,APIToolsJavadocCompletionProposal,6,1,4
eclipse.pde.ui-20120217-1437,org.eclipse.pde.api.tools.ui.internal.completion,APIToolsJavadocCompletionProposal,getRelevance,3,1,0
eclipse.pde.ui-20120217-1437,org.eclipse.pde.api.tools.ui.internal.completion,APIToolsJavadocCompletionProposal,apply,2,1,1
eclipse.pde.ui-20120217-1437,org.eclipse.pde.api.tools.ui.internal.completion,APIToolsJavadocCompletionProposal,getAdditionalProposalInfo,7,2,0
eclipse.pde.ui-20120217-1437,org.eclipse.pde.api.tools.ui.internal.completion,APIToolsJavadocCompletionProposal,getContextInformation,3,1,0
eclipse.pde.ui-20120217-1437,org.eclipse.pde.api.tools.ui.internal.completion,APIToolsJavadocCompletionProposal,getDisplayString,3,1,0
eclipse.pde.ui-20120217-1437,org.eclipse.pde.api.tools.ui.internal.completion,APIToolsJavadocCompletionProposal,getImage,3,1,0
eclipse.pde.ui-20120217-1437,org.eclipse.pde.api.tools.ui.internal.completion,APIToolsJavadocCompletionProposal,getSelection,3,1,1
eclipse.pde.ui-20120217-1437,org.eclipse.pde.api.tools.ui.internal.completion,APIToolsJavadocCompletionProposal,apply,10,1,4
eclipse.pde.ui-20120217-1437,org.eclipse.pde.api.tools.ui.internal.completion,APIToolsJavadocCompletionProposal,selected,2,1,2
eclipse.pde.ui-20120217-1437,org.eclipse.pde.api.tools.ui.internal.completion,APIToolsJavadocCompletionProposal,unselected,2,1,1
eclipse.pde.ui-20120217-1437,org.eclipse.pde.api.tools.ui.internal.completion,APIToolsJavadocCompletionProposal,validate,15,3,3
eclipse.pde.ui-20120217-1437,org.eclipse.pde.api.tools.ui.internal.completion,APIToolsJavadocCompletionProposal,getInformationControlCreator,3,1,0
eclipse.pde.ui-20120217-1437,org.eclipse.pde.api.tools.ui.internal.completion,APIToolsJavadocCompletionProposal,getPrefixCompletionStart,3,1,2
eclipse.pde.ui-20120217-1437,org.eclipse.pde.api.tools.ui.internal.completion,APIToolsJavadocCompletionProposal,getPrefixCompletionText,6,2,2
eclipse.pde.ui-20120217-1437,org.eclipse.pde.api.tools.ui.internal.completion,APIToolsJavadocCompletionProposalComputer,visit,20,5,1
eclipse.pde.ui-20120217-1437,org.eclipse.pde.api.tools.ui.internal.completion,APIToolsJavadocCompletionProposalComputer,computeCompletionProposals,84,17,2
eclipse.pde.ui-20120217-1437,org.eclipse.pde.api.tools.ui.internal.completion,APIToolsJavadocCompletionProposalComputer,acceptTag,32,8,2
eclipse.pde.ui-20120217-1437,org.eclipse.pde.api.tools.ui.internal.completion,APIToolsJavadocCompletionProposalComputer,getType,19,6,1
eclipse.pde.ui-20120217-1437,org.eclipse.pde.api.tools.ui.internal.completion,APIToolsJavadocCompletionProposalComputer,collectExistingTags,32,7,2
eclipse.pde.ui-20120217-1437,org.eclipse.pde.api.tools.ui.internal.completion,APIToolsJavadocCompletionProposalComputer,appliesToContext,13,2,4
eclipse.pde.ui-20120217-1437,org.eclipse.pde.api.tools.ui.internal.completion,APIToolsJavadocCompletionProposalComputer,computeContextInformation,3,1,2
eclipse.pde.ui-20120217-1437,org.eclipse.pde.api.tools.ui.internal.completion,APIToolsJavadocCompletionProposalComputer,getErrorMessage,3,1,0
eclipse.pde.ui-20120217-1437,org.eclipse.pde.api.tools.ui.internal.completion,APIToolsJavadocCompletionProposalComputer,sessionEnded,11,3,0
eclipse.pde.ui-20120217-1437,org.eclipse.pde.api.tools.ui.internal.completion,APIToolsJavadocCompletionProposalComputer,sessionStarted,4,1,0
eclipse.pde.ui-20120217-1437,org.eclipse.pde.api.tools.ui.internal.completion,TagCollector,visit,20,5,1
eclipse.pde.ui-20120217-1437,org.eclipse.pde.api.tools.ui.internal.markers,ApiMarkerResolutionGenerator,getResolutions,55,13,1
eclipse.pde.ui-20120217-1437,org.eclipse.pde.api.tools.ui.internal.markers,ApiMarkerResolutionGenerator,resolveFilter,26,5,1
eclipse.pde.ui-20120217-1437,org.eclipse.pde.api.tools.ui.internal.markers,ApiMarkerResolutionGenerator,computeProblemHashcode,17,2,1
eclipse.pde.ui-20120217-1437,org.eclipse.pde.api.tools.ui.internal.markers,ApiMarkerResolutionGenerator,splitHandle,54,11,2
eclipse.pde.ui-20120217-1437,org.eclipse.pde.api.tools.ui.internal.markers,ApiMarkerResolutionGenerator,argumentsHashcode,10,3,1
eclipse.pde.ui-20120217-1437,org.eclipse.pde.api.tools.ui.internal.markers,ApiMarkerResolutionGenerator,hasResolutions,3,1,1
eclipse.pde.ui-20120217-1437,org.eclipse.pde.api.tools.ui.internal.markers,CreateApiFilterOperation,CreateApiFilterOperation,5,1,2
eclipse.pde.ui-20120217-1437,org.eclipse.pde.api.tools.ui.internal.markers,CreateApiFilterOperation,runInUIThread,61,11,1
eclipse.pde.ui-20120217-1437,org.eclipse.pde.api.tools.ui.internal.markers,CreateApiFilterOperation,getMessageArgumentsFromMarker,8,2,1
eclipse.pde.ui-20120217-1437,org.eclipse.pde.api.tools.ui.internal.markers,DefaultApiProfileResolution,getDescription,3,1,0
eclipse.pde.ui-20120217-1437,org.eclipse.pde.api.tools.ui.internal.markers,DefaultApiProfileResolution,getImage,3,1,0
eclipse.pde.ui-20120217-1437,org.eclipse.pde.api.tools.ui.internal.markers,DefaultApiProfileResolution,getLabel,3,1,0
eclipse.pde.ui-20120217-1437,org.eclipse.pde.api.tools.ui.internal.markers,DefaultApiProfileResolution,run,11,1,1
eclipse.pde.ui-20120217-1437,org.eclipse.pde.api.tools.ui.internal.markers,DefaultApiProfileResolution,runInUIThread,4,1,1
eclipse.pde.ui-20120217-1437,org.eclipse.pde.api.tools.ui.internal.markers,DuplicateTagResolution,DuplicateTagResolution,3,1,1
eclipse.pde.ui-20120217-1437,org.eclipse.pde.api.tools.ui.internal.markers,DuplicateTagResolution,getLabel,10,1,0
eclipse.pde.ui-20120217-1437,org.eclipse.pde.api.tools.ui.internal.markers,FilterProblemResolution,FilterProblemResolution,3,1,1
eclipse.pde.ui-20120217-1437,org.eclipse.pde.api.tools.ui.internal.markers,FilterProblemResolution,getDescription,14,2,0
eclipse.pde.ui-20120217-1437,org.eclipse.pde.api.tools.ui.internal.markers,FilterProblemResolution,getImage,3,1,0
eclipse.pde.ui-20120217-1437,org.eclipse.pde.api.tools.ui.internal.markers,FilterProblemResolution,getLabel,15,3,0
eclipse.pde.ui-20120217-1437,org.eclipse.pde.api.tools.ui.internal.markers,FilterProblemResolution,resolveCategoryName,38,8,0
eclipse.pde.ui-20120217-1437,org.eclipse.pde.api.tools.ui.internal.markers,FilterProblemResolution,resolveElementFromMarker,14,3,0
eclipse.pde.ui-20120217-1437,org.eclipse.pde.api.tools.ui.internal.markers,FilterProblemResolution,run,5,1,2
eclipse.pde.ui-20120217-1437,org.eclipse.pde.api.tools.ui.internal.markers,FilterProblemResolution,run,3,1,1
eclipse.pde.ui-20120217-1437,org.eclipse.pde.api.tools.ui.internal.markers,FilterProblemResolution,findOtherMarkers,15,3,1
eclipse.pde.ui-20120217-1437,org.eclipse.pde.api.tools.ui.internal.markers,FilterProblemWithCommentResolution,FilterProblemWithCommentResolution,3,1,1
eclipse.pde.ui-20120217-1437,org.eclipse.pde.api.tools.ui.internal.markers,FilterProblemWithCommentResolution,getLabel,15,3,0
eclipse.pde.ui-20120217-1437,org.eclipse.pde.api.tools.ui.internal.markers,FilterProblemWithCommentResolution,run,5,1,2
eclipse.pde.ui-20120217-1437,org.eclipse.pde.api.tools.ui.internal.markers,InstallEEDescriptionProblemResolution,getLabel,3,1,0
eclipse.pde.ui-20120217-1437,org.eclipse.pde.api.tools.ui.internal.markers,InstallEEDescriptionProblemResolution,run,30,2,1
eclipse.pde.ui-20120217-1437,org.eclipse.pde.api.tools.ui.internal.markers,InstallEEDescriptionProblemResolution,runInUIThread,23,2,1
eclipse.pde.ui-20120217-1437,org.eclipse.pde.api.tools.ui.internal.markers,InstallEEDescriptionProblemResolution,getDescription,3,1,0
eclipse.pde.ui-20120217-1437,org.eclipse.pde.api.tools.ui.internal.markers,InstallEEDescriptionProblemResolution,getImage,3,1,0
eclipse.pde.ui-20120217-1437,org.eclipse.pde.api.tools.ui.internal.markers,JavadocTagOperation,JavadocTagOperation,3,1,1
eclipse.pde.ui-20120217-1437,org.eclipse.pde.api.tools.ui.internal.markers,JavadocTagOperation,setMarker,3,1,1
eclipse.pde.ui-20120217-1437,org.eclipse.pde.api.tools.ui.internal.markers,JavadocTagOperation,getMarker,3,1,0
eclipse.pde.ui-20120217-1437,org.eclipse.pde.api.tools.ui.internal.markers,JavadocTagOperation,findNode,7,1,1
eclipse.pde.ui-20120217-1437,org.eclipse.pde.api.tools.ui.internal.markers,JavadocTagOperation,createAST,10,1,3
eclipse.pde.ui-20120217-1437,org.eclipse.pde.api.tools.ui.internal.markers,JavadocTagOperation,getMarkerMessageArguments,9,3,0
eclipse.pde.ui-20120217-1437,org.eclipse.pde.api.tools.ui.internal.markers,JavadocTagOperation,createAST,3,1,1
eclipse.pde.ui-20120217-1437,org.eclipse.pde.api.tools.ui.internal.markers,JavadocTagOperation,getFocalPosition,6,2,0
eclipse.pde.ui-20120217-1437,org.eclipse.pde.api.tools.ui.internal.markers,JavadocTagOperation,getParentKind,9,3,1
eclipse.pde.ui-20120217-1437,org.eclipse.pde.api.tools.ui.internal.markers,JavadocTagOperation,isConstructor,6,2,1
eclipse.pde.ui-20120217-1437,org.eclipse.pde.api.tools.ui.internal.markers,JavadocTagOperation,updateMonitor,8,3,2
eclipse.pde.ui-20120217-1437,org.eclipse.pde.api.tools.ui.internal.markers,MarkerMessages,MarkerMessages,2,1,0
eclipse.pde.ui-20120217-1437,org.eclipse.pde.api.tools.ui.internal.markers,MissingEEDescriptionProblemResolution,getLabel,3,1,0
eclipse.pde.ui-20120217-1437,org.eclipse.pde.api.tools.ui.internal.markers,MissingEEDescriptionProblemResolution,run,11,1,1
eclipse.pde.ui-20120217-1437,org.eclipse.pde.api.tools.ui.internal.markers,MissingEEDescriptionProblemResolution,runInUIThread,4,1,1
eclipse.pde.ui-20120217-1437,org.eclipse.pde.api.tools.ui.internal.markers,MissingEEDescriptionProblemResolution,getDescription,3,1,0
eclipse.pde.ui-20120217-1437,org.eclipse.pde.api.tools.ui.internal.markers,MissingEEDescriptionProblemResolution,getImage,3,1,0
eclipse.pde.ui-20120217-1437,org.eclipse.pde.api.tools.ui.internal.markers,NodeFinder,NodeFinder,3,1,1
eclipse.pde.ui-20120217-1437,org.eclipse.pde.api.tools.ui.internal.markers,NodeFinder,visit,3,1,1
eclipse.pde.ui-20120217-1437,org.eclipse.pde.api.tools.ui.internal.markers,NodeFinder,visit,3,1,1
eclipse.pde.ui-20120217-1437,org.eclipse.pde.api.tools.ui.internal.markers,NodeFinder,visit,3,1,1
eclipse.pde.ui-20120217-1437,org.eclipse.pde.api.tools.ui.internal.markers,NodeFinder,visit,3,1,1
eclipse.pde.ui-20120217-1437,org.eclipse.pde.api.tools.ui.internal.markers,NodeFinder,visit,3,1,1
eclipse.pde.ui-20120217-1437,org.eclipse.pde.api.tools.ui.internal.markers,NodeFinder,visit,3,1,1
eclipse.pde.ui-20120217-1437,org.eclipse.pde.api.tools.ui.internal.markers,NodeFinder,visit,3,1,1
eclipse.pde.ui-20120217-1437,org.eclipse.pde.api.tools.ui.internal.markers,NodeFinder,visit,3,1,1
eclipse.pde.ui-20120217-1437,org.eclipse.pde.api.tools.ui.internal.markers,NodeFinder,visitNode,24,10,1
eclipse.pde.ui-20120217-1437,org.eclipse.pde.api.tools.ui.internal.markers,NodeFinder,getNode,3,1,0
eclipse.pde.ui-20120217-1437,org.eclipse.pde.api.tools.ui.internal.markers,OpenPropertyPageResolution,OpenPropertyPageResolution,8,1,3
eclipse.pde.ui-20120217-1437,org.eclipse.pde.api.tools.ui.internal.markers,OpenPropertyPageResolution,getDescription,3,1,0
eclipse.pde.ui-20120217-1437,org.eclipse.pde.api.tools.ui.internal.markers,OpenPropertyPageResolution,getImage,3,1,0
eclipse.pde.ui-20120217-1437,org.eclipse.pde.api.tools.ui.internal.markers,OpenPropertyPageResolution,getLabel,3,1,0
eclipse.pde.ui-20120217-1437,org.eclipse.pde.api.tools.ui.internal.markers,OpenPropertyPageResolution,run,12,1,1
eclipse.pde.ui-20120217-1437,org.eclipse.pde.api.tools.ui.internal.markers,OpenPropertyPageResolution,runInUIThread,4,1,1
eclipse.pde.ui-20120217-1437,org.eclipse.pde.api.tools.ui.internal.markers,RemoveFilterProblemResolution,RemoveFilterProblemResolution,4,1,2
eclipse.pde.ui-20120217-1437,org.eclipse.pde.api.tools.ui.internal.markers,RemoveFilterProblemResolution,getDescription,3,1,0
eclipse.pde.ui-20120217-1437,org.eclipse.pde.api.tools.ui.internal.markers,RemoveFilterProblemResolution,getImage,3,1,0
eclipse.pde.ui-20120217-1437,org.eclipse.pde.api.tools.ui.internal.markers,RemoveFilterProblemResolution,getLabel,6,2,0
eclipse.pde.ui-20120217-1437,org.eclipse.pde.api.tools.ui.internal.markers,RemoveFilterProblemResolution,run,63,9,2
eclipse.pde.ui-20120217-1437,org.eclipse.pde.api.tools.ui.internal.markers,RemoveFilterProblemResolution,run,3,1,1
eclipse.pde.ui-20120217-1437,org.eclipse.pde.api.tools.ui.internal.markers,RemoveFilterProblemResolution,findOtherMarkers,15,3,1
eclipse.pde.ui-20120217-1437,org.eclipse.pde.api.tools.ui.internal.markers,RemoveUnsupportedTagOperation,RemoveUnsupportedTagOperation,4,1,1
eclipse.pde.ui-20120217-1437,org.eclipse.pde.api.tools.ui.internal.markers,RemoveUnsupportedTagOperation,runInUIThread,86,13,1
eclipse.pde.ui-20120217-1437,org.eclipse.pde.api.tools.ui.internal.markers,SinceTagResolution,SinceTagResolution,4,1,1
eclipse.pde.ui-20120217-1437,org.eclipse.pde.api.tools.ui.internal.markers,SinceTagResolution,getDescription,11,3,0
eclipse.pde.ui-20120217-1437,org.eclipse.pde.api.tools.ui.internal.markers,SinceTagResolution,getImage,3,1,0
eclipse.pde.ui-20120217-1437,org.eclipse.pde.api.tools.ui.internal.markers,SinceTagResolution,getLabel,11,3,0
eclipse.pde.ui-20120217-1437,org.eclipse.pde.api.tools.ui.internal.markers,SinceTagResolution,run,22,3,1
eclipse.pde.ui-20120217-1437,org.eclipse.pde.api.tools.ui.internal.markers,SinceTagResolution,runInUIThread,5,1,1
eclipse.pde.ui-20120217-1437,org.eclipse.pde.api.tools.ui.internal.markers,UnsupportedTagResolution,UnsupportedTagResolution,3,1,1
eclipse.pde.ui-20120217-1437,org.eclipse.pde.api.tools.ui.internal.markers,UnsupportedTagResolution,getDescription,6,2,0
eclipse.pde.ui-20120217-1437,org.eclipse.pde.api.tools.ui.internal.markers,UnsupportedTagResolution,getImage,3,1,0
eclipse.pde.ui-20120217-1437,org.eclipse.pde.api.tools.ui.internal.markers,UnsupportedTagResolution,getLabel,13,2,0
eclipse.pde.ui-20120217-1437,org.eclipse.pde.api.tools.ui.internal.markers,UnsupportedTagResolution,run,4,1,1
eclipse.pde.ui-20120217-1437,org.eclipse.pde.api.tools.ui.internal.markers,UnsupportedTagResolution,run,4,1,2
eclipse.pde.ui-20120217-1437,org.eclipse.pde.api.tools.ui.internal.markers,UnsupportedTagResolution,findOtherMarkers,11,3,1
eclipse.pde.ui-20120217-1437,org.eclipse.pde.api.tools.ui.internal.markers,UpdateBundleVersionOperation,UpdateBundleVersionOperation,4,1,2
eclipse.pde.ui-20120217-1437,org.eclipse.pde.api.tools.ui.internal.markers,UpdateBundleVersionOperation,run,44,10,1
eclipse.pde.ui-20120217-1437,org.eclipse.pde.api.tools.ui.internal.markers,UpdateBundleVersionOperation,modifyModel,10,3,2
eclipse.pde.ui-20120217-1437,org.eclipse.pde.api.tools.ui.internal.markers,UpdateProjectSettingResolution,UpdateProjectSettingResolution,3,1,1
eclipse.pde.ui-20120217-1437,org.eclipse.pde.api.tools.ui.internal.markers,UpdateProjectSettingResolution,getDescription,14,2,0
eclipse.pde.ui-20120217-1437,org.eclipse.pde.api.tools.ui.internal.markers,UpdateProjectSettingResolution,getImage,3,1,0
eclipse.pde.ui-20120217-1437,org.eclipse.pde.api.tools.ui.internal.markers,UpdateProjectSettingResolution,getLabel,3,1,0
eclipse.pde.ui-20120217-1437,org.eclipse.pde.api.tools.ui.internal.markers,UpdateProjectSettingResolution,resolveElementFromMarker,14,3,0
eclipse.pde.ui-20120217-1437,org.eclipse.pde.api.tools.ui.internal.markers,UpdateProjectSettingResolution,run,5,1,1
eclipse.pde.ui-20120217-1437,org.eclipse.pde.api.tools.ui.internal.markers,UpdateProjectSettingsOperation,UpdateProjectSettingsOperation,4,1,1
eclipse.pde.ui-20120217-1437,org.eclipse.pde.api.tools.ui.internal.markers,UpdateProjectSettingsOperation,runInUIThread,42,9,1
eclipse.pde.ui-20120217-1437,org.eclipse.pde.api.tools.ui.internal.markers,UpdateSinceTagOperation,UpdateSinceTagOperation,5,1,3
eclipse.pde.ui-20120217-1437,org.eclipse.pde.api.tools.ui.internal.markers,UpdateSinceTagOperation,run,150,26,1
eclipse.pde.ui-20120217-1437,org.eclipse.pde.api.tools.ui.internal.markers,VersionNumberingResolution,VersionNumberingResolution,5,1,1
eclipse.pde.ui-20120217-1437,org.eclipse.pde.api.tools.ui.internal.markers,VersionNumberingResolution,getDescription,16,6,0
eclipse.pde.ui-20120217-1437,org.eclipse.pde.api.tools.ui.internal.markers,VersionNumberingResolution,getImage,3,1,0
eclipse.pde.ui-20120217-1437,org.eclipse.pde.api.tools.ui.internal.markers,VersionNumberingResolution,getLabel,16,6,0
eclipse.pde.ui-20120217-1437,org.eclipse.pde.api.tools.ui.internal.markers,VersionNumberingResolution,run,31,6,1
eclipse.pde.ui-20120217-1437,org.eclipse.pde.api.tools.ui.internal.markers,VersionNumberingResolution,runInUIThread,4,1,1
eclipse.pde.ui-20120217-1437,org.eclipse.pde.api.tools.ui.internal.preferences,ApiBaselinePreferencePage,isDefaultBaseline,3,1,1
eclipse.pde.ui-20120217-1437,org.eclipse.pde.api.tools.ui.internal.preferences,ApiBaselinePreferencePage,createContents,121,7,1
eclipse.pde.ui-20120217-1437,org.eclipse.pde.api.tools.ui.internal.preferences,ApiBaselinePreferencePage,keyReleased,5,2,1
eclipse.pde.ui-20120217-1437,org.eclipse.pde.api.tools.ui.internal.preferences,ApiBaselinePreferencePage,doubleClick,4,1,1
eclipse.pde.ui-20120217-1437,org.eclipse.pde.api.tools.ui.internal.preferences,ApiBaselinePreferencePage,selectionChanged,5,1,1
eclipse.pde.ui-20120217-1437,org.eclipse.pde.api.tools.ui.internal.preferences,ApiBaselinePreferencePage,checkStateChanged,18,2,1
eclipse.pde.ui-20120217-1437,org.eclipse.pde.api.tools.ui.internal.preferences,ApiBaselinePreferencePage,compare,3,1,3
eclipse.pde.ui-20120217-1437,org.eclipse.pde.api.tools.ui.internal.preferences,ApiBaselinePreferencePage,run,4,1,0
eclipse.pde.ui-20120217-1437,org.eclipse.pde.api.tools.ui.internal.preferences,ApiBaselinePreferencePage,widgetSelected,20,4,1
eclipse.pde.ui-20120217-1437,org.eclipse.pde.api.tools.ui.internal.preferences,ApiBaselinePreferencePage,widgetSelected,3,1,1
eclipse.pde.ui-20120217-1437,org.eclipse.pde.api.tools.ui.internal.preferences,ApiBaselinePreferencePage,widgetSelected,3,1,1
eclipse.pde.ui-20120217-1437,org.eclipse.pde.api.tools.ui.internal.preferences,ApiBaselinePreferencePage,isRemovedBaseline,3,1,1
eclipse.pde.ui-20120217-1437,org.eclipse.pde.api.tools.ui.internal.preferences,ApiBaselinePreferencePage,doRemove,16,4,0
eclipse.pde.ui-20120217-1437,org.eclipse.pde.api.tools.ui.internal.preferences,ApiBaselinePreferencePage,doEdit,22,4,1
eclipse.pde.ui-20120217-1437,org.eclipse.pde.api.tools.ui.internal.preferences,ApiBaselinePreferencePage,isDefault,15,4,1
eclipse.pde.ui-20120217-1437,org.eclipse.pde.api.tools.ui.internal.preferences,ApiBaselinePreferencePage,getCurrentSelection,7,2,0
eclipse.pde.ui-20120217-1437,org.eclipse.pde.api.tools.ui.internal.preferences,ApiBaselinePreferencePage,init,2,1,1
eclipse.pde.ui-20120217-1437,org.eclipse.pde.api.tools.ui.internal.preferences,ApiBaselinePreferencePage,performCancel,9,2,0
eclipse.pde.ui-20120217-1437,org.eclipse.pde.api.tools.ui.internal.preferences,ApiBaselinePreferencePage,applyChanges,28,8,0
eclipse.pde.ui-20120217-1437,org.eclipse.pde.api.tools.ui.internal.preferences,ApiBaselinePreferencePage,performOk,5,1,0
eclipse.pde.ui-20120217-1437,org.eclipse.pde.api.tools.ui.internal.preferences,ApiBaselinePreferencePage,performApply,4,1,0
eclipse.pde.ui-20120217-1437,org.eclipse.pde.api.tools.ui.internal.preferences,ApiBaselinePreferencePage,performDefaults,4,1,0
eclipse.pde.ui-20120217-1437,org.eclipse.pde.api.tools.ui.internal.preferences,BaselineLabelProvider,isDefaultBaseline,3,1,1
eclipse.pde.ui-20120217-1437,org.eclipse.pde.api.tools.ui.internal.preferences,ApiBaselinesConfigurationBlock,ControlData,4,1,2
eclipse.pde.ui-20120217-1437,org.eclipse.pde.api.tools.ui.internal.preferences,ApiBaselinesConfigurationBlock,getKey,3,1,0
eclipse.pde.ui-20120217-1437,org.eclipse.pde.api.tools.ui.internal.preferences,ApiBaselinesConfigurationBlock,getValue,4,1,1
eclipse.pde.ui-20120217-1437,org.eclipse.pde.api.tools.ui.internal.preferences,ApiBaselinesConfigurationBlock,getValue,3,1,1
eclipse.pde.ui-20120217-1437,org.eclipse.pde.api.tools.ui.internal.preferences,ApiBaselinesConfigurationBlock,getSelection,10,4,1
eclipse.pde.ui-20120217-1437,org.eclipse.pde.api.tools.ui.internal.preferences,ApiBaselinesConfigurationBlock,Key,4,1,2
eclipse.pde.ui-20120217-1437,org.eclipse.pde.api.tools.ui.internal.preferences,ApiBaselinesConfigurationBlock,getNode,7,2,2
eclipse.pde.ui-20120217-1437,org.eclipse.pde.api.tools.ui.internal.preferences,ApiBaselinesConfigurationBlock,getStoredValue,7,2,2
eclipse.pde.ui-20120217-1437,org.eclipse.pde.api.tools.ui.internal.preferences,ApiBaselinesConfigurationBlock,getStoredValue,9,3,3
eclipse.pde.ui-20120217-1437,org.eclipse.pde.api.tools.ui.internal.preferences,ApiBaselinesConfigurationBlock,setStoredValue,9,2,3
eclipse.pde.ui-20120217-1437,org.eclipse.pde.api.tools.ui.internal.preferences,ApiBaselinesConfigurationBlock,toString,3,1,0
eclipse.pde.ui-20120217-1437,org.eclipse.pde.api.tools.ui.internal.preferences,ApiBaselinesConfigurationBlock,getApiToolsKey,3,1,1
eclipse.pde.ui-20120217-1437,org.eclipse.pde.api.tools.ui.internal.preferences,ApiBaselinesConfigurationBlock,widgetSelected,9,2,1
eclipse.pde.ui-20120217-1437,org.eclipse.pde.api.tools.ui.internal.preferences,ApiBaselinesConfigurationBlock,ApiBaselinesConfigurationBlock,10,2,1
eclipse.pde.ui-20120217-1437,org.eclipse.pde.api.tools.ui.internal.preferences,ApiBaselinesConfigurationBlock,createControl,8,1,2
eclipse.pde.ui-20120217-1437,org.eclipse.pde.api.tools.ui.internal.preferences,ApiBaselinesConfigurationBlock,performOK,3,1,0
eclipse.pde.ui-20120217-1437,org.eclipse.pde.api.tools.ui.internal.preferences,ApiBaselinesConfigurationBlock,performApply,3,1,0
eclipse.pde.ui-20120217-1437,org.eclipse.pde.api.tools.ui.internal.preferences,ApiBaselinesConfigurationBlock,save,25,6,0
eclipse.pde.ui-20120217-1437,org.eclipse.pde.api.tools.ui.internal.preferences,ApiBaselinesConfigurationBlock,performCancel,2,1,0
eclipse.pde.ui-20120217-1437,org.eclipse.pde.api.tools.ui.internal.preferences,ApiBaselinesConfigurationBlock,performDefaults,9,2,0
eclipse.pde.ui-20120217-1437,org.eclipse.pde.api.tools.ui.internal.preferences,ApiBaselinesConfigurationBlock,updateCombos,6,2,0
eclipse.pde.ui-20120217-1437,org.eclipse.pde.api.tools.ui.internal.preferences,ApiBaselinesConfigurationBlock,dispose,3,1,0
eclipse.pde.ui-20120217-1437,org.eclipse.pde.api.tools.ui.internal.preferences,ApiBaselinesConfigurationBlock,createComboControl,15,1,3
eclipse.pde.ui-20120217-1437,org.eclipse.pde.api.tools.ui.internal.preferences,ApiBaselinesConfigurationBlock,collectChanges,22,6,2
eclipse.pde.ui-20120217-1437,org.eclipse.pde.api.tools.ui.internal.preferences,ApiBaselinesConfigurationBlock,getAllKeys,3,1,0
eclipse.pde.ui-20120217-1437,org.eclipse.pde.api.tools.ui.internal.preferences,ControlData,ControlData,4,1,2
eclipse.pde.ui-20120217-1437,org.eclipse.pde.api.tools.ui.internal.preferences,ControlData,getKey,3,1,0
eclipse.pde.ui-20120217-1437,org.eclipse.pde.api.tools.ui.internal.preferences,ControlData,getValue,4,1,1
eclipse.pde.ui-20120217-1437,org.eclipse.pde.api.tools.ui.internal.preferences,ControlData,getValue,3,1,1
eclipse.pde.ui-20120217-1437,org.eclipse.pde.api.tools.ui.internal.preferences,ControlData,getSelection,10,4,1
eclipse.pde.ui-20120217-1437,org.eclipse.pde.api.tools.ui.internal.preferences,Key,Key,4,1,2
eclipse.pde.ui-20120217-1437,org.eclipse.pde.api.tools.ui.internal.preferences,Key,getNode,7,2,2
eclipse.pde.ui-20120217-1437,org.eclipse.pde.api.tools.ui.internal.preferences,Key,getStoredValue,7,2,2
eclipse.pde.ui-20120217-1437,org.eclipse.pde.api.tools.ui.internal.preferences,Key,getStoredValue,9,3,3
eclipse.pde.ui-20120217-1437,org.eclipse.pde.api.tools.ui.internal.preferences,Key,setStoredValue,9,2,3
eclipse.pde.ui-20120217-1437,org.eclipse.pde.api.tools.ui.internal.preferences,Key,toString,3,1,0
eclipse.pde.ui-20120217-1437,org.eclipse.pde.api.tools.ui.internal.preferences,ApiErrorsWarningsConfigurationBlock,ControlData,4,1,2
eclipse.pde.ui-20120217-1437,org.eclipse.pde.api.tools.ui.internal.preferences,ApiErrorsWarningsConfigurationBlock,getKey,3,1,0
eclipse.pde.ui-20120217-1437,org.eclipse.pde.api.tools.ui.internal.preferences,ApiErrorsWarningsConfigurationBlock,getValue,4,1,1
eclipse.pde.ui-20120217-1437,org.eclipse.pde.api.tools.ui.internal.preferences,ApiErrorsWarningsConfigurationBlock,getValue,3,1,1
eclipse.pde.ui-20120217-1437,org.eclipse.pde.api.tools.ui.internal.preferences,ApiErrorsWarningsConfigurationBlock,getSelection,10,4,1
eclipse.pde.ui-20120217-1437,org.eclipse.pde.api.tools.ui.internal.preferences,ApiErrorsWarningsConfigurationBlock,Key,4,1,2
eclipse.pde.ui-20120217-1437,org.eclipse.pde.api.tools.ui.internal.preferences,ApiErrorsWarningsConfigurationBlock,getNode,7,2,2
eclipse.pde.ui-20120217-1437,org.eclipse.pde.api.tools.ui.internal.preferences,ApiErrorsWarningsConfigurationBlock,getStoredValue,7,2,2
eclipse.pde.ui-20120217-1437,org.eclipse.pde.api.tools.ui.internal.preferences,ApiErrorsWarningsConfigurationBlock,getStoredValue,9,3,3
eclipse.pde.ui-20120217-1437,org.eclipse.pde.api.tools.ui.internal.preferences,ApiErrorsWarningsConfigurationBlock,setStoredValue,9,2,3
eclipse.pde.ui-20120217-1437,org.eclipse.pde.api.tools.ui.internal.preferences,ApiErrorsWarningsConfigurationBlock,toString,3,1,0
eclipse.pde.ui-20120217-1437,org.eclipse.pde.api.tools.ui.internal.preferences,ApiErrorsWarningsConfigurationBlock,getApiToolsKey,3,1,1
eclipse.pde.ui-20120217-1437,org.eclipse.pde.api.tools.ui.internal.preferences,ApiErrorsWarningsConfigurationBlock,widgetSelected,17,3,1
eclipse.pde.ui-20120217-1437,org.eclipse.pde.api.tools.ui.internal.preferences,ApiErrorsWarningsConfigurationBlock,validateSettings,10,3,3
eclipse.pde.ui-20120217-1437,org.eclipse.pde.api.tools.ui.internal.preferences,ApiErrorsWarningsConfigurationBlock,checkValue,3,1,2
eclipse.pde.ui-20120217-1437,org.eclipse.pde.api.tools.ui.internal.preferences,ApiErrorsWarningsConfigurationBlock,getValue,6,2,1
eclipse.pde.ui-20120217-1437,org.eclipse.pde.api.tools.ui.internal.preferences,ApiErrorsWarningsConfigurationBlock,setValue,10,2,2
eclipse.pde.ui-20120217-1437,org.eclipse.pde.api.tools.ui.internal.preferences,ApiErrorsWarningsConfigurationBlock,updateEnableStates,12,3,0
eclipse.pde.ui-20120217-1437,org.eclipse.pde.api.tools.ui.internal.preferences,ApiErrorsWarningsConfigurationBlock,SetAllSelectionAdapter,4,1,2
eclipse.pde.ui-20120217-1437,org.eclipse.pde.api.tools.ui.internal.preferences,ApiErrorsWarningsConfigurationBlock,widgetSelected,19,6,1
eclipse.pde.ui-20120217-1437,org.eclipse.pde.api.tools.ui.internal.preferences,ApiErrorsWarningsConfigurationBlock,ApiErrorsWarningsConfigurationBlock,24,5,2
eclipse.pde.ui-20120217-1437,org.eclipse.pde.api.tools.ui.internal.preferences,ApiErrorsWarningsConfigurationBlock,createControl,18,1,1
eclipse.pde.ui-20120217-1437,org.eclipse.pde.api.tools.ui.internal.preferences,ApiErrorsWarningsConfigurationBlock,initializeComboControls,5,2,3
eclipse.pde.ui-20120217-1437,org.eclipse.pde.api.tools.ui.internal.preferences,ApiErrorsWarningsConfigurationBlock,convertWidthInCharsToPixels,7,1,2
eclipse.pde.ui-20120217-1437,org.eclipse.pde.api.tools.ui.internal.preferences,ApiErrorsWarningsConfigurationBlock,addCheckBox,23,2,5
eclipse.pde.ui-20120217-1437,org.eclipse.pde.api.tools.ui.internal.preferences,ApiErrorsWarningsConfigurationBlock,createPage,45,6,4
eclipse.pde.ui-20120217-1437,org.eclipse.pde.api.tools.ui.internal.preferences,ApiErrorsWarningsConfigurationBlock,createAPIUseScanPage,4,1,1
eclipse.pde.ui-20120217-1437,org.eclipse.pde.api.tools.ui.internal.preferences,ApiErrorsWarningsConfigurationBlock,createCompatibilityPage,35,1,1
eclipse.pde.ui-20120217-1437,org.eclipse.pde.api.tools.ui.internal.preferences,ApiErrorsWarningsConfigurationBlock,handleEvent,3,1,1
eclipse.pde.ui-20120217-1437,org.eclipse.pde.api.tools.ui.internal.preferences,ApiErrorsWarningsConfigurationBlock,createApiComponentResolutionPage,5,1,1
eclipse.pde.ui-20120217-1437,org.eclipse.pde.api.tools.ui.internal.preferences,ApiErrorsWarningsConfigurationBlock,createVersionManagementPage,6,1,1
eclipse.pde.ui-20120217-1437,org.eclipse.pde.api.tools.ui.internal.preferences,ApiErrorsWarningsConfigurationBlock,createApiScanningPage,23,1,1
eclipse.pde.ui-20120217-1437,org.eclipse.pde.api.tools.ui.internal.preferences,ApiErrorsWarningsConfigurationBlock,handleEvent,3,1,1
eclipse.pde.ui-20120217-1437,org.eclipse.pde.api.tools.ui.internal.preferences,ApiErrorsWarningsConfigurationBlock,initializeInstalledMetatadata,54,6,1
eclipse.pde.ui-20120217-1437,org.eclipse.pde.api.tools.ui.internal.preferences,ApiErrorsWarningsConfigurationBlock,widgetSelected,18,1,1
eclipse.pde.ui-20120217-1437,org.eclipse.pde.api.tools.ui.internal.preferences,ApiErrorsWarningsConfigurationBlock,handleCommandException,3,1,0
eclipse.pde.ui-20120217-1437,org.eclipse.pde.api.tools.ui.internal.preferences,ApiErrorsWarningsConfigurationBlock,setAllTo,9,2,2
eclipse.pde.ui-20120217-1437,org.eclipse.pde.api.tools.ui.internal.preferences,ApiErrorsWarningsConfigurationBlock,createExpansibleComposite,15,1,2
eclipse.pde.ui-20120217-1437,org.eclipse.pde.api.tools.ui.internal.preferences,ApiErrorsWarningsConfigurationBlock,expansionStateChanged,4,1,1
eclipse.pde.ui-20120217-1437,org.eclipse.pde.api.tools.ui.internal.preferences,ApiErrorsWarningsConfigurationBlock,getScrollingParent,16,5,1
eclipse.pde.ui-20120217-1437,org.eclipse.pde.api.tools.ui.internal.preferences,ApiErrorsWarningsConfigurationBlock,handleExpand,18,3,1
eclipse.pde.ui-20120217-1437,org.eclipse.pde.api.tools.ui.internal.preferences,ApiErrorsWarningsConfigurationBlock,performOK,4,1,0
eclipse.pde.ui-20120217-1437,org.eclipse.pde.api.tools.ui.internal.preferences,ApiErrorsWarningsConfigurationBlock,performApply,3,1,0
eclipse.pde.ui-20120217-1437,org.eclipse.pde.api.tools.ui.internal.preferences,ApiErrorsWarningsConfigurationBlock,save,29,7,0
eclipse.pde.ui-20120217-1437,org.eclipse.pde.api.tools.ui.internal.preferences,ApiErrorsWarningsConfigurationBlock,performCancel,3,1,0
eclipse.pde.ui-20120217-1437,org.eclipse.pde.api.tools.ui.internal.preferences,ApiErrorsWarningsConfigurationBlock,performDefaults,11,2,0
eclipse.pde.ui-20120217-1437,org.eclipse.pde.api.tools.ui.internal.preferences,ApiErrorsWarningsConfigurationBlock,updateControls,13,3,0
eclipse.pde.ui-20120217-1437,org.eclipse.pde.api.tools.ui.internal.preferences,ApiErrorsWarningsConfigurationBlock,enableControl,10,3,2
eclipse.pde.ui-20120217-1437,org.eclipse.pde.api.tools.ui.internal.preferences,ApiErrorsWarningsConfigurationBlock,dispose,6,1,0
eclipse.pde.ui-20120217-1437,org.eclipse.pde.api.tools.ui.internal.preferences,ApiErrorsWarningsConfigurationBlock,createComboControl,15,1,3
eclipse.pde.ui-20120217-1437,org.eclipse.pde.api.tools.ui.internal.preferences,ApiErrorsWarningsConfigurationBlock,restoreExpansionState,11,3,0
eclipse.pde.ui-20120217-1437,org.eclipse.pde.api.tools.ui.internal.preferences,ApiErrorsWarningsConfigurationBlock,persistExpansionState,6,2,0
eclipse.pde.ui-20120217-1437,org.eclipse.pde.api.tools.ui.internal.preferences,ApiErrorsWarningsConfigurationBlock,useProjectSpecificSettings,26,6,1
eclipse.pde.ui-20120217-1437,org.eclipse.pde.api.tools.ui.internal.preferences,ApiErrorsWarningsConfigurationBlock,hasProjectSpecificSettings,11,4,1
eclipse.pde.ui-20120217-1437,org.eclipse.pde.api.tools.ui.internal.preferences,ApiErrorsWarningsConfigurationBlock,collectChanges,20,6,2
eclipse.pde.ui-20120217-1437,org.eclipse.pde.api.tools.ui.internal.preferences,ApiErrorsWarningsConfigurationBlock,getAllKeys,3,1,0
eclipse.pde.ui-20120217-1437,org.eclipse.pde.api.tools.ui.internal.preferences,ApiErrorsWarningsConfigurationBlock,getCheckBox,10,3,1
eclipse.pde.ui-20120217-1437,org.eclipse.pde.api.tools.ui.internal.preferences,ApiErrorsWarningsConfigurationBlock,selectTab,5,2,1
eclipse.pde.ui-20120217-1437,org.eclipse.pde.api.tools.ui.internal.preferences,ControlData,ControlData,4,1,2
eclipse.pde.ui-20120217-1437,org.eclipse.pde.api.tools.ui.internal.preferences,ControlData,getKey,3,1,0
eclipse.pde.ui-20120217-1437,org.eclipse.pde.api.tools.ui.internal.preferences,ControlData,getValue,4,1,1
eclipse.pde.ui-20120217-1437,org.eclipse.pde.api.tools.ui.internal.preferences,ControlData,getValue,3,1,1
eclipse.pde.ui-20120217-1437,org.eclipse.pde.api.tools.ui.internal.preferences,ControlData,getSelection,10,4,1
eclipse.pde.ui-20120217-1437,org.eclipse.pde.api.tools.ui.internal.preferences,Key,Key,4,1,2
eclipse.pde.ui-20120217-1437,org.eclipse.pde.api.tools.ui.internal.preferences,Key,getNode,7,2,2
eclipse.pde.ui-20120217-1437,org.eclipse.pde.api.tools.ui.internal.preferences,Key,getStoredValue,7,2,2
eclipse.pde.ui-20120217-1437,org.eclipse.pde.api.tools.ui.internal.preferences,Key,getStoredValue,9,3,3
eclipse.pde.ui-20120217-1437,org.eclipse.pde.api.tools.ui.internal.preferences,Key,setStoredValue,9,2,3
eclipse.pde.ui-20120217-1437,org.eclipse.pde.api.tools.ui.internal.preferences,Key,toString,3,1,0
eclipse.pde.ui-20120217-1437,org.eclipse.pde.api.tools.ui.internal.preferences,SetAllSelectionAdapter,SetAllSelectionAdapter,4,1,2
eclipse.pde.ui-20120217-1437,org.eclipse.pde.api.tools.ui.internal.preferences,SetAllSelectionAdapter,widgetSelected,19,6,1
eclipse.pde.ui-20120217-1437,org.eclipse.pde.api.tools.ui.internal.preferences,ApiErrorsWarningsPreferencePage,ApiErrorsWarningsPreferencePage,3,1,0
eclipse.pde.ui-20120217-1437,org.eclipse.pde.api.tools.ui.internal.preferences,ApiErrorsWarningsPreferencePage,createContents,40,4,1
eclipse.pde.ui-20120217-1437,org.eclipse.pde.api.tools.ui.internal.preferences,ApiErrorsWarningsPreferencePage,widgetSelected,25,4,1
eclipse.pde.ui-20120217-1437,org.eclipse.pde.api.tools.ui.internal.preferences,ApiErrorsWarningsPreferencePage,dispose,6,2,0
eclipse.pde.ui-20120217-1437,org.eclipse.pde.api.tools.ui.internal.preferences,ApiErrorsWarningsPreferencePage,init,2,1,1
eclipse.pde.ui-20120217-1437,org.eclipse.pde.api.tools.ui.internal.preferences,ApiErrorsWarningsPreferencePage,performCancel,4,1,0
eclipse.pde.ui-20120217-1437,org.eclipse.pde.api.tools.ui.internal.preferences,ApiErrorsWarningsPreferencePage,performOk,4,1,0
eclipse.pde.ui-20120217-1437,org.eclipse.pde.api.tools.ui.internal.preferences,ApiErrorsWarningsPreferencePage,performApply,4,1,0
eclipse.pde.ui-20120217-1437,org.eclipse.pde.api.tools.ui.internal.preferences,ApiErrorsWarningsPreferencePage,performDefaults,4,1,0
eclipse.pde.ui-20120217-1437,org.eclipse.pde.api.tools.ui.internal.preferences,ApiErrorsWarningsPreferencePage,applyData,18,5,1
eclipse.pde.ui-20120217-1437,org.eclipse.pde.api.tools.ui.internal.preferences,ApiUseScanConfigurationBlock,ControlData,4,1,2
eclipse.pde.ui-20120217-1437,org.eclipse.pde.api.tools.ui.internal.preferences,ApiUseScanConfigurationBlock,getKey,3,1,0
eclipse.pde.ui-20120217-1437,org.eclipse.pde.api.tools.ui.internal.preferences,ApiUseScanConfigurationBlock,getValue,4,1,1
eclipse.pde.ui-20120217-1437,org.eclipse.pde.api.tools.ui.internal.preferences,ApiUseScanConfigurationBlock,getValue,3,1,1
eclipse.pde.ui-20120217-1437,org.eclipse.pde.api.tools.ui.internal.preferences,ApiUseScanConfigurationBlock,getSelection,10,4,1
eclipse.pde.ui-20120217-1437,org.eclipse.pde.api.tools.ui.internal.preferences,ApiUseScanConfigurationBlock,Key,4,1,2
eclipse.pde.ui-20120217-1437,org.eclipse.pde.api.tools.ui.internal.preferences,ApiUseScanConfigurationBlock,getNode,7,2,2
eclipse.pde.ui-20120217-1437,org.eclipse.pde.api.tools.ui.internal.preferences,ApiUseScanConfigurationBlock,getStoredValue,7,2,2
eclipse.pde.ui-20120217-1437,org.eclipse.pde.api.tools.ui.internal.preferences,ApiUseScanConfigurationBlock,getStoredValue,9,3,3
eclipse.pde.ui-20120217-1437,org.eclipse.pde.api.tools.ui.internal.preferences,ApiUseScanConfigurationBlock,setStoredValue,9,2,3
eclipse.pde.ui-20120217-1437,org.eclipse.pde.api.tools.ui.internal.preferences,ApiUseScanConfigurationBlock,toString,3,1,0
eclipse.pde.ui-20120217-1437,org.eclipse.pde.api.tools.ui.internal.preferences,ApiUseScanConfigurationBlock,getApiToolsKey,3,1,1
eclipse.pde.ui-20120217-1437,org.eclipse.pde.api.tools.ui.internal.preferences,ApiUseScanConfigurationBlock,widgetSelected,8,2,1
eclipse.pde.ui-20120217-1437,org.eclipse.pde.api.tools.ui.internal.preferences,ApiUseScanConfigurationBlock,ApiUseScanConfigurationBlock,5,1,1
eclipse.pde.ui-20120217-1437,org.eclipse.pde.api.tools.ui.internal.preferences,ApiUseScanConfigurationBlock,createControl,10,1,1
eclipse.pde.ui-20120217-1437,org.eclipse.pde.api.tools.ui.internal.preferences,ApiUseScanConfigurationBlock,performOK,3,1,0
eclipse.pde.ui-20120217-1437,org.eclipse.pde.api.tools.ui.internal.preferences,ApiUseScanConfigurationBlock,performApply,3,1,0
eclipse.pde.ui-20120217-1437,org.eclipse.pde.api.tools.ui.internal.preferences,ApiUseScanConfigurationBlock,save,12,2,0
eclipse.pde.ui-20120217-1437,org.eclipse.pde.api.tools.ui.internal.preferences,ApiUseScanConfigurationBlock,performCancel,2,1,0
eclipse.pde.ui-20120217-1437,org.eclipse.pde.api.tools.ui.internal.preferences,ApiUseScanConfigurationBlock,performDefaults,8,2,0
eclipse.pde.ui-20120217-1437,org.eclipse.pde.api.tools.ui.internal.preferences,ApiUseScanConfigurationBlock,updateCombos,8,3,0
eclipse.pde.ui-20120217-1437,org.eclipse.pde.api.tools.ui.internal.preferences,ApiUseScanConfigurationBlock,dispose,3,1,0
eclipse.pde.ui-20120217-1437,org.eclipse.pde.api.tools.ui.internal.preferences,ApiUseScanConfigurationBlock,createComboControl,15,1,3
eclipse.pde.ui-20120217-1437,org.eclipse.pde.api.tools.ui.internal.preferences,ApiUseScanConfigurationBlock,collectChanges,22,6,2
eclipse.pde.ui-20120217-1437,org.eclipse.pde.api.tools.ui.internal.preferences,ApiUseScanConfigurationBlock,getAllKeys,3,1,0
eclipse.pde.ui-20120217-1437,org.eclipse.pde.api.tools.ui.internal.preferences,ApiUseScanConfigurationBlock,setEnabled,6,2,1
eclipse.pde.ui-20120217-1437,org.eclipse.pde.api.tools.ui.internal.preferences,ControlData,ControlData,4,1,2
eclipse.pde.ui-20120217-1437,org.eclipse.pde.api.tools.ui.internal.preferences,ControlData,getKey,3,1,0
eclipse.pde.ui-20120217-1437,org.eclipse.pde.api.tools.ui.internal.preferences,ControlData,getValue,4,1,1
eclipse.pde.ui-20120217-1437,org.eclipse.pde.api.tools.ui.internal.preferences,ControlData,getValue,3,1,1
eclipse.pde.ui-20120217-1437,org.eclipse.pde.api.tools.ui.internal.preferences,ControlData,getSelection,10,4,1
eclipse.pde.ui-20120217-1437,org.eclipse.pde.api.tools.ui.internal.preferences,Key,Key,4,1,2
eclipse.pde.ui-20120217-1437,org.eclipse.pde.api.tools.ui.internal.preferences,Key,getNode,7,2,2
eclipse.pde.ui-20120217-1437,org.eclipse.pde.api.tools.ui.internal.preferences,Key,getStoredValue,7,2,2
eclipse.pde.ui-20120217-1437,org.eclipse.pde.api.tools.ui.internal.preferences,Key,getStoredValue,9,3,3
eclipse.pde.ui-20120217-1437,org.eclipse.pde.api.tools.ui.internal.preferences,Key,setStoredValue,9,2,3
eclipse.pde.ui-20120217-1437,org.eclipse.pde.api.tools.ui.internal.preferences,Key,toString,3,1,0
eclipse.pde.ui-20120217-1437,org.eclipse.pde.api.tools.ui.internal.preferences,ApiUseScanPreferencePage,dispose,6,2,0
eclipse.pde.ui-20120217-1437,org.eclipse.pde.api.tools.ui.internal.preferences,ApiUseScanPreferencePage,getImage,11,3,1
eclipse.pde.ui-20120217-1437,org.eclipse.pde.api.tools.ui.internal.preferences,ApiUseScanPreferencePage,init,2,1,1
eclipse.pde.ui-20120217-1437,org.eclipse.pde.api.tools.ui.internal.preferences,ApiUseScanPreferencePage,createContents,101,5,1
eclipse.pde.ui-20120217-1437,org.eclipse.pde.api.tools.ui.internal.preferences,ApiUseScanPreferencePage,keyReleased,5,2,1
eclipse.pde.ui-20120217-1437,org.eclipse.pde.api.tools.ui.internal.preferences,ApiUseScanPreferencePage,widgetSelected,3,1,1
eclipse.pde.ui-20120217-1437,org.eclipse.pde.api.tools.ui.internal.preferences,ApiUseScanPreferencePage,widgetSelected,3,1,1
eclipse.pde.ui-20120217-1437,org.eclipse.pde.api.tools.ui.internal.preferences,ApiUseScanPreferencePage,widgetSelected,8,3,1
eclipse.pde.ui-20120217-1437,org.eclipse.pde.api.tools.ui.internal.preferences,ApiUseScanPreferencePage,widgetSelected,6,2,1
eclipse.pde.ui-20120217-1437,org.eclipse.pde.api.tools.ui.internal.preferences,ApiUseScanPreferencePage,widgetSelected,3,1,1
eclipse.pde.ui-20120217-1437,org.eclipse.pde.api.tools.ui.internal.preferences,ApiUseScanPreferencePage,widgetSelected,3,1,1
eclipse.pde.ui-20120217-1437,org.eclipse.pde.api.tools.ui.internal.preferences,ApiUseScanPreferencePage,selectionChanged,5,1,1
eclipse.pde.ui-20120217-1437,org.eclipse.pde.api.tools.ui.internal.preferences,ApiUseScanPreferencePage,doubleClick,3,1,1
eclipse.pde.ui-20120217-1437,org.eclipse.pde.api.tools.ui.internal.preferences,ApiUseScanPreferencePage,select,4,1,1
eclipse.pde.ui-20120217-1437,org.eclipse.pde.api.tools.ui.internal.preferences,ApiUseScanPreferencePage,getDirectory,8,2,1
eclipse.pde.ui-20120217-1437,org.eclipse.pde.api.tools.ui.internal.preferences,ApiUseScanPreferencePage,getArchive,10,2,1
eclipse.pde.ui-20120217-1437,org.eclipse.pde.api.tools.ui.internal.preferences,ApiUseScanPreferencePage,addLocation,7,1,1
eclipse.pde.ui-20120217-1437,org.eclipse.pde.api.tools.ui.internal.preferences,ApiUseScanPreferencePage,edit,16,3,0
eclipse.pde.ui-20120217-1437,org.eclipse.pde.api.tools.ui.internal.preferences,ApiUseScanPreferencePage,removeLocation,6,1,0
eclipse.pde.ui-20120217-1437,org.eclipse.pde.api.tools.ui.internal.preferences,ApiUseScanPreferencePage,validateScans,15,4,0
eclipse.pde.ui-20120217-1437,org.eclipse.pde.api.tools.ui.internal.preferences,ApiUseScanPreferencePage,performOk,4,1,0
eclipse.pde.ui-20120217-1437,org.eclipse.pde.api.tools.ui.internal.preferences,ApiUseScanPreferencePage,performApply,3,1,0
eclipse.pde.ui-20120217-1437,org.eclipse.pde.api.tools.ui.internal.preferences,ApiUseScanPreferencePage,performDefaults,5,1,0
eclipse.pde.ui-20120217-1437,org.eclipse.pde.api.tools.ui.internal.preferences,ApiUseScanPreferencePage,performInit,24,5,0
eclipse.pde.ui-20120217-1437,org.eclipse.pde.api.tools.ui.internal.preferences,ApiUseScanPreferencePage,applyChanges,25,5,0
eclipse.pde.ui-20120217-1437,org.eclipse.pde.api.tools.ui.internal.preferences,ApiUseScanPreferencePage,hasLocationsChanges,26,8,1
eclipse.pde.ui-20120217-1437,org.eclipse.pde.api.tools.ui.internal.preferences,ApiUseScanPreferencePage,setStoredValue,9,2,2
eclipse.pde.ui-20120217-1437,org.eclipse.pde.api.tools.ui.internal.preferences,ApiUseScanPreferencePage,getStoredValue,7,2,2
eclipse.pde.ui-20120217-1437,org.eclipse.pde.api.tools.ui.internal.preferences,ApiUseScanPreferencePage,getNode,7,2,0
eclipse.pde.ui-20120217-1437,org.eclipse.pde.api.tools.ui.internal.preferences,TableColumnLabelProvider,dispose,6,2,0
eclipse.pde.ui-20120217-1437,org.eclipse.pde.api.tools.ui.internal.preferences,TableColumnLabelProvider,getImage,11,3,1
eclipse.pde.ui-20120217-1437,org.eclipse.pde.api.tools.ui.internal.preferences,PreferenceMessages,PreferenceMessages,2,1,0
eclipse.pde.ui-20120217-1437,org.eclipse.pde.api.tools.ui.internal.preferences,ProjectSelectionDialog,getChildren,20,4,1
eclipse.pde.ui-20120217-1437,org.eclipse.pde.api.tools.ui.internal.preferences,ProjectSelectionDialog,ProjectSelectionDialog,12,1,2
eclipse.pde.ui-20120217-1437,org.eclipse.pde.api.tools.ui.internal.preferences,ProjectSelectionDialog,select,3,1,3
eclipse.pde.ui-20120217-1437,org.eclipse.pde.api.tools.ui.internal.preferences,ProjectSelectionDialog,createDialogArea,47,1,1
eclipse.pde.ui-20120217-1437,org.eclipse.pde.api.tools.ui.internal.preferences,ProjectSelectionDialog,selectionChanged,3,1,1
eclipse.pde.ui-20120217-1437,org.eclipse.pde.api.tools.ui.internal.preferences,ProjectSelectionDialog,doubleClick,3,1,1
eclipse.pde.ui-20120217-1437,org.eclipse.pde.api.tools.ui.internal.preferences,ProjectSelectionDialog,widgetSelected,3,1,1
eclipse.pde.ui-20120217-1437,org.eclipse.pde.api.tools.ui.internal.preferences,ProjectSelectionDialog,widgetDefaultSelected,3,1,1
eclipse.pde.ui-20120217-1437,org.eclipse.pde.api.tools.ui.internal.preferences,ProjectSelectionDialog,doSelectionChanged,10,2,1
eclipse.pde.ui-20120217-1437,org.eclipse.pde.api.tools.ui.internal.preferences,ProjectSelectionDialog,updateFilter,9,2,1
eclipse.pde.ui-20120217-1437,org.eclipse.pde.api.tools.ui.internal.preferences,ProjectSelectionDialog,computeResult,2,1,0
eclipse.pde.ui-20120217-1437,org.eclipse.pde.api.tools.ui.internal.preferences,ApiJavaElementContentProvider,getChildren,20,4,1
eclipse.pde.ui-20120217-1437,org.eclipse.pde.api.tools.ui.internal.properties,ApiErrorsWarningsPropertyPage,createContents,42,4,1
eclipse.pde.ui-20120217-1437,org.eclipse.pde.api.tools.ui.internal.properties,ApiErrorsWarningsPropertyPage,widgetSelected,7,2,1
eclipse.pde.ui-20120217-1437,org.eclipse.pde.api.tools.ui.internal.properties,ApiErrorsWarningsPropertyPage,widgetSelected,5,1,1
eclipse.pde.ui-20120217-1437,org.eclipse.pde.api.tools.ui.internal.properties,ApiErrorsWarningsPropertyPage,offerLink,3,1,0
eclipse.pde.ui-20120217-1437,org.eclipse.pde.api.tools.ui.internal.properties,ApiErrorsWarningsPropertyPage,getProject,10,3,0
eclipse.pde.ui-20120217-1437,org.eclipse.pde.api.tools.ui.internal.properties,ApiErrorsWarningsPropertyPage,performCancel,4,1,0
eclipse.pde.ui-20120217-1437,org.eclipse.pde.api.tools.ui.internal.properties,ApiErrorsWarningsPropertyPage,performOk,4,1,0
eclipse.pde.ui-20120217-1437,org.eclipse.pde.api.tools.ui.internal.properties,ApiErrorsWarningsPropertyPage,performDefaults,4,1,0
eclipse.pde.ui-20120217-1437,org.eclipse.pde.api.tools.ui.internal.properties,ApiErrorsWarningsPropertyPage,performApply,4,1,0
eclipse.pde.ui-20120217-1437,org.eclipse.pde.api.tools.ui.internal.properties,ApiErrorsWarningsPropertyPage,dispose,4,1,0
eclipse.pde.ui-20120217-1437,org.eclipse.pde.api.tools.ui.internal.properties,ApiErrorsWarningsPropertyPage,applyData,8,3,1
eclipse.pde.ui-20120217-1437,org.eclipse.pde.api.tools.ui.internal.properties,ApiFiltersPropertyPage,CommentChange,4,1,2
eclipse.pde.ui-20120217-1437,org.eclipse.pde.api.tools.ui.internal.properties,ApiFiltersPropertyPage,equals,3,1,1
eclipse.pde.ui-20120217-1437,org.eclipse.pde.api.tools.ui.internal.properties,ApiFiltersPropertyPage,hashCode,3,1,0
eclipse.pde.ui-20120217-1437,org.eclipse.pde.api.tools.ui.internal.properties,ApiFiltersPropertyPage,category,6,2,1
eclipse.pde.ui-20120217-1437,org.eclipse.pde.api.tools.ui.internal.properties,ApiFiltersPropertyPage,getChildren,11,2,1
eclipse.pde.ui-20120217-1437,org.eclipse.pde.api.tools.ui.internal.properties,ApiFiltersPropertyPage,hasChildren,11,2,1
eclipse.pde.ui-20120217-1437,org.eclipse.pde.api.tools.ui.internal.properties,ApiFiltersPropertyPage,getElements,6,2,1
eclipse.pde.ui-20120217-1437,org.eclipse.pde.api.tools.ui.internal.properties,ApiFiltersPropertyPage,getParent,3,1,1
eclipse.pde.ui-20120217-1437,org.eclipse.pde.api.tools.ui.internal.properties,ApiFiltersPropertyPage,dispose,2,1,0
eclipse.pde.ui-20120217-1437,org.eclipse.pde.api.tools.ui.internal.properties,ApiFiltersPropertyPage,inputChanged,2,1,3
eclipse.pde.ui-20120217-1437,org.eclipse.pde.api.tools.ui.internal.properties,ApiFiltersPropertyPage,createContents,112,9,1
eclipse.pde.ui-20120217-1437,org.eclipse.pde.api.tools.ui.internal.properties,ApiFiltersPropertyPage,keyPressed,5,2,1
eclipse.pde.ui-20120217-1437,org.eclipse.pde.api.tools.ui.internal.properties,ApiFiltersPropertyPage,select,3,1,3
eclipse.pde.ui-20120217-1437,org.eclipse.pde.api.tools.ui.internal.properties,ApiFiltersPropertyPage,selectionChanged,27,4,1
eclipse.pde.ui-20120217-1437,org.eclipse.pde.api.tools.ui.internal.properties,ApiFiltersPropertyPage,doubleClick,12,3,1
eclipse.pde.ui-20120217-1437,org.eclipse.pde.api.tools.ui.internal.properties,ApiFiltersPropertyPage,widgetSelected,4,1,1
eclipse.pde.ui-20120217-1437,org.eclipse.pde.api.tools.ui.internal.properties,ApiFiltersPropertyPage,widgetSelected,4,1,1
eclipse.pde.ui-20120217-1437,org.eclipse.pde.api.tools.ui.internal.properties,ApiFiltersPropertyPage,handleEdit,19,4,1
eclipse.pde.ui-20120217-1437,org.eclipse.pde.api.tools.ui.internal.properties,ApiFiltersPropertyPage,handleRemove,29,6,1
eclipse.pde.ui-20120217-1437,org.eclipse.pde.api.tools.ui.internal.properties,ApiFiltersPropertyPage,getIndexes,15,3,1
eclipse.pde.ui-20120217-1437,org.eclipse.pde.api.tools.ui.internal.properties,ApiFiltersPropertyPage,updateSelection,27,5,1
eclipse.pde.ui-20120217-1437,org.eclipse.pde.api.tools.ui.internal.properties,ApiFiltersPropertyPage,updateParents,9,3,0
eclipse.pde.ui-20120217-1437,org.eclipse.pde.api.tools.ui.internal.properties,ApiFiltersPropertyPage,collectDeletions,23,6,2
eclipse.pde.ui-20120217-1437,org.eclipse.pde.api.tools.ui.internal.properties,ApiFiltersPropertyPage,getProject,6,2,0
eclipse.pde.ui-20120217-1437,org.eclipse.pde.api.tools.ui.internal.properties,ApiFiltersPropertyPage,getFilterStore,11,3,0
eclipse.pde.ui-20120217-1437,org.eclipse.pde.api.tools.ui.internal.properties,ApiFiltersPropertyPage,performCancel,8,2,0
eclipse.pde.ui-20120217-1437,org.eclipse.pde.api.tools.ui.internal.properties,ApiFiltersPropertyPage,performOk,44,10,0
eclipse.pde.ui-20120217-1437,org.eclipse.pde.api.tools.ui.internal.properties,CommentChange,CommentChange,4,1,2
eclipse.pde.ui-20120217-1437,org.eclipse.pde.api.tools.ui.internal.properties,CommentChange,equals,3,1,1
eclipse.pde.ui-20120217-1437,org.eclipse.pde.api.tools.ui.internal.properties,CommentChange,hashCode,3,1,0
eclipse.pde.ui-20120217-1437,org.eclipse.pde.api.tools.ui.internal.properties,ApiFilterComparator,category,6,2,1
eclipse.pde.ui-20120217-1437,org.eclipse.pde.api.tools.ui.internal.properties,TreeContentProvider,getChildren,11,2,1
eclipse.pde.ui-20120217-1437,org.eclipse.pde.api.tools.ui.internal.properties,TreeContentProvider,hasChildren,11,2,1
eclipse.pde.ui-20120217-1437,org.eclipse.pde.api.tools.ui.internal.properties,TreeContentProvider,getElements,6,2,1
eclipse.pde.ui-20120217-1437,org.eclipse.pde.api.tools.ui.internal.properties,TreeContentProvider,getParent,3,1,1
eclipse.pde.ui-20120217-1437,org.eclipse.pde.api.tools.ui.internal.properties,TreeContentProvider,dispose,2,1,0
eclipse.pde.ui-20120217-1437,org.eclipse.pde.api.tools.ui.internal.properties,TreeContentProvider,inputChanged,2,1,3
eclipse.pde.ui-20120217-1437,org.eclipse.pde.api.tools.ui.internal.properties,PropertiesMessages,PropertiesMessages,2,1,0
eclipse.pde.ui-20120217-1437,org.eclipse.pde.api.tools.ui.internal.refactoring,FilterChange,FilterChange,5,1,3
eclipse.pde.ui-20120217-1437,org.eclipse.pde.api.tools.ui.internal.refactoring,FilterChange,performDelete,0,1,0
eclipse.pde.ui-20120217-1437,org.eclipse.pde.api.tools.ui.internal.refactoring,FilterChange,performAdd,0,1,0
eclipse.pde.ui-20120217-1437,org.eclipse.pde.api.tools.ui.internal.refactoring,FilterChange,perform,13,3,1
eclipse.pde.ui-20120217-1437,org.eclipse.pde.api.tools.ui.internal.refactoring,FilterChange,getAddName,3,1,0
eclipse.pde.ui-20120217-1437,org.eclipse.pde.api.tools.ui.internal.refactoring,FilterChange,getDeleteName,4,1,0
eclipse.pde.ui-20120217-1437,org.eclipse.pde.api.tools.ui.internal.refactoring,FilterChange,getRenameName,4,1,0
eclipse.pde.ui-20120217-1437,org.eclipse.pde.api.tools.ui.internal.refactoring,FilterChange,getMoveName,4,1,0
eclipse.pde.ui-20120217-1437,org.eclipse.pde.api.tools.ui.internal.refactoring,FilterChange,getName,13,3,0
eclipse.pde.ui-20120217-1437,org.eclipse.pde.api.tools.ui.internal.refactoring,FilterChange,initializeValidationData,2,1,1
eclipse.pde.ui-20120217-1437,org.eclipse.pde.api.tools.ui.internal.refactoring,FilterChange,isValid,3,1,1
eclipse.pde.ui-20120217-1437,org.eclipse.pde.api.tools.ui.internal.refactoring,FilterChange,getModifiedElement,3,1,0
eclipse.pde.ui-20120217-1437,org.eclipse.pde.api.tools.ui.internal.refactoring,FilterDeleteParticipant,checkConditions,3,1,2
eclipse.pde.ui-20120217-1437,org.eclipse.pde.api.tools.ui.internal.refactoring,FilterDeleteParticipant,createChange,3,1,1
eclipse.pde.ui-20120217-1437,org.eclipse.pde.api.tools.ui.internal.refactoring,FilterDeleteParticipant,getName,3,1,0
eclipse.pde.ui-20120217-1437,org.eclipse.pde.api.tools.ui.internal.refactoring,FilterDeleteParticipant,createPreChange,13,3,1
eclipse.pde.ui-20120217-1437,org.eclipse.pde.api.tools.ui.internal.refactoring,FilterDeleteParticipant,initialize,7,2,1
eclipse.pde.ui-20120217-1437,org.eclipse.pde.api.tools.ui.internal.refactoring,FilterMoveParticipant,checkConditions,3,1,2
eclipse.pde.ui-20120217-1437,org.eclipse.pde.api.tools.ui.internal.refactoring,FilterMoveParticipant,createChange,3,1,1
eclipse.pde.ui-20120217-1437,org.eclipse.pde.api.tools.ui.internal.refactoring,FilterMoveParticipant,createPreChange,13,3,1
eclipse.pde.ui-20120217-1437,org.eclipse.pde.api.tools.ui.internal.refactoring,FilterMoveParticipant,getName,3,1,0
eclipse.pde.ui-20120217-1437,org.eclipse.pde.api.tools.ui.internal.refactoring,FilterMoveParticipant,initialize,7,2,1
eclipse.pde.ui-20120217-1437,org.eclipse.pde.api.tools.ui.internal.refactoring,FilterRenameParticipant,checkConditions,3,1,2
eclipse.pde.ui-20120217-1437,org.eclipse.pde.api.tools.ui.internal.refactoring,FilterRenameParticipant,createChange,3,1,1
eclipse.pde.ui-20120217-1437,org.eclipse.pde.api.tools.ui.internal.refactoring,FilterRenameParticipant,createPreChange,13,3,1
eclipse.pde.ui-20120217-1437,org.eclipse.pde.api.tools.ui.internal.refactoring,FilterRenameParticipant,getName,3,1,0
eclipse.pde.ui-20120217-1437,org.eclipse.pde.api.tools.ui.internal.refactoring,FilterRenameParticipant,initialize,7,2,1
eclipse.pde.ui-20120217-1437,org.eclipse.pde.api.tools.ui.internal.refactoring,RefactoringMessages,RefactoringMessages,2,1,0
eclipse.pde.ui-20120217-1437,org.eclipse.pde.api.tools.ui.internal.refactoring,RefactoringUtils,createDeleteFilterChanges,22,5,1
eclipse.pde.ui-20120217-1437,org.eclipse.pde.api.tools.ui.internal.refactoring,RefactoringUtils,createDeleteFilterChanges,22,5,1
eclipse.pde.ui-20120217-1437,org.eclipse.pde.api.tools.ui.internal.refactoring,RefactoringUtils,collectAllAffectedFilters,20,4,2
eclipse.pde.ui-20120217-1437,org.eclipse.pde.api.tools.ui.internal.refactoring,RefactoringUtils,collectAffectedTypes,19,4,1
eclipse.pde.ui-20120217-1437,org.eclipse.pde.api.tools.ui.internal.refactoring,RefactoringUtils,createRenameFilterChanges,3,1,2
eclipse.pde.ui-20120217-1437,org.eclipse.pde.api.tools.ui.internal.refactoring,RefactoringUtils,createRenameFilterChanges,3,1,2
eclipse.pde.ui-20120217-1437,org.eclipse.pde.api.tools.ui.internal.refactoring,RefactoringUtils,resolveFilterStore,7,2,1
eclipse.pde.ui-20120217-1437,org.eclipse.pde.api.tools.ui.internal.refactoring,RefactoringUtils,getNewQualifiedName,14,3,2
eclipse.pde.ui-20120217-1437,org.eclipse.pde.api.tools.ui.internal.refactoring,RefactoringUtils,getNewQualifiedName,3,1,2
eclipse.pde.ui-20120217-1437,org.eclipse.pde.api.tools.ui.internal.refactoring,RefactoringUtils,getNewResourcePath,11,3,2
eclipse.pde.ui-20120217-1437,org.eclipse.pde.api.tools.ui.internal.refactoring,TypeFilterChange,TypeFilterChange,5,1,5
eclipse.pde.ui-20120217-1437,org.eclipse.pde.api.tools.ui.internal.refactoring,TypeFilterChange,performAdd,4,1,0
eclipse.pde.ui-20120217-1437,org.eclipse.pde.api.tools.ui.internal.refactoring,TypeFilterChange,performDelete,6,2,0
eclipse.pde.ui-20120217-1437,org.eclipse.pde.api.tools.ui.internal.use,ApiUseLaunchDelegate,launch,5,1,4
eclipse.pde.ui-20120217-1437,org.eclipse.pde.api.tools.ui.internal.use,ApiUseLaunchDelegate,buildForLaunch,3,1,3
eclipse.pde.ui-20120217-1437,org.eclipse.pde.api.tools.ui.internal.use,ApiUsePatternTab,getColumnImage,3,1,2
eclipse.pde.ui-20120217-1437,org.eclipse.pde.api.tools.ui.internal.use,ApiUsePatternTab,getColumnText,35,8,2
eclipse.pde.ui-20120217-1437,org.eclipse.pde.api.tools.ui.internal.use,ApiUsePatternTab,isValid,12,2,1
eclipse.pde.ui-20120217-1437,org.eclipse.pde.api.tools.ui.internal.use,ApiUsePatternTab,Pattern,4,1,2
eclipse.pde.ui-20120217-1437,org.eclipse.pde.api.tools.ui.internal.use,ApiUsePatternTab,toString,3,1,0
eclipse.pde.ui-20120217-1437,org.eclipse.pde.api.tools.ui.internal.use,ApiUsePatternTab,compare,3,1,2
eclipse.pde.ui-20120217-1437,org.eclipse.pde.api.tools.ui.internal.use,ApiUsePatternTab,createControl,88,5,1
eclipse.pde.ui-20120217-1437,org.eclipse.pde.api.tools.ui.internal.use,ApiUsePatternTab,category,3,1,1
eclipse.pde.ui-20120217-1437,org.eclipse.pde.api.tools.ui.internal.use,ApiUsePatternTab,selectionChanged,3,1,1
eclipse.pde.ui-20120217-1437,org.eclipse.pde.api.tools.ui.internal.use,ApiUsePatternTab,doubleClick,3,1,1
eclipse.pde.ui-20120217-1437,org.eclipse.pde.api.tools.ui.internal.use,ApiUsePatternTab,keyPressed,5,2,1
eclipse.pde.ui-20120217-1437,org.eclipse.pde.api.tools.ui.internal.use,ApiUsePatternTab,widgetSelected,9,2,1
eclipse.pde.ui-20120217-1437,org.eclipse.pde.api.tools.ui.internal.use,ApiUsePatternTab,widgetSelected,3,1,1
eclipse.pde.ui-20120217-1437,org.eclipse.pde.api.tools.ui.internal.use,ApiUsePatternTab,widgetSelected,3,1,1
eclipse.pde.ui-20120217-1437,org.eclipse.pde.api.tools.ui.internal.use,ApiUsePatternTab,getShell,3,1,0
eclipse.pde.ui-20120217-1437,org.eclipse.pde.api.tools.ui.internal.use,ApiUsePatternTab,updateLaunchConfigurationDialog,3,1,0
eclipse.pde.ui-20120217-1437,org.eclipse.pde.api.tools.ui.internal.use,ApiUsePatternTab,doRemove,8,2,0
eclipse.pde.ui-20120217-1437,org.eclipse.pde.api.tools.ui.internal.use,ApiUsePatternTab,doEdit,12,2,0
eclipse.pde.ui-20120217-1437,org.eclipse.pde.api.tools.ui.internal.use,ApiUsePatternTab,updateButtons,5,1,1
eclipse.pde.ui-20120217-1437,org.eclipse.pde.api.tools.ui.internal.use,ApiUsePatternTab,getName,3,1,0
eclipse.pde.ui-20120217-1437,org.eclipse.pde.api.tools.ui.internal.use,ApiUsePatternTab,getImage,3,1,0
eclipse.pde.ui-20120217-1437,org.eclipse.pde.api.tools.ui.internal.use,ApiUsePatternTab,initializeFrom,39,11,1
eclipse.pde.ui-20120217-1437,org.eclipse.pde.api.tools.ui.internal.use,ApiUsePatternTab,addPattern,3,1,2
eclipse.pde.ui-20120217-1437,org.eclipse.pde.api.tools.ui.internal.use,ApiUsePatternTab,removePattern,3,1,1
eclipse.pde.ui-20120217-1437,org.eclipse.pde.api.tools.ui.internal.use,ApiUsePatternTab,performApply,43,7,1
eclipse.pde.ui-20120217-1437,org.eclipse.pde.api.tools.ui.internal.use,ApiUsePatternTab,setDefaults,2,1,1
eclipse.pde.ui-20120217-1437,org.eclipse.pde.api.tools.ui.internal.use,Labels,getColumnImage,3,1,2
eclipse.pde.ui-20120217-1437,org.eclipse.pde.api.tools.ui.internal.use,Labels,getColumnText,35,8,2
eclipse.pde.ui-20120217-1437,org.eclipse.pde.api.tools.ui.internal.use,RegexValidator,isValid,12,2,1
eclipse.pde.ui-20120217-1437,org.eclipse.pde.api.tools.ui.internal.use,Pattern,Pattern,4,1,2
eclipse.pde.ui-20120217-1437,org.eclipse.pde.api.tools.ui.internal.use,Pattern,toString,3,1,0
eclipse.pde.ui-20120217-1437,org.eclipse.pde.api.tools.ui.internal.use,ApiUseScanJob,ApiUseScanJob,4,1,1
eclipse.pde.ui-20120217-1437,org.eclipse.pde.api.tools.ui.internal.use,ApiUseScanJob,run,96,15,1
eclipse.pde.ui-20120217-1437,org.eclipse.pde.api.tools.ui.internal.use,ApiUseScanJob,getStrings,6,2,1
eclipse.pde.ui-20120217-1437,org.eclipse.pde.api.tools.ui.internal.use,ApiUseScanJob,abort,3,1,1
eclipse.pde.ui-20120217-1437,org.eclipse.pde.api.tools.ui.internal.use,ApiUseScanJob,createApiBaseline,37,9,2
eclipse.pde.ui-20120217-1437,org.eclipse.pde.api.tools.ui.internal.use,ApiUseScanJob,getTargetService,3,1,0
eclipse.pde.ui-20120217-1437,org.eclipse.pde.api.tools.ui.internal.use,ApiUseScanJob,getContext,25,4,4
eclipse.pde.ui-20120217-1437,org.eclipse.pde.api.tools.ui.internal.use,ApiUseScanJob,getPattern,9,3,1
eclipse.pde.ui-20120217-1437,org.eclipse.pde.api.tools.ui.internal.use,ApiUseScanJob,acceptComponent,16,5,3
eclipse.pde.ui-20120217-1437,org.eclipse.pde.api.tools.ui.internal.use,ApiUseScanJob,isSpecified,4,1,1
eclipse.pde.ui-20120217-1437,org.eclipse.pde.api.tools.ui.internal.use,ApiUseScanJob,performReportCreation,45,5,8
eclipse.pde.ui-20120217-1437,org.eclipse.pde.api.tools.ui.internal.use,ApiUseScanJob,runInUIThread,12,1,1
eclipse.pde.ui-20120217-1437,org.eclipse.pde.api.tools.ui.internal.use,ApiUseScanJob,cleanReportLocation,9,2,2
eclipse.pde.ui-20120217-1437,org.eclipse.pde.api.tools.ui.internal.use,ApiUseScanJob,scrubReportLocation,16,4,2
eclipse.pde.ui-20120217-1437,org.eclipse.pde.api.tools.ui.internal.use,ApiUseScanJob,createBaseline,20,4,2
eclipse.pde.ui-20120217-1437,org.eclipse.pde.api.tools.ui.internal.use,ApiUseScanJob,createBaseline,9,2,2
eclipse.pde.ui-20120217-1437,org.eclipse.pde.api.tools.ui.internal.use,ApiUseScanTab,widgetSelected,3,1,1
eclipse.pde.ui-20120217-1437,org.eclipse.pde.api.tools.ui.internal.use,ApiUseScanTab,modifyText,3,1,1
eclipse.pde.ui-20120217-1437,org.eclipse.pde.api.tools.ui.internal.use,ApiUseScanTab,createControl,168,9,1
eclipse.pde.ui-20120217-1437,org.eclipse.pde.api.tools.ui.internal.use,ApiUseScanTab,widgetSelected,3,1,1
eclipse.pde.ui-20120217-1437,org.eclipse.pde.api.tools.ui.internal.use,ApiUseScanTab,widgetSelected,19,5,1
eclipse.pde.ui-20120217-1437,org.eclipse.pde.api.tools.ui.internal.use,ApiUseScanTab,widgetSelected,3,1,1
eclipse.pde.ui-20120217-1437,org.eclipse.pde.api.tools.ui.internal.use,ApiUseScanTab,widgetSelected,18,5,1
eclipse.pde.ui-20120217-1437,org.eclipse.pde.api.tools.ui.internal.use,ApiUseScanTab,widgetSelected,3,1,1
eclipse.pde.ui-20120217-1437,org.eclipse.pde.api.tools.ui.internal.use,ApiUseScanTab,modifyText,3,1,1
eclipse.pde.ui-20120217-1437,org.eclipse.pde.api.tools.ui.internal.use,ApiUseScanTab,widgetSelected,4,1,1
eclipse.pde.ui-20120217-1437,org.eclipse.pde.api.tools.ui.internal.use,ApiUseScanTab,widgetSelected,3,1,1
eclipse.pde.ui-20120217-1437,org.eclipse.pde.api.tools.ui.internal.use,ApiUseScanTab,widgetSelected,3,1,1
eclipse.pde.ui-20120217-1437,org.eclipse.pde.api.tools.ui.internal.use,ApiUseScanTab,widgetSelected,4,1,1
eclipse.pde.ui-20120217-1437,org.eclipse.pde.api.tools.ui.internal.use,ApiUseScanTab,updateDialog,3,1,0
eclipse.pde.ui-20120217-1437,org.eclipse.pde.api.tools.ui.internal.use,ApiUseScanTab,scheduleUpdate,3,1,0
eclipse.pde.ui-20120217-1437,org.eclipse.pde.api.tools.ui.internal.use,ApiUseScanTab,getTabShell,3,1,0
eclipse.pde.ui-20120217-1437,org.eclipse.pde.api.tools.ui.internal.use,ApiUseScanTab,updateTarget,67,5,0
eclipse.pde.ui-20120217-1437,org.eclipse.pde.api.tools.ui.internal.use,ApiUseScanTab,updateReportOptions,5,1,0
eclipse.pde.ui-20120217-1437,org.eclipse.pde.api.tools.ui.internal.use,ApiUseScanTab,setGroupEnablement,6,2,2
eclipse.pde.ui-20120217-1437,org.eclipse.pde.api.tools.ui.internal.use,ApiUseScanTab,getTargetKind,17,5,0
eclipse.pde.ui-20120217-1437,org.eclipse.pde.api.tools.ui.internal.use,ApiUseScanTab,getName,3,1,0
eclipse.pde.ui-20120217-1437,org.eclipse.pde.api.tools.ui.internal.use,ApiUseScanTab,getImage,3,1,0
eclipse.pde.ui-20120217-1437,org.eclipse.pde.api.tools.ui.internal.use,ApiUseScanTab,updateAvailableTargets,43,7,0
eclipse.pde.ui-20120217-1437,org.eclipse.pde.api.tools.ui.internal.use,ApiUseScanTab,compare,16,4,2
eclipse.pde.ui-20120217-1437,org.eclipse.pde.api.tools.ui.internal.use,ApiUseScanTab,getTargetService,3,1,0
eclipse.pde.ui-20120217-1437,org.eclipse.pde.api.tools.ui.internal.use,ApiUseScanTab,updateAvailableBaselines,8,2,0
eclipse.pde.ui-20120217-1437,org.eclipse.pde.api.tools.ui.internal.use,ApiUseScanTab,initializeFrom,54,7,1
eclipse.pde.ui-20120217-1437,org.eclipse.pde.api.tools.ui.internal.use,ApiUseScanTab,updateRadioButtons,44,5,1
eclipse.pde.ui-20120217-1437,org.eclipse.pde.api.tools.ui.internal.use,ApiUseScanTab,isSpecified,4,1,2
eclipse.pde.ui-20120217-1437,org.eclipse.pde.api.tools.ui.internal.use,ApiUseScanTab,restoreComboSelection,15,3,2
eclipse.pde.ui-20120217-1437,org.eclipse.pde.api.tools.ui.internal.use,ApiUseScanTab,performApply,26,2,1
eclipse.pde.ui-20120217-1437,org.eclipse.pde.api.tools.ui.internal.use,ApiUseScanTab,getTargetMemento,13,2,0
eclipse.pde.ui-20120217-1437,org.eclipse.pde.api.tools.ui.internal.use,ApiUseScanTab,getTargetHandle,7,2,0
eclipse.pde.ui-20120217-1437,org.eclipse.pde.api.tools.ui.internal.use,ApiUseScanTab,consider,6,2,3
eclipse.pde.ui-20120217-1437,org.eclipse.pde.api.tools.ui.internal.use,ApiUseScanTab,setDefaults,5,1,1
eclipse.pde.ui-20120217-1437,org.eclipse.pde.api.tools.ui.internal.use,ApiUseScanTab,isValid,32,4,1
eclipse.pde.ui-20120217-1437,org.eclipse.pde.api.tools.ui.internal.use,ApiUseScanTab,handleFileBrowse,12,3,3
eclipse.pde.ui-20120217-1437,org.eclipse.pde.api.tools.ui.internal.use,ApiUseScanTab,handleFolderBrowse,12,3,2
eclipse.pde.ui-20120217-1437,org.eclipse.pde.api.tools.ui.internal.use,ApiUseTabGroup,createTabs,3,1,2
eclipse.pde.ui-20120217-1437,org.eclipse.pde.api.tools.ui.internal.use,ArchivePatternPage,ArchivePatternPage,10,3,1
eclipse.pde.ui-20120217-1437,org.eclipse.pde.api.tools.ui.internal.use,ArchivePatternPage,createControl,31,3,1
eclipse.pde.ui-20120217-1437,org.eclipse.pde.api.tools.ui.internal.use,ArchivePatternPage,modifyText,4,1,1
eclipse.pde.ui-20120217-1437,org.eclipse.pde.api.tools.ui.internal.use,ArchivePatternPage,modifyText,4,1,1
eclipse.pde.ui-20120217-1437,org.eclipse.pde.api.tools.ui.internal.use,ArchivePatternPage,isPageComplete,22,5,0
eclipse.pde.ui-20120217-1437,org.eclipse.pde.api.tools.ui.internal.use,ArchivePatternPage,resetMessage,9,2,1
eclipse.pde.ui-20120217-1437,org.eclipse.pde.api.tools.ui.internal.use,ArchivePatternPage,getPattern,3,1,0
eclipse.pde.ui-20120217-1437,org.eclipse.pde.api.tools.ui.internal.use,ArchivePatternPage,getKind,3,1,0
eclipse.pde.ui-20120217-1437,org.eclipse.pde.api.tools.ui.internal.use,ArchivePatternPage,getNextPage,3,1,0
eclipse.pde.ui-20120217-1437,org.eclipse.pde.api.tools.ui.internal.use,DescriptionPatternPage,DescriptionPatternPage,5,1,2
eclipse.pde.ui-20120217-1437,org.eclipse.pde.api.tools.ui.internal.use,DescriptionPatternPage,createControl,20,2,1
eclipse.pde.ui-20120217-1437,org.eclipse.pde.api.tools.ui.internal.use,DescriptionPatternPage,modifyText,4,1,1
eclipse.pde.ui-20120217-1437,org.eclipse.pde.api.tools.ui.internal.use,DescriptionPatternPage,isPageComplete,21,3,0
eclipse.pde.ui-20120217-1437,org.eclipse.pde.api.tools.ui.internal.use,DescriptionPatternPage,resetMessage,9,2,1
eclipse.pde.ui-20120217-1437,org.eclipse.pde.api.tools.ui.internal.use,DescriptionPatternPage,getNextPage,3,1,0
eclipse.pde.ui-20120217-1437,org.eclipse.pde.api.tools.ui.internal.use,DescriptionPatternPage,getKind,3,1,0
eclipse.pde.ui-20120217-1437,org.eclipse.pde.api.tools.ui.internal.use,DescriptionPatternPage,getPattern,3,1,0
eclipse.pde.ui-20120217-1437,org.eclipse.pde.api.tools.ui.internal.use,Messages,Messages,2,1,0
eclipse.pde.ui-20120217-1437,org.eclipse.pde.api.tools.ui.internal.use,PatternSelectionPage,PatternElement,6,1,4
eclipse.pde.ui-20120217-1437,org.eclipse.pde.api.tools.ui.internal.use,PatternSelectionPage,getText,3,1,1
eclipse.pde.ui-20120217-1437,org.eclipse.pde.api.tools.ui.internal.use,PatternSelectionPage,getImage,7,2,1
eclipse.pde.ui-20120217-1437,org.eclipse.pde.api.tools.ui.internal.use,PatternSelectionPage,PatternSelectionPage,3,1,0
eclipse.pde.ui-20120217-1437,org.eclipse.pde.api.tools.ui.internal.use,PatternSelectionPage,createControl,37,2,1
eclipse.pde.ui-20120217-1437,org.eclipse.pde.api.tools.ui.internal.use,PatternSelectionPage,selectionChanged,5,1,1
eclipse.pde.ui-20120217-1437,org.eclipse.pde.api.tools.ui.internal.use,PatternSelectionPage,compare,3,1,3
eclipse.pde.ui-20120217-1437,org.eclipse.pde.api.tools.ui.internal.use,PatternSelectionPage,isPageComplete,9,2,0
eclipse.pde.ui-20120217-1437,org.eclipse.pde.api.tools.ui.internal.use,PatternSelectionPage,getSelectedElement,4,1,0
eclipse.pde.ui-20120217-1437,org.eclipse.pde.api.tools.ui.internal.use,PatternSelectionPage,getNextPage,3,1,0
eclipse.pde.ui-20120217-1437,org.eclipse.pde.api.tools.ui.internal.use,PatternSelectionPage,nextPage,7,2,0
eclipse.pde.ui-20120217-1437,org.eclipse.pde.api.tools.ui.internal.use,PatternElement,PatternElement,6,1,4
eclipse.pde.ui-20120217-1437,org.eclipse.pde.api.tools.ui.internal.use,LP,getText,3,1,1
eclipse.pde.ui-20120217-1437,org.eclipse.pde.api.tools.ui.internal.use,LP,getImage,7,2,1
eclipse.pde.ui-20120217-1437,org.eclipse.pde.api.tools.ui.internal.use,PatternWizard,PatternWizard,5,1,2
eclipse.pde.ui-20120217-1437,org.eclipse.pde.api.tools.ui.internal.use,PatternWizard,addPages,29,7,0
eclipse.pde.ui-20120217-1437,org.eclipse.pde.api.tools.ui.internal.use,PatternWizard,performFinish,13,2,0
eclipse.pde.ui-20120217-1437,org.eclipse.pde.api.tools.ui.internal.use,PatternWizard,canFinish,11,3,0
eclipse.pde.ui-20120217-1437,org.eclipse.pde.api.tools.ui.internal.use,PatternWizard,getPattern,3,1,0
eclipse.pde.ui-20120217-1437,org.eclipse.pde.api.tools.ui.internal.use,PatternWizard,getKind,3,1,0
eclipse.pde.ui-20120217-1437,org.eclipse.pde.api.tools.ui.internal.use,ReportPatternPage,ReportPatternPage,5,1,2
eclipse.pde.ui-20120217-1437,org.eclipse.pde.api.tools.ui.internal.use,ReportPatternPage,getKind,3,1,0
eclipse.pde.ui-20120217-1437,org.eclipse.pde.api.tools.ui.internal.use,ReportPatternPage,getPattern,3,1,0
eclipse.pde.ui-20120217-1437,org.eclipse.pde.api.tools.ui.internal.use,ReportPatternPage,createControl,40,3,1
eclipse.pde.ui-20120217-1437,org.eclipse.pde.api.tools.ui.internal.use,ReportPatternPage,widgetSelected,3,1,1
eclipse.pde.ui-20120217-1437,org.eclipse.pde.api.tools.ui.internal.use,ReportPatternPage,widgetSelected,3,1,1
eclipse.pde.ui-20120217-1437,org.eclipse.pde.api.tools.ui.internal.use,ReportPatternPage,modifyText,4,1,1
eclipse.pde.ui-20120217-1437,org.eclipse.pde.api.tools.ui.internal.use,ReportPatternPage,isPageComplete,21,3,0
eclipse.pde.ui-20120217-1437,org.eclipse.pde.api.tools.ui.internal.use,ReportPatternPage,resetMessage,9,2,1
eclipse.pde.ui-20120217-1437,org.eclipse.pde.api.tools.ui.internal.use,UsePatternPage,UsePatternPage,3,1,3
eclipse.pde.ui-20120217-1437,org.eclipse.pde.api.tools.ui.internal.use,UsePatternPage,pageDirty,3,1,0
eclipse.pde.ui-20120217-1437,org.eclipse.pde.api.tools.ui.internal.use,UsePatternPage,setDirty,3,1,0
eclipse.pde.ui-20120217-1437,org.eclipse.pde.api.tools.ui.internal.use,UsePatternPage,resetMessage,2,1,1
eclipse.pde.ui-20120217-1437,org.eclipse.pde.api.tools.ui.internal.use,UsePatternPage,getKind,0,1,0
eclipse.pde.ui-20120217-1437,org.eclipse.pde.api.tools.ui.internal.use,UsePatternPage,getPattern,0,1,0
eclipse.pde.ui-20120217-1437,org.eclipse.pde.api.tools.ui.internal.views,APIToolingView,inputChanged,3,1,3
eclipse.pde.ui-20120217-1437,org.eclipse.pde.api.tools.ui.internal.views,APIToolingView,dispose,2,1,0
eclipse.pde.ui-20120217-1437,org.eclipse.pde.api.tools.ui.internal.views,APIToolingView,getElements,10,3,1
eclipse.pde.ui-20120217-1437,org.eclipse.pde.api.tools.ui.internal.views,APIToolingView,getParent,3,1,1
eclipse.pde.ui-20120217-1437,org.eclipse.pde.api.tools.ui.internal.views,APIToolingView,getChildren,6,2,1
eclipse.pde.ui-20120217-1437,org.eclipse.pde.api.tools.ui.internal.views,APIToolingView,hasChildren,6,2,1
eclipse.pde.ui-20120217-1437,org.eclipse.pde.api.tools.ui.internal.views,APIToolingView,getText,3,1,1
eclipse.pde.ui-20120217-1437,org.eclipse.pde.api.tools.ui.internal.views,APIToolingView,getImage,29,9,1
eclipse.pde.ui-20120217-1437,org.eclipse.pde.api.tools.ui.internal.views,APIToolingView,getDeltaElementImage,144,42,1
eclipse.pde.ui-20120217-1437,org.eclipse.pde.api.tools.ui.internal.views,APIToolingView,APIToolingView,2,1,0
eclipse.pde.ui-20120217-1437,org.eclipse.pde.api.tools.ui.internal.views,APIToolingView,createPartControl,40,4,1
eclipse.pde.ui-20120217-1437,org.eclipse.pde.api.tools.ui.internal.views,APIToolingView,category,9,2,1
eclipse.pde.ui-20120217-1437,org.eclipse.pde.api.tools.ui.internal.views,APIToolingView,init,5,1,1
eclipse.pde.ui-20120217-1437,org.eclipse.pde.api.tools.ui.internal.views,APIToolingView,hookDoubleClickAction,8,1,0
eclipse.pde.ui-20120217-1437,org.eclipse.pde.api.tools.ui.internal.views,APIToolingView,doubleClick,3,1,1
eclipse.pde.ui-20120217-1437,org.eclipse.pde.api.tools.ui.internal.views,APIToolingView,dispose,3,1,0
eclipse.pde.ui-20120217-1437,org.eclipse.pde.api.tools.ui.internal.views,APIToolingView,configureToolbar,17,1,0
eclipse.pde.ui-20120217-1437,org.eclipse.pde.api.tools.ui.internal.views,APIToolingView,createActions,33,5,0
eclipse.pde.ui-20120217-1437,org.eclipse.pde.api.tools.ui.internal.views,APIToolingView,run,18,5,0
eclipse.pde.ui-20120217-1437,org.eclipse.pde.api.tools.ui.internal.views,APIToolingView,updateActions,20,1,0
eclipse.pde.ui-20120217-1437,org.eclipse.pde.api.tools.ui.internal.views,APIToolingView,run,15,1,0
eclipse.pde.ui-20120217-1437,org.eclipse.pde.api.tools.ui.internal.views,APIToolingView,setFocus,3,1,0
eclipse.pde.ui-20120217-1437,org.eclipse.pde.api.tools.ui.internal.views,APIToolingView,sessionAdded,9,1,1
eclipse.pde.ui-20120217-1437,org.eclipse.pde.api.tools.ui.internal.views,APIToolingView,run,3,1,0
eclipse.pde.ui-20120217-1437,org.eclipse.pde.api.tools.ui.internal.views,APIToolingView,sessionRemoved,4,1,1
eclipse.pde.ui-20120217-1437,org.eclipse.pde.api.tools.ui.internal.views,APIToolingView,sessionActivated,9,1,1
eclipse.pde.ui-20120217-1437,org.eclipse.pde.api.tools.ui.internal.views,APIToolingView,run,3,1,0
eclipse.pde.ui-20120217-1437,org.eclipse.pde.api.tools.ui.internal.views,APIToolingView,getPropertySheet,6,2,0
eclipse.pde.ui-20120217-1437,org.eclipse.pde.api.tools.ui.internal.views,APIToolingView,getAdapter,6,2,1
eclipse.pde.ui-20120217-1437,org.eclipse.pde.api.tools.ui.internal.views,ViewContentProvider,inputChanged,3,1,3
eclipse.pde.ui-20120217-1437,org.eclipse.pde.api.tools.ui.internal.views,ViewContentProvider,dispose,2,1,0
eclipse.pde.ui-20120217-1437,org.eclipse.pde.api.tools.ui.internal.views,ViewContentProvider,getElements,10,3,1
eclipse.pde.ui-20120217-1437,org.eclipse.pde.api.tools.ui.internal.views,ViewContentProvider,getParent,3,1,1
eclipse.pde.ui-20120217-1437,org.eclipse.pde.api.tools.ui.internal.views,ViewContentProvider,getChildren,6,2,1
eclipse.pde.ui-20120217-1437,org.eclipse.pde.api.tools.ui.internal.views,ViewContentProvider,hasChildren,6,2,1
eclipse.pde.ui-20120217-1437,org.eclipse.pde.api.tools.ui.internal.views,ViewLabelProvider,getText,3,1,1
eclipse.pde.ui-20120217-1437,org.eclipse.pde.api.tools.ui.internal.views,ViewLabelProvider,getImage,29,9,1
eclipse.pde.ui-20120217-1437,org.eclipse.pde.api.tools.ui.internal.views,ViewLabelProvider,getDeltaElementImage,144,42,1
eclipse.pde.ui-20120217-1437,org.eclipse.pde.api.tools.ui.internal.wizards,ApiBaselineWizard,ApiBaselineWizard,10,2,1
eclipse.pde.ui-20120217-1437,org.eclipse.pde.api.tools.ui.internal.wizards,ApiBaselineWizard,getProfile,3,1,0
eclipse.pde.ui-20120217-1437,org.eclipse.pde.api.tools.ui.internal.wizards,ApiBaselineWizard,contentChanged,3,1,0
eclipse.pde.ui-20120217-1437,org.eclipse.pde.api.tools.ui.internal.wizards,ApiBaselineWizard,addPages,3,1,0
eclipse.pde.ui-20120217-1437,org.eclipse.pde.api.tools.ui.internal.wizards,ApiBaselineWizard,performFinish,15,1,0
eclipse.pde.ui-20120217-1437,org.eclipse.pde.api.tools.ui.internal.wizards,ApiBaselineWizard,performCancel,5,1,0
eclipse.pde.ui-20120217-1437,org.eclipse.pde.api.tools.ui.internal.wizards,ApiBaselineWizardPage,EEEntry,3,1,1
eclipse.pde.ui-20120217-1437,org.eclipse.pde.api.tools.ui.internal.wizards,ApiBaselineWizardPage,toString,3,1,0
eclipse.pde.ui-20120217-1437,org.eclipse.pde.api.tools.ui.internal.wizards,ApiBaselineWizardPage,getChildren,17,3,1
eclipse.pde.ui-20120217-1437,org.eclipse.pde.api.tools.ui.internal.wizards,ApiBaselineWizardPage,hasChildren,12,2,1
eclipse.pde.ui-20120217-1437,org.eclipse.pde.api.tools.ui.internal.wizards,ApiBaselineWizardPage,getElements,6,2,1
eclipse.pde.ui-20120217-1437,org.eclipse.pde.api.tools.ui.internal.wizards,ApiBaselineWizardPage,dispose,2,1,0
eclipse.pde.ui-20120217-1437,org.eclipse.pde.api.tools.ui.internal.wizards,ApiBaselineWizardPage,getParent,3,1,1
eclipse.pde.ui-20120217-1437,org.eclipse.pde.api.tools.ui.internal.wizards,ApiBaselineWizardPage,inputChanged,2,1,3
eclipse.pde.ui-20120217-1437,org.eclipse.pde.api.tools.ui.internal.wizards,ApiBaselineWizardPage,ReloadOperation,4,1,2
eclipse.pde.ui-20120217-1437,org.eclipse.pde.api.tools.ui.internal.wizards,ApiBaselineWizardPage,run,14,1,1
eclipse.pde.ui-20120217-1437,org.eclipse.pde.api.tools.ui.internal.wizards,ApiBaselineWizardPage,WorkingCopyOperation,3,1,1
eclipse.pde.ui-20120217-1437,org.eclipse.pde.api.tools.ui.internal.wizards,ApiBaselineWizardPage,run,23,3,1
eclipse.pde.ui-20120217-1437,org.eclipse.pde.api.tools.ui.internal.wizards,ApiBaselineWizardPage,getWorkingCopy,3,1,0
eclipse.pde.ui-20120217-1437,org.eclipse.pde.api.tools.ui.internal.wizards,ApiBaselineWizardPage,ApiBaselineWizardPage,12,2,1
eclipse.pde.ui-20120217-1437,org.eclipse.pde.api.tools.ui.internal.wizards,ApiBaselineWizardPage,createControl,100,7,1
eclipse.pde.ui-20120217-1437,org.eclipse.pde.api.tools.ui.internal.wizards,ApiBaselineWizardPage,modifyText,3,1,1
eclipse.pde.ui-20120217-1437,org.eclipse.pde.api.tools.ui.internal.wizards,ApiBaselineWizardPage,compare,3,1,2
eclipse.pde.ui-20120217-1437,org.eclipse.pde.api.tools.ui.internal.wizards,ApiBaselineWizardPage,modifyText,4,1,1
eclipse.pde.ui-20120217-1437,org.eclipse.pde.api.tools.ui.internal.wizards,ApiBaselineWizardPage,widgetSelected,14,3,1
eclipse.pde.ui-20120217-1437,org.eclipse.pde.api.tools.ui.internal.wizards,ApiBaselineWizardPage,widgetSelected,3,1,1
eclipse.pde.ui-20120217-1437,org.eclipse.pde.api.tools.ui.internal.wizards,ApiBaselineWizardPage,selectionChanged,3,1,1
eclipse.pde.ui-20120217-1437,org.eclipse.pde.api.tools.ui.internal.wizards,ApiBaselineWizardPage,select,15,3,3
eclipse.pde.ui-20120217-1437,org.eclipse.pde.api.tools.ui.internal.wizards,ApiBaselineWizardPage,initialize,58,10,0
eclipse.pde.ui-20120217-1437,org.eclipse.pde.api.tools.ui.internal.wizards,ApiBaselineWizardPage,doReload,13,1,0
eclipse.pde.ui-20120217-1437,org.eclipse.pde.api.tools.ui.internal.wizards,ApiBaselineWizardPage,pageValid,36,8,0
eclipse.pde.ui-20120217-1437,org.eclipse.pde.api.tools.ui.internal.wizards,ApiBaselineWizardPage,isNameValid,16,4,1
eclipse.pde.ui-20120217-1437,org.eclipse.pde.api.tools.ui.internal.wizards,ApiBaselineWizardPage,getCurrentComponents,6,2,0
eclipse.pde.ui-20120217-1437,org.eclipse.pde.api.tools.ui.internal.wizards,ApiBaselineWizardPage,updateButtons,4,1,0
eclipse.pde.ui-20120217-1437,org.eclipse.pde.api.tools.ui.internal.wizards,ApiBaselineWizardPage,finish,6,2,0
eclipse.pde.ui-20120217-1437,org.eclipse.pde.api.tools.ui.internal.wizards,ApiBaselineWizardPage,contentChanged,3,1,0
eclipse.pde.ui-20120217-1437,org.eclipse.pde.api.tools.ui.internal.wizards,ApiBaselineWizardPage,cancel,5,2,0
eclipse.pde.ui-20120217-1437,org.eclipse.pde.api.tools.ui.internal.wizards,EEEntry,EEEntry,3,1,1
eclipse.pde.ui-20120217-1437,org.eclipse.pde.api.tools.ui.internal.wizards,EEEntry,toString,3,1,0
eclipse.pde.ui-20120217-1437,org.eclipse.pde.api.tools.ui.internal.wizards,ContentProvider,getChildren,17,3,1
eclipse.pde.ui-20120217-1437,org.eclipse.pde.api.tools.ui.internal.wizards,ContentProvider,hasChildren,12,2,1
eclipse.pde.ui-20120217-1437,org.eclipse.pde.api.tools.ui.internal.wizards,ContentProvider,getElements,6,2,1
eclipse.pde.ui-20120217-1437,org.eclipse.pde.api.tools.ui.internal.wizards,ContentProvider,dispose,2,1,0
eclipse.pde.ui-20120217-1437,org.eclipse.pde.api.tools.ui.internal.wizards,ContentProvider,getParent,3,1,1
eclipse.pde.ui-20120217-1437,org.eclipse.pde.api.tools.ui.internal.wizards,ContentProvider,inputChanged,2,1,3
eclipse.pde.ui-20120217-1437,org.eclipse.pde.api.tools.ui.internal.wizards,ReloadOperation,ReloadOperation,4,1,2
eclipse.pde.ui-20120217-1437,org.eclipse.pde.api.tools.ui.internal.wizards,ReloadOperation,run,14,1,1
eclipse.pde.ui-20120217-1437,org.eclipse.pde.api.tools.ui.internal.wizards,WorkingCopyOperation,WorkingCopyOperation,3,1,1
eclipse.pde.ui-20120217-1437,org.eclipse.pde.api.tools.ui.internal.wizards,WorkingCopyOperation,run,23,3,1
eclipse.pde.ui-20120217-1437,org.eclipse.pde.api.tools.ui.internal.wizards,WorkingCopyOperation,getWorkingCopy,3,1,0
eclipse.pde.ui-20120217-1437,org.eclipse.pde.api.tools.ui.internal.wizards,ApiToolingSetupRefactoring,checkFinalConditions,6,2,1
eclipse.pde.ui-20120217-1437,org.eclipse.pde.api.tools.ui.internal.wizards,ApiToolingSetupRefactoring,checkInitialConditions,3,1,1
eclipse.pde.ui-20120217-1437,org.eclipse.pde.api.tools.ui.internal.wizards,ApiToolingSetupRefactoring,createChange,10,3,1
eclipse.pde.ui-20120217-1437,org.eclipse.pde.api.tools.ui.internal.wizards,ApiToolingSetupRefactoring,addChange,6,2,1
eclipse.pde.ui-20120217-1437,org.eclipse.pde.api.tools.ui.internal.wizards,ApiToolingSetupRefactoring,resetRefactoring,6,2,0
eclipse.pde.ui-20120217-1437,org.eclipse.pde.api.tools.ui.internal.wizards,ApiToolingSetupRefactoring,getName,3,1,0
eclipse.pde.ui-20120217-1437,org.eclipse.pde.api.tools.ui.internal.wizards,ApiToolingSetupWizard,ApiToolingSetupWizard,7,1,1
eclipse.pde.ui-20120217-1437,org.eclipse.pde.api.tools.ui.internal.wizards,ApiToolingSetupWizard,performFinish,4,1,0
eclipse.pde.ui-20120217-1437,org.eclipse.pde.api.tools.ui.internal.wizards,ApiToolingSetupWizard,addUserInputPages,3,1,0
eclipse.pde.ui-20120217-1437,org.eclipse.pde.api.tools.ui.internal.wizards,ApiToolingSetupWizardPage,UpdateJob,4,1,0
eclipse.pde.ui-20120217-1437,org.eclipse.pde.api.tools.ui.internal.wizards,ApiToolingSetupWizardPage,setFilter,3,1,1
eclipse.pde.ui-20120217-1437,org.eclipse.pde.api.tools.ui.internal.wizards,ApiToolingSetupWizardPage,runInUIThread,16,2,1
eclipse.pde.ui-20120217-1437,org.eclipse.pde.api.tools.ui.internal.wizards,ApiToolingSetupWizardPage,setPattern,3,1,1
eclipse.pde.ui-20120217-1437,org.eclipse.pde.api.tools.ui.internal.wizards,ApiToolingSetupWizardPage,select,17,5,3
eclipse.pde.ui-20120217-1437,org.eclipse.pde.api.tools.ui.internal.wizards,ApiToolingSetupWizardPage,ApiToolingSetupWizardPage,5,1,0
eclipse.pde.ui-20120217-1437,org.eclipse.pde.api.tools.ui.internal.wizards,ApiToolingSetupWizardPage,createControl,86,7,1
eclipse.pde.ui-20120217-1437,org.eclipse.pde.api.tools.ui.internal.wizards,ApiToolingSetupWizardPage,modifyText,5,1,1
eclipse.pde.ui-20120217-1437,org.eclipse.pde.api.tools.ui.internal.wizards,ApiToolingSetupWizardPage,keyPressed,7,3,1
eclipse.pde.ui-20120217-1437,org.eclipse.pde.api.tools.ui.internal.wizards,ApiToolingSetupWizardPage,checkStateChanged,9,2,1
eclipse.pde.ui-20120217-1437,org.eclipse.pde.api.tools.ui.internal.wizards,ApiToolingSetupWizardPage,widgetSelected,5,1,1
eclipse.pde.ui-20120217-1437,org.eclipse.pde.api.tools.ui.internal.wizards,ApiToolingSetupWizardPage,widgetSelected,8,2,1
eclipse.pde.ui-20120217-1437,org.eclipse.pde.api.tools.ui.internal.wizards,ApiToolingSetupWizardPage,setPageComplete,4,1,1
eclipse.pde.ui-20120217-1437,org.eclipse.pde.api.tools.ui.internal.wizards,ApiToolingSetupWizardPage,updateCheckStatus,6,2,1
eclipse.pde.ui-20120217-1437,org.eclipse.pde.api.tools.ui.internal.wizards,ApiToolingSetupWizardPage,getInputProjects,15,3,0
eclipse.pde.ui-20120217-1437,org.eclipse.pde.api.tools.ui.internal.wizards,ApiToolingSetupWizardPage,acceptProject,6,2,1
eclipse.pde.ui-20120217-1437,org.eclipse.pde.api.tools.ui.internal.wizards,ApiToolingSetupWizardPage,getWorkbenchSelection,37,10,0
eclipse.pde.ui-20120217-1437,org.eclipse.pde.api.tools.ui.internal.wizards,ApiToolingSetupWizardPage,pageValid,8,2,0
eclipse.pde.ui-20120217-1437,org.eclipse.pde.api.tools.ui.internal.wizards,ApiToolingSetupWizardPage,getNextPage,8,2,0
eclipse.pde.ui-20120217-1437,org.eclipse.pde.api.tools.ui.internal.wizards,ApiToolingSetupWizardPage,createTagChanges,34,5,3
eclipse.pde.ui-20120217-1437,org.eclipse.pde.api.tools.ui.internal.wizards,ApiToolingSetupWizardPage,collectChanges,40,4,0
eclipse.pde.ui-20120217-1437,org.eclipse.pde.api.tools.ui.internal.wizards,ApiToolingSetupWizardPage,run,25,4,1
eclipse.pde.ui-20120217-1437,org.eclipse.pde.api.tools.ui.internal.wizards,ApiToolingSetupWizardPage,performFinish,4,1,0
eclipse.pde.ui-20120217-1437,org.eclipse.pde.api.tools.ui.internal.wizards,ApiToolingSetupWizardPage,finish,6,1,0
eclipse.pde.ui-20120217-1437,org.eclipse.pde.api.tools.ui.internal.wizards,ApiToolingSetupWizardPage,notifyNoDefaultProfile,16,3,0
eclipse.pde.ui-20120217-1437,org.eclipse.pde.api.tools.ui.internal.wizards,ApiToolingSetupWizardPage,runInUIThread,7,2,1
eclipse.pde.ui-20120217-1437,org.eclipse.pde.api.tools.ui.internal.wizards,UpdateJob,UpdateJob,4,1,0
eclipse.pde.ui-20120217-1437,org.eclipse.pde.api.tools.ui.internal.wizards,UpdateJob,setFilter,3,1,1
eclipse.pde.ui-20120217-1437,org.eclipse.pde.api.tools.ui.internal.wizards,UpdateJob,runInUIThread,16,2,1
eclipse.pde.ui-20120217-1437,org.eclipse.pde.api.tools.ui.internal.wizards,StringFilter,setPattern,3,1,1
eclipse.pde.ui-20120217-1437,org.eclipse.pde.api.tools.ui.internal.wizards,StringFilter,select,17,5,3
eclipse.pde.ui-20120217-1437,org.eclipse.pde.api.tools.ui.internal.wizards,CompareOperation,CompareOperation,6,1,2
eclipse.pde.ui-20120217-1437,org.eclipse.pde.api.tools.ui.internal.wizards,CompareOperation,run,30,3,1
eclipse.pde.ui-20120217-1437,org.eclipse.pde.api.tools.ui.internal.wizards,CompareOperation,walkStructureSelection,76,14,2
eclipse.pde.ui-20120217-1437,org.eclipse.pde.api.tools.ui.internal.wizards,CompareOperation,compare,8,2,2
eclipse.pde.ui-20120217-1437,org.eclipse.pde.api.tools.ui.internal.wizards,CompareOperation,addElementFor,8,2,3
eclipse.pde.ui-20120217-1437,org.eclipse.pde.api.tools.ui.internal.wizards,CompareOperation,addElementFor,19,5,4
eclipse.pde.ui-20120217-1437,org.eclipse.pde.api.tools.ui.internal.wizards,CompareOperation,addElementFor,11,2,3
eclipse.pde.ui-20120217-1437,org.eclipse.pde.api.tools.ui.internal.wizards,CompareOperation,addElementFor,14,3,3
eclipse.pde.ui-20120217-1437,org.eclipse.pde.api.tools.ui.internal.wizards,CompareToBaselineWizard,CompareToBaselineWizard,4,1,2
eclipse.pde.ui-20120217-1437,org.eclipse.pde.api.tools.ui.internal.wizards,CompareToBaselineWizard,addPages,3,1,0
eclipse.pde.ui-20120217-1437,org.eclipse.pde.api.tools.ui.internal.wizards,CompareToBaselineWizard,performFinish,3,1,0
eclipse.pde.ui-20120217-1437,org.eclipse.pde.api.tools.ui.internal.wizards,CompareToBaselineWizardPage,CompareToBaselineWizardPage,7,1,1
eclipse.pde.ui-20120217-1437,org.eclipse.pde.api.tools.ui.internal.wizards,CompareToBaselineWizardPage,createControl,34,2,1
eclipse.pde.ui-20120217-1437,org.eclipse.pde.api.tools.ui.internal.wizards,CompareToBaselineWizardPage,widgetSelected,7,1,1
eclipse.pde.ui-20120217-1437,org.eclipse.pde.api.tools.ui.internal.wizards,CompareToBaselineWizardPage,widgetSelected,10,2,1
eclipse.pde.ui-20120217-1437,org.eclipse.pde.api.tools.ui.internal.wizards,CompareToBaselineWizardPage,isPageComplete,10,2,0
eclipse.pde.ui-20120217-1437,org.eclipse.pde.api.tools.ui.internal.wizards,CompareToBaselineWizardPage,initialize,33,5,0
eclipse.pde.ui-20120217-1437,org.eclipse.pde.api.tools.ui.internal.wizards,CompareToBaselineWizardPage,restoreComboSelection,16,4,4
eclipse.pde.ui-20120217-1437,org.eclipse.pde.api.tools.ui.internal.wizards,CompareToBaselineWizardPage,getAdaptable,11,3,0
eclipse.pde.ui-20120217-1437,org.eclipse.pde.api.tools.ui.internal.wizards,CompareToBaselineWizardPage,finish,12,2,0
eclipse.pde.ui-20120217-1437,org.eclipse.pde.api.tools.ui.internal.wizards,CompareToBaselineWizardPage,saveWidgetState,8,2,0
eclipse.pde.ui-20120217-1437,org.eclipse.pde.api.tools.ui.internal.wizards,ProjectUpdateChange,ProjectUpdateChange,3,1,1
eclipse.pde.ui-20120217-1437,org.eclipse.pde.api.tools.ui.internal.wizards,ProjectUpdateChange,getModifiedElement,3,1,0
eclipse.pde.ui-20120217-1437,org.eclipse.pde.api.tools.ui.internal.wizards,ProjectUpdateChange,getName,3,1,0
eclipse.pde.ui-20120217-1437,org.eclipse.pde.api.tools.ui.internal.wizards,ProjectUpdateChange,initializeValidationData,2,1,1
eclipse.pde.ui-20120217-1437,org.eclipse.pde.api.tools.ui.internal.wizards,ProjectUpdateChange,isValid,6,2,1
eclipse.pde.ui-20120217-1437,org.eclipse.pde.api.tools.ui.internal.wizards,ProjectUpdateChange,perform,22,2,1
eclipse.pde.ui-20120217-1437,org.eclipse.pde.api.tools.ui.internal.wizards,WizardMessages,WizardMessages,2,1,0
eclipse.pde.ui-20120217-1437,org.eclipse.pde.api.tools.internal,AnyValue,AnyValue,2,1,1
eclipse.pde.ui-20120217-1437,org.eclipse.pde.api.tools.internal,AnyValue,equals,3,1,1
eclipse.pde.ui-20120217-1437,org.eclipse.pde.api.tools.internal,AnyValue,hashCode,3,1,0
eclipse.pde.ui-20120217-1437,org.eclipse.pde.api.tools.internal,ApiAccess,getAccessLevel,3,1,0
eclipse.pde.ui-20120217-1437,org.eclipse.pde.api.tools.internal,ApiAccess,ApiAccess,3,1,1
eclipse.pde.ui-20120217-1437,org.eclipse.pde.api.tools.internal,ApiAccess,getAccessLevel,3,1,0
eclipse.pde.ui-20120217-1437,org.eclipse.pde.api.tools.internal,ApiAccess,hashCode,3,1,0
eclipse.pde.ui-20120217-1437,org.eclipse.pde.api.tools.internal,ApiAccess,equals,6,2,1
eclipse.pde.ui-20120217-1437,org.eclipse.pde.api.tools.internal,ApiAccess,toString,6,1,0
eclipse.pde.ui-20120217-1437,org.eclipse.pde.api.tools.internal,ApiAccess,getAccessText,9,3,1
eclipse.pde.ui-20120217-1437,org.eclipse.pde.api.tools.internal,NormalAccess,getAccessLevel,3,1,0
eclipse.pde.ui-20120217-1437,org.eclipse.pde.api.tools.internal,ApiAnnotations,ApiAnnotations,3,1,2
eclipse.pde.ui-20120217-1437,org.eclipse.pde.api.tools.internal,ApiAnnotations,getRestrictions,3,1,0
eclipse.pde.ui-20120217-1437,org.eclipse.pde.api.tools.internal,ApiAnnotations,getVisibility,3,1,0
eclipse.pde.ui-20120217-1437,org.eclipse.pde.api.tools.internal,ApiAnnotations,toString,8,1,0
eclipse.pde.ui-20120217-1437,org.eclipse.pde.api.tools.internal,ApiAnnotations,equals,7,2,1
eclipse.pde.ui-20120217-1437,org.eclipse.pde.api.tools.internal,ApiAnnotations,hashCode,3,1,0
eclipse.pde.ui-20120217-1437,org.eclipse.pde.api.tools.internal,ApiBaselineManager,setDebug,3,1,1
eclipse.pde.ui-20120217-1437,org.eclipse.pde.api.tools.internal,ApiBaselineManager,ApiBaselineManager,6,2,1
eclipse.pde.ui-20120217-1437,org.eclipse.pde.api.tools.internal,ApiBaselineManager,getManager,6,2,0
eclipse.pde.ui-20120217-1437,org.eclipse.pde.api.tools.internal,ApiBaselineManager,getApiBaseline,4,1,1
eclipse.pde.ui-20120217-1437,org.eclipse.pde.api.tools.internal,ApiBaselineManager,getApiBaselines,4,1,0
eclipse.pde.ui-20120217-1437,org.eclipse.pde.api.tools.internal,ApiBaselineManager,addApiBaseline,10,3,1
eclipse.pde.ui-20120217-1437,org.eclipse.pde.api.tools.internal,ApiBaselineManager,removeApiBaseline,21,5,1
eclipse.pde.ui-20120217-1437,org.eclipse.pde.api.tools.internal,ApiBaselineManager,loadBaselineInfos,30,5,1
eclipse.pde.ui-20120217-1437,org.eclipse.pde.api.tools.internal,ApiBaselineManager,initializeStateCache,34,7,0
eclipse.pde.ui-20120217-1437,org.eclipse.pde.api.tools.internal,ApiBaselineManager,accept,3,1,1
eclipse.pde.ui-20120217-1437,org.eclipse.pde.api.tools.internal,ApiBaselineManager,getDefaultProfilePref,4,1,0
eclipse.pde.ui-20120217-1437,org.eclipse.pde.api.tools.internal,ApiBaselineManager,persistStateCache,42,8,0
eclipse.pde.ui-20120217-1437,org.eclipse.pde.api.tools.internal,ApiBaselineManager,writeBaselineDescription,12,1,2
eclipse.pde.ui-20120217-1437,org.eclipse.pde.api.tools.internal,ApiBaselineManager,getProfileXML,24,4,1
eclipse.pde.ui-20120217-1437,org.eclipse.pde.api.tools.internal,ApiBaselineManager,abort,3,1,2
eclipse.pde.ui-20120217-1437,org.eclipse.pde.api.tools.internal,ApiBaselineManager,restoreBaseline,82,12,2
eclipse.pde.ui-20120217-1437,org.eclipse.pde.api.tools.internal,ApiBaselineManager,saving,13,2,1
eclipse.pde.ui-20120217-1437,org.eclipse.pde.api.tools.internal,ApiBaselineManager,cleanStateCache,12,4,0
eclipse.pde.ui-20120217-1437,org.eclipse.pde.api.tools.internal,ApiBaselineManager,isExistingProfileName,6,2,1
eclipse.pde.ui-20120217-1437,org.eclipse.pde.api.tools.internal,ApiBaselineManager,stop,28,7,0
eclipse.pde.ui-20120217-1437,org.eclipse.pde.api.tools.internal,ApiBaselineManager,doneSaving,2,1,1
eclipse.pde.ui-20120217-1437,org.eclipse.pde.api.tools.internal,ApiBaselineManager,prepareToSave,2,1,1
eclipse.pde.ui-20120217-1437,org.eclipse.pde.api.tools.internal,ApiBaselineManager,rollback,2,1,1
eclipse.pde.ui-20120217-1437,org.eclipse.pde.api.tools.internal,ApiBaselineManager,getDefaultApiBaseline,4,1,0
eclipse.pde.ui-20120217-1437,org.eclipse.pde.api.tools.internal,ApiBaselineManager,setDefaultApiBaseline,4,1,1
eclipse.pde.ui-20120217-1437,org.eclipse.pde.api.tools.internal,ApiBaselineManager,getWorkspaceBaseline,14,3,0
eclipse.pde.ui-20120217-1437,org.eclipse.pde.api.tools.internal,ApiBaselineManager,disposeWorkspaceBaseline,10,3,0
eclipse.pde.ui-20120217-1437,org.eclipse.pde.api.tools.internal,ApiBaselineManager,createWorkspaceBaseline,33,5,0
eclipse.pde.ui-20120217-1437,org.eclipse.pde.api.tools.internal,ApiBaselineManager,getWorkspaceComponent,7,2,1
eclipse.pde.ui-20120217-1437,org.eclipse.pde.api.tools.internal,ApiDescription,setDebug,3,1,1
eclipse.pde.ui-20120217-1437,org.eclipse.pde.api.tools.internal,ApiDescription,ManifestNode,6,1,4
eclipse.pde.ui-20120217-1437,org.eclipse.pde.api.tools.internal,ApiDescription,equals,6,2,1
eclipse.pde.ui-20120217-1437,org.eclipse.pde.api.tools.internal,ApiDescription,hashCode,3,1,0
eclipse.pde.ui-20120217-1437,org.eclipse.pde.api.tools.internal,ApiDescription,toString,39,6,0
eclipse.pde.ui-20120217-1437,org.eclipse.pde.api.tools.internal,ApiDescription,compareTo,7,2,1
eclipse.pde.ui-20120217-1437,org.eclipse.pde.api.tools.internal,ApiDescription,hasApiVisibility,14,5,1
eclipse.pde.ui-20120217-1437,org.eclipse.pde.api.tools.internal,ApiDescription,refresh,6,2,0
eclipse.pde.ui-20120217-1437,org.eclipse.pde.api.tools.internal,ApiDescription,persistXML,26,4,2
eclipse.pde.ui-20120217-1437,org.eclipse.pde.api.tools.internal,ApiDescription,persistAnnotations,4,1,1
eclipse.pde.ui-20120217-1437,org.eclipse.pde.api.tools.internal,ApiDescription,ApiDescription,3,1,1
eclipse.pde.ui-20120217-1437,org.eclipse.pde.api.tools.internal,ApiDescription,accept,3,1,2
eclipse.pde.ui-20120217-1437,org.eclipse.pde.api.tools.internal,ApiDescription,visitChildren,11,2,3
eclipse.pde.ui-20120217-1437,org.eclipse.pde.api.tools.internal,ApiDescription,accept,8,2,3
eclipse.pde.ui-20120217-1437,org.eclipse.pde.api.tools.internal,ApiDescription,compareEmbeddedVersionTo,10,3,1
eclipse.pde.ui-20120217-1437,org.eclipse.pde.api.tools.internal,ApiDescription,setEmbeddedVersion,8,1,1
eclipse.pde.ui-20120217-1437,org.eclipse.pde.api.tools.internal,ApiDescription,visitNode,19,4,2
eclipse.pde.ui-20120217-1437,org.eclipse.pde.api.tools.internal,ApiDescription,findNode,52,9,2
eclipse.pde.ui-20120217-1437,org.eclipse.pde.api.tools.internal,ApiDescription,resolveAnnotations,14,3,1
eclipse.pde.ui-20120217-1437,org.eclipse.pde.api.tools.internal,ApiDescription,resolveVisibility,9,2,1
eclipse.pde.ui-20120217-1437,org.eclipse.pde.api.tools.internal,ApiDescription,resolveAnnotations,18,3,2
eclipse.pde.ui-20120217-1437,org.eclipse.pde.api.tools.internal,ApiDescription,clearPackages,8,3,0
eclipse.pde.ui-20120217-1437,org.eclipse.pde.api.tools.internal,ApiDescription,createNode,15,3,2
eclipse.pde.ui-20120217-1437,org.eclipse.pde.api.tools.internal,ApiDescription,setRestrictions,17,3,2
eclipse.pde.ui-20120217-1437,org.eclipse.pde.api.tools.internal,ApiDescription,setVisibility,17,3,2
eclipse.pde.ui-20120217-1437,org.eclipse.pde.api.tools.internal,ApiDescription,setAddedProfile,3,1,2
eclipse.pde.ui-20120217-1437,org.eclipse.pde.api.tools.internal,ApiDescription,setRemovedProfile,3,1,2
eclipse.pde.ui-20120217-1437,org.eclipse.pde.api.tools.internal,ApiDescription,setSuperclass,3,1,2
eclipse.pde.ui-20120217-1437,org.eclipse.pde.api.tools.internal,ApiDescription,setSuperinterfaces,3,1,2
eclipse.pde.ui-20120217-1437,org.eclipse.pde.api.tools.internal,ApiDescription,setInterface,3,1,2
eclipse.pde.ui-20120217-1437,org.eclipse.pde.api.tools.internal,ApiDescription,toString,5,1,0
eclipse.pde.ui-20120217-1437,org.eclipse.pde.api.tools.internal,ApiDescription,isInsertOnResolve,3,1,1
eclipse.pde.ui-20120217-1437,org.eclipse.pde.api.tools.internal,ApiDescription,modified,3,1,0
eclipse.pde.ui-20120217-1437,org.eclipse.pde.api.tools.internal,ApiDescription,isModified,3,1,0
eclipse.pde.ui-20120217-1437,org.eclipse.pde.api.tools.internal,ApiDescription,resolveAccessLevel,9,3,2
eclipse.pde.ui-20120217-1437,org.eclipse.pde.api.tools.internal,ApiDescription,setAccessLevel,13,4,3
eclipse.pde.ui-20120217-1437,org.eclipse.pde.api.tools.internal,ManifestNode,ManifestNode,6,1,4
eclipse.pde.ui-20120217-1437,org.eclipse.pde.api.tools.internal,ManifestNode,equals,6,2,1
eclipse.pde.ui-20120217-1437,org.eclipse.pde.api.tools.internal,ManifestNode,hashCode,3,1,0
eclipse.pde.ui-20120217-1437,org.eclipse.pde.api.tools.internal,ManifestNode,toString,39,6,0
eclipse.pde.ui-20120217-1437,org.eclipse.pde.api.tools.internal,ManifestNode,compareTo,7,2,1
eclipse.pde.ui-20120217-1437,org.eclipse.pde.api.tools.internal,ManifestNode,hasApiVisibility,14,5,1
eclipse.pde.ui-20120217-1437,org.eclipse.pde.api.tools.internal,ManifestNode,refresh,6,2,0
eclipse.pde.ui-20120217-1437,org.eclipse.pde.api.tools.internal,ManifestNode,persistXML,26,4,2
eclipse.pde.ui-20120217-1437,org.eclipse.pde.api.tools.internal,ManifestNode,persistAnnotations,4,1,1
eclipse.pde.ui-20120217-1437,org.eclipse.pde.api.tools.internal,ApiDescriptionManager,ApiDescriptionManager,3,1,0
eclipse.pde.ui-20120217-1437,org.eclipse.pde.api.tools.internal,ApiDescriptionManager,shutdown,5,2,0
eclipse.pde.ui-20120217-1437,org.eclipse.pde.api.tools.internal,ApiDescriptionManager,getManager,6,2,0
eclipse.pde.ui-20120217-1437,org.eclipse.pde.api.tools.internal,ApiDescriptionManager,getApiDescription,21,3,2
eclipse.pde.ui-20120217-1437,org.eclipse.pde.api.tools.internal,ApiDescriptionManager,clean,22,6,3
eclipse.pde.ui-20120217-1437,org.eclipse.pde.api.tools.internal,ApiDescriptionManager,projectChanged,6,2,1
eclipse.pde.ui-20120217-1437,org.eclipse.pde.api.tools.internal,ApiDescriptionManager,projectClasspathChanged,6,2,1
eclipse.pde.ui-20120217-1437,org.eclipse.pde.api.tools.internal,ApiDescriptionManager,flushElementCache,18,4,1
eclipse.pde.ui-20120217-1437,org.eclipse.pde.api.tools.internal,ApiDescriptionManager,doneSaving,2,1,1
eclipse.pde.ui-20120217-1437,org.eclipse.pde.api.tools.internal,ApiDescriptionManager,prepareToSave,2,1,1
eclipse.pde.ui-20120217-1437,org.eclipse.pde.api.tools.internal,ApiDescriptionManager,rollback,2,1,1
eclipse.pde.ui-20120217-1437,org.eclipse.pde.api.tools.internal,ApiDescriptionManager,saving,19,3,1
eclipse.pde.ui-20120217-1437,org.eclipse.pde.api.tools.internal,ApiDescriptionManager,restoreDescription,36,5,2
eclipse.pde.ui-20120217-1437,org.eclipse.pde.api.tools.internal,ApiDescriptionManager,restoreChildren,9,3,4
eclipse.pde.ui-20120217-1437,org.eclipse.pde.api.tools.internal,ApiDescriptionManager,restoreNode,79,16,4
eclipse.pde.ui-20120217-1437,org.eclipse.pde.api.tools.internal,ApiDescriptionManager,getInt,9,1,2
eclipse.pde.ui-20120217-1437,org.eclipse.pde.api.tools.internal,ApiDescriptionManager,getLong,11,2,2
eclipse.pde.ui-20120217-1437,org.eclipse.pde.api.tools.internal,ApiDescriptionManager,abort,4,1,2
eclipse.pde.ui-20120217-1437,org.eclipse.pde.api.tools.internal,ApiDescriptionProcessor,DescriptionVisitor,5,1,3
eclipse.pde.ui-20120217-1437,org.eclipse.pde.api.tools.internal,ApiDescriptionProcessor,visitElement,19,3,2
eclipse.pde.ui-20120217-1437,org.eclipse.pde.api.tools.internal,ApiDescriptionProcessor,endVisitElement,23,4,2
eclipse.pde.ui-20120217-1437,org.eclipse.pde.api.tools.internal,ApiDescriptionProcessor,addStatus,6,2,1
eclipse.pde.ui-20120217-1437,org.eclipse.pde.api.tools.internal,ApiDescriptionProcessor,getStatus,6,2,0
eclipse.pde.ui-20120217-1437,org.eclipse.pde.api.tools.internal,ApiDescriptionProcessor,ASTTagVisitor,6,1,3
eclipse.pde.ui-20120217-1437,org.eclipse.pde.api.tools.internal,ApiDescriptionProcessor,visit,9,2,1
eclipse.pde.ui-20120217-1437,org.eclipse.pde.api.tools.internal,ApiDescriptionProcessor,endVisit,3,1,1
eclipse.pde.ui-20120217-1437,org.eclipse.pde.api.tools.internal,ApiDescriptionProcessor,getType,3,1,0
eclipse.pde.ui-20120217-1437,org.eclipse.pde.api.tools.internal,ApiDescriptionProcessor,visit,9,2,1
eclipse.pde.ui-20120217-1437,org.eclipse.pde.api.tools.internal,ApiDescriptionProcessor,visit,7,2,1
eclipse.pde.ui-20120217-1437,org.eclipse.pde.api.tools.internal,ApiDescriptionProcessor,updateDocNode,26,7,4
eclipse.pde.ui-20120217-1437,org.eclipse.pde.api.tools.internal,ApiDescriptionProcessor,createNewTagElement,5,1,2
eclipse.pde.ui-20120217-1437,org.eclipse.pde.api.tools.internal,ApiDescriptionProcessor,collectMissingTags,49,16,4
eclipse.pde.ui-20120217-1437,org.eclipse.pde.api.tools.internal,ApiDescriptionProcessor,containsRestrictionTag,10,3,2
eclipse.pde.ui-20120217-1437,org.eclipse.pde.api.tools.internal,ApiDescriptionProcessor,findDescriptorByName,31,8,2
eclipse.pde.ui-20120217-1437,org.eclipse.pde.api.tools.internal,ApiDescriptionProcessor,ApiDescriptionProcessor,2,1,0
eclipse.pde.ui-20120217-1437,org.eclipse.pde.api.tools.internal,ApiDescriptionProcessor,serializeComponentXml,52,11,1
eclipse.pde.ui-20120217-1437,org.eclipse.pde.api.tools.internal,ApiDescriptionProcessor,collectTagUpdates,10,2,3
eclipse.pde.ui-20120217-1437,org.eclipse.pde.api.tools.internal,ApiDescriptionProcessor,processTagUpdates,35,4,5
eclipse.pde.ui-20120217-1437,org.eclipse.pde.api.tools.internal,ApiDescriptionProcessor,abort,4,1,2
eclipse.pde.ui-20120217-1437,org.eclipse.pde.api.tools.internal,ApiDescriptionProcessor,annotateApiSettings,37,5,3
eclipse.pde.ui-20120217-1437,org.eclipse.pde.api.tools.internal,ApiDescriptionProcessor,annotateDescriptor,7,2,5
eclipse.pde.ui-20120217-1437,org.eclipse.pde.api.tools.internal,ApiDescriptionProcessor,getRestrictions,61,13,4
eclipse.pde.ui-20120217-1437,org.eclipse.pde.api.tools.internal,ApiDescriptionProcessor,annotateRestriction,10,3,4
eclipse.pde.ui-20120217-1437,org.eclipse.pde.api.tools.internal,ApiDescriptionProcessor,getVisibility,21,5,1
eclipse.pde.ui-20120217-1437,org.eclipse.pde.api.tools.internal,ApiDescriptionProcessor,annotateFieldSettings,15,3,5
eclipse.pde.ui-20120217-1437,org.eclipse.pde.api.tools.internal,ApiDescriptionProcessor,annotateMethodSettings,20,4,5
eclipse.pde.ui-20120217-1437,org.eclipse.pde.api.tools.internal,DescriptionVisitor,DescriptionVisitor,5,1,3
eclipse.pde.ui-20120217-1437,org.eclipse.pde.api.tools.internal,DescriptionVisitor,visitElement,19,3,2
eclipse.pde.ui-20120217-1437,org.eclipse.pde.api.tools.internal,DescriptionVisitor,endVisitElement,23,4,2
eclipse.pde.ui-20120217-1437,org.eclipse.pde.api.tools.internal,DescriptionVisitor,addStatus,6,2,1
eclipse.pde.ui-20120217-1437,org.eclipse.pde.api.tools.internal,DescriptionVisitor,getStatus,6,2,0
eclipse.pde.ui-20120217-1437,org.eclipse.pde.api.tools.internal,ASTTagVisitor,ASTTagVisitor,6,1,3
eclipse.pde.ui-20120217-1437,org.eclipse.pde.api.tools.internal,ASTTagVisitor,visit,9,2,1
eclipse.pde.ui-20120217-1437,org.eclipse.pde.api.tools.internal,ASTTagVisitor,endVisit,3,1,1
eclipse.pde.ui-20120217-1437,org.eclipse.pde.api.tools.internal,ASTTagVisitor,getType,3,1,0
eclipse.pde.ui-20120217-1437,org.eclipse.pde.api.tools.internal,ASTTagVisitor,visit,9,2,1
eclipse.pde.ui-20120217-1437,org.eclipse.pde.api.tools.internal,ASTTagVisitor,visit,7,2,1
eclipse.pde.ui-20120217-1437,org.eclipse.pde.api.tools.internal,ASTTagVisitor,updateDocNode,26,7,4
eclipse.pde.ui-20120217-1437,org.eclipse.pde.api.tools.internal,ASTTagVisitor,createNewTagElement,5,1,2
eclipse.pde.ui-20120217-1437,org.eclipse.pde.api.tools.internal,ASTTagVisitor,collectMissingTags,49,16,4
eclipse.pde.ui-20120217-1437,org.eclipse.pde.api.tools.internal,ASTTagVisitor,containsRestrictionTag,10,3,2
eclipse.pde.ui-20120217-1437,org.eclipse.pde.api.tools.internal,ASTTagVisitor,findDescriptorByName,31,8,2
eclipse.pde.ui-20120217-1437,org.eclipse.pde.api.tools.internal,ApiDescriptionXmlCreator,ApiDescriptionXmlCreator,3,1,1
eclipse.pde.ui-20120217-1437,org.eclipse.pde.api.tools.internal,ApiDescriptionXmlCreator,ApiDescriptionXmlCreator,12,1,2
eclipse.pde.ui-20120217-1437,org.eclipse.pde.api.tools.internal,ApiDescriptionXmlCreator,annotateElementAttributes,7,2,2
eclipse.pde.ui-20120217-1437,org.eclipse.pde.api.tools.internal,ApiDescriptionXmlCreator,endVisitElement,17,4,2
eclipse.pde.ui-20120217-1437,org.eclipse.pde.api.tools.internal,ApiDescriptionXmlCreator,getXML,3,1,0
eclipse.pde.ui-20120217-1437,org.eclipse.pde.api.tools.internal,ApiDescriptionXmlCreator,visitElement,53,8,2
eclipse.pde.ui-20120217-1437,org.eclipse.pde.api.tools.internal,ApiFilterStore,setDebug,3,1,1
eclipse.pde.ui-20120217-1437,org.eclipse.pde.api.tools.internal,ApiFilterStore,ApiFilterStore,5,1,1
eclipse.pde.ui-20120217-1437,org.eclipse.pde.api.tools.internal,ApiFilterStore,persistApiFilters,73,13,0
eclipse.pde.ui-20120217-1437,org.eclipse.pde.api.tools.internal,ApiFilterStore,runInWorkspace,61,12,1
eclipse.pde.ui-20120217-1437,org.eclipse.pde.api.tools.internal,ApiFilterStore,addFilters,41,9,1
eclipse.pde.ui-20120217-1437,org.eclipse.pde.api.tools.internal,ApiFilterStore,addFiltersFor,16,5,1
eclipse.pde.ui-20120217-1437,org.eclipse.pde.api.tools.internal,ApiFilterStore,getFilters,13,3,1
eclipse.pde.ui-20120217-1437,org.eclipse.pde.api.tools.internal,ApiFilterStore,isFiltered,36,10,1
eclipse.pde.ui-20120217-1437,org.eclipse.pde.api.tools.internal,ApiFilterStore,dispose,9,2,0
eclipse.pde.ui-20120217-1437,org.eclipse.pde.api.tools.internal,ApiFilterStore,getResources,5,1,0
eclipse.pde.ui-20120217-1437,org.eclipse.pde.api.tools.internal,ApiFilterStore,removeFilters,53,14,1
eclipse.pde.ui-20120217-1437,org.eclipse.pde.api.tools.internal,ApiFilterStore,getStoreAsXml,122,18,1
eclipse.pde.ui-20120217-1437,org.eclipse.pde.api.tools.internal,ApiFilterStore,compare,7,1,2
eclipse.pde.ui-20120217-1437,org.eclipse.pde.api.tools.internal,ApiFilterStore,compare,7,1,2
eclipse.pde.ui-20120217-1437,org.eclipse.pde.api.tools.internal,ApiFilterStore,compare,20,4,2
eclipse.pde.ui-20120217-1437,org.eclipse.pde.api.tools.internal,ApiFilterStore,initializeApiFilters,122,22,0
eclipse.pde.ui-20120217-1437,org.eclipse.pde.api.tools.internal,ApiFilterStore,internalAddFilters,40,8,3
eclipse.pde.ui-20120217-1437,org.eclipse.pde.api.tools.internal,ApiFilterStore,needsSaving,3,1,0
eclipse.pde.ui-20120217-1437,org.eclipse.pde.api.tools.internal,ApiFilterStore,loadIntegerAttribute,13,2,2
eclipse.pde.ui-20120217-1437,org.eclipse.pde.api.tools.internal,ApiFilterStore,getFilterFilePath,7,2,1
eclipse.pde.ui-20120217-1437,org.eclipse.pde.api.tools.internal,ApiFilterStore,recordFilterUsage,16,3,0
eclipse.pde.ui-20120217-1437,org.eclipse.pde.api.tools.internal,ApiFilterStore,recordFilterUsed,11,4,2
eclipse.pde.ui-20120217-1437,org.eclipse.pde.api.tools.internal,ApiFilterStore,getUnusedFilters,40,11,3
eclipse.pde.ui-20120217-1437,org.eclipse.pde.api.tools.internal,ApiFilterStore,collectFilterFor,16,5,4
eclipse.pde.ui-20120217-1437,org.eclipse.pde.api.tools.internal,ApiFilterStore,matchesCategory,11,4,2
eclipse.pde.ui-20120217-1437,org.eclipse.pde.api.tools.internal,ApiFilterStore,toString,3,1,0
eclipse.pde.ui-20120217-1437,org.eclipse.pde.api.tools.internal,ApiFilterStore,resourceChanged,50,14,1
eclipse.pde.ui-20120217-1437,org.eclipse.pde.api.tools.internal,ApiFilterStore,clearFilters,6,2,0
eclipse.pde.ui-20120217-1437,org.eclipse.pde.api.tools.internal,ApiJavadocTag,ApiJavadocTag,7,1,3
eclipse.pde.ui-20120217-1437,org.eclipse.pde.api.tools.internal,ApiJavadocTag,getTagId,3,1,0
eclipse.pde.ui-20120217-1437,org.eclipse.pde.api.tools.internal,ApiJavadocTag,getRestrictionModifier,3,1,0
eclipse.pde.ui-20120217-1437,org.eclipse.pde.api.tools.internal,ApiJavadocTag,setApplicableTo,6,2,3
eclipse.pde.ui-20120217-1437,org.eclipse.pde.api.tools.internal,ApiJavadocTag,getTagComment,7,2,2
eclipse.pde.ui-20120217-1437,org.eclipse.pde.api.tools.internal,ApiJavadocTag,getTagName,9,2,0
eclipse.pde.ui-20120217-1437,org.eclipse.pde.api.tools.internal,ApiJavadocTag,toString,3,1,0
eclipse.pde.ui-20120217-1437,org.eclipse.pde.api.tools.internal,ApiJavadocTag,getCompleteTag,11,2,2
eclipse.pde.ui-20120217-1437,org.eclipse.pde.api.tools.internal,ApiJavadocTag,isApplicable,3,1,2
eclipse.pde.ui-20120217-1437,org.eclipse.pde.api.tools.internal,ApiJavadocTag,equals,9,3,1
eclipse.pde.ui-20120217-1437,org.eclipse.pde.api.tools.internal,ApiJavadocTag,hashCode,3,1,0
eclipse.pde.ui-20120217-1437,org.eclipse.pde.api.tools.internal,ApiJavadocTag,getTagKey,3,1,2
eclipse.pde.ui-20120217-1437,org.eclipse.pde.api.tools.internal,ApiPluginPreferenceInitializer,ApiPluginPreferenceInitializer,2,1,0
eclipse.pde.ui-20120217-1437,org.eclipse.pde.api.tools.internal,ApiPluginPreferenceInitializer,initializeDefaultPreferences,37,3,0
eclipse.pde.ui-20120217-1437,org.eclipse.pde.api.tools.internal,BundleVersionRange,BundleVersionRange,3,1,1
eclipse.pde.ui-20120217-1437,org.eclipse.pde.api.tools.internal,BundleVersionRange,BundleVersionRange,3,1,1
eclipse.pde.ui-20120217-1437,org.eclipse.pde.api.tools.internal,BundleVersionRange,getMaximumVersion,3,1,0
eclipse.pde.ui-20120217-1437,org.eclipse.pde.api.tools.internal,BundleVersionRange,getMinimumVersion,3,1,0
eclipse.pde.ui-20120217-1437,org.eclipse.pde.api.tools.internal,BundleVersionRange,isIncludeMaximum,3,1,0
eclipse.pde.ui-20120217-1437,org.eclipse.pde.api.tools.internal,BundleVersionRange,isIncludeMinimum,3,1,0
eclipse.pde.ui-20120217-1437,org.eclipse.pde.api.tools.internal,BundleVersionRange,equals,7,2,1
eclipse.pde.ui-20120217-1437,org.eclipse.pde.api.tools.internal,BundleVersionRange,hashCode,3,1,0
eclipse.pde.ui-20120217-1437,org.eclipse.pde.api.tools.internal,BundleVersionRange,toString,3,1,0
eclipse.pde.ui-20120217-1437,org.eclipse.pde.api.tools.internal,BundleVersionRange,isIncluded,3,1,1
eclipse.pde.ui-20120217-1437,org.eclipse.pde.api.tools.internal,CRCVisitor,visitElement,27,6,2
eclipse.pde.ui-20120217-1437,org.eclipse.pde.api.tools.internal,CRCVisitor,getValue,3,1,0
eclipse.pde.ui-20120217-1437,org.eclipse.pde.api.tools.internal,CompilationUnit,CompilationUnit,8,2,1
eclipse.pde.ui-20120217-1437,org.eclipse.pde.api.tools.internal,CompilationUnit,CompilationUnit,4,1,1
eclipse.pde.ui-20120217-1437,org.eclipse.pde.api.tools.internal,CompilationUnit,getName,3,1,0
eclipse.pde.ui-20120217-1437,org.eclipse.pde.api.tools.internal,CompilationUnit,getInputStream,11,2,0
eclipse.pde.ui-20120217-1437,org.eclipse.pde.api.tools.internal,CompilationUnit,toString,3,1,0
eclipse.pde.ui-20120217-1437,org.eclipse.pde.api.tools.internal,CompositeApiDescription,CompositeApiDescription,3,1,1
eclipse.pde.ui-20120217-1437,org.eclipse.pde.api.tools.internal,CompositeApiDescription,accept,5,2,2
eclipse.pde.ui-20120217-1437,org.eclipse.pde.api.tools.internal,CompositeApiDescription,accept,8,3,3
eclipse.pde.ui-20120217-1437,org.eclipse.pde.api.tools.internal,CompositeApiDescription,resolveAnnotations,9,3,1
eclipse.pde.ui-20120217-1437,org.eclipse.pde.api.tools.internal,CompositeApiDescription,setRestrictions,9,3,2
eclipse.pde.ui-20120217-1437,org.eclipse.pde.api.tools.internal,CompositeApiDescription,setAddedProfile,3,1,2
eclipse.pde.ui-20120217-1437,org.eclipse.pde.api.tools.internal,CompositeApiDescription,setRemovedProfile,3,1,2
eclipse.pde.ui-20120217-1437,org.eclipse.pde.api.tools.internal,CompositeApiDescription,setSuperclass,3,1,2
eclipse.pde.ui-20120217-1437,org.eclipse.pde.api.tools.internal,CompositeApiDescription,setSuperinterfaces,3,1,2
eclipse.pde.ui-20120217-1437,org.eclipse.pde.api.tools.internal,CompositeApiDescription,setInterface,3,1,2
eclipse.pde.ui-20120217-1437,org.eclipse.pde.api.tools.internal,CompositeApiDescription,setVisibility,9,3,2
eclipse.pde.ui-20120217-1437,org.eclipse.pde.api.tools.internal,CompositeApiDescription,setAccessLevel,2,1,3
eclipse.pde.ui-20120217-1437,org.eclipse.pde.api.tools.internal,CompositeApiDescription,resolveAccessLevel,10,3,2
eclipse.pde.ui-20120217-1437,org.eclipse.pde.api.tools.internal,CoreMessages,CoreMessages,2,1,0
eclipse.pde.ui-20120217-1437,org.eclipse.pde.api.tools.internal,JavadocTagManager,initializeJavadocTags,34,2,0
eclipse.pde.ui-20120217-1437,org.eclipse.pde.api.tools.internal,JavadocTagManager,getTagsForType,10,3,2
eclipse.pde.ui-20120217-1437,org.eclipse.pde.api.tools.internal,JavadocTagManager,getTag,4,1,1
eclipse.pde.ui-20120217-1437,org.eclipse.pde.api.tools.internal,JavadocTagManager,getAllTags,8,2,0
eclipse.pde.ui-20120217-1437,org.eclipse.pde.api.tools.internal,JavadocTagManager,getAllTagNames,8,2,0
eclipse.pde.ui-20120217-1437,org.eclipse.pde.api.tools.internal,JavadocTagManager,getRestrictionsForTag,14,4,3
eclipse.pde.ui-20120217-1437,org.eclipse.pde.api.tools.internal,NonApiProjectDescription,NonApiProjectDescription,3,1,1
eclipse.pde.ui-20120217-1437,org.eclipse.pde.api.tools.internal,NonApiProjectDescription,isInsertOnResolve,8,2,1
eclipse.pde.ui-20120217-1437,org.eclipse.pde.api.tools.internal,ProjectApiDescription,PackageNode,4,1,5
eclipse.pde.ui-20120217-1437,org.eclipse.pde.api.tools.internal,ProjectApiDescription,refresh,10,3,0
eclipse.pde.ui-20120217-1437,org.eclipse.pde.api.tools.internal,ProjectApiDescription,persistXML,13,3,2
eclipse.pde.ui-20120217-1437,org.eclipse.pde.api.tools.internal,ProjectApiDescription,toString,19,3,0
eclipse.pde.ui-20120217-1437,org.eclipse.pde.api.tools.internal,ProjectApiDescription,TypeNode,8,2,5
eclipse.pde.ui-20120217-1437,org.eclipse.pde.api.tools.internal,ProjectApiDescription,refresh,108,14,0
eclipse.pde.ui-20120217-1437,org.eclipse.pde.api.tools.internal,ProjectApiDescription,persistXML,10,2,2
eclipse.pde.ui-20120217-1437,org.eclipse.pde.api.tools.internal,ProjectApiDescription,toString,11,2,0
eclipse.pde.ui-20120217-1437,org.eclipse.pde.api.tools.internal,ProjectApiDescription,ProjectApiDescription,4,1,1
eclipse.pde.ui-20120217-1437,org.eclipse.pde.api.tools.internal,ProjectApiDescription,accept,52,10,2
eclipse.pde.ui-20120217-1437,org.eclipse.pde.api.tools.internal,ProjectApiDescription,visit,7,2,2
eclipse.pde.ui-20120217-1437,org.eclipse.pde.api.tools.internal,ProjectApiDescription,visitType,9,3,2
eclipse.pde.ui-20120217-1437,org.eclipse.pde.api.tools.internal,ProjectApiDescription,isInsertOnResolve,11,4,1
eclipse.pde.ui-20120217-1437,org.eclipse.pde.api.tools.internal,ProjectApiDescription,createNode,82,18,2
eclipse.pde.ui-20120217-1437,org.eclipse.pde.api.tools.internal,ProjectApiDescription,newPackageNode,3,1,5
eclipse.pde.ui-20120217-1437,org.eclipse.pde.api.tools.internal,ProjectApiDescription,newTypeNode,3,1,5
eclipse.pde.ui-20120217-1437,org.eclipse.pde.api.tools.internal,ProjectApiDescription,newNode,3,1,4
eclipse.pde.ui-20120217-1437,org.eclipse.pde.api.tools.internal,ProjectApiDescription,refreshPackages,42,7,0
eclipse.pde.ui-20120217-1437,org.eclipse.pde.api.tools.internal,ProjectApiDescription,getElementDescriptor,10,3,1
eclipse.pde.ui-20120217-1437,org.eclipse.pde.api.tools.internal,ProjectApiDescription,getJavaProject,3,1,0
eclipse.pde.ui-20120217-1437,org.eclipse.pde.api.tools.internal,ProjectApiDescription,getApiTypeContainer,7,2,1
eclipse.pde.ui-20120217-1437,org.eclipse.pde.api.tools.internal,ProjectApiDescription,getLocalPackageFragments,19,4,0
eclipse.pde.ui-20120217-1437,org.eclipse.pde.api.tools.internal,ProjectApiDescription,getXML,10,1,0
eclipse.pde.ui-20120217-1437,org.eclipse.pde.api.tools.internal,ProjectApiDescription,persistChildren,7,2,3
eclipse.pde.ui-20120217-1437,org.eclipse.pde.api.tools.internal,ProjectApiDescription,clean,6,1,0
eclipse.pde.ui-20120217-1437,org.eclipse.pde.api.tools.internal,ProjectApiDescription,projectChanged,3,1,0
eclipse.pde.ui-20120217-1437,org.eclipse.pde.api.tools.internal,ProjectApiDescription,projectClasspathChanged,4,1,0
eclipse.pde.ui-20120217-1437,org.eclipse.pde.api.tools.internal,ProjectApiDescription,toString,5,1,0
eclipse.pde.ui-20120217-1437,org.eclipse.pde.api.tools.internal,ProjectApiDescription,getApiComponent,8,2,0
eclipse.pde.ui-20120217-1437,org.eclipse.pde.api.tools.internal,ProjectApiDescription,resolveAnnotations,7,2,2
eclipse.pde.ui-20120217-1437,org.eclipse.pde.api.tools.internal,PackageNode,PackageNode,4,1,5
eclipse.pde.ui-20120217-1437,org.eclipse.pde.api.tools.internal,PackageNode,refresh,10,3,0
eclipse.pde.ui-20120217-1437,org.eclipse.pde.api.tools.internal,PackageNode,persistXML,13,3,2
eclipse.pde.ui-20120217-1437,org.eclipse.pde.api.tools.internal,PackageNode,toString,19,3,0
eclipse.pde.ui-20120217-1437,org.eclipse.pde.api.tools.internal,TypeNode,TypeNode,8,2,5
eclipse.pde.ui-20120217-1437,org.eclipse.pde.api.tools.internal,TypeNode,refresh,108,14,0
eclipse.pde.ui-20120217-1437,org.eclipse.pde.api.tools.internal,TypeNode,persistXML,10,2,2
eclipse.pde.ui-20120217-1437,org.eclipse.pde.api.tools.internal,TypeNode,toString,11,2,0
eclipse.pde.ui-20120217-1437,org.eclipse.pde.api.tools.internal,RequiredComponentDescription,RequiredComponentDescription,3,1,2
eclipse.pde.ui-20120217-1437,org.eclipse.pde.api.tools.internal,RequiredComponentDescription,RequiredComponentDescription,6,1,4
eclipse.pde.ui-20120217-1437,org.eclipse.pde.api.tools.internal,RequiredComponentDescription,equals,7,2,1
eclipse.pde.ui-20120217-1437,org.eclipse.pde.api.tools.internal,RequiredComponentDescription,getId,3,1,0
eclipse.pde.ui-20120217-1437,org.eclipse.pde.api.tools.internal,RequiredComponentDescription,getVersionRange,3,1,0
eclipse.pde.ui-20120217-1437,org.eclipse.pde.api.tools.internal,RequiredComponentDescription,hashCode,3,1,0
eclipse.pde.ui-20120217-1437,org.eclipse.pde.api.tools.internal,RequiredComponentDescription,isOptional,3,1,0
eclipse.pde.ui-20120217-1437,org.eclipse.pde.api.tools.internal,RequiredComponentDescription,toString,7,1,0
eclipse.pde.ui-20120217-1437,org.eclipse.pde.api.tools.internal,RequiredComponentDescription,isExported,3,1,0
eclipse.pde.ui-20120217-1437,org.eclipse.pde.api.tools.internal,SessionManager,addSession,13,4,2
eclipse.pde.ui-20120217-1437,org.eclipse.pde.api.tools.internal,SessionManager,removeSession,9,3,1
eclipse.pde.ui-20120217-1437,org.eclipse.pde.api.tools.internal,SessionManager,removeAllSessions,10,2,0
eclipse.pde.ui-20120217-1437,org.eclipse.pde.api.tools.internal,SessionManager,getSessions,3,1,0
eclipse.pde.ui-20120217-1437,org.eclipse.pde.api.tools.internal,SessionManager,addSessionListener,4,2,1
eclipse.pde.ui-20120217-1437,org.eclipse.pde.api.tools.internal,SessionManager,removeSessionListener,3,1,1
eclipse.pde.ui-20120217-1437,org.eclipse.pde.api.tools.internal,SessionManager,fireSessionAdded,6,2,1
eclipse.pde.ui-20120217-1437,org.eclipse.pde.api.tools.internal,SessionManager,fireSessionRemoved,6,2,1
eclipse.pde.ui-20120217-1437,org.eclipse.pde.api.tools.internal,SessionManager,getActiveSession,3,1,0
eclipse.pde.ui-20120217-1437,org.eclipse.pde.api.tools.internal,SessionManager,fireSessionActivated,6,2,1
eclipse.pde.ui-20120217-1437,org.eclipse.pde.api.tools.internal,SessionManager,activateSession,6,2,1
eclipse.pde.ui-20120217-1437,org.eclipse.pde.api.tools.internal,SystemApiDescriptionProcessor,SystemApiDescriptionProcessor,2,1,0
eclipse.pde.ui-20120217-1437,org.eclipse.pde.api.tools.internal,SystemApiDescriptionProcessor,serializeComponentXml,52,11,1
eclipse.pde.ui-20120217-1437,org.eclipse.pde.api.tools.internal,SystemApiDescriptionProcessor,abort,4,1,2
eclipse.pde.ui-20120217-1437,org.eclipse.pde.api.tools.internal,SystemApiDescriptionProcessor,annotateApiSettings,34,5,2
eclipse.pde.ui-20120217-1437,org.eclipse.pde.api.tools.internal,SystemApiDescriptionProcessor,annotateDescriptor,9,1,3
eclipse.pde.ui-20120217-1437,org.eclipse.pde.api.tools.internal,SystemApiDescriptionProcessor,retrieveElementAttribute,7,2,2
eclipse.pde.ui-20120217-1437,org.eclipse.pde.api.tools.internal,SystemApiDescriptionProcessor,retrieveStringElementAttribute,7,2,2
eclipse.pde.ui-20120217-1437,org.eclipse.pde.api.tools.internal,SystemApiDescriptionProcessor,retrieveBooleanElementAttribute,7,2,2
eclipse.pde.ui-20120217-1437,org.eclipse.pde.api.tools.internal,SystemApiDescriptionProcessor,annotateFieldSettings,15,3,3
eclipse.pde.ui-20120217-1437,org.eclipse.pde.api.tools.internal,SystemApiDescriptionProcessor,annotateMethodSettings,19,4,3
eclipse.pde.ui-20120217-1437,org.eclipse.pde.api.tools.internal,TypeAnnotations,TypeAnnotations,4,1,2
eclipse.pde.ui-20120217-1437,org.eclipse.pde.api.tools.internal,TypeAnnotations,getBuildStamp,3,1,0
eclipse.pde.ui-20120217-1437,org.eclipse.pde.api.tools.internal,TypeAnnotations,getVisibility,3,1,0
eclipse.pde.ui-20120217-1437,org.eclipse.pde.api.tools.internal,TypeAnnotations,getRestrictions,3,1,0
eclipse.pde.ui-20120217-1437,org.eclipse.pde.api.tools.internal,WorkspaceDeltaProcessor,setDebug,3,1,1
eclipse.pde.ui-20120217-1437,org.eclipse.pde.api.tools.internal,WorkspaceDeltaProcessor,elementChanged,3,1,1
eclipse.pde.ui-20120217-1437,org.eclipse.pde.api.tools.internal,WorkspaceDeltaProcessor,processJavaElementDeltas,165,45,2
eclipse.pde.ui-20120217-1437,org.eclipse.pde.api.tools.internal,WorkspaceDeltaProcessor,resourceChanged,59,16,1
eclipse.pde.ui-20120217-1437,org.eclipse.pde.api.tools.internal.builder,AbstractIllegalMethodReference,addIllegalMethod,4,1,2
eclipse.pde.ui-20120217-1437,org.eclipse.pde.api.tools.internal.builder,AbstractIllegalMethodReference,considerReference,7,2,1
eclipse.pde.ui-20120217-1437,org.eclipse.pde.api.tools.internal.builder,AbstractIllegalMethodReference,isProblem,8,2,1
eclipse.pde.ui-20120217-1437,org.eclipse.pde.api.tools.internal.builder,AbstractIllegalMethodReference,getElementType,3,1,1
eclipse.pde.ui-20120217-1437,org.eclipse.pde.api.tools.internal.builder,AbstractIllegalMethodReference,getProblemFlags,7,2,1
eclipse.pde.ui-20120217-1437,org.eclipse.pde.api.tools.internal.builder,AbstractIllegalTypeReference,addIllegalType,3,1,2
eclipse.pde.ui-20120217-1437,org.eclipse.pde.api.tools.internal.builder,AbstractIllegalTypeReference,considerReference,7,2,1
eclipse.pde.ui-20120217-1437,org.eclipse.pde.api.tools.internal.builder,AbstractIllegalTypeReference,isIllegalType,3,1,1
eclipse.pde.ui-20120217-1437,org.eclipse.pde.api.tools.internal.builder,AbstractIllegalTypeReference,isProblem,8,2,1
eclipse.pde.ui-20120217-1437,org.eclipse.pde.api.tools.internal.builder,AbstractIllegalTypeReference,getSourceRange,11,3,3
eclipse.pde.ui-20120217-1437,org.eclipse.pde.api.tools.internal.builder,AbstractIllegalTypeReference,getElementType,3,1,1
eclipse.pde.ui-20120217-1437,org.eclipse.pde.api.tools.internal.builder,AbstractIllegalTypeReference,getMessageArgs,3,1,1
eclipse.pde.ui-20120217-1437,org.eclipse.pde.api.tools.internal.builder,AbstractIllegalTypeReference,getQualifiedMessageArgs,3,1,1
eclipse.pde.ui-20120217-1437,org.eclipse.pde.api.tools.internal.builder,AbstractIllegalTypeReference,getProblemFlags,3,1,1
eclipse.pde.ui-20120217-1437,org.eclipse.pde.api.tools.internal.builder,AbstractLeakProblemDetector,AbstractLeakProblemDetector,3,1,1
eclipse.pde.ui-20120217-1437,org.eclipse.pde.api.tools.internal.builder,AbstractLeakProblemDetector,isNonAPIReference,19,4,1
eclipse.pde.ui-20120217-1437,org.eclipse.pde.api.tools.internal.builder,AbstractLeakProblemDetector,isEnclosingTypeVisible,16,4,1
eclipse.pde.ui-20120217-1437,org.eclipse.pde.api.tools.internal.builder,AbstractProblemDetector,setDebug,3,1,1
eclipse.pde.ui-20120217-1437,org.eclipse.pde.api.tools.internal.builder,AbstractProblemDetector,retainReference,3,1,1
eclipse.pde.ui-20120217-1437,org.eclipse.pde.api.tools.internal.builder,AbstractProblemDetector,getRetainedReferences,3,1,0
eclipse.pde.ui-20120217-1437,org.eclipse.pde.api.tools.internal.builder,AbstractProblemDetector,considerReference,3,1,1
eclipse.pde.ui-20120217-1437,org.eclipse.pde.api.tools.internal.builder,AbstractProblemDetector,createProblem,92,17,2
eclipse.pde.ui-20120217-1437,org.eclipse.pde.api.tools.internal.builder,AbstractProblemDetector,getSourceRange,0,1,3
eclipse.pde.ui-20120217-1437,org.eclipse.pde.api.tools.internal.builder,AbstractProblemDetector,getElementType,0,1,1
eclipse.pde.ui-20120217-1437,org.eclipse.pde.api.tools.internal.builder,AbstractProblemDetector,getProblemFlags,0,1,1
eclipse.pde.ui-20120217-1437,org.eclipse.pde.api.tools.internal.builder,AbstractProblemDetector,getMessageArgs,0,1,1
eclipse.pde.ui-20120217-1437,org.eclipse.pde.api.tools.internal.builder,AbstractProblemDetector,getQualifiedMessageArgs,0,1,1
eclipse.pde.ui-20120217-1437,org.eclipse.pde.api.tools.internal.builder,AbstractProblemDetector,getProblemKind,0,1,0
eclipse.pde.ui-20120217-1437,org.eclipse.pde.api.tools.internal.builder,AbstractProblemDetector,getSeverityKey,0,1,0
eclipse.pde.ui-20120217-1437,org.eclipse.pde.api.tools.internal.builder,AbstractProblemDetector,getTypeName,19,4,1
eclipse.pde.ui-20120217-1437,org.eclipse.pde.api.tools.internal.builder,AbstractProblemDetector,getQualifiedTypeName,24,5,1
eclipse.pde.ui-20120217-1437,org.eclipse.pde.api.tools.internal.builder,AbstractProblemDetector,getSimpleTypeName,22,5,1
eclipse.pde.ui-20120217-1437,org.eclipse.pde.api.tools.internal.builder,AbstractProblemDetector,defaultSourcePosition,9,3,2
eclipse.pde.ui-20120217-1437,org.eclipse.pde.api.tools.internal.builder,AbstractProblemDetector,findMethodNameStart,14,4,3
eclipse.pde.ui-20120217-1437,org.eclipse.pde.api.tools.internal.builder,AbstractProblemDetector,createProblems,33,6,0
eclipse.pde.ui-20120217-1437,org.eclipse.pde.api.tools.internal.builder,AbstractProblemDetector,isProblem,16,3,1
eclipse.pde.ui-20120217-1437,org.eclipse.pde.api.tools.internal.builder,AbstractProblemDetector,isReferenceFromComponent,16,3,2
eclipse.pde.ui-20120217-1437,org.eclipse.pde.api.tools.internal.builder,AbstractProblemDetector,findMethodInType,26,6,2
eclipse.pde.ui-20120217-1437,org.eclipse.pde.api.tools.internal.builder,AbstractProblemDetector,getSourceRangeForMethod,14,4,3
eclipse.pde.ui-20120217-1437,org.eclipse.pde.api.tools.internal.builder,AbstractProblemDetector,getSourceRangeForField,14,4,3
eclipse.pde.ui-20120217-1437,org.eclipse.pde.api.tools.internal.builder,AbstractProblemDetector,getFieldNameRange,3,1,3
eclipse.pde.ui-20120217-1437,org.eclipse.pde.api.tools.internal.builder,AbstractProblemDetector,getFieldNameRange,40,9,4
eclipse.pde.ui-20120217-1437,org.eclipse.pde.api.tools.internal.builder,AbstractProblemDetector,getMethodNameRange,44,10,4
eclipse.pde.ui-20120217-1437,org.eclipse.pde.api.tools.internal.builder,AbstractProblemDetector,createProblem,8,2,1
eclipse.pde.ui-20120217-1437,org.eclipse.pde.api.tools.internal.builder,AbstractTypeLeakDetector,AbstractTypeLeakDetector,3,1,1
eclipse.pde.ui-20120217-1437,org.eclipse.pde.api.tools.internal.builder,AbstractTypeLeakDetector,considerReference,21,5,1
eclipse.pde.ui-20120217-1437,org.eclipse.pde.api.tools.internal.builder,AbstractTypeLeakDetector,isProblem,21,3,1
eclipse.pde.ui-20120217-1437,org.eclipse.pde.api.tools.internal.builder,AbstractTypeLeakDetector,isApplicable,3,1,1
eclipse.pde.ui-20120217-1437,org.eclipse.pde.api.tools.internal.builder,AbstractTypeLeakDetector,getQualifiedMessageArgs,3,1,1
eclipse.pde.ui-20120217-1437,org.eclipse.pde.api.tools.internal.builder,AbstractTypeLeakDetector,getMessageArgs,3,1,1
eclipse.pde.ui-20120217-1437,org.eclipse.pde.api.tools.internal.builder,AbstractTypeLeakDetector,getSourceRange,11,3,3
eclipse.pde.ui-20120217-1437,org.eclipse.pde.api.tools.internal.builder,AbstractTypeLeakDetector,getElementType,3,1,1
eclipse.pde.ui-20120217-1437,org.eclipse.pde.api.tools.internal.builder,AbstractTypeLeakDetector,getProblemKind,3,1,0
eclipse.pde.ui-20120217-1437,org.eclipse.pde.api.tools.internal.builder,ApiAnalysisBuilder,compare,6,2,2
eclipse.pde.ui-20120217-1437,org.eclipse.pde.api.tools.internal.builder,ApiAnalysisBuilder,setDebug,3,1,1
eclipse.pde.ui-20120217-1437,org.eclipse.pde.api.tools.internal.builder,ApiAnalysisBuilder,cleanupMarkers,8,1,1
eclipse.pde.ui-20120217-1437,org.eclipse.pde.api.tools.internal.builder,ApiAnalysisBuilder,cleanApiUseScanMarkers,25,6,1
eclipse.pde.ui-20120217-1437,org.eclipse.pde.api.tools.internal.builder,ApiAnalysisBuilder,cleanupUnsupportedTagMarkers,13,3,1
eclipse.pde.ui-20120217-1437,org.eclipse.pde.api.tools.internal.builder,ApiAnalysisBuilder,cleanupCompatibilityMarkers,16,3,1
eclipse.pde.ui-20120217-1437,org.eclipse.pde.api.tools.internal.builder,ApiAnalysisBuilder,cleanupUsageMarkers,16,4,1
eclipse.pde.ui-20120217-1437,org.eclipse.pde.api.tools.internal.builder,ApiAnalysisBuilder,cleanupFatalMarkers,10,2,1
eclipse.pde.ui-20120217-1437,org.eclipse.pde.api.tools.internal.builder,ApiAnalysisBuilder,cleanUnusedFilterMarkers,10,2,1
eclipse.pde.ui-20120217-1437,org.eclipse.pde.api.tools.internal.builder,ApiAnalysisBuilder,build,169,36,3
eclipse.pde.ui-20120217-1437,org.eclipse.pde.api.tools.internal.builder,ApiAnalysisBuilder,shouldFullBuild,19,4,1
eclipse.pde.ui-20120217-1437,org.eclipse.pde.api.tools.internal.builder,ApiAnalysisBuilder,compareManifest,65,15,2
eclipse.pde.ui-20120217-1437,org.eclipse.pde.api.tools.internal.builder,ApiAnalysisBuilder,compareBuildProperties,30,7,1
eclipse.pde.ui-20120217-1437,org.eclipse.pde.api.tools.internal.builder,ApiAnalysisBuilder,shouldAbort,3,1,1
eclipse.pde.ui-20120217-1437,org.eclipse.pde.api.tools.internal.builder,ApiAnalysisBuilder,hasFatalProblems,11,2,1
eclipse.pde.ui-20120217-1437,org.eclipse.pde.api.tools.internal.builder,ApiAnalysisBuilder,worthDoingFullBuild,16,5,1
eclipse.pde.ui-20120217-1437,org.eclipse.pde.api.tools.internal.builder,ApiAnalysisBuilder,buildAll,27,4,3
eclipse.pde.ui-20120217-1437,org.eclipse.pde.api.tools.internal.builder,ApiAnalysisBuilder,createMarkers,26,5,0
eclipse.pde.ui-20120217-1437,org.eclipse.pde.api.tools.internal.builder,ApiAnalysisBuilder,getProblemTypeFromCategory,39,10,2
eclipse.pde.ui-20120217-1437,org.eclipse.pde.api.tools.internal.builder,ApiAnalysisBuilder,createMarkerForProblem,57,14,3
eclipse.pde.ui-20120217-1437,org.eclipse.pde.api.tools.internal.builder,ApiAnalysisBuilder,resolveResource,23,5,1
eclipse.pde.ui-20120217-1437,org.eclipse.pde.api.tools.internal.builder,ApiAnalysisBuilder,createArgAttribute,10,3,1
eclipse.pde.ui-20120217-1437,org.eclipse.pde.api.tools.internal.builder,ApiAnalysisBuilder,clean,17,1,1
eclipse.pde.ui-20120217-1437,org.eclipse.pde.api.tools.internal.builder,ApiAnalysisBuilder,cleanupApiDescription,5,2,1
eclipse.pde.ui-20120217-1437,org.eclipse.pde.api.tools.internal.builder,ApiAnalysisBuilder,getCurrentModel,20,5,0
eclipse.pde.ui-20120217-1437,org.eclipse.pde.api.tools.internal.builder,ApiAnalysisBuilder,getDeltas,23,7,1
eclipse.pde.ui-20120217-1437,org.eclipse.pde.api.tools.internal.builder,ApiAnalysisBuilder,getAnalyzer,6,2,0
eclipse.pde.ui-20120217-1437,org.eclipse.pde.api.tools.internal.builder,ApiAnalysisBuilder,getRequiredProjects,83,17,1
eclipse.pde.ui-20120217-1437,org.eclipse.pde.api.tools.internal.builder,ApiAnalysisBuilder,getProjectOutputPaths,3,1,1
eclipse.pde.ui-20120217-1437,org.eclipse.pde.api.tools.internal.builder,ApiAnalysisBuilder,isOptional,8,3,1
eclipse.pde.ui-20120217-1437,org.eclipse.pde.api.tools.internal.builder,ApiAnalysisBuilder,toString,3,1,0
eclipse.pde.ui-20120217-1437,org.eclipse.pde.api.tools.internal.builder,BaseApiAnalyzer,ReexportedBundleVersionInfo,4,1,2
eclipse.pde.ui-20120217-1437,org.eclipse.pde.api.tools.internal.builder,BaseApiAnalyzer,setDebug,3,1,1
eclipse.pde.ui-20120217-1437,org.eclipse.pde.api.tools.internal.builder,BaseApiAnalyzer,BaseApiAnalyzer,2,1,0
eclipse.pde.ui-20120217-1437,org.eclipse.pde.api.tools.internal.builder,BaseApiAnalyzer,analyzeComponent,96,17,7
eclipse.pde.ui-20120217-1437,org.eclipse.pde.api.tools.internal.builder,BaseApiAnalyzer,checkEEDescriptions,16,5,0
eclipse.pde.ui-20120217-1437,org.eclipse.pde.api.tools.internal.builder,BaseApiAnalyzer,ignoreEEDescriptionCheck,6,2,0
eclipse.pde.ui-20120217-1437,org.eclipse.pde.api.tools.internal.builder,BaseApiAnalyzer,checkExternalDependencies,67,16,4
eclipse.pde.ui-20120217-1437,org.eclipse.pde.api.tools.internal.builder,BaseApiAnalyzer,isSeverityEnabled,16,9,1
eclipse.pde.ui-20120217-1437,org.eclipse.pde.api.tools.internal.builder,BaseApiAnalyzer,isIgnore,6,2,1
eclipse.pde.ui-20120217-1437,org.eclipse.pde.api.tools.internal.builder,BaseApiAnalyzer,createExternalDependenciesProblem,68,11,6
eclipse.pde.ui-20120217-1437,org.eclipse.pde.api.tools.internal.builder,BaseApiAnalyzer,checkCompatibility,9,3,4
eclipse.pde.ui-20120217-1437,org.eclipse.pde.api.tools.internal.builder,BaseApiAnalyzer,checkUnusedProblemFilters,55,11,3
eclipse.pde.ui-20120217-1437,org.eclipse.pde.api.tools.internal.builder,BaseApiAnalyzer,addToList,7,3,2
eclipse.pde.ui-20120217-1437,org.eclipse.pde.api.tools.internal.builder,BaseApiAnalyzer,removeUnusedProblemFilters,11,2,3
eclipse.pde.ui-20120217-1437,org.eclipse.pde.api.tools.internal.builder,BaseApiAnalyzer,run,3,1,1
eclipse.pde.ui-20120217-1437,org.eclipse.pde.api.tools.internal.builder,BaseApiAnalyzer,createUnusedApiFilterProblems,54,9,1
eclipse.pde.ui-20120217-1437,org.eclipse.pde.api.tools.internal.builder,BaseApiAnalyzer,checkBundleVersionsOfReexportedBundles,46,11,2
eclipse.pde.ui-20120217-1437,org.eclipse.pde.api.tools.internal.builder,BaseApiAnalyzer,createAST,13,2,2
eclipse.pde.ui-20120217-1437,org.eclipse.pde.api.tools.internal.builder,BaseApiAnalyzer,getBuildState,18,4,0
eclipse.pde.ui-20120217-1437,org.eclipse.pde.api.tools.internal.builder,BaseApiAnalyzer,getSearchScope,11,3,2
eclipse.pde.ui-20120217-1437,org.eclipse.pde.api.tools.internal.builder,BaseApiAnalyzer,getScopedElements,10,3,1
eclipse.pde.ui-20120217-1437,org.eclipse.pde.api.tools.internal.builder,BaseApiAnalyzer,getProblems,6,2,0
eclipse.pde.ui-20120217-1437,org.eclipse.pde.api.tools.internal.builder,BaseApiAnalyzer,dispose,13,4,0
eclipse.pde.ui-20120217-1437,org.eclipse.pde.api.tools.internal.builder,BaseApiAnalyzer,ignoreApiUsageScan,20,2,0
eclipse.pde.ui-20120217-1437,org.eclipse.pde.api.tools.internal.builder,BaseApiAnalyzer,reportApiBreakageWhenMajorVersionIncremented,6,2,0
eclipse.pde.ui-20120217-1437,org.eclipse.pde.api.tools.internal.builder,BaseApiAnalyzer,ignoreDefaultBaselineCheck,6,2,0
eclipse.pde.ui-20120217-1437,org.eclipse.pde.api.tools.internal.builder,BaseApiAnalyzer,ignoreSinceTagCheck,16,3,1
eclipse.pde.ui-20120217-1437,org.eclipse.pde.api.tools.internal.builder,BaseApiAnalyzer,ignoreComponentVersionCheck,6,2,0
eclipse.pde.ui-20120217-1437,org.eclipse.pde.api.tools.internal.builder,BaseApiAnalyzer,ignoreMinorVersionCheckWithoutApiChange,6,2,0
eclipse.pde.ui-20120217-1437,org.eclipse.pde.api.tools.internal.builder,BaseApiAnalyzer,ignoreMajorVersionCheckWithoutBreakingChange,6,2,0
eclipse.pde.ui-20120217-1437,org.eclipse.pde.api.tools.internal.builder,BaseApiAnalyzer,ignoreInvalidTagCheck,6,2,0
eclipse.pde.ui-20120217-1437,org.eclipse.pde.api.tools.internal.builder,BaseApiAnalyzer,ignoreUnusedProblemFilterCheck,6,2,0
eclipse.pde.ui-20120217-1437,org.eclipse.pde.api.tools.internal.builder,BaseApiAnalyzer,checkTagValidation,44,8,3
eclipse.pde.ui-20120217-1437,org.eclipse.pde.api.tools.internal.builder,BaseApiAnalyzer,scanSource,30,6,2
eclipse.pde.ui-20120217-1437,org.eclipse.pde.api.tools.internal.builder,BaseApiAnalyzer,processType,14,3,1
eclipse.pde.ui-20120217-1437,org.eclipse.pde.api.tools.internal.builder,BaseApiAnalyzer,processType,12,3,1
eclipse.pde.ui-20120217-1437,org.eclipse.pde.api.tools.internal.builder,BaseApiAnalyzer,checkApiUsage,45,9,3
eclipse.pde.ui-20120217-1437,org.eclipse.pde.api.tools.internal.builder,BaseApiAnalyzer,getApiUseTypes,28,8,1
eclipse.pde.ui-20120217-1437,org.eclipse.pde.api.tools.internal.builder,BaseApiAnalyzer,checkCompatibility,144,25,4
eclipse.pde.ui-20120217-1437,org.eclipse.pde.api.tools.internal.builder,BaseApiAnalyzer,checkCompatibility,48,9,3
eclipse.pde.ui-20120217-1437,org.eclipse.pde.api.tools.internal.builder,BaseApiAnalyzer,checkSinceTags,123,24,2
eclipse.pde.ui-20120217-1437,org.eclipse.pde.api.tools.internal.builder,BaseApiAnalyzer,extractVersion,4,1,1
eclipse.pde.ui-20120217-1437,org.eclipse.pde.api.tools.internal.builder,BaseApiAnalyzer,createSinceTagProblem,58,6,5
eclipse.pde.ui-20120217-1437,org.eclipse.pde.api.tools.internal.builder,BaseApiAnalyzer,createCompatibilityProblem,53,7,3
eclipse.pde.ui-20120217-1437,org.eclipse.pde.api.tools.internal.builder,BaseApiAnalyzer,createApiComponentResolutionProblem,4,1,2
eclipse.pde.ui-20120217-1437,org.eclipse.pde.api.tools.internal.builder,BaseApiAnalyzer,processDelta,110,37,3
eclipse.pde.ui-20120217-1437,org.eclipse.pde.api.tools.internal.builder,BaseApiAnalyzer,checkApiComponentVersion,115,33,2
eclipse.pde.ui-20120217-1437,org.eclipse.pde.api.tools.internal.builder,BaseApiAnalyzer,collectDetails,15,3,1
eclipse.pde.ui-20120217-1437,org.eclipse.pde.api.tools.internal.builder,BaseApiAnalyzer,createVersionProblem,70,13,4
eclipse.pde.ui-20120217-1437,org.eclipse.pde.api.tools.internal.builder,BaseApiAnalyzer,checkDefaultBaselineSet,13,4,0
eclipse.pde.ui-20120217-1437,org.eclipse.pde.api.tools.internal.builder,BaseApiAnalyzer,getJavaProject,7,2,1
eclipse.pde.ui-20120217-1437,org.eclipse.pde.api.tools.internal.builder,BaseApiAnalyzer,addProblem,6,2,1
eclipse.pde.ui-20120217-1437,org.eclipse.pde.api.tools.internal.builder,BaseApiAnalyzer,isProblemFiltered,39,10,1
eclipse.pde.ui-20120217-1437,org.eclipse.pde.api.tools.internal.builder,ReexportedBundleVersionInfo,ReexportedBundleVersionInfo,4,1,2
eclipse.pde.ui-20120217-1437,org.eclipse.pde.api.tools.internal.builder,BuildContext,BuildContext,2,1,0
eclipse.pde.ui-20120217-1437,org.eclipse.pde.api.tools.internal.builder,BuildContext,getStructurallyChangedTypes,6,2,0
eclipse.pde.ui-20120217-1437,org.eclipse.pde.api.tools.internal.builder,BuildContext,getDescriptionChangedTypes,6,2,0
eclipse.pde.ui-20120217-1437,org.eclipse.pde.api.tools.internal.builder,BuildContext,getRemovedTypes,6,2,0
eclipse.pde.ui-20120217-1437,org.eclipse.pde.api.tools.internal.builder,BuildContext,hasStructuralChanges,5,1,0
eclipse.pde.ui-20120217-1437,org.eclipse.pde.api.tools.internal.builder,BuildContext,hasDescriptionChanges,3,1,0
eclipse.pde.ui-20120217-1437,org.eclipse.pde.api.tools.internal.builder,BuildContext,hasDescriptionDependents,3,1,0
eclipse.pde.ui-20120217-1437,org.eclipse.pde.api.tools.internal.builder,BuildContext,hasRemovedTypes,3,1,0
eclipse.pde.ui-20120217-1437,org.eclipse.pde.api.tools.internal.builder,BuildContext,recordStructuralChange,9,3,1
eclipse.pde.ui-20120217-1437,org.eclipse.pde.api.tools.internal.builder,BuildContext,recordRemovedType,9,3,1
eclipse.pde.ui-20120217-1437,org.eclipse.pde.api.tools.internal.builder,BuildContext,recordDescriptionChanged,8,3,1
eclipse.pde.ui-20120217-1437,org.eclipse.pde.api.tools.internal.builder,BuildContext,recordDescriptionDependent,9,3,1
eclipse.pde.ui-20120217-1437,org.eclipse.pde.api.tools.internal.builder,BuildContext,dispose,18,5,0
eclipse.pde.ui-20120217-1437,org.eclipse.pde.api.tools.internal.builder,BuildContext,hasTypes,3,1,0
eclipse.pde.ui-20120217-1437,org.eclipse.pde.api.tools.internal.builder,BuildContext,containsStructuralChange,6,2,1
eclipse.pde.ui-20120217-1437,org.eclipse.pde.api.tools.internal.builder,BuildContext,containsDescriptionChange,6,2,1
eclipse.pde.ui-20120217-1437,org.eclipse.pde.api.tools.internal.builder,BuildContext,containsDescriptionDependent,6,2,1
eclipse.pde.ui-20120217-1437,org.eclipse.pde.api.tools.internal.builder,BuildContext,containsRemovedType,6,2,1
eclipse.pde.ui-20120217-1437,org.eclipse.pde.api.tools.internal.builder,BuildContext,getDescriptionDependentTypes,6,2,0
eclipse.pde.ui-20120217-1437,org.eclipse.pde.api.tools.internal.builder,BuildStamps,getBuildStamp,8,2,1
eclipse.pde.ui-20120217-1437,org.eclipse.pde.api.tools.internal.builder,BuildStamps,incBuildStamp,9,2,1
eclipse.pde.ui-20120217-1437,org.eclipse.pde.api.tools.internal.builder,BuildState,BuildState,6,1,0
eclipse.pde.ui-20120217-1437,org.eclipse.pde.api.tools.internal.builder,BuildState,read,59,14,1
eclipse.pde.ui-20120217-1437,org.eclipse.pde.api.tools.internal.builder,BuildState,write,47,7,2
eclipse.pde.ui-20120217-1437,org.eclipse.pde.api.tools.internal.builder,BuildState,readDelta,31,4,1
eclipse.pde.ui-20120217-1437,org.eclipse.pde.api.tools.internal.builder,BuildState,writeDelta,22,3,2
eclipse.pde.ui-20120217-1437,org.eclipse.pde.api.tools.internal.builder,BuildState,addCompatibleChange,12,2,1
eclipse.pde.ui-20120217-1437,org.eclipse.pde.api.tools.internal.builder,BuildState,addBreakingChange,12,2,1
eclipse.pde.ui-20120217-1437,org.eclipse.pde.api.tools.internal.builder,BuildState,getBreakingChanges,11,3,0
eclipse.pde.ui-20120217-1437,org.eclipse.pde.api.tools.internal.builder,BuildState,getCompatibleChanges,11,3,0
eclipse.pde.ui-20120217-1437,org.eclipse.pde.api.tools.internal.builder,BuildState,getReexportedComponents,6,2,0
eclipse.pde.ui-20120217-1437,org.eclipse.pde.api.tools.internal.builder,BuildState,cleanup,5,1,1
eclipse.pde.ui-20120217-1437,org.eclipse.pde.api.tools.internal.builder,BuildState,setReexportedComponents,13,4,1
eclipse.pde.ui-20120217-1437,org.eclipse.pde.api.tools.internal.builder,BuildState,addApiToolingDependentProject,6,2,1
eclipse.pde.ui-20120217-1437,org.eclipse.pde.api.tools.internal.builder,BuildState,getApiToolingDependentProjects,3,1,0
eclipse.pde.ui-20120217-1437,org.eclipse.pde.api.tools.internal.builder,BuildState,setManifestState,16,4,1
eclipse.pde.ui-20120217-1437,org.eclipse.pde.api.tools.internal.builder,BuildState,getManifestState,3,1,0
eclipse.pde.ui-20120217-1437,org.eclipse.pde.api.tools.internal.builder,BuildState,setBuildPropertiesState,21,6,1
eclipse.pde.ui-20120217-1437,org.eclipse.pde.api.tools.internal.builder,BuildState,setBuildPropertiesState,8,2,1
eclipse.pde.ui-20120217-1437,org.eclipse.pde.api.tools.internal.builder,BuildState,getBuildPropertiesState,3,1,0
eclipse.pde.ui-20120217-1437,org.eclipse.pde.api.tools.internal.builder,BuildState,getBuildPathCRC,3,1,0
eclipse.pde.ui-20120217-1437,org.eclipse.pde.api.tools.internal.builder,BuildState,setBuildPathCRC,3,1,1
eclipse.pde.ui-20120217-1437,org.eclipse.pde.api.tools.internal.builder,BuildState,getLastBuiltState,6,2,1
eclipse.pde.ui-20120217-1437,org.eclipse.pde.api.tools.internal.builder,BuildState,readState,30,5,1
eclipse.pde.ui-20120217-1437,org.eclipse.pde.api.tools.internal.builder,BuildState,setLastBuiltState,17,4,2
eclipse.pde.ui-20120217-1437,org.eclipse.pde.api.tools.internal.builder,BuildState,getSerializationFile,7,2,1
eclipse.pde.ui-20120217-1437,org.eclipse.pde.api.tools.internal.builder,BuildState,saveBuiltState,40,5,2
eclipse.pde.ui-20120217-1437,org.eclipse.pde.api.tools.internal.builder,BuildState,computeBuildPathCRC,15,2,1
eclipse.pde.ui-20120217-1437,org.eclipse.pde.api.tools.internal.builder,BuilderMessages,BuilderMessages,2,1,0
eclipse.pde.ui-20120217-1437,org.eclipse.pde.api.tools.internal.builder,IllegalExtendsProblemDetector,MethodFinder,4,1,2
eclipse.pde.ui-20120217-1437,org.eclipse.pde.api.tools.internal.builder,IllegalExtendsProblemDetector,visit,21,5,1
eclipse.pde.ui-20120217-1437,org.eclipse.pde.api.tools.internal.builder,IllegalExtendsProblemDetector,visit,22,5,1
eclipse.pde.ui-20120217-1437,org.eclipse.pde.api.tools.internal.builder,IllegalExtendsProblemDetector,getReferenceKinds,3,1,0
eclipse.pde.ui-20120217-1437,org.eclipse.pde.api.tools.internal.builder,IllegalExtendsProblemDetector,getProblemKind,3,1,0
eclipse.pde.ui-20120217-1437,org.eclipse.pde.api.tools.internal.builder,IllegalExtendsProblemDetector,getProblemFlags,10,3,1
eclipse.pde.ui-20120217-1437,org.eclipse.pde.api.tools.internal.builder,IllegalExtendsProblemDetector,getSeverityKey,3,1,0
eclipse.pde.ui-20120217-1437,org.eclipse.pde.api.tools.internal.builder,IllegalExtendsProblemDetector,getMessageArgs,25,5,1
eclipse.pde.ui-20120217-1437,org.eclipse.pde.api.tools.internal.builder,IllegalExtendsProblemDetector,getQualifiedMessageArgs,7,2,1
eclipse.pde.ui-20120217-1437,org.eclipse.pde.api.tools.internal.builder,IllegalExtendsProblemDetector,getSourceRange,34,8,3
eclipse.pde.ui-20120217-1437,org.eclipse.pde.api.tools.internal.builder,IllegalExtendsProblemDetector,getEnclosingMethod,47,8,3
eclipse.pde.ui-20120217-1437,org.eclipse.pde.api.tools.internal.builder,IllegalExtendsProblemDetector,quickLookup,12,4,4
eclipse.pde.ui-20120217-1437,org.eclipse.pde.api.tools.internal.builder,MethodFinder,MethodFinder,4,1,2
eclipse.pde.ui-20120217-1437,org.eclipse.pde.api.tools.internal.builder,MethodFinder,visit,21,5,1
eclipse.pde.ui-20120217-1437,org.eclipse.pde.api.tools.internal.builder,MethodFinder,visit,22,5,1
eclipse.pde.ui-20120217-1437,org.eclipse.pde.api.tools.internal.builder,IllegalFieldReferenceDetector,addIllegalField,4,1,2
eclipse.pde.ui-20120217-1437,org.eclipse.pde.api.tools.internal.builder,IllegalFieldReferenceDetector,considerReference,7,2,1
eclipse.pde.ui-20120217-1437,org.eclipse.pde.api.tools.internal.builder,IllegalFieldReferenceDetector,getReferenceKinds,3,1,0
eclipse.pde.ui-20120217-1437,org.eclipse.pde.api.tools.internal.builder,IllegalFieldReferenceDetector,getProblemKind,3,1,0
eclipse.pde.ui-20120217-1437,org.eclipse.pde.api.tools.internal.builder,IllegalFieldReferenceDetector,getSeverityKey,3,1,0
eclipse.pde.ui-20120217-1437,org.eclipse.pde.api.tools.internal.builder,IllegalFieldReferenceDetector,getProblemFlags,3,1,1
eclipse.pde.ui-20120217-1437,org.eclipse.pde.api.tools.internal.builder,IllegalFieldReferenceDetector,getElementType,3,1,1
eclipse.pde.ui-20120217-1437,org.eclipse.pde.api.tools.internal.builder,IllegalFieldReferenceDetector,getMessageArgs,4,1,1
eclipse.pde.ui-20120217-1437,org.eclipse.pde.api.tools.internal.builder,IllegalFieldReferenceDetector,getQualifiedMessageArgs,4,1,1
eclipse.pde.ui-20120217-1437,org.eclipse.pde.api.tools.internal.builder,IllegalFieldReferenceDetector,getSourceRange,3,1,3
eclipse.pde.ui-20120217-1437,org.eclipse.pde.api.tools.internal.builder,IllegalFieldReferenceDetector,isProblem,7,2,1
eclipse.pde.ui-20120217-1437,org.eclipse.pde.api.tools.internal.builder,IllegalImplementsProblemDetector,getReferenceKinds,3,1,0
eclipse.pde.ui-20120217-1437,org.eclipse.pde.api.tools.internal.builder,IllegalImplementsProblemDetector,getProblemKind,3,1,0
eclipse.pde.ui-20120217-1437,org.eclipse.pde.api.tools.internal.builder,IllegalImplementsProblemDetector,getSeverityKey,3,1,0
eclipse.pde.ui-20120217-1437,org.eclipse.pde.api.tools.internal.builder,IllegalImplementsProblemDetector,considerReference,26,6,1
eclipse.pde.ui-20120217-1437,org.eclipse.pde.api.tools.internal.builder,IllegalImplementsProblemDetector,isProblem,21,5,1
eclipse.pde.ui-20120217-1437,org.eclipse.pde.api.tools.internal.builder,IllegalImplementsProblemDetector,getMessageArgs,13,4,1
eclipse.pde.ui-20120217-1437,org.eclipse.pde.api.tools.internal.builder,IllegalImplementsProblemDetector,getQualifiedMessageArgs,13,4,1
eclipse.pde.ui-20120217-1437,org.eclipse.pde.api.tools.internal.builder,IllegalImplementsProblemDetector,getProblemFlags,6,2,1
eclipse.pde.ui-20120217-1437,org.eclipse.pde.api.tools.internal.builder,IllegalImplementsProblemDetector,isImplemented,9,3,2
eclipse.pde.ui-20120217-1437,org.eclipse.pde.api.tools.internal.builder,IllegalImplementsProblemDetector,isImplemented,14,5,2
eclipse.pde.ui-20120217-1437,org.eclipse.pde.api.tools.internal.builder,IllegalImplementsProblemDetector,findRestrictedSuperinterfaces,22,6,3
eclipse.pde.ui-20120217-1437,org.eclipse.pde.api.tools.internal.builder,IllegalInstantiateProblemDetector,getReferenceKinds,3,1,0
eclipse.pde.ui-20120217-1437,org.eclipse.pde.api.tools.internal.builder,IllegalInstantiateProblemDetector,getSourceRange,8,2,3
eclipse.pde.ui-20120217-1437,org.eclipse.pde.api.tools.internal.builder,IllegalInstantiateProblemDetector,getProblemKind,3,1,0
eclipse.pde.ui-20120217-1437,org.eclipse.pde.api.tools.internal.builder,IllegalInstantiateProblemDetector,getSeverityKey,3,1,0
eclipse.pde.ui-20120217-1437,org.eclipse.pde.api.tools.internal.builder,IllegalMethodReferenceDetector,getReferenceKinds,3,1,0
eclipse.pde.ui-20120217-1437,org.eclipse.pde.api.tools.internal.builder,IllegalMethodReferenceDetector,getProblemKind,3,1,0
eclipse.pde.ui-20120217-1437,org.eclipse.pde.api.tools.internal.builder,IllegalMethodReferenceDetector,getSeverityKey,3,1,0
eclipse.pde.ui-20120217-1437,org.eclipse.pde.api.tools.internal.builder,IllegalMethodReferenceDetector,getMessageArgs,7,2,1
eclipse.pde.ui-20120217-1437,org.eclipse.pde.api.tools.internal.builder,IllegalMethodReferenceDetector,getSourceRange,8,2,3
eclipse.pde.ui-20120217-1437,org.eclipse.pde.api.tools.internal.builder,IllegalMethodReferenceDetector,getQualifiedMessageArgs,4,1,1
eclipse.pde.ui-20120217-1437,org.eclipse.pde.api.tools.internal.builder,IllegalOverrideProblemDetector,getReferenceKinds,3,1,0
eclipse.pde.ui-20120217-1437,org.eclipse.pde.api.tools.internal.builder,IllegalOverrideProblemDetector,getProblemKind,3,1,0
eclipse.pde.ui-20120217-1437,org.eclipse.pde.api.tools.internal.builder,IllegalOverrideProblemDetector,getSeverityKey,3,1,0
eclipse.pde.ui-20120217-1437,org.eclipse.pde.api.tools.internal.builder,IllegalOverrideProblemDetector,getMessageArgs,4,1,1
eclipse.pde.ui-20120217-1437,org.eclipse.pde.api.tools.internal.builder,IllegalOverrideProblemDetector,getQualifiedMessageArgs,4,1,1
eclipse.pde.ui-20120217-1437,org.eclipse.pde.api.tools.internal.builder,IllegalOverrideProblemDetector,getSourceRange,3,1,3
eclipse.pde.ui-20120217-1437,org.eclipse.pde.api.tools.internal.builder,IllegalOverrideProblemDetector,getProblemFlags,3,1,1
eclipse.pde.ui-20120217-1437,org.eclipse.pde.api.tools.internal.builder,IncrementalApiBuilder,Change,8,1,5
eclipse.pde.ui-20120217-1437,org.eclipse.pde.api.tools.internal.builder,IncrementalApiBuilder,isContained,3,1,2
eclipse.pde.ui-20120217-1437,org.eclipse.pde.api.tools.internal.builder,IncrementalApiBuilder,ResourceDeltaVisitor,3,1,1
eclipse.pde.ui-20120217-1437,org.eclipse.pde.api.tools.internal.builder,IncrementalApiBuilder,visit,57,17,1
eclipse.pde.ui-20120217-1437,org.eclipse.pde.api.tools.internal.builder,IncrementalApiBuilder,IncrementalApiBuilder,3,1,1
eclipse.pde.ui-20120217-1437,org.eclipse.pde.api.tools.internal.builder,IncrementalApiBuilder,build,42,8,6
eclipse.pde.ui-20120217-1437,org.eclipse.pde.api.tools.internal.builder,IncrementalApiBuilder,build,29,5,6
eclipse.pde.ui-20120217-1437,org.eclipse.pde.api.tools.internal.builder,IncrementalApiBuilder,addDependentTypeToContext,19,6,2
eclipse.pde.ui-20120217-1437,org.eclipse.pde.api.tools.internal.builder,IncrementalApiBuilder,addInnerTypesToDependents,18,4,2
eclipse.pde.ui-20120217-1437,org.eclipse.pde.api.tools.internal.builder,IncrementalApiBuilder,addInnerTypes,23,6,2
eclipse.pde.ui-20120217-1437,org.eclipse.pde.api.tools.internal.builder,IncrementalApiBuilder,buildContext,69,20,4
eclipse.pde.ui-20120217-1437,org.eclipse.pde.api.tools.internal.builder,IncrementalApiBuilder,addDependents,37,10,4
eclipse.pde.ui-20120217-1437,org.eclipse.pde.api.tools.internal.builder,IncrementalApiBuilder,splitName,12,3,3
eclipse.pde.ui-20120217-1437,org.eclipse.pde.api.tools.internal.builder,IncrementalApiBuilder,extClean,32,7,3
eclipse.pde.ui-20120217-1437,org.eclipse.pde.api.tools.internal.builder,IncrementalApiBuilder,resolveTypeName,34,9,2
eclipse.pde.ui-20120217-1437,org.eclipse.pde.api.tools.internal.builder,Change,Change,8,1,5
eclipse.pde.ui-20120217-1437,org.eclipse.pde.api.tools.internal.builder,Change,isContained,3,1,2
eclipse.pde.ui-20120217-1437,org.eclipse.pde.api.tools.internal.builder,ResourceDeltaVisitor,ResourceDeltaVisitor,3,1,1
eclipse.pde.ui-20120217-1437,org.eclipse.pde.api.tools.internal.builder,ResourceDeltaVisitor,visit,57,17,1
eclipse.pde.ui-20120217-1437,org.eclipse.pde.api.tools.internal.builder,LeakExtendsProblemDetector,LeakExtendsProblemDetector,3,1,1
eclipse.pde.ui-20120217-1437,org.eclipse.pde.api.tools.internal.builder,LeakExtendsProblemDetector,getReferenceKinds,3,1,0
eclipse.pde.ui-20120217-1437,org.eclipse.pde.api.tools.internal.builder,LeakExtendsProblemDetector,getSeverityKey,3,1,0
eclipse.pde.ui-20120217-1437,org.eclipse.pde.api.tools.internal.builder,LeakExtendsProblemDetector,getProblemFlags,3,1,1
eclipse.pde.ui-20120217-1437,org.eclipse.pde.api.tools.internal.builder,LeakExtendsProblemDetector,isProblem,62,13,1
eclipse.pde.ui-20120217-1437,org.eclipse.pde.api.tools.internal.builder,LeakExtendsProblemDetector,gatherVisibleMethods,9,3,3
eclipse.pde.ui-20120217-1437,org.eclipse.pde.api.tools.internal.builder,LeakExtendsProblemDetector,hasVisibleField,10,3,2
eclipse.pde.ui-20120217-1437,org.eclipse.pde.api.tools.internal.builder,LeakExtendsProblemDetector,gatherAPISuperTypes,17,6,2
eclipse.pde.ui-20120217-1437,org.eclipse.pde.api.tools.internal.builder,LeakExtendsProblemDetector,isAPIType,8,2,1
eclipse.pde.ui-20120217-1437,org.eclipse.pde.api.tools.internal.builder,LeakFieldProblemDetector,LeakFieldProblemDetector,3,1,1
eclipse.pde.ui-20120217-1437,org.eclipse.pde.api.tools.internal.builder,LeakFieldProblemDetector,isApplicable,3,1,1
eclipse.pde.ui-20120217-1437,org.eclipse.pde.api.tools.internal.builder,LeakFieldProblemDetector,getReferenceKinds,3,1,0
eclipse.pde.ui-20120217-1437,org.eclipse.pde.api.tools.internal.builder,LeakFieldProblemDetector,getElementType,3,1,1
eclipse.pde.ui-20120217-1437,org.eclipse.pde.api.tools.internal.builder,LeakFieldProblemDetector,getSeverityKey,3,1,0
eclipse.pde.ui-20120217-1437,org.eclipse.pde.api.tools.internal.builder,LeakFieldProblemDetector,getProblemFlags,3,1,1
eclipse.pde.ui-20120217-1437,org.eclipse.pde.api.tools.internal.builder,LeakFieldProblemDetector,isProblem,19,4,1
eclipse.pde.ui-20120217-1437,org.eclipse.pde.api.tools.internal.builder,LeakFieldProblemDetector,getMessageArgs,5,1,1
eclipse.pde.ui-20120217-1437,org.eclipse.pde.api.tools.internal.builder,LeakFieldProblemDetector,getQualifiedMessageArgs,5,1,1
eclipse.pde.ui-20120217-1437,org.eclipse.pde.api.tools.internal.builder,LeakFieldProblemDetector,getSourceRange,15,4,3
eclipse.pde.ui-20120217-1437,org.eclipse.pde.api.tools.internal.builder,LeakImplementsProblemDetector,LeakImplementsProblemDetector,3,1,1
eclipse.pde.ui-20120217-1437,org.eclipse.pde.api.tools.internal.builder,LeakImplementsProblemDetector,getReferenceKinds,3,1,0
eclipse.pde.ui-20120217-1437,org.eclipse.pde.api.tools.internal.builder,LeakImplementsProblemDetector,getSeverityKey,3,1,0
eclipse.pde.ui-20120217-1437,org.eclipse.pde.api.tools.internal.builder,LeakImplementsProblemDetector,getProblemFlags,3,1,1
eclipse.pde.ui-20120217-1437,org.eclipse.pde.api.tools.internal.builder,LeakParameterTypeDetector,LeakParameterTypeDetector,3,1,1
eclipse.pde.ui-20120217-1437,org.eclipse.pde.api.tools.internal.builder,LeakParameterTypeDetector,getSeverityKey,3,1,0
eclipse.pde.ui-20120217-1437,org.eclipse.pde.api.tools.internal.builder,LeakParameterTypeDetector,getReferenceKinds,3,1,0
eclipse.pde.ui-20120217-1437,org.eclipse.pde.api.tools.internal.builder,LeakParameterTypeDetector,getProblemFlags,7,2,1
eclipse.pde.ui-20120217-1437,org.eclipse.pde.api.tools.internal.builder,LeakReturnTypeDetector,LeakReturnTypeDetector,3,1,1
eclipse.pde.ui-20120217-1437,org.eclipse.pde.api.tools.internal.builder,LeakReturnTypeDetector,getSeverityKey,3,1,0
eclipse.pde.ui-20120217-1437,org.eclipse.pde.api.tools.internal.builder,LeakReturnTypeDetector,getReferenceKinds,3,1,0
eclipse.pde.ui-20120217-1437,org.eclipse.pde.api.tools.internal.builder,LeakReturnTypeDetector,getProblemFlags,3,1,1
eclipse.pde.ui-20120217-1437,org.eclipse.pde.api.tools.internal.builder,MethodLeakDetector,MethodLeakDetector,3,1,1
eclipse.pde.ui-20120217-1437,org.eclipse.pde.api.tools.internal.builder,MethodLeakDetector,getElementType,3,1,1
eclipse.pde.ui-20120217-1437,org.eclipse.pde.api.tools.internal.builder,MethodLeakDetector,getProblemKind,3,1,0
eclipse.pde.ui-20120217-1437,org.eclipse.pde.api.tools.internal.builder,MethodLeakDetector,getSeverityKey,3,1,0
eclipse.pde.ui-20120217-1437,org.eclipse.pde.api.tools.internal.builder,MethodLeakDetector,isProblem,31,6,1
eclipse.pde.ui-20120217-1437,org.eclipse.pde.api.tools.internal.builder,MethodLeakDetector,getMessageArgs,5,1,1
eclipse.pde.ui-20120217-1437,org.eclipse.pde.api.tools.internal.builder,MethodLeakDetector,getQualifiedMessageArgs,5,1,1
eclipse.pde.ui-20120217-1437,org.eclipse.pde.api.tools.internal.builder,MethodLeakDetector,getSourceRange,3,1,3
eclipse.pde.ui-20120217-1437,org.eclipse.pde.api.tools.internal.builder,MethodLeakDetector,considerReference,10,3,1
eclipse.pde.ui-20120217-1437,org.eclipse.pde.api.tools.internal.builder,MethodLeakDetector,matchesSourceApiRestrictions,36,7,1
eclipse.pde.ui-20120217-1437,org.eclipse.pde.api.tools.internal.builder,MethodLeakDetector,matchesSourceModifiers,19,3,1
eclipse.pde.ui-20120217-1437,org.eclipse.pde.api.tools.internal.builder,ProblemDetectorBuilder,ProblemDetectorBuilder,4,1,2
eclipse.pde.ui-20120217-1437,org.eclipse.pde.api.tools.internal.builder,ProblemDetectorBuilder,visitElement,41,12,2
eclipse.pde.ui-20120217-1437,org.eclipse.pde.api.tools.internal.builder,ProblemDetectorBuilder,setOwningComponent,3,1,1
eclipse.pde.ui-20120217-1437,org.eclipse.pde.api.tools.internal.builder,ProblemDetectorBuilder,getProject,7,2,1
eclipse.pde.ui-20120217-1437,org.eclipse.pde.api.tools.internal.builder,ProblemDetectorBuilder,initializeDetectors,13,4,1
eclipse.pde.ui-20120217-1437,org.eclipse.pde.api.tools.internal.builder,ProblemDetectorBuilder,isIgnore,4,1,2
eclipse.pde.ui-20120217-1437,org.eclipse.pde.api.tools.internal.builder,ProblemDetectorBuilder,getNonApiPackageNames,3,1,0
eclipse.pde.ui-20120217-1437,org.eclipse.pde.api.tools.internal.builder,ProblemDetectorBuilder,addNonApiPackageName,6,2,1
eclipse.pde.ui-20120217-1437,org.eclipse.pde.api.tools.internal.builder,ProblemDetectorBuilder,getProblemDetectors,3,1,0
eclipse.pde.ui-20120217-1437,org.eclipse.pde.api.tools.internal.builder,ProblemDetectorBuilder,addSystemDetector,12,3,2
eclipse.pde.ui-20120217-1437,org.eclipse.pde.api.tools.internal.builder,ProblemDetectorBuilder,addUseDetectors,40,7,2
eclipse.pde.ui-20120217-1437,org.eclipse.pde.api.tools.internal.builder,ProblemDetectorBuilder,addLeakDetectors,26,7,2
eclipse.pde.ui-20120217-1437,org.eclipse.pde.api.tools.internal.builder,Reference,addProblems,12,4,1
eclipse.pde.ui-20120217-1437,org.eclipse.pde.api.tools.internal.builder,Reference,getProblems,3,1,0
eclipse.pde.ui-20120217-1437,org.eclipse.pde.api.tools.internal.builder,Reference,getLineNumber,3,1,0
eclipse.pde.ui-20120217-1437,org.eclipse.pde.api.tools.internal.builder,Reference,getMember,3,1,0
eclipse.pde.ui-20120217-1437,org.eclipse.pde.api.tools.internal.builder,Reference,getReferenceKind,3,1,0
eclipse.pde.ui-20120217-1437,org.eclipse.pde.api.tools.internal.builder,Reference,getReferenceFlags,3,1,0
eclipse.pde.ui-20120217-1437,org.eclipse.pde.api.tools.internal.builder,Reference,setFlags,3,1,1
eclipse.pde.ui-20120217-1437,org.eclipse.pde.api.tools.internal.builder,Reference,getReferenceType,3,1,0
eclipse.pde.ui-20120217-1437,org.eclipse.pde.api.tools.internal.builder,Reference,getResolvedReference,3,1,0
eclipse.pde.ui-20120217-1437,org.eclipse.pde.api.tools.internal.builder,Reference,getReferencedMemberName,3,1,0
eclipse.pde.ui-20120217-1437,org.eclipse.pde.api.tools.internal.builder,Reference,getReferencedSignature,3,1,0
eclipse.pde.ui-20120217-1437,org.eclipse.pde.api.tools.internal.builder,Reference,getReferencedTypeName,3,1,0
eclipse.pde.ui-20120217-1437,org.eclipse.pde.api.tools.internal.builder,Reference,methodReference,10,1,5
eclipse.pde.ui-20120217-1437,org.eclipse.pde.api.tools.internal.builder,Reference,fieldReference,9,1,4
eclipse.pde.ui-20120217-1437,org.eclipse.pde.api.tools.internal.builder,Reference,typeReference,8,1,3
eclipse.pde.ui-20120217-1437,org.eclipse.pde.api.tools.internal.builder,Reference,typeReference,5,1,4
eclipse.pde.ui-20120217-1437,org.eclipse.pde.api.tools.internal.builder,Reference,setLineNumber,3,1,1
eclipse.pde.ui-20120217-1437,org.eclipse.pde.api.tools.internal.builder,Reference,resolve,28,9,0
eclipse.pde.ui-20120217-1437,org.eclipse.pde.api.tools.internal.builder,Reference,resolve,22,7,1
eclipse.pde.ui-20120217-1437,org.eclipse.pde.api.tools.internal.builder,Reference,resolveField,12,3,2
eclipse.pde.ui-20120217-1437,org.eclipse.pde.api.tools.internal.builder,Reference,resolveVirtualMethod,29,8,3
eclipse.pde.ui-20120217-1437,org.eclipse.pde.api.tools.internal.builder,Reference,resolveMethod,66,20,4
eclipse.pde.ui-20120217-1437,org.eclipse.pde.api.tools.internal.builder,Reference,setResolution,3,1,1
eclipse.pde.ui-20120217-1437,org.eclipse.pde.api.tools.internal.builder,Reference,toString,26,4,0
eclipse.pde.ui-20120217-1437,org.eclipse.pde.api.tools.internal.builder,Reference,setResolveStatus,3,1,1
eclipse.pde.ui-20120217-1437,org.eclipse.pde.api.tools.internal.builder,Reference,getReferenceText,184,61,1
eclipse.pde.ui-20120217-1437,org.eclipse.pde.api.tools.internal.builder,Reference,getReferenceDescriptor,37,8,0
eclipse.pde.ui-20120217-1437,org.eclipse.pde.api.tools.internal.builder,ReferenceAnalyzer,Visitor,3,1,1
eclipse.pde.ui-20120217-1437,org.eclipse.pde.api.tools.internal.builder,ReferenceAnalyzer,visitPackage,4,1,1
eclipse.pde.ui-20120217-1437,org.eclipse.pde.api.tools.internal.builder,ReferenceAnalyzer,endVisitPackage,3,1,1
eclipse.pde.ui-20120217-1437,org.eclipse.pde.api.tools.internal.builder,ReferenceAnalyzer,visit,35,9,2
eclipse.pde.ui-20120217-1437,org.eclipse.pde.api.tools.internal.builder,ReferenceAnalyzer,setDebug,3,1,1
eclipse.pde.ui-20120217-1437,org.eclipse.pde.api.tools.internal.builder,ReferenceAnalyzer,indexProblemDetectors,24,5,1
eclipse.pde.ui-20120217-1437,org.eclipse.pde.api.tools.internal.builder,ReferenceAnalyzer,getLog2,5,1,1
eclipse.pde.ui-20120217-1437,org.eclipse.pde.api.tools.internal.builder,ReferenceAnalyzer,extractReferences,21,3,2
eclipse.pde.ui-20120217-1437,org.eclipse.pde.api.tools.internal.builder,ReferenceAnalyzer,analyze,38,6,3
eclipse.pde.ui-20120217-1437,org.eclipse.pde.api.tools.internal.builder,ReferenceAnalyzer,getProblemDetectors,13,4,1
eclipse.pde.ui-20120217-1437,org.eclipse.pde.api.tools.internal.builder,ReferenceAnalyzer,buildProblemDetectors,48,7,3
eclipse.pde.ui-20120217-1437,org.eclipse.pde.api.tools.internal.builder,ReferenceAnalyzer,visitElement,8,3,2
eclipse.pde.ui-20120217-1437,org.eclipse.pde.api.tools.internal.builder,Visitor,Visitor,3,1,1
eclipse.pde.ui-20120217-1437,org.eclipse.pde.api.tools.internal.builder,Visitor,visitPackage,4,1,1
eclipse.pde.ui-20120217-1437,org.eclipse.pde.api.tools.internal.builder,Visitor,endVisitPackage,3,1,1
eclipse.pde.ui-20120217-1437,org.eclipse.pde.api.tools.internal.builder,Visitor,visit,35,9,2
eclipse.pde.ui-20120217-1437,org.eclipse.pde.api.tools.internal.builder,ReferenceExtractor,setDebug,3,1,1
eclipse.pde.ui-20120217-1437,org.eclipse.pde.api.tools.internal.builder,ReferenceExtractor,ClassFileSignatureVisitor,3,1,0
eclipse.pde.ui-20120217-1437,org.eclipse.pde.api.tools.internal.builder,ReferenceExtractor,reset,8,1,0
eclipse.pde.ui-20120217-1437,org.eclipse.pde.api.tools.internal.builder,ReferenceExtractor,processType,16,5,1
eclipse.pde.ui-20120217-1437,org.eclipse.pde.api.tools.internal.builder,ReferenceExtractor,visitClassType,3,1,1
eclipse.pde.ui-20120217-1437,org.eclipse.pde.api.tools.internal.builder,ReferenceExtractor,visitFormalTypeParameter,5,2,1
eclipse.pde.ui-20120217-1437,org.eclipse.pde.api.tools.internal.builder,ReferenceExtractor,visitTypeVariable,2,1,1
eclipse.pde.ui-20120217-1437,org.eclipse.pde.api.tools.internal.builder,ReferenceExtractor,visitInnerClassType,3,1,1
eclipse.pde.ui-20120217-1437,org.eclipse.pde.api.tools.internal.builder,ReferenceExtractor,visitParameterType,5,1,0
eclipse.pde.ui-20120217-1437,org.eclipse.pde.api.tools.internal.builder,ReferenceExtractor,visitInterface,4,1,0
eclipse.pde.ui-20120217-1437,org.eclipse.pde.api.tools.internal.builder,ReferenceExtractor,visitExceptionType,4,1,0
eclipse.pde.ui-20120217-1437,org.eclipse.pde.api.tools.internal.builder,ReferenceExtractor,visitArrayType,3,1,0
eclipse.pde.ui-20120217-1437,org.eclipse.pde.api.tools.internal.builder,ReferenceExtractor,visitReturnType,4,1,0
eclipse.pde.ui-20120217-1437,org.eclipse.pde.api.tools.internal.builder,ReferenceExtractor,visitClassBound,4,1,0
eclipse.pde.ui-20120217-1437,org.eclipse.pde.api.tools.internal.builder,ReferenceExtractor,visitInterfaceBound,4,1,0
eclipse.pde.ui-20120217-1437,org.eclipse.pde.api.tools.internal.builder,ReferenceExtractor,visitSuperclass,4,1,0
eclipse.pde.ui-20120217-1437,org.eclipse.pde.api.tools.internal.builder,ReferenceExtractor,visitTypeArgument,3,1,1
eclipse.pde.ui-20120217-1437,org.eclipse.pde.api.tools.internal.builder,ReferenceExtractor,visitEnd,2,1,0
eclipse.pde.ui-20120217-1437,org.eclipse.pde.api.tools.internal.builder,ReferenceExtractor,visitBaseType,10,3,1
eclipse.pde.ui-20120217-1437,org.eclipse.pde.api.tools.internal.builder,ReferenceExtractor,visitTypeArgument,2,1,0
eclipse.pde.ui-20120217-1437,org.eclipse.pde.api.tools.internal.builder,ReferenceExtractor,ClassFileMethodVisitor,8,1,3
eclipse.pde.ui-20120217-1437,org.eclipse.pde.api.tools.internal.builder,ReferenceExtractor,visitEnd,7,1,0
eclipse.pde.ui-20120217-1437,org.eclipse.pde.api.tools.internal.builder,ReferenceExtractor,visitVarInsn,8,3,2
eclipse.pde.ui-20120217-1437,org.eclipse.pde.api.tools.internal.builder,ReferenceExtractor,visitFieldInsn,26,8,4
eclipse.pde.ui-20120217-1437,org.eclipse.pde.api.tools.internal.builder,ReferenceExtractor,visitTryCatchBlock,10,3,4
eclipse.pde.ui-20120217-1437,org.eclipse.pde.api.tools.internal.builder,ReferenceExtractor,visitLabel,21,4,1
eclipse.pde.ui-20120217-1437,org.eclipse.pde.api.tools.internal.builder,ReferenceExtractor,visitMethodInsn,59,15,4
eclipse.pde.ui-20120217-1437,org.eclipse.pde.api.tools.internal.builder,ReferenceExtractor,visitMultiANewArrayInsn,7,2,2
eclipse.pde.ui-20120217-1437,org.eclipse.pde.api.tools.internal.builder,ReferenceExtractor,visitLineNumber,4,1,2
eclipse.pde.ui-20120217-1437,org.eclipse.pde.api.tools.internal.builder,ReferenceExtractor,visitCode,3,1,0
eclipse.pde.ui-20120217-1437,org.eclipse.pde.api.tools.internal.builder,ReferenceExtractor,toString,8,1,0
eclipse.pde.ui-20120217-1437,org.eclipse.pde.api.tools.internal.builder,ReferenceExtractor,getTypeFromDescription,14,3,1
eclipse.pde.ui-20120217-1437,org.eclipse.pde.api.tools.internal.builder,ReferenceExtractor,visitTypeInsn,36,9,2
eclipse.pde.ui-20120217-1437,org.eclipse.pde.api.tools.internal.builder,ReferenceExtractor,visitLocalVariable,53,15,6
eclipse.pde.ui-20120217-1437,org.eclipse.pde.api.tools.internal.builder,ReferenceExtractor,visitLdcInsn,13,4,1
eclipse.pde.ui-20120217-1437,org.eclipse.pde.api.tools.internal.builder,ReferenceExtractor,FieldTracker,3,1,1
eclipse.pde.ui-20120217-1437,org.eclipse.pde.api.tools.internal.builder,ReferenceExtractor,addField,5,2,1
eclipse.pde.ui-20120217-1437,org.eclipse.pde.api.tools.internal.builder,ReferenceExtractor,addAccessor,11,3,1
eclipse.pde.ui-20120217-1437,org.eclipse.pde.api.tools.internal.builder,ReferenceExtractor,resolveSyntheticFields,17,4,0
eclipse.pde.ui-20120217-1437,org.eclipse.pde.api.tools.internal.builder,ReferenceExtractor,LinePositionTracker,6,1,0
eclipse.pde.ui-20120217-1437,org.eclipse.pde.api.tools.internal.builder,ReferenceExtractor,addLocation,3,1,1
eclipse.pde.ui-20120217-1437,org.eclipse.pde.api.tools.internal.builder,ReferenceExtractor,addLineInfo,4,1,2
eclipse.pde.ui-20120217-1437,org.eclipse.pde.api.tools.internal.builder,ReferenceExtractor,addCatchLabelInfos,3,1,2
eclipse.pde.ui-20120217-1437,org.eclipse.pde.api.tools.internal.builder,ReferenceExtractor,addLabel,3,1,1
eclipse.pde.ui-20120217-1437,org.eclipse.pde.api.tools.internal.builder,ReferenceExtractor,computeLineNumbers,71,16,0
eclipse.pde.ui-20120217-1437,org.eclipse.pde.api.tools.internal.builder,ReferenceExtractor,LabelInfo,4,1,2
eclipse.pde.ui-20120217-1437,org.eclipse.pde.api.tools.internal.builder,ReferenceExtractor,toString,5,1,0
eclipse.pde.ui-20120217-1437,org.eclipse.pde.api.tools.internal.builder,ReferenceExtractor,LineInfo,4,1,2
eclipse.pde.ui-20120217-1437,org.eclipse.pde.api.tools.internal.builder,ReferenceExtractor,compareTo,3,1,1
eclipse.pde.ui-20120217-1437,org.eclipse.pde.api.tools.internal.builder,ReferenceExtractor,equals,7,2,1
eclipse.pde.ui-20120217-1437,org.eclipse.pde.api.tools.internal.builder,ReferenceExtractor,toString,5,1,0
eclipse.pde.ui-20120217-1437,org.eclipse.pde.api.tools.internal.builder,ReferenceExtractor,LocalLineNumberMarker,4,1,2
eclipse.pde.ui-20120217-1437,org.eclipse.pde.api.tools.internal.builder,ReferenceExtractor,equals,7,2,1
eclipse.pde.ui-20120217-1437,org.eclipse.pde.api.tools.internal.builder,ReferenceExtractor,hashCode,3,1,0
eclipse.pde.ui-20120217-1437,org.eclipse.pde.api.tools.internal.builder,ReferenceExtractor,ReferenceExtractor,8,1,3
eclipse.pde.ui-20120217-1437,org.eclipse.pde.api.tools.internal.builder,ReferenceExtractor,ReferenceExtractor,8,1,4
eclipse.pde.ui-20120217-1437,org.eclipse.pde.api.tools.internal.builder,ReferenceExtractor,toString,12,1,0
eclipse.pde.ui-20120217-1437,org.eclipse.pde.api.tools.internal.builder,ReferenceExtractor,consider,6,2,1
eclipse.pde.ui-20120217-1437,org.eclipse.pde.api.tools.internal.builder,ReferenceExtractor,consider,20,6,1
eclipse.pde.ui-20120217-1437,org.eclipse.pde.api.tools.internal.builder,ReferenceExtractor,processName,8,2,1
eclipse.pde.ui-20120217-1437,org.eclipse.pde.api.tools.internal.builder,ReferenceExtractor,addTypeReference,7,2,2
eclipse.pde.ui-20120217-1437,org.eclipse.pde.api.tools.internal.builder,ReferenceExtractor,addFieldReference,7,2,3
eclipse.pde.ui-20120217-1437,org.eclipse.pde.api.tools.internal.builder,ReferenceExtractor,addMethodReference,7,2,4
eclipse.pde.ui-20120217-1437,org.eclipse.pde.api.tools.internal.builder,ReferenceExtractor,addReference,7,2,1
eclipse.pde.ui-20120217-1437,org.eclipse.pde.api.tools.internal.builder,ReferenceExtractor,processSignature,20,2,4
eclipse.pde.ui-20120217-1437,org.eclipse.pde.api.tools.internal.builder,ReferenceExtractor,resolveType,13,4,1
eclipse.pde.ui-20120217-1437,org.eclipse.pde.api.tools.internal.builder,ReferenceExtractor,visit,32,7,6
eclipse.pde.ui-20120217-1437,org.eclipse.pde.api.tools.internal.builder,ReferenceExtractor,visitEnd,12,4,0
eclipse.pde.ui-20120217-1437,org.eclipse.pde.api.tools.internal.builder,ReferenceExtractor,visitField,24,5,5
eclipse.pde.ui-20120217-1437,org.eclipse.pde.api.tools.internal.builder,ReferenceExtractor,visitInnerClass,36,9,4
eclipse.pde.ui-20120217-1437,org.eclipse.pde.api.tools.internal.builder,ReferenceExtractor,processInnerClass,7,1,2
eclipse.pde.ui-20120217-1437,org.eclipse.pde.api.tools.internal.builder,ReferenceExtractor,visitMethod,55,12,5
eclipse.pde.ui-20120217-1437,org.eclipse.pde.api.tools.internal.builder,ReferenceExtractor,enterMember,3,1,1
eclipse.pde.ui-20120217-1437,org.eclipse.pde.api.tools.internal.builder,ReferenceExtractor,exitMember,3,1,0
eclipse.pde.ui-20120217-1437,org.eclipse.pde.api.tools.internal.builder,ReferenceExtractor,getMember,3,1,0
eclipse.pde.ui-20120217-1437,org.eclipse.pde.api.tools.internal.builder,ClassFileSignatureVisitor,ClassFileSignatureVisitor,3,1,0
eclipse.pde.ui-20120217-1437,org.eclipse.pde.api.tools.internal.builder,ClassFileSignatureVisitor,reset,8,1,0
eclipse.pde.ui-20120217-1437,org.eclipse.pde.api.tools.internal.builder,ClassFileSignatureVisitor,processType,16,5,1
eclipse.pde.ui-20120217-1437,org.eclipse.pde.api.tools.internal.builder,ClassFileSignatureVisitor,visitClassType,3,1,1
eclipse.pde.ui-20120217-1437,org.eclipse.pde.api.tools.internal.builder,ClassFileSignatureVisitor,visitFormalTypeParameter,5,2,1
eclipse.pde.ui-20120217-1437,org.eclipse.pde.api.tools.internal.builder,ClassFileSignatureVisitor,visitTypeVariable,2,1,1
eclipse.pde.ui-20120217-1437,org.eclipse.pde.api.tools.internal.builder,ClassFileSignatureVisitor,visitInnerClassType,3,1,1
eclipse.pde.ui-20120217-1437,org.eclipse.pde.api.tools.internal.builder,ClassFileSignatureVisitor,visitParameterType,5,1,0
eclipse.pde.ui-20120217-1437,org.eclipse.pde.api.tools.internal.builder,ClassFileSignatureVisitor,visitInterface,4,1,0
eclipse.pde.ui-20120217-1437,org.eclipse.pde.api.tools.internal.builder,ClassFileSignatureVisitor,visitExceptionType,4,1,0
eclipse.pde.ui-20120217-1437,org.eclipse.pde.api.tools.internal.builder,ClassFileSignatureVisitor,visitArrayType,3,1,0
eclipse.pde.ui-20120217-1437,org.eclipse.pde.api.tools.internal.builder,ClassFileSignatureVisitor,visitReturnType,4,1,0
eclipse.pde.ui-20120217-1437,org.eclipse.pde.api.tools.internal.builder,ClassFileSignatureVisitor,visitClassBound,4,1,0
eclipse.pde.ui-20120217-1437,org.eclipse.pde.api.tools.internal.builder,ClassFileSignatureVisitor,visitInterfaceBound,4,1,0
eclipse.pde.ui-20120217-1437,org.eclipse.pde.api.tools.internal.builder,ClassFileSignatureVisitor,visitSuperclass,4,1,0
eclipse.pde.ui-20120217-1437,org.eclipse.pde.api.tools.internal.builder,ClassFileSignatureVisitor,visitTypeArgument,3,1,1
eclipse.pde.ui-20120217-1437,org.eclipse.pde.api.tools.internal.builder,ClassFileSignatureVisitor,visitEnd,2,1,0
eclipse.pde.ui-20120217-1437,org.eclipse.pde.api.tools.internal.builder,ClassFileSignatureVisitor,visitBaseType,10,3,1
eclipse.pde.ui-20120217-1437,org.eclipse.pde.api.tools.internal.builder,ClassFileSignatureVisitor,visitTypeArgument,2,1,0
eclipse.pde.ui-20120217-1437,org.eclipse.pde.api.tools.internal.builder,ClassFileMethodVisitor,ClassFileMethodVisitor,8,1,3
eclipse.pde.ui-20120217-1437,org.eclipse.pde.api.tools.internal.builder,ClassFileMethodVisitor,visitEnd,7,1,0
eclipse.pde.ui-20120217-1437,org.eclipse.pde.api.tools.internal.builder,ClassFileMethodVisitor,visitVarInsn,8,3,2
eclipse.pde.ui-20120217-1437,org.eclipse.pde.api.tools.internal.builder,ClassFileMethodVisitor,visitFieldInsn,26,8,4
eclipse.pde.ui-20120217-1437,org.eclipse.pde.api.tools.internal.builder,ClassFileMethodVisitor,visitTryCatchBlock,10,3,4
eclipse.pde.ui-20120217-1437,org.eclipse.pde.api.tools.internal.builder,ClassFileMethodVisitor,visitLabel,21,4,1
eclipse.pde.ui-20120217-1437,org.eclipse.pde.api.tools.internal.builder,ClassFileMethodVisitor,visitMethodInsn,59,15,4
eclipse.pde.ui-20120217-1437,org.eclipse.pde.api.tools.internal.builder,ClassFileMethodVisitor,visitMultiANewArrayInsn,7,2,2
eclipse.pde.ui-20120217-1437,org.eclipse.pde.api.tools.internal.builder,ClassFileMethodVisitor,visitLineNumber,4,1,2
eclipse.pde.ui-20120217-1437,org.eclipse.pde.api.tools.internal.builder,ClassFileMethodVisitor,visitCode,3,1,0
eclipse.pde.ui-20120217-1437,org.eclipse.pde.api.tools.internal.builder,ClassFileMethodVisitor,toString,8,1,0
eclipse.pde.ui-20120217-1437,org.eclipse.pde.api.tools.internal.builder,ClassFileMethodVisitor,getTypeFromDescription,14,3,1
eclipse.pde.ui-20120217-1437,org.eclipse.pde.api.tools.internal.builder,ClassFileMethodVisitor,visitTypeInsn,36,9,2
eclipse.pde.ui-20120217-1437,org.eclipse.pde.api.tools.internal.builder,ClassFileMethodVisitor,visitLocalVariable,53,15,6
eclipse.pde.ui-20120217-1437,org.eclipse.pde.api.tools.internal.builder,ClassFileMethodVisitor,visitLdcInsn,13,4,1
eclipse.pde.ui-20120217-1437,org.eclipse.pde.api.tools.internal.builder,FieldTracker,FieldTracker,3,1,1
eclipse.pde.ui-20120217-1437,org.eclipse.pde.api.tools.internal.builder,FieldTracker,addField,5,2,1
eclipse.pde.ui-20120217-1437,org.eclipse.pde.api.tools.internal.builder,FieldTracker,addAccessor,11,3,1
eclipse.pde.ui-20120217-1437,org.eclipse.pde.api.tools.internal.builder,FieldTracker,resolveSyntheticFields,17,4,0
eclipse.pde.ui-20120217-1437,org.eclipse.pde.api.tools.internal.builder,LinePositionTracker,LinePositionTracker,6,1,0
eclipse.pde.ui-20120217-1437,org.eclipse.pde.api.tools.internal.builder,LinePositionTracker,addLocation,3,1,1
eclipse.pde.ui-20120217-1437,org.eclipse.pde.api.tools.internal.builder,LinePositionTracker,addLineInfo,4,1,2
eclipse.pde.ui-20120217-1437,org.eclipse.pde.api.tools.internal.builder,LinePositionTracker,addCatchLabelInfos,3,1,2
eclipse.pde.ui-20120217-1437,org.eclipse.pde.api.tools.internal.builder,LinePositionTracker,addLabel,3,1,1
eclipse.pde.ui-20120217-1437,org.eclipse.pde.api.tools.internal.builder,LinePositionTracker,computeLineNumbers,71,16,0
eclipse.pde.ui-20120217-1437,org.eclipse.pde.api.tools.internal.builder,LabelInfo,LabelInfo,4,1,2
eclipse.pde.ui-20120217-1437,org.eclipse.pde.api.tools.internal.builder,LabelInfo,toString,5,1,0
eclipse.pde.ui-20120217-1437,org.eclipse.pde.api.tools.internal.builder,LineInfo,LineInfo,4,1,2
eclipse.pde.ui-20120217-1437,org.eclipse.pde.api.tools.internal.builder,LineInfo,compareTo,3,1,1
eclipse.pde.ui-20120217-1437,org.eclipse.pde.api.tools.internal.builder,LineInfo,equals,7,2,1
eclipse.pde.ui-20120217-1437,org.eclipse.pde.api.tools.internal.builder,LineInfo,toString,5,1,0
eclipse.pde.ui-20120217-1437,org.eclipse.pde.api.tools.internal.builder,LocalLineNumberMarker,LocalLineNumberMarker,4,1,2
eclipse.pde.ui-20120217-1437,org.eclipse.pde.api.tools.internal.builder,LocalLineNumberMarker,equals,7,2,1
eclipse.pde.ui-20120217-1437,org.eclipse.pde.api.tools.internal.builder,LocalLineNumberMarker,hashCode,3,1,0
eclipse.pde.ui-20120217-1437,org.eclipse.pde.api.tools.internal.builder,ReferenceResolver,ReferenceResolver,2,1,0
eclipse.pde.ui-20120217-1437,org.eclipse.pde.api.tools.internal.builder,ReferenceResolver,setDebug,3,1,1
eclipse.pde.ui-20120217-1437,org.eclipse.pde.api.tools.internal.builder,ReferenceResolver,resolveReferences,48,9,2
eclipse.pde.ui-20120217-1437,org.eclipse.pde.api.tools.internal.builder,ReferenceResolver,resolveReferenceSets,21,5,2
eclipse.pde.ui-20120217-1437,org.eclipse.pde.api.tools.internal.builder,ReferenceResolver,createSignatureKey,19,3,1
eclipse.pde.ui-20120217-1437,org.eclipse.pde.api.tools.internal.builder,SinceTagChecker,SinceTagChecker,3,1,1
eclipse.pde.ui-20120217-1437,org.eclipse.pde.api.tools.internal.builder,SinceTagChecker,visit,3,1,1
eclipse.pde.ui-20120217-1437,org.eclipse.pde.api.tools.internal.builder,SinceTagChecker,visit,12,4,1
eclipse.pde.ui-20120217-1437,org.eclipse.pde.api.tools.internal.builder,SinceTagChecker,visit,3,1,1
eclipse.pde.ui-20120217-1437,org.eclipse.pde.api.tools.internal.builder,SinceTagChecker,visit,3,1,1
eclipse.pde.ui-20120217-1437,org.eclipse.pde.api.tools.internal.builder,SinceTagChecker,visitAbstractTypeDeclaration,10,3,1
eclipse.pde.ui-20120217-1437,org.eclipse.pde.api.tools.internal.builder,SinceTagChecker,visit,3,1,1
eclipse.pde.ui-20120217-1437,org.eclipse.pde.api.tools.internal.builder,SinceTagChecker,visit,10,3,1
eclipse.pde.ui-20120217-1437,org.eclipse.pde.api.tools.internal.builder,SinceTagChecker,visit,10,3,1
eclipse.pde.ui-20120217-1437,org.eclipse.pde.api.tools.internal.builder,SinceTagChecker,visit,3,1,1
eclipse.pde.ui-20120217-1437,org.eclipse.pde.api.tools.internal.builder,SinceTagChecker,visit,10,3,1
eclipse.pde.ui-20120217-1437,org.eclipse.pde.api.tools.internal.builder,SinceTagChecker,processJavadoc,32,7,1
eclipse.pde.ui-20120217-1437,org.eclipse.pde.api.tools.internal.builder,SinceTagChecker,isMissing,3,1,0
eclipse.pde.ui-20120217-1437,org.eclipse.pde.api.tools.internal.builder,SinceTagChecker,hasNoComment,3,1,0
eclipse.pde.ui-20120217-1437,org.eclipse.pde.api.tools.internal.builder,SinceTagChecker,hasJavadocComment,3,1,0
eclipse.pde.ui-20120217-1437,org.eclipse.pde.api.tools.internal.builder,SinceTagChecker,getSinceVersion,4,2,0
eclipse.pde.ui-20120217-1437,org.eclipse.pde.api.tools.internal.builder,SystemApiDetector,SystemApiDetector,2,1,0
eclipse.pde.ui-20120217-1437,org.eclipse.pde.api.tools.internal.builder,SystemApiDetector,getElementType,13,4,1
eclipse.pde.ui-20120217-1437,org.eclipse.pde.api.tools.internal.builder,SystemApiDetector,getMessageArgs,29,6,1
eclipse.pde.ui-20120217-1437,org.eclipse.pde.api.tools.internal.builder,SystemApiDetector,getDisplay,24,5,2
eclipse.pde.ui-20120217-1437,org.eclipse.pde.api.tools.internal.builder,SystemApiDetector,getProblemFlags,23,5,1
eclipse.pde.ui-20120217-1437,org.eclipse.pde.api.tools.internal.builder,SystemApiDetector,getProblemKind,3,1,0
eclipse.pde.ui-20120217-1437,org.eclipse.pde.api.tools.internal.builder,SystemApiDetector,getQualifiedMessageArgs,29,6,1
eclipse.pde.ui-20120217-1437,org.eclipse.pde.api.tools.internal.builder,SystemApiDetector,getSeverityKey,3,1,0
eclipse.pde.ui-20120217-1437,org.eclipse.pde.api.tools.internal.builder,SystemApiDetector,getSourceRange,86,16,3
eclipse.pde.ui-20120217-1437,org.eclipse.pde.api.tools.internal.builder,SystemApiDetector,isProblem,42,9,1
eclipse.pde.ui-20120217-1437,org.eclipse.pde.api.tools.internal.builder,SystemApiDetector,considerReference,31,7,1
eclipse.pde.ui-20120217-1437,org.eclipse.pde.api.tools.internal.builder,SystemApiDetector,getReferenceKinds,3,1,0
eclipse.pde.ui-20120217-1437,org.eclipse.pde.api.tools.internal.builder,SystemApiDetector,createProblems,29,5,0
eclipse.pde.ui-20120217-1437,org.eclipse.pde.api.tools.internal.builder,TagValidator,TagValidator,3,1,1
eclipse.pde.ui-20120217-1437,org.eclipse.pde.api.tools.internal.builder,TagValidator,visit,8,2,1
eclipse.pde.ui-20120217-1437,org.eclipse.pde.api.tools.internal.builder,TagValidator,validateTags,166,31,2
eclipse.pde.ui-20120217-1437,org.eclipse.pde.api.tools.internal.builder,TagValidator,getParentModifiers,10,3,1
eclipse.pde.ui-20120217-1437,org.eclipse.pde.api.tools.internal.builder,TagValidator,getTypeName,3,1,1
eclipse.pde.ui-20120217-1437,org.eclipse.pde.api.tools.internal.builder,TagValidator,getTypeName,28,5,2
eclipse.pde.ui-20120217-1437,org.eclipse.pde.api.tools.internal.builder,TagValidator,processTags,27,7,5
eclipse.pde.ui-20120217-1437,org.eclipse.pde.api.tools.internal.builder,TagValidator,processTagProblem,22,2,6
eclipse.pde.ui-20120217-1437,org.eclipse.pde.api.tools.internal.builder,TagValidator,getParentKind,15,5,1
eclipse.pde.ui-20120217-1437,org.eclipse.pde.api.tools.internal.builder,TagValidator,getTagProblems,6,2,0
eclipse.pde.ui-20120217-1437,org.eclipse.pde.api.tools.internal.builder,TypeScope,TypeScope,15,3,2
eclipse.pde.ui-20120217-1437,org.eclipse.pde.api.tools.internal.builder,TypeScope,getPackageNames,7,1,0
eclipse.pde.ui-20120217-1437,org.eclipse.pde.api.tools.internal.builder,TypeScope,accept,24,6,1
eclipse.pde.ui-20120217-1437,org.eclipse.pde.api.tools.internal.builder,TypeScope,close,2,1,0
eclipse.pde.ui-20120217-1437,org.eclipse.pde.api.tools.internal.builder,TypeScope,findTypeRoot,8,2,1
eclipse.pde.ui-20120217-1437,org.eclipse.pde.api.tools.internal.builder,TypeScope,findTypeRoot,6,2,2
eclipse.pde.ui-20120217-1437,org.eclipse.pde.api.tools.internal.builder,TypeScope,toString,14,3,0
eclipse.pde.ui-20120217-1437,org.eclipse.pde.api.tools.internal.builder,TypeScope,getContainerType,3,1,0
eclipse.pde.ui-20120217-1437,org.eclipse.pde.api.tools.internal.comparator,ClassFileComparator,setDebug,3,1,1
eclipse.pde.ui-20120217-1437,org.eclipse.pde.api.tools.internal.comparator,ClassFileComparator,isCheckedException,37,9,3
eclipse.pde.ui-20120217-1437,org.eclipse.pde.api.tools.internal.comparator,ClassFileComparator,ClassFileComparator,9,1,7
eclipse.pde.ui-20120217-1437,org.eclipse.pde.api.tools.internal.comparator,ClassFileComparator,ClassFileComparator,9,1,7
eclipse.pde.ui-20120217-1437,org.eclipse.pde.api.tools.internal.comparator,ClassFileComparator,addDelta,3,1,1
eclipse.pde.ui-20120217-1437,org.eclipse.pde.api.tools.internal.comparator,ClassFileComparator,addDelta,3,1,9
eclipse.pde.ui-20120217-1437,org.eclipse.pde.api.tools.internal.comparator,ClassFileComparator,addDelta,3,1,9
eclipse.pde.ui-20120217-1437,org.eclipse.pde.api.tools.internal.comparator,ClassFileComparator,addDelta,3,1,10
eclipse.pde.ui-20120217-1437,org.eclipse.pde.api.tools.internal.comparator,ClassFileComparator,checkSuperclass,38,11,0
eclipse.pde.ui-20120217-1437,org.eclipse.pde.api.tools.internal.comparator,ClassFileComparator,reportStatus,7,2,1
eclipse.pde.ui-20120217-1437,org.eclipse.pde.api.tools.internal.comparator,ClassFileComparator,reportStatus,3,1,1
eclipse.pde.ui-20120217-1437,org.eclipse.pde.api.tools.internal.comparator,ClassFileComparator,isStatusOk,3,1,0
eclipse.pde.ui-20120217-1437,org.eclipse.pde.api.tools.internal.comparator,ClassFileComparator,getStatus,3,1,0
eclipse.pde.ui-20120217-1437,org.eclipse.pde.api.tools.internal.comparator,ClassFileComparator,checkSuperInterfaces,94,25,0
eclipse.pde.ui-20120217-1437,org.eclipse.pde.api.tools.internal.comparator,ClassFileComparator,checkTypeMembers,138,30,0
eclipse.pde.ui-20120217-1437,org.eclipse.pde.api.tools.internal.comparator,ClassFileComparator,checkGenericSignature,140,35,4
eclipse.pde.ui-20120217-1437,org.eclipse.pde.api.tools.internal.comparator,ClassFileComparator,collectAllInterfaces,29,6,2
eclipse.pde.ui-20120217-1437,org.eclipse.pde.api.tools.internal.comparator,ClassFileComparator,getDataFor,18,5,2
eclipse.pde.ui-20120217-1437,org.eclipse.pde.api.tools.internal.comparator,ClassFileComparator,createDelta,3,1,0
eclipse.pde.ui-20120217-1437,org.eclipse.pde.api.tools.internal.comparator,ClassFileComparator,getDelta,208,54,1
eclipse.pde.ui-20120217-1437,org.eclipse.pde.api.tools.internal.comparator,ClassFileComparator,getDeltaForField,216,58,1
eclipse.pde.ui-20120217-1437,org.eclipse.pde.api.tools.internal.comparator,ClassFileComparator,getDeltaForMethod,372,102,1
eclipse.pde.ui-20120217-1437,org.eclipse.pde.api.tools.internal.comparator,ClassFileComparator,getInterfacesSet,9,2,1
eclipse.pde.ui-20120217-1437,org.eclipse.pde.api.tools.internal.comparator,ClassFileComparator,getMethodDisplayName,18,3,2
eclipse.pde.ui-20120217-1437,org.eclipse.pde.api.tools.internal.comparator,ClassFileComparator,getSignatureDescriptor,6,1,1
eclipse.pde.ui-20120217-1437,org.eclipse.pde.api.tools.internal.comparator,ClassFileComparator,getSuperclassList,3,1,1
eclipse.pde.ui-20120217-1437,org.eclipse.pde.api.tools.internal.comparator,ClassFileComparator,getSuperclassList,3,1,2
eclipse.pde.ui-20120217-1437,org.eclipse.pde.api.tools.internal.comparator,ClassFileComparator,getSuperclassList,30,6,3
eclipse.pde.ui-20120217-1437,org.eclipse.pde.api.tools.internal.comparator,ClassFileComparator,reportFieldAddition,31,7,2
eclipse.pde.ui-20120217-1437,org.eclipse.pde.api.tools.internal.comparator,ClassFileComparator,reportMethodAddition,169,40,2
eclipse.pde.ui-20120217-1437,org.eclipse.pde.api.tools.internal.comparator,ClassFileComparator,getKeyForMethod,25,4,2
eclipse.pde.ui-20120217-1437,org.eclipse.pde.api.tools.internal.comparator,ClassFileComparator,isAPI,4,1,2
eclipse.pde.ui-20120217-1437,org.eclipse.pde.api.tools.internal.comparator,ClassFileComparator,getType,22,5,3
eclipse.pde.ui-20120217-1437,org.eclipse.pde.api.tools.internal.comparator,ClassFileComparator,getElementType,12,4,1
eclipse.pde.ui-20120217-1437,org.eclipse.pde.api.tools.internal.comparator,ClassFileComparator,getElementType,6,2,1
eclipse.pde.ui-20120217-1437,org.eclipse.pde.api.tools.internal.comparator,ClassFileComparator,getTargetType,6,2,1
eclipse.pde.ui-20120217-1437,org.eclipse.pde.api.tools.internal.comparator,ClassFileComparator,getElementType,9,3,1
eclipse.pde.ui-20120217-1437,org.eclipse.pde.api.tools.internal.comparator,ComparatorMessages,ComparatorMessages,2,1,0
eclipse.pde.ui-20120217-1437,org.eclipse.pde.api.tools.internal.comparator,Delta,print,39,10,2
eclipse.pde.ui-20120217-1437,org.eclipse.pde.api.tools.internal.comparator,Delta,Delta,2,1,0
eclipse.pde.ui-20120217-1437,org.eclipse.pde.api.tools.internal.comparator,Delta,Delta,3,1,10
eclipse.pde.ui-20120217-1437,org.eclipse.pde.api.tools.internal.comparator,Delta,Delta,11,1,11
eclipse.pde.ui-20120217-1437,org.eclipse.pde.api.tools.internal.comparator,Delta,Delta,3,1,7
eclipse.pde.ui-20120217-1437,org.eclipse.pde.api.tools.internal.comparator,Delta,accept,11,4,1
eclipse.pde.ui-20120217-1437,org.eclipse.pde.api.tools.internal.comparator,Delta,add,14,4,1
eclipse.pde.ui-20120217-1437,org.eclipse.pde.api.tools.internal.comparator,Delta,equals,40,24,1
eclipse.pde.ui-20120217-1437,org.eclipse.pde.api.tools.internal.comparator,Delta,getComponentVersionId,3,1,0
eclipse.pde.ui-20120217-1437,org.eclipse.pde.api.tools.internal.comparator,Delta,getComponentId,5,2,0
eclipse.pde.ui-20120217-1437,org.eclipse.pde.api.tools.internal.comparator,Delta,getArguments,6,2,0
eclipse.pde.ui-20120217-1437,org.eclipse.pde.api.tools.internal.comparator,Delta,getChildren,8,3,0
eclipse.pde.ui-20120217-1437,org.eclipse.pde.api.tools.internal.comparator,Delta,getElementType,3,1,0
eclipse.pde.ui-20120217-1437,org.eclipse.pde.api.tools.internal.comparator,Delta,getFlags,3,1,0
eclipse.pde.ui-20120217-1437,org.eclipse.pde.api.tools.internal.comparator,Delta,getKey,3,1,0
eclipse.pde.ui-20120217-1437,org.eclipse.pde.api.tools.internal.comparator,Delta,getKind,3,1,0
eclipse.pde.ui-20120217-1437,org.eclipse.pde.api.tools.internal.comparator,Delta,getMessage,7,2,0
eclipse.pde.ui-20120217-1437,org.eclipse.pde.api.tools.internal.comparator,Delta,getNewModifiers,3,1,0
eclipse.pde.ui-20120217-1437,org.eclipse.pde.api.tools.internal.comparator,Delta,getOldModifiers,3,1,0
eclipse.pde.ui-20120217-1437,org.eclipse.pde.api.tools.internal.comparator,Delta,getCurrentRestrictions,3,1,0
eclipse.pde.ui-20120217-1437,org.eclipse.pde.api.tools.internal.comparator,Delta,getPreviousRestrictions,3,1,0
eclipse.pde.ui-20120217-1437,org.eclipse.pde.api.tools.internal.comparator,Delta,getTypeName,3,1,0
eclipse.pde.ui-20120217-1437,org.eclipse.pde.api.tools.internal.comparator,Delta,hashCode,14,1,0
eclipse.pde.ui-20120217-1437,org.eclipse.pde.api.tools.internal.comparator,Delta,isEmpty,3,1,0
eclipse.pde.ui-20120217-1437,org.eclipse.pde.api.tools.internal.comparator,Delta,toString,18,4,0
eclipse.pde.ui-20120217-1437,org.eclipse.pde.api.tools.internal.comparator,DeltaXmlVisitor,DeltaXmlVisitor,5,1,0
eclipse.pde.ui-20120217-1437,org.eclipse.pde.api.tools.internal.comparator,DeltaXmlVisitor,visit,7,3,1
eclipse.pde.ui-20120217-1437,org.eclipse.pde.api.tools.internal.comparator,DeltaXmlVisitor,processLeafDelta,32,5,1
eclipse.pde.ui-20120217-1437,org.eclipse.pde.api.tools.internal.comparator,DeltaXmlVisitor,endVisit,2,1,1
eclipse.pde.ui-20120217-1437,org.eclipse.pde.api.tools.internal.comparator,DeltaXmlVisitor,getXML,3,1,0
eclipse.pde.ui-20120217-1437,org.eclipse.pde.api.tools.internal.comparator,Messages,Messages,2,1,0
eclipse.pde.ui-20120217-1437,org.eclipse.pde.api.tools.internal.comparator,Messages,loadMessageTemplates,25,2,1
eclipse.pde.ui-20120217-1437,org.eclipse.pde.api.tools.internal.comparator,Messages,getCompatibleLocalizedMessage,13,4,1
eclipse.pde.ui-20120217-1437,org.eclipse.pde.api.tools.internal.comparator,Messages,getKey,399,164,1
eclipse.pde.ui-20120217-1437,org.eclipse.pde.api.tools.internal.comparator,SignatureDecoder,SignatureDecoder,3,1,1
eclipse.pde.ui-20120217-1437,org.eclipse.pde.api.tools.internal.comparator,SignatureDecoder,visitArrayType,3,1,0
eclipse.pde.ui-20120217-1437,org.eclipse.pde.api.tools.internal.comparator,SignatureDecoder,visitBaseType,2,1,1
eclipse.pde.ui-20120217-1437,org.eclipse.pde.api.tools.internal.comparator,SignatureDecoder,visitClassBound,4,1,0
eclipse.pde.ui-20120217-1437,org.eclipse.pde.api.tools.internal.comparator,SignatureDecoder,visitClassType,20,7,1
eclipse.pde.ui-20120217-1437,org.eclipse.pde.api.tools.internal.comparator,SignatureDecoder,visitEnd,2,1,0
eclipse.pde.ui-20120217-1437,org.eclipse.pde.api.tools.internal.comparator,SignatureDecoder,visitExceptionType,3,1,0
eclipse.pde.ui-20120217-1437,org.eclipse.pde.api.tools.internal.comparator,SignatureDecoder,visitFormalTypeParameter,3,1,1
eclipse.pde.ui-20120217-1437,org.eclipse.pde.api.tools.internal.comparator,SignatureDecoder,visitInnerClassType,2,1,1
eclipse.pde.ui-20120217-1437,org.eclipse.pde.api.tools.internal.comparator,SignatureDecoder,visitInterface,3,1,0
eclipse.pde.ui-20120217-1437,org.eclipse.pde.api.tools.internal.comparator,SignatureDecoder,visitInterfaceBound,4,1,0
eclipse.pde.ui-20120217-1437,org.eclipse.pde.api.tools.internal.comparator,SignatureDecoder,visitParameterType,3,1,0
eclipse.pde.ui-20120217-1437,org.eclipse.pde.api.tools.internal.comparator,SignatureDecoder,visitReturnType,3,1,0
eclipse.pde.ui-20120217-1437,org.eclipse.pde.api.tools.internal.comparator,SignatureDecoder,visitSuperclass,4,1,0
eclipse.pde.ui-20120217-1437,org.eclipse.pde.api.tools.internal.comparator,SignatureDecoder,visitTypeArgument,2,1,0
eclipse.pde.ui-20120217-1437,org.eclipse.pde.api.tools.internal.comparator,SignatureDecoder,visitTypeArgument,13,4,1
eclipse.pde.ui-20120217-1437,org.eclipse.pde.api.tools.internal.comparator,SignatureDecoder,visitTypeVariable,2,1,1
eclipse.pde.ui-20120217-1437,org.eclipse.pde.api.tools.internal.comparator,SignatureDescriptor,SignatureDescriptor,2,1,0
eclipse.pde.ui-20120217-1437,org.eclipse.pde.api.tools.internal.comparator,SignatureDescriptor,addInterfaceBound,3,1,1
eclipse.pde.ui-20120217-1437,org.eclipse.pde.api.tools.internal.comparator,SignatureDescriptor,addTypeArgument,13,3,1
eclipse.pde.ui-20120217-1437,org.eclipse.pde.api.tools.internal.comparator,SignatureDescriptor,addTypeParameterDescriptor,15,3,1
eclipse.pde.ui-20120217-1437,org.eclipse.pde.api.tools.internal.comparator,SignatureDescriptor,getTypeParameterDescriptors,10,3,0
eclipse.pde.ui-20120217-1437,org.eclipse.pde.api.tools.internal.comparator,SignatureDescriptor,getTypeArguments,10,3,0
eclipse.pde.ui-20120217-1437,org.eclipse.pde.api.tools.internal.comparator,SignatureDescriptor,setClassBound,3,1,1
eclipse.pde.ui-20120217-1437,org.eclipse.pde.api.tools.internal.comparator,SignatureDescriptor,setSuperclass,3,1,1
eclipse.pde.ui-20120217-1437,org.eclipse.pde.api.tools.internal.comparator,SignatureDescriptor,toString,13,5,0
eclipse.pde.ui-20120217-1437,org.eclipse.pde.api.tools.internal.comparator,TypeParameterDescriptor,TypeParameterDescriptor,3,1,1
eclipse.pde.ui-20120217-1437,org.eclipse.pde.api.tools.internal.comparator,TypeParameterDescriptor,addInterfaceBound,6,2,1
eclipse.pde.ui-20120217-1437,org.eclipse.pde.api.tools.internal.comparator,TypeParameterDescriptor,setClassBound,6,2,1
eclipse.pde.ui-20120217-1437,org.eclipse.pde.api.tools.internal.comparator,TypeParameterDescriptor,toString,18,5,0
eclipse.pde.ui-20120217-1437,org.eclipse.pde.api.tools.internal.descriptors,ComponentDescriptorImpl,ComponentDescriptorImpl,5,1,2
eclipse.pde.ui-20120217-1437,org.eclipse.pde.api.tools.internal.descriptors,ComponentDescriptorImpl,getElementType,3,1,0
eclipse.pde.ui-20120217-1437,org.eclipse.pde.api.tools.internal.descriptors,ComponentDescriptorImpl,hashCode,7,2,0
eclipse.pde.ui-20120217-1437,org.eclipse.pde.api.tools.internal.descriptors,ComponentDescriptorImpl,equals,13,4,1
eclipse.pde.ui-20120217-1437,org.eclipse.pde.api.tools.internal.descriptors,ComponentDescriptorImpl,getId,3,1,0
eclipse.pde.ui-20120217-1437,org.eclipse.pde.api.tools.internal.descriptors,ComponentDescriptorImpl,getPath,3,1,0
eclipse.pde.ui-20120217-1437,org.eclipse.pde.api.tools.internal.descriptors,ComponentDescriptorImpl,toString,3,1,0
eclipse.pde.ui-20120217-1437,org.eclipse.pde.api.tools.internal.descriptors,ComponentDescriptorImpl,getVersion,3,1,0
eclipse.pde.ui-20120217-1437,org.eclipse.pde.api.tools.internal.descriptors,ElementDescriptorImpl,setDebug,3,1,1
eclipse.pde.ui-20120217-1437,org.eclipse.pde.api.tools.internal.descriptors,ElementDescriptorImpl,getParent,3,1,0
eclipse.pde.ui-20120217-1437,org.eclipse.pde.api.tools.internal.descriptors,ElementDescriptorImpl,getPath,9,2,0
eclipse.pde.ui-20120217-1437,org.eclipse.pde.api.tools.internal.descriptors,ElementDescriptorImpl,compareTo,10,3,1
eclipse.pde.ui-20120217-1437,org.eclipse.pde.api.tools.internal.descriptors,ElementDescriptorImpl,getComparable,0,1,0
eclipse.pde.ui-20120217-1437,org.eclipse.pde.api.tools.internal.descriptors,FieldDescriptorImpl,FieldDescriptorImpl,3,1,2
eclipse.pde.ui-20120217-1437,org.eclipse.pde.api.tools.internal.descriptors,FieldDescriptorImpl,toString,7,1,0
eclipse.pde.ui-20120217-1437,org.eclipse.pde.api.tools.internal.descriptors,FieldDescriptorImpl,equals,7,2,1
eclipse.pde.ui-20120217-1437,org.eclipse.pde.api.tools.internal.descriptors,FieldDescriptorImpl,hashCode,3,1,0
eclipse.pde.ui-20120217-1437,org.eclipse.pde.api.tools.internal.descriptors,FieldDescriptorImpl,getElementType,3,1,0
eclipse.pde.ui-20120217-1437,org.eclipse.pde.api.tools.internal.descriptors,MemberDescriptorImpl,MemberDescriptorImpl,4,1,2
eclipse.pde.ui-20120217-1437,org.eclipse.pde.api.tools.internal.descriptors,MemberDescriptorImpl,getEnclosingType,7,2,0
eclipse.pde.ui-20120217-1437,org.eclipse.pde.api.tools.internal.descriptors,MemberDescriptorImpl,getPackage,7,2,0
eclipse.pde.ui-20120217-1437,org.eclipse.pde.api.tools.internal.descriptors,MemberDescriptorImpl,getParent,3,1,0
eclipse.pde.ui-20120217-1437,org.eclipse.pde.api.tools.internal.descriptors,MethodDescriptorImpl,MethodDescriptorImpl,4,1,3
eclipse.pde.ui-20120217-1437,org.eclipse.pde.api.tools.internal.descriptors,MethodDescriptorImpl,toString,7,1,0
eclipse.pde.ui-20120217-1437,org.eclipse.pde.api.tools.internal.descriptors,MethodDescriptorImpl,equals,7,2,1
eclipse.pde.ui-20120217-1437,org.eclipse.pde.api.tools.internal.descriptors,MethodDescriptorImpl,hashCode,3,1,0
eclipse.pde.ui-20120217-1437,org.eclipse.pde.api.tools.internal.descriptors,MethodDescriptorImpl,getElementType,3,1,0
eclipse.pde.ui-20120217-1437,org.eclipse.pde.api.tools.internal.descriptors,MethodDescriptorImpl,getSignature,3,1,0
eclipse.pde.ui-20120217-1437,org.eclipse.pde.api.tools.internal.descriptors,MethodDescriptorImpl,isConstructor,3,1,0
eclipse.pde.ui-20120217-1437,org.eclipse.pde.api.tools.internal.descriptors,NamedElementDescriptorImpl,NamedElementDescriptorImpl,3,1,1
eclipse.pde.ui-20120217-1437,org.eclipse.pde.api.tools.internal.descriptors,NamedElementDescriptorImpl,getName,3,1,0
eclipse.pde.ui-20120217-1437,org.eclipse.pde.api.tools.internal.descriptors,NamedElementDescriptorImpl,getComparable,3,1,0
eclipse.pde.ui-20120217-1437,org.eclipse.pde.api.tools.internal.descriptors,PackageDescriptorImpl,PackageDescriptorImpl,3,1,1
eclipse.pde.ui-20120217-1437,org.eclipse.pde.api.tools.internal.descriptors,PackageDescriptorImpl,toString,4,1,0
eclipse.pde.ui-20120217-1437,org.eclipse.pde.api.tools.internal.descriptors,PackageDescriptorImpl,equals,7,2,1
eclipse.pde.ui-20120217-1437,org.eclipse.pde.api.tools.internal.descriptors,PackageDescriptorImpl,hashCode,3,1,0
eclipse.pde.ui-20120217-1437,org.eclipse.pde.api.tools.internal.descriptors,PackageDescriptorImpl,getElementType,3,1,0
eclipse.pde.ui-20120217-1437,org.eclipse.pde.api.tools.internal.descriptors,PackageDescriptorImpl,getType,8,2,2
eclipse.pde.ui-20120217-1437,org.eclipse.pde.api.tools.internal.descriptors,PackageDescriptorImpl,getType,8,2,1
eclipse.pde.ui-20120217-1437,org.eclipse.pde.api.tools.internal.descriptors,ReferenceTypeDescriptorImpl,ReferenceTypeDescriptorImpl,3,1,2
eclipse.pde.ui-20120217-1437,org.eclipse.pde.api.tools.internal.descriptors,ReferenceTypeDescriptorImpl,ReferenceTypeDescriptorImpl,4,1,3
eclipse.pde.ui-20120217-1437,org.eclipse.pde.api.tools.internal.descriptors,ReferenceTypeDescriptorImpl,getField,3,1,1
eclipse.pde.ui-20120217-1437,org.eclipse.pde.api.tools.internal.descriptors,ReferenceTypeDescriptorImpl,getMethod,3,1,2
eclipse.pde.ui-20120217-1437,org.eclipse.pde.api.tools.internal.descriptors,ReferenceTypeDescriptorImpl,getType,3,1,1
eclipse.pde.ui-20120217-1437,org.eclipse.pde.api.tools.internal.descriptors,ReferenceTypeDescriptorImpl,toString,3,1,0
eclipse.pde.ui-20120217-1437,org.eclipse.pde.api.tools.internal.descriptors,ReferenceTypeDescriptorImpl,getQualifiedName,28,7,0
eclipse.pde.ui-20120217-1437,org.eclipse.pde.api.tools.internal.descriptors,ReferenceTypeDescriptorImpl,equals,7,2,1
eclipse.pde.ui-20120217-1437,org.eclipse.pde.api.tools.internal.descriptors,ReferenceTypeDescriptorImpl,hashCode,3,1,0
eclipse.pde.ui-20120217-1437,org.eclipse.pde.api.tools.internal.descriptors,ReferenceTypeDescriptorImpl,getComparable,3,1,0
eclipse.pde.ui-20120217-1437,org.eclipse.pde.api.tools.internal.descriptors,ReferenceTypeDescriptorImpl,getElementType,3,1,0
eclipse.pde.ui-20120217-1437,org.eclipse.pde.api.tools.internal.descriptors,ReferenceTypeDescriptorImpl,getSignature,10,2,0
eclipse.pde.ui-20120217-1437,org.eclipse.pde.api.tools.internal.descriptors,ReferenceTypeDescriptorImpl,getGenericSignature,3,1,0
eclipse.pde.ui-20120217-1437,org.eclipse.pde.api.tools.internal.descriptors,ReferenceTypeDescriptorImpl,isAnonymous,11,2,0
eclipse.pde.ui-20120217-1437,org.eclipse.pde.api.tools.internal.model,AbstractApiTypeContainer,AbstractApiTypeContainer,3,1,3
eclipse.pde.ui-20120217-1437,org.eclipse.pde.api.tools.internal.model,AbstractApiTypeContainer,accept,6,2,1
eclipse.pde.ui-20120217-1437,org.eclipse.pde.api.tools.internal.model,AbstractApiTypeContainer,close,31,7,0
eclipse.pde.ui-20120217-1437,org.eclipse.pde.api.tools.internal.model,AbstractApiTypeContainer,findTypeRoot,10,3,1
eclipse.pde.ui-20120217-1437,org.eclipse.pde.api.tools.internal.model,AbstractApiTypeContainer,findTypeRoot,24,7,2
eclipse.pde.ui-20120217-1437,org.eclipse.pde.api.tools.internal.model,AbstractApiTypeContainer,getPackageNames,14,3,0
eclipse.pde.ui-20120217-1437,org.eclipse.pde.api.tools.internal.model,AbstractApiTypeContainer,getApiTypeContainers,6,2,0
eclipse.pde.ui-20120217-1437,org.eclipse.pde.api.tools.internal.model,AbstractApiTypeContainer,getApiTypeContainers,16,4,1
eclipse.pde.ui-20120217-1437,org.eclipse.pde.api.tools.internal.model,AbstractApiTypeContainer,createApiTypeContainers,0,1,0
eclipse.pde.ui-20120217-1437,org.eclipse.pde.api.tools.internal.model,AbstractApiTypeContainer,setApiTypeContainers,16,3,1
eclipse.pde.ui-20120217-1437,org.eclipse.pde.api.tools.internal.model,AbstractApiTypeContainer,getContainerType,3,1,0
eclipse.pde.ui-20120217-1437,org.eclipse.pde.api.tools.internal.model,AbstractApiTypeRoot,AbstractApiTypeRoot,3,1,2
eclipse.pde.ui-20120217-1437,org.eclipse.pde.api.tools.internal.model,AbstractApiTypeRoot,getContents,0,1,0
eclipse.pde.ui-20120217-1437,org.eclipse.pde.api.tools.internal.model,AbstractApiTypeRoot,getStructure,17,4,0
eclipse.pde.ui-20120217-1437,org.eclipse.pde.api.tools.internal.model,AbstractApiTypeRoot,getApiComponent,3,1,0
eclipse.pde.ui-20120217-1437,org.eclipse.pde.api.tools.internal.model,ApiBaseline,ApiBaseline,5,1,1
eclipse.pde.ui-20120217-1437,org.eclipse.pde.api.tools.internal.model,ApiBaseline,ApiBaseline,3,1,2
eclipse.pde.ui-20120217-1437,org.eclipse.pde.api.tools.internal.model,ApiBaseline,ApiBaseline,11,2,3
eclipse.pde.ui-20120217-1437,org.eclipse.pde.api.tools.internal.model,ApiBaseline,initialize,16,3,1
eclipse.pde.ui-20120217-1437,org.eclipse.pde.api.tools.internal.model,ApiBaseline,getJavaProfileProperties,33,5,1
eclipse.pde.ui-20120217-1437,org.eclipse.pde.api.tools.internal.model,ApiBaseline,initialize,34,7,2
eclipse.pde.ui-20120217-1437,org.eclipse.pde.api.tools.internal.model,ApiBaseline,clearComponentsCache,6,2,0
eclipse.pde.ui-20120217-1437,org.eclipse.pde.api.tools.internal.model,ApiBaseline,addComponent,16,5,1
eclipse.pde.ui-20120217-1437,org.eclipse.pde.api.tools.internal.model,ApiBaseline,addApiComponents,15,3,1
eclipse.pde.ui-20120217-1437,org.eclipse.pde.api.tools.internal.model,ApiBaseline,resolveSystemLibrary,99,20,1
eclipse.pde.ui-20120217-1437,org.eclipse.pde.api.tools.internal.model,ApiBaseline,peekInfos,3,1,0
eclipse.pde.ui-20120217-1437,org.eclipse.pde.api.tools.internal.model,ApiBaseline,getApiComponents,8,2,0
eclipse.pde.ui-20120217-1437,org.eclipse.pde.api.tools.internal.model,ApiBaseline,resolvePackage,46,10,2
eclipse.pde.ui-20120217-1437,org.eclipse.pde.api.tools.internal.model,ApiBaseline,resolvePackage0,35,10,3
eclipse.pde.ui-20120217-1437,org.eclipse.pde.api.tools.internal.model,ApiBaseline,getVisibleDependentComponents,15,4,1
eclipse.pde.ui-20120217-1437,org.eclipse.pde.api.tools.internal.model,ApiBaseline,isSystemPackage,13,4,1
eclipse.pde.ui-20120217-1437,org.eclipse.pde.api.tools.internal.model,ApiBaseline,getState,6,2,0
eclipse.pde.ui-20120217-1437,org.eclipse.pde.api.tools.internal.model,ApiBaseline,getApiComponent,7,2,1
eclipse.pde.ui-20120217-1437,org.eclipse.pde.api.tools.internal.model,ApiBaseline,getExecutionEnvironment,3,1,0
eclipse.pde.ui-20120217-1437,org.eclipse.pde.api.tools.internal.model,ApiBaseline,loadBaselineInfos,11,2,0
eclipse.pde.ui-20120217-1437,org.eclipse.pde.api.tools.internal.model,ApiBaseline,getErrors,17,5,0
eclipse.pde.ui-20120217-1437,org.eclipse.pde.api.tools.internal.model,ApiBaseline,setName,3,1,1
eclipse.pde.ui-20120217-1437,org.eclipse.pde.api.tools.internal.model,ApiBaseline,equals,7,2,1
eclipse.pde.ui-20120217-1437,org.eclipse.pde.api.tools.internal.model,ApiBaseline,hashCode,3,1,0
eclipse.pde.ui-20120217-1437,org.eclipse.pde.api.tools.internal.model,ApiBaseline,dispose,7,2,0
eclipse.pde.ui-20120217-1437,org.eclipse.pde.api.tools.internal.model,ApiBaseline,doDispose,26,7,0
eclipse.pde.ui-20120217-1437,org.eclipse.pde.api.tools.internal.model,ApiBaseline,close,7,2,0
eclipse.pde.ui-20120217-1437,org.eclipse.pde.api.tools.internal.model,ApiBaseline,clearCachedElements,3,1,0
eclipse.pde.ui-20120217-1437,org.eclipse.pde.api.tools.internal.model,ApiBaseline,getDependentComponents,5,1,1
eclipse.pde.ui-20120217-1437,org.eclipse.pde.api.tools.internal.model,ApiBaseline,getApiComponents,11,3,1
eclipse.pde.ui-20120217-1437,org.eclipse.pde.api.tools.internal.model,ApiBaseline,getBundleDescriptions,10,3,1
eclipse.pde.ui-20120217-1437,org.eclipse.pde.api.tools.internal.model,ApiBaseline,getPrerequisiteComponents,5,1,1
eclipse.pde.ui-20120217-1437,org.eclipse.pde.api.tools.internal.model,ApiBaseline,clearPackage,5,2,1
eclipse.pde.ui-20120217-1437,org.eclipse.pde.api.tools.internal.model,ApiBaseline,toString,3,1,0
eclipse.pde.ui-20120217-1437,org.eclipse.pde.api.tools.internal.model,ApiBaseline,getExecutionEnvironmentStatus,3,1,0
eclipse.pde.ui-20120217-1437,org.eclipse.pde.api.tools.internal.model,ApiBaseline,defaultVMInstallChanged,2,1,2
eclipse.pde.ui-20120217-1437,org.eclipse.pde.api.tools.internal.model,ApiBaseline,vmAdded,10,2,1
eclipse.pde.ui-20120217-1437,org.eclipse.pde.api.tools.internal.model,ApiBaseline,vmChanged,13,3,1
eclipse.pde.ui-20120217-1437,org.eclipse.pde.api.tools.internal.model,ApiBaseline,rebindVM,9,2,0
eclipse.pde.ui-20120217-1437,org.eclipse.pde.api.tools.internal.model,ApiBaseline,vmRemoved,10,2,1
eclipse.pde.ui-20120217-1437,org.eclipse.pde.api.tools.internal.model,ApiBaseline,getLocation,3,1,0
eclipse.pde.ui-20120217-1437,org.eclipse.pde.api.tools.internal.model,ApiBaseline,setLocation,3,1,1
eclipse.pde.ui-20120217-1437,org.eclipse.pde.api.tools.internal.model,ApiBaseline,getApiComponent,7,2,1
eclipse.pde.ui-20120217-1437,org.eclipse.pde.api.tools.internal.model,ApiElement,ApiElement,5,1,3
eclipse.pde.ui-20120217-1437,org.eclipse.pde.api.tools.internal.model,ApiElement,getAncestor,7,2,1
eclipse.pde.ui-20120217-1437,org.eclipse.pde.api.tools.internal.model,ApiElement,getName,3,1,0
eclipse.pde.ui-20120217-1437,org.eclipse.pde.api.tools.internal.model,ApiElement,getParent,3,1,0
eclipse.pde.ui-20120217-1437,org.eclipse.pde.api.tools.internal.model,ApiElement,getType,3,1,0
eclipse.pde.ui-20120217-1437,org.eclipse.pde.api.tools.internal.model,ApiElement,setName,5,2,1
eclipse.pde.ui-20120217-1437,org.eclipse.pde.api.tools.internal.model,ApiElement,abort,3,1,2
eclipse.pde.ui-20120217-1437,org.eclipse.pde.api.tools.internal.model,ApiElement,getApiComponent,3,1,0
eclipse.pde.ui-20120217-1437,org.eclipse.pde.api.tools.internal.model,ApiField,ApiField,4,1,6
eclipse.pde.ui-20120217-1437,org.eclipse.pde.api.tools.internal.model,ApiField,isEnumConstant,3,1,0
eclipse.pde.ui-20120217-1437,org.eclipse.pde.api.tools.internal.model,ApiField,equals,6,2,1
eclipse.pde.ui-20120217-1437,org.eclipse.pde.api.tools.internal.model,ApiField,hashCode,3,1,0
eclipse.pde.ui-20120217-1437,org.eclipse.pde.api.tools.internal.model,ApiField,getConstantValue,3,1,0
eclipse.pde.ui-20120217-1437,org.eclipse.pde.api.tools.internal.model,ApiField,toString,12,3,0
eclipse.pde.ui-20120217-1437,org.eclipse.pde.api.tools.internal.model,ApiField,getHandle,11,2,0
eclipse.pde.ui-20120217-1437,org.eclipse.pde.api.tools.internal.model,ApiMember,ApiMember,6,1,6
eclipse.pde.ui-20120217-1437,org.eclipse.pde.api.tools.internal.model,ApiMember,getSignature,3,1,0
eclipse.pde.ui-20120217-1437,org.eclipse.pde.api.tools.internal.model,ApiMember,getGenericSignature,3,1,0
eclipse.pde.ui-20120217-1437,org.eclipse.pde.api.tools.internal.model,ApiMember,getModifiers,3,1,0
eclipse.pde.ui-20120217-1437,org.eclipse.pde.api.tools.internal.model,ApiMember,getEnclosingType,3,1,0
eclipse.pde.ui-20120217-1437,org.eclipse.pde.api.tools.internal.model,ApiMember,getApiComponent,3,1,0
eclipse.pde.ui-20120217-1437,org.eclipse.pde.api.tools.internal.model,ApiMember,getPackageName,11,2,0
eclipse.pde.ui-20120217-1437,org.eclipse.pde.api.tools.internal.model,ApiMember,equals,9,3,1
eclipse.pde.ui-20120217-1437,org.eclipse.pde.api.tools.internal.model,ApiMember,enclosingTypesEqual,8,2,2
eclipse.pde.ui-20120217-1437,org.eclipse.pde.api.tools.internal.model,ApiMember,hashCode,4,1,0
eclipse.pde.ui-20120217-1437,org.eclipse.pde.api.tools.internal.model,ApiMember,setModifiers,3,1,1
eclipse.pde.ui-20120217-1437,org.eclipse.pde.api.tools.internal.model,ApiMethod,ApiMethod,4,1,6
eclipse.pde.ui-20120217-1437,org.eclipse.pde.api.tools.internal.model,ApiMethod,isConstructor,3,1,0
eclipse.pde.ui-20120217-1437,org.eclipse.pde.api.tools.internal.model,ApiMethod,equals,6,2,1
eclipse.pde.ui-20120217-1437,org.eclipse.pde.api.tools.internal.model,ApiMethod,hashCode,3,1,0
eclipse.pde.ui-20120217-1437,org.eclipse.pde.api.tools.internal.model,ApiMethod,getExceptionNames,3,1,0
eclipse.pde.ui-20120217-1437,org.eclipse.pde.api.tools.internal.model,ApiMethod,isClassInitializer,3,1,0
eclipse.pde.ui-20120217-1437,org.eclipse.pde.api.tools.internal.model,ApiMethod,getDefaultValue,3,1,0
eclipse.pde.ui-20120217-1437,org.eclipse.pde.api.tools.internal.model,ApiMethod,setDefaultValue,3,1,1
eclipse.pde.ui-20120217-1437,org.eclipse.pde.api.tools.internal.model,ApiMethod,isSynthetic,3,1,0
eclipse.pde.ui-20120217-1437,org.eclipse.pde.api.tools.internal.model,ApiMethod,isPolymorphic,3,1,0
eclipse.pde.ui-20120217-1437,org.eclipse.pde.api.tools.internal.model,ApiMethod,toString,16,5,0
eclipse.pde.ui-20120217-1437,org.eclipse.pde.api.tools.internal.model,ApiMethod,getHandle,11,2,0
eclipse.pde.ui-20120217-1437,org.eclipse.pde.api.tools.internal.model,ApiModelCache,Cache,3,1,2
eclipse.pde.ui-20120217-1437,org.eclipse.pde.api.tools.internal.model,ApiModelCache,close,3,1,1
eclipse.pde.ui-20120217-1437,org.eclipse.pde.api.tools.internal.model,ApiModelCache,newInstance,3,1,2
eclipse.pde.ui-20120217-1437,org.eclipse.pde.api.tools.internal.model,ApiModelCache,isEmpty,3,1,0
eclipse.pde.ui-20120217-1437,org.eclipse.pde.api.tools.internal.model,ApiModelCache,ApiModelCache,2,1,0
eclipse.pde.ui-20120217-1437,org.eclipse.pde.api.tools.internal.model,ApiModelCache,getCache,6,2,0
eclipse.pde.ui-20120217-1437,org.eclipse.pde.api.tools.internal.model,ApiModelCache,getCacheKey,5,1,3
eclipse.pde.ui-20120217-1437,org.eclipse.pde.api.tools.internal.model,ApiModelCache,cacheElementInfo,45,10,1
eclipse.pde.ui-20120217-1437,org.eclipse.pde.api.tools.internal.model,ApiModelCache,getRootName,7,2,1
eclipse.pde.ui-20120217-1437,org.eclipse.pde.api.tools.internal.model,ApiModelCache,isMemberType,3,1,1
eclipse.pde.ui-20120217-1437,org.eclipse.pde.api.tools.internal.model,ApiModelCache,getElementInfo,31,9,4
eclipse.pde.ui-20120217-1437,org.eclipse.pde.api.tools.internal.model,ApiModelCache,removeElementInfo,68,18,4
eclipse.pde.ui-20120217-1437,org.eclipse.pde.api.tools.internal.model,ApiModelCache,removeElementInfo,33,8,1
eclipse.pde.ui-20120217-1437,org.eclipse.pde.api.tools.internal.model,ApiModelCache,flushCaches,6,2,0
eclipse.pde.ui-20120217-1437,org.eclipse.pde.api.tools.internal.model,ApiModelCache,flushMemberCache,5,2,0
eclipse.pde.ui-20120217-1437,org.eclipse.pde.api.tools.internal.model,ApiModelCache,isEmpty,10,3,0
eclipse.pde.ui-20120217-1437,org.eclipse.pde.api.tools.internal.model,Cache,Cache,3,1,2
eclipse.pde.ui-20120217-1437,org.eclipse.pde.api.tools.internal.model,Cache,close,3,1,1
eclipse.pde.ui-20120217-1437,org.eclipse.pde.api.tools.internal.model,Cache,newInstance,3,1,2
eclipse.pde.ui-20120217-1437,org.eclipse.pde.api.tools.internal.model,Cache,isEmpty,3,1,0
eclipse.pde.ui-20120217-1437,org.eclipse.pde.api.tools.internal.model,ApiModelFactory,accept,3,1,2
eclipse.pde.ui-20120217-1437,org.eclipse.pde.api.tools.internal.model,ApiModelFactory,getBundleID,3,1,0
eclipse.pde.ui-20120217-1437,org.eclipse.pde.api.tools.internal.model,ApiModelFactory,newApiComponent,7,2,2
eclipse.pde.ui-20120217-1437,org.eclipse.pde.api.tools.internal.model,ApiModelFactory,newApiComponent,21,5,2
eclipse.pde.ui-20120217-1437,org.eclipse.pde.api.tools.internal.model,ApiModelFactory,isBinaryProject,5,1,1
eclipse.pde.ui-20120217-1437,org.eclipse.pde.api.tools.internal.model,ApiModelFactory,newApiBaseline,3,1,1
eclipse.pde.ui-20120217-1437,org.eclipse.pde.api.tools.internal.model,ApiModelFactory,newApiBaseline,3,1,2
eclipse.pde.ui-20120217-1437,org.eclipse.pde.api.tools.internal.model,ApiModelFactory,newApiBaseline,3,1,2
eclipse.pde.ui-20120217-1437,org.eclipse.pde.api.tools.internal.model,ApiModelFactory,newApiBaseline,3,1,3
eclipse.pde.ui-20120217-1437,org.eclipse.pde.api.tools.internal.model,ApiModelFactory,addComponents,59,11,3
eclipse.pde.ui-20120217-1437,org.eclipse.pde.api.tools.internal.model,CVSNameFilter,accept,3,1,2
eclipse.pde.ui-20120217-1437,org.eclipse.pde.api.tools.internal.model,ApiType,ApiType,5,1,7
eclipse.pde.ui-20120217-1437,org.eclipse.pde.api.tools.internal.model,ApiType,extractReferences,7,1,2
eclipse.pde.ui-20120217-1437,org.eclipse.pde.api.tools.internal.model,ApiType,getField,6,2,1
eclipse.pde.ui-20120217-1437,org.eclipse.pde.api.tools.internal.model,ApiType,getFields,6,2,0
eclipse.pde.ui-20120217-1437,org.eclipse.pde.api.tools.internal.model,ApiType,getPackageName,3,1,0
eclipse.pde.ui-20120217-1437,org.eclipse.pde.api.tools.internal.model,ApiType,addMethod,8,2,5
eclipse.pde.ui-20120217-1437,org.eclipse.pde.api.tools.internal.model,ApiType,addField,8,2,5
eclipse.pde.ui-20120217-1437,org.eclipse.pde.api.tools.internal.model,ApiType,getMethod,6,2,2
eclipse.pde.ui-20120217-1437,org.eclipse.pde.api.tools.internal.model,ApiType,getMethods,6,2,0
eclipse.pde.ui-20120217-1437,org.eclipse.pde.api.tools.internal.model,ApiType,getSuperInterfaceNames,3,1,0
eclipse.pde.ui-20120217-1437,org.eclipse.pde.api.tools.internal.model,ApiType,setSuperInterfaceNames,3,1,1
eclipse.pde.ui-20120217-1437,org.eclipse.pde.api.tools.internal.model,ApiType,getSuperInterfaces,17,5,0
eclipse.pde.ui-20120217-1437,org.eclipse.pde.api.tools.internal.model,ApiType,getSuperclass,13,4,0
eclipse.pde.ui-20120217-1437,org.eclipse.pde.api.tools.internal.model,ApiType,resolveType,12,3,1
eclipse.pde.ui-20120217-1437,org.eclipse.pde.api.tools.internal.model,ApiType,requiresApiComponent,3,1,0
eclipse.pde.ui-20120217-1437,org.eclipse.pde.api.tools.internal.model,ApiType,getSuperclassName,3,1,0
eclipse.pde.ui-20120217-1437,org.eclipse.pde.api.tools.internal.model,ApiType,setSuperclassName,3,1,1
eclipse.pde.ui-20120217-1437,org.eclipse.pde.api.tools.internal.model,ApiType,setSimpleName,3,1,1
eclipse.pde.ui-20120217-1437,org.eclipse.pde.api.tools.internal.model,ApiType,isAnnotation,3,1,0
eclipse.pde.ui-20120217-1437,org.eclipse.pde.api.tools.internal.model,ApiType,isAnonymous,3,1,0
eclipse.pde.ui-20120217-1437,org.eclipse.pde.api.tools.internal.model,ApiType,isLocal,3,1,0
eclipse.pde.ui-20120217-1437,org.eclipse.pde.api.tools.internal.model,ApiType,getTypeRoot,3,1,0
eclipse.pde.ui-20120217-1437,org.eclipse.pde.api.tools.internal.model,ApiType,setAnonymous,3,1,0
eclipse.pde.ui-20120217-1437,org.eclipse.pde.api.tools.internal.model,ApiType,setMemberType,3,1,0
eclipse.pde.ui-20120217-1437,org.eclipse.pde.api.tools.internal.model,ApiType,setLocal,3,1,0
eclipse.pde.ui-20120217-1437,org.eclipse.pde.api.tools.internal.model,ApiType,setEnclosingMethodInfo,14,3,2
eclipse.pde.ui-20120217-1437,org.eclipse.pde.api.tools.internal.model,ApiType,getEnclosingMethod,24,5,0
eclipse.pde.ui-20120217-1437,org.eclipse.pde.api.tools.internal.model,ApiType,isClass,3,1,0
eclipse.pde.ui-20120217-1437,org.eclipse.pde.api.tools.internal.model,ApiType,isEnum,3,1,0
eclipse.pde.ui-20120217-1437,org.eclipse.pde.api.tools.internal.model,ApiType,isInterface,3,1,0
eclipse.pde.ui-20120217-1437,org.eclipse.pde.api.tools.internal.model,ApiType,isMemberType,3,1,0
eclipse.pde.ui-20120217-1437,org.eclipse.pde.api.tools.internal.model,ApiType,getHandle,6,2,0
eclipse.pde.ui-20120217-1437,org.eclipse.pde.api.tools.internal.model,ApiType,equals,10,3,1
eclipse.pde.ui-20120217-1437,org.eclipse.pde.api.tools.internal.model,ApiType,hashCode,7,2,0
eclipse.pde.ui-20120217-1437,org.eclipse.pde.api.tools.internal.model,ApiType,addMemberType,8,2,2
eclipse.pde.ui-20120217-1437,org.eclipse.pde.api.tools.internal.model,ApiType,getMemberType,24,6,1
eclipse.pde.ui-20120217-1437,org.eclipse.pde.api.tools.internal.model,ApiType,getMemberTypes,14,3,0
eclipse.pde.ui-20120217-1437,org.eclipse.pde.api.tools.internal.model,ApiType,toString,34,9,0
eclipse.pde.ui-20120217-1437,org.eclipse.pde.api.tools.internal.model,ApiType,getSimpleName,14,4,0
eclipse.pde.ui-20120217-1437,org.eclipse.pde.api.tools.internal.model,ApiType,getEnclosingType,12,4,0
eclipse.pde.ui-20120217-1437,org.eclipse.pde.api.tools.internal.model,ApiType,processEnclosingTypeName,9,3,0
eclipse.pde.ui-20120217-1437,org.eclipse.pde.api.tools.internal.model,ArchiveApiTypeContainer,ArchiveApiTypeRoot,3,1,2
eclipse.pde.ui-20120217-1437,org.eclipse.pde.api.tools.internal.model,ArchiveApiTypeContainer,getTypeName,6,2,0
eclipse.pde.ui-20120217-1437,org.eclipse.pde.api.tools.internal.model,ArchiveApiTypeContainer,compareTo,3,1,1
eclipse.pde.ui-20120217-1437,org.eclipse.pde.api.tools.internal.model,ArchiveApiTypeContainer,equals,7,2,1
eclipse.pde.ui-20120217-1437,org.eclipse.pde.api.tools.internal.model,ArchiveApiTypeContainer,hashCode,3,1,0
eclipse.pde.ui-20120217-1437,org.eclipse.pde.api.tools.internal.model,ArchiveApiTypeContainer,getContents,49,2,0
eclipse.pde.ui-20120217-1437,org.eclipse.pde.api.tools.internal.model,ArchiveApiTypeContainer,toString,3,1,0
eclipse.pde.ui-20120217-1437,org.eclipse.pde.api.tools.internal.model,ArchiveApiTypeContainer,ArchiveApiTypeContainer,4,1,2
eclipse.pde.ui-20120217-1437,org.eclipse.pde.api.tools.internal.model,ArchiveApiTypeContainer,accept,29,6,1
eclipse.pde.ui-20120217-1437,org.eclipse.pde.api.tools.internal.model,ArchiveApiTypeContainer,toString,5,1,0
eclipse.pde.ui-20120217-1437,org.eclipse.pde.api.tools.internal.model,ArchiveApiTypeContainer,close,2,1,0
eclipse.pde.ui-20120217-1437,org.eclipse.pde.api.tools.internal.model,ArchiveApiTypeContainer,findTypeRoot,16,4,1
eclipse.pde.ui-20120217-1437,org.eclipse.pde.api.tools.internal.model,ArchiveApiTypeContainer,getPackageNames,13,2,0
eclipse.pde.ui-20120217-1437,org.eclipse.pde.api.tools.internal.model,ArchiveApiTypeContainer,init,41,6,0
eclipse.pde.ui-20120217-1437,org.eclipse.pde.api.tools.internal.model,ArchiveApiTypeContainer,equals,6,2,1
eclipse.pde.ui-20120217-1437,org.eclipse.pde.api.tools.internal.model,ArchiveApiTypeContainer,hashCode,3,1,0
eclipse.pde.ui-20120217-1437,org.eclipse.pde.api.tools.internal.model,ArchiveApiTypeContainer,findTypeRoot,3,1,2
eclipse.pde.ui-20120217-1437,org.eclipse.pde.api.tools.internal.model,ArchiveApiTypeContainer,getContainerType,3,1,0
eclipse.pde.ui-20120217-1437,org.eclipse.pde.api.tools.internal.model,ArchiveApiTypeRoot,ArchiveApiTypeRoot,3,1,2
eclipse.pde.ui-20120217-1437,org.eclipse.pde.api.tools.internal.model,ArchiveApiTypeRoot,getTypeName,6,2,0
eclipse.pde.ui-20120217-1437,org.eclipse.pde.api.tools.internal.model,ArchiveApiTypeRoot,compareTo,3,1,1
eclipse.pde.ui-20120217-1437,org.eclipse.pde.api.tools.internal.model,ArchiveApiTypeRoot,equals,7,2,1
eclipse.pde.ui-20120217-1437,org.eclipse.pde.api.tools.internal.model,ArchiveApiTypeRoot,hashCode,3,1,0
eclipse.pde.ui-20120217-1437,org.eclipse.pde.api.tools.internal.model,ArchiveApiTypeRoot,getContents,49,2,0
eclipse.pde.ui-20120217-1437,org.eclipse.pde.api.tools.internal.model,ArchiveApiTypeRoot,toString,3,1,0
eclipse.pde.ui-20120217-1437,org.eclipse.pde.api.tools.internal.model,BundleComponent,BundleComponent,6,1,3
eclipse.pde.ui-20120217-1437,org.eclipse.pde.api.tools.internal.model,BundleComponent,dispose,11,1,0
eclipse.pde.ui-20120217-1437,org.eclipse.pde.api.tools.internal.model,BundleComponent,getManifest,11,2,0
eclipse.pde.ui-20120217-1437,org.eclipse.pde.api.tools.internal.model,BundleComponent,doManifestCompaction,11,3,0
eclipse.pde.ui-20120217-1437,org.eclipse.pde.api.tools.internal.model,BundleComponent,isValidBundle,4,1,0
eclipse.pde.ui-20120217-1437,org.eclipse.pde.api.tools.internal.model,BundleComponent,equals,7,2,1
eclipse.pde.ui-20120217-1437,org.eclipse.pde.api.tools.internal.model,BundleComponent,init,25,4,0
eclipse.pde.ui-20120217-1437,org.eclipse.pde.api.tools.internal.model,BundleComponent,isWorkspaceBinary,3,1,0
eclipse.pde.ui-20120217-1437,org.eclipse.pde.api.tools.internal.model,BundleComponent,getState,3,1,0
eclipse.pde.ui-20120217-1437,org.eclipse.pde.api.tools.internal.model,BundleComponent,getBundleDescription,11,2,3
eclipse.pde.ui-20120217-1437,org.eclipse.pde.api.tools.internal.model,BundleComponent,lookupBundle,14,2,2
eclipse.pde.ui-20120217-1437,org.eclipse.pde.api.tools.internal.model,BundleComponent,isBinary,3,1,0
eclipse.pde.ui-20120217-1437,org.eclipse.pde.api.tools.internal.model,BundleComponent,createApiDescription,22,5,0
eclipse.pde.ui-20120217-1437,org.eclipse.pde.api.tools.internal.model,BundleComponent,createLocalApiDescription,15,2,0
eclipse.pde.ui-20120217-1437,org.eclipse.pde.api.tools.internal.model,BundleComponent,getLocalPackageNames,15,4,0
eclipse.pde.ui-20120217-1437,org.eclipse.pde.api.tools.internal.model,BundleComponent,initializeApiDescription,25,6,3
eclipse.pde.ui-20120217-1437,org.eclipse.pde.api.tools.internal.model,BundleComponent,addSuppliedPackages,12,4,3
eclipse.pde.ui-20120217-1437,org.eclipse.pde.api.tools.internal.model,BundleComponent,annotateExportedPackages,24,7,2
eclipse.pde.ui-20120217-1437,org.eclipse.pde.api.tools.internal.model,BundleComponent,createApiFilterStore,3,1,0
eclipse.pde.ui-20120217-1437,org.eclipse.pde.api.tools.internal.model,BundleComponent,createApiTypeContainers,62,15,0
eclipse.pde.ui-20120217-1437,org.eclipse.pde.api.tools.internal.model,BundleComponent,isApiEnabled,3,1,0
eclipse.pde.ui-20120217-1437,org.eclipse.pde.api.tools.internal.model,BundleComponent,getClasspathEntries,14,3,1
eclipse.pde.ui-20120217-1437,org.eclipse.pde.api.tools.internal.model,BundleComponent,createApiTypeContainer,59,12,1
eclipse.pde.ui-20120217-1437,org.eclipse.pde.api.tools.internal.model,BundleComponent,extractDirectory,17,4,3
eclipse.pde.ui-20120217-1437,org.eclipse.pde.api.tools.internal.model,BundleComponent,extractEntry,40,6,3
eclipse.pde.ui-20120217-1437,org.eclipse.pde.api.tools.internal.model,BundleComponent,loadManifest,29,5,1
eclipse.pde.ui-20120217-1437,org.eclipse.pde.api.tools.internal.model,BundleComponent,readManifest,25,5,1
eclipse.pde.ui-20120217-1437,org.eclipse.pde.api.tools.internal.model,BundleComponent,closingZipFileAndStream,18,3,2
eclipse.pde.ui-20120217-1437,org.eclipse.pde.api.tools.internal.model,BundleComponent,readFileContents,31,5,2
eclipse.pde.ui-20120217-1437,org.eclipse.pde.api.tools.internal.model,BundleComponent,loadApiDescription,30,5,1
eclipse.pde.ui-20120217-1437,org.eclipse.pde.api.tools.internal.model,BundleComponent,getFileInBundle,17,2,2
eclipse.pde.ui-20120217-1437,org.eclipse.pde.api.tools.internal.model,BundleComponent,getExecutionEnvironments,6,2,0
eclipse.pde.ui-20120217-1437,org.eclipse.pde.api.tools.internal.model,BundleComponent,getSymbolicName,4,1,0
eclipse.pde.ui-20120217-1437,org.eclipse.pde.api.tools.internal.model,BundleComponent,getRequiredComponents,12,3,0
eclipse.pde.ui-20120217-1437,org.eclipse.pde.api.tools.internal.model,BundleComponent,getVersion,6,1,0
eclipse.pde.ui-20120217-1437,org.eclipse.pde.api.tools.internal.model,BundleComponent,getBundleDescription,7,2,0
eclipse.pde.ui-20120217-1437,org.eclipse.pde.api.tools.internal.model,BundleComponent,toString,25,2,0
eclipse.pde.ui-20120217-1437,org.eclipse.pde.api.tools.internal.model,BundleComponent,getLocation,3,1,0
eclipse.pde.ui-20120217-1437,org.eclipse.pde.api.tools.internal.model,BundleComponent,isSystemComponent,3,1,0
eclipse.pde.ui-20120217-1437,org.eclipse.pde.api.tools.internal.model,BundleComponent,isSourceComponent,28,7,0
eclipse.pde.ui-20120217-1437,org.eclipse.pde.api.tools.internal.model,BundleComponent,containsSourceExtensionPoint,31,2,1
eclipse.pde.ui-20120217-1437,org.eclipse.pde.api.tools.internal.model,BundleComponent,isFragment,7,2,0
eclipse.pde.ui-20120217-1437,org.eclipse.pde.api.tools.internal.model,BundleComponent,getHost,11,3,0
eclipse.pde.ui-20120217-1437,org.eclipse.pde.api.tools.internal.model,BundleComponent,hasFragments,3,1,0
eclipse.pde.ui-20120217-1437,org.eclipse.pde.api.tools.internal.model,BundleComponent,setHasApiDescription,3,1,1
eclipse.pde.ui-20120217-1437,org.eclipse.pde.api.tools.internal.model,BundleComponent,hasApiDescription,8,1,0
eclipse.pde.ui-20120217-1437,org.eclipse.pde.api.tools.internal.model,BundleComponent,getLowestEEs,93,22,0
eclipse.pde.ui-20120217-1437,org.eclipse.pde.api.tools.internal.model,BundleComponent,getErrors,15,4,0
eclipse.pde.ui-20120217-1437,org.eclipse.pde.api.tools.internal.model,BundleComponent,baselineDisposed,3,1,1
eclipse.pde.ui-20120217-1437,org.eclipse.pde.api.tools.internal.model,Component,Component,3,1,1
eclipse.pde.ui-20120217-1437,org.eclipse.pde.api.tools.internal.model,Component,accept,6,2,1
eclipse.pde.ui-20120217-1437,org.eclipse.pde.api.tools.internal.model,Component,getHost,3,1,0
eclipse.pde.ui-20120217-1437,org.eclipse.pde.api.tools.internal.model,Component,getBaseline,3,1,0
eclipse.pde.ui-20120217-1437,org.eclipse.pde.api.tools.internal.model,Component,dispose,13,1,0
eclipse.pde.ui-20120217-1437,org.eclipse.pde.api.tools.internal.model,Component,getApiComponent,3,1,0
eclipse.pde.ui-20120217-1437,org.eclipse.pde.api.tools.internal.model,Component,getApiDescription,6,2,0
eclipse.pde.ui-20120217-1437,org.eclipse.pde.api.tools.internal.model,Component,isApiDescriptionInitialized,3,1,0
eclipse.pde.ui-20120217-1437,org.eclipse.pde.api.tools.internal.model,Component,hasApiFilterStore,3,1,0
eclipse.pde.ui-20120217-1437,org.eclipse.pde.api.tools.internal.model,Component,getApiTypeContainers,3,1,0
eclipse.pde.ui-20120217-1437,org.eclipse.pde.api.tools.internal.model,Component,getApiTypeContainers,8,2,1
eclipse.pde.ui-20120217-1437,org.eclipse.pde.api.tools.internal.model,Component,createApiDescription,0,1,0
eclipse.pde.ui-20120217-1437,org.eclipse.pde.api.tools.internal.model,Component,getFilterStore,6,2,0
eclipse.pde.ui-20120217-1437,org.eclipse.pde.api.tools.internal.model,Component,getHandle,3,1,0
eclipse.pde.ui-20120217-1437,org.eclipse.pde.api.tools.internal.model,Component,getContainerType,3,1,0
eclipse.pde.ui-20120217-1437,org.eclipse.pde.api.tools.internal.model,Component,createApiFilterStore,0,1,0
eclipse.pde.ui-20120217-1437,org.eclipse.pde.api.tools.internal.model,Component,getExternalDependencies,6,2,0
eclipse.pde.ui-20120217-1437,org.eclipse.pde.api.tools.internal.model,CompositeApiTypeContainer,CompositeApiTypeContainer,4,1,2
eclipse.pde.ui-20120217-1437,org.eclipse.pde.api.tools.internal.model,CompositeApiTypeContainer,createApiTypeContainers,3,1,0
eclipse.pde.ui-20120217-1437,org.eclipse.pde.api.tools.internal.model,CompositeApiTypeContainer,toString,15,3,0
eclipse.pde.ui-20120217-1437,org.eclipse.pde.api.tools.internal.model,DirectoryApiTypeContainer,LocalApiTypeRoot,4,1,3
eclipse.pde.ui-20120217-1437,org.eclipse.pde.api.tools.internal.model,DirectoryApiTypeContainer,getTypeName,3,1,0
eclipse.pde.ui-20120217-1437,org.eclipse.pde.api.tools.internal.model,DirectoryApiTypeContainer,compareTo,3,1,1
eclipse.pde.ui-20120217-1437,org.eclipse.pde.api.tools.internal.model,DirectoryApiTypeContainer,equals,6,2,1
eclipse.pde.ui-20120217-1437,org.eclipse.pde.api.tools.internal.model,DirectoryApiTypeContainer,hashCode,3,1,0
eclipse.pde.ui-20120217-1437,org.eclipse.pde.api.tools.internal.model,DirectoryApiTypeContainer,getContents,25,1,0
eclipse.pde.ui-20120217-1437,org.eclipse.pde.api.tools.internal.model,DirectoryApiTypeContainer,DirectoryApiTypeContainer,3,1,2
eclipse.pde.ui-20120217-1437,org.eclipse.pde.api.tools.internal.model,DirectoryApiTypeContainer,accept,45,10,1
eclipse.pde.ui-20120217-1437,org.eclipse.pde.api.tools.internal.model,DirectoryApiTypeContainer,accept,3,1,1
eclipse.pde.ui-20120217-1437,org.eclipse.pde.api.tools.internal.model,DirectoryApiTypeContainer,toString,5,1,0
eclipse.pde.ui-20120217-1437,org.eclipse.pde.api.tools.internal.model,DirectoryApiTypeContainer,close,4,1,0
eclipse.pde.ui-20120217-1437,org.eclipse.pde.api.tools.internal.model,DirectoryApiTypeContainer,findTypeRoot,18,4,1
eclipse.pde.ui-20120217-1437,org.eclipse.pde.api.tools.internal.model,DirectoryApiTypeContainer,getPackageNames,11,2,0
eclipse.pde.ui-20120217-1437,org.eclipse.pde.api.tools.internal.model,DirectoryApiTypeContainer,init,6,2,0
eclipse.pde.ui-20120217-1437,org.eclipse.pde.api.tools.internal.model,DirectoryApiTypeContainer,processDirectory,31,8,2
eclipse.pde.ui-20120217-1437,org.eclipse.pde.api.tools.internal.model,DirectoryApiTypeContainer,findTypeRoot,3,1,2
eclipse.pde.ui-20120217-1437,org.eclipse.pde.api.tools.internal.model,DirectoryApiTypeContainer,getContainerType,3,1,0
eclipse.pde.ui-20120217-1437,org.eclipse.pde.api.tools.internal.model,LocalApiTypeRoot,LocalApiTypeRoot,4,1,3
eclipse.pde.ui-20120217-1437,org.eclipse.pde.api.tools.internal.model,LocalApiTypeRoot,getTypeName,3,1,0
eclipse.pde.ui-20120217-1437,org.eclipse.pde.api.tools.internal.model,LocalApiTypeRoot,compareTo,3,1,1
eclipse.pde.ui-20120217-1437,org.eclipse.pde.api.tools.internal.model,LocalApiTypeRoot,equals,6,2,1
eclipse.pde.ui-20120217-1437,org.eclipse.pde.api.tools.internal.model,LocalApiTypeRoot,hashCode,3,1,0
eclipse.pde.ui-20120217-1437,org.eclipse.pde.api.tools.internal.model,LocalApiTypeRoot,getContents,25,1,0
eclipse.pde.ui-20120217-1437,org.eclipse.pde.api.tools.internal.model,Messages,Messages,2,1,0
eclipse.pde.ui-20120217-1437,org.eclipse.pde.api.tools.internal.model,MethodKey,MethodKey,6,1,4
eclipse.pde.ui-20120217-1437,org.eclipse.pde.api.tools.internal.model,MethodKey,equals,7,2,1
eclipse.pde.ui-20120217-1437,org.eclipse.pde.api.tools.internal.model,MethodKey,hashCode,3,1,0
eclipse.pde.ui-20120217-1437,org.eclipse.pde.api.tools.internal.model,MethodKey,signaturesEqual,6,2,2
eclipse.pde.ui-20120217-1437,org.eclipse.pde.api.tools.internal.model,MethodKey,toString,7,1,0
eclipse.pde.ui-20120217-1437,org.eclipse.pde.api.tools.internal.model,ProjectComponent,setDebug,3,1,1
eclipse.pde.ui-20120217-1437,org.eclipse.pde.api.tools.internal.model,ProjectComponent,ProjectComponent,8,1,4
eclipse.pde.ui-20120217-1437,org.eclipse.pde.api.tools.internal.model,ProjectComponent,isBinary,3,1,0
eclipse.pde.ui-20120217-1437,org.eclipse.pde.api.tools.internal.model,ProjectComponent,getBundleDescription,8,1,3
eclipse.pde.ui-20120217-1437,org.eclipse.pde.api.tools.internal.model,ProjectComponent,getModel,9,3,0
eclipse.pde.ui-20120217-1437,org.eclipse.pde.api.tools.internal.model,ProjectComponent,isApiEnabled,3,1,0
eclipse.pde.ui-20120217-1437,org.eclipse.pde.api.tools.internal.model,ProjectComponent,dispose,22,4,0
eclipse.pde.ui-20120217-1437,org.eclipse.pde.api.tools.internal.model,ProjectComponent,createLocalApiDescription,11,3,0
eclipse.pde.ui-20120217-1437,org.eclipse.pde.api.tools.internal.model,ProjectComponent,createApiFilterStore,8,2,0
eclipse.pde.ui-20120217-1437,org.eclipse.pde.api.tools.internal.model,ProjectComponent,createApiTypeContainers,73,18,0
eclipse.pde.ui-20120217-1437,org.eclipse.pde.api.tools.internal.model,ProjectComponent,retrieveContainers,44,9,3
eclipse.pde.ui-20120217-1437,org.eclipse.pde.api.tools.internal.model,ProjectComponent,createApiTypeContainer,10,3,1
eclipse.pde.ui-20120217-1437,org.eclipse.pde.api.tools.internal.model,ProjectComponent,findApiTypeContainer,12,3,1
eclipse.pde.ui-20120217-1437,org.eclipse.pde.api.tools.internal.model,ProjectComponent,getApiTypeContainer,44,10,2
eclipse.pde.ui-20120217-1437,org.eclipse.pde.api.tools.internal.model,ProjectComponent,getJavaProject,3,1,0
eclipse.pde.ui-20120217-1437,org.eclipse.pde.api.tools.internal.model,ProjectComponent,getTypeContainer,11,3,1
eclipse.pde.ui-20120217-1437,org.eclipse.pde.api.tools.internal.model,ProjectTypeContainer,ContainerVisitor,4,1,2
eclipse.pde.ui-20120217-1437,org.eclipse.pde.api.tools.internal.model,ProjectTypeContainer,visit,7,2,1
eclipse.pde.ui-20120217-1437,org.eclipse.pde.api.tools.internal.model,ProjectTypeContainer,ProjectTypeContainer,4,1,2
eclipse.pde.ui-20120217-1437,org.eclipse.pde.api.tools.internal.model,ProjectTypeContainer,accept,6,2,1
eclipse.pde.ui-20120217-1437,org.eclipse.pde.api.tools.internal.model,ProjectTypeContainer,close,3,1,0
eclipse.pde.ui-20120217-1437,org.eclipse.pde.api.tools.internal.model,ProjectTypeContainer,toString,5,1,0
eclipse.pde.ui-20120217-1437,org.eclipse.pde.api.tools.internal.model,ProjectTypeContainer,doVisit,44,8,3
eclipse.pde.ui-20120217-1437,org.eclipse.pde.api.tools.internal.model,ProjectTypeContainer,findTypeRoot,17,4,1
eclipse.pde.ui-20120217-1437,org.eclipse.pde.api.tools.internal.model,ProjectTypeContainer,getPackageNames,9,2,0
eclipse.pde.ui-20120217-1437,org.eclipse.pde.api.tools.internal.model,ProjectTypeContainer,collectPackageNames,3,1,3
eclipse.pde.ui-20120217-1437,org.eclipse.pde.api.tools.internal.model,ProjectTypeContainer,findTypeRoot,3,1,2
eclipse.pde.ui-20120217-1437,org.eclipse.pde.api.tools.internal.model,ProjectTypeContainer,getContainerType,3,1,0
eclipse.pde.ui-20120217-1437,org.eclipse.pde.api.tools.internal.model,ContainerVisitor,ContainerVisitor,4,1,2
eclipse.pde.ui-20120217-1437,org.eclipse.pde.api.tools.internal.model,ContainerVisitor,visit,7,2,1
eclipse.pde.ui-20120217-1437,org.eclipse.pde.api.tools.internal.model,ResourceApiTypeRoot,ResourceApiTypeRoot,4,1,3
eclipse.pde.ui-20120217-1437,org.eclipse.pde.api.tools.internal.model,ResourceApiTypeRoot,getContents,18,1,0
eclipse.pde.ui-20120217-1437,org.eclipse.pde.api.tools.internal.model,ResourceApiTypeRoot,getTypeName,3,1,0
eclipse.pde.ui-20120217-1437,org.eclipse.pde.api.tools.internal.model,ResourceApiTypeRoot,toString,3,1,0
eclipse.pde.ui-20120217-1437,org.eclipse.pde.api.tools.internal.model,ResourceApiTypeRoot,hashCode,3,1,0
eclipse.pde.ui-20120217-1437,org.eclipse.pde.api.tools.internal.model,ResourceApiTypeRoot,equals,7,2,1
eclipse.pde.ui-20120217-1437,org.eclipse.pde.api.tools.internal.model,StubApiComponent,getStubApiComponent,16,4,1
eclipse.pde.ui-20120217-1437,org.eclipse.pde.api.tools.internal.model,StubApiComponent,getFileFor,36,10,2
eclipse.pde.ui-20120217-1437,org.eclipse.pde.api.tools.internal.model,StubApiComponent,getInstalledMetadata,28,8,0
eclipse.pde.ui-20120217-1437,org.eclipse.pde.api.tools.internal.model,StubApiComponent,StubApiComponent,9,1,3
eclipse.pde.ui-20120217-1437,org.eclipse.pde.api.tools.internal.model,StubApiComponent,createApiDescription,3,1,0
eclipse.pde.ui-20120217-1437,org.eclipse.pde.api.tools.internal.model,StubApiComponent,createApiFilterStore,3,1,0
eclipse.pde.ui-20120217-1437,org.eclipse.pde.api.tools.internal.model,StubApiComponent,createApiTypeContainers,8,2,0
eclipse.pde.ui-20120217-1437,org.eclipse.pde.api.tools.internal.model,StubApiComponent,isSystemComponent,3,1,0
eclipse.pde.ui-20120217-1437,org.eclipse.pde.api.tools.internal.model,StubApiComponent,disposeAllCaches,8,3,0
eclipse.pde.ui-20120217-1437,org.eclipse.pde.api.tools.internal.model,StubApiComponent,isInstalled,13,6,1
eclipse.pde.ui-20120217-1437,org.eclipse.pde.api.tools.internal.model,StubArchiveApiTypeContainer,getStructure,3,1,0
eclipse.pde.ui-20120217-1437,org.eclipse.pde.api.tools.internal.model,StubArchiveApiTypeContainer,ArchiveApiTypeRoot,3,1,2
eclipse.pde.ui-20120217-1437,org.eclipse.pde.api.tools.internal.model,StubArchiveApiTypeContainer,getTypeName,6,2,0
eclipse.pde.ui-20120217-1437,org.eclipse.pde.api.tools.internal.model,StubArchiveApiTypeContainer,compareTo,3,1,1
eclipse.pde.ui-20120217-1437,org.eclipse.pde.api.tools.internal.model,StubArchiveApiTypeContainer,equals,7,2,1
eclipse.pde.ui-20120217-1437,org.eclipse.pde.api.tools.internal.model,StubArchiveApiTypeContainer,hashCode,3,1,0
eclipse.pde.ui-20120217-1437,org.eclipse.pde.api.tools.internal.model,StubArchiveApiTypeContainer,getContents,32,2,0
eclipse.pde.ui-20120217-1437,org.eclipse.pde.api.tools.internal.model,StubArchiveApiTypeContainer,StubArchiveApiTypeContainer,4,1,2
eclipse.pde.ui-20120217-1437,org.eclipse.pde.api.tools.internal.model,StubArchiveApiTypeContainer,accept,29,6,1
eclipse.pde.ui-20120217-1437,org.eclipse.pde.api.tools.internal.model,StubArchiveApiTypeContainer,toString,5,1,0
eclipse.pde.ui-20120217-1437,org.eclipse.pde.api.tools.internal.model,StubArchiveApiTypeContainer,close,11,2,0
eclipse.pde.ui-20120217-1437,org.eclipse.pde.api.tools.internal.model,StubArchiveApiTypeContainer,findTypeRoot,16,4,1
eclipse.pde.ui-20120217-1437,org.eclipse.pde.api.tools.internal.model,StubArchiveApiTypeContainer,getPackageNames,13,2,0
eclipse.pde.ui-20120217-1437,org.eclipse.pde.api.tools.internal.model,StubArchiveApiTypeContainer,init,22,5,0
eclipse.pde.ui-20120217-1437,org.eclipse.pde.api.tools.internal.model,StubArchiveApiTypeContainer,open,11,2,0
eclipse.pde.ui-20120217-1437,org.eclipse.pde.api.tools.internal.model,StubArchiveApiTypeContainer,equals,6,2,1
eclipse.pde.ui-20120217-1437,org.eclipse.pde.api.tools.internal.model,StubArchiveApiTypeContainer,hashCode,3,1,0
eclipse.pde.ui-20120217-1437,org.eclipse.pde.api.tools.internal.model,StubArchiveApiTypeContainer,findTypeRoot,3,1,2
eclipse.pde.ui-20120217-1437,org.eclipse.pde.api.tools.internal.model,StubArchiveApiTypeContainer,getContainerType,3,1,0
eclipse.pde.ui-20120217-1437,org.eclipse.pde.api.tools.internal.model,ArchiveApiTypeRoot,getStructure,3,1,0
eclipse.pde.ui-20120217-1437,org.eclipse.pde.api.tools.internal.model,ArchiveApiTypeRoot,ArchiveApiTypeRoot,3,1,2
eclipse.pde.ui-20120217-1437,org.eclipse.pde.api.tools.internal.model,ArchiveApiTypeRoot,getTypeName,6,2,0
eclipse.pde.ui-20120217-1437,org.eclipse.pde.api.tools.internal.model,ArchiveApiTypeRoot,compareTo,3,1,1
eclipse.pde.ui-20120217-1437,org.eclipse.pde.api.tools.internal.model,ArchiveApiTypeRoot,equals,7,2,1
eclipse.pde.ui-20120217-1437,org.eclipse.pde.api.tools.internal.model,ArchiveApiTypeRoot,hashCode,3,1,0
eclipse.pde.ui-20120217-1437,org.eclipse.pde.api.tools.internal.model,ArchiveApiTypeRoot,getContents,32,2,0
eclipse.pde.ui-20120217-1437,org.eclipse.pde.api.tools.internal.model,SystemLibraryApiComponent,SystemLibraryApiComponent,3,1,1
eclipse.pde.ui-20120217-1437,org.eclipse.pde.api.tools.internal.model,SystemLibraryApiComponent,SystemLibraryApiComponent,5,1,3
eclipse.pde.ui-20120217-1437,org.eclipse.pde.api.tools.internal.model,SystemLibraryApiComponent,createApiDescription,15,4,0
eclipse.pde.ui-20120217-1437,org.eclipse.pde.api.tools.internal.model,SystemLibraryApiComponent,createApiFilterStore,3,1,0
eclipse.pde.ui-20120217-1437,org.eclipse.pde.api.tools.internal.model,SystemLibraryApiComponent,createApiTypeContainers,8,2,0
eclipse.pde.ui-20120217-1437,org.eclipse.pde.api.tools.internal.model,SystemLibraryApiComponent,getExecutionEnvironments,3,1,0
eclipse.pde.ui-20120217-1437,org.eclipse.pde.api.tools.internal.model,SystemLibraryApiComponent,getSymbolicName,3,1,0
eclipse.pde.ui-20120217-1437,org.eclipse.pde.api.tools.internal.model,SystemLibraryApiComponent,getLocation,3,1,0
eclipse.pde.ui-20120217-1437,org.eclipse.pde.api.tools.internal.model,SystemLibraryApiComponent,getRequiredComponents,3,1,0
eclipse.pde.ui-20120217-1437,org.eclipse.pde.api.tools.internal.model,SystemLibraryApiComponent,getVersion,3,1,0
eclipse.pde.ui-20120217-1437,org.eclipse.pde.api.tools.internal.model,SystemLibraryApiComponent,init,7,1,1
eclipse.pde.ui-20120217-1437,org.eclipse.pde.api.tools.internal.model,SystemLibraryApiComponent,isSourceComponent,3,1,0
eclipse.pde.ui-20120217-1437,org.eclipse.pde.api.tools.internal.model,SystemLibraryApiComponent,isSystemComponent,3,1,0
eclipse.pde.ui-20120217-1437,org.eclipse.pde.api.tools.internal.model,SystemLibraryApiComponent,isFragment,3,1,0
eclipse.pde.ui-20120217-1437,org.eclipse.pde.api.tools.internal.model,SystemLibraryApiComponent,hasFragments,3,1,0
eclipse.pde.ui-20120217-1437,org.eclipse.pde.api.tools.internal.model,SystemLibraryApiComponent,getOrigin,3,1,0
eclipse.pde.ui-20120217-1437,org.eclipse.pde.api.tools.internal.model,SystemLibraryApiComponent,hasApiDescription,3,1,0
eclipse.pde.ui-20120217-1437,org.eclipse.pde.api.tools.internal.model,SystemLibraryApiComponent,getSystemApiDescription,3,1,1
eclipse.pde.ui-20120217-1437,org.eclipse.pde.api.tools.internal.model,SystemLibraryApiComponent,getLowestEEs,3,1,0
eclipse.pde.ui-20120217-1437,org.eclipse.pde.api.tools.internal.model,SystemLibraryApiComponent,getErrors,3,1,0
eclipse.pde.ui-20120217-1437,org.eclipse.pde.api.tools.internal.model,TypeStructureBuilder,TypeStructureBuilder,5,1,3
eclipse.pde.ui-20120217-1437,org.eclipse.pde.api.tools.internal.model,TypeStructureBuilder,visit,28,6,6
eclipse.pde.ui-20120217-1437,org.eclipse.pde.api.tools.internal.model,TypeStructureBuilder,visitInnerClass,24,7,4
eclipse.pde.ui-20120217-1437,org.eclipse.pde.api.tools.internal.model,TypeStructureBuilder,visitOuterClass,3,1,3
eclipse.pde.ui-20120217-1437,org.eclipse.pde.api.tools.internal.model,TypeStructureBuilder,visitField,9,2,5
eclipse.pde.ui-20120217-1437,org.eclipse.pde.api.tools.internal.model,TypeStructureBuilder,visitMethod,39,5,5
eclipse.pde.ui-20120217-1437,org.eclipse.pde.api.tools.internal.model,TypeStructureBuilder,visitAnnotation,6,2,2
eclipse.pde.ui-20120217-1437,org.eclipse.pde.api.tools.internal.model,TypeStructureBuilder,visitAnnotationDefault,15,1,0
eclipse.pde.ui-20120217-1437,org.eclipse.pde.api.tools.internal.model,TypeStructureBuilder,visitEnd,10,1,0
eclipse.pde.ui-20120217-1437,org.eclipse.pde.api.tools.internal.model,TypeStructureBuilder,buildTypeStructure,11,1,3
eclipse.pde.ui-20120217-1437,org.eclipse.pde.api.tools.internal.model,TypeStructureBuilder,setEnclosingMethod,20,3,2
eclipse.pde.ui-20120217-1437,org.eclipse.pde.api.tools.internal.model,TypeStructureBuilder,EnclosingMethodSetter,4,1,2
eclipse.pde.ui-20120217-1437,org.eclipse.pde.api.tools.internal.model,TypeStructureBuilder,visitMethod,23,6,5
eclipse.pde.ui-20120217-1437,org.eclipse.pde.api.tools.internal.model,TypeStructureBuilder,TypeNameFinder,4,1,2
eclipse.pde.ui-20120217-1437,org.eclipse.pde.api.tools.internal.model,TypeStructureBuilder,visitTypeInsn,5,2,2
eclipse.pde.ui-20120217-1437,org.eclipse.pde.api.tools.internal.model,TypeStructureBuilder,TypeNameFinderInConstructor,3,1,2
eclipse.pde.ui-20120217-1437,org.eclipse.pde.api.tools.internal.model,TypeStructureBuilder,visitFieldInsn,3,1,4
eclipse.pde.ui-20120217-1437,org.eclipse.pde.api.tools.internal.model,TypeStructureBuilder,visitTypeInsn,6,2,2
eclipse.pde.ui-20120217-1437,org.eclipse.pde.api.tools.internal.model,TypeStructureBuilder,visitLineNumber,6,2,2
eclipse.pde.ui-20120217-1437,org.eclipse.pde.api.tools.internal.model,TypeStructureBuilder,visitEnd,7,3,0
eclipse.pde.ui-20120217-1437,org.eclipse.pde.api.tools.internal.model,TypeStructureBuilder,toString,6,1,0
eclipse.pde.ui-20120217-1437,org.eclipse.pde.api.tools.internal.model,TypeStructureBuilder,buildStubTypeStructure,65,9,3
eclipse.pde.ui-20120217-1437,org.eclipse.pde.api.tools.internal.model,EnclosingMethodSetter,EnclosingMethodSetter,4,1,2
eclipse.pde.ui-20120217-1437,org.eclipse.pde.api.tools.internal.model,EnclosingMethodSetter,visitMethod,23,6,5
eclipse.pde.ui-20120217-1437,org.eclipse.pde.api.tools.internal.model,TypeNameFinder,TypeNameFinder,4,1,2
eclipse.pde.ui-20120217-1437,org.eclipse.pde.api.tools.internal.model,TypeNameFinder,visitTypeInsn,5,2,2
eclipse.pde.ui-20120217-1437,org.eclipse.pde.api.tools.internal.model,TypeNameFinderInConstructor,TypeNameFinderInConstructor,3,1,2
eclipse.pde.ui-20120217-1437,org.eclipse.pde.api.tools.internal.model,TypeNameFinderInConstructor,visitFieldInsn,3,1,4
eclipse.pde.ui-20120217-1437,org.eclipse.pde.api.tools.internal.model,TypeNameFinderInConstructor,visitTypeInsn,6,2,2
eclipse.pde.ui-20120217-1437,org.eclipse.pde.api.tools.internal.model,TypeNameFinderInConstructor,visitLineNumber,6,2,2
eclipse.pde.ui-20120217-1437,org.eclipse.pde.api.tools.internal.model,TypeNameFinderInConstructor,visitEnd,7,3,0
eclipse.pde.ui-20120217-1437,org.eclipse.pde.api.tools.internal.model,WorkspaceBaseline,WorkspaceBaseline,3,1,0
eclipse.pde.ui-20120217-1437,org.eclipse.pde.api.tools.internal.model,WorkspaceBaseline,dispose,3,1,0
eclipse.pde.ui-20120217-1437,org.eclipse.pde.api.tools.internal.model,WorkspaceBaseline,getState,3,1,0
eclipse.pde.ui-20120217-1437,org.eclipse.pde.api.tools.internal.model,WorkspaceBaseline,addApiComponents,12,3,1
eclipse.pde.ui-20120217-1437,org.eclipse.pde.api.tools.internal.natures,ApiToolProjectNature,configure,3,1,0
eclipse.pde.ui-20120217-1437,org.eclipse.pde.api.tools.internal.natures,ApiToolProjectNature,deconfigure,3,1,0
eclipse.pde.ui-20120217-1437,org.eclipse.pde.api.tools.internal.natures,ApiToolProjectNature,getProject,3,1,0
eclipse.pde.ui-20120217-1437,org.eclipse.pde.api.tools.internal.natures,ApiToolProjectNature,setProject,3,1,1
eclipse.pde.ui-20120217-1437,org.eclipse.pde.api.tools.internal.natures,ApiToolProjectNature,addToBuildSpec,26,4,1
eclipse.pde.ui-20120217-1437,org.eclipse.pde.api.tools.internal.natures,ApiToolProjectNature,removeFromBuildSpec,14,3,1
eclipse.pde.ui-20120217-1437,org.eclipse.pde.api.tools.internal.problems,ApiProblem,ApiProblem,11,1,9
eclipse.pde.ui-20120217-1437,org.eclipse.pde.api.tools.internal.problems,ApiProblem,getId,3,1,0
eclipse.pde.ui-20120217-1437,org.eclipse.pde.api.tools.internal.problems,ApiProblem,getCategory,3,1,0
eclipse.pde.ui-20120217-1437,org.eclipse.pde.api.tools.internal.problems,ApiProblem,getMessageid,3,1,0
eclipse.pde.ui-20120217-1437,org.eclipse.pde.api.tools.internal.problems,ApiProblem,getFlags,3,1,0
eclipse.pde.ui-20120217-1437,org.eclipse.pde.api.tools.internal.problems,ApiProblem,getKind,3,1,0
eclipse.pde.ui-20120217-1437,org.eclipse.pde.api.tools.internal.problems,ApiProblem,getMessage,6,2,0
eclipse.pde.ui-20120217-1437,org.eclipse.pde.api.tools.internal.problems,ApiProblem,getResourcePath,3,1,0
eclipse.pde.ui-20120217-1437,org.eclipse.pde.api.tools.internal.problems,ApiProblem,getSeverity,6,2,0
eclipse.pde.ui-20120217-1437,org.eclipse.pde.api.tools.internal.problems,ApiProblem,getElementKind,3,1,0
eclipse.pde.ui-20120217-1437,org.eclipse.pde.api.tools.internal.problems,ApiProblem,getLineNumber,3,1,0
eclipse.pde.ui-20120217-1437,org.eclipse.pde.api.tools.internal.problems,ApiProblem,getCharStart,3,1,0
eclipse.pde.ui-20120217-1437,org.eclipse.pde.api.tools.internal.problems,ApiProblem,getCharEnd,3,1,0
eclipse.pde.ui-20120217-1437,org.eclipse.pde.api.tools.internal.problems,ApiProblem,getExtraMarkerAttributeIds,9,3,0
eclipse.pde.ui-20120217-1437,org.eclipse.pde.api.tools.internal.problems,ApiProblem,getExtraMarkerAttributeValues,9,3,0
eclipse.pde.ui-20120217-1437,org.eclipse.pde.api.tools.internal.problems,ApiProblem,getMessageArguments,6,2,0
eclipse.pde.ui-20120217-1437,org.eclipse.pde.api.tools.internal.problems,ApiProblem,equals,32,10,1
eclipse.pde.ui-20120217-1437,org.eclipse.pde.api.tools.internal.problems,ApiProblem,argumentsEqual,14,4,1
eclipse.pde.ui-20120217-1437,org.eclipse.pde.api.tools.internal.problems,ApiProblem,argumentsHashcode,10,3,1
eclipse.pde.ui-20120217-1437,org.eclipse.pde.api.tools.internal.problems,ApiProblem,toString,20,1,0
eclipse.pde.ui-20120217-1437,org.eclipse.pde.api.tools.internal.problems,ApiProblem,hashCode,3,1,0
eclipse.pde.ui-20120217-1437,org.eclipse.pde.api.tools.internal.problems,ApiProblem,getTypeName,3,1,0
eclipse.pde.ui-20120217-1437,org.eclipse.pde.api.tools.internal.problems,ApiProblem,getDescriptorKind,25,6,1
eclipse.pde.ui-20120217-1437,org.eclipse.pde.api.tools.internal.problems,ApiProblem,getTagsProblemKindName,11,4,1
eclipse.pde.ui-20120217-1437,org.eclipse.pde.api.tools.internal.problems,ApiProblem,getUsageProblemKindName,23,10,1
eclipse.pde.ui-20120217-1437,org.eclipse.pde.api.tools.internal.problems,ApiProblem,getVersionProblemKindName,17,7,1
eclipse.pde.ui-20120217-1437,org.eclipse.pde.api.tools.internal.problems,ApiProblem,getApiComponentResolutionProblemKindName,9,2,1
eclipse.pde.ui-20120217-1437,org.eclipse.pde.api.tools.internal.problems,ApiProblem,getApiBaselineProblemKindName,7,2,1
eclipse.pde.ui-20120217-1437,org.eclipse.pde.api.tools.internal.problems,ApiProblem,getApiUseScanProblemKindName,11,4,1
eclipse.pde.ui-20120217-1437,org.eclipse.pde.api.tools.internal.problems,ApiProblem,getProblemKind,33,8,2
eclipse.pde.ui-20120217-1437,org.eclipse.pde.api.tools.internal.problems,ApiProblem,getProblemFlagsName,72,21,2
eclipse.pde.ui-20120217-1437,org.eclipse.pde.api.tools.internal.problems,ApiProblem,getProblemElementKind,19,8,2
eclipse.pde.ui-20120217-1437,org.eclipse.pde.api.tools.internal.problems,ApiProblem,getProblemCategory,20,8,1
eclipse.pde.ui-20120217-1437,org.eclipse.pde.api.tools.internal.problems,ApiProblemFactory,newProblemFilter,3,1,3
eclipse.pde.ui-20120217-1437,org.eclipse.pde.api.tools.internal.problems,ApiProblemFactory,newApiProblem,3,1,12
eclipse.pde.ui-20120217-1437,org.eclipse.pde.api.tools.internal.problems,ApiProblemFactory,newApiProblem,3,1,9
eclipse.pde.ui-20120217-1437,org.eclipse.pde.api.tools.internal.problems,ApiProblemFactory,newApiUsageProblem,4,1,10
eclipse.pde.ui-20120217-1437,org.eclipse.pde.api.tools.internal.problems,ApiProblemFactory,newApiUsageProblem,4,1,11
eclipse.pde.ui-20120217-1437,org.eclipse.pde.api.tools.internal.problems,ApiProblemFactory,newApiBaselineProblem,4,1,5
eclipse.pde.ui-20120217-1437,org.eclipse.pde.api.tools.internal.problems,ApiProblemFactory,newApiComponentResolutionProblem,4,1,6
eclipse.pde.ui-20120217-1437,org.eclipse.pde.api.tools.internal.problems,ApiProblemFactory,newFatalProblem,4,1,3
eclipse.pde.ui-20120217-1437,org.eclipse.pde.api.tools.internal.problems,ApiProblemFactory,newApiSinceTagProblem,4,1,10
eclipse.pde.ui-20120217-1437,org.eclipse.pde.api.tools.internal.problems,ApiProblemFactory,newApiVersionNumberProblem,4,1,10
eclipse.pde.ui-20120217-1437,org.eclipse.pde.api.tools.internal.problems,ApiProblemFactory,newApiUseScanProblem,4,1,11
eclipse.pde.ui-20120217-1437,org.eclipse.pde.api.tools.internal.problems,ApiProblemFactory,getLocalizedMessage,3,1,1
eclipse.pde.ui-20120217-1437,org.eclipse.pde.api.tools.internal.problems,ApiProblemFactory,getLocalizedMessage,23,4,2
eclipse.pde.ui-20120217-1437,org.eclipse.pde.api.tools.internal.problems,ApiProblemFactory,loadMessageTemplates,26,2,1
eclipse.pde.ui-20120217-1437,org.eclipse.pde.api.tools.internal.problems,ApiProblemFactory,createProblemId,3,1,4
eclipse.pde.ui-20120217-1437,org.eclipse.pde.api.tools.internal.problems,ApiProblemFactory,getProblemId,6,2,1
eclipse.pde.ui-20120217-1437,org.eclipse.pde.api.tools.internal.problems,ApiProblemFactory,getProblemKind,3,1,1
eclipse.pde.ui-20120217-1437,org.eclipse.pde.api.tools.internal.problems,ApiProblemFactory,getProblemElementKind,3,1,1
eclipse.pde.ui-20120217-1437,org.eclipse.pde.api.tools.internal.problems,ApiProblemFactory,getProblemFlags,3,1,1
eclipse.pde.ui-20120217-1437,org.eclipse.pde.api.tools.internal.problems,ApiProblemFactory,getProblemCategory,3,1,1
eclipse.pde.ui-20120217-1437,org.eclipse.pde.api.tools.internal.problems,ApiProblemFactory,getProblemMessageId,3,1,1
eclipse.pde.ui-20120217-1437,org.eclipse.pde.api.tools.internal.problems,ApiProblemFactory,getProblemMessageId,346,126,4
eclipse.pde.ui-20120217-1437,org.eclipse.pde.api.tools.internal.problems,ApiProblemFactory,getProblemSeverityId,103,35,1
eclipse.pde.ui-20120217-1437,org.eclipse.pde.api.tools.internal.problems,ApiProblemFilter,ApiProblemFilter,6,1,3
eclipse.pde.ui-20120217-1437,org.eclipse.pde.api.tools.internal.problems,ApiProblemFilter,getComment,3,1,0
eclipse.pde.ui-20120217-1437,org.eclipse.pde.api.tools.internal.problems,ApiProblemFilter,setComment,3,1,1
eclipse.pde.ui-20120217-1437,org.eclipse.pde.api.tools.internal.problems,ApiProblemFilter,getComponentId,3,1,0
eclipse.pde.ui-20120217-1437,org.eclipse.pde.api.tools.internal.problems,ApiProblemFilter,equals,10,3,1
eclipse.pde.ui-20120217-1437,org.eclipse.pde.api.tools.internal.problems,ApiProblemFilter,hashCode,3,1,0
eclipse.pde.ui-20120217-1437,org.eclipse.pde.api.tools.internal.problems,ApiProblemFilter,elementsEqual,3,1,2
eclipse.pde.ui-20120217-1437,org.eclipse.pde.api.tools.internal.problems,ApiProblemFilter,toString,6,1,0
eclipse.pde.ui-20120217-1437,org.eclipse.pde.api.tools.internal.problems,ApiProblemFilter,clone,3,1,0
eclipse.pde.ui-20120217-1437,org.eclipse.pde.api.tools.internal.problems,ApiProblemFilter,getUnderlyingProblem,3,1,0
eclipse.pde.ui-20120217-1437,org.eclipse.pde.api.tools.internal.problems,ApiProblemFilter,getHandle,17,3,0
eclipse.pde.ui-20120217-1437,org.eclipse.pde.api.tools.internal.provisional,ApiDescriptionVisitor,visitElement,3,1,2
eclipse.pde.ui-20120217-1437,org.eclipse.pde.api.tools.internal.provisional,ApiDescriptionVisitor,endVisitElement,2,1,2
eclipse.pde.ui-20120217-1437,org.eclipse.pde.api.tools.internal.provisional,ApiPlugin,ApiPlugin,4,1,0
eclipse.pde.ui-20120217-1437,org.eclipse.pde.api.tools.internal.provisional,ApiPlugin,getDefault,3,1,0
eclipse.pde.ui-20120217-1437,org.eclipse.pde.api.tools.internal.provisional,ApiPlugin,log,48,13,1
eclipse.pde.ui-20120217-1437,org.eclipse.pde.api.tools.internal.provisional,ApiPlugin,log,3,1,1
eclipse.pde.ui-20120217-1437,org.eclipse.pde.api.tools.internal.provisional,ApiPlugin,logErrorMessage,3,1,1
eclipse.pde.ui-20120217-1437,org.eclipse.pde.api.tools.internal.provisional,ApiPlugin,newErrorStatus,3,1,2
eclipse.pde.ui-20120217-1437,org.eclipse.pde.api.tools.internal.provisional,ApiPlugin,isRunningInFramework,3,1,0
eclipse.pde.ui-20120217-1437,org.eclipse.pde.api.tools.internal.provisional,ApiPlugin,getApiBaselineManager,3,1,0
eclipse.pde.ui-20120217-1437,org.eclipse.pde.api.tools.internal.provisional,ApiPlugin,getJavadocTagManager,6,2,0
eclipse.pde.ui-20120217-1437,org.eclipse.pde.api.tools.internal.provisional,ApiPlugin,addSaveParticipant,5,2,1
eclipse.pde.ui-20120217-1437,org.eclipse.pde.api.tools.internal.provisional,ApiPlugin,removeSaveParticipant,5,2,1
eclipse.pde.ui-20120217-1437,org.eclipse.pde.api.tools.internal.provisional,ApiPlugin,doneSaving,7,2,1
eclipse.pde.ui-20120217-1437,org.eclipse.pde.api.tools.internal.provisional,ApiPlugin,prepareToSave,7,2,1
eclipse.pde.ui-20120217-1437,org.eclipse.pde.api.tools.internal.provisional,ApiPlugin,rollback,7,2,1
eclipse.pde.ui-20120217-1437,org.eclipse.pde.api.tools.internal.provisional,ApiPlugin,saving,16,3,1
eclipse.pde.ui-20120217-1437,org.eclipse.pde.api.tools.internal.provisional,ApiPlugin,start,13,1,1
eclipse.pde.ui-20120217-1437,org.eclipse.pde.api.tools.internal.provisional,ApiPlugin,stop,16,2,1
eclipse.pde.ui-20120217-1437,org.eclipse.pde.api.tools.internal.provisional,ApiPlugin,getSeverityLevel,18,4,2
eclipse.pde.ui-20120217-1437,org.eclipse.pde.api.tools.internal.provisional,ApiPlugin,getPreferences,16,5,1
eclipse.pde.ui-20120217-1437,org.eclipse.pde.api.tools.internal.provisional,ApiPlugin,hasProjectSettings,13,2,1
eclipse.pde.ui-20120217-1437,org.eclipse.pde.api.tools.internal.provisional,ApiPlugin,getSessionManager,6,2,0
eclipse.pde.ui-20120217-1437,org.eclipse.pde.api.tools.internal.provisional,ApiPlugin,getEnableState,12,2,2
eclipse.pde.ui-20120217-1437,org.eclipse.pde.api.tools.internal.provisional,ApiPlugin,configurePluginDebugOptions,58,15,0
eclipse.pde.ui-20120217-1437,org.eclipse.pde.api.tools.internal.provisional,ApiPlugin,acquireService,5,2,1
eclipse.pde.ui-20120217-1437,org.eclipse.pde.api.tools.internal.provisional,Factory,componentDescriptor,3,1,1
eclipse.pde.ui-20120217-1437,org.eclipse.pde.api.tools.internal.provisional,Factory,componentDescriptor,3,1,2
eclipse.pde.ui-20120217-1437,org.eclipse.pde.api.tools.internal.provisional,Factory,packageDescriptor,3,1,1
eclipse.pde.ui-20120217-1437,org.eclipse.pde.api.tools.internal.provisional,Factory,typeDescriptor,5,1,1
eclipse.pde.ui-20120217-1437,org.eclipse.pde.api.tools.internal.provisional,Factory,methodDescriptor,4,1,3
eclipse.pde.ui-20120217-1437,org.eclipse.pde.api.tools.internal.provisional,Factory,fieldDescriptor,4,1,2
eclipse.pde.ui-20120217-1437,org.eclipse.pde.api.tools.internal.provisional,Factory,referenceDescriptor,3,1,9
eclipse.pde.ui-20120217-1437,org.eclipse.pde.api.tools.internal.provisional,Factory,newScope,8,2,1
eclipse.pde.ui-20120217-1437,org.eclipse.pde.api.tools.internal.provisional,Factory,newTypeScope,3,1,2
eclipse.pde.ui-20120217-1437,org.eclipse.pde.api.tools.internal.provisional,IApiAccess,getAccessLevel,0,1,0
eclipse.pde.ui-20120217-1437,org.eclipse.pde.api.tools.internal.provisional,IApiAnnotations,getVisibility,0,1,0
eclipse.pde.ui-20120217-1437,org.eclipse.pde.api.tools.internal.provisional,IApiAnnotations,getRestrictions,0,1,0
eclipse.pde.ui-20120217-1437,org.eclipse.pde.api.tools.internal.provisional,IApiBaselineManager,addApiBaseline,0,1,1
eclipse.pde.ui-20120217-1437,org.eclipse.pde.api.tools.internal.provisional,IApiBaselineManager,getApiBaselines,0,1,0
eclipse.pde.ui-20120217-1437,org.eclipse.pde.api.tools.internal.provisional,IApiBaselineManager,getApiBaseline,0,1,1
eclipse.pde.ui-20120217-1437,org.eclipse.pde.api.tools.internal.provisional,IApiBaselineManager,removeApiBaseline,0,1,1
eclipse.pde.ui-20120217-1437,org.eclipse.pde.api.tools.internal.provisional,IApiBaselineManager,setDefaultApiBaseline,0,1,1
eclipse.pde.ui-20120217-1437,org.eclipse.pde.api.tools.internal.provisional,IApiBaselineManager,getDefaultApiBaseline,0,1,0
eclipse.pde.ui-20120217-1437,org.eclipse.pde.api.tools.internal.provisional,IApiBaselineManager,getWorkspaceBaseline,0,1,0
eclipse.pde.ui-20120217-1437,org.eclipse.pde.api.tools.internal.provisional,IApiBaselineManager,getWorkspaceComponent,0,1,1
eclipse.pde.ui-20120217-1437,org.eclipse.pde.api.tools.internal.provisional,IApiDescription,setVisibility,0,1,2
eclipse.pde.ui-20120217-1437,org.eclipse.pde.api.tools.internal.provisional,IApiDescription,setRestrictions,0,1,2
eclipse.pde.ui-20120217-1437,org.eclipse.pde.api.tools.internal.provisional,IApiDescription,setSuperclass,0,1,2
eclipse.pde.ui-20120217-1437,org.eclipse.pde.api.tools.internal.provisional,IApiDescription,setSuperinterfaces,0,1,2
eclipse.pde.ui-20120217-1437,org.eclipse.pde.api.tools.internal.provisional,IApiDescription,setInterface,0,1,2
eclipse.pde.ui-20120217-1437,org.eclipse.pde.api.tools.internal.provisional,IApiDescription,setAddedProfile,0,1,2
eclipse.pde.ui-20120217-1437,org.eclipse.pde.api.tools.internal.provisional,IApiDescription,setRemovedProfile,0,1,2
eclipse.pde.ui-20120217-1437,org.eclipse.pde.api.tools.internal.provisional,IApiDescription,resolveAnnotations,0,1,1
eclipse.pde.ui-20120217-1437,org.eclipse.pde.api.tools.internal.provisional,IApiDescription,resolveAccessLevel,0,1,2
eclipse.pde.ui-20120217-1437,org.eclipse.pde.api.tools.internal.provisional,IApiDescription,setAccessLevel,0,1,3
eclipse.pde.ui-20120217-1437,org.eclipse.pde.api.tools.internal.provisional,IApiDescription,accept,0,1,2
eclipse.pde.ui-20120217-1437,org.eclipse.pde.api.tools.internal.provisional,IApiDescription,accept,0,1,3
eclipse.pde.ui-20120217-1437,org.eclipse.pde.api.tools.internal.provisional,IApiFilterStore,addFilters,0,1,1
eclipse.pde.ui-20120217-1437,org.eclipse.pde.api.tools.internal.provisional,IApiFilterStore,addFiltersFor,0,1,1
eclipse.pde.ui-20120217-1437,org.eclipse.pde.api.tools.internal.provisional,IApiFilterStore,getFilters,0,1,1
eclipse.pde.ui-20120217-1437,org.eclipse.pde.api.tools.internal.provisional,IApiFilterStore,getResources,0,1,0
eclipse.pde.ui-20120217-1437,org.eclipse.pde.api.tools.internal.provisional,IApiFilterStore,removeFilters,0,1,1
eclipse.pde.ui-20120217-1437,org.eclipse.pde.api.tools.internal.provisional,IApiFilterStore,isFiltered,0,1,1
eclipse.pde.ui-20120217-1437,org.eclipse.pde.api.tools.internal.provisional,IApiFilterStore,dispose,0,1,0
eclipse.pde.ui-20120217-1437,org.eclipse.pde.api.tools.internal.provisional,IApiJavadocTag,getRestrictionModifier,0,1,0
eclipse.pde.ui-20120217-1437,org.eclipse.pde.api.tools.internal.provisional,IApiJavadocTag,getTagName,0,1,0
eclipse.pde.ui-20120217-1437,org.eclipse.pde.api.tools.internal.provisional,IApiJavadocTag,getCompleteTag,0,1,2
eclipse.pde.ui-20120217-1437,org.eclipse.pde.api.tools.internal.provisional,IApiJavadocTag,isApplicable,0,1,2
eclipse.pde.ui-20120217-1437,org.eclipse.pde.api.tools.internal.provisional,IApiJavadocTag,setApplicableTo,0,1,3
eclipse.pde.ui-20120217-1437,org.eclipse.pde.api.tools.internal.provisional,IRequiredComponentDescription,getId,0,1,0
eclipse.pde.ui-20120217-1437,org.eclipse.pde.api.tools.internal.provisional,IRequiredComponentDescription,getVersionRange,0,1,0
eclipse.pde.ui-20120217-1437,org.eclipse.pde.api.tools.internal.provisional,IRequiredComponentDescription,isOptional,0,1,0
eclipse.pde.ui-20120217-1437,org.eclipse.pde.api.tools.internal.provisional,IRequiredComponentDescription,isExported,0,1,0
eclipse.pde.ui-20120217-1437,org.eclipse.pde.api.tools.internal.provisional,ISession,getModel,0,1,0
eclipse.pde.ui-20120217-1437,org.eclipse.pde.api.tools.internal.provisional,ISession,getDescription,0,1,0
eclipse.pde.ui-20120217-1437,org.eclipse.pde.api.tools.internal.provisional,ISessionListener,sessionAdded,0,1,1
eclipse.pde.ui-20120217-1437,org.eclipse.pde.api.tools.internal.provisional,ISessionListener,sessionRemoved,0,1,1
eclipse.pde.ui-20120217-1437,org.eclipse.pde.api.tools.internal.provisional,ISessionListener,sessionActivated,0,1,1
eclipse.pde.ui-20120217-1437,org.eclipse.pde.api.tools.internal.provisional,ISessionManager,addSession,0,1,2
eclipse.pde.ui-20120217-1437,org.eclipse.pde.api.tools.internal.provisional,ISessionManager,removeSession,0,1,1
eclipse.pde.ui-20120217-1437,org.eclipse.pde.api.tools.internal.provisional,ISessionManager,removeAllSessions,0,1,0
eclipse.pde.ui-20120217-1437,org.eclipse.pde.api.tools.internal.provisional,ISessionManager,getSessions,0,1,0
eclipse.pde.ui-20120217-1437,org.eclipse.pde.api.tools.internal.provisional,ISessionManager,addSessionListener,0,1,1
eclipse.pde.ui-20120217-1437,org.eclipse.pde.api.tools.internal.provisional,ISessionManager,removeSessionListener,0,1,1
eclipse.pde.ui-20120217-1437,org.eclipse.pde.api.tools.internal.provisional,ISessionManager,getActiveSession,0,1,0
eclipse.pde.ui-20120217-1437,org.eclipse.pde.api.tools.internal.provisional,ISessionManager,activateSession,0,1,1
eclipse.pde.ui-20120217-1437,org.eclipse.pde.api.tools.internal.provisional,ITreeModel,getRoot,0,1,0
eclipse.pde.ui-20120217-1437,org.eclipse.pde.api.tools.internal.provisional,ITreeNode,getChildren,0,1,0
eclipse.pde.ui-20120217-1437,org.eclipse.pde.api.tools.internal.provisional,ITreeNode,hasChildren,0,1,0
eclipse.pde.ui-20120217-1437,org.eclipse.pde.api.tools.internal.provisional,ITreeNode,getId,0,1,0
eclipse.pde.ui-20120217-1437,org.eclipse.pde.api.tools.internal.provisional,ITreeNode,getData,0,1,0
eclipse.pde.ui-20120217-1437,org.eclipse.pde.api.tools.internal.provisional,IVersionRange,getMinimumVersion,0,1,0
eclipse.pde.ui-20120217-1437,org.eclipse.pde.api.tools.internal.provisional,IVersionRange,isIncludeMinimum,0,1,0
eclipse.pde.ui-20120217-1437,org.eclipse.pde.api.tools.internal.provisional,IVersionRange,getMaximumVersion,0,1,0
eclipse.pde.ui-20120217-1437,org.eclipse.pde.api.tools.internal.provisional,IVersionRange,isIncludeMaximum,0,1,0
eclipse.pde.ui-20120217-1437,org.eclipse.pde.api.tools.internal.provisional,IVersionRange,isIncluded,0,1,1
eclipse.pde.ui-20120217-1437,org.eclipse.pde.api.tools.internal.provisional,ProfileModifiers,ProfileModifiers,2,1,0
eclipse.pde.ui-20120217-1437,org.eclipse.pde.api.tools.internal.provisional,ProfileModifiers,isCDC_1_0_FOUNDATION_1_0,3,1,1
eclipse.pde.ui-20120217-1437,org.eclipse.pde.api.tools.internal.provisional,ProfileModifiers,isCDC_1_1_FOUNDATION_1_1,3,1,1
eclipse.pde.ui-20120217-1437,org.eclipse.pde.api.tools.internal.provisional,ProfileModifiers,isJ2SE_1_2,3,1,1
eclipse.pde.ui-20120217-1437,org.eclipse.pde.api.tools.internal.provisional,ProfileModifiers,isJ2SE_1_3,3,1,1
eclipse.pde.ui-20120217-1437,org.eclipse.pde.api.tools.internal.provisional,ProfileModifiers,isJ2SE_1_4,3,1,1
eclipse.pde.ui-20120217-1437,org.eclipse.pde.api.tools.internal.provisional,ProfileModifiers,isJ2SE_1_5,3,1,1
eclipse.pde.ui-20120217-1437,org.eclipse.pde.api.tools.internal.provisional,ProfileModifiers,isJAVASE_1_6,3,1,1
eclipse.pde.ui-20120217-1437,org.eclipse.pde.api.tools.internal.provisional,ProfileModifiers,isJAVASE_1_7,3,1,1
eclipse.pde.ui-20120217-1437,org.eclipse.pde.api.tools.internal.provisional,ProfileModifiers,isJRE_1_1,3,1,1
eclipse.pde.ui-20120217-1437,org.eclipse.pde.api.tools.internal.provisional,ProfileModifiers,isOSGI_MINIMUM_1_0,3,1,1
eclipse.pde.ui-20120217-1437,org.eclipse.pde.api.tools.internal.provisional,ProfileModifiers,isOSGI_MINIMUM_1_1,3,1,1
eclipse.pde.ui-20120217-1437,org.eclipse.pde.api.tools.internal.provisional,ProfileModifiers,isOSGI_MINIMUM_1_2,3,1,1
eclipse.pde.ui-20120217-1437,org.eclipse.pde.api.tools.internal.provisional,ProfileModifiers,getValue,42,14,1
eclipse.pde.ui-20120217-1437,org.eclipse.pde.api.tools.internal.provisional,ProfileModifiers,getName,30,13,1
eclipse.pde.ui-20120217-1437,org.eclipse.pde.api.tools.internal.provisional,ProfileModifiers,isJRE,3,1,1
eclipse.pde.ui-20120217-1437,org.eclipse.pde.api.tools.internal.provisional,ProfileModifiers,isJRE,4,1,1
eclipse.pde.ui-20120217-1437,org.eclipse.pde.api.tools.internal.provisional,ProfileModifiers,isOSGi,4,1,1
eclipse.pde.ui-20120217-1437,org.eclipse.pde.api.tools.internal.provisional,ProfileModifiers,isOSGi,3,1,1
eclipse.pde.ui-20120217-1437,org.eclipse.pde.api.tools.internal.provisional,ProfileModifiers,isCDC_Foundation,4,1,1
eclipse.pde.ui-20120217-1437,org.eclipse.pde.api.tools.internal.provisional,ProfileModifiers,isCDC_Foundation,3,1,1
eclipse.pde.ui-20120217-1437,org.eclipse.pde.api.tools.internal.provisional,ProfileModifiers,getAllIds,3,1,0
eclipse.pde.ui-20120217-1437,org.eclipse.pde.api.tools.internal.provisional,RestrictionModifiers,RestrictionModifiers,2,1,0
eclipse.pde.ui-20120217-1437,org.eclipse.pde.api.tools.internal.provisional,RestrictionModifiers,isImplementRestriction,3,1,1
eclipse.pde.ui-20120217-1437,org.eclipse.pde.api.tools.internal.provisional,RestrictionModifiers,isExtendRestriction,3,1,1
eclipse.pde.ui-20120217-1437,org.eclipse.pde.api.tools.internal.provisional,RestrictionModifiers,isOverrideRestriction,3,1,1
eclipse.pde.ui-20120217-1437,org.eclipse.pde.api.tools.internal.provisional,RestrictionModifiers,isInstantiateRestriction,3,1,1
eclipse.pde.ui-20120217-1437,org.eclipse.pde.api.tools.internal.provisional,RestrictionModifiers,isReferenceRestriction,3,1,1
eclipse.pde.ui-20120217-1437,org.eclipse.pde.api.tools.internal.provisional,RestrictionModifiers,isUnrestricted,3,1,1
eclipse.pde.ui-20120217-1437,org.eclipse.pde.api.tools.internal.provisional,RestrictionModifiers,getRestrictionText,48,15,1
eclipse.pde.ui-20120217-1437,org.eclipse.pde.api.tools.internal.provisional,VisibilityModifiers,VisibilityModifiers,2,1,0
eclipse.pde.ui-20120217-1437,org.eclipse.pde.api.tools.internal.provisional,VisibilityModifiers,isAPI,3,1,1
eclipse.pde.ui-20120217-1437,org.eclipse.pde.api.tools.internal.provisional,VisibilityModifiers,isSPI,3,1,1
eclipse.pde.ui-20120217-1437,org.eclipse.pde.api.tools.internal.provisional,VisibilityModifiers,isPrivate,3,1,1
eclipse.pde.ui-20120217-1437,org.eclipse.pde.api.tools.internal.provisional,VisibilityModifiers,isPermissiblePrivate,3,1,1
eclipse.pde.ui-20120217-1437,org.eclipse.pde.api.tools.internal.provisional,VisibilityModifiers,getVisibilityName,37,9,1
eclipse.pde.ui-20120217-1437,org.eclipse.pde.api.tools.internal.provisional.builder,IApiAnalyzer,analyzeComponent,0,1,7
eclipse.pde.ui-20120217-1437,org.eclipse.pde.api.tools.internal.provisional.builder,IApiAnalyzer,getProblems,0,1,0
eclipse.pde.ui-20120217-1437,org.eclipse.pde.api.tools.internal.provisional.builder,IApiAnalyzer,dispose,0,1,0
eclipse.pde.ui-20120217-1437,org.eclipse.pde.api.tools.internal.provisional.builder,IApiProblemDetector,getReferenceKinds,0,1,0
eclipse.pde.ui-20120217-1437,org.eclipse.pde.api.tools.internal.provisional.builder,IApiProblemDetector,considerReference,0,1,1
eclipse.pde.ui-20120217-1437,org.eclipse.pde.api.tools.internal.provisional.builder,IApiProblemDetector,createProblems,0,1,0
eclipse.pde.ui-20120217-1437,org.eclipse.pde.api.tools.internal.provisional.builder,IBuildContext,getStructurallyChangedTypes,0,1,0
eclipse.pde.ui-20120217-1437,org.eclipse.pde.api.tools.internal.provisional.builder,IBuildContext,getDescriptionChangedTypes,0,1,0
eclipse.pde.ui-20120217-1437,org.eclipse.pde.api.tools.internal.provisional.builder,IBuildContext,getRemovedTypes,0,1,0
eclipse.pde.ui-20120217-1437,org.eclipse.pde.api.tools.internal.provisional.builder,IBuildContext,getDescriptionDependentTypes,0,1,0
eclipse.pde.ui-20120217-1437,org.eclipse.pde.api.tools.internal.provisional.builder,IBuildContext,dispose,0,1,0
eclipse.pde.ui-20120217-1437,org.eclipse.pde.api.tools.internal.provisional.builder,IBuildContext,hasStructuralChanges,0,1,0
eclipse.pde.ui-20120217-1437,org.eclipse.pde.api.tools.internal.provisional.builder,IBuildContext,hasDescriptionChanges,0,1,0
eclipse.pde.ui-20120217-1437,org.eclipse.pde.api.tools.internal.provisional.builder,IBuildContext,hasDescriptionDependents,0,1,0
eclipse.pde.ui-20120217-1437,org.eclipse.pde.api.tools.internal.provisional.builder,IBuildContext,hasRemovedTypes,0,1,0
eclipse.pde.ui-20120217-1437,org.eclipse.pde.api.tools.internal.provisional.builder,IBuildContext,hasTypes,0,1,0
eclipse.pde.ui-20120217-1437,org.eclipse.pde.api.tools.internal.provisional.builder,IBuildContext,containsDescriptionChange,0,1,1
eclipse.pde.ui-20120217-1437,org.eclipse.pde.api.tools.internal.provisional.builder,IBuildContext,containsDescriptionDependent,0,1,1
eclipse.pde.ui-20120217-1437,org.eclipse.pde.api.tools.internal.provisional.builder,IBuildContext,containsStructuralChange,0,1,1
eclipse.pde.ui-20120217-1437,org.eclipse.pde.api.tools.internal.provisional.builder,IBuildContext,containsRemovedType,0,1,1
eclipse.pde.ui-20120217-1437,org.eclipse.pde.api.tools.internal.provisional.builder,IReference,getLineNumber,0,1,0
eclipse.pde.ui-20120217-1437,org.eclipse.pde.api.tools.internal.provisional.builder,IReference,getMember,0,1,0
eclipse.pde.ui-20120217-1437,org.eclipse.pde.api.tools.internal.provisional.builder,IReference,getReferenceKind,0,1,0
eclipse.pde.ui-20120217-1437,org.eclipse.pde.api.tools.internal.provisional.builder,IReference,getReferenceFlags,0,1,0
eclipse.pde.ui-20120217-1437,org.eclipse.pde.api.tools.internal.provisional.builder,IReference,getReferenceType,0,1,0
eclipse.pde.ui-20120217-1437,org.eclipse.pde.api.tools.internal.provisional.builder,IReference,getReferencedTypeName,0,1,0
eclipse.pde.ui-20120217-1437,org.eclipse.pde.api.tools.internal.provisional.builder,IReference,getReferencedMemberName,0,1,0
eclipse.pde.ui-20120217-1437,org.eclipse.pde.api.tools.internal.provisional.builder,IReference,getReferencedSignature,0,1,0
eclipse.pde.ui-20120217-1437,org.eclipse.pde.api.tools.internal.provisional.builder,IReference,getResolvedReference,0,1,0
eclipse.pde.ui-20120217-1437,org.eclipse.pde.api.tools.internal.provisional.comparator,ApiComparator,checkBundleVersionChanges,23,4,4
eclipse.pde.ui-20120217-1437,org.eclipse.pde.api.tools.internal.provisional.comparator,ApiComparator,compare,62,12,5
eclipse.pde.ui-20120217-1437,org.eclipse.pde.api.tools.internal.provisional.comparator,ApiComparator,compare,40,8,5
eclipse.pde.ui-20120217-1437,org.eclipse.pde.api.tools.internal.provisional.comparator,ApiComparator,compare,43,8,6
eclipse.pde.ui-20120217-1437,org.eclipse.pde.api.tools.internal.provisional.comparator,ApiComparator,compare,9,1,4
eclipse.pde.ui-20120217-1437,org.eclipse.pde.api.tools.internal.provisional.comparator,ApiComparator,compare,88,19,8
eclipse.pde.ui-20120217-1437,org.eclipse.pde.api.tools.internal.provisional.comparator,ApiComparator,compare,26,6,8
eclipse.pde.ui-20120217-1437,org.eclipse.pde.api.tools.internal.provisional.comparator,ApiComparator,compare,45,15,5
eclipse.pde.ui-20120217-1437,org.eclipse.pde.api.tools.internal.provisional.comparator,ApiComparator,endVisit,16,11,1
eclipse.pde.ui-20120217-1437,org.eclipse.pde.api.tools.internal.provisional.comparator,ApiComparator,filterType,11,4,3
eclipse.pde.ui-20120217-1437,org.eclipse.pde.api.tools.internal.provisional.comparator,ApiComparator,internalCompare,352,64,7
eclipse.pde.ui-20120217-1437,org.eclipse.pde.api.tools.internal.provisional.comparator,ApiComparator,visit,114,25,2
eclipse.pde.ui-20120217-1437,org.eclipse.pde.api.tools.internal.provisional.comparator,ApiComparator,visit,78,17,2
eclipse.pde.ui-20120217-1437,org.eclipse.pde.api.tools.internal.provisional.comparator,ApiComparator,visit,23,4,2
eclipse.pde.ui-20120217-1437,org.eclipse.pde.api.tools.internal.provisional.comparator,ApiComparator,visit,22,4,2
eclipse.pde.ui-20120217-1437,org.eclipse.pde.api.tools.internal.provisional.comparator,ApiComparator,setDebug,3,1,1
eclipse.pde.ui-20120217-1437,org.eclipse.pde.api.tools.internal.provisional.comparator,ApiScope,accept,39,6,1
eclipse.pde.ui-20120217-1437,org.eclipse.pde.api.tools.internal.provisional.comparator,ApiScope,addElement,6,2,1
eclipse.pde.ui-20120217-1437,org.eclipse.pde.api.tools.internal.provisional.comparator,ApiScope,encloses,13,4,1
eclipse.pde.ui-20120217-1437,org.eclipse.pde.api.tools.internal.provisional.comparator,ApiScope,getApiElements,6,2,0
eclipse.pde.ui-20120217-1437,org.eclipse.pde.api.tools.internal.provisional.comparator,CompareApiScopeVisitor,CompareApiScopeVisitor,7,1,5
eclipse.pde.ui-20120217-1437,org.eclipse.pde.api.tools.internal.provisional.comparator,CompareApiScopeVisitor,visit,23,3,1
eclipse.pde.ui-20120217-1437,org.eclipse.pde.api.tools.internal.provisional.comparator,CompareApiScopeVisitor,endVisit,5,2,1
eclipse.pde.ui-20120217-1437,org.eclipse.pde.api.tools.internal.provisional.comparator,CompareApiScopeVisitor,visit,21,1,1
eclipse.pde.ui-20120217-1437,org.eclipse.pde.api.tools.internal.provisional.comparator,CompareApiScopeVisitor,visit,9,1,2
eclipse.pde.ui-20120217-1437,org.eclipse.pde.api.tools.internal.provisional.comparator,CompareApiScopeVisitor,visit,40,7,1
eclipse.pde.ui-20120217-1437,org.eclipse.pde.api.tools.internal.provisional.comparator,CompareApiScopeVisitor,endVisit,5,2,1
eclipse.pde.ui-20120217-1437,org.eclipse.pde.api.tools.internal.provisional.comparator,CompareApiScopeVisitor,visit,9,1,1
eclipse.pde.ui-20120217-1437,org.eclipse.pde.api.tools.internal.provisional.comparator,CompareApiScopeVisitor,compareApiTypeRoot,31,7,1
eclipse.pde.ui-20120217-1437,org.eclipse.pde.api.tools.internal.provisional.comparator,CompareApiScopeVisitor,endVisit,5,2,1
eclipse.pde.ui-20120217-1437,org.eclipse.pde.api.tools.internal.provisional.comparator,CompareApiScopeVisitor,containsError,3,1,0
eclipse.pde.ui-20120217-1437,org.eclipse.pde.api.tools.internal.provisional.comparator,DeltaProcessor,isCompatible,23,4,1
eclipse.pde.ui-20120217-1437,org.eclipse.pde.api.tools.internal.provisional.comparator,DeltaProcessor,visit,4,2,1
eclipse.pde.ui-20120217-1437,org.eclipse.pde.api.tools.internal.provisional.comparator,DeltaProcessor,endVisit,5,2,1
eclipse.pde.ui-20120217-1437,org.eclipse.pde.api.tools.internal.provisional.comparator,DeltaProcessor,isCompatible0,45,11,1
eclipse.pde.ui-20120217-1437,org.eclipse.pde.api.tools.internal.provisional.comparator,DeltaProcessor,isApiProfileCompatible,10,3,1
eclipse.pde.ui-20120217-1437,org.eclipse.pde.api.tools.internal.provisional.comparator,DeltaProcessor,isApiComponentCompatible,14,6,1
eclipse.pde.ui-20120217-1437,org.eclipse.pde.api.tools.internal.provisional.comparator,DeltaProcessor,isAnnotationCompatible,33,17,1
eclipse.pde.ui-20120217-1437,org.eclipse.pde.api.tools.internal.provisional.comparator,DeltaProcessor,isMethodCompatible,39,16,1
eclipse.pde.ui-20120217-1437,org.eclipse.pde.api.tools.internal.provisional.comparator,DeltaProcessor,isFieldCompatible,59,23,1
eclipse.pde.ui-20120217-1437,org.eclipse.pde.api.tools.internal.provisional.comparator,DeltaProcessor,isConstructorCompatible,32,12,1
eclipse.pde.ui-20120217-1437,org.eclipse.pde.api.tools.internal.provisional.comparator,DeltaProcessor,isEnumCompatible,40,20,1
eclipse.pde.ui-20120217-1437,org.eclipse.pde.api.tools.internal.provisional.comparator,DeltaProcessor,isClassCompatible,68,31,1
eclipse.pde.ui-20120217-1437,org.eclipse.pde.api.tools.internal.provisional.comparator,DeltaProcessor,isTypeParameterCompatible,26,10,1
eclipse.pde.ui-20120217-1437,org.eclipse.pde.api.tools.internal.provisional.comparator,DeltaProcessor,isInterfaceCompatible,37,18,1
eclipse.pde.ui-20120217-1437,org.eclipse.pde.api.tools.internal.provisional.comparator,CompatibleVisitor,visit,4,2,1
eclipse.pde.ui-20120217-1437,org.eclipse.pde.api.tools.internal.provisional.comparator,CompatibleVisitor,endVisit,5,2,1
eclipse.pde.ui-20120217-1437,org.eclipse.pde.api.tools.internal.provisional.comparator,DeltaVisitor,visit,3,1,1
eclipse.pde.ui-20120217-1437,org.eclipse.pde.api.tools.internal.provisional.comparator,DeltaVisitor,endVisit,2,1,1
eclipse.pde.ui-20120217-1437,org.eclipse.pde.api.tools.internal.provisional.comparator,IDelta,isEmpty,0,1,0
eclipse.pde.ui-20120217-1437,org.eclipse.pde.api.tools.internal.provisional.comparator,IDelta,getKey,0,1,0
eclipse.pde.ui-20120217-1437,org.eclipse.pde.api.tools.internal.provisional.comparator,IDelta,getKind,0,1,0
eclipse.pde.ui-20120217-1437,org.eclipse.pde.api.tools.internal.provisional.comparator,IDelta,getFlags,0,1,0
eclipse.pde.ui-20120217-1437,org.eclipse.pde.api.tools.internal.provisional.comparator,IDelta,getElementType,0,1,0
eclipse.pde.ui-20120217-1437,org.eclipse.pde.api.tools.internal.provisional.comparator,IDelta,getChildren,0,1,0
eclipse.pde.ui-20120217-1437,org.eclipse.pde.api.tools.internal.provisional.comparator,IDelta,accept,0,1,1
eclipse.pde.ui-20120217-1437,org.eclipse.pde.api.tools.internal.provisional.comparator,IDelta,getTypeName,0,1,0
eclipse.pde.ui-20120217-1437,org.eclipse.pde.api.tools.internal.provisional.comparator,IDelta,getMessage,0,1,0
eclipse.pde.ui-20120217-1437,org.eclipse.pde.api.tools.internal.provisional.comparator,IDelta,getArguments,0,1,0
eclipse.pde.ui-20120217-1437,org.eclipse.pde.api.tools.internal.provisional.comparator,IDelta,getCurrentRestrictions,0,1,0
eclipse.pde.ui-20120217-1437,org.eclipse.pde.api.tools.internal.provisional.comparator,IDelta,getPreviousRestrictions,0,1,0
eclipse.pde.ui-20120217-1437,org.eclipse.pde.api.tools.internal.provisional.comparator,IDelta,getNewModifiers,0,1,0
eclipse.pde.ui-20120217-1437,org.eclipse.pde.api.tools.internal.provisional.comparator,IDelta,getOldModifiers,0,1,0
eclipse.pde.ui-20120217-1437,org.eclipse.pde.api.tools.internal.provisional.comparator,IDelta,getComponentVersionId,0,1,0
eclipse.pde.ui-20120217-1437,org.eclipse.pde.api.tools.internal.provisional.comparator,IDelta,getComponentId,0,1,0
eclipse.pde.ui-20120217-1437,org.eclipse.pde.api.tools.internal.provisional.descriptors,IComponentDescriptor,getId,0,1,0
eclipse.pde.ui-20120217-1437,org.eclipse.pde.api.tools.internal.provisional.descriptors,IComponentDescriptor,getVersion,0,1,0
eclipse.pde.ui-20120217-1437,org.eclipse.pde.api.tools.internal.provisional.descriptors,IElementDescriptor,getParent,0,1,0
eclipse.pde.ui-20120217-1437,org.eclipse.pde.api.tools.internal.provisional.descriptors,IElementDescriptor,getPath,0,1,0
eclipse.pde.ui-20120217-1437,org.eclipse.pde.api.tools.internal.provisional.descriptors,IElementDescriptor,getElementType,0,1,0
eclipse.pde.ui-20120217-1437,org.eclipse.pde.api.tools.internal.provisional.descriptors,IMemberDescriptor,getName,0,1,0
eclipse.pde.ui-20120217-1437,org.eclipse.pde.api.tools.internal.provisional.descriptors,IMemberDescriptor,getEnclosingType,0,1,0
eclipse.pde.ui-20120217-1437,org.eclipse.pde.api.tools.internal.provisional.descriptors,IMemberDescriptor,getPackage,0,1,0
eclipse.pde.ui-20120217-1437,org.eclipse.pde.api.tools.internal.provisional.descriptors,IMethodDescriptor,getSignature,0,1,0
eclipse.pde.ui-20120217-1437,org.eclipse.pde.api.tools.internal.provisional.descriptors,IMethodDescriptor,isConstructor,0,1,0
eclipse.pde.ui-20120217-1437,org.eclipse.pde.api.tools.internal.provisional.descriptors,IPackageDescriptor,getName,0,1,0
eclipse.pde.ui-20120217-1437,org.eclipse.pde.api.tools.internal.provisional.descriptors,IPackageDescriptor,getType,0,1,1
eclipse.pde.ui-20120217-1437,org.eclipse.pde.api.tools.internal.provisional.descriptors,IPackageDescriptor,getType,0,1,2
eclipse.pde.ui-20120217-1437,org.eclipse.pde.api.tools.internal.provisional.descriptors,IReferenceTypeDescriptor,getQualifiedName,0,1,0
eclipse.pde.ui-20120217-1437,org.eclipse.pde.api.tools.internal.provisional.descriptors,IReferenceTypeDescriptor,getSignature,0,1,0
eclipse.pde.ui-20120217-1437,org.eclipse.pde.api.tools.internal.provisional.descriptors,IReferenceTypeDescriptor,getGenericSignature,0,1,0
eclipse.pde.ui-20120217-1437,org.eclipse.pde.api.tools.internal.provisional.descriptors,IReferenceTypeDescriptor,getPackage,0,1,0
eclipse.pde.ui-20120217-1437,org.eclipse.pde.api.tools.internal.provisional.descriptors,IReferenceTypeDescriptor,getType,0,1,1
eclipse.pde.ui-20120217-1437,org.eclipse.pde.api.tools.internal.provisional.descriptors,IReferenceTypeDescriptor,getField,0,1,1
eclipse.pde.ui-20120217-1437,org.eclipse.pde.api.tools.internal.provisional.descriptors,IReferenceTypeDescriptor,getMethod,0,1,2
eclipse.pde.ui-20120217-1437,org.eclipse.pde.api.tools.internal.provisional.descriptors,IReferenceTypeDescriptor,isAnonymous,0,1,0
eclipse.pde.ui-20120217-1437,org.eclipse.pde.api.tools.internal.provisional.model,ApiScopeVisitor,endVisit,2,1,1
eclipse.pde.ui-20120217-1437,org.eclipse.pde.api.tools.internal.provisional.model,ApiScopeVisitor,endVisit,2,1,1
eclipse.pde.ui-20120217-1437,org.eclipse.pde.api.tools.internal.provisional.model,ApiScopeVisitor,endVisit,2,1,1
eclipse.pde.ui-20120217-1437,org.eclipse.pde.api.tools.internal.provisional.model,ApiScopeVisitor,endVisit,2,1,1
eclipse.pde.ui-20120217-1437,org.eclipse.pde.api.tools.internal.provisional.model,ApiScopeVisitor,visit,3,1,1
eclipse.pde.ui-20120217-1437,org.eclipse.pde.api.tools.internal.provisional.model,ApiScopeVisitor,visit,3,1,1
eclipse.pde.ui-20120217-1437,org.eclipse.pde.api.tools.internal.provisional.model,ApiScopeVisitor,visit,3,1,1
eclipse.pde.ui-20120217-1437,org.eclipse.pde.api.tools.internal.provisional.model,ApiScopeVisitor,visit,2,1,1
eclipse.pde.ui-20120217-1437,org.eclipse.pde.api.tools.internal.provisional.model,ApiTypeContainerVisitor,visit,3,1,1
eclipse.pde.ui-20120217-1437,org.eclipse.pde.api.tools.internal.provisional.model,ApiTypeContainerVisitor,end,2,1,1
eclipse.pde.ui-20120217-1437,org.eclipse.pde.api.tools.internal.provisional.model,ApiTypeContainerVisitor,visit,3,1,1
eclipse.pde.ui-20120217-1437,org.eclipse.pde.api.tools.internal.provisional.model,ApiTypeContainerVisitor,end,2,1,1
eclipse.pde.ui-20120217-1437,org.eclipse.pde.api.tools.internal.provisional.model,ApiTypeContainerVisitor,visitPackage,3,1,1
eclipse.pde.ui-20120217-1437,org.eclipse.pde.api.tools.internal.provisional.model,ApiTypeContainerVisitor,endVisitPackage,2,1,1
eclipse.pde.ui-20120217-1437,org.eclipse.pde.api.tools.internal.provisional.model,ApiTypeContainerVisitor,visit,2,1,2
eclipse.pde.ui-20120217-1437,org.eclipse.pde.api.tools.internal.provisional.model,ApiTypeContainerVisitor,end,2,1,2
eclipse.pde.ui-20120217-1437,org.eclipse.pde.api.tools.internal.provisional.model,IApiBaseline,getApiComponents,0,1,0
eclipse.pde.ui-20120217-1437,org.eclipse.pde.api.tools.internal.provisional.model,IApiBaseline,setName,0,1,1
eclipse.pde.ui-20120217-1437,org.eclipse.pde.api.tools.internal.provisional.model,IApiBaseline,addApiComponents,0,1,1
eclipse.pde.ui-20120217-1437,org.eclipse.pde.api.tools.internal.provisional.model,IApiBaseline,resolvePackage,0,1,2
eclipse.pde.ui-20120217-1437,org.eclipse.pde.api.tools.internal.provisional.model,IApiBaseline,getApiComponent,0,1,1
eclipse.pde.ui-20120217-1437,org.eclipse.pde.api.tools.internal.provisional.model,IApiBaseline,getApiComponent,0,1,1
eclipse.pde.ui-20120217-1437,org.eclipse.pde.api.tools.internal.provisional.model,IApiBaseline,getExecutionEnvironment,0,1,0
eclipse.pde.ui-20120217-1437,org.eclipse.pde.api.tools.internal.provisional.model,IApiBaseline,getExecutionEnvironmentStatus,0,1,0
eclipse.pde.ui-20120217-1437,org.eclipse.pde.api.tools.internal.provisional.model,IApiBaseline,dispose,0,1,0
eclipse.pde.ui-20120217-1437,org.eclipse.pde.api.tools.internal.provisional.model,IApiBaseline,close,0,1,0
eclipse.pde.ui-20120217-1437,org.eclipse.pde.api.tools.internal.provisional.model,IApiBaseline,getDependentComponents,0,1,1
eclipse.pde.ui-20120217-1437,org.eclipse.pde.api.tools.internal.provisional.model,IApiBaseline,getPrerequisiteComponents,0,1,1
eclipse.pde.ui-20120217-1437,org.eclipse.pde.api.tools.internal.provisional.model,IApiBaseline,getLocation,0,1,0
eclipse.pde.ui-20120217-1437,org.eclipse.pde.api.tools.internal.provisional.model,IApiBaseline,setLocation,0,1,1
eclipse.pde.ui-20120217-1437,org.eclipse.pde.api.tools.internal.provisional.model,IApiComponent,getSymbolicName,0,1,0
eclipse.pde.ui-20120217-1437,org.eclipse.pde.api.tools.internal.provisional.model,IApiComponent,getApiDescription,0,1,0
eclipse.pde.ui-20120217-1437,org.eclipse.pde.api.tools.internal.provisional.model,IApiComponent,hasApiDescription,0,1,0
eclipse.pde.ui-20120217-1437,org.eclipse.pde.api.tools.internal.provisional.model,IApiComponent,getVersion,0,1,0
eclipse.pde.ui-20120217-1437,org.eclipse.pde.api.tools.internal.provisional.model,IApiComponent,getExecutionEnvironments,0,1,0
eclipse.pde.ui-20120217-1437,org.eclipse.pde.api.tools.internal.provisional.model,IApiComponent,getApiTypeContainers,0,1,0
eclipse.pde.ui-20120217-1437,org.eclipse.pde.api.tools.internal.provisional.model,IApiComponent,getApiTypeContainers,0,1,1
eclipse.pde.ui-20120217-1437,org.eclipse.pde.api.tools.internal.provisional.model,IApiComponent,getRequiredComponents,0,1,0
eclipse.pde.ui-20120217-1437,org.eclipse.pde.api.tools.internal.provisional.model,IApiComponent,getLocation,0,1,0
eclipse.pde.ui-20120217-1437,org.eclipse.pde.api.tools.internal.provisional.model,IApiComponent,isSystemComponent,0,1,0
eclipse.pde.ui-20120217-1437,org.eclipse.pde.api.tools.internal.provisional.model,IApiComponent,isSourceComponent,0,1,0
eclipse.pde.ui-20120217-1437,org.eclipse.pde.api.tools.internal.provisional.model,IApiComponent,dispose,0,1,0
eclipse.pde.ui-20120217-1437,org.eclipse.pde.api.tools.internal.provisional.model,IApiComponent,getBaseline,0,1,0
eclipse.pde.ui-20120217-1437,org.eclipse.pde.api.tools.internal.provisional.model,IApiComponent,getFilterStore,0,1,0
eclipse.pde.ui-20120217-1437,org.eclipse.pde.api.tools.internal.provisional.model,IApiComponent,isFragment,0,1,0
eclipse.pde.ui-20120217-1437,org.eclipse.pde.api.tools.internal.provisional.model,IApiComponent,getHost,0,1,0
eclipse.pde.ui-20120217-1437,org.eclipse.pde.api.tools.internal.provisional.model,IApiComponent,hasFragments,0,1,0
eclipse.pde.ui-20120217-1437,org.eclipse.pde.api.tools.internal.provisional.model,IApiComponent,getLowestEEs,0,1,0
eclipse.pde.ui-20120217-1437,org.eclipse.pde.api.tools.internal.provisional.model,IApiComponent,getErrors,0,1,0
eclipse.pde.ui-20120217-1437,org.eclipse.pde.api.tools.internal.provisional.model,IApiComponent,getHandle,0,1,0
eclipse.pde.ui-20120217-1437,org.eclipse.pde.api.tools.internal.provisional.model,IApiComponent,getExternalDependencies,0,1,0
eclipse.pde.ui-20120217-1437,org.eclipse.pde.api.tools.internal.provisional.model,IApiElement,getName,0,1,0
eclipse.pde.ui-20120217-1437,org.eclipse.pde.api.tools.internal.provisional.model,IApiElement,getType,0,1,0
eclipse.pde.ui-20120217-1437,org.eclipse.pde.api.tools.internal.provisional.model,IApiElement,getParent,0,1,0
eclipse.pde.ui-20120217-1437,org.eclipse.pde.api.tools.internal.provisional.model,IApiElement,getAncestor,0,1,1
eclipse.pde.ui-20120217-1437,org.eclipse.pde.api.tools.internal.provisional.model,IApiElement,getApiComponent,0,1,0
eclipse.pde.ui-20120217-1437,org.eclipse.pde.api.tools.internal.provisional.model,IApiField,isEnumConstant,0,1,0
eclipse.pde.ui-20120217-1437,org.eclipse.pde.api.tools.internal.provisional.model,IApiField,getConstantValue,0,1,0
eclipse.pde.ui-20120217-1437,org.eclipse.pde.api.tools.internal.provisional.model,IApiMember,getEnclosingType,0,1,0
eclipse.pde.ui-20120217-1437,org.eclipse.pde.api.tools.internal.provisional.model,IApiMember,getModifiers,0,1,0
eclipse.pde.ui-20120217-1437,org.eclipse.pde.api.tools.internal.provisional.model,IApiMember,getSignature,0,1,0
eclipse.pde.ui-20120217-1437,org.eclipse.pde.api.tools.internal.provisional.model,IApiMember,getGenericSignature,0,1,0
eclipse.pde.ui-20120217-1437,org.eclipse.pde.api.tools.internal.provisional.model,IApiMember,getPackageName,0,1,0
eclipse.pde.ui-20120217-1437,org.eclipse.pde.api.tools.internal.provisional.model,IApiMember,getHandle,0,1,0
eclipse.pde.ui-20120217-1437,org.eclipse.pde.api.tools.internal.provisional.model,IApiMethod,getSignature,0,1,0
eclipse.pde.ui-20120217-1437,org.eclipse.pde.api.tools.internal.provisional.model,IApiMethod,isConstructor,0,1,0
eclipse.pde.ui-20120217-1437,org.eclipse.pde.api.tools.internal.provisional.model,IApiMethod,isClassInitializer,0,1,0
eclipse.pde.ui-20120217-1437,org.eclipse.pde.api.tools.internal.provisional.model,IApiMethod,getExceptionNames,0,1,0
eclipse.pde.ui-20120217-1437,org.eclipse.pde.api.tools.internal.provisional.model,IApiMethod,getDefaultValue,0,1,0
eclipse.pde.ui-20120217-1437,org.eclipse.pde.api.tools.internal.provisional.model,IApiMethod,isSynthetic,0,1,0
eclipse.pde.ui-20120217-1437,org.eclipse.pde.api.tools.internal.provisional.model,IApiMethod,isPolymorphic,0,1,0
eclipse.pde.ui-20120217-1437,org.eclipse.pde.api.tools.internal.provisional.model,IApiScope,addElement,0,1,1
eclipse.pde.ui-20120217-1437,org.eclipse.pde.api.tools.internal.provisional.model,IApiScope,getApiElements,0,1,0
eclipse.pde.ui-20120217-1437,org.eclipse.pde.api.tools.internal.provisional.model,IApiScope,accept,0,1,1
eclipse.pde.ui-20120217-1437,org.eclipse.pde.api.tools.internal.provisional.model,IApiScope,encloses,0,1,1
eclipse.pde.ui-20120217-1437,org.eclipse.pde.api.tools.internal.provisional.model,IApiType,getEnclosingMethod,0,1,0
eclipse.pde.ui-20120217-1437,org.eclipse.pde.api.tools.internal.provisional.model,IApiType,getField,0,1,1
eclipse.pde.ui-20120217-1437,org.eclipse.pde.api.tools.internal.provisional.model,IApiType,getFields,0,1,0
eclipse.pde.ui-20120217-1437,org.eclipse.pde.api.tools.internal.provisional.model,IApiType,getMethod,0,1,2
eclipse.pde.ui-20120217-1437,org.eclipse.pde.api.tools.internal.provisional.model,IApiType,getMethods,0,1,0
eclipse.pde.ui-20120217-1437,org.eclipse.pde.api.tools.internal.provisional.model,IApiType,isAnonymous,0,1,0
eclipse.pde.ui-20120217-1437,org.eclipse.pde.api.tools.internal.provisional.model,IApiType,isLocal,0,1,0
eclipse.pde.ui-20120217-1437,org.eclipse.pde.api.tools.internal.provisional.model,IApiType,isClass,0,1,0
eclipse.pde.ui-20120217-1437,org.eclipse.pde.api.tools.internal.provisional.model,IApiType,isEnum,0,1,0
eclipse.pde.ui-20120217-1437,org.eclipse.pde.api.tools.internal.provisional.model,IApiType,isInterface,0,1,0
eclipse.pde.ui-20120217-1437,org.eclipse.pde.api.tools.internal.provisional.model,IApiType,isAnnotation,0,1,0
eclipse.pde.ui-20120217-1437,org.eclipse.pde.api.tools.internal.provisional.model,IApiType,isMemberType,0,1,0
eclipse.pde.ui-20120217-1437,org.eclipse.pde.api.tools.internal.provisional.model,IApiType,getSuperclassName,0,1,0
eclipse.pde.ui-20120217-1437,org.eclipse.pde.api.tools.internal.provisional.model,IApiType,getSuperclass,0,1,0
eclipse.pde.ui-20120217-1437,org.eclipse.pde.api.tools.internal.provisional.model,IApiType,getSuperInterfaceNames,0,1,0
eclipse.pde.ui-20120217-1437,org.eclipse.pde.api.tools.internal.provisional.model,IApiType,getSuperInterfaces,0,1,0
eclipse.pde.ui-20120217-1437,org.eclipse.pde.api.tools.internal.provisional.model,IApiType,getMemberTypes,0,1,0
eclipse.pde.ui-20120217-1437,org.eclipse.pde.api.tools.internal.provisional.model,IApiType,getMemberType,0,1,1
eclipse.pde.ui-20120217-1437,org.eclipse.pde.api.tools.internal.provisional.model,IApiType,getSimpleName,0,1,0
eclipse.pde.ui-20120217-1437,org.eclipse.pde.api.tools.internal.provisional.model,IApiType,getTypeRoot,0,1,0
eclipse.pde.ui-20120217-1437,org.eclipse.pde.api.tools.internal.provisional.model,IApiType,extractReferences,0,1,2
eclipse.pde.ui-20120217-1437,org.eclipse.pde.api.tools.internal.provisional.model,IApiTypeContainer,getPackageNames,0,1,0
eclipse.pde.ui-20120217-1437,org.eclipse.pde.api.tools.internal.provisional.model,IApiTypeContainer,findTypeRoot,0,1,1
eclipse.pde.ui-20120217-1437,org.eclipse.pde.api.tools.internal.provisional.model,IApiTypeContainer,findTypeRoot,0,1,2
eclipse.pde.ui-20120217-1437,org.eclipse.pde.api.tools.internal.provisional.model,IApiTypeContainer,accept,0,1,1
eclipse.pde.ui-20120217-1437,org.eclipse.pde.api.tools.internal.provisional.model,IApiTypeContainer,close,0,1,0
eclipse.pde.ui-20120217-1437,org.eclipse.pde.api.tools.internal.provisional.model,IApiTypeContainer,getContainerType,0,1,0
eclipse.pde.ui-20120217-1437,org.eclipse.pde.api.tools.internal.provisional.model,IApiTypeRoot,getTypeName,0,1,0
eclipse.pde.ui-20120217-1437,org.eclipse.pde.api.tools.internal.provisional.model,IApiTypeRoot,getStructure,0,1,0
eclipse.pde.ui-20120217-1437,org.eclipse.pde.api.tools.internal.provisional.model,IApiTypeRoot,getApiComponent,0,1,0
eclipse.pde.ui-20120217-1437,org.eclipse.pde.api.tools.internal.provisional.problems,IApiProblem,getSeverity,0,1,0
eclipse.pde.ui-20120217-1437,org.eclipse.pde.api.tools.internal.provisional.problems,IApiProblem,getElementKind,0,1,0
eclipse.pde.ui-20120217-1437,org.eclipse.pde.api.tools.internal.provisional.problems,IApiProblem,getMessageid,0,1,0
eclipse.pde.ui-20120217-1437,org.eclipse.pde.api.tools.internal.provisional.problems,IApiProblem,getResourcePath,0,1,0
eclipse.pde.ui-20120217-1437,org.eclipse.pde.api.tools.internal.provisional.problems,IApiProblem,getTypeName,0,1,0
eclipse.pde.ui-20120217-1437,org.eclipse.pde.api.tools.internal.provisional.problems,IApiProblem,getMessageArguments,0,1,0
eclipse.pde.ui-20120217-1437,org.eclipse.pde.api.tools.internal.provisional.problems,IApiProblem,getCharStart,0,1,0
eclipse.pde.ui-20120217-1437,org.eclipse.pde.api.tools.internal.provisional.problems,IApiProblem,getCharEnd,0,1,0
eclipse.pde.ui-20120217-1437,org.eclipse.pde.api.tools.internal.provisional.problems,IApiProblem,getLineNumber,0,1,0
eclipse.pde.ui-20120217-1437,org.eclipse.pde.api.tools.internal.provisional.problems,IApiProblem,getCategory,0,1,0
eclipse.pde.ui-20120217-1437,org.eclipse.pde.api.tools.internal.provisional.problems,IApiProblem,getId,0,1,0
eclipse.pde.ui-20120217-1437,org.eclipse.pde.api.tools.internal.provisional.problems,IApiProblem,getMessage,0,1,0
eclipse.pde.ui-20120217-1437,org.eclipse.pde.api.tools.internal.provisional.problems,IApiProblem,getKind,0,1,0
eclipse.pde.ui-20120217-1437,org.eclipse.pde.api.tools.internal.provisional.problems,IApiProblem,getFlags,0,1,0
eclipse.pde.ui-20120217-1437,org.eclipse.pde.api.tools.internal.provisional.problems,IApiProblem,getExtraMarkerAttributeIds,0,1,0
eclipse.pde.ui-20120217-1437,org.eclipse.pde.api.tools.internal.provisional.problems,IApiProblem,getExtraMarkerAttributeValues,0,1,0
eclipse.pde.ui-20120217-1437,org.eclipse.pde.api.tools.internal.provisional.problems,IApiProblemFilter,getComponentId,0,1,0
eclipse.pde.ui-20120217-1437,org.eclipse.pde.api.tools.internal.provisional.problems,IApiProblemFilter,getUnderlyingProblem,0,1,0
eclipse.pde.ui-20120217-1437,org.eclipse.pde.api.tools.internal.provisional.problems,IApiProblemFilter,getComment,0,1,0
eclipse.pde.ui-20120217-1437,org.eclipse.pde.api.tools.internal.provisional.scanner,ScannerMessages,ScannerMessages,2,1,0
eclipse.pde.ui-20120217-1437,org.eclipse.pde.api.tools.internal.provisional.scanner,TagScanner,setDebug,3,1,1
eclipse.pde.ui-20120217-1437,org.eclipse.pde.api.tools.internal.provisional.scanner,TagScanner,Visitor,4,1,2
eclipse.pde.ui-20120217-1437,org.eclipse.pde.api.tools.internal.provisional.scanner,TagScanner,visit,47,9,1
eclipse.pde.ui-20120217-1437,org.eclipse.pde.api.tools.internal.provisional.scanner,TagScanner,getEnclosingType,12,4,1
eclipse.pde.ui-20120217-1437,org.eclipse.pde.api.tools.internal.provisional.scanner,TagScanner,enterType,8,2,1
eclipse.pde.ui-20120217-1437,org.eclipse.pde.api.tools.internal.provisional.scanner,TagScanner,exitType,3,1,0
eclipse.pde.ui-20120217-1437,org.eclipse.pde.api.tools.internal.provisional.scanner,TagScanner,processTags,23,4,4
eclipse.pde.ui-20120217-1437,org.eclipse.pde.api.tools.internal.provisional.scanner,TagScanner,pruneTags,74,18,2
eclipse.pde.ui-20120217-1437,org.eclipse.pde.api.tools.internal.provisional.scanner,TagScanner,isContinue,3,1,0
eclipse.pde.ui-20120217-1437,org.eclipse.pde.api.tools.internal.provisional.scanner,TagScanner,getException,3,1,0
eclipse.pde.ui-20120217-1437,org.eclipse.pde.api.tools.internal.provisional.scanner,TagScanner,visit,7,2,1
eclipse.pde.ui-20120217-1437,org.eclipse.pde.api.tools.internal.provisional.scanner,TagScanner,endVisit,5,2,1
eclipse.pde.ui-20120217-1437,org.eclipse.pde.api.tools.internal.provisional.scanner,TagScanner,endVisit,5,2,1
eclipse.pde.ui-20120217-1437,org.eclipse.pde.api.tools.internal.provisional.scanner,TagScanner,visit,7,2,1
eclipse.pde.ui-20120217-1437,org.eclipse.pde.api.tools.internal.provisional.scanner,TagScanner,visit,7,2,1
eclipse.pde.ui-20120217-1437,org.eclipse.pde.api.tools.internal.provisional.scanner,TagScanner,endVisit,5,2,1
eclipse.pde.ui-20120217-1437,org.eclipse.pde.api.tools.internal.provisional.scanner,TagScanner,visit,5,1,1
eclipse.pde.ui-20120217-1437,org.eclipse.pde.api.tools.internal.provisional.scanner,TagScanner,visit,6,2,1
eclipse.pde.ui-20120217-1437,org.eclipse.pde.api.tools.internal.provisional.scanner,TagScanner,visit,6,2,1
eclipse.pde.ui-20120217-1437,org.eclipse.pde.api.tools.internal.provisional.scanner,TagScanner,isPrivate,3,1,1
eclipse.pde.ui-20120217-1437,org.eclipse.pde.api.tools.internal.provisional.scanner,TagScanner,resolveMethod,30,9,1
eclipse.pde.ui-20120217-1437,org.eclipse.pde.api.tools.internal.provisional.scanner,TagScanner,newScanner,6,2,0
eclipse.pde.ui-20120217-1437,org.eclipse.pde.api.tools.internal.provisional.scanner,TagScanner,TagScanner,2,1,0
eclipse.pde.ui-20120217-1437,org.eclipse.pde.api.tools.internal.provisional.scanner,TagScanner,scan,3,1,4
eclipse.pde.ui-20120217-1437,org.eclipse.pde.api.tools.internal.provisional.scanner,TagScanner,scan,41,5,5
eclipse.pde.ui-20120217-1437,org.eclipse.pde.api.tools.internal.provisional.scanner,Visitor,Visitor,4,1,2
eclipse.pde.ui-20120217-1437,org.eclipse.pde.api.tools.internal.provisional.scanner,Visitor,visit,47,9,1
eclipse.pde.ui-20120217-1437,org.eclipse.pde.api.tools.internal.provisional.scanner,Visitor,getEnclosingType,12,4,1
eclipse.pde.ui-20120217-1437,org.eclipse.pde.api.tools.internal.provisional.scanner,Visitor,enterType,8,2,1
eclipse.pde.ui-20120217-1437,org.eclipse.pde.api.tools.internal.provisional.scanner,Visitor,exitType,3,1,0
eclipse.pde.ui-20120217-1437,org.eclipse.pde.api.tools.internal.provisional.scanner,Visitor,processTags,23,4,4
eclipse.pde.ui-20120217-1437,org.eclipse.pde.api.tools.internal.provisional.scanner,Visitor,pruneTags,74,18,2
eclipse.pde.ui-20120217-1437,org.eclipse.pde.api.tools.internal.provisional.scanner,Visitor,isContinue,3,1,0
eclipse.pde.ui-20120217-1437,org.eclipse.pde.api.tools.internal.provisional.scanner,Visitor,getException,3,1,0
eclipse.pde.ui-20120217-1437,org.eclipse.pde.api.tools.internal.provisional.scanner,Visitor,visit,7,2,1
eclipse.pde.ui-20120217-1437,org.eclipse.pde.api.tools.internal.provisional.scanner,Visitor,endVisit,5,2,1
eclipse.pde.ui-20120217-1437,org.eclipse.pde.api.tools.internal.provisional.scanner,Visitor,endVisit,5,2,1
eclipse.pde.ui-20120217-1437,org.eclipse.pde.api.tools.internal.provisional.scanner,Visitor,visit,7,2,1
eclipse.pde.ui-20120217-1437,org.eclipse.pde.api.tools.internal.provisional.scanner,Visitor,visit,7,2,1
eclipse.pde.ui-20120217-1437,org.eclipse.pde.api.tools.internal.provisional.scanner,Visitor,endVisit,5,2,1
eclipse.pde.ui-20120217-1437,org.eclipse.pde.api.tools.internal.provisional.scanner,Visitor,visit,5,1,1
eclipse.pde.ui-20120217-1437,org.eclipse.pde.api.tools.internal.provisional.scanner,Visitor,visit,6,2,1
eclipse.pde.ui-20120217-1437,org.eclipse.pde.api.tools.internal.provisional.scanner,Visitor,visit,6,2,1
eclipse.pde.ui-20120217-1437,org.eclipse.pde.api.tools.internal.provisional.scanner,Visitor,isPrivate,3,1,1
eclipse.pde.ui-20120217-1437,org.eclipse.pde.api.tools.internal.provisional.scanner,Visitor,resolveMethod,30,9,1
eclipse.pde.ui-20120217-1437,org.eclipse.pde.api.tools.internal.provisional.search,ApiSearchEngine,ReferenceExtractor,7,1,4
eclipse.pde.ui-20120217-1437,org.eclipse.pde.api.tools.internal.provisional.search,ApiSearchEngine,visit,3,1,1
eclipse.pde.ui-20120217-1437,org.eclipse.pde.api.tools.internal.provisional.search,ApiSearchEngine,visit,15,3,2
eclipse.pde.ui-20120217-1437,org.eclipse.pde.api.tools.internal.provisional.search,ApiSearchEngine,end,5,2,2
eclipse.pde.ui-20120217-1437,org.eclipse.pde.api.tools.internal.provisional.search,ApiSearchEngine,visit,3,1,1
eclipse.pde.ui-20120217-1437,org.eclipse.pde.api.tools.internal.provisional.search,ApiSearchEngine,endVisitPackage,3,1,1
eclipse.pde.ui-20120217-1437,org.eclipse.pde.api.tools.internal.provisional.search,ApiSearchEngine,reportResults,4,1,0
eclipse.pde.ui-20120217-1437,org.eclipse.pde.api.tools.internal.provisional.search,ApiSearchEngine,setDebug,3,1,1
eclipse.pde.ui-20120217-1437,org.eclipse.pde.api.tools.internal.provisional.search,ApiSearchEngine,getResolvedReferences,12,1,3
eclipse.pde.ui-20120217-1437,org.eclipse.pde.api.tools.internal.provisional.search,ApiSearchEngine,acceptReferences,27,5,4
eclipse.pde.ui-20120217-1437,org.eclipse.pde.api.tools.internal.provisional.search,ApiSearchEngine,searchReferences,50,10,4
eclipse.pde.ui-20120217-1437,org.eclipse.pde.api.tools.internal.provisional.search,ApiSearchEngine,search,53,10,4
eclipse.pde.ui-20120217-1437,org.eclipse.pde.api.tools.internal.provisional.search,ApiSearchEngine,computeContext,31,8,1
eclipse.pde.ui-20120217-1437,org.eclipse.pde.api.tools.internal.provisional.search,ReferenceExtractor,ReferenceExtractor,7,1,4
eclipse.pde.ui-20120217-1437,org.eclipse.pde.api.tools.internal.provisional.search,ReferenceExtractor,visit,3,1,1
eclipse.pde.ui-20120217-1437,org.eclipse.pde.api.tools.internal.provisional.search,ReferenceExtractor,visit,15,3,2
eclipse.pde.ui-20120217-1437,org.eclipse.pde.api.tools.internal.provisional.search,ReferenceExtractor,end,5,2,2
eclipse.pde.ui-20120217-1437,org.eclipse.pde.api.tools.internal.provisional.search,ReferenceExtractor,visit,3,1,1
eclipse.pde.ui-20120217-1437,org.eclipse.pde.api.tools.internal.provisional.search,ReferenceExtractor,endVisitPackage,3,1,1
eclipse.pde.ui-20120217-1437,org.eclipse.pde.api.tools.internal.provisional.search,ReferenceExtractor,reportResults,4,1,0
eclipse.pde.ui-20120217-1437,org.eclipse.pde.api.tools.internal.provisional.search,IApiSearchReporter,reportResults,0,1,2
eclipse.pde.ui-20120217-1437,org.eclipse.pde.api.tools.internal.provisional.search,IApiSearchReporter,reportNotSearched,0,1,1
eclipse.pde.ui-20120217-1437,org.eclipse.pde.api.tools.internal.provisional.search,IApiSearchReporter,reportMetadata,0,1,1
eclipse.pde.ui-20120217-1437,org.eclipse.pde.api.tools.internal.provisional.search,IApiSearchReporter,reportCounts,0,1,0
eclipse.pde.ui-20120217-1437,org.eclipse.pde.api.tools.internal.provisional.search,IApiSearchRequestor,getScope,0,1,0
eclipse.pde.ui-20120217-1437,org.eclipse.pde.api.tools.internal.provisional.search,IApiSearchRequestor,acceptComponent,0,1,1
eclipse.pde.ui-20120217-1437,org.eclipse.pde.api.tools.internal.provisional.search,IApiSearchRequestor,acceptContainer,0,1,1
eclipse.pde.ui-20120217-1437,org.eclipse.pde.api.tools.internal.provisional.search,IApiSearchRequestor,acceptMember,0,1,1
eclipse.pde.ui-20120217-1437,org.eclipse.pde.api.tools.internal.provisional.search,IApiSearchRequestor,acceptReference,0,1,1
eclipse.pde.ui-20120217-1437,org.eclipse.pde.api.tools.internal.provisional.search,IApiSearchRequestor,getReferenceKinds,0,1,0
eclipse.pde.ui-20120217-1437,org.eclipse.pde.api.tools.internal.provisional.search,IApiSearchRequestor,includesAPI,0,1,0
eclipse.pde.ui-20120217-1437,org.eclipse.pde.api.tools.internal.provisional.search,IApiSearchRequestor,includesInternal,0,1,0
eclipse.pde.ui-20120217-1437,org.eclipse.pde.api.tools.internal.provisional.search,IApiSearchRequestor,includesIllegalUse,0,1,0
eclipse.pde.ui-20120217-1437,org.eclipse.pde.api.tools.internal.provisional.search,IMetadata,serializeToFile,0,1,1
eclipse.pde.ui-20120217-1437,org.eclipse.pde.api.tools.internal.search,ApiDescriptionModifier,ApiDescriptionModifier,4,1,2
eclipse.pde.ui-20120217-1437,org.eclipse.pde.api.tools.internal.search,ApiDescriptionModifier,setApiDescription,3,1,1
eclipse.pde.ui-20120217-1437,org.eclipse.pde.api.tools.internal.search,ApiDescriptionModifier,setInternalPatterns,11,3,1
eclipse.pde.ui-20120217-1437,org.eclipse.pde.api.tools.internal.search,ApiDescriptionModifier,setApiPatterns,11,3,1
eclipse.pde.ui-20120217-1437,org.eclipse.pde.api.tools.internal.search,ApiDescriptionModifier,visitElement,21,7,2
eclipse.pde.ui-20120217-1437,org.eclipse.pde.api.tools.internal.search,ApiDescriptionModifier,matchesPattern,8,3,2
eclipse.pde.ui-20120217-1437,org.eclipse.pde.api.tools.internal.search,ConsumerReportConvertor,visitComponent,3,1,1
eclipse.pde.ui-20120217-1437,org.eclipse.pde.api.tools.internal.search,ConsumerReportConvertor,visitReferencingComponent,4,1,1
eclipse.pde.ui-20120217-1437,org.eclipse.pde.api.tools.internal.search,ConsumerReportConvertor,visitMember,3,1,1
eclipse.pde.ui-20120217-1437,org.eclipse.pde.api.tools.internal.search,ConsumerReportConvertor,visitReference,2,1,1
eclipse.pde.ui-20120217-1437,org.eclipse.pde.api.tools.internal.search,ConsumerReportConvertor,ConsumerReportVisitor,5,1,1
eclipse.pde.ui-20120217-1437,org.eclipse.pde.api.tools.internal.search,ConsumerReportConvertor,endVisitScan,19,4,0
eclipse.pde.ui-20120217-1437,org.eclipse.pde.api.tools.internal.search,ConsumerReportConvertor,visitComponent,5,1,1
eclipse.pde.ui-20120217-1437,org.eclipse.pde.api.tools.internal.search,ConsumerReportConvertor,endVisitComponent,23,6,1
eclipse.pde.ui-20120217-1437,org.eclipse.pde.api.tools.internal.search,ConsumerReportConvertor,visitReferencingComponent,3,1,1
eclipse.pde.ui-20120217-1437,org.eclipse.pde.api.tools.internal.search,ConsumerReportConvertor,endVisitReferencingComponent,2,1,1
eclipse.pde.ui-20120217-1437,org.eclipse.pde.api.tools.internal.search,ConsumerReportConvertor,visitMember,15,3,1
eclipse.pde.ui-20120217-1437,org.eclipse.pde.api.tools.internal.search,ConsumerReportConvertor,endVisitMember,9,3,1
eclipse.pde.ui-20120217-1437,org.eclipse.pde.api.tools.internal.search,ConsumerReportConvertor,visitReference,156,21,1
eclipse.pde.ui-20120217-1437,org.eclipse.pde.api.tools.internal.search,ConsumerReportConvertor,acceptReference,10,4,2
eclipse.pde.ui-20120217-1437,org.eclipse.pde.api.tools.internal.search,ConsumerReportConvertor,getEnclosingDescriptor,14,4,1
eclipse.pde.ui-20120217-1437,org.eclipse.pde.api.tools.internal.search,ConsumerReportConvertor,formatMessages,13,4,1
eclipse.pde.ui-20120217-1437,org.eclipse.pde.api.tools.internal.search,ConsumerReportConvertor,Type2,3,1,1
eclipse.pde.ui-20120217-1437,org.eclipse.pde.api.tools.internal.search,ConsumerReportConvertor,ConsumerReportConvertor,3,1,4
eclipse.pde.ui-20120217-1437,org.eclipse.pde.api.tools.internal.search,ConsumerReportConvertor,parse,18,3,1
eclipse.pde.ui-20120217-1437,org.eclipse.pde.api.tools.internal.search,ConsumerReportConvertor,getConsumerTitle,3,1,1
eclipse.pde.ui-20120217-1437,org.eclipse.pde.api.tools.internal.search,ConsumerReportConvertor,getProducerTitle,3,1,2
eclipse.pde.ui-20120217-1437,org.eclipse.pde.api.tools.internal.search,ConsumerReportConvertor,getIndexTitle,3,1,0
eclipse.pde.ui-20120217-1437,org.eclipse.pde.api.tools.internal.search,ConsumerReportConvertor,writeIndexPage,77,9,1
eclipse.pde.ui-20120217-1437,org.eclipse.pde.api.tools.internal.search,ConsumerReportConvertor,compare,3,1,2
eclipse.pde.ui-20120217-1437,org.eclipse.pde.api.tools.internal.search,ConsumerReportConvertor,writeConsumerReport,54,6,2
eclipse.pde.ui-20120217-1437,org.eclipse.pde.api.tools.internal.search,ConsumerReportConvertor,writeProducerReport,63,7,2
eclipse.pde.ui-20120217-1437,org.eclipse.pde.api.tools.internal.search,ListConsumersVisitor,visitComponent,3,1,1
eclipse.pde.ui-20120217-1437,org.eclipse.pde.api.tools.internal.search,ListConsumersVisitor,visitReferencingComponent,4,1,1
eclipse.pde.ui-20120217-1437,org.eclipse.pde.api.tools.internal.search,ListConsumersVisitor,visitMember,3,1,1
eclipse.pde.ui-20120217-1437,org.eclipse.pde.api.tools.internal.search,ListConsumersVisitor,visitReference,2,1,1
eclipse.pde.ui-20120217-1437,org.eclipse.pde.api.tools.internal.search,ConsumerReportVisitor,ConsumerReportVisitor,5,1,1
eclipse.pde.ui-20120217-1437,org.eclipse.pde.api.tools.internal.search,ConsumerReportVisitor,endVisitScan,19,4,0
eclipse.pde.ui-20120217-1437,org.eclipse.pde.api.tools.internal.search,ConsumerReportVisitor,visitComponent,5,1,1
eclipse.pde.ui-20120217-1437,org.eclipse.pde.api.tools.internal.search,ConsumerReportVisitor,endVisitComponent,23,6,1
eclipse.pde.ui-20120217-1437,org.eclipse.pde.api.tools.internal.search,ConsumerReportVisitor,visitReferencingComponent,3,1,1
eclipse.pde.ui-20120217-1437,org.eclipse.pde.api.tools.internal.search,ConsumerReportVisitor,endVisitReferencingComponent,2,1,1
eclipse.pde.ui-20120217-1437,org.eclipse.pde.api.tools.internal.search,ConsumerReportVisitor,visitMember,15,3,1
eclipse.pde.ui-20120217-1437,org.eclipse.pde.api.tools.internal.search,ConsumerReportVisitor,endVisitMember,9,3,1
eclipse.pde.ui-20120217-1437,org.eclipse.pde.api.tools.internal.search,ConsumerReportVisitor,visitReference,156,21,1
eclipse.pde.ui-20120217-1437,org.eclipse.pde.api.tools.internal.search,ConsumerReportVisitor,acceptReference,10,4,2
eclipse.pde.ui-20120217-1437,org.eclipse.pde.api.tools.internal.search,ConsumerReportVisitor,getEnclosingDescriptor,14,4,1
eclipse.pde.ui-20120217-1437,org.eclipse.pde.api.tools.internal.search,ConsumerReportVisitor,formatMessages,13,4,1
eclipse.pde.ui-20120217-1437,org.eclipse.pde.api.tools.internal.search,Type2,Type2,3,1,1
eclipse.pde.ui-20120217-1437,org.eclipse.pde.api.tools.internal.search,HTMLConvertor,openTD,5,1,1
eclipse.pde.ui-20120217-1437,org.eclipse.pde.api.tools.internal.search,IReferenceCollection,add,0,1,2
eclipse.pde.ui-20120217-1437,org.eclipse.pde.api.tools.internal.search,IReferenceCollection,hasReferencesTo,0,1,1
eclipse.pde.ui-20120217-1437,org.eclipse.pde.api.tools.internal.search,IReferenceCollection,getAllExternalDependencies,0,1,0
eclipse.pde.ui-20120217-1437,org.eclipse.pde.api.tools.internal.search,IReferenceCollection,getExternalDependenciesTo,0,1,1
eclipse.pde.ui-20120217-1437,org.eclipse.pde.api.tools.internal.search,IReferenceCollection,clear,0,1,0
eclipse.pde.ui-20120217-1437,org.eclipse.pde.api.tools.internal.search,IReferenceDescriptor,getLineNumber,0,1,0
eclipse.pde.ui-20120217-1437,org.eclipse.pde.api.tools.internal.search,IReferenceDescriptor,getMember,0,1,0
eclipse.pde.ui-20120217-1437,org.eclipse.pde.api.tools.internal.search,IReferenceDescriptor,getComponent,0,1,0
eclipse.pde.ui-20120217-1437,org.eclipse.pde.api.tools.internal.search,IReferenceDescriptor,getReferenceKind,0,1,0
eclipse.pde.ui-20120217-1437,org.eclipse.pde.api.tools.internal.search,IReferenceDescriptor,getReferenceFlags,0,1,0
eclipse.pde.ui-20120217-1437,org.eclipse.pde.api.tools.internal.search,IReferenceDescriptor,getReferenceType,0,1,0
eclipse.pde.ui-20120217-1437,org.eclipse.pde.api.tools.internal.search,IReferenceDescriptor,getReferencedMember,0,1,0
eclipse.pde.ui-20120217-1437,org.eclipse.pde.api.tools.internal.search,IReferenceDescriptor,getReferencedComponent,0,1,0
eclipse.pde.ui-20120217-1437,org.eclipse.pde.api.tools.internal.search,IReferenceDescriptor,getVisibility,0,1,0
eclipse.pde.ui-20120217-1437,org.eclipse.pde.api.tools.internal.search,IReferenceDescriptor,getProblemMessages,0,1,0
eclipse.pde.ui-20120217-1437,org.eclipse.pde.api.tools.internal.search,MigrationReportConvertor,MigrationReportConvertor,3,1,4
eclipse.pde.ui-20120217-1437,org.eclipse.pde.api.tools.internal.search,MigrationReportConvertor,getIndexTitle,3,1,0
eclipse.pde.ui-20120217-1437,org.eclipse.pde.api.tools.internal.search,MigrationReportConvertor,getIndexHeader,3,1,0
eclipse.pde.ui-20120217-1437,org.eclipse.pde.api.tools.internal.search,MigrationReportConvertor,getReferencedTypeTitle,3,1,1
eclipse.pde.ui-20120217-1437,org.eclipse.pde.api.tools.internal.search,MigrationReportConvertor,getReferencedTypeHeader,3,1,1
eclipse.pde.ui-20120217-1437,org.eclipse.pde.api.tools.internal.search,MigrationReportConvertor,getAdditionalReferencedTypeInformation,3,1,0
eclipse.pde.ui-20120217-1437,org.eclipse.pde.api.tools.internal.search,MigrationReportConvertor,getTypeTitle,3,1,1
eclipse.pde.ui-20120217-1437,org.eclipse.pde.api.tools.internal.search,MigrationReportConvertor,getTypeHeader,3,1,1
eclipse.pde.ui-20120217-1437,org.eclipse.pde.api.tools.internal.search,MigrationReportConvertor,getTypeDetailsHeader,3,1,0
eclipse.pde.ui-20120217-1437,org.eclipse.pde.api.tools.internal.search,MigrationReportConvertor,getTypeDetails,3,1,0
eclipse.pde.ui-20120217-1437,org.eclipse.pde.api.tools.internal.search,MigrationReportConvertor,getTypeCountSummary,6,1,3
eclipse.pde.ui-20120217-1437,org.eclipse.pde.api.tools.internal.search,MigrationReportConvertor,getAdditionalIndexInfo,8,2,1
eclipse.pde.ui-20120217-1437,org.eclipse.pde.api.tools.internal.search,MigrationReportConvertor,getNoReportsInformation,5,1,0
eclipse.pde.ui-20120217-1437,org.eclipse.pde.api.tools.internal.search,MissingRefMetadata,MissingRefMetadata,2,1,0
eclipse.pde.ui-20120217-1437,org.eclipse.pde.api.tools.internal.search,MissingRefMetadata,MissingRefMetadata,6,1,3
eclipse.pde.ui-20120217-1437,org.eclipse.pde.api.tools.internal.search,MissingRefMetadata,getMetadata,37,7,1
eclipse.pde.ui-20120217-1437,org.eclipse.pde.api.tools.internal.search,MissingRefMetadata,serializeToFile,28,2,1
eclipse.pde.ui-20120217-1437,org.eclipse.pde.api.tools.internal.search,MissingRefMetadata,setProfile,3,1,1
eclipse.pde.ui-20120217-1437,org.eclipse.pde.api.tools.internal.search,MissingRefMetadata,getProfile,3,1,0
eclipse.pde.ui-20120217-1437,org.eclipse.pde.api.tools.internal.search,MissingRefMetadata,setRunAtDate,3,1,1
eclipse.pde.ui-20120217-1437,org.eclipse.pde.api.tools.internal.search,MissingRefMetadata,getRunAtDate,3,1,0
eclipse.pde.ui-20120217-1437,org.eclipse.pde.api.tools.internal.search,MissingRefMetadata,getReportLocation,3,1,0
eclipse.pde.ui-20120217-1437,org.eclipse.pde.api.tools.internal.search,MissingRefMetadata,setReportLocation,3,1,1
eclipse.pde.ui-20120217-1437,org.eclipse.pde.api.tools.internal.search,MissingRefMetadata,getApiUseScans,3,1,0
eclipse.pde.ui-20120217-1437,org.eclipse.pde.api.tools.internal.search,MissingRefMetadata,setApiUseScans,3,1,1
eclipse.pde.ui-20120217-1437,org.eclipse.pde.api.tools.internal.search,MissingRefParser,startDocument,2,1,0
eclipse.pde.ui-20120217-1437,org.eclipse.pde.api.tools.internal.search,MissingRefParser,startElement,21,6,4
eclipse.pde.ui-20120217-1437,org.eclipse.pde.api.tools.internal.search,MissingRefParser,endElement,13,3,3
eclipse.pde.ui-20120217-1437,org.eclipse.pde.api.tools.internal.search,MissingRefParser,endDocument,2,1,0
eclipse.pde.ui-20120217-1437,org.eclipse.pde.api.tools.internal.search,MissingRefParser,getProblems,3,1,0
eclipse.pde.ui-20120217-1437,org.eclipse.pde.api.tools.internal.search,MissingRefParser,accept,3,1,1
eclipse.pde.ui-20120217-1437,org.eclipse.pde.api.tools.internal.search,MissingRefParser,parse,38,8,2
eclipse.pde.ui-20120217-1437,org.eclipse.pde.api.tools.internal.search,MissingRefProblemHandler,startDocument,2,1,0
eclipse.pde.ui-20120217-1437,org.eclipse.pde.api.tools.internal.search,MissingRefProblemHandler,startElement,21,6,4
eclipse.pde.ui-20120217-1437,org.eclipse.pde.api.tools.internal.search,MissingRefProblemHandler,endElement,13,3,3
eclipse.pde.ui-20120217-1437,org.eclipse.pde.api.tools.internal.search,MissingRefProblemHandler,endDocument,2,1,0
eclipse.pde.ui-20120217-1437,org.eclipse.pde.api.tools.internal.search,MissingRefProblemHandler,getProblems,3,1,0
eclipse.pde.ui-20120217-1437,org.eclipse.pde.api.tools.internal.search,MissingRefReportConverter,visitScan,3,1,0
eclipse.pde.ui-20120217-1437,org.eclipse.pde.api.tools.internal.search,MissingRefReportConverter,visitComponent,6,1,1
eclipse.pde.ui-20120217-1437,org.eclipse.pde.api.tools.internal.search,MissingRefReportConverter,composeName,9,2,2
eclipse.pde.ui-20120217-1437,org.eclipse.pde.api.tools.internal.search,MissingRefReportConverter,endVisitComponent,8,1,0
eclipse.pde.ui-20120217-1437,org.eclipse.pde.api.tools.internal.search,MissingRefReportConverter,writeIndexFileForComponent,71,11,1
eclipse.pde.ui-20120217-1437,org.eclipse.pde.api.tools.internal.search,MissingRefReportConverter,getProblemRow,15,1,2
eclipse.pde.ui-20120217-1437,org.eclipse.pde.api.tools.internal.search,MissingRefReportConverter,getProblemTable,25,3,1
eclipse.pde.ui-20120217-1437,org.eclipse.pde.api.tools.internal.search,MissingRefReportConverter,getProblemSummary,6,1,1
eclipse.pde.ui-20120217-1437,org.eclipse.pde.api.tools.internal.search,MissingRefReportConverter,getProblemsTableHeader,11,1,2
eclipse.pde.ui-20120217-1437,org.eclipse.pde.api.tools.internal.search,MissingRefReportConverter,getProblemTitle,3,1,1
eclipse.pde.ui-20120217-1437,org.eclipse.pde.api.tools.internal.search,MissingRefReportConverter,addToCurrentReport,3,1,1
eclipse.pde.ui-20120217-1437,org.eclipse.pde.api.tools.internal.search,MissingRefReportConverter,compare,9,3,2
eclipse.pde.ui-20120217-1437,org.eclipse.pde.api.tools.internal.search,MissingRefReportConverter,add,32,7,1
eclipse.pde.ui-20120217-1437,org.eclipse.pde.api.tools.internal.search,MissingRefReportConverter,getTotal,3,1,0
eclipse.pde.ui-20120217-1437,org.eclipse.pde.api.tools.internal.search,MissingRefReportConverter,MissingRefReportConverter,5,1,2
eclipse.pde.ui-20120217-1437,org.eclipse.pde.api.tools.internal.search,MissingRefReportConverter,convert,32,7,2
eclipse.pde.ui-20120217-1437,org.eclipse.pde.api.tools.internal.search,MissingRefReportConverter,writeIndexPage,58,7,1
eclipse.pde.ui-20120217-1437,org.eclipse.pde.api.tools.internal.search,MissingRefReportConverter,compare,3,1,2
eclipse.pde.ui-20120217-1437,org.eclipse.pde.api.tools.internal.search,MissingRefReportConverter,getNoReportsInformation,5,1,0
eclipse.pde.ui-20120217-1437,org.eclipse.pde.api.tools.internal.search,MissingRefReportConverter,getReferenceTableEntry,12,1,2
eclipse.pde.ui-20120217-1437,org.eclipse.pde.api.tools.internal.search,MissingRefReportConverter,getProblemSummaryTable,26,1,0
eclipse.pde.ui-20120217-1437,org.eclipse.pde.api.tools.internal.search,MissingRefReportConverter,writeMetadataSummary,27,1,1
eclipse.pde.ui-20120217-1437,org.eclipse.pde.api.tools.internal.search,MissingRefReportConverter,getMetadata,7,2,0
eclipse.pde.ui-20120217-1437,org.eclipse.pde.api.tools.internal.search,MissingRefReportConverter,getIndexTitle,3,1,0
eclipse.pde.ui-20120217-1437,org.eclipse.pde.api.tools.internal.search,MissingRefReportConverter,writeMetadataHeaders,3,1,1
eclipse.pde.ui-20120217-1437,org.eclipse.pde.api.tools.internal.search,MissingRefReportConverter,parse,6,1,0
eclipse.pde.ui-20120217-1437,org.eclipse.pde.api.tools.internal.search,MissingRefReportConverter,getHtmlLocation,3,1,0
eclipse.pde.ui-20120217-1437,org.eclipse.pde.api.tools.internal.search,MissingRefReportConverter,getXmlLocation,3,1,0
eclipse.pde.ui-20120217-1437,org.eclipse.pde.api.tools.internal.search,MissingRefReportConverter,getReportsRoot,6,2,0
eclipse.pde.ui-20120217-1437,org.eclipse.pde.api.tools.internal.search,MissingRefReportConverter,getReportIndex,8,2,0
eclipse.pde.ui-20120217-1437,org.eclipse.pde.api.tools.internal.search,MissingRefVisitor,visitScan,3,1,0
eclipse.pde.ui-20120217-1437,org.eclipse.pde.api.tools.internal.search,MissingRefVisitor,visitComponent,6,1,1
eclipse.pde.ui-20120217-1437,org.eclipse.pde.api.tools.internal.search,MissingRefVisitor,composeName,9,2,2
eclipse.pde.ui-20120217-1437,org.eclipse.pde.api.tools.internal.search,MissingRefVisitor,endVisitComponent,8,1,0
eclipse.pde.ui-20120217-1437,org.eclipse.pde.api.tools.internal.search,MissingRefVisitor,writeIndexFileForComponent,71,11,1
eclipse.pde.ui-20120217-1437,org.eclipse.pde.api.tools.internal.search,MissingRefVisitor,getProblemRow,15,1,2
eclipse.pde.ui-20120217-1437,org.eclipse.pde.api.tools.internal.search,MissingRefVisitor,getProblemTable,25,3,1
eclipse.pde.ui-20120217-1437,org.eclipse.pde.api.tools.internal.search,MissingRefVisitor,getProblemSummary,6,1,1
eclipse.pde.ui-20120217-1437,org.eclipse.pde.api.tools.internal.search,MissingRefVisitor,getProblemsTableHeader,11,1,2
eclipse.pde.ui-20120217-1437,org.eclipse.pde.api.tools.internal.search,MissingRefVisitor,getProblemTitle,3,1,1
eclipse.pde.ui-20120217-1437,org.eclipse.pde.api.tools.internal.search,MissingRefVisitor,addToCurrentReport,3,1,1
eclipse.pde.ui-20120217-1437,org.eclipse.pde.api.tools.internal.search,Report,add,32,7,1
eclipse.pde.ui-20120217-1437,org.eclipse.pde.api.tools.internal.search,Report,getTotal,3,1,0
eclipse.pde.ui-20120217-1437,org.eclipse.pde.api.tools.internal.search,ReferenceDescriptor,ReferenceDescriptor,11,1,9
eclipse.pde.ui-20120217-1437,org.eclipse.pde.api.tools.internal.search,ReferenceDescriptor,equals,7,2,1
eclipse.pde.ui-20120217-1437,org.eclipse.pde.api.tools.internal.search,ReferenceDescriptor,hashCode,3,1,0
eclipse.pde.ui-20120217-1437,org.eclipse.pde.api.tools.internal.search,ReferenceDescriptor,getComponent,3,1,0
eclipse.pde.ui-20120217-1437,org.eclipse.pde.api.tools.internal.search,ReferenceDescriptor,getLineNumber,3,1,0
eclipse.pde.ui-20120217-1437,org.eclipse.pde.api.tools.internal.search,ReferenceDescriptor,getMember,3,1,0
eclipse.pde.ui-20120217-1437,org.eclipse.pde.api.tools.internal.search,ReferenceDescriptor,getReferenceKind,3,1,0
eclipse.pde.ui-20120217-1437,org.eclipse.pde.api.tools.internal.search,ReferenceDescriptor,getReferenceFlags,3,1,0
eclipse.pde.ui-20120217-1437,org.eclipse.pde.api.tools.internal.search,ReferenceDescriptor,getReferenceType,12,4,0
eclipse.pde.ui-20120217-1437,org.eclipse.pde.api.tools.internal.search,ReferenceDescriptor,getReferencedComponent,3,1,0
eclipse.pde.ui-20120217-1437,org.eclipse.pde.api.tools.internal.search,ReferenceDescriptor,getReferencedMember,3,1,0
eclipse.pde.ui-20120217-1437,org.eclipse.pde.api.tools.internal.search,ReferenceDescriptor,getVisibility,3,1,0
eclipse.pde.ui-20120217-1437,org.eclipse.pde.api.tools.internal.search,ReferenceDescriptor,getProblemMessages,3,1,0
eclipse.pde.ui-20120217-1437,org.eclipse.pde.api.tools.internal.search,ReferenceLookupVisitor,ReferenceLookupVisitor,4,1,2
eclipse.pde.ui-20120217-1437,org.eclipse.pde.api.tools.internal.search,ReferenceLookupVisitor,visitComponent,20,4,1
eclipse.pde.ui-20120217-1437,org.eclipse.pde.api.tools.internal.search,ReferenceLookupVisitor,visitReferencingComponent,10,3,1
eclipse.pde.ui-20120217-1437,org.eclipse.pde.api.tools.internal.search,ReferenceLookupVisitor,visitMember,35,7,1
eclipse.pde.ui-20120217-1437,org.eclipse.pde.api.tools.internal.search,ReferenceLookupVisitor,visitReference,32,7,1
eclipse.pde.ui-20120217-1437,org.eclipse.pde.api.tools.internal.search,ReferenceLookupVisitor,addError,3,1,1
eclipse.pde.ui-20120217-1437,org.eclipse.pde.api.tools.internal.search,ReferenceLookupVisitor,endVisitComponent,17,4,1
eclipse.pde.ui-20120217-1437,org.eclipse.pde.api.tools.internal.search,ReferenceLookupVisitor,endVisitScan,36,4,0
eclipse.pde.ui-20120217-1437,org.eclipse.pde.api.tools.internal.search,ReferenceLookupVisitor,addMissingComponents,11,2,4
eclipse.pde.ui-20120217-1437,org.eclipse.pde.api.tools.internal.search,ReferenceLookupVisitor,setAnalysisScope,3,1,1
eclipse.pde.ui-20120217-1437,org.eclipse.pde.api.tools.internal.search,ReferenceLookupVisitor,setTargetScope,3,1,1
eclipse.pde.ui-20120217-1437,org.eclipse.pde.api.tools.internal.search,ReferenceLookupVisitor,setExcludedElements,3,1,1
eclipse.pde.ui-20120217-1437,org.eclipse.pde.api.tools.internal.search,ReferenceLookupVisitor,setIncludedElements,3,1,1
eclipse.pde.ui-20120217-1437,org.eclipse.pde.api.tools.internal.search,SearchMessages,SearchMessages,2,1,0
eclipse.pde.ui-20120217-1437,org.eclipse.pde.api.tools.internal.search,SkippedComponent,SkippedComponent,5,1,3
eclipse.pde.ui-20120217-1437,org.eclipse.pde.api.tools.internal.search,SkippedComponent,equals,6,2,1
eclipse.pde.ui-20120217-1437,org.eclipse.pde.api.tools.internal.search,SkippedComponent,hashCode,3,1,0
eclipse.pde.ui-20120217-1437,org.eclipse.pde.api.tools.internal.search,SkippedComponent,getComponentId,3,1,0
eclipse.pde.ui-20120217-1437,org.eclipse.pde.api.tools.internal.search,SkippedComponent,wasExcluded,3,1,0
eclipse.pde.ui-20120217-1437,org.eclipse.pde.api.tools.internal.search,SkippedComponent,hasResolutionErrors,3,1,0
eclipse.pde.ui-20120217-1437,org.eclipse.pde.api.tools.internal.search,SkippedComponent,getAncestor,3,1,1
eclipse.pde.ui-20120217-1437,org.eclipse.pde.api.tools.internal.search,SkippedComponent,getVersion,3,1,0
eclipse.pde.ui-20120217-1437,org.eclipse.pde.api.tools.internal.search,SkippedComponent,getApiComponent,3,1,0
eclipse.pde.ui-20120217-1437,org.eclipse.pde.api.tools.internal.search,SkippedComponent,getName,3,1,0
eclipse.pde.ui-20120217-1437,org.eclipse.pde.api.tools.internal.search,SkippedComponent,getParent,3,1,0
eclipse.pde.ui-20120217-1437,org.eclipse.pde.api.tools.internal.search,SkippedComponent,getType,3,1,0
eclipse.pde.ui-20120217-1437,org.eclipse.pde.api.tools.internal.search,SkippedComponent,getErrors,3,1,0
eclipse.pde.ui-20120217-1437,org.eclipse.pde.api.tools.internal.search,SkippedComponent,resolveRootErrors,26,5,1
eclipse.pde.ui-20120217-1437,org.eclipse.pde.api.tools.internal.search,SkippedComponent,compare,3,1,2
eclipse.pde.ui-20120217-1437,org.eclipse.pde.api.tools.internal.search,SkippedComponent,getErrorDetails,11,3,0
eclipse.pde.ui-20120217-1437,org.eclipse.pde.api.tools.internal.search,UseMetadata,UseMetadata,2,1,0
eclipse.pde.ui-20120217-1437,org.eclipse.pde.api.tools.internal.search,UseMetadata,UseMetadata,12,1,10
eclipse.pde.ui-20120217-1437,org.eclipse.pde.api.tools.internal.search,UseMetadata,serializeToFile,65,8,1
eclipse.pde.ui-20120217-1437,org.eclipse.pde.api.tools.internal.search,UseMetadata,includesAPI,3,1,0
eclipse.pde.ui-20120217-1437,org.eclipse.pde.api.tools.internal.search,UseMetadata,includesInternal,3,1,0
eclipse.pde.ui-20120217-1437,org.eclipse.pde.api.tools.internal.search,UseMetadata,includesIllegalUse,3,1,0
eclipse.pde.ui-20120217-1437,org.eclipse.pde.api.tools.internal.search,UseMetadata,setRunAtDate,3,1,1
eclipse.pde.ui-20120217-1437,org.eclipse.pde.api.tools.internal.search,UseMetadata,getRunAtDate,3,1,0
eclipse.pde.ui-20120217-1437,org.eclipse.pde.api.tools.internal.search,UseMetadata,getDescription,3,1,0
eclipse.pde.ui-20120217-1437,org.eclipse.pde.api.tools.internal.search,UseMetadata,setDescription,3,1,1
eclipse.pde.ui-20120217-1437,org.eclipse.pde.api.tools.internal.search,UseMetadata,setSearchflags,3,1,1
eclipse.pde.ui-20120217-1437,org.eclipse.pde.api.tools.internal.search,UseMetadata,getApiPatterns,3,1,0
eclipse.pde.ui-20120217-1437,org.eclipse.pde.api.tools.internal.search,UseMetadata,setApiPatterns,3,1,1
eclipse.pde.ui-20120217-1437,org.eclipse.pde.api.tools.internal.search,UseMetadata,getInternalPatterns,3,1,0
eclipse.pde.ui-20120217-1437,org.eclipse.pde.api.tools.internal.search,UseMetadata,setInternalPatterns,3,1,1
eclipse.pde.ui-20120217-1437,org.eclipse.pde.api.tools.internal.search,UseMetadata,getArchivePatterns,3,1,0
eclipse.pde.ui-20120217-1437,org.eclipse.pde.api.tools.internal.search,UseMetadata,setArchivePatterns,3,1,1
eclipse.pde.ui-20120217-1437,org.eclipse.pde.api.tools.internal.search,UseMetadata,getBaselineLocation,3,1,0
eclipse.pde.ui-20120217-1437,org.eclipse.pde.api.tools.internal.search,UseMetadata,setBaselineLocation,3,1,1
eclipse.pde.ui-20120217-1437,org.eclipse.pde.api.tools.internal.search,UseMetadata,getReportLocation,3,1,0
eclipse.pde.ui-20120217-1437,org.eclipse.pde.api.tools.internal.search,UseMetadata,setReportLocation,3,1,1
eclipse.pde.ui-20120217-1437,org.eclipse.pde.api.tools.internal.search,UseMetadata,setReferencePattern,3,1,1
eclipse.pde.ui-20120217-1437,org.eclipse.pde.api.tools.internal.search,UseMetadata,getReferencePattern,3,1,0
eclipse.pde.ui-20120217-1437,org.eclipse.pde.api.tools.internal.search,UseMetadata,setScopePattern,3,1,1
eclipse.pde.ui-20120217-1437,org.eclipse.pde.api.tools.internal.search,UseMetadata,getScopePattern,3,1,0
eclipse.pde.ui-20120217-1437,org.eclipse.pde.api.tools.internal.search,UseReportConverter,acceptReference,10,4,2
eclipse.pde.ui-20120217-1437,org.eclipse.pde.api.tools.internal.search,UseReportConverter,getEnclosingDescriptor,14,4,1
eclipse.pde.ui-20120217-1437,org.eclipse.pde.api.tools.internal.search,UseReportConverter,visitComponent,6,1,1
eclipse.pde.ui-20120217-1437,org.eclipse.pde.api.tools.internal.search,UseReportConverter,endVisitComponent,26,4,1
eclipse.pde.ui-20120217-1437,org.eclipse.pde.api.tools.internal.search,UseReportConverter,visitReferencingComponent,4,1,1
eclipse.pde.ui-20120217-1437,org.eclipse.pde.api.tools.internal.search,UseReportConverter,endVisitReferencingComponent,5,2,1
eclipse.pde.ui-20120217-1437,org.eclipse.pde.api.tools.internal.search,UseReportConverter,visitMember,22,5,1
eclipse.pde.ui-20120217-1437,org.eclipse.pde.api.tools.internal.search,UseReportConverter,endVisitMember,13,4,1
eclipse.pde.ui-20120217-1437,org.eclipse.pde.api.tools.internal.search,UseReportConverter,formatMessages,13,4,1
eclipse.pde.ui-20120217-1437,org.eclipse.pde.api.tools.internal.search,UseReportConverter,visitReference,156,21,1
eclipse.pde.ui-20120217-1437,org.eclipse.pde.api.tools.internal.search,UseReportConverter,compare,31,7,2
eclipse.pde.ui-20120217-1437,org.eclipse.pde.api.tools.internal.search,UseReportConverter,Type,3,1,1
eclipse.pde.ui-20120217-1437,org.eclipse.pde.api.tools.internal.search,UseReportConverter,Member,3,1,1
eclipse.pde.ui-20120217-1437,org.eclipse.pde.api.tools.internal.search,UseReportConverter,Reference,6,1,4
eclipse.pde.ui-20120217-1437,org.eclipse.pde.api.tools.internal.search,UseReportConverter,getTotalRefCount,3,1,0
eclipse.pde.ui-20120217-1437,org.eclipse.pde.api.tools.internal.search,UseReportConverter,getTotalApiRefCount,3,1,0
eclipse.pde.ui-20120217-1437,org.eclipse.pde.api.tools.internal.search,UseReportConverter,getTotalInternalRefCount,3,1,0
eclipse.pde.ui-20120217-1437,org.eclipse.pde.api.tools.internal.search,UseReportConverter,getTotalPermissableRefCount,3,1,0
eclipse.pde.ui-20120217-1437,org.eclipse.pde.api.tools.internal.search,UseReportConverter,getTotalFragmentPermissibleRefCount,3,1,0
eclipse.pde.ui-20120217-1437,org.eclipse.pde.api.tools.internal.search,UseReportConverter,getTotalIllegalRefCount,3,1,0
eclipse.pde.ui-20120217-1437,org.eclipse.pde.api.tools.internal.search,UseReportConverter,startElement,14,4,4
eclipse.pde.ui-20120217-1437,org.eclipse.pde.api.tools.internal.search,UseReportConverter,setDebug,3,1,1
eclipse.pde.ui-20120217-1437,org.eclipse.pde.api.tools.internal.search,UseReportConverter,UseReportConverter,38,9,4
eclipse.pde.ui-20120217-1437,org.eclipse.pde.api.tools.internal.search,UseReportConverter,getHtmlLocation,3,1,0
eclipse.pde.ui-20120217-1437,org.eclipse.pde.api.tools.internal.search,UseReportConverter,getXmlLocation,3,1,0
eclipse.pde.ui-20120217-1437,org.eclipse.pde.api.tools.internal.search,UseReportConverter,getReportsRoot,6,2,0
eclipse.pde.ui-20120217-1437,org.eclipse.pde.api.tools.internal.search,UseReportConverter,hasMissing,3,1,0
eclipse.pde.ui-20120217-1437,org.eclipse.pde.api.tools.internal.search,UseReportConverter,convert,70,13,2
eclipse.pde.ui-20120217-1437,org.eclipse.pde.api.tools.internal.search,UseReportConverter,parse,6,1,1
eclipse.pde.ui-20120217-1437,org.eclipse.pde.api.tools.internal.search,UseReportConverter,getParser,18,3,0
eclipse.pde.ui-20120217-1437,org.eclipse.pde.api.tools.internal.search,UseReportConverter,composeName,9,2,2
eclipse.pde.ui-20120217-1437,org.eclipse.pde.api.tools.internal.search,UseReportConverter,getReportIndex,3,1,0
eclipse.pde.ui-20120217-1437,org.eclipse.pde.api.tools.internal.search,UseReportConverter,setReportIndex,3,1,1
eclipse.pde.ui-20120217-1437,org.eclipse.pde.api.tools.internal.search,UseReportConverter,applyXSLT,16,4,3
eclipse.pde.ui-20120217-1437,org.eclipse.pde.api.tools.internal.search,UseReportConverter,applyXSLT,7,1,3
eclipse.pde.ui-20120217-1437,org.eclipse.pde.api.tools.internal.search,UseReportConverter,tranformXml,18,3,2
eclipse.pde.ui-20120217-1437,org.eclipse.pde.api.tools.internal.search,UseReportConverter,getHTMLFileLocation,14,3,1
eclipse.pde.ui-20120217-1437,org.eclipse.pde.api.tools.internal.search,UseReportConverter,getNameFromXMLFilename,8,1,1
eclipse.pde.ui-20120217-1437,org.eclipse.pde.api.tools.internal.search,UseReportConverter,getMissingBundles,5,1,1
eclipse.pde.ui-20120217-1437,org.eclipse.pde.api.tools.internal.search,UseReportConverter,getMissingBundlesHeader,3,1,0
eclipse.pde.ui-20120217-1437,org.eclipse.pde.api.tools.internal.search,UseReportConverter,writeMetaPage,35,4,1
eclipse.pde.ui-20120217-1437,org.eclipse.pde.api.tools.internal.search,UseReportConverter,writeMissingBundlesPage,60,8,1
eclipse.pde.ui-20120217-1437,org.eclipse.pde.api.tools.internal.search,UseReportConverter,writeNotSearchedPage,34,6,1
eclipse.pde.ui-20120217-1437,org.eclipse.pde.api.tools.internal.search,UseReportConverter,getNotSearchedXSLPath,3,1,0
eclipse.pde.ui-20120217-1437,org.eclipse.pde.api.tools.internal.search,UseReportConverter,writeReferencedMemberPage,86,8,2
eclipse.pde.ui-20120217-1437,org.eclipse.pde.api.tools.internal.search,UseReportConverter,getRowColour,9,3,1
eclipse.pde.ui-20120217-1437,org.eclipse.pde.api.tools.internal.search,UseReportConverter,getAdditionalReferencedTypeInformation,3,1,0
eclipse.pde.ui-20120217-1437,org.eclipse.pde.api.tools.internal.search,UseReportConverter,getReferencedTypeTitle,3,1,1
eclipse.pde.ui-20120217-1437,org.eclipse.pde.api.tools.internal.search,UseReportConverter,writeTypePage,57,3,4
eclipse.pde.ui-20120217-1437,org.eclipse.pde.api.tools.internal.search,UseReportConverter,getTypeDetailsHeader,3,1,0
eclipse.pde.ui-20120217-1437,org.eclipse.pde.api.tools.internal.search,UseReportConverter,getTypeDetails,3,1,0
eclipse.pde.ui-20120217-1437,org.eclipse.pde.api.tools.internal.search,UseReportConverter,getTypeTitle,3,1,1
eclipse.pde.ui-20120217-1437,org.eclipse.pde.api.tools.internal.search,UseReportConverter,getReferencesTable,40,4,1
eclipse.pde.ui-20120217-1437,org.eclipse.pde.api.tools.internal.search,UseReportConverter,getDisplayName,34,6,3
eclipse.pde.ui-20120217-1437,org.eclipse.pde.api.tools.internal.search,UseReportConverter,extractLinkFrom,10,2,2
eclipse.pde.ui-20120217-1437,org.eclipse.pde.api.tools.internal.search,UseReportConverter,getIndexTitle,3,1,0
eclipse.pde.ui-20120217-1437,org.eclipse.pde.api.tools.internal.search,UseReportConverter,writeIndexPage,77,9,1
eclipse.pde.ui-20120217-1437,org.eclipse.pde.api.tools.internal.search,UseReportConverter,compare,3,1,2
eclipse.pde.ui-20120217-1437,org.eclipse.pde.api.tools.internal.search,UseReportConverter,getColourLegend,16,1,0
eclipse.pde.ui-20120217-1437,org.eclipse.pde.api.tools.internal.search,UseReportConverter,getNoReportsInformation,5,1,0
eclipse.pde.ui-20120217-1437,org.eclipse.pde.api.tools.internal.search,UseReportConverter,writeMetadataHeaders,3,1,1
eclipse.pde.ui-20120217-1437,org.eclipse.pde.api.tools.internal.search,UseReportConverter,writeMetadataSummary,115,12,1
eclipse.pde.ui-20120217-1437,org.eclipse.pde.api.tools.internal.search,UseReportConverter,getMetadata,72,15,0
eclipse.pde.ui-20120217-1437,org.eclipse.pde.api.tools.internal.search,UseReportConverter,readPatterns,12,3,1
eclipse.pde.ui-20120217-1437,org.eclipse.pde.api.tools.internal.search,UseReportConverter,writeMetaTag,3,1,3
eclipse.pde.ui-20120217-1437,org.eclipse.pde.api.tools.internal.search,UseReportConverter,getReferencesTableHeader,28,2,3
eclipse.pde.ui-20120217-1437,org.eclipse.pde.api.tools.internal.search,UseReportConverter,getReferenceTableEntry,15,2,4
eclipse.pde.ui-20120217-1437,org.eclipse.pde.api.tools.internal.search,UseReportConverter,getBundleOnlyName,7,2,1
eclipse.pde.ui-20120217-1437,org.eclipse.pde.api.tools.internal.search,UseReportConverter,getVersion,14,2,1
eclipse.pde.ui-20120217-1437,org.eclipse.pde.api.tools.internal.search,UseReportConverter,getAdditionalIndexInfo,3,1,1
eclipse.pde.ui-20120217-1437,org.eclipse.pde.api.tools.internal.search,UseReportConverter,getTypeCountSummary,6,1,3
eclipse.pde.ui-20120217-1437,org.eclipse.pde.api.tools.internal.search,Visitor,acceptReference,10,4,2
eclipse.pde.ui-20120217-1437,org.eclipse.pde.api.tools.internal.search,Visitor,getEnclosingDescriptor,14,4,1
eclipse.pde.ui-20120217-1437,org.eclipse.pde.api.tools.internal.search,Visitor,visitComponent,6,1,1
eclipse.pde.ui-20120217-1437,org.eclipse.pde.api.tools.internal.search,Visitor,endVisitComponent,26,4,1
eclipse.pde.ui-20120217-1437,org.eclipse.pde.api.tools.internal.search,Visitor,visitReferencingComponent,4,1,1
eclipse.pde.ui-20120217-1437,org.eclipse.pde.api.tools.internal.search,Visitor,endVisitReferencingComponent,5,2,1
eclipse.pde.ui-20120217-1437,org.eclipse.pde.api.tools.internal.search,Visitor,visitMember,22,5,1
eclipse.pde.ui-20120217-1437,org.eclipse.pde.api.tools.internal.search,Visitor,endVisitMember,13,4,1
eclipse.pde.ui-20120217-1437,org.eclipse.pde.api.tools.internal.search,Visitor,formatMessages,13,4,1
eclipse.pde.ui-20120217-1437,org.eclipse.pde.api.tools.internal.search,Visitor,visitReference,156,21,1
eclipse.pde.ui-20120217-1437,org.eclipse.pde.api.tools.internal.search,Type,Type,3,1,1
eclipse.pde.ui-20120217-1437,org.eclipse.pde.api.tools.internal.search,Member,Member,3,1,1
eclipse.pde.ui-20120217-1437,org.eclipse.pde.api.tools.internal.search,Reference,Reference,6,1,4
eclipse.pde.ui-20120217-1437,org.eclipse.pde.api.tools.internal.search,CountGroup,getTotalRefCount,3,1,0
eclipse.pde.ui-20120217-1437,org.eclipse.pde.api.tools.internal.search,CountGroup,getTotalApiRefCount,3,1,0
eclipse.pde.ui-20120217-1437,org.eclipse.pde.api.tools.internal.search,CountGroup,getTotalInternalRefCount,3,1,0
eclipse.pde.ui-20120217-1437,org.eclipse.pde.api.tools.internal.search,CountGroup,getTotalPermissableRefCount,3,1,0
eclipse.pde.ui-20120217-1437,org.eclipse.pde.api.tools.internal.search,CountGroup,getTotalFragmentPermissibleRefCount,3,1,0
eclipse.pde.ui-20120217-1437,org.eclipse.pde.api.tools.internal.search,CountGroup,getTotalIllegalRefCount,3,1,0
eclipse.pde.ui-20120217-1437,org.eclipse.pde.api.tools.internal.search,MissingHandler,startElement,14,4,4
eclipse.pde.ui-20120217-1437,org.eclipse.pde.api.tools.internal.search,UseScanManager,UseScanCache,3,1,1
eclipse.pde.ui-20120217-1437,org.eclipse.pde.api.tools.internal.search,UseScanManager,UseScanCache,3,1,2
eclipse.pde.ui-20120217-1437,org.eclipse.pde.api.tools.internal.search,UseScanManager,close,5,1,1
eclipse.pde.ui-20120217-1437,org.eclipse.pde.api.tools.internal.search,UseScanManager,newInstance,3,1,2
eclipse.pde.ui-20120217-1437,org.eclipse.pde.api.tools.internal.search,UseScanManager,accept,6,2,1
eclipse.pde.ui-20120217-1437,org.eclipse.pde.api.tools.internal.search,UseScanManager,UseScanManager,2,1,0
eclipse.pde.ui-20120217-1437,org.eclipse.pde.api.tools.internal.search,UseScanManager,getInstance,7,2,0
eclipse.pde.ui-20120217-1437,org.eclipse.pde.api.tools.internal.search,UseScanManager,getExternalDependenciesFor,30,6,3
eclipse.pde.ui-20120217-1437,org.eclipse.pde.api.tools.internal.search,UseScanManager,fetch,76,13,4
eclipse.pde.ui-20120217-1437,org.eclipse.pde.api.tools.internal.search,UseScanManager,getExactScanLocation,11,3,1
eclipse.pde.ui-20120217-1437,org.eclipse.pde.api.tools.internal.search,UseScanManager,isValidDirectory,19,3,1
eclipse.pde.ui-20120217-1437,org.eclipse.pde.api.tools.internal.search,UseScanManager,isValidArchive,37,8,1
eclipse.pde.ui-20120217-1437,org.eclipse.pde.api.tools.internal.search,UseScanManager,isValidScanLocation,8,2,1
eclipse.pde.ui-20120217-1437,org.eclipse.pde.api.tools.internal.search,UseScanManager,getReportLocations,14,4,0
eclipse.pde.ui-20120217-1437,org.eclipse.pde.api.tools.internal.search,UseScanManager,setReportLocations,3,1,1
eclipse.pde.ui-20120217-1437,org.eclipse.pde.api.tools.internal.search,UseScanManager,setCacheSize,3,1,1
eclipse.pde.ui-20120217-1437,org.eclipse.pde.api.tools.internal.search,UseScanManager,clearCache,8,2,0
eclipse.pde.ui-20120217-1437,org.eclipse.pde.api.tools.internal.search,UseScanCache,UseScanCache,3,1,1
eclipse.pde.ui-20120217-1437,org.eclipse.pde.api.tools.internal.search,UseScanCache,UseScanCache,3,1,2
eclipse.pde.ui-20120217-1437,org.eclipse.pde.api.tools.internal.search,UseScanCache,close,5,1,1
eclipse.pde.ui-20120217-1437,org.eclipse.pde.api.tools.internal.search,UseScanCache,newInstance,3,1,2
eclipse.pde.ui-20120217-1437,org.eclipse.pde.api.tools.internal.search,UseScanParser,ReferenceHandler,3,1,1
eclipse.pde.ui-20120217-1437,org.eclipse.pde.api.tools.internal.search,UseScanParser,startElement,3,1,4
eclipse.pde.ui-20120217-1437,org.eclipse.pde.api.tools.internal.search,UseScanParser,getIdVersion,15,4,1
eclipse.pde.ui-20120217-1437,org.eclipse.pde.api.tools.internal.search,UseScanParser,processElement,87,15,5
eclipse.pde.ui-20120217-1437,org.eclipse.pde.api.tools.internal.search,UseScanParser,parseMessages,8,2,1
eclipse.pde.ui-20120217-1437,org.eclipse.pde.api.tools.internal.search,UseScanParser,parse,69,11,3
eclipse.pde.ui-20120217-1437,org.eclipse.pde.api.tools.internal.search,UseScanParser,accept,3,1,1
eclipse.pde.ui-20120217-1437,org.eclipse.pde.api.tools.internal.search,UseScanParser,getParser,12,1,0
eclipse.pde.ui-20120217-1437,org.eclipse.pde.api.tools.internal.search,UseScanParser,getReferencingComponent,3,1,0
eclipse.pde.ui-20120217-1437,org.eclipse.pde.api.tools.internal.search,UseScanParser,getTargetComponent,3,1,0
eclipse.pde.ui-20120217-1437,org.eclipse.pde.api.tools.internal.search,UseScanParser,getTargetMember,3,1,0
eclipse.pde.ui-20120217-1437,org.eclipse.pde.api.tools.internal.search,UseScanParser,getReferenceKind,3,1,0
eclipse.pde.ui-20120217-1437,org.eclipse.pde.api.tools.internal.search,UseScanParser,getVisibility,3,1,0
eclipse.pde.ui-20120217-1437,org.eclipse.pde.api.tools.internal.search,UseScanParser,getDirectories,9,1,1
eclipse.pde.ui-20120217-1437,org.eclipse.pde.api.tools.internal.search,UseScanParser,accept,3,1,1
eclipse.pde.ui-20120217-1437,org.eclipse.pde.api.tools.internal.search,UseScanParser,getTypeFromFileName,9,3,1
eclipse.pde.ui-20120217-1437,org.eclipse.pde.api.tools.internal.search,UseScanParser,enterTargetComponent,18,4,1
eclipse.pde.ui-20120217-1437,org.eclipse.pde.api.tools.internal.search,UseScanParser,enterReferencingComponent,19,5,1
eclipse.pde.ui-20120217-1437,org.eclipse.pde.api.tools.internal.search,UseScanParser,enterVisibility,3,1,1
eclipse.pde.ui-20120217-1437,org.eclipse.pde.api.tools.internal.search,UseScanParser,enterTargetMember,9,3,1
eclipse.pde.ui-20120217-1437,org.eclipse.pde.api.tools.internal.search,UseScanParser,enterReferenceKind,3,1,1
eclipse.pde.ui-20120217-1437,org.eclipse.pde.api.tools.internal.search,UseScanParser,setReference,5,2,1
eclipse.pde.ui-20120217-1437,org.eclipse.pde.api.tools.internal.search,UseScanParser,endMember,8,3,0
eclipse.pde.ui-20120217-1437,org.eclipse.pde.api.tools.internal.search,UseScanParser,endReferencingComponent,8,3,0
eclipse.pde.ui-20120217-1437,org.eclipse.pde.api.tools.internal.search,UseScanParser,endComponent,6,2,0
eclipse.pde.ui-20120217-1437,org.eclipse.pde.api.tools.internal.search,UseScanParser,sort,8,2,1
eclipse.pde.ui-20120217-1437,org.eclipse.pde.api.tools.internal.search,ReferenceHandler,ReferenceHandler,3,1,1
eclipse.pde.ui-20120217-1437,org.eclipse.pde.api.tools.internal.search,ReferenceHandler,startElement,3,1,4
eclipse.pde.ui-20120217-1437,org.eclipse.pde.api.tools.internal.search,UseScanReferenceVisitor,UseScanReferenceVisitor,10,2,3
eclipse.pde.ui-20120217-1437,org.eclipse.pde.api.tools.internal.search,UseScanReferenceVisitor,visitComponent,7,2,1
eclipse.pde.ui-20120217-1437,org.eclipse.pde.api.tools.internal.search,UseScanReferenceVisitor,visitMember,17,3,1
eclipse.pde.ui-20120217-1437,org.eclipse.pde.api.tools.internal.search,UseScanReferenceVisitor,visitReference,4,1,1
eclipse.pde.ui-20120217-1437,org.eclipse.pde.api.tools.internal.search,UseScanReferenceVisitor,visitReferencingComponent,4,1,1
eclipse.pde.ui-20120217-1437,org.eclipse.pde.api.tools.internal.search,UseScanReferences,UseScanReferences,3,1,0
eclipse.pde.ui-20120217-1437,org.eclipse.pde.api.tools.internal.search,UseScanReferences,add,10,3,2
eclipse.pde.ui-20120217-1437,org.eclipse.pde.api.tools.internal.search,UseScanReferences,hasReferencesTo,7,2,1
eclipse.pde.ui-20120217-1437,org.eclipse.pde.api.tools.internal.search,UseScanReferences,getExternalDependenciesTo,14,4,1
eclipse.pde.ui-20120217-1437,org.eclipse.pde.api.tools.internal.search,UseScanReferences,getAllExternalDependencies,8,2,0
eclipse.pde.ui-20120217-1437,org.eclipse.pde.api.tools.internal.search,UseScanReferences,getCacheFootprint,3,1,0
eclipse.pde.ui-20120217-1437,org.eclipse.pde.api.tools.internal.search,UseScanReferences,clear,3,1,0
eclipse.pde.ui-20120217-1437,org.eclipse.pde.api.tools.internal.search,UseScanVisitor,visitScan,2,1,0
eclipse.pde.ui-20120217-1437,org.eclipse.pde.api.tools.internal.search,UseScanVisitor,endVisitScan,2,1,0
eclipse.pde.ui-20120217-1437,org.eclipse.pde.api.tools.internal.search,UseScanVisitor,visitComponent,3,1,1
eclipse.pde.ui-20120217-1437,org.eclipse.pde.api.tools.internal.search,UseScanVisitor,endVisitComponent,2,1,1
eclipse.pde.ui-20120217-1437,org.eclipse.pde.api.tools.internal.search,UseScanVisitor,visitReferencingComponent,3,1,1
eclipse.pde.ui-20120217-1437,org.eclipse.pde.api.tools.internal.search,UseScanVisitor,endVisitReferencingComponent,2,1,1
eclipse.pde.ui-20120217-1437,org.eclipse.pde.api.tools.internal.search,UseScanVisitor,visitMember,3,1,1
eclipse.pde.ui-20120217-1437,org.eclipse.pde.api.tools.internal.search,UseScanVisitor,endVisitMember,2,1,1
eclipse.pde.ui-20120217-1437,org.eclipse.pde.api.tools.internal.search,UseScanVisitor,visitReference,2,1,1
eclipse.pde.ui-20120217-1437,org.eclipse.pde.api.tools.internal.search,UseSearchRequestor,UseSearchRequestor,6,1,3
eclipse.pde.ui-20120217-1437,org.eclipse.pde.api.tools.internal.search,UseSearchRequestor,acceptComponent,13,3,1
eclipse.pde.ui-20120217-1437,org.eclipse.pde.api.tools.internal.search,UseSearchRequestor,acceptContainer,3,1,1
eclipse.pde.ui-20120217-1437,org.eclipse.pde.api.tools.internal.search,UseSearchRequestor,acceptMember,10,2,1
eclipse.pde.ui-20120217-1437,org.eclipse.pde.api.tools.internal.search,UseSearchRequestor,considerTypeContainer,19,7,1
eclipse.pde.ui-20120217-1437,org.eclipse.pde.api.tools.internal.search,UseSearchRequestor,acceptReference,28,7,1
eclipse.pde.ui-20120217-1437,org.eclipse.pde.api.tools.internal.search,UseSearchRequestor,isIllegalUse,17,3,1
eclipse.pde.ui-20120217-1437,org.eclipse.pde.api.tools.internal.search,UseSearchRequestor,getReferenceKinds,3,1,0
eclipse.pde.ui-20120217-1437,org.eclipse.pde.api.tools.internal.search,UseSearchRequestor,prepareScope,8,3,1
eclipse.pde.ui-20120217-1437,org.eclipse.pde.api.tools.internal.search,UseSearchRequestor,getScope,3,1,0
eclipse.pde.ui-20120217-1437,org.eclipse.pde.api.tools.internal.search,UseSearchRequestor,includesAPI,3,1,0
eclipse.pde.ui-20120217-1437,org.eclipse.pde.api.tools.internal.search,UseSearchRequestor,includesInternal,3,1,0
eclipse.pde.ui-20120217-1437,org.eclipse.pde.api.tools.internal.search,UseSearchRequestor,includesIllegalUse,3,1,0
eclipse.pde.ui-20120217-1437,org.eclipse.pde.api.tools.internal.search,UseSearchRequestor,setJarPatterns,3,1,1
eclipse.pde.ui-20120217-1437,org.eclipse.pde.api.tools.internal.search,XmlReferenceDescriptorWriter,XmlReferenceDescriptorWriter,13,1,1
eclipse.pde.ui-20120217-1437,org.eclipse.pde.api.tools.internal.search,XmlReferenceDescriptorWriter,writeReferences,21,4,1
eclipse.pde.ui-20120217-1437,org.eclipse.pde.api.tools.internal.search,XmlReferenceDescriptorWriter,collateResults,56,9,1
eclipse.pde.ui-20120217-1437,org.eclipse.pde.api.tools.internal.search,XmlReferenceDescriptorWriter,getId,5,1,1
eclipse.pde.ui-20120217-1437,org.eclipse.pde.api.tools.internal.search,XmlReferenceDescriptorWriter,getFormattedTypeName,12,4,1
eclipse.pde.ui-20120217-1437,org.eclipse.pde.api.tools.internal.search,XmlReferenceDescriptorWriter,getRefTypeName,11,4,1
eclipse.pde.ui-20120217-1437,org.eclipse.pde.api.tools.internal.search,XmlReferenceDescriptorWriter,writeXML,47,8,1
eclipse.pde.ui-20120217-1437,org.eclipse.pde.api.tools.internal.search,XmlReferenceDescriptorWriter,writeGroup,88,14,6
eclipse.pde.ui-20120217-1437,org.eclipse.pde.api.tools.internal.search,XmlReferenceDescriptorWriter,addMemberDetails,18,4,2
eclipse.pde.ui-20120217-1437,org.eclipse.pde.api.tools.internal.search,XmlReferenceDescriptorWriter,findTypeElement,14,4,2
eclipse.pde.ui-20120217-1437,org.eclipse.pde.api.tools.internal.search,XmlReferenceDescriptorWriter,findKindElement,11,3,2
eclipse.pde.ui-20120217-1437,org.eclipse.pde.api.tools.internal.search,XmlReferenceDescriptorWriter,writeReference,25,4,3
eclipse.pde.ui-20120217-1437,org.eclipse.pde.api.tools.internal.search,XmlReferenceDescriptorWriter,getText,10,3,1
eclipse.pde.ui-20120217-1437,org.eclipse.pde.api.tools.internal.search,XmlReferenceDescriptorWriter,getText,11,4,1
eclipse.pde.ui-20120217-1437,org.eclipse.pde.api.tools.internal.search,XmlReferenceDescriptorWriter,setAlternate,3,1,1
eclipse.pde.ui-20120217-1437,org.eclipse.pde.api.tools.internal.search,XmlSearchReporter,XmlSearchReporter,14,1,2
eclipse.pde.ui-20120217-1437,org.eclipse.pde.api.tools.internal.search,XmlSearchReporter,reportResults,29,6,2
eclipse.pde.ui-20120217-1437,org.eclipse.pde.api.tools.internal.search,XmlSearchReporter,getId,5,1,1
eclipse.pde.ui-20120217-1437,org.eclipse.pde.api.tools.internal.search,XmlSearchReporter,reportNotSearched,50,7,1
eclipse.pde.ui-20120217-1437,org.eclipse.pde.api.tools.internal.search,XmlSearchReporter,reportMetadata,28,5,1
eclipse.pde.ui-20120217-1437,org.eclipse.pde.api.tools.internal.search,XmlSearchReporter,reportCounts,40,5,0
eclipse.pde.ui-20120217-1437,org.eclipse.pde.api.tools.internal.util,FileManager,FileManager,2,1,0
eclipse.pde.ui-20120217-1437,org.eclipse.pde.api.tools.internal.util,FileManager,getManager,6,2,0
eclipse.pde.ui-20120217-1437,org.eclipse.pde.api.tools.internal.util,FileManager,recordTempFileRoot,10,3,1
eclipse.pde.ui-20120217-1437,org.eclipse.pde.api.tools.internal.util,FileManager,deleteFiles,18,3,0
eclipse.pde.ui-20120217-1437,org.eclipse.pde.api.tools.internal.util,FilteredElements,getExactMatches,6,2,0
eclipse.pde.ui-20120217-1437,org.eclipse.pde.api.tools.internal.util,FilteredElements,getPartialMatches,6,2,0
eclipse.pde.ui-20120217-1437,org.eclipse.pde.api.tools.internal.util,FilteredElements,containsPartialMatch,13,5,1
eclipse.pde.ui-20120217-1437,org.eclipse.pde.api.tools.internal.util,FilteredElements,containsExactMatch,4,2,1
eclipse.pde.ui-20120217-1437,org.eclipse.pde.api.tools.internal.util,FilteredElements,addPartialMatch,6,2,1
eclipse.pde.ui-20120217-1437,org.eclipse.pde.api.tools.internal.util,FilteredElements,addExactMatch,6,2,1
eclipse.pde.ui-20120217-1437,org.eclipse.pde.api.tools.internal.util,FilteredElements,toString,6,1,0
eclipse.pde.ui-20120217-1437,org.eclipse.pde.api.tools.internal.util,FilteredElements,printSet,15,3,3
eclipse.pde.ui-20120217-1437,org.eclipse.pde.api.tools.internal.util,FilteredElements,isEmpty,3,1,0
eclipse.pde.ui-20120217-1437,org.eclipse.pde.api.tools.internal.util,Signatures,Signatures,2,1,0
eclipse.pde.ui-20120217-1437,org.eclipse.pde.api.tools.internal.util,Signatures,processMethodSignature,7,2,1
eclipse.pde.ui-20120217-1437,org.eclipse.pde.api.tools.internal.util,Signatures,getPrimaryTypeName,7,2,1
eclipse.pde.ui-20120217-1437,org.eclipse.pde.api.tools.internal.util,Signatures,getMethodSignature,8,2,1
eclipse.pde.ui-20120217-1437,org.eclipse.pde.api.tools.internal.util,Signatures,getQualifiedMethodSignature,14,3,1
eclipse.pde.ui-20120217-1437,org.eclipse.pde.api.tools.internal.util,Signatures,getQualifiedMethodSignature,11,2,1
eclipse.pde.ui-20120217-1437,org.eclipse.pde.api.tools.internal.util,Signatures,getQualifiedMethodSignature,15,3,3
eclipse.pde.ui-20120217-1437,org.eclipse.pde.api.tools.internal.util,Signatures,getMethodSignature,12,2,2
eclipse.pde.ui-20120217-1437,org.eclipse.pde.api.tools.internal.util,Signatures,getMethodName,10,3,1
eclipse.pde.ui-20120217-1437,org.eclipse.pde.api.tools.internal.util,Signatures,getMethodName,10,3,1
eclipse.pde.ui-20120217-1437,org.eclipse.pde.api.tools.internal.util,Signatures,getFieldSignature,3,1,1
eclipse.pde.ui-20120217-1437,org.eclipse.pde.api.tools.internal.util,Signatures,getQualifiedFieldSignature,9,2,1
eclipse.pde.ui-20120217-1437,org.eclipse.pde.api.tools.internal.util,Signatures,getQualifiedFieldSignature,9,2,1
eclipse.pde.ui-20120217-1437,org.eclipse.pde.api.tools.internal.util,Signatures,getQualifiedTypeSignature,3,1,1
eclipse.pde.ui-20120217-1437,org.eclipse.pde.api.tools.internal.util,Signatures,getQualifiedTypeSignature,3,1,1
eclipse.pde.ui-20120217-1437,org.eclipse.pde.api.tools.internal.util,Signatures,getTypeSignature,3,1,1
eclipse.pde.ui-20120217-1437,org.eclipse.pde.api.tools.internal.util,Signatures,getTypeSignature,12,3,3
eclipse.pde.ui-20120217-1437,org.eclipse.pde.api.tools.internal.util,Signatures,getAnonymousTypeName,20,5,1
eclipse.pde.ui-20120217-1437,org.eclipse.pde.api.tools.internal.util,Signatures,appendTypeParameters,16,5,2
eclipse.pde.ui-20120217-1437,org.eclipse.pde.api.tools.internal.util,Signatures,getComma,3,1,0
eclipse.pde.ui-20120217-1437,org.eclipse.pde.api.tools.internal.util,Signatures,getLT,3,1,0
eclipse.pde.ui-20120217-1437,org.eclipse.pde.api.tools.internal.util,Signatures,getGT,3,1,0
eclipse.pde.ui-20120217-1437,org.eclipse.pde.api.tools.internal.util,Signatures,dequalifySignature,45,9,1
eclipse.pde.ui-20120217-1437,org.eclipse.pde.api.tools.internal.util,Signatures,getMethodSignatureFromNode,21,5,1
eclipse.pde.ui-20120217-1437,org.eclipse.pde.api.tools.internal.util,Signatures,getParametersTypeNames,13,3,1
eclipse.pde.ui-20120217-1437,org.eclipse.pde.api.tools.internal.util,Signatures,getType,34,6,1
eclipse.pde.ui-20120217-1437,org.eclipse.pde.api.tools.internal.util,Signatures,getTypeName,8,2,1
eclipse.pde.ui-20120217-1437,org.eclipse.pde.api.tools.internal.util,Signatures,getTypeSignature,26,6,1
eclipse.pde.ui-20120217-1437,org.eclipse.pde.api.tools.internal.util,Signatures,matchesSignatures,16,5,2
eclipse.pde.ui-20120217-1437,org.eclipse.pde.api.tools.internal.util,Signatures,matches,30,8,2
eclipse.pde.ui-20120217-1437,org.eclipse.pde.api.tools.internal.util,Signatures,isQualifiedSignature,7,2,1
eclipse.pde.ui-20120217-1437,org.eclipse.pde.api.tools.internal.util,Signatures,getPackageName,4,1,1
eclipse.pde.ui-20120217-1437,org.eclipse.pde.api.tools.internal.util,Signatures,collectSyntheticParam,36,9,2
eclipse.pde.ui-20120217-1437,org.eclipse.pde.api.tools.internal.util,Signatures,isStatic,13,5,1
eclipse.pde.ui-20120217-1437,org.eclipse.pde.api.tools.internal.util,Signatures,isInTopLevelType,4,1,1
eclipse.pde.ui-20120217-1437,org.eclipse.pde.api.tools.internal.util,Signatures,getSimpleTypeName,7,2,1
eclipse.pde.ui-20120217-1437,org.eclipse.pde.api.tools.internal.util,SinceTagVersion,SinceTagVersion,78,24,1
eclipse.pde.ui-20120217-1437,org.eclipse.pde.api.tools.internal.util,SinceTagVersion,getVersionString,3,1,0
eclipse.pde.ui-20120217-1437,org.eclipse.pde.api.tools.internal.util,SinceTagVersion,getVersion,3,1,0
eclipse.pde.ui-20120217-1437,org.eclipse.pde.api.tools.internal.util,SinceTagVersion,prefixString,3,1,0
eclipse.pde.ui-20120217-1437,org.eclipse.pde.api.tools.internal.util,SinceTagVersion,postfixString,3,1,0
eclipse.pde.ui-20120217-1437,org.eclipse.pde.api.tools.internal.util,SourceDefaultHandler,error,3,1,1
eclipse.pde.ui-20120217-1437,org.eclipse.pde.api.tools.internal.util,SourceDefaultHandler,startElement,4,2,4
eclipse.pde.ui-20120217-1437,org.eclipse.pde.api.tools.internal.util,SourceDefaultHandler,isSource,3,1,0
eclipse.pde.ui-20120217-1437,org.eclipse.pde.api.tools.internal.util,TarEntry,TarEntry,7,1,2
eclipse.pde.ui-20120217-1437,org.eclipse.pde.api.tools.internal.util,TarEntry,TarEntry,3,1,1
eclipse.pde.ui-20120217-1437,org.eclipse.pde.api.tools.internal.util,TarEntry,clone,8,1,0
eclipse.pde.ui-20120217-1437,org.eclipse.pde.api.tools.internal.util,TarEntry,getFileType,3,1,0
eclipse.pde.ui-20120217-1437,org.eclipse.pde.api.tools.internal.util,TarEntry,getMode,3,1,0
eclipse.pde.ui-20120217-1437,org.eclipse.pde.api.tools.internal.util,TarEntry,getName,3,1,0
eclipse.pde.ui-20120217-1437,org.eclipse.pde.api.tools.internal.util,TarEntry,getSize,3,1,0
eclipse.pde.ui-20120217-1437,org.eclipse.pde.api.tools.internal.util,TarEntry,getTime,3,1,0
eclipse.pde.ui-20120217-1437,org.eclipse.pde.api.tools.internal.util,TarEntry,setFileType,3,1,1
eclipse.pde.ui-20120217-1437,org.eclipse.pde.api.tools.internal.util,TarEntry,setMode,3,1,1
eclipse.pde.ui-20120217-1437,org.eclipse.pde.api.tools.internal.util,TarEntry,setSize,3,1,1
eclipse.pde.ui-20120217-1437,org.eclipse.pde.api.tools.internal.util,TarEntry,setTime,3,1,1
eclipse.pde.ui-20120217-1437,org.eclipse.pde.api.tools.internal.util,TarEntry,toString,3,1,0
eclipse.pde.ui-20120217-1437,org.eclipse.pde.api.tools.internal.util,TarException,TarException,3,1,0
eclipse.pde.ui-20120217-1437,org.eclipse.pde.api.tools.internal.util,TarException,TarException,3,1,1
eclipse.pde.ui-20120217-1437,org.eclipse.pde.api.tools.internal.util,TarException,TarException,3,1,2
eclipse.pde.ui-20120217-1437,org.eclipse.pde.api.tools.internal.util,TarFile,TarInputStream,4,1,1
eclipse.pde.ui-20120217-1437,org.eclipse.pde.api.tools.internal.util,TarFile,TarInputStream,4,1,2
eclipse.pde.ui-20120217-1437,org.eclipse.pde.api.tools.internal.util,TarFile,headerChecksum,7,2,1
eclipse.pde.ui-20120217-1437,org.eclipse.pde.api.tools.internal.util,TarFile,skipToEntry,19,4,1
eclipse.pde.ui-20120217-1437,org.eclipse.pde.api.tools.internal.util,TarFile,isValidTarHeader,32,7,1
eclipse.pde.ui-20120217-1437,org.eclipse.pde.api.tools.internal.util,TarFile,getNextEntryInternal,111,23,0
eclipse.pde.ui-20120217-1437,org.eclipse.pde.api.tools.internal.util,TarFile,getNextEntry,21,5,0
eclipse.pde.ui-20120217-1437,org.eclipse.pde.api.tools.internal.util,TarFile,read,10,2,3
eclipse.pde.ui-20120217-1437,org.eclipse.pde.api.tools.internal.util,TarFile,read,8,2,0
eclipse.pde.ui-20120217-1437,org.eclipse.pde.api.tools.internal.util,TarFile,TarFile,19,1,1
eclipse.pde.ui-20120217-1437,org.eclipse.pde.api.tools.internal.util,TarFile,close,4,3,0
eclipse.pde.ui-20120217-1437,org.eclipse.pde.api.tools.internal.util,TarFile,TarFile,3,1,1
eclipse.pde.ui-20120217-1437,org.eclipse.pde.api.tools.internal.util,TarFile,entries,21,1,0
eclipse.pde.ui-20120217-1437,org.eclipse.pde.api.tools.internal.util,TarFile,hasMoreElements,3,1,0
eclipse.pde.ui-20120217-1437,org.eclipse.pde.api.tools.internal.util,TarFile,nextElement,13,1,0
eclipse.pde.ui-20120217-1437,org.eclipse.pde.api.tools.internal.util,TarFile,getInputStream,21,3,1
eclipse.pde.ui-20120217-1437,org.eclipse.pde.api.tools.internal.util,TarFile,close,2,1,0
eclipse.pde.ui-20120217-1437,org.eclipse.pde.api.tools.internal.util,TarFile,getName,3,1,0
eclipse.pde.ui-20120217-1437,org.eclipse.pde.api.tools.internal.util,TarFile,finalize,3,1,0
eclipse.pde.ui-20120217-1437,org.eclipse.pde.api.tools.internal.util,TarInputStream,TarInputStream,4,1,1
eclipse.pde.ui-20120217-1437,org.eclipse.pde.api.tools.internal.util,TarInputStream,TarInputStream,4,1,2
eclipse.pde.ui-20120217-1437,org.eclipse.pde.api.tools.internal.util,TarInputStream,headerChecksum,7,2,1
eclipse.pde.ui-20120217-1437,org.eclipse.pde.api.tools.internal.util,TarInputStream,skipToEntry,19,4,1
eclipse.pde.ui-20120217-1437,org.eclipse.pde.api.tools.internal.util,TarInputStream,isValidTarHeader,32,7,1
eclipse.pde.ui-20120217-1437,org.eclipse.pde.api.tools.internal.util,TarInputStream,getNextEntryInternal,111,23,0
eclipse.pde.ui-20120217-1437,org.eclipse.pde.api.tools.internal.util,TarInputStream,getNextEntry,21,5,0
eclipse.pde.ui-20120217-1437,org.eclipse.pde.api.tools.internal.util,TarInputStream,read,10,2,3
eclipse.pde.ui-20120217-1437,org.eclipse.pde.api.tools.internal.util,TarInputStream,read,8,2,0
eclipse.pde.ui-20120217-1437,org.eclipse.pde.api.tools.internal.util,Util,BuildJob,3,1,2
eclipse.pde.ui-20120217-1437,org.eclipse.pde.api.tools.internal.util,Util,BuildJob,5,1,3
eclipse.pde.ui-20120217-1437,org.eclipse.pde.api.tools.internal.util,Util,belongsTo,3,1,1
eclipse.pde.ui-20120217-1437,org.eclipse.pde.api.tools.internal.util,Util,isCoveredBy,14,5,1
eclipse.pde.ui-20120217-1437,org.eclipse.pde.api.tools.internal.util,Util,contains,9,4,1
eclipse.pde.ui-20120217-1437,org.eclipse.pde.api.tools.internal.util,Util,run,36,6,1
eclipse.pde.ui-20120217-1437,org.eclipse.pde.api.tools.internal.util,Util,cancelBuild,12,4,1
eclipse.pde.ui-20120217-1437,org.eclipse.pde.api.tools.internal.util,Util,abort,4,1,2
eclipse.pde.ui-20120217-1437,org.eclipse.pde.api.tools.internal.util,Util,appendProperty,6,1,3
eclipse.pde.ui-20120217-1437,org.eclipse.pde.api.tools.internal.util,Util,collectAllDeltas,13,2,1
eclipse.pde.ui-20120217-1437,org.eclipse.pde.api.tools.internal.util,Util,endVisit,6,2,1
eclipse.pde.ui-20120217-1437,org.eclipse.pde.api.tools.internal.util,Util,collectAllFiles,12,3,3
eclipse.pde.ui-20120217-1437,org.eclipse.pde.api.tools.internal.util,Util,getApiProjects,23,5,0
eclipse.pde.ui-20120217-1437,org.eclipse.pde.api.tools.internal.util,Util,copy,49,4,2
eclipse.pde.ui-20120217-1437,org.eclipse.pde.api.tools.internal.util,Util,createEEFile,15,2,2
eclipse.pde.ui-20120217-1437,org.eclipse.pde.api.tools.internal.util,Util,equalsOrNull,6,2,2
eclipse.pde.ui-20120217-1437,org.eclipse.pde.api.tools.internal.util,Util,generateEEContents,16,3,2
eclipse.pde.ui-20120217-1437,org.eclipse.pde.api.tools.internal.util,Util,getAllFiles,10,2,2
eclipse.pde.ui-20120217-1437,org.eclipse.pde.api.tools.internal.util,Util,getBuildJob,7,1,1
eclipse.pde.ui-20120217-1437,org.eclipse.pde.api.tools.internal.util,Util,getBuildJob,7,1,2
eclipse.pde.ui-20120217-1437,org.eclipse.pde.api.tools.internal.util,Util,getClassFile,19,5,2
eclipse.pde.ui-20120217-1437,org.eclipse.pde.api.tools.internal.util,Util,getDeltaElementType,3,1,1
eclipse.pde.ui-20120217-1437,org.eclipse.pde.api.tools.internal.util,Util,getSeverity,20,4,1
eclipse.pde.ui-20120217-1437,org.eclipse.pde.api.tools.internal.util,Util,getDeltaElementTypeValue,16,1,1
eclipse.pde.ui-20120217-1437,org.eclipse.pde.api.tools.internal.util,Util,getDeltaElementType,25,11,1
eclipse.pde.ui-20120217-1437,org.eclipse.pde.api.tools.internal.util,Util,getDeltaFlagsName,137,67,1
eclipse.pde.ui-20120217-1437,org.eclipse.pde.api.tools.internal.util,Util,getDeltaKindName,3,1,1
eclipse.pde.ui-20120217-1437,org.eclipse.pde.api.tools.internal.util,Util,getDeltaKindName,11,4,1
eclipse.pde.ui-20120217-1437,org.eclipse.pde.api.tools.internal.util,Util,getDeltaPrefererenceKey,56,14,3
eclipse.pde.ui-20120217-1437,org.eclipse.pde.api.tools.internal.util,Util,getDetail,49,13,1
eclipse.pde.ui-20120217-1437,org.eclipse.pde.api.tools.internal.util,Util,getDocument,17,3,1
eclipse.pde.ui-20120217-1437,org.eclipse.pde.api.tools.internal.util,Util,getEEProfile,23,2,1
eclipse.pde.ui-20120217-1437,org.eclipse.pde.api.tools.internal.util,Util,getFragmentNumber,31,15,1
eclipse.pde.ui-20120217-1437,org.eclipse.pde.api.tools.internal.util,Util,getIMember,73,30,2
eclipse.pde.ui-20120217-1437,org.eclipse.pde.api.tools.internal.util,Util,updateMonitor,9,3,2
eclipse.pde.ui-20120217-1437,org.eclipse.pde.api.tools.internal.util,Util,updateMonitor,3,1,1
eclipse.pde.ui-20120217-1437,org.eclipse.pde.api.tools.internal.util,Util,getMethod,90,15,2
eclipse.pde.ui-20120217-1437,org.eclipse.pde.api.tools.internal.util,Util,getInputStreamAsByteArray,32,7,2
eclipse.pde.ui-20120217-1437,org.eclipse.pde.api.tools.internal.util,Util,getInputStreamAsCharArray,28,2,3
eclipse.pde.ui-20120217-1437,org.eclipse.pde.api.tools.internal.util,Util,getManifestFile,3,1,1
eclipse.pde.ui-20120217-1437,org.eclipse.pde.api.tools.internal.util,Util,isApiProblemMarker,3,1,1
eclipse.pde.ui-20120217-1437,org.eclipse.pde.api.tools.internal.util,Util,getType,6,1,1
eclipse.pde.ui-20120217-1437,org.eclipse.pde.api.tools.internal.util,Util,isApiProject,8,1,1
eclipse.pde.ui-20120217-1437,org.eclipse.pde.api.tools.internal.util,Util,isJavaProject,8,1,1
eclipse.pde.ui-20120217-1437,org.eclipse.pde.api.tools.internal.util,Util,isApiProject,3,1,1
eclipse.pde.ui-20120217-1437,org.eclipse.pde.api.tools.internal.util,Util,isApiToolsComponent,26,4,1
eclipse.pde.ui-20120217-1437,org.eclipse.pde.api.tools.internal.util,Util,isArchive,3,1,1
eclipse.pde.ui-20120217-1437,org.eclipse.pde.api.tools.internal.util,Util,isZipJarFile,4,1,1
eclipse.pde.ui-20120217-1437,org.eclipse.pde.api.tools.internal.util,Util,isTGZFile,4,1,1
eclipse.pde.ui-20120217-1437,org.eclipse.pde.api.tools.internal.util,Util,isClass,3,1,1
eclipse.pde.ui-20120217-1437,org.eclipse.pde.api.tools.internal.util,Util,isClassFile,3,1,1
eclipse.pde.ui-20120217-1437,org.eclipse.pde.api.tools.internal.util,Util,isDefault,3,1,1
eclipse.pde.ui-20120217-1437,org.eclipse.pde.api.tools.internal.util,Util,isDifferentVersion,23,4,2
eclipse.pde.ui-20120217-1437,org.eclipse.pde.api.tools.internal.util,Util,isJavaFileName,3,1,1
eclipse.pde.ui-20120217-1437,org.eclipse.pde.api.tools.internal.util,Util,isJavaLangObject,3,1,1
eclipse.pde.ui-20120217-1437,org.eclipse.pde.api.tools.internal.util,Util,isJavaLangRuntimeException,3,1,1
eclipse.pde.ui-20120217-1437,org.eclipse.pde.api.tools.internal.util,Util,isVisible,3,1,1
eclipse.pde.ui-20120217-1437,org.eclipse.pde.api.tools.internal.util,Util,isBinaryProject,3,1,1
eclipse.pde.ui-20120217-1437,org.eclipse.pde.api.tools.internal.util,Util,newDocument,12,1,0
eclipse.pde.ui-20120217-1437,org.eclipse.pde.api.tools.internal.util,Util,parseDocument,33,2,1
eclipse.pde.ui-20120217-1437,org.eclipse.pde.api.tools.internal.util,Util,saveFile,17,2,2
eclipse.pde.ui-20120217-1437,org.eclipse.pde.api.tools.internal.util,Util,getFileContentAsString,22,2,1
eclipse.pde.ui-20120217-1437,org.eclipse.pde.api.tools.internal.util,Util,getInputStreamFromString,9,1,1
eclipse.pde.ui-20120217-1437,org.eclipse.pde.api.tools.internal.util,Util,serializeDocument,21,1,1
eclipse.pde.ui-20120217-1437,org.eclipse.pde.api.tools.internal.util,Util,unzip,47,6,2
eclipse.pde.ui-20120217-1437,org.eclipse.pde.api.tools.internal.util,Util,guntar,31,6,2
eclipse.pde.ui-20120217-1437,org.eclipse.pde.api.tools.internal.util,Util,getEEDescriptionFile,23,2,0
eclipse.pde.ui-20120217-1437,org.eclipse.pde.api.tools.internal.util,Util,createTempFile,6,1,2
eclipse.pde.ui-20120217-1437,org.eclipse.pde.api.tools.internal.util,Util,getJavaClassLibsAsString,11,3,0
eclipse.pde.ui-20120217-1437,org.eclipse.pde.api.tools.internal.util,Util,getJavaClassLibs,59,11,0
eclipse.pde.ui-20120217-1437,org.eclipse.pde.api.tools.internal.util,Util,accept,3,1,2
eclipse.pde.ui-20120217-1437,org.eclipse.pde.api.tools.internal.util,Util,toNativePath,4,1,1
eclipse.pde.ui-20120217-1437,org.eclipse.pde.api.tools.internal.util,Util,addJarEntries,9,3,3
eclipse.pde.ui-20120217-1437,org.eclipse.pde.api.tools.internal.util,Util,delete,13,4,1
eclipse.pde.ui-20120217-1437,org.eclipse.pde.api.tools.internal.util,Util,flushDirectoryContent,7,3,1
eclipse.pde.ui-20120217-1437,org.eclipse.pde.api.tools.internal.util,Util,waitUntilFileDeleted,38,9,1
eclipse.pde.ui-20120217-1437,org.eclipse.pde.api.tools.internal.util,Util,isFileDeleted,3,1,1
eclipse.pde.ui-20120217-1437,org.eclipse.pde.api.tools.internal.util,Util,getParentChildFile,20,7,1
eclipse.pde.ui-20120217-1437,org.eclipse.pde.api.tools.internal.util,Util,convertAsSet,9,3,1
eclipse.pde.ui-20120217-1437,org.eclipse.pde.api.tools.internal.util,Util,getDeltaComponentVersionsId,16,2,1
eclipse.pde.ui-20120217-1437,org.eclipse.pde.api.tools.internal.util,Util,getComponentVersionsId,15,2,1
eclipse.pde.ui-20120217-1437,org.eclipse.pde.api.tools.internal.util,Util,getDescriptorName,8,2,1
eclipse.pde.ui-20120217-1437,org.eclipse.pde.api.tools.internal.util,Util,getDeltaArgumentString,25,13,1
eclipse.pde.ui-20120217-1437,org.eclipse.pde.api.tools.internal.util,Util,getApiElementType,20,8,1
eclipse.pde.ui-20120217-1437,org.eclipse.pde.api.tools.internal.util,Util,isConstructor,3,1,1
eclipse.pde.ui-20120217-1437,org.eclipse.pde.api.tools.internal.util,Util,isManifest,3,1,1
eclipse.pde.ui-20120217-1437,org.eclipse.pde.api.tools.internal.util,Util,touchCorrespondingResource,33,6,3
eclipse.pde.ui-20120217-1437,org.eclipse.pde.api.tools.internal.util,Util,getTypeNameFromMarker,3,1,1
eclipse.pde.ui-20120217-1437,org.eclipse.pde.api.tools.internal.util,Util,getReexportedComponents,31,7,1
eclipse.pde.ui-20120217-1437,org.eclipse.pde.api.tools.internal.util,Util,getResource,17,4,2
eclipse.pde.ui-20120217-1437,org.eclipse.pde.api.tools.internal.util,Util,compare,12,4,2
eclipse.pde.ui-20120217-1437,org.eclipse.pde.api.tools.internal.util,Util,initializeRegexFilterList,59,9,3
eclipse.pde.ui-20120217-1437,org.eclipse.pde.api.tools.internal.util,Util,collectRegexIds,32,8,4
eclipse.pde.ui-20120217-1437,org.eclipse.pde.api.tools.internal.util,Util,compare,6,2,2
eclipse.pde.ui-20120217-1437,org.eclipse.pde.api.tools.internal.util,Util,isAPI,4,1,2
eclipse.pde.ui-20120217-1437,org.eclipse.pde.api.tools.internal.util,Util,deepToString,10,3,1
eclipse.pde.ui-20120217-1437,org.eclipse.pde.api.tools.internal.util,BuildJob,BuildJob,3,1,2
eclipse.pde.ui-20120217-1437,org.eclipse.pde.api.tools.internal.util,BuildJob,BuildJob,5,1,3
eclipse.pde.ui-20120217-1437,org.eclipse.pde.api.tools.internal.util,BuildJob,belongsTo,3,1,1
eclipse.pde.ui-20120217-1437,org.eclipse.pde.api.tools.internal.util,BuildJob,isCoveredBy,14,5,1
eclipse.pde.ui-20120217-1437,org.eclipse.pde.api.tools.internal.util,BuildJob,contains,9,4,1
eclipse.pde.ui-20120217-1437,org.eclipse.pde.api.tools.internal.util,BuildJob,run,36,6,1
eclipse.pde.ui-20120217-1437,org.eclipse.pde.api.tools.internal.util,BuildJob,cancelBuild,12,4,1
eclipse.pde.ui-20120217-1437,org.eclipse.pde.api.tools.internal.util,UtilMessages,UtilMessages,2,1,0
eclipse.pde.ui-20120217-1437,org.eclipse.pde.api.tools.internal.tasks,APIDeprecationReportConversionTask,ConverterDefaultHandler,4,1,1
eclipse.pde.ui-20120217-1437,org.eclipse.pde.api.tools.internal.tasks,APIDeprecationReportConversionTask,endElement,20,5,3
eclipse.pde.ui-20120217-1437,org.eclipse.pde.api.tools.internal.tasks,APIDeprecationReportConversionTask,getEntries,3,1,0
eclipse.pde.ui-20120217-1437,org.eclipse.pde.api.tools.internal.tasks,APIDeprecationReportConversionTask,printAttribute,3,1,2
eclipse.pde.ui-20120217-1437,org.eclipse.pde.api.tools.internal.tasks,APIDeprecationReportConversionTask,startElement,34,6,4
eclipse.pde.ui-20120217-1437,org.eclipse.pde.api.tools.internal.tasks,APIDeprecationReportConversionTask,Entry,10,2,6
eclipse.pde.ui-20120217-1437,org.eclipse.pde.api.tools.internal.tasks,APIDeprecationReportConversionTask,getDisplayString,44,12,0
eclipse.pde.ui-20120217-1437,org.eclipse.pde.api.tools.internal.tasks,APIDeprecationReportConversionTask,getDisplayKind,9,3,0
eclipse.pde.ui-20120217-1437,org.eclipse.pde.api.tools.internal.tasks,APIDeprecationReportConversionTask,dumpEndEntryForComponent,3,1,2
eclipse.pde.ui-20120217-1437,org.eclipse.pde.api.tools.internal.tasks,APIDeprecationReportConversionTask,dumpEntries,63,12,2
eclipse.pde.ui-20120217-1437,org.eclipse.pde.api.tools.internal.tasks,APIDeprecationReportConversionTask,compare,5,1,2
eclipse.pde.ui-20120217-1437,org.eclipse.pde.api.tools.internal.tasks,APIDeprecationReportConversionTask,compare,19,5,2
eclipse.pde.ui-20120217-1437,org.eclipse.pde.api.tools.internal.tasks,APIDeprecationReportConversionTask,dumpEntry,3,1,2
eclipse.pde.ui-20120217-1437,org.eclipse.pde.api.tools.internal.tasks,APIDeprecationReportConversionTask,dumpEntryForComponent,3,1,2
eclipse.pde.ui-20120217-1437,org.eclipse.pde.api.tools.internal.tasks,APIDeprecationReportConversionTask,dumpFooter,3,1,1
eclipse.pde.ui-20120217-1437,org.eclipse.pde.api.tools.internal.tasks,APIDeprecationReportConversionTask,dumpHeader,3,1,1
eclipse.pde.ui-20120217-1437,org.eclipse.pde.api.tools.internal.tasks,APIDeprecationReportConversionTask,execute,41,6,0
eclipse.pde.ui-20120217-1437,org.eclipse.pde.api.tools.internal.tasks,APIDeprecationReportConversionTask,extractNameFromXMLName,6,1,0
eclipse.pde.ui-20120217-1437,org.eclipse.pde.api.tools.internal.tasks,APIDeprecationReportConversionTask,setDebug,3,1,1
eclipse.pde.ui-20120217-1437,org.eclipse.pde.api.tools.internal.tasks,APIDeprecationReportConversionTask,setHtmlFile,3,1,1
eclipse.pde.ui-20120217-1437,org.eclipse.pde.api.tools.internal.tasks,APIDeprecationReportConversionTask,setXmlFile,3,1,1
eclipse.pde.ui-20120217-1437,org.eclipse.pde.api.tools.internal.tasks,APIDeprecationReportConversionTask,writeOutput,14,2,1
eclipse.pde.ui-20120217-1437,org.eclipse.pde.api.tools.internal.tasks,ConverterDefaultHandler,ConverterDefaultHandler,4,1,1
eclipse.pde.ui-20120217-1437,org.eclipse.pde.api.tools.internal.tasks,ConverterDefaultHandler,endElement,20,5,3
eclipse.pde.ui-20120217-1437,org.eclipse.pde.api.tools.internal.tasks,ConverterDefaultHandler,getEntries,3,1,0
eclipse.pde.ui-20120217-1437,org.eclipse.pde.api.tools.internal.tasks,ConverterDefaultHandler,printAttribute,3,1,2
eclipse.pde.ui-20120217-1437,org.eclipse.pde.api.tools.internal.tasks,ConverterDefaultHandler,startElement,34,6,4
eclipse.pde.ui-20120217-1437,org.eclipse.pde.api.tools.internal.tasks,Entry,Entry,10,2,6
eclipse.pde.ui-20120217-1437,org.eclipse.pde.api.tools.internal.tasks,Entry,getDisplayString,44,12,0
eclipse.pde.ui-20120217-1437,org.eclipse.pde.api.tools.internal.tasks,Entry,getDisplayKind,9,3,0
eclipse.pde.ui-20120217-1437,org.eclipse.pde.api.tools.internal.tasks,APIDeprecationTask,execute,127,22,0
eclipse.pde.ui-20120217-1437,org.eclipse.pde.api.tools.internal.tasks,APIDeprecationTask,setDebug,3,1,1
eclipse.pde.ui-20120217-1437,org.eclipse.pde.api.tools.internal.tasks,APIDeprecationTask,setEEFile,3,1,1
eclipse.pde.ui-20120217-1437,org.eclipse.pde.api.tools.internal.tasks,APIDeprecationTask,setExcludeList,3,1,1
eclipse.pde.ui-20120217-1437,org.eclipse.pde.api.tools.internal.tasks,APIDeprecationTask,setIncludeList,3,1,1
eclipse.pde.ui-20120217-1437,org.eclipse.pde.api.tools.internal.tasks,APIDeprecationTask,setProfile,3,1,1
eclipse.pde.ui-20120217-1437,org.eclipse.pde.api.tools.internal.tasks,APIDeprecationTask,setBaseline,3,1,1
eclipse.pde.ui-20120217-1437,org.eclipse.pde.api.tools.internal.tasks,APIDeprecationTask,setReport,3,1,1
eclipse.pde.ui-20120217-1437,org.eclipse.pde.api.tools.internal.tasks,APIFreezeReportConversionTask,ConverterDefaultHandler,4,1,1
eclipse.pde.ui-20120217-1437,org.eclipse.pde.api.tools.internal.tasks,APIFreezeReportConversionTask,endElement,20,5,3
eclipse.pde.ui-20120217-1437,org.eclipse.pde.api.tools.internal.tasks,APIFreezeReportConversionTask,getEntries,3,1,0
eclipse.pde.ui-20120217-1437,org.eclipse.pde.api.tools.internal.tasks,APIFreezeReportConversionTask,printAttribute,3,1,2
eclipse.pde.ui-20120217-1437,org.eclipse.pde.api.tools.internal.tasks,APIFreezeReportConversionTask,startElement,40,7,4
eclipse.pde.ui-20120217-1437,org.eclipse.pde.api.tools.internal.tasks,APIFreezeReportConversionTask,Entry,10,2,6
eclipse.pde.ui-20120217-1437,org.eclipse.pde.api.tools.internal.tasks,APIFreezeReportConversionTask,getDisplayString,99,33,0
eclipse.pde.ui-20120217-1437,org.eclipse.pde.api.tools.internal.tasks,APIFreezeReportConversionTask,getDisplayKind,9,3,0
eclipse.pde.ui-20120217-1437,org.eclipse.pde.api.tools.internal.tasks,APIFreezeReportConversionTask,dumpEndEntryForComponent,3,1,2
eclipse.pde.ui-20120217-1437,org.eclipse.pde.api.tools.internal.tasks,APIFreezeReportConversionTask,dumpEntries,63,12,2
eclipse.pde.ui-20120217-1437,org.eclipse.pde.api.tools.internal.tasks,APIFreezeReportConversionTask,compare,5,1,2
eclipse.pde.ui-20120217-1437,org.eclipse.pde.api.tools.internal.tasks,APIFreezeReportConversionTask,compare,19,5,2
eclipse.pde.ui-20120217-1437,org.eclipse.pde.api.tools.internal.tasks,APIFreezeReportConversionTask,dumpEntry,3,1,2
eclipse.pde.ui-20120217-1437,org.eclipse.pde.api.tools.internal.tasks,APIFreezeReportConversionTask,dumpEntryForComponent,3,1,2
eclipse.pde.ui-20120217-1437,org.eclipse.pde.api.tools.internal.tasks,APIFreezeReportConversionTask,dumpFooter,3,1,1
eclipse.pde.ui-20120217-1437,org.eclipse.pde.api.tools.internal.tasks,APIFreezeReportConversionTask,dumpHeader,3,1,1
eclipse.pde.ui-20120217-1437,org.eclipse.pde.api.tools.internal.tasks,APIFreezeReportConversionTask,execute,73,14,0
eclipse.pde.ui-20120217-1437,org.eclipse.pde.api.tools.internal.tasks,APIFreezeReportConversionTask,extractNameFromXMLName,5,1,1
eclipse.pde.ui-20120217-1437,org.eclipse.pde.api.tools.internal.tasks,APIFreezeReportConversionTask,setDebug,3,1,1
eclipse.pde.ui-20120217-1437,org.eclipse.pde.api.tools.internal.tasks,APIFreezeReportConversionTask,setHtmlFile,3,1,1
eclipse.pde.ui-20120217-1437,org.eclipse.pde.api.tools.internal.tasks,APIFreezeReportConversionTask,setXmlFile,3,1,1
eclipse.pde.ui-20120217-1437,org.eclipse.pde.api.tools.internal.tasks,APIFreezeReportConversionTask,writeOutput,14,2,1
eclipse.pde.ui-20120217-1437,org.eclipse.pde.api.tools.internal.tasks,ConverterDefaultHandler,ConverterDefaultHandler,4,1,1
eclipse.pde.ui-20120217-1437,org.eclipse.pde.api.tools.internal.tasks,ConverterDefaultHandler,endElement,20,5,3
eclipse.pde.ui-20120217-1437,org.eclipse.pde.api.tools.internal.tasks,ConverterDefaultHandler,getEntries,3,1,0
eclipse.pde.ui-20120217-1437,org.eclipse.pde.api.tools.internal.tasks,ConverterDefaultHandler,printAttribute,3,1,2
eclipse.pde.ui-20120217-1437,org.eclipse.pde.api.tools.internal.tasks,ConverterDefaultHandler,startElement,40,7,4
eclipse.pde.ui-20120217-1437,org.eclipse.pde.api.tools.internal.tasks,Entry,Entry,10,2,6
eclipse.pde.ui-20120217-1437,org.eclipse.pde.api.tools.internal.tasks,Entry,getDisplayString,99,33,0
eclipse.pde.ui-20120217-1437,org.eclipse.pde.api.tools.internal.tasks,Entry,getDisplayKind,9,3,0
eclipse.pde.ui-20120217-1437,org.eclipse.pde.api.tools.internal.tasks,APIFreezeTask,execute,132,23,0
eclipse.pde.ui-20120217-1437,org.eclipse.pde.api.tools.internal.tasks,APIFreezeTask,getScope,23,5,1
eclipse.pde.ui-20120217-1437,org.eclipse.pde.api.tools.internal.tasks,APIFreezeTask,setDebug,3,1,1
eclipse.pde.ui-20120217-1437,org.eclipse.pde.api.tools.internal.tasks,APIFreezeTask,setEEFile,3,1,1
eclipse.pde.ui-20120217-1437,org.eclipse.pde.api.tools.internal.tasks,APIFreezeTask,setExcludeList,3,1,1
eclipse.pde.ui-20120217-1437,org.eclipse.pde.api.tools.internal.tasks,APIFreezeTask,setIncludeList,3,1,1
eclipse.pde.ui-20120217-1437,org.eclipse.pde.api.tools.internal.tasks,APIFreezeTask,setProfile,3,1,1
eclipse.pde.ui-20120217-1437,org.eclipse.pde.api.tools.internal.tasks,APIFreezeTask,setBaseline,3,1,1
eclipse.pde.ui-20120217-1437,org.eclipse.pde.api.tools.internal.tasks,APIFreezeTask,setReport,3,1,1
eclipse.pde.ui-20120217-1437,org.eclipse.pde.api.tools.internal.tasks,APIToolsAnalysisTask,loadIntegerAttribute,13,2,2
eclipse.pde.ui-20120217-1437,org.eclipse.pde.api.tools.internal.tasks,APIToolsAnalysisTask,AntFilterStore,3,1,3
eclipse.pde.ui-20120217-1437,org.eclipse.pde.api.tools.internal.tasks,APIToolsAnalysisTask,addFiltersFor,2,1,1
eclipse.pde.ui-20120217-1437,org.eclipse.pde.api.tools.internal.tasks,APIToolsAnalysisTask,addFilters,2,1,1
eclipse.pde.ui-20120217-1437,org.eclipse.pde.api.tools.internal.tasks,APIToolsAnalysisTask,argumentsEquals,38,9,2
eclipse.pde.ui-20120217-1437,org.eclipse.pde.api.tools.internal.tasks,APIToolsAnalysisTask,dispose,2,1,0
eclipse.pde.ui-20120217-1437,org.eclipse.pde.api.tools.internal.tasks,APIToolsAnalysisTask,getFilters,3,1,1
eclipse.pde.ui-20120217-1437,org.eclipse.pde.api.tools.internal.tasks,APIToolsAnalysisTask,getResources,3,1,0
eclipse.pde.ui-20120217-1437,org.eclipse.pde.api.tools.internal.tasks,APIToolsAnalysisTask,initialize,97,17,2
eclipse.pde.ui-20120217-1437,org.eclipse.pde.api.tools.internal.tasks,APIToolsAnalysisTask,internalAddFilters,22,6,3
eclipse.pde.ui-20120217-1437,org.eclipse.pde.api.tools.internal.tasks,APIToolsAnalysisTask,isFiltered,21,7,1
eclipse.pde.ui-20120217-1437,org.eclipse.pde.api.tools.internal.tasks,APIToolsAnalysisTask,matchFilters,17,5,2
eclipse.pde.ui-20120217-1437,org.eclipse.pde.api.tools.internal.tasks,APIToolsAnalysisTask,matchUsageProblem,32,10,2
eclipse.pde.ui-20120217-1437,org.eclipse.pde.api.tools.internal.tasks,APIToolsAnalysisTask,removeFilters,3,1,1
eclipse.pde.ui-20120217-1437,org.eclipse.pde.api.tools.internal.tasks,APIToolsAnalysisTask,Summary,16,5,2
eclipse.pde.ui-20120217-1437,org.eclipse.pde.api.tools.internal.tasks,APIToolsAnalysisTask,dumpProblems,12,3,3
eclipse.pde.ui-20120217-1437,org.eclipse.pde.api.tools.internal.tasks,APIToolsAnalysisTask,getDetails,14,1,0
eclipse.pde.ui-20120217-1437,org.eclipse.pde.api.tools.internal.tasks,APIToolsAnalysisTask,getTitle,8,1,0
eclipse.pde.ui-20120217-1437,org.eclipse.pde.api.tools.internal.tasks,APIToolsAnalysisTask,printTitle,16,1,1
eclipse.pde.ui-20120217-1437,org.eclipse.pde.api.tools.internal.tasks,APIToolsAnalysisTask,toString,11,1,0
eclipse.pde.ui-20120217-1437,org.eclipse.pde.api.tools.internal.tasks,APIToolsAnalysisTask,ProblemCounter,3,1,0
eclipse.pde.ui-20120217-1437,org.eclipse.pde.api.tools.internal.tasks,APIToolsAnalysisTask,addProblem,9,3,1
eclipse.pde.ui-20120217-1437,org.eclipse.pde.api.tools.internal.tasks,APIToolsAnalysisTask,createAllSummaries,27,4,1
eclipse.pde.ui-20120217-1437,org.eclipse.pde.api.tools.internal.tasks,APIToolsAnalysisTask,compare,5,1,2
eclipse.pde.ui-20120217-1437,org.eclipse.pde.api.tools.internal.tasks,APIToolsAnalysisTask,createProblemSummary,3,1,2
eclipse.pde.ui-20120217-1437,org.eclipse.pde.api.tools.internal.tasks,APIToolsAnalysisTask,dumpReport,92,10,2
eclipse.pde.ui-20120217-1437,org.eclipse.pde.api.tools.internal.tasks,APIToolsAnalysisTask,dumpSummaries,8,3,1
eclipse.pde.ui-20120217-1437,org.eclipse.pde.api.tools.internal.tasks,APIToolsAnalysisTask,execute,149,24,0
eclipse.pde.ui-20120217-1437,org.eclipse.pde.api.tools.internal.tasks,APIToolsAnalysisTask,removeDuplicates,18,5,1
eclipse.pde.ui-20120217-1437,org.eclipse.pde.api.tools.internal.tasks,APIToolsAnalysisTask,getFilterStore,4,2,1
eclipse.pde.ui-20120217-1437,org.eclipse.pde.api.tools.internal.tasks,APIToolsAnalysisTask,insertAPIProblems,54,6,4
eclipse.pde.ui-20120217-1437,org.eclipse.pde.api.tools.internal.tasks,APIToolsAnalysisTask,compare,5,1,2
eclipse.pde.ui-20120217-1437,org.eclipse.pde.api.tools.internal.tasks,APIToolsAnalysisTask,getSeverity,14,5,1
eclipse.pde.ui-20120217-1437,org.eclipse.pde.api.tools.internal.tasks,APIToolsAnalysisTask,setDebug,3,1,1
eclipse.pde.ui-20120217-1437,org.eclipse.pde.api.tools.internal.tasks,APIToolsAnalysisTask,setEEFile,3,1,1
eclipse.pde.ui-20120217-1437,org.eclipse.pde.api.tools.internal.tasks,APIToolsAnalysisTask,setExcludeList,3,1,1
eclipse.pde.ui-20120217-1437,org.eclipse.pde.api.tools.internal.tasks,APIToolsAnalysisTask,setIncludeList,3,1,1
eclipse.pde.ui-20120217-1437,org.eclipse.pde.api.tools.internal.tasks,APIToolsAnalysisTask,setFilters,3,1,1
eclipse.pde.ui-20120217-1437,org.eclipse.pde.api.tools.internal.tasks,APIToolsAnalysisTask,setPreferences,24,3,1
eclipse.pde.ui-20120217-1437,org.eclipse.pde.api.tools.internal.tasks,APIToolsAnalysisTask,setProfile,3,1,1
eclipse.pde.ui-20120217-1437,org.eclipse.pde.api.tools.internal.tasks,APIToolsAnalysisTask,setBaseline,3,1,1
eclipse.pde.ui-20120217-1437,org.eclipse.pde.api.tools.internal.tasks,APIToolsAnalysisTask,setReport,3,1,1
eclipse.pde.ui-20120217-1437,org.eclipse.pde.api.tools.internal.tasks,AntFilterStore,loadIntegerAttribute,13,2,2
eclipse.pde.ui-20120217-1437,org.eclipse.pde.api.tools.internal.tasks,AntFilterStore,AntFilterStore,3,1,3
eclipse.pde.ui-20120217-1437,org.eclipse.pde.api.tools.internal.tasks,AntFilterStore,addFiltersFor,2,1,1
eclipse.pde.ui-20120217-1437,org.eclipse.pde.api.tools.internal.tasks,AntFilterStore,addFilters,2,1,1
eclipse.pde.ui-20120217-1437,org.eclipse.pde.api.tools.internal.tasks,AntFilterStore,argumentsEquals,38,9,2
eclipse.pde.ui-20120217-1437,org.eclipse.pde.api.tools.internal.tasks,AntFilterStore,dispose,2,1,0
eclipse.pde.ui-20120217-1437,org.eclipse.pde.api.tools.internal.tasks,AntFilterStore,getFilters,3,1,1
eclipse.pde.ui-20120217-1437,org.eclipse.pde.api.tools.internal.tasks,AntFilterStore,getResources,3,1,0
eclipse.pde.ui-20120217-1437,org.eclipse.pde.api.tools.internal.tasks,AntFilterStore,initialize,97,17,2
eclipse.pde.ui-20120217-1437,org.eclipse.pde.api.tools.internal.tasks,AntFilterStore,internalAddFilters,22,6,3
eclipse.pde.ui-20120217-1437,org.eclipse.pde.api.tools.internal.tasks,AntFilterStore,isFiltered,21,7,1
eclipse.pde.ui-20120217-1437,org.eclipse.pde.api.tools.internal.tasks,AntFilterStore,matchFilters,17,5,2
eclipse.pde.ui-20120217-1437,org.eclipse.pde.api.tools.internal.tasks,AntFilterStore,matchUsageProblem,32,10,2
eclipse.pde.ui-20120217-1437,org.eclipse.pde.api.tools.internal.tasks,AntFilterStore,removeFilters,3,1,1
eclipse.pde.ui-20120217-1437,org.eclipse.pde.api.tools.internal.tasks,Summary,Summary,16,5,2
eclipse.pde.ui-20120217-1437,org.eclipse.pde.api.tools.internal.tasks,Summary,dumpProblems,12,3,3
eclipse.pde.ui-20120217-1437,org.eclipse.pde.api.tools.internal.tasks,Summary,getDetails,14,1,0
eclipse.pde.ui-20120217-1437,org.eclipse.pde.api.tools.internal.tasks,Summary,getTitle,8,1,0
eclipse.pde.ui-20120217-1437,org.eclipse.pde.api.tools.internal.tasks,Summary,printTitle,16,1,1
eclipse.pde.ui-20120217-1437,org.eclipse.pde.api.tools.internal.tasks,Summary,toString,11,1,0
eclipse.pde.ui-20120217-1437,org.eclipse.pde.api.tools.internal.tasks,ProblemCounter,ProblemCounter,3,1,0
eclipse.pde.ui-20120217-1437,org.eclipse.pde.api.tools.internal.tasks,ProblemCounter,addProblem,9,3,1
eclipse.pde.ui-20120217-1437,org.eclipse.pde.api.tools.internal.tasks,AnalysisReportConversionTask,Problem,4,1,2
eclipse.pde.ui-20120217-1437,org.eclipse.pde.api.tools.internal.tasks,AnalysisReportConversionTask,getHtmlMessage,24,6,0
eclipse.pde.ui-20120217-1437,org.eclipse.pde.api.tools.internal.tasks,AnalysisReportConversionTask,toString,5,1,0
eclipse.pde.ui-20120217-1437,org.eclipse.pde.api.tools.internal.tasks,AnalysisReportConversionTask,ConverterDefaultHandler,3,1,1
eclipse.pde.ui-20120217-1437,org.eclipse.pde.api.tools.internal.tasks,AnalysisReportConversionTask,getReport,3,1,0
eclipse.pde.ui-20120217-1437,org.eclipse.pde.api.tools.internal.tasks,AnalysisReportConversionTask,startElement,38,12,4
eclipse.pde.ui-20120217-1437,org.eclipse.pde.api.tools.internal.tasks,AnalysisReportConversionTask,Report,3,1,1
eclipse.pde.ui-20120217-1437,org.eclipse.pde.api.tools.internal.tasks,AnalysisReportConversionTask,addNonApiBundles,6,2,1
eclipse.pde.ui-20120217-1437,org.eclipse.pde.api.tools.internal.tasks,AnalysisReportConversionTask,addProblem,11,3,2
eclipse.pde.ui-20120217-1437,org.eclipse.pde.api.tools.internal.tasks,AnalysisReportConversionTask,getNonApiBundles,8,2,0
eclipse.pde.ui-20120217-1437,org.eclipse.pde.api.tools.internal.tasks,AnalysisReportConversionTask,getProblems,11,3,1
eclipse.pde.ui-20120217-1437,org.eclipse.pde.api.tools.internal.tasks,AnalysisReportConversionTask,getProblemSize,5,2,1
eclipse.pde.ui-20120217-1437,org.eclipse.pde.api.tools.internal.tasks,AnalysisReportConversionTask,isNonApiBundlesReport,3,1,0
eclipse.pde.ui-20120217-1437,org.eclipse.pde.api.tools.internal.tasks,AnalysisReportConversionTask,setLink,3,1,1
eclipse.pde.ui-20120217-1437,org.eclipse.pde.api.tools.internal.tasks,AnalysisReportConversionTask,Summary,8,1,1
eclipse.pde.ui-20120217-1437,org.eclipse.pde.api.tools.internal.tasks,AnalysisReportConversionTask,toString,3,1,0
eclipse.pde.ui-20120217-1437,org.eclipse.pde.api.tools.internal.tasks,AnalysisReportConversionTask,dumpFooter,3,1,1
eclipse.pde.ui-20120217-1437,org.eclipse.pde.api.tools.internal.tasks,AnalysisReportConversionTask,dumpHeader,4,1,2
eclipse.pde.ui-20120217-1437,org.eclipse.pde.api.tools.internal.tasks,AnalysisReportConversionTask,dumpIndexEntry,11,3,3
eclipse.pde.ui-20120217-1437,org.eclipse.pde.api.tools.internal.tasks,AnalysisReportConversionTask,dumpIndexFile,35,4,3
eclipse.pde.ui-20120217-1437,org.eclipse.pde.api.tools.internal.tasks,AnalysisReportConversionTask,compare,5,1,2
eclipse.pde.ui-20120217-1437,org.eclipse.pde.api.tools.internal.tasks,AnalysisReportConversionTask,dumpNonApiBundles,14,3,2
eclipse.pde.ui-20120217-1437,org.eclipse.pde.api.tools.internal.tasks,AnalysisReportConversionTask,dumpProblems,30,8,3
eclipse.pde.ui-20120217-1437,org.eclipse.pde.api.tools.internal.tasks,AnalysisReportConversionTask,dumpReport,37,5,2
eclipse.pde.ui-20120217-1437,org.eclipse.pde.api.tools.internal.tasks,AnalysisReportConversionTask,execute,78,14,0
eclipse.pde.ui-20120217-1437,org.eclipse.pde.api.tools.internal.tasks,AnalysisReportConversionTask,accept,3,1,1
eclipse.pde.ui-20120217-1437,org.eclipse.pde.api.tools.internal.tasks,AnalysisReportConversionTask,extractLinkFrom,5,1,1
eclipse.pde.ui-20120217-1437,org.eclipse.pde.api.tools.internal.tasks,AnalysisReportConversionTask,extractNameFromXMLName,8,1,1
eclipse.pde.ui-20120217-1437,org.eclipse.pde.api.tools.internal.tasks,AnalysisReportConversionTask,setDebug,3,1,1
eclipse.pde.ui-20120217-1437,org.eclipse.pde.api.tools.internal.tasks,AnalysisReportConversionTask,setHtmlFiles,3,1,1
eclipse.pde.ui-20120217-1437,org.eclipse.pde.api.tools.internal.tasks,AnalysisReportConversionTask,setXmlFiles,3,1,1
eclipse.pde.ui-20120217-1437,org.eclipse.pde.api.tools.internal.tasks,Problem,Problem,4,1,2
eclipse.pde.ui-20120217-1437,org.eclipse.pde.api.tools.internal.tasks,Problem,getHtmlMessage,24,6,0
eclipse.pde.ui-20120217-1437,org.eclipse.pde.api.tools.internal.tasks,Problem,toString,5,1,0
eclipse.pde.ui-20120217-1437,org.eclipse.pde.api.tools.internal.tasks,ConverterDefaultHandler,ConverterDefaultHandler,3,1,1
eclipse.pde.ui-20120217-1437,org.eclipse.pde.api.tools.internal.tasks,ConverterDefaultHandler,getReport,3,1,0
eclipse.pde.ui-20120217-1437,org.eclipse.pde.api.tools.internal.tasks,ConverterDefaultHandler,startElement,38,12,4
eclipse.pde.ui-20120217-1437,org.eclipse.pde.api.tools.internal.tasks,Report,Report,3,1,1
eclipse.pde.ui-20120217-1437,org.eclipse.pde.api.tools.internal.tasks,Report,addNonApiBundles,6,2,1
eclipse.pde.ui-20120217-1437,org.eclipse.pde.api.tools.internal.tasks,Report,addProblem,11,3,2
eclipse.pde.ui-20120217-1437,org.eclipse.pde.api.tools.internal.tasks,Report,getNonApiBundles,8,2,0
eclipse.pde.ui-20120217-1437,org.eclipse.pde.api.tools.internal.tasks,Report,getProblems,11,3,1
eclipse.pde.ui-20120217-1437,org.eclipse.pde.api.tools.internal.tasks,Report,getProblemSize,5,2,1
eclipse.pde.ui-20120217-1437,org.eclipse.pde.api.tools.internal.tasks,Report,isNonApiBundlesReport,3,1,0
eclipse.pde.ui-20120217-1437,org.eclipse.pde.api.tools.internal.tasks,Report,setLink,3,1,1
eclipse.pde.ui-20120217-1437,org.eclipse.pde.api.tools.internal.tasks,Summary,Summary,8,1,1
eclipse.pde.ui-20120217-1437,org.eclipse.pde.api.tools.internal.tasks,Summary,toString,3,1,0
eclipse.pde.ui-20120217-1437,org.eclipse.pde.api.tools.internal.tasks,ApiConsumerUseReportConversionTask,setDebug,3,1,1
eclipse.pde.ui-20120217-1437,org.eclipse.pde.api.tools.internal.tasks,ApiConsumerUseReportConversionTask,setHtmlFiles,3,1,1
eclipse.pde.ui-20120217-1437,org.eclipse.pde.api.tools.internal.tasks,ApiConsumerUseReportConversionTask,setXmlFiles,3,1,1
eclipse.pde.ui-20120217-1437,org.eclipse.pde.api.tools.internal.tasks,ApiConsumerUseReportConversionTask,setToFilterPatterns,3,1,1
eclipse.pde.ui-20120217-1437,org.eclipse.pde.api.tools.internal.tasks,ApiConsumerUseReportConversionTask,setFilterPatterns,3,1,1
eclipse.pde.ui-20120217-1437,org.eclipse.pde.api.tools.internal.tasks,ApiConsumerUseReportConversionTask,setXSLTFile,3,1,1
eclipse.pde.ui-20120217-1437,org.eclipse.pde.api.tools.internal.tasks,ApiConsumerUseReportConversionTask,execute,23,3,0
eclipse.pde.ui-20120217-1437,org.eclipse.pde.api.tools.internal.tasks,ApiFileGenerationTask,error,3,1,1
eclipse.pde.ui-20120217-1437,org.eclipse.pde.api.tools.internal.tasks,ApiFileGenerationTask,startElement,7,3,4
eclipse.pde.ui-20120217-1437,org.eclipse.pde.api.tools.internal.tasks,ApiFileGenerationTask,characters,5,2,3
eclipse.pde.ui-20120217-1437,org.eclipse.pde.api.tools.internal.tasks,ApiFileGenerationTask,endElement,7,2,3
eclipse.pde.ui-20120217-1437,org.eclipse.pde.api.tools.internal.tasks,ApiFileGenerationTask,isAPIToolsNature,3,1,0
eclipse.pde.ui-20120217-1437,org.eclipse.pde.api.tools.internal.tasks,ApiFileGenerationTask,setProjectName,3,1,1
eclipse.pde.ui-20120217-1437,org.eclipse.pde.api.tools.internal.tasks,ApiFileGenerationTask,setProject,3,1,1
eclipse.pde.ui-20120217-1437,org.eclipse.pde.api.tools.internal.tasks,ApiFileGenerationTask,setTarget,3,1,1
eclipse.pde.ui-20120217-1437,org.eclipse.pde.api.tools.internal.tasks,ApiFileGenerationTask,setBinary,3,1,1
eclipse.pde.ui-20120217-1437,org.eclipse.pde.api.tools.internal.tasks,ApiFileGenerationTask,setAllowNonApiProject,3,1,1
eclipse.pde.ui-20120217-1437,org.eclipse.pde.api.tools.internal.tasks,ApiFileGenerationTask,setDebug,3,1,1
eclipse.pde.ui-20120217-1437,org.eclipse.pde.api.tools.internal.tasks,ApiFileGenerationTask,setExtraManifests,3,1,1
eclipse.pde.ui-20120217-1437,org.eclipse.pde.api.tools.internal.tasks,ApiFileGenerationTask,setExtraSourceLocations,3,1,1
eclipse.pde.ui-20120217-1437,org.eclipse.pde.api.tools.internal.tasks,ApiFileGenerationTask,execute,220,36,0
eclipse.pde.ui-20120217-1437,org.eclipse.pde.api.tools.internal.tasks,ApiFileGenerationTask,accept,3,1,1
eclipse.pde.ui-20120217-1437,org.eclipse.pde.api.tools.internal.tasks,ApiFileGenerationTask,isApi,10,3,1
eclipse.pde.ui-20120217-1437,org.eclipse.pde.api.tools.internal.tasks,ApiFileGenerationTask,collectApiPackageNames,34,9,1
eclipse.pde.ui-20120217-1437,org.eclipse.pde.api.tools.internal.tasks,ApiFileGenerationTask,getContainer,10,3,1
eclipse.pde.ui-20120217-1437,org.eclipse.pde.api.tools.internal.tasks,ApiFileGenerationTask,resolveCompliance,20,7,1
eclipse.pde.ui-20120217-1437,org.eclipse.pde.api.tools.internal.tasks,ApiFileGenerationTask,isAPIToolsNature,25,3,1
eclipse.pde.ui-20120217-1437,org.eclipse.pde.api.tools.internal.tasks,ApiFileGenerationTask,isZipJarFile,4,1,1
eclipse.pde.ui-20120217-1437,org.eclipse.pde.api.tools.internal.tasks,ApiFileGenerationTask,containsAPIToolsNature,31,2,1
eclipse.pde.ui-20120217-1437,org.eclipse.pde.api.tools.internal.tasks,APIToolsNatureDefaultHandler,error,3,1,1
eclipse.pde.ui-20120217-1437,org.eclipse.pde.api.tools.internal.tasks,APIToolsNatureDefaultHandler,startElement,7,3,4
eclipse.pde.ui-20120217-1437,org.eclipse.pde.api.tools.internal.tasks,APIToolsNatureDefaultHandler,characters,5,2,3
eclipse.pde.ui-20120217-1437,org.eclipse.pde.api.tools.internal.tasks,APIToolsNatureDefaultHandler,endElement,7,2,3
eclipse.pde.ui-20120217-1437,org.eclipse.pde.api.tools.internal.tasks,APIToolsNatureDefaultHandler,isAPIToolsNature,3,1,0
eclipse.pde.ui-20120217-1437,org.eclipse.pde.api.tools.internal.tasks,ApiMigrationReportConversionTask,setDebug,3,1,1
eclipse.pde.ui-20120217-1437,org.eclipse.pde.api.tools.internal.tasks,ApiMigrationReportConversionTask,setHtmlFiles,3,1,1
eclipse.pde.ui-20120217-1437,org.eclipse.pde.api.tools.internal.tasks,ApiMigrationReportConversionTask,setXmlFiles,3,1,1
eclipse.pde.ui-20120217-1437,org.eclipse.pde.api.tools.internal.tasks,ApiMigrationReportConversionTask,setToFilterPatterns,3,1,1
eclipse.pde.ui-20120217-1437,org.eclipse.pde.api.tools.internal.tasks,ApiMigrationReportConversionTask,setFilterPatterns,3,1,1
eclipse.pde.ui-20120217-1437,org.eclipse.pde.api.tools.internal.tasks,ApiMigrationReportConversionTask,setXSLTFile,3,1,1
eclipse.pde.ui-20120217-1437,org.eclipse.pde.api.tools.internal.tasks,ApiMigrationReportConversionTask,execute,23,3,0
eclipse.pde.ui-20120217-1437,org.eclipse.pde.api.tools.internal.tasks,ApiMigrationTask,setCandidate,3,1,1
eclipse.pde.ui-20120217-1437,org.eclipse.pde.api.tools.internal.tasks,ApiMigrationTask,setScopePattern,3,1,1
eclipse.pde.ui-20120217-1437,org.eclipse.pde.api.tools.internal.tasks,ApiMigrationTask,setReferencePattern,3,1,1
eclipse.pde.ui-20120217-1437,org.eclipse.pde.api.tools.internal.tasks,ApiMigrationTask,setReport,3,1,1
eclipse.pde.ui-20120217-1437,org.eclipse.pde.api.tools.internal.tasks,ApiMigrationTask,setUseScan,3,1,1
eclipse.pde.ui-20120217-1437,org.eclipse.pde.api.tools.internal.tasks,ApiMigrationTask,setDebug,3,1,1
eclipse.pde.ui-20120217-1437,org.eclipse.pde.api.tools.internal.tasks,ApiMigrationTask,assertParameters,52,7,0
eclipse.pde.ui-20120217-1437,org.eclipse.pde.api.tools.internal.tasks,ApiMigrationTask,execute,45,5,0
eclipse.pde.ui-20120217-1437,org.eclipse.pde.api.tools.internal.tasks,ApiMigrationTask,acceptComponent,16,5,3
eclipse.pde.ui-20120217-1437,org.eclipse.pde.api.tools.internal.tasks,ApiMigrationTask,getBaseline,25,6,2
eclipse.pde.ui-20120217-1437,org.eclipse.pde.api.tools.internal.tasks,ApiMigrationTask,cleanReportLocation,17,5,0
eclipse.pde.ui-20120217-1437,org.eclipse.pde.api.tools.internal.tasks,ApiMigrationTask,writeDebugHeader,20,4,0
eclipse.pde.ui-20120217-1437,org.eclipse.pde.api.tools.internal.tasks,ApiMigrationTask,setExcludeList,3,1,1
eclipse.pde.ui-20120217-1437,org.eclipse.pde.api.tools.internal.tasks,ApiMigrationTask,setIncludeList,3,1,1
eclipse.pde.ui-20120217-1437,org.eclipse.pde.api.tools.internal.tasks,ApiUseReportConversionTask,setDebug,3,1,1
eclipse.pde.ui-20120217-1437,org.eclipse.pde.api.tools.internal.tasks,ApiUseReportConversionTask,setHtmlFiles,3,1,1
eclipse.pde.ui-20120217-1437,org.eclipse.pde.api.tools.internal.tasks,ApiUseReportConversionTask,setXmlFiles,3,1,1
eclipse.pde.ui-20120217-1437,org.eclipse.pde.api.tools.internal.tasks,ApiUseReportConversionTask,setToFilterPatterns,3,1,1
eclipse.pde.ui-20120217-1437,org.eclipse.pde.api.tools.internal.tasks,ApiUseReportConversionTask,setFilterPatterns,3,1,1
eclipse.pde.ui-20120217-1437,org.eclipse.pde.api.tools.internal.tasks,ApiUseReportConversionTask,setXSLTFile,3,1,1
eclipse.pde.ui-20120217-1437,org.eclipse.pde.api.tools.internal.tasks,ApiUseReportConversionTask,execute,23,3,0
eclipse.pde.ui-20120217-1437,org.eclipse.pde.api.tools.internal.tasks,ApiUseTask,setLocation,3,1,1
eclipse.pde.ui-20120217-1437,org.eclipse.pde.api.tools.internal.tasks,ApiUseTask,setScopePattern,3,1,1
eclipse.pde.ui-20120217-1437,org.eclipse.pde.api.tools.internal.tasks,ApiUseTask,setReferencePattern,3,1,1
eclipse.pde.ui-20120217-1437,org.eclipse.pde.api.tools.internal.tasks,ApiUseTask,setReport,3,1,1
eclipse.pde.ui-20120217-1437,org.eclipse.pde.api.tools.internal.tasks,ApiUseTask,setDebug,3,1,1
eclipse.pde.ui-20120217-1437,org.eclipse.pde.api.tools.internal.tasks,ApiUseTask,setConsiderAPI,3,1,1
eclipse.pde.ui-20120217-1437,org.eclipse.pde.api.tools.internal.tasks,ApiUseTask,setConsiderIllegalUse,3,1,1
eclipse.pde.ui-20120217-1437,org.eclipse.pde.api.tools.internal.tasks,ApiUseTask,setApiPatterns,3,1,1
eclipse.pde.ui-20120217-1437,org.eclipse.pde.api.tools.internal.tasks,ApiUseTask,setConsiderInternal,3,1,1
eclipse.pde.ui-20120217-1437,org.eclipse.pde.api.tools.internal.tasks,ApiUseTask,setInternalPatterns,3,1,1
eclipse.pde.ui-20120217-1437,org.eclipse.pde.api.tools.internal.tasks,ApiUseTask,setArchivePatterns,3,1,1
eclipse.pde.ui-20120217-1437,org.eclipse.pde.api.tools.internal.tasks,ApiUseTask,assertParameters,21,4,0
eclipse.pde.ui-20120217-1437,org.eclipse.pde.api.tools.internal.tasks,ApiUseTask,execute,41,5,0
eclipse.pde.ui-20120217-1437,org.eclipse.pde.api.tools.internal.tasks,ApiUseTask,acceptComponent,16,5,3
eclipse.pde.ui-20120217-1437,org.eclipse.pde.api.tools.internal.tasks,ApiUseTask,getContext,44,11,3
eclipse.pde.ui-20120217-1437,org.eclipse.pde.api.tools.internal.tasks,ApiUseTask,getSearchFlags,6,1,0
eclipse.pde.ui-20120217-1437,org.eclipse.pde.api.tools.internal.tasks,ApiUseTask,getBaseline,25,6,2
eclipse.pde.ui-20120217-1437,org.eclipse.pde.api.tools.internal.tasks,ApiUseTask,cleanReportLocation,17,5,0
eclipse.pde.ui-20120217-1437,org.eclipse.pde.api.tools.internal.tasks,ApiUseTask,writeDebugHeader,34,6,0
eclipse.pde.ui-20120217-1437,org.eclipse.pde.api.tools.internal.tasks,ApiUseTask,setExcludeList,3,1,1
eclipse.pde.ui-20120217-1437,org.eclipse.pde.api.tools.internal.tasks,ApiUseTask,setIncludeList,3,1,1
eclipse.pde.ui-20120217-1437,org.eclipse.pde.api.tools.internal.tasks,CommonUtilsTask,createBaseline,23,4,3
eclipse.pde.ui-20120217-1437,org.eclipse.pde.api.tools.internal.tasks,CommonUtilsTask,deleteBaseline,5,2,2
eclipse.pde.ui-20120217-1437,org.eclipse.pde.api.tools.internal.tasks,CommonUtilsTask,extractSDK,37,8,2
eclipse.pde.ui-20120217-1437,org.eclipse.pde.api.tools.internal.tasks,CommonUtilsTask,initializeFilteredElements,3,1,3
eclipse.pde.ui-20120217-1437,org.eclipse.pde.api.tools.internal.tasks,CommonUtilsTask,saveReport,35,7,3
eclipse.pde.ui-20120217-1437,org.eclipse.pde.api.tools.internal.tasks,CommonUtilsTask,parsePatterns,14,4,1
eclipse.pde.ui-20120217-1437,org.eclipse.pde.api.tools.internal.tasks,CommonUtilsTask,convertToHtml,27,7,1
eclipse.pde.ui-20120217-1437,org.eclipse.pde.api.tools.internal.tasks,CompareTask,execute,142,21,0
eclipse.pde.ui-20120217-1437,org.eclipse.pde.api.tools.internal.tasks,CompareTask,setDebug,3,1,1
eclipse.pde.ui-20120217-1437,org.eclipse.pde.api.tools.internal.tasks,CompareTask,setProfile,3,1,1
eclipse.pde.ui-20120217-1437,org.eclipse.pde.api.tools.internal.tasks,CompareTask,setBaseline,3,1,1
eclipse.pde.ui-20120217-1437,org.eclipse.pde.api.tools.internal.tasks,CompareTask,setReport,3,1,1
eclipse.pde.ui-20120217-1437,org.eclipse.pde.api.tools.internal.tasks,CompareTask,setVisibility,14,4,1
eclipse.pde.ui-20120217-1437,org.eclipse.pde.api.tools.internal.tasks,CompareTask,setComponents,3,1,1
eclipse.pde.ui-20120217-1437,org.eclipse.pde.api.tools.internal.tasks,CompareTask,setExcludeList,3,1,1
eclipse.pde.ui-20120217-1437,org.eclipse.pde.api.tools.internal.tasks,CompareTask,setincludeList,3,1,1
eclipse.pde.ui-20120217-1437,org.eclipse.pde.api.tools.internal.tasks,FilterListDeltaVisitor,FilterListDeltaVisitor,7,1,3
eclipse.pde.ui-20120217-1437,org.eclipse.pde.api.tools.internal.tasks,FilterListDeltaVisitor,checkExclude,3,1,1
eclipse.pde.ui-20120217-1437,org.eclipse.pde.api.tools.internal.tasks,FilterListDeltaVisitor,getPotentialExcludeList,11,3,0
eclipse.pde.ui-20120217-1437,org.eclipse.pde.api.tools.internal.tasks,FilterListDeltaVisitor,isExcluded,55,26,1
eclipse.pde.ui-20120217-1437,org.eclipse.pde.api.tools.internal.tasks,FilterListDeltaVisitor,processLeafDelta,158,92,1
eclipse.pde.ui-20120217-1437,org.eclipse.pde.api.tools.internal.tasks,Messages,Messages,2,1,0
eclipse.pde.ui-20120217-1437,org.eclipse.pde.api.tools.internal.tasks,MissingRefProblemsReportConversionTask,setDebug,3,1,1
eclipse.pde.ui-20120217-1437,org.eclipse.pde.api.tools.internal.tasks,MissingRefProblemsReportConversionTask,setHtmlFiles,3,1,1
eclipse.pde.ui-20120217-1437,org.eclipse.pde.api.tools.internal.tasks,MissingRefProblemsReportConversionTask,setXmlFiles,3,1,1
eclipse.pde.ui-20120217-1437,org.eclipse.pde.api.tools.internal.tasks,MissingRefProblemsReportConversionTask,execute,23,4,0
eclipse.pde.ui-20120217-1437,org.eclipse.pde.api.tools.internal.tasks,MissingRefProblemsTask,Summary,4,1,2
eclipse.pde.ui-20120217-1437,org.eclipse.pde.api.tools.internal.tasks,MissingRefProblemsTask,execute,120,21,0
eclipse.pde.ui-20120217-1437,org.eclipse.pde.api.tools.internal.tasks,MissingRefProblemsTask,acceptComponent,24,4,1
eclipse.pde.ui-20120217-1437,org.eclipse.pde.api.tools.internal.tasks,MissingRefProblemsTask,addDefaultProperties,5,1,0
eclipse.pde.ui-20120217-1437,org.eclipse.pde.api.tools.internal.tasks,MissingRefProblemsTask,writeMetaData,25,4,1
eclipse.pde.ui-20120217-1437,org.eclipse.pde.api.tools.internal.tasks,MissingRefProblemsTask,createAllSummaries,24,3,1
eclipse.pde.ui-20120217-1437,org.eclipse.pde.api.tools.internal.tasks,MissingRefProblemsTask,compare,5,1,2
eclipse.pde.ui-20120217-1437,org.eclipse.pde.api.tools.internal.tasks,MissingRefProblemsTask,dumpReport,29,3,1
eclipse.pde.ui-20120217-1437,org.eclipse.pde.api.tools.internal.tasks,MissingRefProblemsTask,reportNotSearched,50,7,1
eclipse.pde.ui-20120217-1437,org.eclipse.pde.api.tools.internal.tasks,MissingRefProblemsTask,insertAPIProblems,54,6,3
eclipse.pde.ui-20120217-1437,org.eclipse.pde.api.tools.internal.tasks,MissingRefProblemsTask,compare,5,1,2
eclipse.pde.ui-20120217-1437,org.eclipse.pde.api.tools.internal.tasks,MissingRefProblemsTask,setDebug,3,1,1
eclipse.pde.ui-20120217-1437,org.eclipse.pde.api.tools.internal.tasks,MissingRefProblemsTask,setExcludeList,3,1,1
eclipse.pde.ui-20120217-1437,org.eclipse.pde.api.tools.internal.tasks,MissingRefProblemsTask,setIncludeList,3,1,1
eclipse.pde.ui-20120217-1437,org.eclipse.pde.api.tools.internal.tasks,MissingRefProblemsTask,setPreferences,24,3,1
eclipse.pde.ui-20120217-1437,org.eclipse.pde.api.tools.internal.tasks,MissingRefProblemsTask,setProfile,3,1,1
eclipse.pde.ui-20120217-1437,org.eclipse.pde.api.tools.internal.tasks,MissingRefProblemsTask,setAPIUseScans,4,1,1
eclipse.pde.ui-20120217-1437,org.eclipse.pde.api.tools.internal.tasks,MissingRefProblemsTask,setReport,3,1,1
eclipse.pde.ui-20120217-1437,org.eclipse.pde.api.tools.internal.tasks,Summary,Summary,4,1,2
eclipse.pde.ui-20120217-1437,org.eclipse.pde.internal.ds.core,Activator,Activator,2,1,0
eclipse.pde.ui-20120217-1437,org.eclipse.pde.internal.ds.core,Activator,start,4,1,1
eclipse.pde.ui-20120217-1437,org.eclipse.pde.internal.ds.core,Activator,stop,4,1,1
eclipse.pde.ui-20120217-1437,org.eclipse.pde.internal.ds.core,Activator,getDefault,3,1,0
eclipse.pde.ui-20120217-1437,org.eclipse.pde.internal.ds.core,Activator,log,3,2,1
eclipse.pde.ui-20120217-1437,org.eclipse.pde.internal.ds.core,Activator,log,11,4,1
eclipse.pde.ui-20120217-1437,org.eclipse.pde.internal.ds.core,IDSComponent,setAttributeName,0,1,1
eclipse.pde.ui-20120217-1437,org.eclipse.pde.internal.ds.core,IDSComponent,getAttributeName,0,1,0
eclipse.pde.ui-20120217-1437,org.eclipse.pde.internal.ds.core,IDSComponent,setEnabled,0,1,1
eclipse.pde.ui-20120217-1437,org.eclipse.pde.internal.ds.core,IDSComponent,getEnabled,0,1,0
eclipse.pde.ui-20120217-1437,org.eclipse.pde.internal.ds.core,IDSComponent,setFactory,0,1,1
eclipse.pde.ui-20120217-1437,org.eclipse.pde.internal.ds.core,IDSComponent,getFactory,0,1,0
eclipse.pde.ui-20120217-1437,org.eclipse.pde.internal.ds.core,IDSComponent,setConfigurationPolicy,0,1,1
eclipse.pde.ui-20120217-1437,org.eclipse.pde.internal.ds.core,IDSComponent,getConfigurationPolicy,0,1,0
eclipse.pde.ui-20120217-1437,org.eclipse.pde.internal.ds.core,IDSComponent,setActivateMethod,0,1,1
eclipse.pde.ui-20120217-1437,org.eclipse.pde.internal.ds.core,IDSComponent,getActivateMethod,0,1,0
eclipse.pde.ui-20120217-1437,org.eclipse.pde.internal.ds.core,IDSComponent,setDeactivateMethod,0,1,1
eclipse.pde.ui-20120217-1437,org.eclipse.pde.internal.ds.core,IDSComponent,getDeactivateMethod,0,1,0
eclipse.pde.ui-20120217-1437,org.eclipse.pde.internal.ds.core,IDSComponent,setModifiedeMethod,0,1,1
eclipse.pde.ui-20120217-1437,org.eclipse.pde.internal.ds.core,IDSComponent,getModifiedMethod,0,1,0
eclipse.pde.ui-20120217-1437,org.eclipse.pde.internal.ds.core,IDSComponent,setImmediate,0,1,1
eclipse.pde.ui-20120217-1437,org.eclipse.pde.internal.ds.core,IDSComponent,getImmediate,0,1,0
eclipse.pde.ui-20120217-1437,org.eclipse.pde.internal.ds.core,IDSComponent,getImplementation,0,1,0
eclipse.pde.ui-20120217-1437,org.eclipse.pde.internal.ds.core,IDSComponent,getPropertyElements,0,1,0
eclipse.pde.ui-20120217-1437,org.eclipse.pde.internal.ds.core,IDSComponent,getPropertiesElements,0,1,0
eclipse.pde.ui-20120217-1437,org.eclipse.pde.internal.ds.core,IDSComponent,getService,0,1,0
eclipse.pde.ui-20120217-1437,org.eclipse.pde.internal.ds.core,IDSComponent,getReferences,0,1,0
eclipse.pde.ui-20120217-1437,org.eclipse.pde.internal.ds.core,IDSComponent,setImplementation,0,1,1
eclipse.pde.ui-20120217-1437,org.eclipse.pde.internal.ds.core,IDSComponent,setService,0,1,1
eclipse.pde.ui-20120217-1437,org.eclipse.pde.internal.ds.core,IDSComponent,addPropertyElement,0,1,1
eclipse.pde.ui-20120217-1437,org.eclipse.pde.internal.ds.core,IDSComponent,addPropertiesElement,0,1,1
eclipse.pde.ui-20120217-1437,org.eclipse.pde.internal.ds.core,IDSComponent,addReference,0,1,1
eclipse.pde.ui-20120217-1437,org.eclipse.pde.internal.ds.core,IDSComponent,removePropertyElement,0,1,1
eclipse.pde.ui-20120217-1437,org.eclipse.pde.internal.ds.core,IDSComponent,removePropertiesElement,0,1,1
eclipse.pde.ui-20120217-1437,org.eclipse.pde.internal.ds.core,IDSComponent,removeReference,0,1,1
eclipse.pde.ui-20120217-1437,org.eclipse.pde.internal.ds.core,IDSComponent,removeService,0,1,1
eclipse.pde.ui-20120217-1437,org.eclipse.pde.internal.ds.core,IDSDocumentFactory,createProvide,0,1,0
eclipse.pde.ui-20120217-1437,org.eclipse.pde.internal.ds.core,IDSDocumentFactory,createProperty,0,1,0
eclipse.pde.ui-20120217-1437,org.eclipse.pde.internal.ds.core,IDSDocumentFactory,createReference,0,1,0
eclipse.pde.ui-20120217-1437,org.eclipse.pde.internal.ds.core,IDSDocumentFactory,createService,0,1,0
eclipse.pde.ui-20120217-1437,org.eclipse.pde.internal.ds.core,IDSDocumentFactory,createProperties,0,1,0
eclipse.pde.ui-20120217-1437,org.eclipse.pde.internal.ds.core,IDSDocumentFactory,createImplementation,0,1,0
eclipse.pde.ui-20120217-1437,org.eclipse.pde.internal.ds.core,IDSDocumentFactory,createComponent,0,1,0
eclipse.pde.ui-20120217-1437,org.eclipse.pde.internal.ds.core,IDSImplementation,setClassName,0,1,1
eclipse.pde.ui-20120217-1437,org.eclipse.pde.internal.ds.core,IDSImplementation,getClassName,0,1,0
eclipse.pde.ui-20120217-1437,org.eclipse.pde.internal.ds.core,IDSModel,getFactory,0,1,0
eclipse.pde.ui-20120217-1437,org.eclipse.pde.internal.ds.core,IDSModel,getDSComponent,0,1,0
eclipse.pde.ui-20120217-1437,org.eclipse.pde.internal.ds.core,IDSModel,setUnderlyingResource,0,1,1
eclipse.pde.ui-20120217-1437,org.eclipse.pde.internal.ds.core,IDSModel,save,0,1,0
eclipse.pde.ui-20120217-1437,org.eclipse.pde.internal.ds.core,IDSObject,getModel,0,1,0
eclipse.pde.ui-20120217-1437,org.eclipse.pde.internal.ds.core,IDSObject,getComponent,0,1,0
eclipse.pde.ui-20120217-1437,org.eclipse.pde.internal.ds.core,IDSObject,getName,0,1,0
eclipse.pde.ui-20120217-1437,org.eclipse.pde.internal.ds.core,IDSObject,getType,0,1,0
eclipse.pde.ui-20120217-1437,org.eclipse.pde.internal.ds.core,IDSObject,canBeParent,0,1,0
eclipse.pde.ui-20120217-1437,org.eclipse.pde.internal.ds.core,IDSObject,getAttributesNames,0,1,0
eclipse.pde.ui-20120217-1437,org.eclipse.pde.internal.ds.core,IDSObject,getXMLTagName,0,1,0
eclipse.pde.ui-20120217-1437,org.eclipse.pde.internal.ds.core,IDSProperties,setEntry,0,1,1
eclipse.pde.ui-20120217-1437,org.eclipse.pde.internal.ds.core,IDSProperties,getEntry,0,1,0
eclipse.pde.ui-20120217-1437,org.eclipse.pde.internal.ds.core,IDSProperty,getPropertyName,0,1,0
eclipse.pde.ui-20120217-1437,org.eclipse.pde.internal.ds.core,IDSProperty,setPropertyName,0,1,1
eclipse.pde.ui-20120217-1437,org.eclipse.pde.internal.ds.core,IDSProperty,getPropertyValue,0,1,0
eclipse.pde.ui-20120217-1437,org.eclipse.pde.internal.ds.core,IDSProperty,setPropertyValue,0,1,1
eclipse.pde.ui-20120217-1437,org.eclipse.pde.internal.ds.core,IDSProperty,setPropertyType,0,1,1
eclipse.pde.ui-20120217-1437,org.eclipse.pde.internal.ds.core,IDSProperty,getPropertyType,0,1,0
eclipse.pde.ui-20120217-1437,org.eclipse.pde.internal.ds.core,IDSProperty,setPropertyElemBody,0,1,1
eclipse.pde.ui-20120217-1437,org.eclipse.pde.internal.ds.core,IDSProperty,getPropertyElemBody,0,1,0
eclipse.pde.ui-20120217-1437,org.eclipse.pde.internal.ds.core,IDSProvide,setInterface,0,1,1
eclipse.pde.ui-20120217-1437,org.eclipse.pde.internal.ds.core,IDSProvide,getInterface,0,1,0
eclipse.pde.ui-20120217-1437,org.eclipse.pde.internal.ds.core,IDSReference,setReferenceName,0,1,1
eclipse.pde.ui-20120217-1437,org.eclipse.pde.internal.ds.core,IDSReference,getReferenceName,0,1,0
eclipse.pde.ui-20120217-1437,org.eclipse.pde.internal.ds.core,IDSReference,setReferenceInterface,0,1,1
eclipse.pde.ui-20120217-1437,org.eclipse.pde.internal.ds.core,IDSReference,getReferenceInterface,0,1,0
eclipse.pde.ui-20120217-1437,org.eclipse.pde.internal.ds.core,IDSReference,setReferenceCardinality,0,1,1
eclipse.pde.ui-20120217-1437,org.eclipse.pde.internal.ds.core,IDSReference,getReferenceCardinality,0,1,0
eclipse.pde.ui-20120217-1437,org.eclipse.pde.internal.ds.core,IDSReference,setReferencePolicy,0,1,1
eclipse.pde.ui-20120217-1437,org.eclipse.pde.internal.ds.core,IDSReference,getReferencePolicy,0,1,0
eclipse.pde.ui-20120217-1437,org.eclipse.pde.internal.ds.core,IDSReference,setReferenceTarget,0,1,1
eclipse.pde.ui-20120217-1437,org.eclipse.pde.internal.ds.core,IDSReference,getReferenceTarget,0,1,0
eclipse.pde.ui-20120217-1437,org.eclipse.pde.internal.ds.core,IDSReference,setReferenceBind,0,1,1
eclipse.pde.ui-20120217-1437,org.eclipse.pde.internal.ds.core,IDSReference,getReferenceBind,0,1,0
eclipse.pde.ui-20120217-1437,org.eclipse.pde.internal.ds.core,IDSReference,setReferenceUnbind,0,1,1
eclipse.pde.ui-20120217-1437,org.eclipse.pde.internal.ds.core,IDSReference,getReferenceUnbind,0,1,0
eclipse.pde.ui-20120217-1437,org.eclipse.pde.internal.ds.core,IDSService,setServiceFactory,0,1,1
eclipse.pde.ui-20120217-1437,org.eclipse.pde.internal.ds.core,IDSService,getServiceFactory,0,1,0
eclipse.pde.ui-20120217-1437,org.eclipse.pde.internal.ds.core,IDSService,getProvidedServices,0,1,0
eclipse.pde.ui-20120217-1437,org.eclipse.pde.internal.ds.core,IDSService,addProvidedService,0,1,1
eclipse.pde.ui-20120217-1437,org.eclipse.pde.internal.ds.core,IDSService,removeProvidedService,0,1,1
eclipse.pde.ui-20120217-1437,org.eclipse.pde.internal.ds.core.builders,DSBuilder,ResourceVisitor,3,1,1
eclipse.pde.ui-20120217-1437,org.eclipse.pde.internal.ds.core.builders,DSBuilder,visit,19,4,1
eclipse.pde.ui-20120217-1437,org.eclipse.pde.internal.ds.core.builders,DSBuilder,DeltaVisitor,3,1,1
eclipse.pde.ui-20120217-1437,org.eclipse.pde.internal.ds.core.builders,DSBuilder,visit,22,5,1
eclipse.pde.ui-20120217-1437,org.eclipse.pde.internal.ds.core.builders,DSBuilder,build,12,3,3
eclipse.pde.ui-20120217-1437,org.eclipse.pde.internal.ds.core.builders,DSBuilder,isDSFile,11,2,1
eclipse.pde.ui-20120217-1437,org.eclipse.pde.internal.ds.core.builders,DSBuilder,checkFile,10,2,2
eclipse.pde.ui-20120217-1437,org.eclipse.pde.internal.ds.core.builders,ResourceVisitor,ResourceVisitor,3,1,1
eclipse.pde.ui-20120217-1437,org.eclipse.pde.internal.ds.core.builders,ResourceVisitor,visit,19,4,1
eclipse.pde.ui-20120217-1437,org.eclipse.pde.internal.ds.core.builders,DeltaVisitor,DeltaVisitor,3,1,1
eclipse.pde.ui-20120217-1437,org.eclipse.pde.internal.ds.core.builders,DeltaVisitor,visit,22,5,1
eclipse.pde.ui-20120217-1437,org.eclipse.pde.internal.ds.core.builders,DSErrorReporter,DSErrorReporter,3,1,1
eclipse.pde.ui-20120217-1437,org.eclipse.pde.internal.ds.core.builders,DSErrorReporter,validateContent,17,1,1
eclipse.pde.ui-20120217-1437,org.eclipse.pde.internal.ds.core.builders,DSErrorReporter,validateBoolean,6,3,2
eclipse.pde.ui-20120217-1437,org.eclipse.pde.internal.ds.core.builders,DSErrorReporter,reportIllegalAttributeValue,5,2,2
eclipse.pde.ui-20120217-1437,org.eclipse.pde.internal.ds.core.builders,DSErrorReporter,validateReferenceElements,17,3,1
eclipse.pde.ui-20120217-1437,org.eclipse.pde.internal.ds.core.builders,DSErrorReporter,validateTargetAttribute,12,2,1
eclipse.pde.ui-20120217-1437,org.eclipse.pde.internal.ds.core.builders,DSErrorReporter,reportInvalidTarget,5,1,2
eclipse.pde.ui-20120217-1437,org.eclipse.pde.internal.ds.core.builders,DSErrorReporter,validateReferenceElementNames,9,2,2
eclipse.pde.ui-20120217-1437,org.eclipse.pde.internal.ds.core.builders,DSErrorReporter,reportDuplicateReferenceElementName,6,2,2
eclipse.pde.ui-20120217-1437,org.eclipse.pde.internal.ds.core.builders,DSErrorReporter,validateReferencePolicy,12,4,1
eclipse.pde.ui-20120217-1437,org.eclipse.pde.internal.ds.core.builders,DSErrorReporter,reportIllegalPolicy,7,2,2
eclipse.pde.ui-20120217-1437,org.eclipse.pde.internal.ds.core.builders,DSErrorReporter,validateReferenceCardinality,12,4,1
eclipse.pde.ui-20120217-1437,org.eclipse.pde.internal.ds.core.builders,DSErrorReporter,reportIllegalCardinality,10,3,2
eclipse.pde.ui-20120217-1437,org.eclipse.pde.internal.ds.core.builders,DSErrorReporter,validatePropertiesElements,14,4,1
eclipse.pde.ui-20120217-1437,org.eclipse.pde.internal.ds.core.builders,DSErrorReporter,validatePropertyElements,13,3,1
eclipse.pde.ui-20120217-1437,org.eclipse.pde.internal.ds.core.builders,DSErrorReporter,validatePropertyTypesValues,13,3,2
eclipse.pde.ui-20120217-1437,org.eclipse.pde.internal.ds.core.builders,DSErrorReporter,validatePropertySpecificTypeBody,8,3,3
eclipse.pde.ui-20120217-1437,org.eclipse.pde.internal.ds.core.builders,DSErrorReporter,validatePropertySpecificTypeValue,37,10,3
eclipse.pde.ui-20120217-1437,org.eclipse.pde.internal.ds.core.builders,DSErrorReporter,reportPropertyTypeCastException,4,1,3
eclipse.pde.ui-20120217-1437,org.eclipse.pde.internal.ds.core.builders,DSErrorReporter,validatePropertyAttrValueAndBody,20,6,2
eclipse.pde.ui-20120217-1437,org.eclipse.pde.internal.ds.core.builders,DSErrorReporter,reportEmptyPropertyValue,4,1,2
eclipse.pde.ui-20120217-1437,org.eclipse.pde.internal.ds.core.builders,DSErrorReporter,reportSingleAndMultiplePropertyValues,4,1,3
eclipse.pde.ui-20120217-1437,org.eclipse.pde.internal.ds.core.builders,DSErrorReporter,validatePropertyTypes,12,4,1
eclipse.pde.ui-20120217-1437,org.eclipse.pde.internal.ds.core.builders,DSErrorReporter,validateImplementationElement,12,3,1
eclipse.pde.ui-20120217-1437,org.eclipse.pde.internal.ds.core.builders,DSErrorReporter,validateJavaElement,12,3,4
eclipse.pde.ui-20120217-1437,org.eclipse.pde.internal.ds.core.builders,DSErrorReporter,reportMissingRequiredAttribute,4,1,3
eclipse.pde.ui-20120217-1437,org.eclipse.pde.internal.ds.core.builders,DSErrorReporter,reportJavaTypeNotFound,6,1,4
eclipse.pde.ui-20120217-1437,org.eclipse.pde.internal.ds.core.builders,DSErrorReporter,validateComponentElement,14,3,1
eclipse.pde.ui-20120217-1437,org.eclipse.pde.internal.ds.core.builders,DSErrorReporter,validateConfigurationPolicyAttribute,11,4,2
eclipse.pde.ui-20120217-1437,org.eclipse.pde.internal.ds.core.builders,DSErrorReporter,validateImmediateAttribute,17,5,2
eclipse.pde.ui-20120217-1437,org.eclipse.pde.internal.ds.core.builders,DSErrorReporter,reportInvalidImmediateFactory,3,1,1
eclipse.pde.ui-20120217-1437,org.eclipse.pde.internal.ds.core.builders,DSErrorReporter,reportInvalidImmediate,3,1,1
eclipse.pde.ui-20120217-1437,org.eclipse.pde.internal.ds.core.builders,DSErrorReporter,validateEmpty,6,3,2
eclipse.pde.ui-20120217-1437,org.eclipse.pde.internal.ds.core.builders,DSErrorReporter,reportIllegalEmptyAttributeValue,5,2,2
eclipse.pde.ui-20120217-1437,org.eclipse.pde.internal.ds.core.builders,DSErrorReporter,validateServiceElement,14,3,1
eclipse.pde.ui-20120217-1437,org.eclipse.pde.internal.ds.core.builders,DSErrorReporter,reportEmptyService,3,1,1
eclipse.pde.ui-20120217-1437,org.eclipse.pde.internal.ds.core.builders,DSErrorReporter,validateServiceFactory,15,5,2
eclipse.pde.ui-20120217-1437,org.eclipse.pde.internal.ds.core.builders,DSErrorReporter,reportIllegalServiceFactory_Immediate,3,1,1
eclipse.pde.ui-20120217-1437,org.eclipse.pde.internal.ds.core.builders,DSErrorReporter,reportIllegalServiceFactory,3,1,1
eclipse.pde.ui-20120217-1437,org.eclipse.pde.internal.ds.core.builders,DSErrorReporter,validateProvideElement,14,3,1
eclipse.pde.ui-20120217-1437,org.eclipse.pde.internal.ds.core.builders,DSErrorReporter,validateDuplicateInterface,10,2,3
eclipse.pde.ui-20120217-1437,org.eclipse.pde.internal.ds.core.builders,DSErrorReporter,getElements,8,2,1
eclipse.pde.ui-20120217-1437,org.eclipse.pde.internal.ds.core.builders,DSJavaHelper,isOnClasspath,10,2,2
eclipse.pde.ui-20120217-1437,org.eclipse.pde.internal.ds.core.builders,DSMarkerFactory,createMarker,3,1,1
eclipse.pde.ui-20120217-1437,org.eclipse.pde.internal.ds.core.builders,DSMarkerFactory,createMarker,6,1,3
eclipse.pde.ui-20120217-1437,org.eclipse.pde.internal.ds.core.builders,DefaultSAXParser,parse,24,2,2
eclipse.pde.ui-20120217-1437,org.eclipse.pde.internal.ds.core.builders,XMLErrorReporter,ElementData,3,1,1
eclipse.pde.ui-20120217-1437,org.eclipse.pde.internal.ds.core.builders,XMLErrorReporter,XMLErrorReporter,16,1,1
eclipse.pde.ui-20120217-1437,org.eclipse.pde.internal.ds.core.builders,XMLErrorReporter,getFile,3,1,0
eclipse.pde.ui-20120217-1437,org.eclipse.pde.internal.ds.core.builders,XMLErrorReporter,addMarker,14,3,5
eclipse.pde.ui-20120217-1437,org.eclipse.pde.internal.ds.core.builders,XMLErrorReporter,getMarkerFactory,4,2,0
eclipse.pde.ui-20120217-1437,org.eclipse.pde.internal.ds.core.builders,XMLErrorReporter,addMarker,3,1,2
eclipse.pde.ui-20120217-1437,org.eclipse.pde.internal.ds.core.builders,XMLErrorReporter,error,4,1,1
eclipse.pde.ui-20120217-1437,org.eclipse.pde.internal.ds.core.builders,XMLErrorReporter,fatalError,4,1,1
eclipse.pde.ui-20120217-1437,org.eclipse.pde.internal.ds.core.builders,XMLErrorReporter,getErrorCount,3,1,0
eclipse.pde.ui-20120217-1437,org.eclipse.pde.internal.ds.core.builders,XMLErrorReporter,removeFileMarkers,8,1,0
eclipse.pde.ui-20120217-1437,org.eclipse.pde.internal.ds.core.builders,XMLErrorReporter,report,5,3,5
eclipse.pde.ui-20120217-1437,org.eclipse.pde.internal.ds.core.builders,XMLErrorReporter,report,3,1,4
eclipse.pde.ui-20120217-1437,org.eclipse.pde.internal.ds.core.builders,XMLErrorReporter,warning,3,1,1
eclipse.pde.ui-20120217-1437,org.eclipse.pde.internal.ds.core.builders,XMLErrorReporter,startDocument,8,1,0
eclipse.pde.ui-20120217-1437,org.eclipse.pde.internal.ds.core.builders,XMLErrorReporter,endDocument,3,1,0
eclipse.pde.ui-20120217-1437,org.eclipse.pde.internal.ds.core.builders,XMLErrorReporter,startElement,14,4,4
eclipse.pde.ui-20120217-1437,org.eclipse.pde.internal.ds.core.builders,XMLErrorReporter,endElement,3,1,3
eclipse.pde.ui-20120217-1437,org.eclipse.pde.internal.ds.core.builders,XMLErrorReporter,generateErrorElementHierarchy,6,3,0
eclipse.pde.ui-20120217-1437,org.eclipse.pde.internal.ds.core.builders,XMLErrorReporter,characters,9,3,3
eclipse.pde.ui-20120217-1437,org.eclipse.pde.internal.ds.core.builders,XMLErrorReporter,setDocumentLocator,3,1,1
eclipse.pde.ui-20120217-1437,org.eclipse.pde.internal.ds.core.builders,XMLErrorReporter,getStartOffset,31,11,1
eclipse.pde.ui-20120217-1437,org.eclipse.pde.internal.ds.core.builders,XMLErrorReporter,getAttributeOffset,7,2,3
eclipse.pde.ui-20120217-1437,org.eclipse.pde.internal.ds.core.builders,XMLErrorReporter,getWritableString,27,7,1
eclipse.pde.ui-20120217-1437,org.eclipse.pde.internal.ds.core.builders,XMLErrorReporter,getTextContent,11,2,1
eclipse.pde.ui-20120217-1437,org.eclipse.pde.internal.ds.core.builders,XMLErrorReporter,getLine,9,1,1
eclipse.pde.ui-20120217-1437,org.eclipse.pde.internal.ds.core.builders,XMLErrorReporter,getLine,10,2,2
eclipse.pde.ui-20120217-1437,org.eclipse.pde.internal.ds.core.builders,XMLErrorReporter,validateContent,2,1,1
eclipse.pde.ui-20120217-1437,org.eclipse.pde.internal.ds.core.builders,XMLErrorReporter,getDocumentRoot,4,2,0
eclipse.pde.ui-20120217-1437,org.eclipse.pde.internal.ds.core.builders,XMLErrorReporter,resolveEntity,6,2,2
eclipse.pde.ui-20120217-1437,org.eclipse.pde.internal.ds.core.builders,ElementData,ElementData,3,1,1
eclipse.pde.ui-20120217-1437,org.eclipse.pde.internal.ds.core.text,DSComponent,DSComponent,7,1,1
eclipse.pde.ui-20120217-1437,org.eclipse.pde.internal.ds.core.text,DSComponent,isRoot,3,1,0
eclipse.pde.ui-20120217-1437,org.eclipse.pde.internal.ds.core.text,DSComponent,getType,3,1,0
eclipse.pde.ui-20120217-1437,org.eclipse.pde.internal.ds.core.text,DSComponent,canBeParent,3,1,0
eclipse.pde.ui-20120217-1437,org.eclipse.pde.internal.ds.core.text,DSComponent,getName,3,1,0
eclipse.pde.ui-20120217-1437,org.eclipse.pde.internal.ds.core.text,DSComponent,canAddChild,3,1,1
eclipse.pde.ui-20120217-1437,org.eclipse.pde.internal.ds.core.text,DSComponent,setAttributeName,3,1,1
eclipse.pde.ui-20120217-1437,org.eclipse.pde.internal.ds.core.text,DSComponent,getAttributeName,3,1,0
eclipse.pde.ui-20120217-1437,org.eclipse.pde.internal.ds.core.text,DSComponent,setEnabled,3,1,1
eclipse.pde.ui-20120217-1437,org.eclipse.pde.internal.ds.core.text,DSComponent,getEnabled,3,1,0
eclipse.pde.ui-20120217-1437,org.eclipse.pde.internal.ds.core.text,DSComponent,setFactory,3,1,1
eclipse.pde.ui-20120217-1437,org.eclipse.pde.internal.ds.core.text,DSComponent,getFactory,3,1,0
eclipse.pde.ui-20120217-1437,org.eclipse.pde.internal.ds.core.text,DSComponent,setImmediate,3,1,1
eclipse.pde.ui-20120217-1437,org.eclipse.pde.internal.ds.core.text,DSComponent,getImmediate,3,1,0
eclipse.pde.ui-20120217-1437,org.eclipse.pde.internal.ds.core.text,DSComponent,getImplementation,7,2,0
eclipse.pde.ui-20120217-1437,org.eclipse.pde.internal.ds.core.text,DSComponent,getPropertiesElements,8,2,0
eclipse.pde.ui-20120217-1437,org.eclipse.pde.internal.ds.core.text,DSComponent,getPropertyElements,8,2,0
eclipse.pde.ui-20120217-1437,org.eclipse.pde.internal.ds.core.text,DSComponent,getReferences,8,2,0
eclipse.pde.ui-20120217-1437,org.eclipse.pde.internal.ds.core.text,DSComponent,getService,7,2,0
eclipse.pde.ui-20120217-1437,org.eclipse.pde.internal.ds.core.text,DSComponent,addPropertiesElement,3,1,1
eclipse.pde.ui-20120217-1437,org.eclipse.pde.internal.ds.core.text,DSComponent,addPropertyElement,3,1,1
eclipse.pde.ui-20120217-1437,org.eclipse.pde.internal.ds.core.text,DSComponent,addReference,3,1,1
eclipse.pde.ui-20120217-1437,org.eclipse.pde.internal.ds.core.text,DSComponent,removePropertiesElement,3,1,1
eclipse.pde.ui-20120217-1437,org.eclipse.pde.internal.ds.core.text,DSComponent,removePropertyElement,3,1,1
eclipse.pde.ui-20120217-1437,org.eclipse.pde.internal.ds.core.text,DSComponent,removeReference,3,1,1
eclipse.pde.ui-20120217-1437,org.eclipse.pde.internal.ds.core.text,DSComponent,setImplementation,5,2,1
eclipse.pde.ui-20120217-1437,org.eclipse.pde.internal.ds.core.text,DSComponent,setService,5,2,1
eclipse.pde.ui-20120217-1437,org.eclipse.pde.internal.ds.core.text,DSComponent,removeService,3,1,1
eclipse.pde.ui-20120217-1437,org.eclipse.pde.internal.ds.core.text,DSComponent,getAttributesNames,3,1,0
eclipse.pde.ui-20120217-1437,org.eclipse.pde.internal.ds.core.text,DSComponent,getConfigurationPolicy,3,1,0
eclipse.pde.ui-20120217-1437,org.eclipse.pde.internal.ds.core.text,DSComponent,setConfigurationPolicy,3,1,1
eclipse.pde.ui-20120217-1437,org.eclipse.pde.internal.ds.core.text,DSComponent,getActivateMethod,3,1,0
eclipse.pde.ui-20120217-1437,org.eclipse.pde.internal.ds.core.text,DSComponent,getDeactivateMethod,3,1,0
eclipse.pde.ui-20120217-1437,org.eclipse.pde.internal.ds.core.text,DSComponent,setActivateMethod,3,1,1
eclipse.pde.ui-20120217-1437,org.eclipse.pde.internal.ds.core.text,DSComponent,setDeactivateMethod,3,1,1
eclipse.pde.ui-20120217-1437,org.eclipse.pde.internal.ds.core.text,DSComponent,getModifiedMethod,3,1,0
eclipse.pde.ui-20120217-1437,org.eclipse.pde.internal.ds.core.text,DSComponent,setModifiedeMethod,3,1,1
eclipse.pde.ui-20120217-1437,org.eclipse.pde.internal.ds.core.text,DSDocumentFactory,DSDocumentFactory,3,1,1
eclipse.pde.ui-20120217-1437,org.eclipse.pde.internal.ds.core.text,DSDocumentFactory,createDocumentNode,32,11,2
eclipse.pde.ui-20120217-1437,org.eclipse.pde.internal.ds.core.text,DSDocumentFactory,createProvide,3,1,0
eclipse.pde.ui-20120217-1437,org.eclipse.pde.internal.ds.core.text,DSDocumentFactory,createProperty,3,1,0
eclipse.pde.ui-20120217-1437,org.eclipse.pde.internal.ds.core.text,DSDocumentFactory,createReference,3,1,0
eclipse.pde.ui-20120217-1437,org.eclipse.pde.internal.ds.core.text,DSDocumentFactory,createService,3,1,0
eclipse.pde.ui-20120217-1437,org.eclipse.pde.internal.ds.core.text,DSDocumentFactory,createProperties,3,1,0
eclipse.pde.ui-20120217-1437,org.eclipse.pde.internal.ds.core.text,DSDocumentFactory,createImplementation,3,1,0
eclipse.pde.ui-20120217-1437,org.eclipse.pde.internal.ds.core.text,DSDocumentFactory,createComponent,3,1,0
eclipse.pde.ui-20120217-1437,org.eclipse.pde.internal.ds.core.text,DSDocumentFactory,isReference,3,1,1
eclipse.pde.ui-20120217-1437,org.eclipse.pde.internal.ds.core.text,DSDocumentFactory,isService,3,1,1
eclipse.pde.ui-20120217-1437,org.eclipse.pde.internal.ds.core.text,DSDocumentFactory,isProperties,3,1,1
eclipse.pde.ui-20120217-1437,org.eclipse.pde.internal.ds.core.text,DSDocumentFactory,isImplementation,3,1,1
eclipse.pde.ui-20120217-1437,org.eclipse.pde.internal.ds.core.text,DSDocumentFactory,isRoot,3,1,1
eclipse.pde.ui-20120217-1437,org.eclipse.pde.internal.ds.core.text,DSDocumentFactory,isProperty,3,1,1
eclipse.pde.ui-20120217-1437,org.eclipse.pde.internal.ds.core.text,DSDocumentFactory,isProvide,3,1,1
eclipse.pde.ui-20120217-1437,org.eclipse.pde.internal.ds.core.text,DSDocumentHandler,DSDocumentHandler,4,1,2
eclipse.pde.ui-20120217-1437,org.eclipse.pde.internal.ds.core.text,DSDocumentHandler,getDocument,3,1,0
eclipse.pde.ui-20120217-1437,org.eclipse.pde.internal.ds.core.text,DSDocumentHandler,getRootNode,3,1,0
eclipse.pde.ui-20120217-1437,org.eclipse.pde.internal.ds.core.text,DSImplementation,DSImplementation,4,1,1
eclipse.pde.ui-20120217-1437,org.eclipse.pde.internal.ds.core.text,DSImplementation,canAddChild,3,1,1
eclipse.pde.ui-20120217-1437,org.eclipse.pde.internal.ds.core.text,DSImplementation,canBeParent,3,1,0
eclipse.pde.ui-20120217-1437,org.eclipse.pde.internal.ds.core.text,DSImplementation,getName,3,1,0
eclipse.pde.ui-20120217-1437,org.eclipse.pde.internal.ds.core.text,DSImplementation,getType,3,1,0
eclipse.pde.ui-20120217-1437,org.eclipse.pde.internal.ds.core.text,DSImplementation,setClassName,3,1,1
eclipse.pde.ui-20120217-1437,org.eclipse.pde.internal.ds.core.text,DSImplementation,getClassName,3,1,0
eclipse.pde.ui-20120217-1437,org.eclipse.pde.internal.ds.core.text,DSImplementation,getAttributesNames,3,1,0
eclipse.pde.ui-20120217-1437,org.eclipse.pde.internal.ds.core.text,DSImplementation,isLeafNode,3,1,0
eclipse.pde.ui-20120217-1437,org.eclipse.pde.internal.ds.core.text,DSModel,DSModel,3,1,2
eclipse.pde.ui-20120217-1437,org.eclipse.pde.internal.ds.core.text,DSModel,createDocumentHandler,6,2,2
eclipse.pde.ui-20120217-1437,org.eclipse.pde.internal.ds.core.text,DSModel,getFactory,6,2,0
eclipse.pde.ui-20120217-1437,org.eclipse.pde.internal.ds.core.text,DSModel,getDSComponent,6,2,0
eclipse.pde.ui-20120217-1437,org.eclipse.pde.internal.ds.core.text,DSModel,getRoot,3,1,0
eclipse.pde.ui-20120217-1437,org.eclipse.pde.internal.ds.core.text,DSObject,DSObject,3,1,2
eclipse.pde.ui-20120217-1437,org.eclipse.pde.internal.ds.core.text,DSObject,getAttributeIndent,3,1,0
eclipse.pde.ui-20120217-1437,org.eclipse.pde.internal.ds.core.text,DSObject,getContentIndent,3,1,0
eclipse.pde.ui-20120217-1437,org.eclipse.pde.internal.ds.core.text,DSObject,canBeParent,0,1,0
eclipse.pde.ui-20120217-1437,org.eclipse.pde.internal.ds.core.text,DSObject,canAddChild,0,1,1
eclipse.pde.ui-20120217-1437,org.eclipse.pde.internal.ds.core.text,DSObject,getModel,7,2,0
eclipse.pde.ui-20120217-1437,org.eclipse.pde.internal.ds.core.text,DSObject,getComponent,7,2,0
eclipse.pde.ui-20120217-1437,org.eclipse.pde.internal.ds.core.text,DSObject,getName,0,1,0
eclipse.pde.ui-20120217-1437,org.eclipse.pde.internal.ds.core.text,DSObject,getType,0,1,0
eclipse.pde.ui-20120217-1437,org.eclipse.pde.internal.ds.core.text,DSProperties,DSProperties,6,1,1
eclipse.pde.ui-20120217-1437,org.eclipse.pde.internal.ds.core.text,DSProperties,canAddChild,3,1,1
eclipse.pde.ui-20120217-1437,org.eclipse.pde.internal.ds.core.text,DSProperties,canBeParent,3,1,0
eclipse.pde.ui-20120217-1437,org.eclipse.pde.internal.ds.core.text,DSProperties,getName,3,1,0
eclipse.pde.ui-20120217-1437,org.eclipse.pde.internal.ds.core.text,DSProperties,getType,3,1,0
eclipse.pde.ui-20120217-1437,org.eclipse.pde.internal.ds.core.text,DSProperties,setEntry,3,1,1
eclipse.pde.ui-20120217-1437,org.eclipse.pde.internal.ds.core.text,DSProperties,getEntry,3,1,0
eclipse.pde.ui-20120217-1437,org.eclipse.pde.internal.ds.core.text,DSProperties,getAttributesNames,3,1,0
eclipse.pde.ui-20120217-1437,org.eclipse.pde.internal.ds.core.text,DSProperties,isLeafNode,3,1,0
eclipse.pde.ui-20120217-1437,org.eclipse.pde.internal.ds.core.text,DSProperty,DSProperty,7,1,1
eclipse.pde.ui-20120217-1437,org.eclipse.pde.internal.ds.core.text,DSProperty,canAddChild,3,1,1
eclipse.pde.ui-20120217-1437,org.eclipse.pde.internal.ds.core.text,DSProperty,canBeParent,3,1,0
eclipse.pde.ui-20120217-1437,org.eclipse.pde.internal.ds.core.text,DSProperty,getName,3,1,0
eclipse.pde.ui-20120217-1437,org.eclipse.pde.internal.ds.core.text,DSProperty,getType,3,1,0
eclipse.pde.ui-20120217-1437,org.eclipse.pde.internal.ds.core.text,DSProperty,getPropertyName,3,1,0
eclipse.pde.ui-20120217-1437,org.eclipse.pde.internal.ds.core.text,DSProperty,setPropertyName,3,1,1
eclipse.pde.ui-20120217-1437,org.eclipse.pde.internal.ds.core.text,DSProperty,getPropertyValue,3,1,0
eclipse.pde.ui-20120217-1437,org.eclipse.pde.internal.ds.core.text,DSProperty,setPropertyValue,3,1,1
eclipse.pde.ui-20120217-1437,org.eclipse.pde.internal.ds.core.text,DSProperty,getPropertyType,3,1,0
eclipse.pde.ui-20120217-1437,org.eclipse.pde.internal.ds.core.text,DSProperty,setPropertyType,3,1,1
eclipse.pde.ui-20120217-1437,org.eclipse.pde.internal.ds.core.text,DSProperty,getPropertyElemBody,3,1,0
eclipse.pde.ui-20120217-1437,org.eclipse.pde.internal.ds.core.text,DSProperty,setPropertyElemBody,3,1,1
eclipse.pde.ui-20120217-1437,org.eclipse.pde.internal.ds.core.text,DSProperty,getAttributesNames,3,1,0
eclipse.pde.ui-20120217-1437,org.eclipse.pde.internal.ds.core.text,DSProperty,isLeafNode,3,1,0
eclipse.pde.ui-20120217-1437,org.eclipse.pde.internal.ds.core.text,DSProvide,DSProvide,5,1,1
eclipse.pde.ui-20120217-1437,org.eclipse.pde.internal.ds.core.text,DSProvide,canAddChild,3,1,1
eclipse.pde.ui-20120217-1437,org.eclipse.pde.internal.ds.core.text,DSProvide,canBeParent,3,1,0
eclipse.pde.ui-20120217-1437,org.eclipse.pde.internal.ds.core.text,DSProvide,getName,3,1,0
eclipse.pde.ui-20120217-1437,org.eclipse.pde.internal.ds.core.text,DSProvide,getType,3,1,0
eclipse.pde.ui-20120217-1437,org.eclipse.pde.internal.ds.core.text,DSProvide,setInterface,3,1,1
eclipse.pde.ui-20120217-1437,org.eclipse.pde.internal.ds.core.text,DSProvide,getInterface,3,1,0
eclipse.pde.ui-20120217-1437,org.eclipse.pde.internal.ds.core.text,DSProvide,getAttributesNames,3,1,0
eclipse.pde.ui-20120217-1437,org.eclipse.pde.internal.ds.core.text,DSProvide,isLeafNode,3,1,0
eclipse.pde.ui-20120217-1437,org.eclipse.pde.internal.ds.core.text,DSReference,DSReference,8,1,1
eclipse.pde.ui-20120217-1437,org.eclipse.pde.internal.ds.core.text,DSReference,canAddChild,3,1,1
eclipse.pde.ui-20120217-1437,org.eclipse.pde.internal.ds.core.text,DSReference,canBeParent,3,1,0
eclipse.pde.ui-20120217-1437,org.eclipse.pde.internal.ds.core.text,DSReference,getName,3,1,0
eclipse.pde.ui-20120217-1437,org.eclipse.pde.internal.ds.core.text,DSReference,getType,3,1,0
eclipse.pde.ui-20120217-1437,org.eclipse.pde.internal.ds.core.text,DSReference,setReferenceName,3,1,1
eclipse.pde.ui-20120217-1437,org.eclipse.pde.internal.ds.core.text,DSReference,getReferenceName,3,1,0
eclipse.pde.ui-20120217-1437,org.eclipse.pde.internal.ds.core.text,DSReference,setReferenceInterface,3,1,1
eclipse.pde.ui-20120217-1437,org.eclipse.pde.internal.ds.core.text,DSReference,getReferenceInterface,3,1,0
eclipse.pde.ui-20120217-1437,org.eclipse.pde.internal.ds.core.text,DSReference,setReferenceCardinality,3,1,1
eclipse.pde.ui-20120217-1437,org.eclipse.pde.internal.ds.core.text,DSReference,getReferenceCardinality,3,1,0
eclipse.pde.ui-20120217-1437,org.eclipse.pde.internal.ds.core.text,DSReference,setReferencePolicy,3,1,1
eclipse.pde.ui-20120217-1437,org.eclipse.pde.internal.ds.core.text,DSReference,getReferencePolicy,3,1,0
eclipse.pde.ui-20120217-1437,org.eclipse.pde.internal.ds.core.text,DSReference,setReferenceTarget,3,1,1
eclipse.pde.ui-20120217-1437,org.eclipse.pde.internal.ds.core.text,DSReference,getReferenceTarget,3,1,0
eclipse.pde.ui-20120217-1437,org.eclipse.pde.internal.ds.core.text,DSReference,setReferenceBind,3,1,1
eclipse.pde.ui-20120217-1437,org.eclipse.pde.internal.ds.core.text,DSReference,getReferenceBind,3,1,0
eclipse.pde.ui-20120217-1437,org.eclipse.pde.internal.ds.core.text,DSReference,setReferenceUnbind,3,1,1
eclipse.pde.ui-20120217-1437,org.eclipse.pde.internal.ds.core.text,DSReference,getReferenceUnbind,3,1,0
eclipse.pde.ui-20120217-1437,org.eclipse.pde.internal.ds.core.text,DSReference,getAttributesNames,3,1,0
eclipse.pde.ui-20120217-1437,org.eclipse.pde.internal.ds.core.text,DSReference,isLeafNode,3,1,0
eclipse.pde.ui-20120217-1437,org.eclipse.pde.internal.ds.core.text,DSService,DSService,3,1,1
eclipse.pde.ui-20120217-1437,org.eclipse.pde.internal.ds.core.text,DSService,canAddChild,3,1,1
eclipse.pde.ui-20120217-1437,org.eclipse.pde.internal.ds.core.text,DSService,canBeParent,3,1,0
eclipse.pde.ui-20120217-1437,org.eclipse.pde.internal.ds.core.text,DSService,getName,3,1,0
eclipse.pde.ui-20120217-1437,org.eclipse.pde.internal.ds.core.text,DSService,getType,3,1,0
eclipse.pde.ui-20120217-1437,org.eclipse.pde.internal.ds.core.text,DSService,setServiceFactory,3,1,1
eclipse.pde.ui-20120217-1437,org.eclipse.pde.internal.ds.core.text,DSService,getServiceFactory,3,1,0
eclipse.pde.ui-20120217-1437,org.eclipse.pde.internal.ds.core.text,DSService,getProvidedServices,8,2,0
eclipse.pde.ui-20120217-1437,org.eclipse.pde.internal.ds.core.text,DSService,addProvidedService,3,1,1
eclipse.pde.ui-20120217-1437,org.eclipse.pde.internal.ds.core.text,DSService,removeProvidedService,3,1,1
eclipse.pde.ui-20120217-1437,org.eclipse.pde.internal.ds.core.text,DSService,getAttributesNames,3,1,0
eclipse.pde.ui-20120217-1437,org.eclipse.pde.internal.ds.tests,AbstractDSModelTestCase,AbstractDSModelTestCase,2,1,0
eclipse.pde.ui-20120217-1437,org.eclipse.pde.internal.ds.tests,AbstractDSModelTestCase,setUp,3,1,0
eclipse.pde.ui-20120217-1437,org.eclipse.pde.internal.ds.tests,AbstractDSModelTestCase,load,3,1,0
eclipse.pde.ui-20120217-1437,org.eclipse.pde.internal.ds.tests,AbstractDSModelTestCase,load,14,3,1
eclipse.pde.ui-20120217-1437,org.eclipse.pde.internal.ds.tests,AbstractDSModelTestCase,setXMLContents,12,2,2
eclipse.pde.ui-20120217-1437,org.eclipse.pde.internal.ds.tests,AbstractDSModelTestCase,reload,16,2,0
eclipse.pde.ui-20120217-1437,org.eclipse.pde.internal.ds.tests,Activator,Activator,2,1,0
eclipse.pde.ui-20120217-1437,org.eclipse.pde.internal.ds.tests,Activator,start,4,1,1
eclipse.pde.ui-20120217-1437,org.eclipse.pde.internal.ds.tests,Activator,stop,4,1,1
eclipse.pde.ui-20120217-1437,org.eclipse.pde.internal.ds.tests,Activator,getDefault,3,1,0
eclipse.pde.ui-20120217-1437,org.eclipse.pde.internal.ds.tests,AllDSModelTests,suite,13,1,0
eclipse.pde.ui-20120217-1437,org.eclipse.pde.internal.ds.tests,DSComponentTestCase,testAddDefaultComponent,12,1,0
eclipse.pde.ui-20120217-1437,org.eclipse.pde.internal.ds.tests,DSComponentTestCase,testAddComponentwithAllAttributes,22,1,0
eclipse.pde.ui-20120217-1437,org.eclipse.pde.internal.ds.tests,DSComponentTestCase,testAddMoveRemoveChildrens,60,1,0
eclipse.pde.ui-20120217-1437,org.eclipse.pde.internal.ds.tests,DSImplementationTestCase,testAddImplementationComponent,15,1,0
eclipse.pde.ui-20120217-1437,org.eclipse.pde.internal.ds.tests,DSImplementationTestCase,testDefaultValuesService,13,1,0
eclipse.pde.ui-20120217-1437,org.eclipse.pde.internal.ds.tests,DSImplementationTestCase,testAddImplementationFactory,16,1,0
eclipse.pde.ui-20120217-1437,org.eclipse.pde.internal.ds.tests,DSObjectTestCase,testObject,33,1,0
eclipse.pde.ui-20120217-1437,org.eclipse.pde.internal.ds.tests,DSPropertiesTestCase,testAddPropertiesComponent,16,1,0
eclipse.pde.ui-20120217-1437,org.eclipse.pde.internal.ds.tests,DSPropertiesTestCase,testMultipleProperties,28,2,0
eclipse.pde.ui-20120217-1437,org.eclipse.pde.internal.ds.tests,DSPropertiesTestCase,testDefaultValuesService,14,1,0
eclipse.pde.ui-20120217-1437,org.eclipse.pde.internal.ds.tests,DSPropertiesTestCase,testAddPropertiesFactory,17,1,0
eclipse.pde.ui-20120217-1437,org.eclipse.pde.internal.ds.tests,DSPropertyTestCase,testAddProperty,24,1,0
eclipse.pde.ui-20120217-1437,org.eclipse.pde.internal.ds.tests,DSProvideTestCase,testAddCompleteProvidedService,25,1,0
eclipse.pde.ui-20120217-1437,org.eclipse.pde.internal.ds.tests,DSProvideTestCase,testAddProvidedServicebyFactory,22,1,0
eclipse.pde.ui-20120217-1437,org.eclipse.pde.internal.ds.tests,DSReferenceTestCase,testServiceReference,33,1,0
eclipse.pde.ui-20120217-1437,org.eclipse.pde.internal.ds.tests,DSReferenceTestCase,testDefaultServiceReference,16,1,0
eclipse.pde.ui-20120217-1437,org.eclipse.pde.internal.ds.tests,DSServiceTestCase,testAddCompleteService,28,1,0
eclipse.pde.ui-20120217-1437,org.eclipse.pde.internal.ds.tests,DSServiceTestCase,testMultipleProvideService,36,2,0
eclipse.pde.ui-20120217-1437,org.eclipse.pde.internal.ds.tests,DSServiceTestCase,testDefaultValuesService,14,1,0
eclipse.pde.ui-20120217-1437,org.eclipse.pde.internal.ds.tests,DSServiceTestCase,testRemoveChildService,21,1,0
eclipse.pde.ui-20120217-1437,org.eclipse.pde.internal.ds.tests,DSServiceTestCase,testAddServiceFactory,15,1,0
eclipse.pde.ui-20120217-1437,org.eclipse.pde.internal.ds.tests,DSv10tov11TestCase,testAddDefaultComponent,9,1,0
eclipse.pde.ui-20120217-1437,org.eclipse.pde.internal.ds.tests,DSv10tov11TestCase,setXMLContents,12,2,2
eclipse.pde.ui-20120217-1437,org.eclipse.pde.internal.ds.ui,Activator,Activator,2,1,0
eclipse.pde.ui-20120217-1437,org.eclipse.pde.internal.ds.ui,Activator,start,4,1,1
eclipse.pde.ui-20120217-1437,org.eclipse.pde.internal.ds.ui,Activator,stop,4,1,1
eclipse.pde.ui-20120217-1437,org.eclipse.pde.internal.ds.ui,Activator,getDefault,3,1,0
eclipse.pde.ui-20120217-1437,org.eclipse.pde.internal.ds.ui,Activator,initializeImageRegistry,18,1,1
eclipse.pde.ui-20120217-1437,org.eclipse.pde.internal.ds.ui,Activator,createImageDescriptor,3,1,1
eclipse.pde.ui-20120217-1437,org.eclipse.pde.internal.ds.ui,Activator,getActiveWorkbenchShell,7,2,0
eclipse.pde.ui-20120217-1437,org.eclipse.pde.internal.ds.ui,Activator,getActiveWorkbenchWindow,3,1,0
eclipse.pde.ui-20120217-1437,org.eclipse.pde.internal.ds.ui,Activator,logException,21,5,3
eclipse.pde.ui-20120217-1437,org.eclipse.pde.internal.ds.ui,Activator,run,3,1,0
eclipse.pde.ui-20120217-1437,org.eclipse.pde.internal.ds.ui,Activator,logException,3,1,1
eclipse.pde.ui-20120217-1437,org.eclipse.pde.internal.ds.ui,SWTUtil,getStandardDisplay,6,2,0
eclipse.pde.ui-20120217-1437,org.eclipse.pde.internal.ds.ui,SWTUtil,getShell,9,7,1
eclipse.pde.ui-20120217-1437,org.eclipse.pde.internal.ds.ui,SWTUtil,getButtonWidthHint,6,2,1
eclipse.pde.ui-20120217-1437,org.eclipse.pde.internal.ds.ui,SWTUtil,setButtonDimensionHint,8,2,1
eclipse.pde.ui-20120217-1437,org.eclipse.pde.internal.ds.ui,SWTUtil,setDialogSize,6,1,3
eclipse.pde.ui-20120217-1437,org.eclipse.pde.internal.ds.ui,SharedImages,SharedImages,2,1,0
eclipse.pde.ui-20120217-1437,org.eclipse.pde.internal.ds.ui,SharedImages,getImageDescriptor,3,1,1
eclipse.pde.ui-20120217-1437,org.eclipse.pde.internal.ds.ui,SharedImages,getImage,3,1,1
eclipse.pde.ui-20120217-1437,org.eclipse.pde.internal.ds.ui,SharedImages,getImage,11,3,2
eclipse.pde.ui-20120217-1437,org.eclipse.pde.internal.ds.ui.editor,DSContentProvider,getChildren,12,4,1
eclipse.pde.ui-20120217-1437,org.eclipse.pde.internal.ds.ui.editor,DSContentProvider,getParent,6,2,1
eclipse.pde.ui-20120217-1437,org.eclipse.pde.internal.ds.ui.editor,DSContentProvider,hasChildren,3,1,1
eclipse.pde.ui-20120217-1437,org.eclipse.pde.internal.ds.ui.editor,DSContentProvider,getElements,3,1,1
eclipse.pde.ui-20120217-1437,org.eclipse.pde.internal.ds.ui.editor,DSContentProvider,dispose,2,1,0
eclipse.pde.ui-20120217-1437,org.eclipse.pde.internal.ds.ui.editor,DSContentProvider,inputChanged,2,1,3
eclipse.pde.ui-20120217-1437,org.eclipse.pde.internal.ds.ui.editor,DSEditor,DSEditor,3,1,0
eclipse.pde.ui-20120217-1437,org.eclipse.pde.internal.ds.ui.editor,DSEditor,addEditorPages,10,1,0
eclipse.pde.ui-20120217-1437,org.eclipse.pde.internal.ds.ui.editor,DSEditor,contributeToToolbar,2,1,1
eclipse.pde.ui-20120217-1437,org.eclipse.pde.internal.ds.ui.editor,DSEditor,createContentOutline,3,1,0
eclipse.pde.ui-20120217-1437,org.eclipse.pde.internal.ds.ui.editor,DSEditor,createInputContextManager,3,1,0
eclipse.pde.ui-20120217-1437,org.eclipse.pde.internal.ds.ui.editor,DSEditor,createResourceContexts,4,1,2
eclipse.pde.ui-20120217-1437,org.eclipse.pde.internal.ds.ui.editor,DSEditor,createStorageContexts,3,1,2
eclipse.pde.ui-20120217-1437,org.eclipse.pde.internal.ds.ui.editor,DSEditor,createSystemFileContexts,10,1,2
eclipse.pde.ui-20120217-1437,org.eclipse.pde.internal.ds.ui.editor,DSEditor,addDSBuilder,22,3,1
eclipse.pde.ui-20120217-1437,org.eclipse.pde.internal.ds.ui.editor,DSEditor,editorContextAdded,3,1,1
eclipse.pde.ui-20120217-1437,org.eclipse.pde.internal.ds.ui.editor,DSEditor,getEditorID,3,1,0
eclipse.pde.ui-20120217-1437,org.eclipse.pde.internal.ds.ui.editor,DSEditor,getInputContext,3,1,1
eclipse.pde.ui-20120217-1437,org.eclipse.pde.internal.ds.ui.editor,DSEditor,contextRemoved,3,1,1
eclipse.pde.ui-20120217-1437,org.eclipse.pde.internal.ds.ui.editor,DSEditor,monitoredFileAdded,2,1,1
eclipse.pde.ui-20120217-1437,org.eclipse.pde.internal.ds.ui.editor,DSEditor,monitoredFileRemoved,3,1,1
eclipse.pde.ui-20120217-1437,org.eclipse.pde.internal.ds.ui.editor,DSEditor,isSaveAsAllowed,3,1,0
eclipse.pde.ui-20120217-1437,org.eclipse.pde.internal.ds.ui.editor,DSEditor,doSave,8,2,1
eclipse.pde.ui-20120217-1437,org.eclipse.pde.internal.ds.ui.editor,DSEditor,createSourcePage,3,1,4
eclipse.pde.ui-20120217-1437,org.eclipse.pde.internal.ds.ui.editor,DSEditorContributor,DSEditorContributor,3,1,0
eclipse.pde.ui-20120217-1437,org.eclipse.pde.internal.ds.ui.editor,DSEditorContributor,supportsHyperlinking,3,1,0
eclipse.pde.ui-20120217-1437,org.eclipse.pde.internal.ds.ui.editor,DSEditorContributor,supportsContentAssist,3,1,0
eclipse.pde.ui-20120217-1437,org.eclipse.pde.internal.ds.ui.editor,DSFormOutlinePage,DSFormOutlinePage,3,1,1
eclipse.pde.ui-20120217-1437,org.eclipse.pde.internal.ds.ui.editor,DSFormOutlinePage,createLabelProvider,3,1,0
eclipse.pde.ui-20120217-1437,org.eclipse.pde.internal.ds.ui.editor,DSFormOutlinePage,getParentPageId,3,1,1
eclipse.pde.ui-20120217-1437,org.eclipse.pde.internal.ds.ui.editor,DSHyperlinkDetector,DSHyperlinkDetector,3,1,1
eclipse.pde.ui-20120217-1437,org.eclipse.pde.internal.ds.ui.editor,DSHyperlinkDetector,detectAttributeHyperlink,43,16,1
eclipse.pde.ui-20120217-1437,org.eclipse.pde.internal.ds.ui.editor,DSHyperlinkDetector,detectNodeHyperlink,3,1,1
eclipse.pde.ui-20120217-1437,org.eclipse.pde.internal.ds.ui.editor,DSHyperlinkDetector,detectTextNodeHyperlink,3,1,1
eclipse.pde.ui-20120217-1437,org.eclipse.pde.internal.ds.ui.editor,DSInputContext,DSInputContext,4,1,3
eclipse.pde.ui-20120217-1437,org.eclipse.pde.internal.ds.ui.editor,DSInputContext,reorderInsertEdits,2,1,1
eclipse.pde.ui-20120217-1437,org.eclipse.pde.internal.ds.ui.editor,DSInputContext,createModel,28,5,1
eclipse.pde.ui-20120217-1437,org.eclipse.pde.internal.ds.ui.editor,DSInputContext,getId,3,1,0
eclipse.pde.ui-20120217-1437,org.eclipse.pde.internal.ds.ui.editor,DSInputContext,getPartitionName,3,1,0
eclipse.pde.ui-20120217-1437,org.eclipse.pde.internal.ds.ui.editor,DSInputContextManager,DSInputContextManager,3,1,1
eclipse.pde.ui-20120217-1437,org.eclipse.pde.internal.ds.ui.editor,DSInputContextManager,getAggregateModel,4,1,0
eclipse.pde.ui-20120217-1437,org.eclipse.pde.internal.ds.ui.editor,DSLabelProvider,getText,7,3,1
eclipse.pde.ui-20120217-1437,org.eclipse.pde.internal.ds.ui.editor,DSLabelProvider,getObjectText,10,4,1
eclipse.pde.ui-20120217-1437,org.eclipse.pde.internal.ds.ui.editor,DSLabelProvider,getImage,7,3,1
eclipse.pde.ui-20120217-1437,org.eclipse.pde.internal.ds.ui.editor,DSLabelProvider,getObjectImage,40,13,1
eclipse.pde.ui-20120217-1437,org.eclipse.pde.internal.ds.ui.editor,DSOverviewPage,DSOverviewPage,3,1,1
eclipse.pde.ui-20120217-1437,org.eclipse.pde.internal.ds.ui.editor,DSOverviewPage,modelChanged,2,1,1
eclipse.pde.ui-20120217-1437,org.eclipse.pde.internal.ds.ui.editor,DSOverviewPage,createFormContent,8,1,1
eclipse.pde.ui-20120217-1437,org.eclipse.pde.internal.ds.ui.editor,DSOverviewPage,fillBody,16,1,2
eclipse.pde.ui-20120217-1437,org.eclipse.pde.internal.ds.ui.editor,DSServicesPage,DSServicesPage,3,1,1
eclipse.pde.ui-20120217-1437,org.eclipse.pde.internal.ds.ui.editor,DSServicesPage,modelChanged,2,1,1
eclipse.pde.ui-20120217-1437,org.eclipse.pde.internal.ds.ui.editor,DSServicesPage,createFormContent,8,1,1
eclipse.pde.ui-20120217-1437,org.eclipse.pde.internal.ds.ui.editor,DSServicesPage,fillBody,9,1,2
eclipse.pde.ui-20120217-1437,org.eclipse.pde.internal.ds.ui.editor,DSSourcePage,DSSourcePage,3,1,3
eclipse.pde.ui-20120217-1437,org.eclipse.pde.internal.ds.ui.editor,DSSourcePage,isQuickOutlineEnabled,3,1,0
eclipse.pde.ui-20120217-1437,org.eclipse.pde.internal.ds.ui.editor,DSSourcePage,createOutlineComparator,3,1,0
eclipse.pde.ui-20120217-1437,org.eclipse.pde.internal.ds.ui.editor,DSSourcePage,createOutlineContentProvider,3,1,0
eclipse.pde.ui-20120217-1437,org.eclipse.pde.internal.ds.ui.editor,DSSourcePage,createOutlineLabelProvider,3,1,0
eclipse.pde.ui-20120217-1437,org.eclipse.pde.internal.ds.ui.editor,DSSourcePage,isSelectionListener,3,1,0
eclipse.pde.ui-20120217-1437,org.eclipse.pde.internal.ds.ui.editor,DSSourcePage,updateSelection,7,2,1
eclipse.pde.ui-20120217-1437,org.eclipse.pde.internal.ds.ui.editor,DSSourcePage,findRange,7,2,0
eclipse.pde.ui-20120217-1437,org.eclipse.pde.internal.ds.ui.editor,DSSourcePage,getRangeElement,4,1,2
eclipse.pde.ui-20120217-1437,org.eclipse.pde.internal.ds.ui.editor,DSSourcePage,synchronizeOutlinePage,6,1,1
eclipse.pde.ui-20120217-1437,org.eclipse.pde.internal.ds.ui.editor,DSSourcePage,adaptRange,12,4,1
eclipse.pde.ui-20120217-1437,org.eclipse.pde.internal.ds.ui.editor,DSSourcePage,setPartName,3,1,1
eclipse.pde.ui-20120217-1437,org.eclipse.pde.internal.ds.ui.editor,DSSourcePage,getAdapter,4,2,1
eclipse.pde.ui-20120217-1437,org.eclipse.pde.internal.ds.ui.editor,DSSourcePage,setActive,6,2,1
eclipse.pde.ui-20120217-1437,org.eclipse.pde.internal.ds.ui.editor,DSSourcePage,createSourceViewerConfiguration,3,1,1
eclipse.pde.ui-20120217-1437,org.eclipse.pde.internal.ds.ui.editor,DSSourceViewerConfiguration,DSSourceViewerConfiguration,3,1,2
eclipse.pde.ui-20120217-1437,org.eclipse.pde.internal.ds.ui.editor,DSSourceViewerConfiguration,getContentAssistant,14,2,1
eclipse.pde.ui-20120217-1437,org.eclipse.pde.internal.ds.ui.editor,DSSourceViewerConfiguration,dispose,4,2,0
eclipse.pde.ui-20120217-1437,org.eclipse.pde.internal.ds.ui.editor,DSSourceViewerConfiguration,getTextHover,4,2,2
eclipse.pde.ui-20120217-1437,org.eclipse.pde.internal.ds.ui.editor,DSTextHover,DSTextHover,3,1,1
eclipse.pde.ui-20120217-1437,org.eclipse.pde.internal.ds.ui.editor,DSTextHover,getHoverInfo,7,3,2
eclipse.pde.ui-20120217-1437,org.eclipse.pde.internal.ds.ui.editor,DSTextHover,checkTranslatedValue,5,2,1
eclipse.pde.ui-20120217-1437,org.eclipse.pde.internal.ds.ui.editor,DSTypeSelectionExtension,TypeInfoFilterExtension,5,2,1
eclipse.pde.ui-20120217-1437,org.eclipse.pde.internal.ds.ui.editor,DSTypeSelectionExtension,select,6,1,1
eclipse.pde.ui-20120217-1437,org.eclipse.pde.internal.ds.ui.editor,DSTypeSelectionExtension,DSTypeSelectionExtension,2,1,0
eclipse.pde.ui-20120217-1437,org.eclipse.pde.internal.ds.ui.editor,DSTypeSelectionExtension,DSTypeSelectionExtension,3,1,1
eclipse.pde.ui-20120217-1437,org.eclipse.pde.internal.ds.ui.editor,DSTypeSelectionExtension,getFilterExtension,5,2,0
eclipse.pde.ui-20120217-1437,org.eclipse.pde.internal.ds.ui.editor,TypeInfoFilterExtension,TypeInfoFilterExtension,5,2,1
eclipse.pde.ui-20120217-1437,org.eclipse.pde.internal.ds.ui.editor,TypeInfoFilterExtension,select,6,1,1
eclipse.pde.ui-20120217-1437,org.eclipse.pde.internal.ds.ui.editor,FormEntryAdapter,FormEntryAdapter,3,1,1
eclipse.pde.ui-20120217-1437,org.eclipse.pde.internal.ds.ui.editor,FormEntryAdapter,FormEntryAdapter,4,1,2
eclipse.pde.ui-20120217-1437,org.eclipse.pde.internal.ds.ui.editor,FormEntryAdapter,focusGained,4,1,1
eclipse.pde.ui-20120217-1437,org.eclipse.pde.internal.ds.ui.editor,FormEntryAdapter,textDirty,3,1,1
eclipse.pde.ui-20120217-1437,org.eclipse.pde.internal.ds.ui.editor,FormEntryAdapter,textValueChanged,2,1,1
eclipse.pde.ui-20120217-1437,org.eclipse.pde.internal.ds.ui.editor,FormEntryAdapter,browseButtonSelected,2,1,1
eclipse.pde.ui-20120217-1437,org.eclipse.pde.internal.ds.ui.editor,FormEntryAdapter,linkEntered,5,2,1
eclipse.pde.ui-20120217-1437,org.eclipse.pde.internal.ds.ui.editor,FormEntryAdapter,linkExited,5,2,1
eclipse.pde.ui-20120217-1437,org.eclipse.pde.internal.ds.ui.editor,FormEntryAdapter,linkActivated,2,1,1
eclipse.pde.ui-20120217-1437,org.eclipse.pde.internal.ds.ui.editor,FormEntryAdapter,selectionChanged,4,1,1
eclipse.pde.ui-20120217-1437,org.eclipse.pde.internal.ds.ui.editor,FormLayoutFactory,FormLayoutFactory,2,1,0
eclipse.pde.ui-20120217-1437,org.eclipse.pde.internal.ds.ui.editor,FormLayoutFactory,createFormGridLayout,14,1,2
eclipse.pde.ui-20120217-1437,org.eclipse.pde.internal.ds.ui.editor,FormLayoutFactory,createClearGridLayout,14,1,2
eclipse.pde.ui-20120217-1437,org.eclipse.pde.internal.ds.ui.editor,FormLayoutFactory,createFormTableWrapLayout,12,1,2
eclipse.pde.ui-20120217-1437,org.eclipse.pde.internal.ds.ui.editor,FormLayoutFactory,createFormPaneTableWrapLayout,12,1,2
eclipse.pde.ui-20120217-1437,org.eclipse.pde.internal.ds.ui.editor,FormLayoutFactory,createFormPaneGridLayout,14,1,2
eclipse.pde.ui-20120217-1437,org.eclipse.pde.internal.ds.ui.editor,FormLayoutFactory,createClearTableWrapLayout,12,1,2
eclipse.pde.ui-20120217-1437,org.eclipse.pde.internal.ds.ui.editor,FormLayoutFactory,createMasterGridLayout,21,3,2
eclipse.pde.ui-20120217-1437,org.eclipse.pde.internal.ds.ui.editor,FormLayoutFactory,createDetailsGridLayout,21,3,2
eclipse.pde.ui-20120217-1437,org.eclipse.pde.internal.ds.ui.editor,FormLayoutFactory,createSectionClientGridLayout,14,1,2
eclipse.pde.ui-20120217-1437,org.eclipse.pde.internal.ds.ui.editor,FormLayoutFactory,createSectionClientTableWrapLayout,12,1,2
eclipse.pde.ui-20120217-1437,org.eclipse.pde.internal.ds.ui.editor,FormLayoutFactory,visualizeLayoutArea,3,1,2
eclipse.pde.ui-20120217-1437,org.eclipse.pde.internal.ds.ui.editor.contentassist,DSAttrCompletionProposal,DSAttrCompletionProposal,3,1,3
eclipse.pde.ui-20120217-1437,org.eclipse.pde.internal.ds.ui.editor.contentassist,DSAttrCompletionProposal,getSelection,3,1,1
eclipse.pde.ui-20120217-1437,org.eclipse.pde.internal.ds.ui.editor.contentassist,DSAttrCompletionProposal,getReplacementString,36,10,1
eclipse.pde.ui-20120217-1437,org.eclipse.pde.internal.ds.ui.editor.contentassist,DSCompletionProposal,DSCompletionProposal,3,1,2
eclipse.pde.ui-20120217-1437,org.eclipse.pde.internal.ds.ui.editor.contentassist,DSCompletionProposal,DSCompletionProposal,5,1,3
eclipse.pde.ui-20120217-1437,org.eclipse.pde.internal.ds.ui.editor.contentassist,DSCompletionProposal,apply,7,1,1
eclipse.pde.ui-20120217-1437,org.eclipse.pde.internal.ds.ui.editor.contentassist,DSCompletionProposal,getAdditionalProposalInfo,3,1,0
eclipse.pde.ui-20120217-1437,org.eclipse.pde.internal.ds.ui.editor.contentassist,DSCompletionProposal,getContextInformation,3,1,0
eclipse.pde.ui-20120217-1437,org.eclipse.pde.internal.ds.ui.editor.contentassist,DSCompletionProposal,getDisplayString,3,1,0
eclipse.pde.ui-20120217-1437,org.eclipse.pde.internal.ds.ui.editor.contentassist,DSCompletionProposal,getTextbyType,20,8,1
eclipse.pde.ui-20120217-1437,org.eclipse.pde.internal.ds.ui.editor.contentassist,DSCompletionProposal,getImage,24,8,0
eclipse.pde.ui-20120217-1437,org.eclipse.pde.internal.ds.ui.editor.contentassist,DSCompletionProposal,getSelection,3,1,1
eclipse.pde.ui-20120217-1437,org.eclipse.pde.internal.ds.ui.editor.contentassist,DSContentAssistProcessor,DSContentAssistProcessor,3,1,1
eclipse.pde.ui-20120217-1437,org.eclipse.pde.internal.ds.ui.editor.contentassist,DSContentAssistProcessor,assistSessionEnded,3,1,1
eclipse.pde.ui-20120217-1437,org.eclipse.pde.internal.ds.ui.editor.contentassist,DSContentAssistProcessor,assistSessionStarted,3,1,1
eclipse.pde.ui-20120217-1437,org.eclipse.pde.internal.ds.ui.editor.contentassist,DSContentAssistProcessor,selectionChanged,2,1,2
eclipse.pde.ui-20120217-1437,org.eclipse.pde.internal.ds.ui.editor.contentassist,DSContentAssistProcessor,computeCompletionProposals,33,10,2
eclipse.pde.ui-20120217-1437,org.eclipse.pde.internal.ds.ui.editor.contentassist,DSContentAssistProcessor,computeCATextProposal,10,3,3
eclipse.pde.ui-20120217-1437,org.eclipse.pde.internal.ds.ui.editor.contentassist,DSContentAssistProcessor,computeCompletionProposal,45,13,3
eclipse.pde.ui-20120217-1437,org.eclipse.pde.internal.ds.ui.editor.contentassist,DSContentAssistProcessor,getReferencePolicyValues,3,1,2
eclipse.pde.ui-20120217-1437,org.eclipse.pde.internal.ds.ui.editor.contentassist,DSContentAssistProcessor,getConfigurationPolicyValues,3,1,2
eclipse.pde.ui-20120217-1437,org.eclipse.pde.internal.ds.ui.editor.contentassist,DSContentAssistProcessor,getReferenceCardinalityValues,3,1,2
eclipse.pde.ui-20120217-1437,org.eclipse.pde.internal.ds.ui.editor.contentassist,DSContentAssistProcessor,getPropertyTypeValues,3,1,2
eclipse.pde.ui-20120217-1437,org.eclipse.pde.internal.ds.ui.editor.contentassist,DSContentAssistProcessor,getCompletionBooleans,3,1,2
eclipse.pde.ui-20120217-1437,org.eclipse.pde.internal.ds.ui.editor.contentassist,DSContentAssistProcessor,computeCompletionProposal,10,3,3
eclipse.pde.ui-20120217-1437,org.eclipse.pde.internal.ds.ui.editor.contentassist,DSContentAssistProcessor,computeAddAttributeProposal,35,8,5
eclipse.pde.ui-20120217-1437,org.eclipse.pde.internal.ds.ui.editor.contentassist,DSContentAssistProcessor,computeAddChildProposal,13,3,4
eclipse.pde.ui-20120217-1437,org.eclipse.pde.internal.ds.ui.editor.contentassist,DSContentAssistProcessor,computeRootNodeProposals,21,4,3
eclipse.pde.ui-20120217-1437,org.eclipse.pde.internal.ds.ui.editor.contentassist,DSContentAssistProcessor,addFilteredProposal,8,3,4
eclipse.pde.ui-20120217-1437,org.eclipse.pde.internal.ds.ui.editor.contentassist,DSContentAssistProcessor,addFilteredProposal,8,3,4
eclipse.pde.ui-20120217-1437,org.eclipse.pde.internal.ds.ui.editor.contentassist,DSContentAssistProcessor,determineAssistType,23,8,3
eclipse.pde.ui-20120217-1437,org.eclipse.pde.internal.ds.ui.editor.contentassist,DSContentAssistProcessor,canInsertAttrib,4,1,2
eclipse.pde.ui-20120217-1437,org.eclipse.pde.internal.ds.ui.editor.contentassist,DSContentAssistProcessor,guessContentRequest,49,12,3
eclipse.pde.ui-20120217-1437,org.eclipse.pde.internal.ds.ui.editor.contentassist,DSContentAssistProcessor,assignRange,13,8,1
eclipse.pde.ui-20120217-1437,org.eclipse.pde.internal.ds.ui.editor.contentassist,DSContentAssistProcessor,dispose,2,1,0
eclipse.pde.ui-20120217-1437,org.eclipse.pde.internal.ds.ui.editor.contentassist,DSContentAssistProcessor,getCurrentSelection,5,2,0
eclipse.pde.ui-20120217-1437,org.eclipse.pde.internal.ds.ui.editor.contentassist,DSContentAssistProcessor,flushDocument,3,1,0
eclipse.pde.ui-20120217-1437,org.eclipse.pde.internal.ds.ui.editor.contentassist,DSContentAssistText,DSContentAssistText,4,1,2
eclipse.pde.ui-20120217-1437,org.eclipse.pde.internal.ds.ui.editor.contentassist,DSContentAssistText,parse,50,9,2
eclipse.pde.ui-20120217-1437,org.eclipse.pde.internal.ds.ui.editor.contentassist,DSContentAssistText,isContentAssistText,6,2,1
eclipse.pde.ui-20120217-1437,org.eclipse.pde.internal.ds.ui.editor.contentassist,DSContentAssistText,getText,3,1,0
eclipse.pde.ui-20120217-1437,org.eclipse.pde.internal.ds.ui.editor.contentassist,DSContentAssistText,getStartOffset,3,1,0
eclipse.pde.ui-20120217-1437,org.eclipse.pde.internal.ds.ui.editor.contentassist,DSContentAssistText,toString,3,1,0
eclipse.pde.ui-20120217-1437,org.eclipse.pde.internal.ds.ui.editor.contentassist,TypeCompletionProposal,TypeCompletionProposal,3,1,3
eclipse.pde.ui-20120217-1437,org.eclipse.pde.internal.ds.ui.editor.contentassist,TypeCompletionProposal,TypeCompletionProposal,8,1,5
eclipse.pde.ui-20120217-1437,org.eclipse.pde.internal.ds.ui.editor.contentassist,TypeCompletionProposal,apply,11,2,1
eclipse.pde.ui-20120217-1437,org.eclipse.pde.internal.ds.ui.editor.contentassist,TypeCompletionProposal,getAdditionalProposalInfo,3,1,0
eclipse.pde.ui-20120217-1437,org.eclipse.pde.internal.ds.ui.editor.contentassist,TypeCompletionProposal,getContextInformation,3,1,0
eclipse.pde.ui-20120217-1437,org.eclipse.pde.internal.ds.ui.editor.contentassist,TypeCompletionProposal,getDisplayString,3,1,0
eclipse.pde.ui-20120217-1437,org.eclipse.pde.internal.ds.ui.editor.contentassist,TypeCompletionProposal,getImage,3,1,0
eclipse.pde.ui-20120217-1437,org.eclipse.pde.internal.ds.ui.editor.contentassist,TypeCompletionProposal,getSelection,4,2,1
eclipse.pde.ui-20120217-1437,org.eclipse.pde.internal.ds.ui.editor.contentassist,TypeCompletionProposal,getReplacementString,3,1,0
eclipse.pde.ui-20120217-1437,org.eclipse.pde.internal.ds.ui.editor.contentassist,TypeCompletionProposal,getAdditionalProposalInfo,3,1,1
eclipse.pde.ui-20120217-1437,org.eclipse.pde.internal.ds.ui.editor.contentassist,TypeCompletionProposal,setAdditionalProposalInfo,3,1,1
eclipse.pde.ui-20120217-1437,org.eclipse.pde.internal.ds.ui.editor.contentassist,TypeCompletionProposal,getInformationControlCreator,12,3,0
eclipse.pde.ui-20120217-1437,org.eclipse.pde.internal.ds.ui.editor.contentassist,TypeCompletionProposal,doCreateInformationControl,3,1,1
eclipse.pde.ui-20120217-1437,org.eclipse.pde.internal.ds.ui.editor.contentassist,TypeCompletionProposal,getPrefixCompletionStart,3,1,2
eclipse.pde.ui-20120217-1437,org.eclipse.pde.internal.ds.ui.editor.contentassist,TypeCompletionProposal,getPrefixCompletionText,3,1,2
eclipse.pde.ui-20120217-1437,org.eclipse.pde.internal.ds.ui.editor.contentassist,TypePackageCompletionProcessor,generateClassCompletion,0,1,3
eclipse.pde.ui-20120217-1437,org.eclipse.pde.internal.ds.ui.editor.contentassist,TypePackageCompletionProcessor,generatePackageCompletion,0,1,1
eclipse.pde.ui-20120217-1437,org.eclipse.pde.internal.ds.ui.editor.contentassist,TypePackageCompletionProcessor,TypePackageCompletionProcessor,3,1,0
eclipse.pde.ui-20120217-1437,org.eclipse.pde.internal.ds.ui.editor.contentassist,TypePackageCompletionProcessor,computeCompletionProposals,3,1,2
eclipse.pde.ui-20120217-1437,org.eclipse.pde.internal.ds.ui.editor.contentassist,TypePackageCompletionProcessor,computeContextInformation,3,1,2
eclipse.pde.ui-20120217-1437,org.eclipse.pde.internal.ds.ui.editor.contentassist,TypePackageCompletionProcessor,getCompletionProposalAutoActivationCharacters,3,1,0
eclipse.pde.ui-20120217-1437,org.eclipse.pde.internal.ds.ui.editor.contentassist,TypePackageCompletionProcessor,getContextInformationAutoActivationCharacters,3,1,0
eclipse.pde.ui-20120217-1437,org.eclipse.pde.internal.ds.ui.editor.contentassist,TypePackageCompletionProcessor,getContextInformationValidator,3,1,0
eclipse.pde.ui-20120217-1437,org.eclipse.pde.internal.ds.ui.editor.contentassist,TypePackageCompletionProcessor,getErrorMessage,3,1,0
eclipse.pde.ui-20120217-1437,org.eclipse.pde.internal.ds.ui.editor.contentassist,TypePackageCompletionProcessor,generateTypePackageProposals,3,1,5
eclipse.pde.ui-20120217-1437,org.eclipse.pde.internal.ds.ui.editor.contentassist,TypePackageCompletionProcessor,generateTypePackageProposals,6,2,6
eclipse.pde.ui-20120217-1437,org.eclipse.pde.internal.ds.ui.editor.contentassist,TypePackageCompletionProcessor,generateProposals,46,5,6
eclipse.pde.ui-20120217-1437,org.eclipse.pde.internal.ds.ui.editor.contentassist,TypePackageCompletionProcessor,TypePackageCompletionRequestor,5,1,0
eclipse.pde.ui-20120217-1437,org.eclipse.pde.internal.ds.ui.editor.contentassist,TypePackageCompletionProcessor,accept,23,4,1
eclipse.pde.ui-20120217-1437,org.eclipse.pde.internal.ds.ui.editor.contentassist,TypePackageCompletionProcessor,getWorkingCopy,15,6,1
eclipse.pde.ui-20120217-1437,org.eclipse.pde.internal.ds.ui.editor.contentassist,TypePackageCompletionProcessor,generateTypeProposals,35,3,6
eclipse.pde.ui-20120217-1437,org.eclipse.pde.internal.ds.ui.editor.contentassist,TypePackageCompletionProcessor,acceptType,9,1,5
eclipse.pde.ui-20120217-1437,org.eclipse.pde.internal.ds.ui.editor.contentassist,TypePackageCompletionProcessor,sortCompletions,3,1,1
eclipse.pde.ui-20120217-1437,org.eclipse.pde.internal.ds.ui.editor.contentassist,TypePackageCompletionProcessor,getComparator,16,2,0
eclipse.pde.ui-20120217-1437,org.eclipse.pde.internal.ds.ui.editor.contentassist,TypePackageCompletionProcessor,compare,5,1,2
eclipse.pde.ui-20120217-1437,org.eclipse.pde.internal.ds.ui.editor.contentassist,TypePackageCompletionProcessor,getSortKey,3,1,1
eclipse.pde.ui-20120217-1437,org.eclipse.pde.internal.ds.ui.editor.contentassist,TypePackageCompletionProcessor,removeLeadingSpaces,6,3,1
eclipse.pde.ui-20120217-1437,org.eclipse.pde.internal.ds.ui.editor.contentassist,TypePackageCompletionProcessor,addProposalToCollection,4,1,6
eclipse.pde.ui-20120217-1437,org.eclipse.pde.internal.ds.ui.editor.contentassist,ProposalGenerator,generateClassCompletion,0,1,3
eclipse.pde.ui-20120217-1437,org.eclipse.pde.internal.ds.ui.editor.contentassist,ProposalGenerator,generatePackageCompletion,0,1,1
eclipse.pde.ui-20120217-1437,org.eclipse.pde.internal.ds.ui.editor.contentassist,TypePackageCompletionRequestor,TypePackageCompletionRequestor,5,1,0
eclipse.pde.ui-20120217-1437,org.eclipse.pde.internal.ds.ui.editor.contentassist,TypePackageCompletionRequestor,accept,23,4,1
eclipse.pde.ui-20120217-1437,org.eclipse.pde.internal.ds.ui.editor.dialogs,DSEditPropertiesDialog,DSEditPropertiesDialog,5,1,3
eclipse.pde.ui-20120217-1437,org.eclipse.pde.internal.ds.ui.editor.dialogs,DSEditPropertiesDialog,createFormContent,19,1,1
eclipse.pde.ui-20120217-1437,org.eclipse.pde.internal.ds.ui.editor.dialogs,DSEditPropertiesDialog,isHelpAvailable,3,1,0
eclipse.pde.ui-20120217-1437,org.eclipse.pde.internal.ds.ui.editor.dialogs,DSEditPropertiesDialog,buttonPressed,8,2,1
eclipse.pde.ui-20120217-1437,org.eclipse.pde.internal.ds.ui.editor.dialogs,DSEditPropertiesDialog,handleOKPressed,8,3,0
eclipse.pde.ui-20120217-1437,org.eclipse.pde.internal.ds.ui.editor.dialogs,DSEditPropertiesDialog,updateFields,12,3,0
eclipse.pde.ui-20120217-1437,org.eclipse.pde.internal.ds.ui.editor.dialogs,DSEditPropertiesDialog,setEntryListeners,17,2,0
eclipse.pde.ui-20120217-1437,org.eclipse.pde.internal.ds.ui.editor.dialogs,DSEditPropertiesDialog,textValueChanged,2,1,1
eclipse.pde.ui-20120217-1437,org.eclipse.pde.internal.ds.ui.editor.dialogs,DSEditPropertiesDialog,textDirty,2,1,1
eclipse.pde.ui-20120217-1437,org.eclipse.pde.internal.ds.ui.editor.dialogs,DSEditPropertiesDialog,linkActivated,5,2,1
eclipse.pde.ui-20120217-1437,org.eclipse.pde.internal.ds.ui.editor.dialogs,DSEditPropertiesDialog,browseButtonSelected,3,1,1
eclipse.pde.ui-20120217-1437,org.eclipse.pde.internal.ds.ui.editor.dialogs,DSEditPropertiesDialog,handleLinkActivated,24,4,2
eclipse.pde.ui-20120217-1437,org.eclipse.pde.internal.ds.ui.editor.dialogs,DSEditPropertiesDialog,getProject,4,1,0
eclipse.pde.ui-20120217-1437,org.eclipse.pde.internal.ds.ui.editor.dialogs,DSEditPropertiesDialog,doOpenSelectionDialog,31,6,1
eclipse.pde.ui-20120217-1437,org.eclipse.pde.internal.ds.ui.editor.dialogs,DSEditPropertiesDialog,select,4,2,3
eclipse.pde.ui-20120217-1437,org.eclipse.pde.internal.ds.ui.editor.dialogs,DSEditPropertiesDialog,validate,4,2,1
eclipse.pde.ui-20120217-1437,org.eclipse.pde.internal.ds.ui.editor.dialogs,DSEditPropertiesDialog,getFile,7,2,0
eclipse.pde.ui-20120217-1437,org.eclipse.pde.internal.ds.ui.editor.dialogs,DSEditPropertyDialog,DSEditPropertyDialog,6,1,4
eclipse.pde.ui-20120217-1437,org.eclipse.pde.internal.ds.ui.editor.dialogs,DSEditPropertyDialog,createFormContent,28,1,1
eclipse.pde.ui-20120217-1437,org.eclipse.pde.internal.ds.ui.editor.dialogs,DSEditPropertyDialog,isHelpAvailable,3,1,0
eclipse.pde.ui-20120217-1437,org.eclipse.pde.internal.ds.ui.editor.dialogs,DSEditPropertyDialog,buttonPressed,8,2,1
eclipse.pde.ui-20120217-1437,org.eclipse.pde.internal.ds.ui.editor.dialogs,DSEditPropertyDialog,handleOKPressed,27,11,0
eclipse.pde.ui-20120217-1437,org.eclipse.pde.internal.ds.ui.editor.dialogs,DSEditPropertyDialog,handleUniqueValue,8,3,0
eclipse.pde.ui-20120217-1437,org.eclipse.pde.internal.ds.ui.editor.dialogs,DSEditPropertyDialog,handleBodyValues,12,4,0
eclipse.pde.ui-20120217-1437,org.eclipse.pde.internal.ds.ui.editor.dialogs,DSEditPropertyDialog,updateFields,25,6,0
eclipse.pde.ui-20120217-1437,org.eclipse.pde.internal.ds.ui.editor.dialogs,DSEditPropertyDialog,setEntryListeners,24,2,0
eclipse.pde.ui-20120217-1437,org.eclipse.pde.internal.ds.ui.editor.dialogs,DSEditPropertyDialog,textValueChanged,2,1,1
eclipse.pde.ui-20120217-1437,org.eclipse.pde.internal.ds.ui.editor.dialogs,DSEditPropertyDialog,textDirty,2,1,1
eclipse.pde.ui-20120217-1437,org.eclipse.pde.internal.ds.ui.editor.dialogs,DSEditPropertyDialog,linkActivated,5,2,1
eclipse.pde.ui-20120217-1437,org.eclipse.pde.internal.ds.ui.editor.dialogs,DSEditPropertyDialog,browseButtonSelected,3,1,1
eclipse.pde.ui-20120217-1437,org.eclipse.pde.internal.ds.ui.editor.dialogs,DSEditPropertyDialog,textValueChanged,2,1,1
eclipse.pde.ui-20120217-1437,org.eclipse.pde.internal.ds.ui.editor.dialogs,DSEditPropertyDialog,textDirty,2,1,1
eclipse.pde.ui-20120217-1437,org.eclipse.pde.internal.ds.ui.editor.dialogs,DSEditPropertyDialog,handleLinkActivated,24,4,2
eclipse.pde.ui-20120217-1437,org.eclipse.pde.internal.ds.ui.editor.dialogs,DSEditPropertyDialog,getProject,4,1,0
eclipse.pde.ui-20120217-1437,org.eclipse.pde.internal.ds.ui.editor.dialogs,DSEditPropertyDialog,doOpenSelectionDialog,31,6,1
eclipse.pde.ui-20120217-1437,org.eclipse.pde.internal.ds.ui.editor.dialogs,DSEditPropertyDialog,select,4,2,3
eclipse.pde.ui-20120217-1437,org.eclipse.pde.internal.ds.ui.editor.dialogs,DSEditPropertyDialog,validate,4,2,1
eclipse.pde.ui-20120217-1437,org.eclipse.pde.internal.ds.ui.editor.dialogs,DSEditPropertyDialog,getFile,7,2,1
eclipse.pde.ui-20120217-1437,org.eclipse.pde.internal.ds.ui.editor.dialogs,DSEditProvideDialog,DSEditProvideDialog,5,1,3
eclipse.pde.ui-20120217-1437,org.eclipse.pde.internal.ds.ui.editor.dialogs,DSEditProvideDialog,createFormContent,19,1,1
eclipse.pde.ui-20120217-1437,org.eclipse.pde.internal.ds.ui.editor.dialogs,DSEditProvideDialog,isHelpAvailable,3,1,0
eclipse.pde.ui-20120217-1437,org.eclipse.pde.internal.ds.ui.editor.dialogs,DSEditProvideDialog,buttonPressed,8,2,1
eclipse.pde.ui-20120217-1437,org.eclipse.pde.internal.ds.ui.editor.dialogs,DSEditProvideDialog,handleOKPressed,8,3,0
eclipse.pde.ui-20120217-1437,org.eclipse.pde.internal.ds.ui.editor.dialogs,DSEditProvideDialog,updateFields,12,3,0
eclipse.pde.ui-20120217-1437,org.eclipse.pde.internal.ds.ui.editor.dialogs,DSEditProvideDialog,setInterfaceEntryListeners,17,2,0
eclipse.pde.ui-20120217-1437,org.eclipse.pde.internal.ds.ui.editor.dialogs,DSEditProvideDialog,textValueChanged,2,1,1
eclipse.pde.ui-20120217-1437,org.eclipse.pde.internal.ds.ui.editor.dialogs,DSEditProvideDialog,textDirty,2,1,1
eclipse.pde.ui-20120217-1437,org.eclipse.pde.internal.ds.ui.editor.dialogs,DSEditProvideDialog,linkActivated,5,2,1
eclipse.pde.ui-20120217-1437,org.eclipse.pde.internal.ds.ui.editor.dialogs,DSEditProvideDialog,browseButtonSelected,3,1,1
eclipse.pde.ui-20120217-1437,org.eclipse.pde.internal.ds.ui.editor.dialogs,DSEditProvideDialog,handleLinkActivated,24,4,2
eclipse.pde.ui-20120217-1437,org.eclipse.pde.internal.ds.ui.editor.dialogs,DSEditProvideDialog,getProject,4,1,0
eclipse.pde.ui-20120217-1437,org.eclipse.pde.internal.ds.ui.editor.dialogs,DSEditProvideDialog,doOpenSelectionDialog,15,2,2
eclipse.pde.ui-20120217-1437,org.eclipse.pde.internal.ds.ui.editor.dialogs,DSEditReferenceDialog,DSEditReferenceDialog,5,1,3
eclipse.pde.ui-20120217-1437,org.eclipse.pde.internal.ds.ui.editor.dialogs,DSEditReferenceDialog,createFormContent,25,1,1
eclipse.pde.ui-20120217-1437,org.eclipse.pde.internal.ds.ui.editor.dialogs,DSEditReferenceDialog,addCardinalityEntry,9,1,3
eclipse.pde.ui-20120217-1437,org.eclipse.pde.internal.ds.ui.editor.dialogs,DSEditReferenceDialog,addPolicyEntry,9,1,3
eclipse.pde.ui-20120217-1437,org.eclipse.pde.internal.ds.ui.editor.dialogs,DSEditReferenceDialog,isHelpAvailable,3,1,0
eclipse.pde.ui-20120217-1437,org.eclipse.pde.internal.ds.ui.editor.dialogs,DSEditReferenceDialog,buttonPressed,8,2,1
eclipse.pde.ui-20120217-1437,org.eclipse.pde.internal.ds.ui.editor.dialogs,DSEditReferenceDialog,handleOKPressed,42,15,0
eclipse.pde.ui-20120217-1437,org.eclipse.pde.internal.ds.ui.editor.dialogs,DSEditReferenceDialog,updateFields,27,6,0
eclipse.pde.ui-20120217-1437,org.eclipse.pde.internal.ds.ui.editor.dialogs,DSEditReferenceDialog,setInterfaceEntryListeners,17,2,0
eclipse.pde.ui-20120217-1437,org.eclipse.pde.internal.ds.ui.editor.dialogs,DSEditReferenceDialog,textValueChanged,2,1,1
eclipse.pde.ui-20120217-1437,org.eclipse.pde.internal.ds.ui.editor.dialogs,DSEditReferenceDialog,textDirty,2,1,1
eclipse.pde.ui-20120217-1437,org.eclipse.pde.internal.ds.ui.editor.dialogs,DSEditReferenceDialog,linkActivated,5,2,1
eclipse.pde.ui-20120217-1437,org.eclipse.pde.internal.ds.ui.editor.dialogs,DSEditReferenceDialog,browseButtonSelected,3,1,1
eclipse.pde.ui-20120217-1437,org.eclipse.pde.internal.ds.ui.editor.dialogs,DSEditReferenceDialog,handleLinkActivated,24,4,2
eclipse.pde.ui-20120217-1437,org.eclipse.pde.internal.ds.ui.editor.dialogs,DSEditReferenceDialog,getProject,4,1,0
eclipse.pde.ui-20120217-1437,org.eclipse.pde.internal.ds.ui.editor.dialogs,DSEditReferenceDialog,doOpenSelectionDialog,15,2,2
eclipse.pde.ui-20120217-1437,org.eclipse.pde.internal.ds.ui.editor.sections,DSComponentSection,DSComponentSection,4,1,2
eclipse.pde.ui-20120217-1437,org.eclipse.pde.internal.ds.ui.editor.sections,DSComponentSection,createClient,24,1,2
eclipse.pde.ui-20120217-1437,org.eclipse.pde.internal.ds.ui.editor.sections,DSComponentSection,initializeAttributes,8,2,0
eclipse.pde.ui-20120217-1437,org.eclipse.pde.internal.ds.ui.editor.sections,DSComponentSection,commit,8,1,1
eclipse.pde.ui-20120217-1437,org.eclipse.pde.internal.ds.ui.editor.sections,DSComponentSection,modelChanged,17,6,1
eclipse.pde.ui-20120217-1437,org.eclipse.pde.internal.ds.ui.editor.sections,DSComponentSection,run,3,2,0
eclipse.pde.ui-20120217-1437,org.eclipse.pde.internal.ds.ui.editor.sections,DSComponentSection,updateUIFields,41,8,0
eclipse.pde.ui-20120217-1437,org.eclipse.pde.internal.ds.ui.editor.sections,DSComponentSection,setListeners,62,8,0
eclipse.pde.ui-20120217-1437,org.eclipse.pde.internal.ds.ui.editor.sections,DSComponentSection,textValueChanged,6,2,1
eclipse.pde.ui-20120217-1437,org.eclipse.pde.internal.ds.ui.editor.sections,DSComponentSection,textValueChanged,6,2,1
eclipse.pde.ui-20120217-1437,org.eclipse.pde.internal.ds.ui.editor.sections,DSComponentSection,textValueChanged,6,2,1
eclipse.pde.ui-20120217-1437,org.eclipse.pde.internal.ds.ui.editor.sections,DSComponentSection,textValueChanged,6,2,1
eclipse.pde.ui-20120217-1437,org.eclipse.pde.internal.ds.ui.editor.sections,DSComponentSection,textValueChanged,12,3,1
eclipse.pde.ui-20120217-1437,org.eclipse.pde.internal.ds.ui.editor.sections,DSComponentSection,linkActivated,5,2,1
eclipse.pde.ui-20120217-1437,org.eclipse.pde.internal.ds.ui.editor.sections,DSComponentSection,browseButtonSelected,3,1,1
eclipse.pde.ui-20120217-1437,org.eclipse.pde.internal.ds.ui.editor.sections,DSComponentSection,handleLinkActivated,24,4,2
eclipse.pde.ui-20120217-1437,org.eclipse.pde.internal.ds.ui.editor.sections,DSComponentSection,doOpenSelectionDialog,10,3,1
eclipse.pde.ui-20120217-1437,org.eclipse.pde.internal.ds.ui.editor.sections,DSOptionsSection,DSOptionsSection,4,1,2
eclipse.pde.ui-20120217-1437,org.eclipse.pde.internal.ds.ui.editor.sections,DSOptionsSection,createClient,25,1,2
eclipse.pde.ui-20120217-1437,org.eclipse.pde.internal.ds.ui.editor.sections,DSOptionsSection,createButtons,22,1,2
eclipse.pde.ui-20120217-1437,org.eclipse.pde.internal.ds.ui.editor.sections,DSOptionsSection,widgetSelected,3,1,1
eclipse.pde.ui-20120217-1437,org.eclipse.pde.internal.ds.ui.editor.sections,DSOptionsSection,widgetSelected,3,1,1
eclipse.pde.ui-20120217-1437,org.eclipse.pde.internal.ds.ui.editor.sections,DSOptionsSection,initializeAttributes,5,1,0
eclipse.pde.ui-20120217-1437,org.eclipse.pde.internal.ds.ui.editor.sections,DSOptionsSection,commit,4,1,1
eclipse.pde.ui-20120217-1437,org.eclipse.pde.internal.ds.ui.editor.sections,DSOptionsSection,modelChanged,14,4,1
eclipse.pde.ui-20120217-1437,org.eclipse.pde.internal.ds.ui.editor.sections,DSOptionsSection,run,3,2,0
eclipse.pde.ui-20120217-1437,org.eclipse.pde.internal.ds.ui.editor.sections,DSOptionsSection,updateUIFields,14,4,0
eclipse.pde.ui-20120217-1437,org.eclipse.pde.internal.ds.ui.editor.sections,DSOptionsSection,enableOrDisableImmediate,16,4,0
eclipse.pde.ui-20120217-1437,org.eclipse.pde.internal.ds.ui.editor.sections,DSOptionsSection,setListeners,20,3,0
eclipse.pde.ui-20120217-1437,org.eclipse.pde.internal.ds.ui.editor.sections,DSOptionsSection,textValueChanged,6,2,1
eclipse.pde.ui-20120217-1437,org.eclipse.pde.internal.ds.ui.editor.sections,DSOptionsSection,modifyText,6,2,1
eclipse.pde.ui-20120217-1437,org.eclipse.pde.internal.ds.ui.editor.sections,DSPropertiesSection,getElements,28,7,1
eclipse.pde.ui-20120217-1437,org.eclipse.pde.internal.ds.ui.editor.sections,DSPropertiesSection,DSPropertiesSection,4,1,2
eclipse.pde.ui-20120217-1437,org.eclipse.pde.internal.ds.ui.editor.sections,DSPropertiesSection,createClient,23,2,2
eclipse.pde.ui-20120217-1437,org.eclipse.pde.internal.ds.ui.editor.sections,DSPropertiesSection,dispose,4,2,0
eclipse.pde.ui-20120217-1437,org.eclipse.pde.internal.ds.ui.editor.sections,DSPropertiesSection,refresh,5,1,0
eclipse.pde.ui-20120217-1437,org.eclipse.pde.internal.ds.ui.editor.sections,DSPropertiesSection,updateTitle,4,1,0
eclipse.pde.ui-20120217-1437,org.eclipse.pde.internal.ds.ui.editor.sections,DSPropertiesSection,buttonSelected,22,7,1
eclipse.pde.ui-20120217-1437,org.eclipse.pde.internal.ds.ui.editor.sections,DSPropertiesSection,handleUpDown,11,2,1
eclipse.pde.ui-20120217-1437,org.eclipse.pde.internal.ds.ui.editor.sections,DSPropertiesSection,moveDown,11,4,2
eclipse.pde.ui-20120217-1437,org.eclipse.pde.internal.ds.ui.editor.sections,DSPropertiesSection,moveUp,11,4,2
eclipse.pde.ui-20120217-1437,org.eclipse.pde.internal.ds.ui.editor.sections,DSPropertiesSection,handleAddProperty,4,1,0
eclipse.pde.ui-20120217-1437,org.eclipse.pde.internal.ds.ui.editor.sections,DSPropertiesSection,handleEdit,21,5,0
eclipse.pde.ui-20120217-1437,org.eclipse.pde.internal.ds.ui.editor.sections,DSPropertiesSection,makeActions,30,1,0
eclipse.pde.ui-20120217-1437,org.eclipse.pde.internal.ds.ui.editor.sections,DSPropertiesSection,run,3,1,0
eclipse.pde.ui-20120217-1437,org.eclipse.pde.internal.ds.ui.editor.sections,DSPropertiesSection,run,3,1,0
eclipse.pde.ui-20120217-1437,org.eclipse.pde.internal.ds.ui.editor.sections,DSPropertiesSection,run,3,1,0
eclipse.pde.ui-20120217-1437,org.eclipse.pde.internal.ds.ui.editor.sections,DSPropertiesSection,run,3,1,0
eclipse.pde.ui-20120217-1437,org.eclipse.pde.internal.ds.ui.editor.sections,DSPropertiesSection,updateButtons,10,1,0
eclipse.pde.ui-20120217-1437,org.eclipse.pde.internal.ds.ui.editor.sections,DSPropertiesSection,handleRemove,15,5,0
eclipse.pde.ui-20120217-1437,org.eclipse.pde.internal.ds.ui.editor.sections,DSPropertiesSection,handleAddProperties,3,1,0
eclipse.pde.ui-20120217-1437,org.eclipse.pde.internal.ds.ui.editor.sections,DSPropertiesSection,doOpenSelectionDialogProperties,29,5,0
eclipse.pde.ui-20120217-1437,org.eclipse.pde.internal.ds.ui.editor.sections,DSPropertiesSection,select,4,2,3
eclipse.pde.ui-20120217-1437,org.eclipse.pde.internal.ds.ui.editor.sections,DSPropertiesSection,validate,4,2,1
eclipse.pde.ui-20120217-1437,org.eclipse.pde.internal.ds.ui.editor.sections,DSPropertiesSection,addProperties,7,1,1
eclipse.pde.ui-20120217-1437,org.eclipse.pde.internal.ds.ui.editor.sections,DSPropertiesSection,createPropertyElement,5,1,0
eclipse.pde.ui-20120217-1437,org.eclipse.pde.internal.ds.ui.editor.sections,DSPropertiesSection,modelChanged,44,11,1
eclipse.pde.ui-20120217-1437,org.eclipse.pde.internal.ds.ui.editor.sections,DSPropertiesSection,run,3,2,0
eclipse.pde.ui-20120217-1437,org.eclipse.pde.internal.ds.ui.editor.sections,DSPropertiesSection,getDSContext,4,1,0
eclipse.pde.ui-20120217-1437,org.eclipse.pde.internal.ds.ui.editor.sections,DSPropertiesSection,getDSModel,4,1,0
eclipse.pde.ui-20120217-1437,org.eclipse.pde.internal.ds.ui.editor.sections,DSPropertiesSection,doGlobalAction,10,3,1
eclipse.pde.ui-20120217-1437,org.eclipse.pde.internal.ds.ui.editor.sections,DSPropertiesSection,selectionChanged,4,1,1
eclipse.pde.ui-20120217-1437,org.eclipse.pde.internal.ds.ui.editor.sections,ContentProvider,getElements,28,7,1
eclipse.pde.ui-20120217-1437,org.eclipse.pde.internal.ds.ui.editor.sections,DSProvideSection,getElements,13,4,1
eclipse.pde.ui-20120217-1437,org.eclipse.pde.internal.ds.ui.editor.sections,DSProvideSection,dispose,2,1,0
eclipse.pde.ui-20120217-1437,org.eclipse.pde.internal.ds.ui.editor.sections,DSProvideSection,inputChanged,2,1,3
eclipse.pde.ui-20120217-1437,org.eclipse.pde.internal.ds.ui.editor.sections,DSProvideSection,DSProvideSection,4,1,2
eclipse.pde.ui-20120217-1437,org.eclipse.pde.internal.ds.ui.editor.sections,DSProvideSection,createClient,26,2,2
eclipse.pde.ui-20120217-1437,org.eclipse.pde.internal.ds.ui.editor.sections,DSProvideSection,dispose,4,2,0
eclipse.pde.ui-20120217-1437,org.eclipse.pde.internal.ds.ui.editor.sections,DSProvideSection,refresh,5,1,0
eclipse.pde.ui-20120217-1437,org.eclipse.pde.internal.ds.ui.editor.sections,DSProvideSection,buttonSelected,13,4,1
eclipse.pde.ui-20120217-1437,org.eclipse.pde.internal.ds.ui.editor.sections,DSProvideSection,handleEdit,12,3,0
eclipse.pde.ui-20120217-1437,org.eclipse.pde.internal.ds.ui.editor.sections,DSProvideSection,makeActions,23,1,0
eclipse.pde.ui-20120217-1437,org.eclipse.pde.internal.ds.ui.editor.sections,DSProvideSection,run,3,1,0
eclipse.pde.ui-20120217-1437,org.eclipse.pde.internal.ds.ui.editor.sections,DSProvideSection,run,3,1,0
eclipse.pde.ui-20120217-1437,org.eclipse.pde.internal.ds.ui.editor.sections,DSProvideSection,run,3,1,0
eclipse.pde.ui-20120217-1437,org.eclipse.pde.internal.ds.ui.editor.sections,DSProvideSection,updateButtons,7,1,0
eclipse.pde.ui-20120217-1437,org.eclipse.pde.internal.ds.ui.editor.sections,DSProvideSection,handleRemove,16,5,0
eclipse.pde.ui-20120217-1437,org.eclipse.pde.internal.ds.ui.editor.sections,DSProvideSection,handleAdd,3,1,0
eclipse.pde.ui-20120217-1437,org.eclipse.pde.internal.ds.ui.editor.sections,DSProvideSection,doOpenSelectionDialog,18,3,1
eclipse.pde.ui-20120217-1437,org.eclipse.pde.internal.ds.ui.editor.sections,DSProvideSection,addProvide,12,2,1
eclipse.pde.ui-20120217-1437,org.eclipse.pde.internal.ds.ui.editor.sections,DSProvideSection,modelChanged,33,8,1
eclipse.pde.ui-20120217-1437,org.eclipse.pde.internal.ds.ui.editor.sections,DSProvideSection,getDSContext,4,1,0
eclipse.pde.ui-20120217-1437,org.eclipse.pde.internal.ds.ui.editor.sections,DSProvideSection,getDSModel,4,1,0
eclipse.pde.ui-20120217-1437,org.eclipse.pde.internal.ds.ui.editor.sections,DSProvideSection,doGlobalAction,10,3,1
eclipse.pde.ui-20120217-1437,org.eclipse.pde.internal.ds.ui.editor.sections,DSProvideSection,selectionChanged,4,1,1
eclipse.pde.ui-20120217-1437,org.eclipse.pde.internal.ds.ui.editor.sections,DSProvideSection,updateTitle,4,1,0
eclipse.pde.ui-20120217-1437,org.eclipse.pde.internal.ds.ui.editor.sections,DSProvideSection,doubleClick,18,3,1
eclipse.pde.ui-20120217-1437,org.eclipse.pde.internal.ds.ui.editor.sections,ContentProvider,getElements,13,4,1
eclipse.pde.ui-20120217-1437,org.eclipse.pde.internal.ds.ui.editor.sections,ContentProvider,dispose,2,1,0
eclipse.pde.ui-20120217-1437,org.eclipse.pde.internal.ds.ui.editor.sections,ContentProvider,inputChanged,2,1,3
eclipse.pde.ui-20120217-1437,org.eclipse.pde.internal.ds.ui.editor.sections,DSReferenceSection,update,19,4,1
eclipse.pde.ui-20120217-1437,org.eclipse.pde.internal.ds.ui.editor.sections,DSReferenceSection,dispose,4,1,0
eclipse.pde.ui-20120217-1437,org.eclipse.pde.internal.ds.ui.editor.sections,DSReferenceSection,getElements,8,3,1
eclipse.pde.ui-20120217-1437,org.eclipse.pde.internal.ds.ui.editor.sections,DSReferenceSection,dispose,2,1,0
eclipse.pde.ui-20120217-1437,org.eclipse.pde.internal.ds.ui.editor.sections,DSReferenceSection,inputChanged,2,1,3
eclipse.pde.ui-20120217-1437,org.eclipse.pde.internal.ds.ui.editor.sections,DSReferenceSection,DSReferenceSection,4,1,2
eclipse.pde.ui-20120217-1437,org.eclipse.pde.internal.ds.ui.editor.sections,DSReferenceSection,createClient,25,2,2
eclipse.pde.ui-20120217-1437,org.eclipse.pde.internal.ds.ui.editor.sections,DSReferenceSection,dispose,4,2,0
eclipse.pde.ui-20120217-1437,org.eclipse.pde.internal.ds.ui.editor.sections,DSReferenceSection,refresh,5,1,0
eclipse.pde.ui-20120217-1437,org.eclipse.pde.internal.ds.ui.editor.sections,DSReferenceSection,buttonSelected,19,6,1
eclipse.pde.ui-20120217-1437,org.eclipse.pde.internal.ds.ui.editor.sections,DSReferenceSection,handleMove,12,3,1
eclipse.pde.ui-20120217-1437,org.eclipse.pde.internal.ds.ui.editor.sections,DSReferenceSection,moveDown,11,4,1
eclipse.pde.ui-20120217-1437,org.eclipse.pde.internal.ds.ui.editor.sections,DSReferenceSection,moveUp,11,4,1
eclipse.pde.ui-20120217-1437,org.eclipse.pde.internal.ds.ui.editor.sections,DSReferenceSection,handleEdit,12,3,0
eclipse.pde.ui-20120217-1437,org.eclipse.pde.internal.ds.ui.editor.sections,DSReferenceSection,makeActions,23,1,0
eclipse.pde.ui-20120217-1437,org.eclipse.pde.internal.ds.ui.editor.sections,DSReferenceSection,run,3,1,0
eclipse.pde.ui-20120217-1437,org.eclipse.pde.internal.ds.ui.editor.sections,DSReferenceSection,run,3,1,0
eclipse.pde.ui-20120217-1437,org.eclipse.pde.internal.ds.ui.editor.sections,DSReferenceSection,run,3,1,0
eclipse.pde.ui-20120217-1437,org.eclipse.pde.internal.ds.ui.editor.sections,DSReferenceSection,updateButtons,10,1,0
eclipse.pde.ui-20120217-1437,org.eclipse.pde.internal.ds.ui.editor.sections,DSReferenceSection,handleRemove,12,4,0
eclipse.pde.ui-20120217-1437,org.eclipse.pde.internal.ds.ui.editor.sections,DSReferenceSection,handleAdd,3,1,0
eclipse.pde.ui-20120217-1437,org.eclipse.pde.internal.ds.ui.editor.sections,DSReferenceSection,doOpenSelectionDialog,18,3,1
eclipse.pde.ui-20120217-1437,org.eclipse.pde.internal.ds.ui.editor.sections,DSReferenceSection,addReference,10,2,1
eclipse.pde.ui-20120217-1437,org.eclipse.pde.internal.ds.ui.editor.sections,DSReferenceSection,modelChanged,33,8,1
eclipse.pde.ui-20120217-1437,org.eclipse.pde.internal.ds.ui.editor.sections,DSReferenceSection,getDSContext,4,1,0
eclipse.pde.ui-20120217-1437,org.eclipse.pde.internal.ds.ui.editor.sections,DSReferenceSection,getDSModel,4,1,0
eclipse.pde.ui-20120217-1437,org.eclipse.pde.internal.ds.ui.editor.sections,DSReferenceSection,doGlobalAction,10,3,1
eclipse.pde.ui-20120217-1437,org.eclipse.pde.internal.ds.ui.editor.sections,DSReferenceSection,selectionChanged,4,1,1
eclipse.pde.ui-20120217-1437,org.eclipse.pde.internal.ds.ui.editor.sections,DSReferenceSection,updateTitle,4,1,0
eclipse.pde.ui-20120217-1437,org.eclipse.pde.internal.ds.ui.editor.sections,DSReferenceSection,doubleClick,18,3,1
eclipse.pde.ui-20120217-1437,org.eclipse.pde.internal.ds.ui.editor.sections,ReferenceLabelProvider,update,19,4,1
eclipse.pde.ui-20120217-1437,org.eclipse.pde.internal.ds.ui.editor.sections,ReferenceLabelProvider,dispose,4,1,0
eclipse.pde.ui-20120217-1437,org.eclipse.pde.internal.ds.ui.editor.sections,ContentProvider,getElements,8,3,1
eclipse.pde.ui-20120217-1437,org.eclipse.pde.internal.ds.ui.editor.sections,ContentProvider,dispose,2,1,0
eclipse.pde.ui-20120217-1437,org.eclipse.pde.internal.ds.ui.editor.sections,ContentProvider,inputChanged,2,1,3
eclipse.pde.ui-20120217-1437,org.eclipse.pde.internal.ds.ui.parts,ComboPart,ComboPart,2,1,0
eclipse.pde.ui-20120217-1437,org.eclipse.pde.internal.ds.ui.parts,ComboPart,addSelectionListener,4,2,1
eclipse.pde.ui-20120217-1437,org.eclipse.pde.internal.ds.ui.parts,ComboPart,indexOf,4,2,1
eclipse.pde.ui-20120217-1437,org.eclipse.pde.internal.ds.ui.parts,ComboPart,addModifyListener,4,2,1
eclipse.pde.ui-20120217-1437,org.eclipse.pde.internal.ds.ui.parts,ComboPart,createControl,5,2,3
eclipse.pde.ui-20120217-1437,org.eclipse.pde.internal.ds.ui.parts,ComboPart,getControl,3,1,0
eclipse.pde.ui-20120217-1437,org.eclipse.pde.internal.ds.ui.parts,ComboPart,getSelectionIndex,4,2,0
eclipse.pde.ui-20120217-1437,org.eclipse.pde.internal.ds.ui.parts,ComboPart,add,4,2,2
eclipse.pde.ui-20120217-1437,org.eclipse.pde.internal.ds.ui.parts,ComboPart,add,4,2,1
eclipse.pde.ui-20120217-1437,org.eclipse.pde.internal.ds.ui.parts,ComboPart,remove,11,3,1
eclipse.pde.ui-20120217-1437,org.eclipse.pde.internal.ds.ui.parts,ComboPart,select,4,2,1
eclipse.pde.ui-20120217-1437,org.eclipse.pde.internal.ds.ui.parts,ComboPart,getSelection,4,2,0
eclipse.pde.ui-20120217-1437,org.eclipse.pde.internal.ds.ui.parts,ComboPart,setText,4,2,1
eclipse.pde.ui-20120217-1437,org.eclipse.pde.internal.ds.ui.parts,ComboPart,setItems,4,2,1
eclipse.pde.ui-20120217-1437,org.eclipse.pde.internal.ds.ui.parts,ComboPart,setEnabled,4,2,1
eclipse.pde.ui-20120217-1437,org.eclipse.pde.internal.ds.ui.parts,ComboPart,getItemCount,4,2,0
eclipse.pde.ui-20120217-1437,org.eclipse.pde.internal.ds.ui.parts,ComboPart,getItems,4,2,0
eclipse.pde.ui-20120217-1437,org.eclipse.pde.internal.ds.ui.parts,FormEntry,FormEntry,3,1,4
eclipse.pde.ui-20120217-1437,org.eclipse.pde.internal.ds.ui.parts,FormEntry,FormEntry,3,1,5
eclipse.pde.ui-20120217-1437,org.eclipse.pde.internal.ds.ui.parts,FormEntry,FormEntry,3,1,6
eclipse.pde.ui-20120217-1437,org.eclipse.pde.internal.ds.ui.parts,FormEntry,FormEntry,3,1,5
eclipse.pde.ui-20120217-1437,org.eclipse.pde.internal.ds.ui.parts,FormEntry,createControl,25,5,8
eclipse.pde.ui-20120217-1437,org.eclipse.pde.internal.ds.ui.parts,FormEntry,widgetSelected,3,2,1
eclipse.pde.ui-20120217-1437,org.eclipse.pde.internal.ds.ui.parts,FormEntry,setEditable,5,3,1
eclipse.pde.ui-20120217-1437,org.eclipse.pde.internal.ds.ui.parts,FormEntry,fillIntoGrid,52,11,3
eclipse.pde.ui-20120217-1437,org.eclipse.pde.internal.ds.ui.parts,FormEntry,setFormEntryListener,7,4,1
eclipse.pde.ui-20120217-1437,org.eclipse.pde.internal.ds.ui.parts,FormEntry,addListeners,23,3,0
eclipse.pde.ui-20120217-1437,org.eclipse.pde.internal.ds.ui.parts,FormEntry,keyReleased,3,1,1
eclipse.pde.ui-20120217-1437,org.eclipse.pde.internal.ds.ui.parts,FormEntry,modifyText,3,1,1
eclipse.pde.ui-20120217-1437,org.eclipse.pde.internal.ds.ui.parts,FormEntry,focusGained,3,2,1
eclipse.pde.ui-20120217-1437,org.eclipse.pde.internal.ds.ui.parts,FormEntry,focusLost,3,2,1
eclipse.pde.ui-20120217-1437,org.eclipse.pde.internal.ds.ui.parts,FormEntry,commit,7,3,0
eclipse.pde.ui-20120217-1437,org.eclipse.pde.internal.ds.ui.parts,FormEntry,cancelEdit,3,1,0
eclipse.pde.ui-20120217-1437,org.eclipse.pde.internal.ds.ui.parts,FormEntry,editOccured,5,3,1
eclipse.pde.ui-20120217-1437,org.eclipse.pde.internal.ds.ui.parts,FormEntry,getText,3,1,0
eclipse.pde.ui-20120217-1437,org.eclipse.pde.internal.ds.ui.parts,FormEntry,getLabel,3,1,0
eclipse.pde.ui-20120217-1437,org.eclipse.pde.internal.ds.ui.parts,FormEntry,getButton,3,1,0
eclipse.pde.ui-20120217-1437,org.eclipse.pde.internal.ds.ui.parts,FormEntry,getValue,3,1,0
eclipse.pde.ui-20120217-1437,org.eclipse.pde.internal.ds.ui.parts,FormEntry,isDirty,3,1,0
eclipse.pde.ui-20120217-1437,org.eclipse.pde.internal.ds.ui.parts,FormEntry,keyReleaseOccured,10,6,1
eclipse.pde.ui-20120217-1437,org.eclipse.pde.internal.ds.ui.parts,FormEntry,setValue,4,2,1
eclipse.pde.ui-20120217-1437,org.eclipse.pde.internal.ds.ui.parts,FormEntry,setValue,5,1,2
eclipse.pde.ui-20120217-1437,org.eclipse.pde.internal.ds.ui.parts,FormEntry,setVisible,5,4,1
eclipse.pde.ui-20120217-1437,org.eclipse.pde.internal.ds.ui.parts,FormEntry,setTextWidthHint,12,4,1
eclipse.pde.ui-20120217-1437,org.eclipse.pde.internal.ds.ui.parts,IFormEntryListener,focusGained,0,1,1
eclipse.pde.ui-20120217-1437,org.eclipse.pde.internal.ds.ui.parts,IFormEntryListener,textDirty,0,1,1
eclipse.pde.ui-20120217-1437,org.eclipse.pde.internal.ds.ui.parts,IFormEntryListener,textValueChanged,0,1,1
eclipse.pde.ui-20120217-1437,org.eclipse.pde.internal.ds.ui.parts,IFormEntryListener,browseButtonSelected,0,1,1
eclipse.pde.ui-20120217-1437,org.eclipse.pde.internal.ds.ui.parts,IFormEntryListener,selectionChanged,0,1,1
eclipse.pde.ui-20120217-1437,org.eclipse.pde.internal.ds.ui.wizards,DSCreationOperation,DSCreationOperation,5,1,3
eclipse.pde.ui-20120217-1437,org.eclipse.pde.internal.ds.ui.wizards,DSCreationOperation,execute,11,2,1
eclipse.pde.ui-20120217-1437,org.eclipse.pde.internal.ds.ui.wizards,DSCreationOperation,writeManifest,9,2,2
eclipse.pde.ui-20120217-1437,org.eclipse.pde.internal.ds.ui.wizards,DSCreationOperation,modifyModel,3,2,2
eclipse.pde.ui-20120217-1437,org.eclipse.pde.internal.ds.ui.wizards,DSCreationOperation,writeBuildProperties,24,5,2
eclipse.pde.ui-20120217-1437,org.eclipse.pde.internal.ds.ui.wizards,DSCreationOperation,modifyModel,18,5,2
eclipse.pde.ui-20120217-1437,org.eclipse.pde.internal.ds.ui.wizards,DSCreationOperation,updateManifest,13,3,2
eclipse.pde.ui-20120217-1437,org.eclipse.pde.internal.ds.ui.wizards,DSCreationOperation,containsValue,11,3,2
eclipse.pde.ui-20120217-1437,org.eclipse.pde.internal.ds.ui.wizards,DSCreationOperation,createContent,7,1,0
eclipse.pde.ui-20120217-1437,org.eclipse.pde.internal.ds.ui.wizards,DSCreationOperation,initializeDS,27,3,2
eclipse.pde.ui-20120217-1437,org.eclipse.pde.internal.ds.ui.wizards,DSCreationOperation,openFile,25,4,0
eclipse.pde.ui-20120217-1437,org.eclipse.pde.internal.ds.ui.wizards,DSCreationOperation,run,20,4,0
eclipse.pde.ui-20120217-1437,org.eclipse.pde.internal.ds.ui.wizards,DSFileWizardPage,DSFileWizardPage,5,1,1
eclipse.pde.ui-20120217-1437,org.eclipse.pde.internal.ds.ui.wizards,DSFileWizardPage,initialize,6,1,0
eclipse.pde.ui-20120217-1437,org.eclipse.pde.internal.ds.ui.wizards,DSFileWizardPage,setComponentName,10,4,0
eclipse.pde.ui-20120217-1437,org.eclipse.pde.internal.ds.ui.wizards,DSFileWizardPage,getProject,13,4,1
eclipse.pde.ui-20120217-1437,org.eclipse.pde.internal.ds.ui.wizards,DSFileWizardPage,setComponentNameText,13,2,1
eclipse.pde.ui-20120217-1437,org.eclipse.pde.internal.ds.ui.wizards,DSFileWizardPage,createAdvancedControls,111,9,1
eclipse.pde.ui-20120217-1437,org.eclipse.pde.internal.ds.ui.wizards,DSFileWizardPage,modifyText,3,1,1
eclipse.pde.ui-20120217-1437,org.eclipse.pde.internal.ds.ui.wizards,DSFileWizardPage,widgetSelected,5,2,1
eclipse.pde.ui-20120217-1437,org.eclipse.pde.internal.ds.ui.wizards,DSFileWizardPage,handleLinkActivated,27,5,2
eclipse.pde.ui-20120217-1437,org.eclipse.pde.internal.ds.ui.wizards,DSFileWizardPage,modifyText,3,1,1
eclipse.pde.ui-20120217-1437,org.eclipse.pde.internal.ds.ui.wizards,DSFileWizardPage,mouseDoubleClick,2,1,1
eclipse.pde.ui-20120217-1437,org.eclipse.pde.internal.ds.ui.wizards,DSFileWizardPage,mouseDown,2,1,1
eclipse.pde.ui-20120217-1437,org.eclipse.pde.internal.ds.ui.wizards,DSFileWizardPage,mouseUp,3,1,1
eclipse.pde.ui-20120217-1437,org.eclipse.pde.internal.ds.ui.wizards,DSFileWizardPage,doOpenSelectionDialog,15,2,2
eclipse.pde.ui-20120217-1437,org.eclipse.pde.internal.ds.ui.wizards,DSFileWizardPage,getDSComponentNameValue,3,1,0
eclipse.pde.ui-20120217-1437,org.eclipse.pde.internal.ds.ui.wizards,DSFileWizardPage,getDSImplementationClassValue,3,1,0
eclipse.pde.ui-20120217-1437,org.eclipse.pde.internal.ds.ui.wizards,DSFileWizardPage,validateLinkedResource,3,1,0
eclipse.pde.ui-20120217-1437,org.eclipse.pde.internal.ds.ui.wizards,DSFileWizardPage,createLinkTarget,2,1,0
eclipse.pde.ui-20120217-1437,org.eclipse.pde.internal.ds.ui.wizards,DSFileWizardPage,createControl,4,1,1
eclipse.pde.ui-20120217-1437,org.eclipse.pde.internal.ds.ui.wizards,DSFileWizardPage,isPageComplete,3,1,0
eclipse.pde.ui-20120217-1437,org.eclipse.pde.internal.ds.ui.wizards,DSFileWizardPage,saveSettings,3,1,1
eclipse.pde.ui-20120217-1437,org.eclipse.pde.internal.ds.ui.wizards,DSFileWizardPage,validatePage,19,5,0
eclipse.pde.ui-20120217-1437,org.eclipse.pde.internal.ds.ui.wizards,DSNewClassCreationWizard,DSNewClassCreationWizard,3,1,3
eclipse.pde.ui-20120217-1437,org.eclipse.pde.internal.ds.ui.wizards,DSNewWizard,DSNewWizard,3,1,0
eclipse.pde.ui-20120217-1437,org.eclipse.pde.internal.ds.ui.wizards,DSNewWizard,addPages,3,1,0
eclipse.pde.ui-20120217-1437,org.eclipse.pde.internal.ds.ui.wizards,DSNewWizard,init,5,1,2
eclipse.pde.ui-20120217-1437,org.eclipse.pde.internal.ds.ui.wizards,DSNewWizard,performFinish,18,2,0
eclipse.pde.ui-20120217-1437,org.eclipse.pde.internal.ua.core,Activator,Activator,2,1,0
eclipse.pde.ui-20120217-1437,org.eclipse.pde.internal.ua.core,Activator,start,4,1,1
eclipse.pde.ui-20120217-1437,org.eclipse.pde.internal.ua.core,Activator,stop,4,1,1
eclipse.pde.ui-20120217-1437,org.eclipse.pde.internal.ua.core,Activator,getDefault,3,1,0
eclipse.pde.ui-20120217-1437,org.eclipse.pde.internal.ua.core,CheatSheetUtil,parseElementText,36,7,1
eclipse.pde.ui-20120217-1437,org.eclipse.pde.internal.ua.core,CheatSheetUtil,parseElementAttributes,20,4,1
eclipse.pde.ui-20120217-1437,org.eclipse.pde.internal.ua.core.cheatsheet.comp,CompCS,CompCS,4,1,1
eclipse.pde.ui-20120217-1437,org.eclipse.pde.internal.ua.core.cheatsheet.comp,CompCS,getChildren,7,2,0
eclipse.pde.ui-20120217-1437,org.eclipse.pde.internal.ua.core.cheatsheet.comp,CompCS,getName,3,1,0
eclipse.pde.ui-20120217-1437,org.eclipse.pde.internal.ua.core.cheatsheet.comp,CompCS,getType,3,1,0
eclipse.pde.ui-20120217-1437,org.eclipse.pde.internal.ua.core.cheatsheet.comp,CompCS,parseAttributes,3,1,1
eclipse.pde.ui-20120217-1437,org.eclipse.pde.internal.ua.core.cheatsheet.comp,CompCS,parseElement,12,3,1
eclipse.pde.ui-20120217-1437,org.eclipse.pde.internal.ua.core.cheatsheet.comp,CompCS,reset,4,1,0
eclipse.pde.ui-20120217-1437,org.eclipse.pde.internal.ua.core.cheatsheet.comp,CompCS,write,8,1,2
eclipse.pde.ui-20120217-1437,org.eclipse.pde.internal.ua.core.cheatsheet.comp,CompCS,writeAttributes,5,2,1
eclipse.pde.ui-20120217-1437,org.eclipse.pde.internal.ua.core.cheatsheet.comp,CompCS,writeElements,6,2,2
eclipse.pde.ui-20120217-1437,org.eclipse.pde.internal.ua.core.cheatsheet.comp,CompCS,getFieldName,3,1,0
eclipse.pde.ui-20120217-1437,org.eclipse.pde.internal.ua.core.cheatsheet.comp,CompCS,getFieldTaskObject,3,1,0
eclipse.pde.ui-20120217-1437,org.eclipse.pde.internal.ua.core.cheatsheet.comp,CompCS,setFieldName,7,2,1
eclipse.pde.ui-20120217-1437,org.eclipse.pde.internal.ua.core.cheatsheet.comp,CompCS,setFieldTaskObject,7,2,1
eclipse.pde.ui-20120217-1437,org.eclipse.pde.internal.ua.core.cheatsheet.comp,CompCS,getElement,3,1,0
eclipse.pde.ui-20120217-1437,org.eclipse.pde.internal.ua.core.cheatsheet.comp,CompCS,parseText,2,1,1
eclipse.pde.ui-20120217-1437,org.eclipse.pde.internal.ua.core.cheatsheet.comp,CompCSDataObject,CompCSDataObject,3,1,2
eclipse.pde.ui-20120217-1437,org.eclipse.pde.internal.ua.core.cheatsheet.comp,CompCSDataObject,getChildren,3,1,0
eclipse.pde.ui-20120217-1437,org.eclipse.pde.internal.ua.core.cheatsheet.comp,CompCSDataObject,getElement,0,1,0
eclipse.pde.ui-20120217-1437,org.eclipse.pde.internal.ua.core.cheatsheet.comp,CompCSDataObject,getName,3,1,0
eclipse.pde.ui-20120217-1437,org.eclipse.pde.internal.ua.core.cheatsheet.comp,CompCSDataObject,getType,0,1,0
eclipse.pde.ui-20120217-1437,org.eclipse.pde.internal.ua.core.cheatsheet.comp,CompCSDataObject,parseContent,3,1,1
eclipse.pde.ui-20120217-1437,org.eclipse.pde.internal.ua.core.cheatsheet.comp,CompCSDataObject,parseAttributes,2,1,1
eclipse.pde.ui-20120217-1437,org.eclipse.pde.internal.ua.core.cheatsheet.comp,CompCSDataObject,parseElement,2,1,1
eclipse.pde.ui-20120217-1437,org.eclipse.pde.internal.ua.core.cheatsheet.comp,CompCSDataObject,parseText,2,1,1
eclipse.pde.ui-20120217-1437,org.eclipse.pde.internal.ua.core.cheatsheet.comp,CompCSDataObject,reset,3,1,0
eclipse.pde.ui-20120217-1437,org.eclipse.pde.internal.ua.core.cheatsheet.comp,CompCSDataObject,writeAttributes,2,1,1
eclipse.pde.ui-20120217-1437,org.eclipse.pde.internal.ua.core.cheatsheet.comp,CompCSDataObject,writeElements,6,2,2
eclipse.pde.ui-20120217-1437,org.eclipse.pde.internal.ua.core.cheatsheet.comp,CompCSDataObject,getFieldContent,3,1,0
eclipse.pde.ui-20120217-1437,org.eclipse.pde.internal.ua.core.cheatsheet.comp,CompCSDataObject,setFieldContent,7,2,1
eclipse.pde.ui-20120217-1437,org.eclipse.pde.internal.ua.core.cheatsheet.comp,CompCSDependency,CompCSDependency,4,1,2
eclipse.pde.ui-20120217-1437,org.eclipse.pde.internal.ua.core.cheatsheet.comp,CompCSDependency,getChildren,3,1,0
eclipse.pde.ui-20120217-1437,org.eclipse.pde.internal.ua.core.cheatsheet.comp,CompCSDependency,getElement,3,1,0
eclipse.pde.ui-20120217-1437,org.eclipse.pde.internal.ua.core.cheatsheet.comp,CompCSDependency,getName,3,1,0
eclipse.pde.ui-20120217-1437,org.eclipse.pde.internal.ua.core.cheatsheet.comp,CompCSDependency,getType,3,1,0
eclipse.pde.ui-20120217-1437,org.eclipse.pde.internal.ua.core.cheatsheet.comp,CompCSDependency,parseAttributes,3,1,1
eclipse.pde.ui-20120217-1437,org.eclipse.pde.internal.ua.core.cheatsheet.comp,CompCSDependency,parseElement,2,1,1
eclipse.pde.ui-20120217-1437,org.eclipse.pde.internal.ua.core.cheatsheet.comp,CompCSDependency,reset,3,1,0
eclipse.pde.ui-20120217-1437,org.eclipse.pde.internal.ua.core.cheatsheet.comp,CompCSDependency,writeAttributes,5,2,1
eclipse.pde.ui-20120217-1437,org.eclipse.pde.internal.ua.core.cheatsheet.comp,CompCSDependency,writeElements,2,1,2
eclipse.pde.ui-20120217-1437,org.eclipse.pde.internal.ua.core.cheatsheet.comp,CompCSDependency,getFieldTask,3,1,0
eclipse.pde.ui-20120217-1437,org.eclipse.pde.internal.ua.core.cheatsheet.comp,CompCSDependency,setFieldTask,7,2,1
eclipse.pde.ui-20120217-1437,org.eclipse.pde.internal.ua.core.cheatsheet.comp,CompCSDependency,parseText,2,1,1
eclipse.pde.ui-20120217-1437,org.eclipse.pde.internal.ua.core.cheatsheet.comp,CompCSIntro,CompCSIntro,4,1,2
eclipse.pde.ui-20120217-1437,org.eclipse.pde.internal.ua.core.cheatsheet.comp,CompCSIntro,getElement,3,1,0
eclipse.pde.ui-20120217-1437,org.eclipse.pde.internal.ua.core.cheatsheet.comp,CompCSIntro,getType,3,1,0
eclipse.pde.ui-20120217-1437,org.eclipse.pde.internal.ua.core.cheatsheet.comp,CompCSModel,CompCSModel,2,1,0
eclipse.pde.ui-20120217-1437,org.eclipse.pde.internal.ua.core.cheatsheet.comp,CompCSModel,updateTimeStamp,2,1,0
eclipse.pde.ui-20120217-1437,org.eclipse.pde.internal.ua.core.cheatsheet.comp,CompCSModel,getCompCS,6,2,0
eclipse.pde.ui-20120217-1437,org.eclipse.pde.internal.ua.core.cheatsheet.comp,CompCSModel,getFactory,6,2,0
eclipse.pde.ui-20120217-1437,org.eclipse.pde.internal.ua.core.cheatsheet.comp,CompCSModel,isInSync,3,1,0
eclipse.pde.ui-20120217-1437,org.eclipse.pde.internal.ua.core.cheatsheet.comp,CompCSModel,load,2,1,0
eclipse.pde.ui-20120217-1437,org.eclipse.pde.internal.ua.core.cheatsheet.comp,CompCSModel,load,24,3,2
eclipse.pde.ui-20120217-1437,org.eclipse.pde.internal.ua.core.cheatsheet.comp,CompCSModel,reload,4,1,2
eclipse.pde.ui-20120217-1437,org.eclipse.pde.internal.ua.core.cheatsheet.comp,CompCSModel,isEditable,3,1,0
eclipse.pde.ui-20120217-1437,org.eclipse.pde.internal.ua.core.cheatsheet.comp,CompCSModel,processDocument,10,2,1
eclipse.pde.ui-20120217-1437,org.eclipse.pde.internal.ua.core.cheatsheet.comp,CompCSModelFactory,CompCSModelFactory,3,1,1
eclipse.pde.ui-20120217-1437,org.eclipse.pde.internal.ua.core.cheatsheet.comp,CompCSModelFactory,createCompCS,3,1,0
eclipse.pde.ui-20120217-1437,org.eclipse.pde.internal.ua.core.cheatsheet.comp,CompCSModelFactory,createCompCSDependency,3,1,1
eclipse.pde.ui-20120217-1437,org.eclipse.pde.internal.ua.core.cheatsheet.comp,CompCSModelFactory,createCompCSIntro,3,1,1
eclipse.pde.ui-20120217-1437,org.eclipse.pde.internal.ua.core.cheatsheet.comp,CompCSModelFactory,createCompCSOnCompletion,3,1,1
eclipse.pde.ui-20120217-1437,org.eclipse.pde.internal.ua.core.cheatsheet.comp,CompCSModelFactory,createCompCSParam,3,1,1
eclipse.pde.ui-20120217-1437,org.eclipse.pde.internal.ua.core.cheatsheet.comp,CompCSModelFactory,createCompCSTask,3,1,1
eclipse.pde.ui-20120217-1437,org.eclipse.pde.internal.ua.core.cheatsheet.comp,CompCSModelFactory,createCompCSTaskGroup,3,1,1
eclipse.pde.ui-20120217-1437,org.eclipse.pde.internal.ua.core.cheatsheet.comp,CompCSObject,CompCSObject,4,1,2
eclipse.pde.ui-20120217-1437,org.eclipse.pde.internal.ua.core.cheatsheet.comp,CompCSObject,getChildren,0,1,0
eclipse.pde.ui-20120217-1437,org.eclipse.pde.internal.ua.core.cheatsheet.comp,CompCSObject,getCompCS,3,1,0
eclipse.pde.ui-20120217-1437,org.eclipse.pde.internal.ua.core.cheatsheet.comp,CompCSObject,getModel,3,1,0
eclipse.pde.ui-20120217-1437,org.eclipse.pde.internal.ua.core.cheatsheet.comp,CompCSObject,getName,0,1,0
eclipse.pde.ui-20120217-1437,org.eclipse.pde.internal.ua.core.cheatsheet.comp,CompCSObject,getParent,3,1,0
eclipse.pde.ui-20120217-1437,org.eclipse.pde.internal.ua.core.cheatsheet.comp,CompCSObject,getType,0,1,0
eclipse.pde.ui-20120217-1437,org.eclipse.pde.internal.ua.core.cheatsheet.comp,CompCSObject,parse,6,2,1
eclipse.pde.ui-20120217-1437,org.eclipse.pde.internal.ua.core.cheatsheet.comp,CompCSObject,reset,0,1,0
eclipse.pde.ui-20120217-1437,org.eclipse.pde.internal.ua.core.cheatsheet.comp,CompCSObject,setModel,3,1,1
eclipse.pde.ui-20120217-1437,org.eclipse.pde.internal.ua.core.cheatsheet.comp,CompCSObject,write,12,1,2
eclipse.pde.ui-20120217-1437,org.eclipse.pde.internal.ua.core.cheatsheet.comp,CompCSObject,firePropertyChanged,3,1,3
eclipse.pde.ui-20120217-1437,org.eclipse.pde.internal.ua.core.cheatsheet.comp,CompCSObject,firePropertyChanged,6,2,4
eclipse.pde.ui-20120217-1437,org.eclipse.pde.internal.ua.core.cheatsheet.comp,CompCSObject,fireStructureChanged,3,1,2
eclipse.pde.ui-20120217-1437,org.eclipse.pde.internal.ua.core.cheatsheet.comp,CompCSObject,fireStructureChanged,13,2,2
eclipse.pde.ui-20120217-1437,org.eclipse.pde.internal.ua.core.cheatsheet.comp,CompCSObject,fireStructureChanged,6,2,2
eclipse.pde.ui-20120217-1437,org.eclipse.pde.internal.ua.core.cheatsheet.comp,CompCSObject,isEditable,3,1,0
eclipse.pde.ui-20120217-1437,org.eclipse.pde.internal.ua.core.cheatsheet.comp,CompCSObject,parseAttributes,0,1,1
eclipse.pde.ui-20120217-1437,org.eclipse.pde.internal.ua.core.cheatsheet.comp,CompCSObject,parseContent,12,4,1
eclipse.pde.ui-20120217-1437,org.eclipse.pde.internal.ua.core.cheatsheet.comp,CompCSObject,parseElement,0,1,1
eclipse.pde.ui-20120217-1437,org.eclipse.pde.internal.ua.core.cheatsheet.comp,CompCSObject,parseText,0,1,1
eclipse.pde.ui-20120217-1437,org.eclipse.pde.internal.ua.core.cheatsheet.comp,CompCSObject,writeAttributes,0,1,1
eclipse.pde.ui-20120217-1437,org.eclipse.pde.internal.ua.core.cheatsheet.comp,CompCSObject,writeElements,0,1,2
eclipse.pde.ui-20120217-1437,org.eclipse.pde.internal.ua.core.cheatsheet.comp,CompCSObject,getElement,0,1,0
eclipse.pde.ui-20120217-1437,org.eclipse.pde.internal.ua.core.cheatsheet.comp,CompCSOnCompletion,CompCSOnCompletion,4,1,2
eclipse.pde.ui-20120217-1437,org.eclipse.pde.internal.ua.core.cheatsheet.comp,CompCSOnCompletion,getElement,3,1,0
eclipse.pde.ui-20120217-1437,org.eclipse.pde.internal.ua.core.cheatsheet.comp,CompCSOnCompletion,getType,3,1,0
eclipse.pde.ui-20120217-1437,org.eclipse.pde.internal.ua.core.cheatsheet.comp,CompCSParam,CompCSParam,4,1,2
eclipse.pde.ui-20120217-1437,org.eclipse.pde.internal.ua.core.cheatsheet.comp,CompCSParam,getChildren,3,1,0
eclipse.pde.ui-20120217-1437,org.eclipse.pde.internal.ua.core.cheatsheet.comp,CompCSParam,getElement,3,1,0
eclipse.pde.ui-20120217-1437,org.eclipse.pde.internal.ua.core.cheatsheet.comp,CompCSParam,getName,3,1,0
eclipse.pde.ui-20120217-1437,org.eclipse.pde.internal.ua.core.cheatsheet.comp,CompCSParam,getType,3,1,0
eclipse.pde.ui-20120217-1437,org.eclipse.pde.internal.ua.core.cheatsheet.comp,CompCSParam,parseAttributes,4,1,1
eclipse.pde.ui-20120217-1437,org.eclipse.pde.internal.ua.core.cheatsheet.comp,CompCSParam,parseElement,2,1,1
eclipse.pde.ui-20120217-1437,org.eclipse.pde.internal.ua.core.cheatsheet.comp,CompCSParam,reset,4,1,0
eclipse.pde.ui-20120217-1437,org.eclipse.pde.internal.ua.core.cheatsheet.comp,CompCSParam,writeAttributes,8,3,1
eclipse.pde.ui-20120217-1437,org.eclipse.pde.internal.ua.core.cheatsheet.comp,CompCSParam,writeElements,2,1,2
eclipse.pde.ui-20120217-1437,org.eclipse.pde.internal.ua.core.cheatsheet.comp,CompCSParam,getFieldName,3,1,0
eclipse.pde.ui-20120217-1437,org.eclipse.pde.internal.ua.core.cheatsheet.comp,CompCSParam,getFieldValue,3,1,0
eclipse.pde.ui-20120217-1437,org.eclipse.pde.internal.ua.core.cheatsheet.comp,CompCSParam,setFieldName,7,2,1
eclipse.pde.ui-20120217-1437,org.eclipse.pde.internal.ua.core.cheatsheet.comp,CompCSParam,setFieldValue,7,2,1
eclipse.pde.ui-20120217-1437,org.eclipse.pde.internal.ua.core.cheatsheet.comp,CompCSParam,parseText,2,1,1
eclipse.pde.ui-20120217-1437,org.eclipse.pde.internal.ua.core.cheatsheet.comp,CompCSTask,CompCSTask,4,1,2
eclipse.pde.ui-20120217-1437,org.eclipse.pde.internal.ua.core.cheatsheet.comp,CompCSTask,getChildren,3,1,0
eclipse.pde.ui-20120217-1437,org.eclipse.pde.internal.ua.core.cheatsheet.comp,CompCSTask,getName,3,1,0
eclipse.pde.ui-20120217-1437,org.eclipse.pde.internal.ua.core.cheatsheet.comp,CompCSTask,getType,3,1,0
eclipse.pde.ui-20120217-1437,org.eclipse.pde.internal.ua.core.cheatsheet.comp,CompCSTask,getElement,3,1,0
eclipse.pde.ui-20120217-1437,org.eclipse.pde.internal.ua.core.cheatsheet.comp,CompCSTask,parseElement,10,2,1
eclipse.pde.ui-20120217-1437,org.eclipse.pde.internal.ua.core.cheatsheet.comp,CompCSTask,addFieldParam,6,2,1
eclipse.pde.ui-20120217-1437,org.eclipse.pde.internal.ua.core.cheatsheet.comp,CompCSTask,getFieldParams,3,1,0
eclipse.pde.ui-20120217-1437,org.eclipse.pde.internal.ua.core.cheatsheet.comp,CompCSTask,removeFieldParam,6,2,1
eclipse.pde.ui-20120217-1437,org.eclipse.pde.internal.ua.core.cheatsheet.comp,CompCSTask,reset,4,1,0
eclipse.pde.ui-20120217-1437,org.eclipse.pde.internal.ua.core.cheatsheet.comp,CompCSTask,writeElements,9,2,2
eclipse.pde.ui-20120217-1437,org.eclipse.pde.internal.ua.core.cheatsheet.comp,CompCSTask,hasFieldParams,6,2,0
eclipse.pde.ui-20120217-1437,org.eclipse.pde.internal.ua.core.cheatsheet.comp,CompCSTask,getFieldParam,13,4,1
eclipse.pde.ui-20120217-1437,org.eclipse.pde.internal.ua.core.cheatsheet.comp,CompCSTaskGroup,CompCSTaskGroup,4,1,2
eclipse.pde.ui-20120217-1437,org.eclipse.pde.internal.ua.core.cheatsheet.comp,CompCSTaskGroup,getChildren,7,2,0
eclipse.pde.ui-20120217-1437,org.eclipse.pde.internal.ua.core.cheatsheet.comp,CompCSTaskGroup,getName,3,1,0
eclipse.pde.ui-20120217-1437,org.eclipse.pde.internal.ua.core.cheatsheet.comp,CompCSTaskGroup,getType,3,1,0
eclipse.pde.ui-20120217-1437,org.eclipse.pde.internal.ua.core.cheatsheet.comp,CompCSTaskGroup,reset,4,1,0
eclipse.pde.ui-20120217-1437,org.eclipse.pde.internal.ua.core.cheatsheet.comp,CompCSTaskGroup,addFieldTaskObject,6,2,1
eclipse.pde.ui-20120217-1437,org.eclipse.pde.internal.ua.core.cheatsheet.comp,CompCSTaskGroup,addFieldTaskObject,14,4,2
eclipse.pde.ui-20120217-1437,org.eclipse.pde.internal.ua.core.cheatsheet.comp,CompCSTaskGroup,getFieldTaskObjectCount,3,1,0
eclipse.pde.ui-20120217-1437,org.eclipse.pde.internal.ua.core.cheatsheet.comp,CompCSTaskGroup,getFieldTaskObjects,3,1,0
eclipse.pde.ui-20120217-1437,org.eclipse.pde.internal.ua.core.cheatsheet.comp,CompCSTaskGroup,hasFieldTaskObjects,6,2,0
eclipse.pde.ui-20120217-1437,org.eclipse.pde.internal.ua.core.cheatsheet.comp,CompCSTaskGroup,indexOfFieldTaskObject,3,1,1
eclipse.pde.ui-20120217-1437,org.eclipse.pde.internal.ua.core.cheatsheet.comp,CompCSTaskGroup,isFirstFieldTaskObject,7,2,1
eclipse.pde.ui-20120217-1437,org.eclipse.pde.internal.ua.core.cheatsheet.comp,CompCSTaskGroup,isLastFieldTaskObject,8,2,1
eclipse.pde.ui-20120217-1437,org.eclipse.pde.internal.ua.core.cheatsheet.comp,CompCSTaskGroup,removeFieldTaskObject,6,2,1
eclipse.pde.ui-20120217-1437,org.eclipse.pde.internal.ua.core.cheatsheet.comp,CompCSTaskGroup,removeFieldTaskObject,9,3,1
eclipse.pde.ui-20120217-1437,org.eclipse.pde.internal.ua.core.cheatsheet.comp,CompCSTaskGroup,parseElement,15,3,1
eclipse.pde.ui-20120217-1437,org.eclipse.pde.internal.ua.core.cheatsheet.comp,CompCSTaskGroup,writeElements,9,2,2
eclipse.pde.ui-20120217-1437,org.eclipse.pde.internal.ua.core.cheatsheet.comp,CompCSTaskGroup,getElement,3,1,0
eclipse.pde.ui-20120217-1437,org.eclipse.pde.internal.ua.core.cheatsheet.comp,CompCSTaskGroup,getNextSibling,8,2,1
eclipse.pde.ui-20120217-1437,org.eclipse.pde.internal.ua.core.cheatsheet.comp,CompCSTaskGroup,getPreviousSibling,7,2,1
eclipse.pde.ui-20120217-1437,org.eclipse.pde.internal.ua.core.cheatsheet.comp,CompCSTaskGroup,moveFieldTaskObject,15,4,2
eclipse.pde.ui-20120217-1437,org.eclipse.pde.internal.ua.core.cheatsheet.comp,CompCSTaskObject,CompCSTaskObject,3,1,2
eclipse.pde.ui-20120217-1437,org.eclipse.pde.internal.ua.core.cheatsheet.comp,CompCSTaskObject,getChildren,0,1,0
eclipse.pde.ui-20120217-1437,org.eclipse.pde.internal.ua.core.cheatsheet.comp,CompCSTaskObject,getName,0,1,0
eclipse.pde.ui-20120217-1437,org.eclipse.pde.internal.ua.core.cheatsheet.comp,CompCSTaskObject,getType,0,1,0
eclipse.pde.ui-20120217-1437,org.eclipse.pde.internal.ua.core.cheatsheet.comp,CompCSTaskObject,reset,9,1,0
eclipse.pde.ui-20120217-1437,org.eclipse.pde.internal.ua.core.cheatsheet.comp,CompCSTaskObject,addFieldDependency,6,2,1
eclipse.pde.ui-20120217-1437,org.eclipse.pde.internal.ua.core.cheatsheet.comp,CompCSTaskObject,getFieldId,3,1,0
eclipse.pde.ui-20120217-1437,org.eclipse.pde.internal.ua.core.cheatsheet.comp,CompCSTaskObject,getFieldIntro,3,1,0
eclipse.pde.ui-20120217-1437,org.eclipse.pde.internal.ua.core.cheatsheet.comp,CompCSTaskObject,getFieldKind,3,1,0
eclipse.pde.ui-20120217-1437,org.eclipse.pde.internal.ua.core.cheatsheet.comp,CompCSTaskObject,getFieldName,3,1,0
eclipse.pde.ui-20120217-1437,org.eclipse.pde.internal.ua.core.cheatsheet.comp,CompCSTaskObject,getFieldOnCompletion,3,1,0
eclipse.pde.ui-20120217-1437,org.eclipse.pde.internal.ua.core.cheatsheet.comp,CompCSTaskObject,getFieldSkip,3,1,0
eclipse.pde.ui-20120217-1437,org.eclipse.pde.internal.ua.core.cheatsheet.comp,CompCSTaskObject,removeFieldDepedency,6,2,1
eclipse.pde.ui-20120217-1437,org.eclipse.pde.internal.ua.core.cheatsheet.comp,CompCSTaskObject,setFieldId,7,2,1
eclipse.pde.ui-20120217-1437,org.eclipse.pde.internal.ua.core.cheatsheet.comp,CompCSTaskObject,setFieldIntro,7,2,1
eclipse.pde.ui-20120217-1437,org.eclipse.pde.internal.ua.core.cheatsheet.comp,CompCSTaskObject,setFieldKind,7,2,1
eclipse.pde.ui-20120217-1437,org.eclipse.pde.internal.ua.core.cheatsheet.comp,CompCSTaskObject,setFieldName,7,2,1
eclipse.pde.ui-20120217-1437,org.eclipse.pde.internal.ua.core.cheatsheet.comp,CompCSTaskObject,setFieldOnCompletion,7,2,1
eclipse.pde.ui-20120217-1437,org.eclipse.pde.internal.ua.core.cheatsheet.comp,CompCSTaskObject,setFieldSkip,7,2,1
eclipse.pde.ui-20120217-1437,org.eclipse.pde.internal.ua.core.cheatsheet.comp,CompCSTaskObject,getFieldDependencies,3,1,0
eclipse.pde.ui-20120217-1437,org.eclipse.pde.internal.ua.core.cheatsheet.comp,CompCSTaskObject,parseText,2,1,1
eclipse.pde.ui-20120217-1437,org.eclipse.pde.internal.ua.core.cheatsheet.comp,CompCSTaskObject,parseAttributes,8,2,1
eclipse.pde.ui-20120217-1437,org.eclipse.pde.internal.ua.core.cheatsheet.comp,CompCSTaskObject,writeAttributes,12,4,1
eclipse.pde.ui-20120217-1437,org.eclipse.pde.internal.ua.core.cheatsheet.comp,CompCSTaskObject,parseElement,17,4,1
eclipse.pde.ui-20120217-1437,org.eclipse.pde.internal.ua.core.cheatsheet.comp,CompCSTaskObject,writeElements,14,4,2
eclipse.pde.ui-20120217-1437,org.eclipse.pde.internal.ua.core.cheatsheet.comp,CompCSTaskObject,getElement,0,1,0
eclipse.pde.ui-20120217-1437,org.eclipse.pde.internal.ua.core.cheatsheet.comp,CompCSWorkspaceModel,CompCSWorkspaceModel,4,1,2
eclipse.pde.ui-20120217-1437,org.eclipse.pde.internal.ua.core.cheatsheet.comp,CompCSWorkspaceModel,save,18,2,0
eclipse.pde.ui-20120217-1437,org.eclipse.pde.internal.ua.core.cheatsheet.comp,CompCSWorkspaceModel,getContents,13,1,0
eclipse.pde.ui-20120217-1437,org.eclipse.pde.internal.ua.core.cheatsheet.comp,CompCSWorkspaceModel,isDirty,3,1,0
eclipse.pde.ui-20120217-1437,org.eclipse.pde.internal.ua.core.cheatsheet.comp,CompCSWorkspaceModel,save,6,2,1
eclipse.pde.ui-20120217-1437,org.eclipse.pde.internal.ua.core.cheatsheet.comp,CompCSWorkspaceModel,setDirty,3,1,1
eclipse.pde.ui-20120217-1437,org.eclipse.pde.internal.ua.core.cheatsheet.comp,CompCSWorkspaceModel,fireModelChanged,4,1,1
eclipse.pde.ui-20120217-1437,org.eclipse.pde.internal.ua.core.cheatsheet.comp,CompCSWorkspaceModel,isEditable,3,1,0
eclipse.pde.ui-20120217-1437,org.eclipse.pde.internal.ua.core.cheatsheet.comp,CompCSWorkspaceModel,getInstallLocation,3,1,0
eclipse.pde.ui-20120217-1437,org.eclipse.pde.internal.ua.core.cheatsheet.comp,CompCSWorkspaceModel,getUnderlyingResource,3,1,0
eclipse.pde.ui-20120217-1437,org.eclipse.pde.internal.ua.core.cheatsheet.comp,CompCSWorkspaceModel,isInSync,7,2,0
eclipse.pde.ui-20120217-1437,org.eclipse.pde.internal.ua.core.cheatsheet.comp,CompCSWorkspaceModel,load,19,3,0
eclipse.pde.ui-20120217-1437,org.eclipse.pde.internal.ua.core.cheatsheet.comp,CompCSWorkspaceModel,reload,12,2,0
eclipse.pde.ui-20120217-1437,org.eclipse.pde.internal.ua.core.cheatsheet.simple,ISimpleCS,getTitle,0,1,0
eclipse.pde.ui-20120217-1437,org.eclipse.pde.internal.ua.core.cheatsheet.simple,ISimpleCS,setTitle,0,1,1
eclipse.pde.ui-20120217-1437,org.eclipse.pde.internal.ua.core.cheatsheet.simple,ISimpleCS,getIntro,0,1,0
eclipse.pde.ui-20120217-1437,org.eclipse.pde.internal.ua.core.cheatsheet.simple,ISimpleCS,setIntro,0,1,1
eclipse.pde.ui-20120217-1437,org.eclipse.pde.internal.ua.core.cheatsheet.simple,ISimpleCS,getItems,0,1,0
eclipse.pde.ui-20120217-1437,org.eclipse.pde.internal.ua.core.cheatsheet.simple,ISimpleCS,addItem,0,1,1
eclipse.pde.ui-20120217-1437,org.eclipse.pde.internal.ua.core.cheatsheet.simple,ISimpleCS,addItem,0,1,2
eclipse.pde.ui-20120217-1437,org.eclipse.pde.internal.ua.core.cheatsheet.simple,ISimpleCS,removeItem,0,1,1
eclipse.pde.ui-20120217-1437,org.eclipse.pde.internal.ua.core.cheatsheet.simple,ISimpleCS,removeItem,0,1,1
eclipse.pde.ui-20120217-1437,org.eclipse.pde.internal.ua.core.cheatsheet.simple,ISimpleCS,moveItem,0,1,2
eclipse.pde.ui-20120217-1437,org.eclipse.pde.internal.ua.core.cheatsheet.simple,ISimpleCS,isFirstItem,0,1,1
eclipse.pde.ui-20120217-1437,org.eclipse.pde.internal.ua.core.cheatsheet.simple,ISimpleCS,isLastItem,0,1,1
eclipse.pde.ui-20120217-1437,org.eclipse.pde.internal.ua.core.cheatsheet.simple,ISimpleCS,indexOfItem,0,1,1
eclipse.pde.ui-20120217-1437,org.eclipse.pde.internal.ua.core.cheatsheet.simple,ISimpleCS,getItemCount,0,1,0
eclipse.pde.ui-20120217-1437,org.eclipse.pde.internal.ua.core.cheatsheet.simple,ISimpleCS,hasItems,0,1,0
eclipse.pde.ui-20120217-1437,org.eclipse.pde.internal.ua.core.cheatsheet.simple,ISimpleCS,getNextSibling,0,1,1
eclipse.pde.ui-20120217-1437,org.eclipse.pde.internal.ua.core.cheatsheet.simple,ISimpleCS,getPreviousSibling,0,1,1
eclipse.pde.ui-20120217-1437,org.eclipse.pde.internal.ua.core.cheatsheet.simple,ISimpleCSAction,getClazz,0,1,0
eclipse.pde.ui-20120217-1437,org.eclipse.pde.internal.ua.core.cheatsheet.simple,ISimpleCSAction,setClazz,0,1,1
eclipse.pde.ui-20120217-1437,org.eclipse.pde.internal.ua.core.cheatsheet.simple,ISimpleCSAction,getPluginId,0,1,0
eclipse.pde.ui-20120217-1437,org.eclipse.pde.internal.ua.core.cheatsheet.simple,ISimpleCSAction,setPluginId,0,1,1
eclipse.pde.ui-20120217-1437,org.eclipse.pde.internal.ua.core.cheatsheet.simple,ISimpleCSAction,getParams,0,1,0
eclipse.pde.ui-20120217-1437,org.eclipse.pde.internal.ua.core.cheatsheet.simple,ISimpleCSAction,getParam,0,1,1
eclipse.pde.ui-20120217-1437,org.eclipse.pde.internal.ua.core.cheatsheet.simple,ISimpleCSAction,setParam,0,1,2
eclipse.pde.ui-20120217-1437,org.eclipse.pde.internal.ua.core.cheatsheet.simple,ISimpleCSCommand,getSerialization,0,1,0
eclipse.pde.ui-20120217-1437,org.eclipse.pde.internal.ua.core.cheatsheet.simple,ISimpleCSCommand,setSerialization,0,1,1
eclipse.pde.ui-20120217-1437,org.eclipse.pde.internal.ua.core.cheatsheet.simple,ISimpleCSCommand,getReturns,0,1,0
eclipse.pde.ui-20120217-1437,org.eclipse.pde.internal.ua.core.cheatsheet.simple,ISimpleCSCommand,setReturns,0,1,1
eclipse.pde.ui-20120217-1437,org.eclipse.pde.internal.ua.core.cheatsheet.simple,ISimpleCSConditionalSubItem,getCondition,0,1,0
eclipse.pde.ui-20120217-1437,org.eclipse.pde.internal.ua.core.cheatsheet.simple,ISimpleCSConditionalSubItem,setCondition,0,1,1
eclipse.pde.ui-20120217-1437,org.eclipse.pde.internal.ua.core.cheatsheet.simple,ISimpleCSConditionalSubItem,getSubItems,0,1,0
eclipse.pde.ui-20120217-1437,org.eclipse.pde.internal.ua.core.cheatsheet.simple,ISimpleCSConditionalSubItem,addSubItem,0,1,1
eclipse.pde.ui-20120217-1437,org.eclipse.pde.internal.ua.core.cheatsheet.simple,ISimpleCSConditionalSubItem,removeSubItem,0,1,1
eclipse.pde.ui-20120217-1437,org.eclipse.pde.internal.ua.core.cheatsheet.simple,ISimpleCSDescription,getContent,0,1,0
eclipse.pde.ui-20120217-1437,org.eclipse.pde.internal.ua.core.cheatsheet.simple,ISimpleCSDescription,setContent,0,1,1
eclipse.pde.ui-20120217-1437,org.eclipse.pde.internal.ua.core.cheatsheet.simple,ISimpleCSHelpObject,getContextId,0,1,0
eclipse.pde.ui-20120217-1437,org.eclipse.pde.internal.ua.core.cheatsheet.simple,ISimpleCSHelpObject,setContextId,0,1,1
eclipse.pde.ui-20120217-1437,org.eclipse.pde.internal.ua.core.cheatsheet.simple,ISimpleCSHelpObject,getHref,0,1,0
eclipse.pde.ui-20120217-1437,org.eclipse.pde.internal.ua.core.cheatsheet.simple,ISimpleCSHelpObject,setHref,0,1,1
eclipse.pde.ui-20120217-1437,org.eclipse.pde.internal.ua.core.cheatsheet.simple,ISimpleCSIntro,getDescription,0,1,0
eclipse.pde.ui-20120217-1437,org.eclipse.pde.internal.ua.core.cheatsheet.simple,ISimpleCSIntro,setDescription,0,1,1
eclipse.pde.ui-20120217-1437,org.eclipse.pde.internal.ua.core.cheatsheet.simple,ISimpleCSItem,getDescription,0,1,0
eclipse.pde.ui-20120217-1437,org.eclipse.pde.internal.ua.core.cheatsheet.simple,ISimpleCSItem,setDescription,0,1,1
eclipse.pde.ui-20120217-1437,org.eclipse.pde.internal.ua.core.cheatsheet.simple,ISimpleCSItem,getTitle,0,1,0
eclipse.pde.ui-20120217-1437,org.eclipse.pde.internal.ua.core.cheatsheet.simple,ISimpleCSItem,setTitle,0,1,1
eclipse.pde.ui-20120217-1437,org.eclipse.pde.internal.ua.core.cheatsheet.simple,ISimpleCSItem,getDialog,0,1,0
eclipse.pde.ui-20120217-1437,org.eclipse.pde.internal.ua.core.cheatsheet.simple,ISimpleCSItem,setDialog,0,1,1
eclipse.pde.ui-20120217-1437,org.eclipse.pde.internal.ua.core.cheatsheet.simple,ISimpleCSItem,getSkip,0,1,0
eclipse.pde.ui-20120217-1437,org.eclipse.pde.internal.ua.core.cheatsheet.simple,ISimpleCSItem,setSkip,0,1,1
eclipse.pde.ui-20120217-1437,org.eclipse.pde.internal.ua.core.cheatsheet.simple,ISimpleCSItem,getSubItems,0,1,0
eclipse.pde.ui-20120217-1437,org.eclipse.pde.internal.ua.core.cheatsheet.simple,ISimpleCSItem,addSubItem,0,1,1
eclipse.pde.ui-20120217-1437,org.eclipse.pde.internal.ua.core.cheatsheet.simple,ISimpleCSItem,addSubItem,0,1,2
eclipse.pde.ui-20120217-1437,org.eclipse.pde.internal.ua.core.cheatsheet.simple,ISimpleCSItem,removeSubItem,0,1,1
eclipse.pde.ui-20120217-1437,org.eclipse.pde.internal.ua.core.cheatsheet.simple,ISimpleCSItem,removeSubItem,0,1,1
eclipse.pde.ui-20120217-1437,org.eclipse.pde.internal.ua.core.cheatsheet.simple,ISimpleCSItem,moveSubItem,0,1,2
eclipse.pde.ui-20120217-1437,org.eclipse.pde.internal.ua.core.cheatsheet.simple,ISimpleCSItem,getOnCompletion,0,1,0
eclipse.pde.ui-20120217-1437,org.eclipse.pde.internal.ua.core.cheatsheet.simple,ISimpleCSItem,setOnCompletion,0,1,1
eclipse.pde.ui-20120217-1437,org.eclipse.pde.internal.ua.core.cheatsheet.simple,ISimpleCSItem,isFirstSubItem,0,1,1
eclipse.pde.ui-20120217-1437,org.eclipse.pde.internal.ua.core.cheatsheet.simple,ISimpleCSItem,isLastSubItem,0,1,1
eclipse.pde.ui-20120217-1437,org.eclipse.pde.internal.ua.core.cheatsheet.simple,ISimpleCSItem,indexOfSubItem,0,1,1
eclipse.pde.ui-20120217-1437,org.eclipse.pde.internal.ua.core.cheatsheet.simple,ISimpleCSItem,getSubItemCount,0,1,0
eclipse.pde.ui-20120217-1437,org.eclipse.pde.internal.ua.core.cheatsheet.simple,ISimpleCSItem,hasSubItems,0,1,0
eclipse.pde.ui-20120217-1437,org.eclipse.pde.internal.ua.core.cheatsheet.simple,ISimpleCSItem,getNextSibling,0,1,1
eclipse.pde.ui-20120217-1437,org.eclipse.pde.internal.ua.core.cheatsheet.simple,ISimpleCSItem,getPreviousSibling,0,1,1
eclipse.pde.ui-20120217-1437,org.eclipse.pde.internal.ua.core.cheatsheet.simple,ISimpleCSModel,getSimpleCS,0,1,0
eclipse.pde.ui-20120217-1437,org.eclipse.pde.internal.ua.core.cheatsheet.simple,ISimpleCSModel,getFactory,0,1,0
eclipse.pde.ui-20120217-1437,org.eclipse.pde.internal.ua.core.cheatsheet.simple,ISimpleCSModelFactory,createSimpleCS,0,1,0
eclipse.pde.ui-20120217-1437,org.eclipse.pde.internal.ua.core.cheatsheet.simple,ISimpleCSModelFactory,createSimpleCSAction,0,1,1
eclipse.pde.ui-20120217-1437,org.eclipse.pde.internal.ua.core.cheatsheet.simple,ISimpleCSModelFactory,createSimpleCSCommand,0,1,1
eclipse.pde.ui-20120217-1437,org.eclipse.pde.internal.ua.core.cheatsheet.simple,ISimpleCSModelFactory,createSimpleCSConditionalSubItem,0,1,1
eclipse.pde.ui-20120217-1437,org.eclipse.pde.internal.ua.core.cheatsheet.simple,ISimpleCSModelFactory,createSimpleCSIntro,0,1,1
eclipse.pde.ui-20120217-1437,org.eclipse.pde.internal.ua.core.cheatsheet.simple,ISimpleCSModelFactory,createSimpleCSItem,0,1,1
eclipse.pde.ui-20120217-1437,org.eclipse.pde.internal.ua.core.cheatsheet.simple,ISimpleCSModelFactory,createSimpleCSOnCompletion,0,1,1
eclipse.pde.ui-20120217-1437,org.eclipse.pde.internal.ua.core.cheatsheet.simple,ISimpleCSModelFactory,createSimpleCSPerformWhen,0,1,1
eclipse.pde.ui-20120217-1437,org.eclipse.pde.internal.ua.core.cheatsheet.simple,ISimpleCSModelFactory,createSimpleCSRepeatedSubItem,0,1,1
eclipse.pde.ui-20120217-1437,org.eclipse.pde.internal.ua.core.cheatsheet.simple,ISimpleCSModelFactory,createSimpleCSSubItem,0,1,1
eclipse.pde.ui-20120217-1437,org.eclipse.pde.internal.ua.core.cheatsheet.simple,ISimpleCSModelFactory,createSimpleCSDescription,0,1,1
eclipse.pde.ui-20120217-1437,org.eclipse.pde.internal.ua.core.cheatsheet.simple,ISimpleCSObject,getModel,0,1,0
eclipse.pde.ui-20120217-1437,org.eclipse.pde.internal.ua.core.cheatsheet.simple,ISimpleCSObject,setModel,0,1,1
eclipse.pde.ui-20120217-1437,org.eclipse.pde.internal.ua.core.cheatsheet.simple,ISimpleCSObject,getSimpleCS,0,1,0
eclipse.pde.ui-20120217-1437,org.eclipse.pde.internal.ua.core.cheatsheet.simple,ISimpleCSObject,parse,0,1,1
eclipse.pde.ui-20120217-1437,org.eclipse.pde.internal.ua.core.cheatsheet.simple,ISimpleCSObject,reset,0,1,0
eclipse.pde.ui-20120217-1437,org.eclipse.pde.internal.ua.core.cheatsheet.simple,ISimpleCSObject,getType,0,1,0
eclipse.pde.ui-20120217-1437,org.eclipse.pde.internal.ua.core.cheatsheet.simple,ISimpleCSObject,getName,0,1,0
eclipse.pde.ui-20120217-1437,org.eclipse.pde.internal.ua.core.cheatsheet.simple,ISimpleCSObject,getChildren,0,1,0
eclipse.pde.ui-20120217-1437,org.eclipse.pde.internal.ua.core.cheatsheet.simple,ISimpleCSObject,getParent,0,1,0
eclipse.pde.ui-20120217-1437,org.eclipse.pde.internal.ua.core.cheatsheet.simple,ISimpleCSOnCompletion,getContent,0,1,0
eclipse.pde.ui-20120217-1437,org.eclipse.pde.internal.ua.core.cheatsheet.simple,ISimpleCSOnCompletion,setContent,0,1,1
eclipse.pde.ui-20120217-1437,org.eclipse.pde.internal.ua.core.cheatsheet.simple,ISimpleCSPerformWhen,getCondition,0,1,0
eclipse.pde.ui-20120217-1437,org.eclipse.pde.internal.ua.core.cheatsheet.simple,ISimpleCSPerformWhen,setCondition,0,1,1
eclipse.pde.ui-20120217-1437,org.eclipse.pde.internal.ua.core.cheatsheet.simple,ISimpleCSPerformWhen,getExecutables,0,1,0
eclipse.pde.ui-20120217-1437,org.eclipse.pde.internal.ua.core.cheatsheet.simple,ISimpleCSPerformWhen,addExecutable,0,1,1
eclipse.pde.ui-20120217-1437,org.eclipse.pde.internal.ua.core.cheatsheet.simple,ISimpleCSPerformWhen,removeExecutable,0,1,1
eclipse.pde.ui-20120217-1437,org.eclipse.pde.internal.ua.core.cheatsheet.simple,ISimpleCSRepeatedSubItem,getValues,0,1,0
eclipse.pde.ui-20120217-1437,org.eclipse.pde.internal.ua.core.cheatsheet.simple,ISimpleCSRepeatedSubItem,setValues,0,1,1
eclipse.pde.ui-20120217-1437,org.eclipse.pde.internal.ua.core.cheatsheet.simple,ISimpleCSRepeatedSubItem,getSubItem,0,1,0
eclipse.pde.ui-20120217-1437,org.eclipse.pde.internal.ua.core.cheatsheet.simple,ISimpleCSRepeatedSubItem,setSubItem,0,1,1
eclipse.pde.ui-20120217-1437,org.eclipse.pde.internal.ua.core.cheatsheet.simple,ISimpleCSRun,getExecutable,0,1,0
eclipse.pde.ui-20120217-1437,org.eclipse.pde.internal.ua.core.cheatsheet.simple,ISimpleCSRun,setExecutable,0,1,1
eclipse.pde.ui-20120217-1437,org.eclipse.pde.internal.ua.core.cheatsheet.simple,ISimpleCSRunObject,getConfirm,0,1,0
eclipse.pde.ui-20120217-1437,org.eclipse.pde.internal.ua.core.cheatsheet.simple,ISimpleCSRunObject,setConfirm,0,1,1
eclipse.pde.ui-20120217-1437,org.eclipse.pde.internal.ua.core.cheatsheet.simple,ISimpleCSRunObject,getWhen,0,1,0
eclipse.pde.ui-20120217-1437,org.eclipse.pde.internal.ua.core.cheatsheet.simple,ISimpleCSRunObject,setWhen,0,1,1
eclipse.pde.ui-20120217-1437,org.eclipse.pde.internal.ua.core.cheatsheet.simple,ISimpleCSRunObject,getTranslate,0,1,0
eclipse.pde.ui-20120217-1437,org.eclipse.pde.internal.ua.core.cheatsheet.simple,ISimpleCSRunObject,setTranslate,0,1,1
eclipse.pde.ui-20120217-1437,org.eclipse.pde.internal.ua.core.cheatsheet.simple,ISimpleCSRunObject,getRequired,0,1,0
eclipse.pde.ui-20120217-1437,org.eclipse.pde.internal.ua.core.cheatsheet.simple,ISimpleCSRunObject,setRequired,0,1,1
eclipse.pde.ui-20120217-1437,org.eclipse.pde.internal.ua.core.cheatsheet.simple,ISimpleCSSubItem,getLabel,0,1,0
eclipse.pde.ui-20120217-1437,org.eclipse.pde.internal.ua.core.cheatsheet.simple,ISimpleCSSubItem,setLabel,0,1,1
eclipse.pde.ui-20120217-1437,org.eclipse.pde.internal.ua.core.cheatsheet.simple,ISimpleCSSubItem,getSkip,0,1,0
eclipse.pde.ui-20120217-1437,org.eclipse.pde.internal.ua.core.cheatsheet.simple,ISimpleCSSubItem,setSkip,0,1,1
eclipse.pde.ui-20120217-1437,org.eclipse.pde.internal.ua.core.cheatsheet.simple,ISimpleCSSubItem,getWhen,0,1,0
eclipse.pde.ui-20120217-1437,org.eclipse.pde.internal.ua.core.cheatsheet.simple,ISimpleCSSubItem,setWhen,0,1,1
eclipse.pde.ui-20120217-1437,org.eclipse.pde.internal.ua.core.cheatsheet.simple.text,SimpleCS,SimpleCS,4,1,1
eclipse.pde.ui-20120217-1437,org.eclipse.pde.internal.ua.core.cheatsheet.simple.text,SimpleCS,addItem,3,1,1
eclipse.pde.ui-20120217-1437,org.eclipse.pde.internal.ua.core.cheatsheet.simple.text,SimpleCS,addItem,3,1,2
eclipse.pde.ui-20120217-1437,org.eclipse.pde.internal.ua.core.cheatsheet.simple.text,SimpleCS,getIntro,3,1,0
eclipse.pde.ui-20120217-1437,org.eclipse.pde.internal.ua.core.cheatsheet.simple.text,SimpleCS,getItemCount,3,1,0
eclipse.pde.ui-20120217-1437,org.eclipse.pde.internal.ua.core.cheatsheet.simple.text,SimpleCS,getItems,4,1,0
eclipse.pde.ui-20120217-1437,org.eclipse.pde.internal.ua.core.cheatsheet.simple.text,SimpleCS,getNextSibling,3,1,1
eclipse.pde.ui-20120217-1437,org.eclipse.pde.internal.ua.core.cheatsheet.simple.text,SimpleCS,getPreviousSibling,3,1,1
eclipse.pde.ui-20120217-1437,org.eclipse.pde.internal.ua.core.cheatsheet.simple.text,SimpleCS,getTitle,3,1,0
eclipse.pde.ui-20120217-1437,org.eclipse.pde.internal.ua.core.cheatsheet.simple.text,SimpleCS,hasItems,3,1,0
eclipse.pde.ui-20120217-1437,org.eclipse.pde.internal.ua.core.cheatsheet.simple.text,SimpleCS,indexOfItem,3,1,1
eclipse.pde.ui-20120217-1437,org.eclipse.pde.internal.ua.core.cheatsheet.simple.text,SimpleCS,isFirstItem,3,1,1
eclipse.pde.ui-20120217-1437,org.eclipse.pde.internal.ua.core.cheatsheet.simple.text,SimpleCS,isLastItem,3,1,1
eclipse.pde.ui-20120217-1437,org.eclipse.pde.internal.ua.core.cheatsheet.simple.text,SimpleCS,moveItem,3,1,2
eclipse.pde.ui-20120217-1437,org.eclipse.pde.internal.ua.core.cheatsheet.simple.text,SimpleCS,removeItem,3,1,1
eclipse.pde.ui-20120217-1437,org.eclipse.pde.internal.ua.core.cheatsheet.simple.text,SimpleCS,removeItem,3,1,1
eclipse.pde.ui-20120217-1437,org.eclipse.pde.internal.ua.core.cheatsheet.simple.text,SimpleCS,setIntro,3,1,1
eclipse.pde.ui-20120217-1437,org.eclipse.pde.internal.ua.core.cheatsheet.simple.text,SimpleCS,setTitle,3,1,1
eclipse.pde.ui-20120217-1437,org.eclipse.pde.internal.ua.core.cheatsheet.simple.text,SimpleCS,getName,3,1,0
eclipse.pde.ui-20120217-1437,org.eclipse.pde.internal.ua.core.cheatsheet.simple.text,SimpleCS,getType,3,1,0
eclipse.pde.ui-20120217-1437,org.eclipse.pde.internal.ua.core.cheatsheet.simple.text,SimpleCS,isRoot,3,1,0
eclipse.pde.ui-20120217-1437,org.eclipse.pde.internal.ua.core.cheatsheet.simple.text,SimpleCSAction,SimpleCSAction,3,1,1
eclipse.pde.ui-20120217-1437,org.eclipse.pde.internal.ua.core.cheatsheet.simple.text,SimpleCSAction,getClazz,3,1,0
eclipse.pde.ui-20120217-1437,org.eclipse.pde.internal.ua.core.cheatsheet.simple.text,SimpleCSAction,getParam,8,2,1
eclipse.pde.ui-20120217-1437,org.eclipse.pde.internal.ua.core.cheatsheet.simple.text,SimpleCSAction,getParams,11,3,0
eclipse.pde.ui-20120217-1437,org.eclipse.pde.internal.ua.core.cheatsheet.simple.text,SimpleCSAction,getPluginId,3,1,0
eclipse.pde.ui-20120217-1437,org.eclipse.pde.internal.ua.core.cheatsheet.simple.text,SimpleCSAction,setClazz,3,1,1
eclipse.pde.ui-20120217-1437,org.eclipse.pde.internal.ua.core.cheatsheet.simple.text,SimpleCSAction,setParam,8,2,2
eclipse.pde.ui-20120217-1437,org.eclipse.pde.internal.ua.core.cheatsheet.simple.text,SimpleCSAction,setPluginId,3,1,1
eclipse.pde.ui-20120217-1437,org.eclipse.pde.internal.ua.core.cheatsheet.simple.text,SimpleCSAction,getChildren,3,1,0
eclipse.pde.ui-20120217-1437,org.eclipse.pde.internal.ua.core.cheatsheet.simple.text,SimpleCSAction,getName,3,1,0
eclipse.pde.ui-20120217-1437,org.eclipse.pde.internal.ua.core.cheatsheet.simple.text,SimpleCSAction,getType,3,1,0
eclipse.pde.ui-20120217-1437,org.eclipse.pde.internal.ua.core.cheatsheet.simple.text,SimpleCSAction,isLeafNode,3,1,0
eclipse.pde.ui-20120217-1437,org.eclipse.pde.internal.ua.core.cheatsheet.simple.text,SimpleCSCommand,SimpleCSCommand,3,1,1
eclipse.pde.ui-20120217-1437,org.eclipse.pde.internal.ua.core.cheatsheet.simple.text,SimpleCSCommand,getReturns,3,1,0
eclipse.pde.ui-20120217-1437,org.eclipse.pde.internal.ua.core.cheatsheet.simple.text,SimpleCSCommand,getSerialization,3,1,0
eclipse.pde.ui-20120217-1437,org.eclipse.pde.internal.ua.core.cheatsheet.simple.text,SimpleCSCommand,setReturns,3,1,1
eclipse.pde.ui-20120217-1437,org.eclipse.pde.internal.ua.core.cheatsheet.simple.text,SimpleCSCommand,setSerialization,3,1,1
eclipse.pde.ui-20120217-1437,org.eclipse.pde.internal.ua.core.cheatsheet.simple.text,SimpleCSCommand,getChildren,3,1,0
eclipse.pde.ui-20120217-1437,org.eclipse.pde.internal.ua.core.cheatsheet.simple.text,SimpleCSCommand,getName,3,1,0
eclipse.pde.ui-20120217-1437,org.eclipse.pde.internal.ua.core.cheatsheet.simple.text,SimpleCSCommand,getType,3,1,0
eclipse.pde.ui-20120217-1437,org.eclipse.pde.internal.ua.core.cheatsheet.simple.text,SimpleCSCommand,isLeafNode,3,1,0
eclipse.pde.ui-20120217-1437,org.eclipse.pde.internal.ua.core.cheatsheet.simple.text,SimpleCSConditionalSubItem,SimpleCSConditionalSubItem,3,1,1
eclipse.pde.ui-20120217-1437,org.eclipse.pde.internal.ua.core.cheatsheet.simple.text,SimpleCSConditionalSubItem,addSubItem,3,1,1
eclipse.pde.ui-20120217-1437,org.eclipse.pde.internal.ua.core.cheatsheet.simple.text,SimpleCSConditionalSubItem,getCondition,3,1,0
eclipse.pde.ui-20120217-1437,org.eclipse.pde.internal.ua.core.cheatsheet.simple.text,SimpleCSConditionalSubItem,getSubItems,4,1,0
eclipse.pde.ui-20120217-1437,org.eclipse.pde.internal.ua.core.cheatsheet.simple.text,SimpleCSConditionalSubItem,removeSubItem,3,1,1
eclipse.pde.ui-20120217-1437,org.eclipse.pde.internal.ua.core.cheatsheet.simple.text,SimpleCSConditionalSubItem,setCondition,3,1,1
eclipse.pde.ui-20120217-1437,org.eclipse.pde.internal.ua.core.cheatsheet.simple.text,SimpleCSConditionalSubItem,getChildren,3,1,0
eclipse.pde.ui-20120217-1437,org.eclipse.pde.internal.ua.core.cheatsheet.simple.text,SimpleCSConditionalSubItem,getName,3,1,0
eclipse.pde.ui-20120217-1437,org.eclipse.pde.internal.ua.core.cheatsheet.simple.text,SimpleCSConditionalSubItem,getType,3,1,0
eclipse.pde.ui-20120217-1437,org.eclipse.pde.internal.ua.core.cheatsheet.simple.text,SimpleCSDescription,SimpleCSDescription,3,1,1
eclipse.pde.ui-20120217-1437,org.eclipse.pde.internal.ua.core.cheatsheet.simple.text,SimpleCSDescription,getContent,3,1,0
eclipse.pde.ui-20120217-1437,org.eclipse.pde.internal.ua.core.cheatsheet.simple.text,SimpleCSDescription,setContent,3,1,1
eclipse.pde.ui-20120217-1437,org.eclipse.pde.internal.ua.core.cheatsheet.simple.text,SimpleCSDescription,getChildren,3,1,0
eclipse.pde.ui-20120217-1437,org.eclipse.pde.internal.ua.core.cheatsheet.simple.text,SimpleCSDescription,getName,3,1,0
eclipse.pde.ui-20120217-1437,org.eclipse.pde.internal.ua.core.cheatsheet.simple.text,SimpleCSDescription,getType,3,1,0
eclipse.pde.ui-20120217-1437,org.eclipse.pde.internal.ua.core.cheatsheet.simple.text,SimpleCSDescription,isContentCollapsed,3,1,0
eclipse.pde.ui-20120217-1437,org.eclipse.pde.internal.ua.core.cheatsheet.simple.text,SimpleCSDocumentFactory,SimpleCSDocumentFactory,4,1,1
eclipse.pde.ui-20120217-1437,org.eclipse.pde.internal.ua.core.cheatsheet.simple.text,SimpleCSDocumentFactory,createDocumentTextNode,7,1,2
eclipse.pde.ui-20120217-1437,org.eclipse.pde.internal.ua.core.cheatsheet.simple.text,SimpleCSDocumentFactory,createDocumentNode,86,32,2
eclipse.pde.ui-20120217-1437,org.eclipse.pde.internal.ua.core.cheatsheet.simple.text,SimpleCSDocumentFactory,isCSElement,6,2,2
eclipse.pde.ui-20120217-1437,org.eclipse.pde.internal.ua.core.cheatsheet.simple.text,SimpleCSDocumentFactory,isSimpleCS,3,1,1
eclipse.pde.ui-20120217-1437,org.eclipse.pde.internal.ua.core.cheatsheet.simple.text,SimpleCSDocumentFactory,isIntro,3,1,1
eclipse.pde.ui-20120217-1437,org.eclipse.pde.internal.ua.core.cheatsheet.simple.text,SimpleCSDocumentFactory,isDescription,3,1,1
eclipse.pde.ui-20120217-1437,org.eclipse.pde.internal.ua.core.cheatsheet.simple.text,SimpleCSDocumentFactory,isItem,3,1,1
eclipse.pde.ui-20120217-1437,org.eclipse.pde.internal.ua.core.cheatsheet.simple.text,SimpleCSDocumentFactory,isAction,3,1,1
eclipse.pde.ui-20120217-1437,org.eclipse.pde.internal.ua.core.cheatsheet.simple.text,SimpleCSDocumentFactory,isCommand,3,1,1
eclipse.pde.ui-20120217-1437,org.eclipse.pde.internal.ua.core.cheatsheet.simple.text,SimpleCSDocumentFactory,isPerformWhen,3,1,1
eclipse.pde.ui-20120217-1437,org.eclipse.pde.internal.ua.core.cheatsheet.simple.text,SimpleCSDocumentFactory,isSubitem,3,1,1
eclipse.pde.ui-20120217-1437,org.eclipse.pde.internal.ua.core.cheatsheet.simple.text,SimpleCSDocumentFactory,isRepeatedSubitem,3,1,1
eclipse.pde.ui-20120217-1437,org.eclipse.pde.internal.ua.core.cheatsheet.simple.text,SimpleCSDocumentFactory,isConditionalSubitem,3,1,1
eclipse.pde.ui-20120217-1437,org.eclipse.pde.internal.ua.core.cheatsheet.simple.text,SimpleCSDocumentFactory,isOnCompletion,3,1,1
eclipse.pde.ui-20120217-1437,org.eclipse.pde.internal.ua.core.cheatsheet.simple.text,SimpleCSDocumentFactory,isBr,3,1,1
eclipse.pde.ui-20120217-1437,org.eclipse.pde.internal.ua.core.cheatsheet.simple.text,SimpleCSDocumentFactory,createSimpleCS,3,1,0
eclipse.pde.ui-20120217-1437,org.eclipse.pde.internal.ua.core.cheatsheet.simple.text,SimpleCSDocumentFactory,createSimpleCSAction,3,1,1
eclipse.pde.ui-20120217-1437,org.eclipse.pde.internal.ua.core.cheatsheet.simple.text,SimpleCSDocumentFactory,createSimpleCSCommand,3,1,1
eclipse.pde.ui-20120217-1437,org.eclipse.pde.internal.ua.core.cheatsheet.simple.text,SimpleCSDocumentFactory,createSimpleCSConditionalSubItem,3,1,1
eclipse.pde.ui-20120217-1437,org.eclipse.pde.internal.ua.core.cheatsheet.simple.text,SimpleCSDocumentFactory,createSimpleCSDescription,3,1,1
eclipse.pde.ui-20120217-1437,org.eclipse.pde.internal.ua.core.cheatsheet.simple.text,SimpleCSDocumentFactory,createSimpleCSIntro,3,1,1
eclipse.pde.ui-20120217-1437,org.eclipse.pde.internal.ua.core.cheatsheet.simple.text,SimpleCSDocumentFactory,createSimpleCSItem,3,1,1
eclipse.pde.ui-20120217-1437,org.eclipse.pde.internal.ua.core.cheatsheet.simple.text,SimpleCSDocumentFactory,createSimpleCSOnCompletion,3,1,1
eclipse.pde.ui-20120217-1437,org.eclipse.pde.internal.ua.core.cheatsheet.simple.text,SimpleCSDocumentFactory,createSimpleCSPerformWhen,3,1,1
eclipse.pde.ui-20120217-1437,org.eclipse.pde.internal.ua.core.cheatsheet.simple.text,SimpleCSDocumentFactory,createSimpleCSRepeatedSubItem,3,1,1
eclipse.pde.ui-20120217-1437,org.eclipse.pde.internal.ua.core.cheatsheet.simple.text,SimpleCSDocumentFactory,createSimpleCSSubItem,3,1,1
eclipse.pde.ui-20120217-1437,org.eclipse.pde.internal.ua.core.cheatsheet.simple.text,SimpleCSDocumentFactory,createBr,9,1,0
eclipse.pde.ui-20120217-1437,org.eclipse.pde.internal.ua.core.cheatsheet.simple.text,SimpleCSDocumentFactory,isLeafNode,3,1,0
eclipse.pde.ui-20120217-1437,org.eclipse.pde.internal.ua.core.cheatsheet.simple.text,SimpleCSDocumentHandler,SimpleCSDocumentHandler,5,1,2
eclipse.pde.ui-20120217-1437,org.eclipse.pde.internal.ua.core.cheatsheet.simple.text,SimpleCSDocumentHandler,getDocument,3,1,0
eclipse.pde.ui-20120217-1437,org.eclipse.pde.internal.ua.core.cheatsheet.simple.text,SimpleCSDocumentHandler,getRootNode,3,1,0
eclipse.pde.ui-20120217-1437,org.eclipse.pde.internal.ua.core.cheatsheet.simple.text,SimpleCSDocumentTextNode,SimpleCSDocumentTextNode,3,1,0
eclipse.pde.ui-20120217-1437,org.eclipse.pde.internal.ua.core.cheatsheet.simple.text,SimpleCSDocumentTextNode,write,4,1,0
eclipse.pde.ui-20120217-1437,org.eclipse.pde.internal.ua.core.cheatsheet.simple.text,SimpleCSIntro,SimpleCSIntro,3,1,1
eclipse.pde.ui-20120217-1437,org.eclipse.pde.internal.ua.core.cheatsheet.simple.text,SimpleCSIntro,getDescription,3,1,0
eclipse.pde.ui-20120217-1437,org.eclipse.pde.internal.ua.core.cheatsheet.simple.text,SimpleCSIntro,setDescription,3,1,1
eclipse.pde.ui-20120217-1437,org.eclipse.pde.internal.ua.core.cheatsheet.simple.text,SimpleCSIntro,getContextId,3,1,0
eclipse.pde.ui-20120217-1437,org.eclipse.pde.internal.ua.core.cheatsheet.simple.text,SimpleCSIntro,getHref,3,1,0
eclipse.pde.ui-20120217-1437,org.eclipse.pde.internal.ua.core.cheatsheet.simple.text,SimpleCSIntro,setContextId,3,1,1
eclipse.pde.ui-20120217-1437,org.eclipse.pde.internal.ua.core.cheatsheet.simple.text,SimpleCSIntro,setHref,3,1,1
eclipse.pde.ui-20120217-1437,org.eclipse.pde.internal.ua.core.cheatsheet.simple.text,SimpleCSIntro,getChildren,3,1,0
eclipse.pde.ui-20120217-1437,org.eclipse.pde.internal.ua.core.cheatsheet.simple.text,SimpleCSIntro,getName,3,1,0
eclipse.pde.ui-20120217-1437,org.eclipse.pde.internal.ua.core.cheatsheet.simple.text,SimpleCSIntro,getType,3,1,0
eclipse.pde.ui-20120217-1437,org.eclipse.pde.internal.ua.core.cheatsheet.simple.text,SimpleCSItem,SimpleCSItem,3,1,1
eclipse.pde.ui-20120217-1437,org.eclipse.pde.internal.ua.core.cheatsheet.simple.text,SimpleCSItem,addSubItem,3,1,1
eclipse.pde.ui-20120217-1437,org.eclipse.pde.internal.ua.core.cheatsheet.simple.text,SimpleCSItem,addSubItem,3,1,2
eclipse.pde.ui-20120217-1437,org.eclipse.pde.internal.ua.core.cheatsheet.simple.text,SimpleCSItem,getDescription,3,1,0
eclipse.pde.ui-20120217-1437,org.eclipse.pde.internal.ua.core.cheatsheet.simple.text,SimpleCSItem,getDialog,3,1,0
eclipse.pde.ui-20120217-1437,org.eclipse.pde.internal.ua.core.cheatsheet.simple.text,SimpleCSItem,getNextSibling,3,1,1
eclipse.pde.ui-20120217-1437,org.eclipse.pde.internal.ua.core.cheatsheet.simple.text,SimpleCSItem,getOnCompletion,3,1,0
eclipse.pde.ui-20120217-1437,org.eclipse.pde.internal.ua.core.cheatsheet.simple.text,SimpleCSItem,getPreviousSibling,3,1,1
eclipse.pde.ui-20120217-1437,org.eclipse.pde.internal.ua.core.cheatsheet.simple.text,SimpleCSItem,getSkip,3,1,0
eclipse.pde.ui-20120217-1437,org.eclipse.pde.internal.ua.core.cheatsheet.simple.text,SimpleCSItem,getSubItemCount,3,1,0
eclipse.pde.ui-20120217-1437,org.eclipse.pde.internal.ua.core.cheatsheet.simple.text,SimpleCSItem,getSubItems,4,1,0
eclipse.pde.ui-20120217-1437,org.eclipse.pde.internal.ua.core.cheatsheet.simple.text,SimpleCSItem,getTitle,3,1,0
eclipse.pde.ui-20120217-1437,org.eclipse.pde.internal.ua.core.cheatsheet.simple.text,SimpleCSItem,hasSubItems,3,1,0
eclipse.pde.ui-20120217-1437,org.eclipse.pde.internal.ua.core.cheatsheet.simple.text,SimpleCSItem,indexOfSubItem,3,1,1
eclipse.pde.ui-20120217-1437,org.eclipse.pde.internal.ua.core.cheatsheet.simple.text,SimpleCSItem,isFirstSubItem,3,1,1
eclipse.pde.ui-20120217-1437,org.eclipse.pde.internal.ua.core.cheatsheet.simple.text,SimpleCSItem,isLastSubItem,3,1,1
eclipse.pde.ui-20120217-1437,org.eclipse.pde.internal.ua.core.cheatsheet.simple.text,SimpleCSItem,moveSubItem,3,1,2
eclipse.pde.ui-20120217-1437,org.eclipse.pde.internal.ua.core.cheatsheet.simple.text,SimpleCSItem,removeSubItem,3,1,1
eclipse.pde.ui-20120217-1437,org.eclipse.pde.internal.ua.core.cheatsheet.simple.text,SimpleCSItem,removeSubItem,3,1,1
eclipse.pde.ui-20120217-1437,org.eclipse.pde.internal.ua.core.cheatsheet.simple.text,SimpleCSItem,setDescription,3,1,1
eclipse.pde.ui-20120217-1437,org.eclipse.pde.internal.ua.core.cheatsheet.simple.text,SimpleCSItem,setDialog,3,1,1
eclipse.pde.ui-20120217-1437,org.eclipse.pde.internal.ua.core.cheatsheet.simple.text,SimpleCSItem,setOnCompletion,3,1,1
eclipse.pde.ui-20120217-1437,org.eclipse.pde.internal.ua.core.cheatsheet.simple.text,SimpleCSItem,setSkip,3,1,1
eclipse.pde.ui-20120217-1437,org.eclipse.pde.internal.ua.core.cheatsheet.simple.text,SimpleCSItem,setTitle,3,1,1
eclipse.pde.ui-20120217-1437,org.eclipse.pde.internal.ua.core.cheatsheet.simple.text,SimpleCSItem,getContextId,3,1,0
eclipse.pde.ui-20120217-1437,org.eclipse.pde.internal.ua.core.cheatsheet.simple.text,SimpleCSItem,getHref,3,1,0
eclipse.pde.ui-20120217-1437,org.eclipse.pde.internal.ua.core.cheatsheet.simple.text,SimpleCSItem,setContextId,3,1,1
eclipse.pde.ui-20120217-1437,org.eclipse.pde.internal.ua.core.cheatsheet.simple.text,SimpleCSItem,setHref,3,1,1
eclipse.pde.ui-20120217-1437,org.eclipse.pde.internal.ua.core.cheatsheet.simple.text,SimpleCSItem,getExecutable,3,1,0
eclipse.pde.ui-20120217-1437,org.eclipse.pde.internal.ua.core.cheatsheet.simple.text,SimpleCSItem,setExecutable,3,1,1
eclipse.pde.ui-20120217-1437,org.eclipse.pde.internal.ua.core.cheatsheet.simple.text,SimpleCSItem,getName,3,1,0
eclipse.pde.ui-20120217-1437,org.eclipse.pde.internal.ua.core.cheatsheet.simple.text,SimpleCSItem,getType,3,1,0
eclipse.pde.ui-20120217-1437,org.eclipse.pde.internal.ua.core.cheatsheet.simple.text,SimpleCSItem,getChildren,4,1,0
eclipse.pde.ui-20120217-1437,org.eclipse.pde.internal.ua.core.cheatsheet.simple.text,SimpleCSModel,SimpleCSModel,6,1,2
eclipse.pde.ui-20120217-1437,org.eclipse.pde.internal.ua.core.cheatsheet.simple.text,SimpleCSModel,createDocumentHandler,6,2,2
eclipse.pde.ui-20120217-1437,org.eclipse.pde.internal.ua.core.cheatsheet.simple.text,SimpleCSModel,createNLResourceHelper,3,1,0
eclipse.pde.ui-20120217-1437,org.eclipse.pde.internal.ua.core.cheatsheet.simple.text,SimpleCSModel,getFactory,3,1,0
eclipse.pde.ui-20120217-1437,org.eclipse.pde.internal.ua.core.cheatsheet.simple.text,SimpleCSModel,getSimpleCS,7,2,0
eclipse.pde.ui-20120217-1437,org.eclipse.pde.internal.ua.core.cheatsheet.simple.text,SimpleCSModel,getRoot,3,1,0
eclipse.pde.ui-20120217-1437,org.eclipse.pde.internal.ua.core.cheatsheet.simple.text,SimpleCSObject,SimpleCSObject,3,1,2
eclipse.pde.ui-20120217-1437,org.eclipse.pde.internal.ua.core.cheatsheet.simple.text,SimpleCSObject,getChildren,3,1,0
eclipse.pde.ui-20120217-1437,org.eclipse.pde.internal.ua.core.cheatsheet.simple.text,SimpleCSObject,getModel,3,1,0
eclipse.pde.ui-20120217-1437,org.eclipse.pde.internal.ua.core.cheatsheet.simple.text,SimpleCSObject,getName,0,1,0
eclipse.pde.ui-20120217-1437,org.eclipse.pde.internal.ua.core.cheatsheet.simple.text,SimpleCSObject,getParent,3,1,0
eclipse.pde.ui-20120217-1437,org.eclipse.pde.internal.ua.core.cheatsheet.simple.text,SimpleCSObject,getSimpleCS,3,1,0
eclipse.pde.ui-20120217-1437,org.eclipse.pde.internal.ua.core.cheatsheet.simple.text,SimpleCSObject,getType,0,1,0
eclipse.pde.ui-20120217-1437,org.eclipse.pde.internal.ua.core.cheatsheet.simple.text,SimpleCSObject,parse,2,1,1
eclipse.pde.ui-20120217-1437,org.eclipse.pde.internal.ua.core.cheatsheet.simple.text,SimpleCSObject,setModel,3,1,1
eclipse.pde.ui-20120217-1437,org.eclipse.pde.internal.ua.core.cheatsheet.simple.text,SimpleCSObject,writeDelimeter,2,1,1
eclipse.pde.ui-20120217-1437,org.eclipse.pde.internal.ua.core.cheatsheet.simple.text,SimpleCSObject,createDocumentTextNode,3,1,0
eclipse.pde.ui-20120217-1437,org.eclipse.pde.internal.ua.core.cheatsheet.simple.text,SimpleCSOnCompletion,SimpleCSOnCompletion,3,1,1
eclipse.pde.ui-20120217-1437,org.eclipse.pde.internal.ua.core.cheatsheet.simple.text,SimpleCSOnCompletion,getContent,3,1,0
eclipse.pde.ui-20120217-1437,org.eclipse.pde.internal.ua.core.cheatsheet.simple.text,SimpleCSOnCompletion,setContent,3,1,1
eclipse.pde.ui-20120217-1437,org.eclipse.pde.internal.ua.core.cheatsheet.simple.text,SimpleCSOnCompletion,getChildren,3,1,0
eclipse.pde.ui-20120217-1437,org.eclipse.pde.internal.ua.core.cheatsheet.simple.text,SimpleCSOnCompletion,getName,3,1,0
eclipse.pde.ui-20120217-1437,org.eclipse.pde.internal.ua.core.cheatsheet.simple.text,SimpleCSOnCompletion,getType,3,1,0
eclipse.pde.ui-20120217-1437,org.eclipse.pde.internal.ua.core.cheatsheet.simple.text,SimpleCSOnCompletion,isContentCollapsed,3,1,0
eclipse.pde.ui-20120217-1437,org.eclipse.pde.internal.ua.core.cheatsheet.simple.text,SimpleCSPerformWhen,SimpleCSPerformWhen,3,1,1
eclipse.pde.ui-20120217-1437,org.eclipse.pde.internal.ua.core.cheatsheet.simple.text,SimpleCSPerformWhen,addExecutable,3,1,1
eclipse.pde.ui-20120217-1437,org.eclipse.pde.internal.ua.core.cheatsheet.simple.text,SimpleCSPerformWhen,getCondition,3,1,0
eclipse.pde.ui-20120217-1437,org.eclipse.pde.internal.ua.core.cheatsheet.simple.text,SimpleCSPerformWhen,getExecutables,4,1,0
eclipse.pde.ui-20120217-1437,org.eclipse.pde.internal.ua.core.cheatsheet.simple.text,SimpleCSPerformWhen,removeExecutable,3,1,1
eclipse.pde.ui-20120217-1437,org.eclipse.pde.internal.ua.core.cheatsheet.simple.text,SimpleCSPerformWhen,setCondition,3,1,1
eclipse.pde.ui-20120217-1437,org.eclipse.pde.internal.ua.core.cheatsheet.simple.text,SimpleCSPerformWhen,getChildren,3,1,0
eclipse.pde.ui-20120217-1437,org.eclipse.pde.internal.ua.core.cheatsheet.simple.text,SimpleCSPerformWhen,getName,3,1,0
eclipse.pde.ui-20120217-1437,org.eclipse.pde.internal.ua.core.cheatsheet.simple.text,SimpleCSPerformWhen,getType,3,1,0
eclipse.pde.ui-20120217-1437,org.eclipse.pde.internal.ua.core.cheatsheet.simple.text,SimpleCSRepeatedSubItem,SimpleCSRepeatedSubItem,3,1,1
eclipse.pde.ui-20120217-1437,org.eclipse.pde.internal.ua.core.cheatsheet.simple.text,SimpleCSRepeatedSubItem,getSubItem,3,1,0
eclipse.pde.ui-20120217-1437,org.eclipse.pde.internal.ua.core.cheatsheet.simple.text,SimpleCSRepeatedSubItem,getValues,3,1,0
eclipse.pde.ui-20120217-1437,org.eclipse.pde.internal.ua.core.cheatsheet.simple.text,SimpleCSRepeatedSubItem,setSubItem,3,1,1
eclipse.pde.ui-20120217-1437,org.eclipse.pde.internal.ua.core.cheatsheet.simple.text,SimpleCSRepeatedSubItem,setValues,3,1,1
eclipse.pde.ui-20120217-1437,org.eclipse.pde.internal.ua.core.cheatsheet.simple.text,SimpleCSRepeatedSubItem,getChildren,3,1,0
eclipse.pde.ui-20120217-1437,org.eclipse.pde.internal.ua.core.cheatsheet.simple.text,SimpleCSRepeatedSubItem,getName,3,1,0
eclipse.pde.ui-20120217-1437,org.eclipse.pde.internal.ua.core.cheatsheet.simple.text,SimpleCSRepeatedSubItem,getType,3,1,0
eclipse.pde.ui-20120217-1437,org.eclipse.pde.internal.ua.core.cheatsheet.simple.text,SimpleCSRunObject,SimpleCSRunObject,3,1,2
eclipse.pde.ui-20120217-1437,org.eclipse.pde.internal.ua.core.cheatsheet.simple.text,SimpleCSRunObject,getConfirm,3,1,0
eclipse.pde.ui-20120217-1437,org.eclipse.pde.internal.ua.core.cheatsheet.simple.text,SimpleCSRunObject,getRequired,3,1,0
eclipse.pde.ui-20120217-1437,org.eclipse.pde.internal.ua.core.cheatsheet.simple.text,SimpleCSRunObject,getTranslate,3,1,0
eclipse.pde.ui-20120217-1437,org.eclipse.pde.internal.ua.core.cheatsheet.simple.text,SimpleCSRunObject,getWhen,3,1,0
eclipse.pde.ui-20120217-1437,org.eclipse.pde.internal.ua.core.cheatsheet.simple.text,SimpleCSRunObject,setConfirm,3,1,1
eclipse.pde.ui-20120217-1437,org.eclipse.pde.internal.ua.core.cheatsheet.simple.text,SimpleCSRunObject,setRequired,3,1,1
eclipse.pde.ui-20120217-1437,org.eclipse.pde.internal.ua.core.cheatsheet.simple.text,SimpleCSRunObject,setTranslate,3,1,1
eclipse.pde.ui-20120217-1437,org.eclipse.pde.internal.ua.core.cheatsheet.simple.text,SimpleCSRunObject,setWhen,3,1,1
eclipse.pde.ui-20120217-1437,org.eclipse.pde.internal.ua.core.cheatsheet.simple.text,SimpleCSSubItem,SimpleCSSubItem,3,1,1
eclipse.pde.ui-20120217-1437,org.eclipse.pde.internal.ua.core.cheatsheet.simple.text,SimpleCSSubItem,getLabel,3,1,0
eclipse.pde.ui-20120217-1437,org.eclipse.pde.internal.ua.core.cheatsheet.simple.text,SimpleCSSubItem,getSkip,3,1,0
eclipse.pde.ui-20120217-1437,org.eclipse.pde.internal.ua.core.cheatsheet.simple.text,SimpleCSSubItem,getWhen,3,1,0
eclipse.pde.ui-20120217-1437,org.eclipse.pde.internal.ua.core.cheatsheet.simple.text,SimpleCSSubItem,setLabel,3,1,1
eclipse.pde.ui-20120217-1437,org.eclipse.pde.internal.ua.core.cheatsheet.simple.text,SimpleCSSubItem,setSkip,3,1,1
eclipse.pde.ui-20120217-1437,org.eclipse.pde.internal.ua.core.cheatsheet.simple.text,SimpleCSSubItem,setWhen,3,1,1
eclipse.pde.ui-20120217-1437,org.eclipse.pde.internal.ua.core.cheatsheet.simple.text,SimpleCSSubItem,getExecutable,3,1,0
eclipse.pde.ui-20120217-1437,org.eclipse.pde.internal.ua.core.cheatsheet.simple.text,SimpleCSSubItem,setExecutable,3,1,1
eclipse.pde.ui-20120217-1437,org.eclipse.pde.internal.ua.core.cheatsheet.simple.text,SimpleCSSubItem,getChildren,3,1,0
eclipse.pde.ui-20120217-1437,org.eclipse.pde.internal.ua.core.cheatsheet.simple.text,SimpleCSSubItem,getName,3,1,0
eclipse.pde.ui-20120217-1437,org.eclipse.pde.internal.ua.core.cheatsheet.simple.text,SimpleCSSubItem,getType,3,1,0
eclipse.pde.ui-20120217-1437,org.eclipse.pde.internal.ua.core.ctxhelp.text,CtxHelpCommand,CtxHelpCommand,3,1,1
eclipse.pde.ui-20120217-1437,org.eclipse.pde.internal.ua.core.ctxhelp.text,CtxHelpCommand,canBeParent,3,1,0
eclipse.pde.ui-20120217-1437,org.eclipse.pde.internal.ua.core.ctxhelp.text,CtxHelpCommand,getType,3,1,0
eclipse.pde.ui-20120217-1437,org.eclipse.pde.internal.ua.core.ctxhelp.text,CtxHelpCommand,getName,3,1,0
eclipse.pde.ui-20120217-1437,org.eclipse.pde.internal.ua.core.ctxhelp.text,CtxHelpCommand,getLabel,3,1,0
eclipse.pde.ui-20120217-1437,org.eclipse.pde.internal.ua.core.ctxhelp.text,CtxHelpCommand,setLabel,3,1,1
eclipse.pde.ui-20120217-1437,org.eclipse.pde.internal.ua.core.ctxhelp.text,CtxHelpCommand,getSerialization,3,1,0
eclipse.pde.ui-20120217-1437,org.eclipse.pde.internal.ua.core.ctxhelp.text,CtxHelpCommand,setSerialization,3,1,1
eclipse.pde.ui-20120217-1437,org.eclipse.pde.internal.ua.core.ctxhelp.text,CtxHelpCommand,canAddChild,3,1,1
eclipse.pde.ui-20120217-1437,org.eclipse.pde.internal.ua.core.ctxhelp.text,CtxHelpCommand,canAddSibling,3,1,1
eclipse.pde.ui-20120217-1437,org.eclipse.pde.internal.ua.core.ctxhelp.text,CtxHelpContext,CtxHelpContext,3,1,1
eclipse.pde.ui-20120217-1437,org.eclipse.pde.internal.ua.core.ctxhelp.text,CtxHelpContext,canBeParent,3,1,0
eclipse.pde.ui-20120217-1437,org.eclipse.pde.internal.ua.core.ctxhelp.text,CtxHelpContext,getType,3,1,0
eclipse.pde.ui-20120217-1437,org.eclipse.pde.internal.ua.core.ctxhelp.text,CtxHelpContext,getName,3,1,0
eclipse.pde.ui-20120217-1437,org.eclipse.pde.internal.ua.core.ctxhelp.text,CtxHelpContext,getId,3,1,0
eclipse.pde.ui-20120217-1437,org.eclipse.pde.internal.ua.core.ctxhelp.text,CtxHelpContext,setID,3,1,1
eclipse.pde.ui-20120217-1437,org.eclipse.pde.internal.ua.core.ctxhelp.text,CtxHelpContext,getTitle,3,1,0
eclipse.pde.ui-20120217-1437,org.eclipse.pde.internal.ua.core.ctxhelp.text,CtxHelpContext,setTitle,3,1,1
eclipse.pde.ui-20120217-1437,org.eclipse.pde.internal.ua.core.ctxhelp.text,CtxHelpContext,getDescription,7,2,0
eclipse.pde.ui-20120217-1437,org.eclipse.pde.internal.ua.core.ctxhelp.text,CtxHelpContext,setDescription,16,4,1
eclipse.pde.ui-20120217-1437,org.eclipse.pde.internal.ua.core.ctxhelp.text,CtxHelpContext,canAddChild,3,1,1
eclipse.pde.ui-20120217-1437,org.eclipse.pde.internal.ua.core.ctxhelp.text,CtxHelpContext,canAddSibling,3,1,1
eclipse.pde.ui-20120217-1437,org.eclipse.pde.internal.ua.core.ctxhelp.text,CtxHelpDescription,CtxHelpDescription,3,1,1
eclipse.pde.ui-20120217-1437,org.eclipse.pde.internal.ua.core.ctxhelp.text,CtxHelpDescription,createDocumentTextNode,3,1,0
eclipse.pde.ui-20120217-1437,org.eclipse.pde.internal.ua.core.ctxhelp.text,CtxHelpDescription,canBeParent,3,1,0
eclipse.pde.ui-20120217-1437,org.eclipse.pde.internal.ua.core.ctxhelp.text,CtxHelpDescription,getType,3,1,0
eclipse.pde.ui-20120217-1437,org.eclipse.pde.internal.ua.core.ctxhelp.text,CtxHelpDescription,getName,3,1,0
eclipse.pde.ui-20120217-1437,org.eclipse.pde.internal.ua.core.ctxhelp.text,CtxHelpDescription,getDescription,3,1,0
eclipse.pde.ui-20120217-1437,org.eclipse.pde.internal.ua.core.ctxhelp.text,CtxHelpDescription,setDescription,3,1,1
eclipse.pde.ui-20120217-1437,org.eclipse.pde.internal.ua.core.ctxhelp.text,CtxHelpDescription,canAddChild,3,1,1
eclipse.pde.ui-20120217-1437,org.eclipse.pde.internal.ua.core.ctxhelp.text,CtxHelpDescription,canAddSibling,3,1,1
eclipse.pde.ui-20120217-1437,org.eclipse.pde.internal.ua.core.ctxhelp.text,CtxHelpDescription,getTerminateIndent,3,1,0
eclipse.pde.ui-20120217-1437,org.eclipse.pde.internal.ua.core.ctxhelp.text,CtxHelpDescription,isContentCollapsed,3,1,0
eclipse.pde.ui-20120217-1437,org.eclipse.pde.internal.ua.core.ctxhelp.text,CtxHelpDescriptionTextNode,CtxHelpDescriptionTextNode,3,1,0
eclipse.pde.ui-20120217-1437,org.eclipse.pde.internal.ua.core.ctxhelp.text,CtxHelpDescriptionTextNode,write,4,1,0
eclipse.pde.ui-20120217-1437,org.eclipse.pde.internal.ua.core.ctxhelp.text,CtxHelpDocumentFactory,CtxHelpDocumentFactory,3,1,1
eclipse.pde.ui-20120217-1437,org.eclipse.pde.internal.ua.core.ctxhelp.text,CtxHelpDocumentFactory,createDocumentNode,18,6,2
eclipse.pde.ui-20120217-1437,org.eclipse.pde.internal.ua.core.ctxhelp.text,CtxHelpDocumentFactory,isRoot,3,1,1
eclipse.pde.ui-20120217-1437,org.eclipse.pde.internal.ua.core.ctxhelp.text,CtxHelpDocumentFactory,isContext,3,1,1
eclipse.pde.ui-20120217-1437,org.eclipse.pde.internal.ua.core.ctxhelp.text,CtxHelpDocumentFactory,isDescription,3,1,1
eclipse.pde.ui-20120217-1437,org.eclipse.pde.internal.ua.core.ctxhelp.text,CtxHelpDocumentFactory,isTopic,3,1,1
eclipse.pde.ui-20120217-1437,org.eclipse.pde.internal.ua.core.ctxhelp.text,CtxHelpDocumentFactory,isCommand,3,1,1
eclipse.pde.ui-20120217-1437,org.eclipse.pde.internal.ua.core.ctxhelp.text,CtxHelpDocumentFactory,createRoot,3,1,0
eclipse.pde.ui-20120217-1437,org.eclipse.pde.internal.ua.core.ctxhelp.text,CtxHelpDocumentFactory,createContext,3,1,0
eclipse.pde.ui-20120217-1437,org.eclipse.pde.internal.ua.core.ctxhelp.text,CtxHelpDocumentFactory,createDescription,3,1,0
eclipse.pde.ui-20120217-1437,org.eclipse.pde.internal.ua.core.ctxhelp.text,CtxHelpDocumentFactory,createTopic,3,1,0
eclipse.pde.ui-20120217-1437,org.eclipse.pde.internal.ua.core.ctxhelp.text,CtxHelpDocumentFactory,createCommand,3,1,0
eclipse.pde.ui-20120217-1437,org.eclipse.pde.internal.ua.core.ctxhelp.text,CtxHelpDocumentHandler,CtxHelpDocumentHandler,4,1,2
eclipse.pde.ui-20120217-1437,org.eclipse.pde.internal.ua.core.ctxhelp.text,CtxHelpDocumentHandler,getDocument,3,1,0
eclipse.pde.ui-20120217-1437,org.eclipse.pde.internal.ua.core.ctxhelp.text,CtxHelpDocumentHandler,getRootNode,3,1,0
eclipse.pde.ui-20120217-1437,org.eclipse.pde.internal.ua.core.ctxhelp.text,CtxHelpDocumentHandler,startDocument,4,1,0
eclipse.pde.ui-20120217-1437,org.eclipse.pde.internal.ua.core.ctxhelp.text,CtxHelpDocumentHandler,endDocument,7,2,0
eclipse.pde.ui-20120217-1437,org.eclipse.pde.internal.ua.core.ctxhelp.text,CtxHelpDocumentHandler,error,4,1,1
eclipse.pde.ui-20120217-1437,org.eclipse.pde.internal.ua.core.ctxhelp.text,CtxHelpDocumentHandler,fatalError,8,2,1
eclipse.pde.ui-20120217-1437,org.eclipse.pde.internal.ua.core.ctxhelp.text,CtxHelpMarkerManager,refreshMarkers,4,1,1
eclipse.pde.ui-20120217-1437,org.eclipse.pde.internal.ua.core.ctxhelp.text,CtxHelpMarkerManager,deleteMarkers,12,3,1
eclipse.pde.ui-20120217-1437,org.eclipse.pde.internal.ua.core.ctxhelp.text,CtxHelpMarkerManager,createMarkers,21,4,1
eclipse.pde.ui-20120217-1437,org.eclipse.pde.internal.ua.core.ctxhelp.text,CtxHelpModel,CtxHelpModel,3,1,2
eclipse.pde.ui-20120217-1437,org.eclipse.pde.internal.ua.core.ctxhelp.text,CtxHelpModel,createDocumentHandler,6,2,2
eclipse.pde.ui-20120217-1437,org.eclipse.pde.internal.ua.core.ctxhelp.text,CtxHelpModel,createNLResourceHelper,3,1,0
eclipse.pde.ui-20120217-1437,org.eclipse.pde.internal.ua.core.ctxhelp.text,CtxHelpModel,getFactory,6,2,0
eclipse.pde.ui-20120217-1437,org.eclipse.pde.internal.ua.core.ctxhelp.text,CtxHelpModel,getCtxHelpRoot,6,2,0
eclipse.pde.ui-20120217-1437,org.eclipse.pde.internal.ua.core.ctxhelp.text,CtxHelpModel,getRoot,3,1,0
eclipse.pde.ui-20120217-1437,org.eclipse.pde.internal.ua.core.ctxhelp.text,CtxHelpModel,addError,8,3,1
eclipse.pde.ui-20120217-1437,org.eclipse.pde.internal.ua.core.ctxhelp.text,CtxHelpModel,getErrors,3,1,0
eclipse.pde.ui-20120217-1437,org.eclipse.pde.internal.ua.core.ctxhelp.text,CtxHelpModel,purgeErrors,5,2,0
eclipse.pde.ui-20120217-1437,org.eclipse.pde.internal.ua.core.ctxhelp.text,CtxHelpModel,setMarkerRefreshNeeded,3,1,1
eclipse.pde.ui-20120217-1437,org.eclipse.pde.internal.ua.core.ctxhelp.text,CtxHelpModel,isMarkerRefreshNeeded,3,1,0
eclipse.pde.ui-20120217-1437,org.eclipse.pde.internal.ua.core.ctxhelp.text,CtxHelpObject,CtxHelpObject,3,1,2
eclipse.pde.ui-20120217-1437,org.eclipse.pde.internal.ua.core.ctxhelp.text,CtxHelpObject,getChildren,12,4,0
eclipse.pde.ui-20120217-1437,org.eclipse.pde.internal.ua.core.ctxhelp.text,CtxHelpObject,getAttributeIndent,3,1,0
eclipse.pde.ui-20120217-1437,org.eclipse.pde.internal.ua.core.ctxhelp.text,CtxHelpObject,getContentIndent,3,1,0
eclipse.pde.ui-20120217-1437,org.eclipse.pde.internal.ua.core.ctxhelp.text,CtxHelpObject,isLeafNode,3,1,0
eclipse.pde.ui-20120217-1437,org.eclipse.pde.internal.ua.core.ctxhelp.text,CtxHelpObject,canBeParent,0,1,0
eclipse.pde.ui-20120217-1437,org.eclipse.pde.internal.ua.core.ctxhelp.text,CtxHelpObject,canAddChild,0,1,1
eclipse.pde.ui-20120217-1437,org.eclipse.pde.internal.ua.core.ctxhelp.text,CtxHelpObject,canAddSibling,0,1,1
eclipse.pde.ui-20120217-1437,org.eclipse.pde.internal.ua.core.ctxhelp.text,CtxHelpObject,addChild,9,3,3
eclipse.pde.ui-20120217-1437,org.eclipse.pde.internal.ua.core.ctxhelp.text,CtxHelpObject,addChild,5,2,1
eclipse.pde.ui-20120217-1437,org.eclipse.pde.internal.ua.core.ctxhelp.text,CtxHelpObject,getModel,7,2,0
eclipse.pde.ui-20120217-1437,org.eclipse.pde.internal.ua.core.ctxhelp.text,CtxHelpObject,getRoot,7,2,0
eclipse.pde.ui-20120217-1437,org.eclipse.pde.internal.ua.core.ctxhelp.text,CtxHelpObject,getName,0,1,0
eclipse.pde.ui-20120217-1437,org.eclipse.pde.internal.ua.core.ctxhelp.text,CtxHelpObject,getType,0,1,0
eclipse.pde.ui-20120217-1437,org.eclipse.pde.internal.ua.core.ctxhelp.text,CtxHelpObject,getParent,4,1,0
eclipse.pde.ui-20120217-1437,org.eclipse.pde.internal.ua.core.ctxhelp.text,CtxHelpObject,descendsFrom,9,3,1
eclipse.pde.ui-20120217-1437,org.eclipse.pde.internal.ua.core.ctxhelp.text,CtxHelpObject,getPreviousSibling,3,1,1
eclipse.pde.ui-20120217-1437,org.eclipse.pde.internal.ua.core.ctxhelp.text,CtxHelpObject,getNextSibling,3,1,1
eclipse.pde.ui-20120217-1437,org.eclipse.pde.internal.ua.core.ctxhelp.text,CtxHelpObject,canBeRemoved,6,2,0
eclipse.pde.ui-20120217-1437,org.eclipse.pde.internal.ua.core.ctxhelp.text,CtxHelpObject,removeChild,5,2,1
eclipse.pde.ui-20120217-1437,org.eclipse.pde.internal.ua.core.ctxhelp.text,CtxHelpObject,moveChild,3,1,2
eclipse.pde.ui-20120217-1437,org.eclipse.pde.internal.ua.core.ctxhelp.text,CtxHelpRoot,CtxHelpRoot,4,1,1
eclipse.pde.ui-20120217-1437,org.eclipse.pde.internal.ua.core.ctxhelp.text,CtxHelpRoot,isRoot,3,1,0
eclipse.pde.ui-20120217-1437,org.eclipse.pde.internal.ua.core.ctxhelp.text,CtxHelpRoot,getType,3,1,0
eclipse.pde.ui-20120217-1437,org.eclipse.pde.internal.ua.core.ctxhelp.text,CtxHelpRoot,canBeParent,3,1,0
eclipse.pde.ui-20120217-1437,org.eclipse.pde.internal.ua.core.ctxhelp.text,CtxHelpRoot,getName,3,1,0
eclipse.pde.ui-20120217-1437,org.eclipse.pde.internal.ua.core.ctxhelp.text,CtxHelpRoot,canAddChild,3,1,1
eclipse.pde.ui-20120217-1437,org.eclipse.pde.internal.ua.core.ctxhelp.text,CtxHelpRoot,canAddSibling,3,1,1
eclipse.pde.ui-20120217-1437,org.eclipse.pde.internal.ua.core.ctxhelp.text,CtxHelpTopic,CtxHelpTopic,3,1,1
eclipse.pde.ui-20120217-1437,org.eclipse.pde.internal.ua.core.ctxhelp.text,CtxHelpTopic,canBeParent,3,1,0
eclipse.pde.ui-20120217-1437,org.eclipse.pde.internal.ua.core.ctxhelp.text,CtxHelpTopic,getType,3,1,0
eclipse.pde.ui-20120217-1437,org.eclipse.pde.internal.ua.core.ctxhelp.text,CtxHelpTopic,getName,3,1,0
eclipse.pde.ui-20120217-1437,org.eclipse.pde.internal.ua.core.ctxhelp.text,CtxHelpTopic,getLabel,3,1,0
eclipse.pde.ui-20120217-1437,org.eclipse.pde.internal.ua.core.ctxhelp.text,CtxHelpTopic,setLabel,3,1,1
eclipse.pde.ui-20120217-1437,org.eclipse.pde.internal.ua.core.ctxhelp.text,CtxHelpTopic,getLocation,7,2,0
eclipse.pde.ui-20120217-1437,org.eclipse.pde.internal.ua.core.ctxhelp.text,CtxHelpTopic,setLocation,8,2,1
eclipse.pde.ui-20120217-1437,org.eclipse.pde.internal.ua.core.ctxhelp.text,CtxHelpTopic,canAddChild,3,1,1
eclipse.pde.ui-20120217-1437,org.eclipse.pde.internal.ua.core.ctxhelp.text,CtxHelpTopic,canAddSibling,3,1,1
eclipse.pde.ui-20120217-1437,org.eclipse.pde.internal.ua.core.icheatsheet.comp,ICompCS,setFieldName,0,1,1
eclipse.pde.ui-20120217-1437,org.eclipse.pde.internal.ua.core.icheatsheet.comp,ICompCS,getFieldName,0,1,0
eclipse.pde.ui-20120217-1437,org.eclipse.pde.internal.ua.core.icheatsheet.comp,ICompCS,setFieldTaskObject,0,1,1
eclipse.pde.ui-20120217-1437,org.eclipse.pde.internal.ua.core.icheatsheet.comp,ICompCS,getFieldTaskObject,0,1,0
eclipse.pde.ui-20120217-1437,org.eclipse.pde.internal.ua.core.icheatsheet.comp,ICompCSDataObject,setFieldContent,0,1,1
eclipse.pde.ui-20120217-1437,org.eclipse.pde.internal.ua.core.icheatsheet.comp,ICompCSDataObject,getFieldContent,0,1,0
eclipse.pde.ui-20120217-1437,org.eclipse.pde.internal.ua.core.icheatsheet.comp,ICompCSDependency,setFieldTask,0,1,1
eclipse.pde.ui-20120217-1437,org.eclipse.pde.internal.ua.core.icheatsheet.comp,ICompCSDependency,getFieldTask,0,1,0
eclipse.pde.ui-20120217-1437,org.eclipse.pde.internal.ua.core.icheatsheet.comp,ICompCSModel,getCompCS,0,1,0
eclipse.pde.ui-20120217-1437,org.eclipse.pde.internal.ua.core.icheatsheet.comp,ICompCSModel,getFactory,0,1,0
eclipse.pde.ui-20120217-1437,org.eclipse.pde.internal.ua.core.icheatsheet.comp,ICompCSModelFactory,createCompCS,0,1,0
eclipse.pde.ui-20120217-1437,org.eclipse.pde.internal.ua.core.icheatsheet.comp,ICompCSModelFactory,createCompCSTaskGroup,0,1,1
eclipse.pde.ui-20120217-1437,org.eclipse.pde.internal.ua.core.icheatsheet.comp,ICompCSModelFactory,createCompCSTask,0,1,1
eclipse.pde.ui-20120217-1437,org.eclipse.pde.internal.ua.core.icheatsheet.comp,ICompCSModelFactory,createCompCSIntro,0,1,1
eclipse.pde.ui-20120217-1437,org.eclipse.pde.internal.ua.core.icheatsheet.comp,ICompCSModelFactory,createCompCSOnCompletion,0,1,1
eclipse.pde.ui-20120217-1437,org.eclipse.pde.internal.ua.core.icheatsheet.comp,ICompCSModelFactory,createCompCSDependency,0,1,1
eclipse.pde.ui-20120217-1437,org.eclipse.pde.internal.ua.core.icheatsheet.comp,ICompCSModelFactory,createCompCSParam,0,1,1
eclipse.pde.ui-20120217-1437,org.eclipse.pde.internal.ua.core.icheatsheet.comp,ICompCSObject,getModel,0,1,0
eclipse.pde.ui-20120217-1437,org.eclipse.pde.internal.ua.core.icheatsheet.comp,ICompCSObject,setModel,0,1,1
eclipse.pde.ui-20120217-1437,org.eclipse.pde.internal.ua.core.icheatsheet.comp,ICompCSObject,getCompCS,0,1,0
eclipse.pde.ui-20120217-1437,org.eclipse.pde.internal.ua.core.icheatsheet.comp,ICompCSObject,parse,0,1,1
eclipse.pde.ui-20120217-1437,org.eclipse.pde.internal.ua.core.icheatsheet.comp,ICompCSObject,reset,0,1,0
eclipse.pde.ui-20120217-1437,org.eclipse.pde.internal.ua.core.icheatsheet.comp,ICompCSObject,getType,0,1,0
eclipse.pde.ui-20120217-1437,org.eclipse.pde.internal.ua.core.icheatsheet.comp,ICompCSObject,getName,0,1,0
eclipse.pde.ui-20120217-1437,org.eclipse.pde.internal.ua.core.icheatsheet.comp,ICompCSObject,getChildren,0,1,0
eclipse.pde.ui-20120217-1437,org.eclipse.pde.internal.ua.core.icheatsheet.comp,ICompCSObject,getParent,0,1,0
eclipse.pde.ui-20120217-1437,org.eclipse.pde.internal.ua.core.icheatsheet.comp,ICompCSObject,getElement,0,1,0
eclipse.pde.ui-20120217-1437,org.eclipse.pde.internal.ua.core.icheatsheet.comp,ICompCSParam,setFieldName,0,1,1
eclipse.pde.ui-20120217-1437,org.eclipse.pde.internal.ua.core.icheatsheet.comp,ICompCSParam,getFieldName,0,1,0
eclipse.pde.ui-20120217-1437,org.eclipse.pde.internal.ua.core.icheatsheet.comp,ICompCSParam,setFieldValue,0,1,1
eclipse.pde.ui-20120217-1437,org.eclipse.pde.internal.ua.core.icheatsheet.comp,ICompCSParam,getFieldValue,0,1,0
eclipse.pde.ui-20120217-1437,org.eclipse.pde.internal.ua.core.icheatsheet.comp,ICompCSTask,addFieldParam,0,1,1
eclipse.pde.ui-20120217-1437,org.eclipse.pde.internal.ua.core.icheatsheet.comp,ICompCSTask,removeFieldParam,0,1,1
eclipse.pde.ui-20120217-1437,org.eclipse.pde.internal.ua.core.icheatsheet.comp,ICompCSTask,getFieldParams,0,1,0
eclipse.pde.ui-20120217-1437,org.eclipse.pde.internal.ua.core.icheatsheet.comp,ICompCSTask,hasFieldParams,0,1,0
eclipse.pde.ui-20120217-1437,org.eclipse.pde.internal.ua.core.icheatsheet.comp,ICompCSTask,getFieldParam,0,1,1
eclipse.pde.ui-20120217-1437,org.eclipse.pde.internal.ua.core.icheatsheet.comp,ICompCSTaskGroup,addFieldTaskObject,0,1,1
eclipse.pde.ui-20120217-1437,org.eclipse.pde.internal.ua.core.icheatsheet.comp,ICompCSTaskGroup,addFieldTaskObject,0,1,2
eclipse.pde.ui-20120217-1437,org.eclipse.pde.internal.ua.core.icheatsheet.comp,ICompCSTaskGroup,removeFieldTaskObject,0,1,1
eclipse.pde.ui-20120217-1437,org.eclipse.pde.internal.ua.core.icheatsheet.comp,ICompCSTaskGroup,moveFieldTaskObject,0,1,2
eclipse.pde.ui-20120217-1437,org.eclipse.pde.internal.ua.core.icheatsheet.comp,ICompCSTaskGroup,removeFieldTaskObject,0,1,1
eclipse.pde.ui-20120217-1437,org.eclipse.pde.internal.ua.core.icheatsheet.comp,ICompCSTaskGroup,getFieldTaskObjects,0,1,0
eclipse.pde.ui-20120217-1437,org.eclipse.pde.internal.ua.core.icheatsheet.comp,ICompCSTaskGroup,isFirstFieldTaskObject,0,1,1
eclipse.pde.ui-20120217-1437,org.eclipse.pde.internal.ua.core.icheatsheet.comp,ICompCSTaskGroup,isLastFieldTaskObject,0,1,1
eclipse.pde.ui-20120217-1437,org.eclipse.pde.internal.ua.core.icheatsheet.comp,ICompCSTaskGroup,indexOfFieldTaskObject,0,1,1
eclipse.pde.ui-20120217-1437,org.eclipse.pde.internal.ua.core.icheatsheet.comp,ICompCSTaskGroup,getFieldTaskObjectCount,0,1,0
eclipse.pde.ui-20120217-1437,org.eclipse.pde.internal.ua.core.icheatsheet.comp,ICompCSTaskGroup,hasFieldTaskObjects,0,1,0
eclipse.pde.ui-20120217-1437,org.eclipse.pde.internal.ua.core.icheatsheet.comp,ICompCSTaskGroup,getNextSibling,0,1,1
eclipse.pde.ui-20120217-1437,org.eclipse.pde.internal.ua.core.icheatsheet.comp,ICompCSTaskGroup,getPreviousSibling,0,1,1
eclipse.pde.ui-20120217-1437,org.eclipse.pde.internal.ua.core.icheatsheet.comp,ICompCSTaskObject,setFieldKind,0,1,1
eclipse.pde.ui-20120217-1437,org.eclipse.pde.internal.ua.core.icheatsheet.comp,ICompCSTaskObject,getFieldKind,0,1,0
eclipse.pde.ui-20120217-1437,org.eclipse.pde.internal.ua.core.icheatsheet.comp,ICompCSTaskObject,setFieldName,0,1,1
eclipse.pde.ui-20120217-1437,org.eclipse.pde.internal.ua.core.icheatsheet.comp,ICompCSTaskObject,getFieldName,0,1,0
eclipse.pde.ui-20120217-1437,org.eclipse.pde.internal.ua.core.icheatsheet.comp,ICompCSTaskObject,setFieldId,0,1,1
eclipse.pde.ui-20120217-1437,org.eclipse.pde.internal.ua.core.icheatsheet.comp,ICompCSTaskObject,getFieldId,0,1,0
eclipse.pde.ui-20120217-1437,org.eclipse.pde.internal.ua.core.icheatsheet.comp,ICompCSTaskObject,setFieldSkip,0,1,1
eclipse.pde.ui-20120217-1437,org.eclipse.pde.internal.ua.core.icheatsheet.comp,ICompCSTaskObject,getFieldSkip,0,1,0
eclipse.pde.ui-20120217-1437,org.eclipse.pde.internal.ua.core.icheatsheet.comp,ICompCSTaskObject,setFieldOnCompletion,0,1,1
eclipse.pde.ui-20120217-1437,org.eclipse.pde.internal.ua.core.icheatsheet.comp,ICompCSTaskObject,getFieldOnCompletion,0,1,0
eclipse.pde.ui-20120217-1437,org.eclipse.pde.internal.ua.core.icheatsheet.comp,ICompCSTaskObject,setFieldIntro,0,1,1
eclipse.pde.ui-20120217-1437,org.eclipse.pde.internal.ua.core.icheatsheet.comp,ICompCSTaskObject,getFieldIntro,0,1,0
eclipse.pde.ui-20120217-1437,org.eclipse.pde.internal.ua.core.icheatsheet.comp,ICompCSTaskObject,addFieldDependency,0,1,1
eclipse.pde.ui-20120217-1437,org.eclipse.pde.internal.ua.core.icheatsheet.comp,ICompCSTaskObject,removeFieldDepedency,0,1,1
eclipse.pde.ui-20120217-1437,org.eclipse.pde.internal.ua.core.icheatsheet.comp,ICompCSTaskObject,getFieldDependencies,0,1,0
eclipse.pde.ui-20120217-1437,org.eclipse.pde.internal.ua.core.toc.text,Toc,Toc,4,1,1
eclipse.pde.ui-20120217-1437,org.eclipse.pde.internal.ua.core.toc.text,Toc,isRoot,3,1,0
eclipse.pde.ui-20120217-1437,org.eclipse.pde.internal.ua.core.toc.text,Toc,getType,3,1,0
eclipse.pde.ui-20120217-1437,org.eclipse.pde.internal.ua.core.toc.text,Toc,getFieldRef,3,1,0
eclipse.pde.ui-20120217-1437,org.eclipse.pde.internal.ua.core.toc.text,Toc,setFieldRef,3,1,1
eclipse.pde.ui-20120217-1437,org.eclipse.pde.internal.ua.core.toc.text,Toc,getFieldAnchorTo,3,1,0
eclipse.pde.ui-20120217-1437,org.eclipse.pde.internal.ua.core.toc.text,Toc,setFieldAnchorTo,3,1,1
eclipse.pde.ui-20120217-1437,org.eclipse.pde.internal.ua.core.toc.text,TocAnchor,TocAnchor,3,1,1
eclipse.pde.ui-20120217-1437,org.eclipse.pde.internal.ua.core.toc.text,TocAnchor,canBeParent,3,1,0
eclipse.pde.ui-20120217-1437,org.eclipse.pde.internal.ua.core.toc.text,TocAnchor,getType,3,1,0
eclipse.pde.ui-20120217-1437,org.eclipse.pde.internal.ua.core.toc.text,TocAnchor,getName,3,1,0
eclipse.pde.ui-20120217-1437,org.eclipse.pde.internal.ua.core.toc.text,TocAnchor,getPath,3,1,0
eclipse.pde.ui-20120217-1437,org.eclipse.pde.internal.ua.core.toc.text,TocAnchor,getFieldAnchorId,3,1,0
eclipse.pde.ui-20120217-1437,org.eclipse.pde.internal.ua.core.toc.text,TocAnchor,setFieldAnchorId,3,1,1
eclipse.pde.ui-20120217-1437,org.eclipse.pde.internal.ua.core.toc.text,TocDocumentFactory,TocDocumentFactory,3,1,1
eclipse.pde.ui-20120217-1437,org.eclipse.pde.internal.ua.core.toc.text,TocDocumentFactory,createDocumentNode,15,5,2
eclipse.pde.ui-20120217-1437,org.eclipse.pde.internal.ua.core.toc.text,TocDocumentFactory,isTocElement,6,2,2
eclipse.pde.ui-20120217-1437,org.eclipse.pde.internal.ua.core.toc.text,TocDocumentFactory,isToc,3,1,1
eclipse.pde.ui-20120217-1437,org.eclipse.pde.internal.ua.core.toc.text,TocDocumentFactory,isAnchor,3,1,1
eclipse.pde.ui-20120217-1437,org.eclipse.pde.internal.ua.core.toc.text,TocDocumentFactory,isTopic,3,1,1
eclipse.pde.ui-20120217-1437,org.eclipse.pde.internal.ua.core.toc.text,TocDocumentFactory,isLink,3,1,1
eclipse.pde.ui-20120217-1437,org.eclipse.pde.internal.ua.core.toc.text,TocDocumentFactory,createToc,3,1,0
eclipse.pde.ui-20120217-1437,org.eclipse.pde.internal.ua.core.toc.text,TocDocumentFactory,createTocTopic,3,1,0
eclipse.pde.ui-20120217-1437,org.eclipse.pde.internal.ua.core.toc.text,TocDocumentFactory,createTocLink,3,1,0
eclipse.pde.ui-20120217-1437,org.eclipse.pde.internal.ua.core.toc.text,TocDocumentFactory,createTocTopic,3,1,1
eclipse.pde.ui-20120217-1437,org.eclipse.pde.internal.ua.core.toc.text,TocDocumentFactory,createTocLink,3,1,1
eclipse.pde.ui-20120217-1437,org.eclipse.pde.internal.ua.core.toc.text,TocDocumentFactory,createTocAnchor,3,1,0
eclipse.pde.ui-20120217-1437,org.eclipse.pde.internal.ua.core.toc.text,TocDocumentHandler,TocDocumentHandler,4,1,2
eclipse.pde.ui-20120217-1437,org.eclipse.pde.internal.ua.core.toc.text,TocDocumentHandler,getDocument,3,1,0
eclipse.pde.ui-20120217-1437,org.eclipse.pde.internal.ua.core.toc.text,TocDocumentHandler,getRootNode,3,1,0
eclipse.pde.ui-20120217-1437,org.eclipse.pde.internal.ua.core.toc.text,TocDocumentHandler,startDocument,4,1,0
eclipse.pde.ui-20120217-1437,org.eclipse.pde.internal.ua.core.toc.text,TocDocumentHandler,endDocument,7,2,0
eclipse.pde.ui-20120217-1437,org.eclipse.pde.internal.ua.core.toc.text,TocDocumentHandler,error,4,1,1
eclipse.pde.ui-20120217-1437,org.eclipse.pde.internal.ua.core.toc.text,TocDocumentHandler,fatalError,8,2,1
eclipse.pde.ui-20120217-1437,org.eclipse.pde.internal.ua.core.toc.text,TocLink,TocLink,3,1,1
eclipse.pde.ui-20120217-1437,org.eclipse.pde.internal.ua.core.toc.text,TocLink,TocLink,10,2,2
eclipse.pde.ui-20120217-1437,org.eclipse.pde.internal.ua.core.toc.text,TocLink,canBeParent,3,1,0
eclipse.pde.ui-20120217-1437,org.eclipse.pde.internal.ua.core.toc.text,TocLink,getType,3,1,0
eclipse.pde.ui-20120217-1437,org.eclipse.pde.internal.ua.core.toc.text,TocLink,getName,3,1,0
eclipse.pde.ui-20120217-1437,org.eclipse.pde.internal.ua.core.toc.text,TocLink,getPath,3,1,0
eclipse.pde.ui-20120217-1437,org.eclipse.pde.internal.ua.core.toc.text,TocLink,getFieldTocPath,3,1,0
eclipse.pde.ui-20120217-1437,org.eclipse.pde.internal.ua.core.toc.text,TocLink,setFieldTocPath,3,1,1
eclipse.pde.ui-20120217-1437,org.eclipse.pde.internal.ua.core.toc.text,TocMarkerManager,refreshMarkers,4,1,1
eclipse.pde.ui-20120217-1437,org.eclipse.pde.internal.ua.core.toc.text,TocMarkerManager,deleteMarkers,13,3,1
eclipse.pde.ui-20120217-1437,org.eclipse.pde.internal.ua.core.toc.text,TocMarkerManager,createMarkers,22,4,1
eclipse.pde.ui-20120217-1437,org.eclipse.pde.internal.ua.core.toc.text,TocModel,TocModel,6,1,2
eclipse.pde.ui-20120217-1437,org.eclipse.pde.internal.ua.core.toc.text,TocModel,createDocumentHandler,6,2,2
eclipse.pde.ui-20120217-1437,org.eclipse.pde.internal.ua.core.toc.text,TocModel,createNLResourceHelper,3,1,0
eclipse.pde.ui-20120217-1437,org.eclipse.pde.internal.ua.core.toc.text,TocModel,getFactory,3,1,0
eclipse.pde.ui-20120217-1437,org.eclipse.pde.internal.ua.core.toc.text,TocModel,getToc,6,2,0
eclipse.pde.ui-20120217-1437,org.eclipse.pde.internal.ua.core.toc.text,TocModel,getRoot,3,1,0
eclipse.pde.ui-20120217-1437,org.eclipse.pde.internal.ua.core.toc.text,TocModel,getDocumentHandler,3,1,0
eclipse.pde.ui-20120217-1437,org.eclipse.pde.internal.ua.core.toc.text,TocModel,addError,8,3,1
eclipse.pde.ui-20120217-1437,org.eclipse.pde.internal.ua.core.toc.text,TocModel,getErrors,3,1,0
eclipse.pde.ui-20120217-1437,org.eclipse.pde.internal.ua.core.toc.text,TocModel,purgeErrors,5,2,0
eclipse.pde.ui-20120217-1437,org.eclipse.pde.internal.ua.core.toc.text,TocModel,setMarkerRefreshNeeded,3,1,1
eclipse.pde.ui-20120217-1437,org.eclipse.pde.internal.ua.core.toc.text,TocModel,isMarkerRefreshNeeded,3,1,0
eclipse.pde.ui-20120217-1437,org.eclipse.pde.internal.ua.core.toc.text,TocObject,TocObject,3,1,2
eclipse.pde.ui-20120217-1437,org.eclipse.pde.internal.ua.core.toc.text,TocObject,getAttributeIndent,3,1,0
eclipse.pde.ui-20120217-1437,org.eclipse.pde.internal.ua.core.toc.text,TocObject,getChildren,12,4,0
eclipse.pde.ui-20120217-1437,org.eclipse.pde.internal.ua.core.toc.text,TocObject,isLeafNode,3,1,0
eclipse.pde.ui-20120217-1437,org.eclipse.pde.internal.ua.core.toc.text,TocObject,canBeParent,0,1,0
eclipse.pde.ui-20120217-1437,org.eclipse.pde.internal.ua.core.toc.text,TocObject,getModel,7,2,0
eclipse.pde.ui-20120217-1437,org.eclipse.pde.internal.ua.core.toc.text,TocObject,getToc,7,2,0
eclipse.pde.ui-20120217-1437,org.eclipse.pde.internal.ua.core.toc.text,TocObject,getName,0,1,0
eclipse.pde.ui-20120217-1437,org.eclipse.pde.internal.ua.core.toc.text,TocObject,getPath,0,1,0
eclipse.pde.ui-20120217-1437,org.eclipse.pde.internal.ua.core.toc.text,TocObject,getParent,4,1,0
eclipse.pde.ui-20120217-1437,org.eclipse.pde.internal.ua.core.toc.text,TocObject,descendsFrom,9,3,1
eclipse.pde.ui-20120217-1437,org.eclipse.pde.internal.ua.core.toc.text,TocObject,getType,0,1,0
eclipse.pde.ui-20120217-1437,org.eclipse.pde.internal.ua.core.toc.text,TocObject,getPreviousSibling,3,1,1
eclipse.pde.ui-20120217-1437,org.eclipse.pde.internal.ua.core.toc.text,TocObject,getNextSibling,3,1,1
eclipse.pde.ui-20120217-1437,org.eclipse.pde.internal.ua.core.toc.text,TocObject,canBeRemoved,13,4,0
eclipse.pde.ui-20120217-1437,org.eclipse.pde.internal.ua.core.toc.text,TocTopic,TocTopic,3,1,1
eclipse.pde.ui-20120217-1437,org.eclipse.pde.internal.ua.core.toc.text,TocTopic,TocTopic,3,1,2
eclipse.pde.ui-20120217-1437,org.eclipse.pde.internal.ua.core.toc.text,TocTopic,TocTopic,10,2,2
eclipse.pde.ui-20120217-1437,org.eclipse.pde.internal.ua.core.toc.text,TocTopic,canBeParent,3,1,0
eclipse.pde.ui-20120217-1437,org.eclipse.pde.internal.ua.core.toc.text,TocTopic,getName,3,1,0
eclipse.pde.ui-20120217-1437,org.eclipse.pde.internal.ua.core.toc.text,TocTopic,getPath,3,1,0
eclipse.pde.ui-20120217-1437,org.eclipse.pde.internal.ua.core.toc.text,TocTopic,getType,3,1,0
eclipse.pde.ui-20120217-1437,org.eclipse.pde.internal.ua.core.toc.text,TocTopic,isFirstChildObject,3,1,1
eclipse.pde.ui-20120217-1437,org.eclipse.pde.internal.ua.core.toc.text,TocTopic,isLastChildObject,3,1,1
eclipse.pde.ui-20120217-1437,org.eclipse.pde.internal.ua.core.toc.text,TocTopic,addChild,3,1,1
eclipse.pde.ui-20120217-1437,org.eclipse.pde.internal.ua.core.toc.text,TocTopic,addChild,7,2,3
eclipse.pde.ui-20120217-1437,org.eclipse.pde.internal.ua.core.toc.text,TocTopic,moveChild,3,1,2
eclipse.pde.ui-20120217-1437,org.eclipse.pde.internal.ua.core.toc.text,TocTopic,removeChild,3,1,1
eclipse.pde.ui-20120217-1437,org.eclipse.pde.internal.ua.core.toc.text,TocTopic,getFieldLabel,3,1,0
eclipse.pde.ui-20120217-1437,org.eclipse.pde.internal.ua.core.toc.text,TocTopic,setFieldLabel,3,1,1
eclipse.pde.ui-20120217-1437,org.eclipse.pde.internal.ua.core.toc.text,TocTopic,getFieldRef,3,1,0
eclipse.pde.ui-20120217-1437,org.eclipse.pde.internal.ua.core.toc.text,TocTopic,setFieldRef,3,1,1
eclipse.pde.ui-20120217-1437,org.eclipse.pde.internal.ua.tests,Activator,Activator,2,1,0
eclipse.pde.ui-20120217-1437,org.eclipse.pde.internal.ua.tests,Activator,start,4,1,1
eclipse.pde.ui-20120217-1437,org.eclipse.pde.internal.ua.tests,Activator,stop,4,1,1
eclipse.pde.ui-20120217-1437,org.eclipse.pde.internal.ua.tests,Activator,getDefault,3,1,0
eclipse.pde.ui-20120217-1437,org.eclipse.pde.internal.ua.tests,AllUATests,suite,7,1,0
eclipse.pde.ui-20120217-1437,org.eclipse.pde.internal.ua.tests.cheatsheet,AbstractCheatSheetModelTestCase,AbstractCheatSheetModelTestCase,2,1,0
eclipse.pde.ui-20120217-1437,org.eclipse.pde.internal.ua.tests.cheatsheet,AbstractCheatSheetModelTestCase,setUp,3,1,0
eclipse.pde.ui-20120217-1437,org.eclipse.pde.internal.ua.tests.cheatsheet,AbstractCheatSheetModelTestCase,load,3,1,0
eclipse.pde.ui-20120217-1437,org.eclipse.pde.internal.ua.tests.cheatsheet,AbstractCheatSheetModelTestCase,load,14,3,1
eclipse.pde.ui-20120217-1437,org.eclipse.pde.internal.ua.tests.cheatsheet,AbstractCheatSheetModelTestCase,setXMLContents,12,2,2
eclipse.pde.ui-20120217-1437,org.eclipse.pde.internal.ua.tests.cheatsheet,AbstractCheatSheetModelTestCase,reload,16,2,0
eclipse.pde.ui-20120217-1437,org.eclipse.pde.internal.ua.tests.cheatsheet,AllCheatSheetModelTests,suite,10,1,0
eclipse.pde.ui-20120217-1437,org.eclipse.pde.internal.ua.tests.cheatsheet,CheatSheetModelTestCase,createAction,8,1,0
eclipse.pde.ui-20120217-1437,org.eclipse.pde.internal.ua.tests.cheatsheet,CheatSheetModelTestCase,createPerformWhen,5,1,0
eclipse.pde.ui-20120217-1437,org.eclipse.pde.internal.ua.tests.cheatsheet,CheatSheetModelTestCase,createCommand,6,1,0
eclipse.pde.ui-20120217-1437,org.eclipse.pde.internal.ua.tests.cheatsheet,CheatSheetModelTestCase,createComplexCSItem,13,1,0
eclipse.pde.ui-20120217-1437,org.eclipse.pde.internal.ua.tests.cheatsheet,CheatSheetModelTestCase,createConditionalSubitem,5,1,0
eclipse.pde.ui-20120217-1437,org.eclipse.pde.internal.ua.tests.cheatsheet,CheatSheetModelTestCase,createSimpleCSItem,8,2,1
eclipse.pde.ui-20120217-1437,org.eclipse.pde.internal.ua.tests.cheatsheet,CheatSheetModelTestCase,createSubItem,7,1,0
eclipse.pde.ui-20120217-1437,org.eclipse.pde.internal.ua.tests.cheatsheet,CheatSheetModelTestCase,createRepeatedSubItem,5,1,0
eclipse.pde.ui-20120217-1437,org.eclipse.pde.internal.ua.tests.cheatsheet,CheatSheetModelTestCase,createSimpleCSItem,7,1,2
eclipse.pde.ui-20120217-1437,org.eclipse.pde.internal.ua.tests.cheatsheet,CheatSheetModelTestCase,createComplexCSItem,17,1,2
eclipse.pde.ui-20120217-1437,org.eclipse.pde.internal.ua.tests.cheatsheet,CheatSheetModelTestCase,createAction,10,1,1
eclipse.pde.ui-20120217-1437,org.eclipse.pde.internal.ua.tests.cheatsheet,CheatSheetModelTestCase,createPerformWhen,9,1,2
eclipse.pde.ui-20120217-1437,org.eclipse.pde.internal.ua.tests.cheatsheet,CheatSheetModelTestCase,createCommand,8,1,1
eclipse.pde.ui-20120217-1437,org.eclipse.pde.internal.ua.tests.cheatsheet,CheatSheetModelTestCase,createSubItem,11,1,2
eclipse.pde.ui-20120217-1437,org.eclipse.pde.internal.ua.tests.cheatsheet,CheatSheetModelTestCase,createRepeatedSubItem,9,1,2
eclipse.pde.ui-20120217-1437,org.eclipse.pde.internal.ua.tests.cheatsheet,CheatSheetModelTestCase,createConditionalSubItem,9,1,2
eclipse.pde.ui-20120217-1437,org.eclipse.pde.internal.ua.tests.cheatsheet,CheatSheetModelTestCase,validateComplexCSItem,15,1,1
eclipse.pde.ui-20120217-1437,org.eclipse.pde.internal.ua.tests.cheatsheet,CheatSheetModelTestCase,validateSubItem,9,1,1
eclipse.pde.ui-20120217-1437,org.eclipse.pde.internal.ua.tests.cheatsheet,CheatSheetModelTestCase,validateRepeatedSubItem,5,1,1
eclipse.pde.ui-20120217-1437,org.eclipse.pde.internal.ua.tests.cheatsheet,CheatSheetModelTestCase,validateConditionalSubItem,5,1,1
eclipse.pde.ui-20120217-1437,org.eclipse.pde.internal.ua.tests.cheatsheet,CheatSheetModelTestCase,validateSubItemsCount,7,1,2
eclipse.pde.ui-20120217-1437,org.eclipse.pde.internal.ua.tests.cheatsheet,CheatSheetModelTestCase,validateItemsCount,6,1,2
eclipse.pde.ui-20120217-1437,org.eclipse.pde.internal.ua.tests.cheatsheet,CheatSheetModelTestCase,validateAction,16,1,1
eclipse.pde.ui-20120217-1437,org.eclipse.pde.internal.ua.tests.cheatsheet,CheatSheetModelTestCase,validateCommand,7,1,1
eclipse.pde.ui-20120217-1437,org.eclipse.pde.internal.ua.tests.cheatsheet,CheatSheetModelTestCase,validatePerformWhen,6,1,1
eclipse.pde.ui-20120217-1437,org.eclipse.pde.internal.ua.tests.cheatsheet,SimpleCSIntroTestCase,testReadSimpleCSIntro,27,1,0
eclipse.pde.ui-20120217-1437,org.eclipse.pde.internal.ua.tests.cheatsheet,SimpleCSIntroTestCase,testSetModelAttributes,12,1,0
eclipse.pde.ui-20120217-1437,org.eclipse.pde.internal.ua.tests.cheatsheet,SimpleCSIntroTestCase,testSetIntroDescription,11,1,0
eclipse.pde.ui-20120217-1437,org.eclipse.pde.internal.ua.tests.cheatsheet,SimpleCSIntroTestCase,testAddSimpleCSItem,23,1,0
eclipse.pde.ui-20120217-1437,org.eclipse.pde.internal.ua.tests.cheatsheet,SimpleCSIntroTestCase,testAddSimpleCSItem2,13,1,0
eclipse.pde.ui-20120217-1437,org.eclipse.pde.internal.ua.tests.cheatsheet,SimpleCSIntroTestCase,testRemoveSimpleCSItem,11,1,0
eclipse.pde.ui-20120217-1437,org.eclipse.pde.internal.ua.tests.cheatsheet,SimpleCSIntroTestCase,testRemoveSimpleCSItem2,18,1,0
eclipse.pde.ui-20120217-1437,org.eclipse.pde.internal.ua.tests.cheatsheet,SimpleCSIntroTestCase,testMoveSimpleCSItem,32,1,0
eclipse.pde.ui-20120217-1437,org.eclipse.pde.internal.ua.tests.cheatsheet,SimpleCSIntroTestCase,testSingleQuoteAttributes,17,1,0
eclipse.pde.ui-20120217-1437,org.eclipse.pde.internal.ua.tests.cheatsheet,SimpleCSItemAPITestCase,setUp,5,1,0
eclipse.pde.ui-20120217-1437,org.eclipse.pde.internal.ua.tests.cheatsheet,SimpleCSItemAPITestCase,testSimpleCSItemTestCase,3,1,0
eclipse.pde.ui-20120217-1437,org.eclipse.pde.internal.ua.tests.cheatsheet,SimpleCSItemAPITestCase,testSimpleCSItemTestCaseSpace,3,1,0
eclipse.pde.ui-20120217-1437,org.eclipse.pde.internal.ua.tests.cheatsheet,SimpleCSItemAPITestCase,testSimpleCSItemTestCaseCR,3,1,0
eclipse.pde.ui-20120217-1437,org.eclipse.pde.internal.ua.tests.cheatsheet,SimpleCSItemAPITestCase,testSimpleCSItemTestCaseLF,3,1,0
eclipse.pde.ui-20120217-1437,org.eclipse.pde.internal.ua.tests.cheatsheet,SimpleCSItemAPITestCase,testSimpleCSItemTestCaseCRLF,3,1,0
eclipse.pde.ui-20120217-1437,org.eclipse.pde.internal.ua.tests.cheatsheet,SimpleCSItemAPITestCase,simpleCSItemTestCase,7,1,1
eclipse.pde.ui-20120217-1437,org.eclipse.pde.internal.ua.tests.cheatsheet,SimpleCSItemAPITestCase,testItemActionTestCase,9,1,0
eclipse.pde.ui-20120217-1437,org.eclipse.pde.internal.ua.tests.cheatsheet,SimpleCSItemAPITestCase,testItemCommandTestCase,9,1,0
eclipse.pde.ui-20120217-1437,org.eclipse.pde.internal.ua.tests.cheatsheet,SimpleCSItemAPITestCase,testItemPerformWhenTestCase,9,1,0
eclipse.pde.ui-20120217-1437,org.eclipse.pde.internal.ua.tests.cheatsheet,SimpleCSItemAPITestCase,process,5,1,2
eclipse.pde.ui-20120217-1437,org.eclipse.pde.internal.ua.tests.cheatsheet,SimpleCSItemTestCase,testSimpleCSItemTestCase,3,1,0
eclipse.pde.ui-20120217-1437,org.eclipse.pde.internal.ua.tests.cheatsheet,SimpleCSItemTestCase,testSimpleCSItemTestCaseSpace,3,1,0
eclipse.pde.ui-20120217-1437,org.eclipse.pde.internal.ua.tests.cheatsheet,SimpleCSItemTestCase,testSimpleCSItemTestCaseCR,3,1,0
eclipse.pde.ui-20120217-1437,org.eclipse.pde.internal.ua.tests.cheatsheet,SimpleCSItemTestCase,testSimpleCSItemTestCaseLF,3,1,0
eclipse.pde.ui-20120217-1437,org.eclipse.pde.internal.ua.tests.cheatsheet,SimpleCSItemTestCase,testSimpleCSItemTestCaseCRLF,3,1,0
eclipse.pde.ui-20120217-1437,org.eclipse.pde.internal.ua.tests.cheatsheet,SimpleCSItemTestCase,simpleCSItemTestCase,7,1,1
eclipse.pde.ui-20120217-1437,org.eclipse.pde.internal.ua.tests.cheatsheet,SimpleCSItemTestCase,testItemActionTestCase,9,1,0
eclipse.pde.ui-20120217-1437,org.eclipse.pde.internal.ua.tests.cheatsheet,SimpleCSItemTestCase,testItemCommandTestCase,9,1,0
eclipse.pde.ui-20120217-1437,org.eclipse.pde.internal.ua.tests.cheatsheet,SimpleCSItemTestCase,testItemPerformWhenTestCase,9,1,0
eclipse.pde.ui-20120217-1437,org.eclipse.pde.internal.ua.tests.cheatsheet,SimpleCSItemTestCase,process,5,1,2
eclipse.pde.ui-20120217-1437,org.eclipse.pde.internal.ua.tests.cheatsheet,SimpleCSSSpellCheckTestCase,setUp,9,2,0
eclipse.pde.ui-20120217-1437,org.eclipse.pde.internal.ua.tests.cheatsheet,SimpleCSSSpellCheckTestCase,testSpellingErrorInDoubleQuotedStringTestCase,19,1,0
eclipse.pde.ui-20120217-1437,org.eclipse.pde.internal.ua.tests.cheatsheet,SimpleCSSSpellCheckTestCase,testSpellingErrorInSingleQuotedStringTestCase,19,1,0
eclipse.pde.ui-20120217-1437,org.eclipse.pde.internal.ua.tests.cheatsheet,SimpleCSSSpellCheckTestCase,testSpellingErrorInDoubleQuotedStringWithSingleQuotesTestCase,19,1,0
eclipse.pde.ui-20120217-1437,org.eclipse.pde.internal.ua.tests.cheatsheet,SimpleCSSSpellCheckTestCase,testSpellingErrorInDoubleQuotedStringWithDoubleQuotesTestCase,19,1,0
eclipse.pde.ui-20120217-1437,org.eclipse.pde.internal.ua.tests.cheatsheet,SimpleCSSSpellCheckTestCase,validateAnnotations,34,4,4
eclipse.pde.ui-20120217-1437,org.eclipse.pde.internal.ua.tests.cheatsheet,SimpleCSSSpellCheckTestCase,testNoSpellingAnnotationForXMLTag,19,1,0
eclipse.pde.ui-20120217-1437,org.eclipse.pde.internal.ua.tests.cheatsheet,SimpleCSSSpellCheckTestCase,testMultipleSpellingErrorsTestCase,19,1,0
eclipse.pde.ui-20120217-1437,org.eclipse.pde.internal.ua.tests.cheatsheet,SimpleCSSSpellCheckTestCase,testZeroSpellingErrorsTestCase,19,1,0
eclipse.pde.ui-20120217-1437,org.eclipse.pde.internal.ua.tests.cheatsheet,SimpleCSSSpellCheckTestCase,testSpellingErrorsInXMLCommentTestCase,21,1,0
eclipse.pde.ui-20120217-1437,org.eclipse.pde.internal.ua.tests.cheatsheet,SimpleCSSSpellCheckTestCase,testSpellingErrorsInMultiLineXMLCommentTestCase,23,1,0
eclipse.pde.ui-20120217-1437,org.eclipse.pde.internal.ua.tests.cheatsheet,SimpleCSSSpellCheckTestCase,testSingleQuoteInXMLCommentTestCase,21,1,0
eclipse.pde.ui-20120217-1437,org.eclipse.pde.internal.ua.tests.cheatsheet,SimpleCSSSpellCheckTestCase,testDoubleQuoteInXMLCommentTestCase,21,1,0
eclipse.pde.ui-20120217-1437,org.eclipse.pde.internal.ua.tests.cheatsheet,SimpleCSSSpellCheckTestCase,createAndOpenFile,29,2,2
eclipse.pde.ui-20120217-1437,org.eclipse.pde.internal.ua.tests.cheatsheet,SimpleCSSSpellCheckTestCase,append,3,1,2
eclipse.pde.ui-20120217-1437,org.eclipse.pde.internal.ua.tests.cheatsheet,SimpleCSSubItemAPITestCase,setUp,5,1,0
eclipse.pde.ui-20120217-1437,org.eclipse.pde.internal.ua.tests.cheatsheet,SimpleCSSubItemAPITestCase,testSimpleSubItemTestCase,3,1,0
eclipse.pde.ui-20120217-1437,org.eclipse.pde.internal.ua.tests.cheatsheet,SimpleCSSubItemAPITestCase,testSimpleSubItemCommandTestCase,3,1,0
eclipse.pde.ui-20120217-1437,org.eclipse.pde.internal.ua.tests.cheatsheet,SimpleCSSubItemAPITestCase,testSimpleSubItemActionTestCase,3,1,0
eclipse.pde.ui-20120217-1437,org.eclipse.pde.internal.ua.tests.cheatsheet,SimpleCSSubItemAPITestCase,testSimpleRepeatedSubItemTestCase,3,1,0
eclipse.pde.ui-20120217-1437,org.eclipse.pde.internal.ua.tests.cheatsheet,SimpleCSSubItemAPITestCase,testSimpleConditionalSubItemTestCase,3,1,0
eclipse.pde.ui-20120217-1437,org.eclipse.pde.internal.ua.tests.cheatsheet,SimpleCSSubItemAPITestCase,testSimpleSubItemTestCase3,3,1,0
eclipse.pde.ui-20120217-1437,org.eclipse.pde.internal.ua.tests.cheatsheet,SimpleCSSubItemAPITestCase,testSimpleSubItemCommandTestCase3,3,1,0
eclipse.pde.ui-20120217-1437,org.eclipse.pde.internal.ua.tests.cheatsheet,SimpleCSSubItemAPITestCase,testSimpleSubItemActionTestCase3,3,1,0
eclipse.pde.ui-20120217-1437,org.eclipse.pde.internal.ua.tests.cheatsheet,SimpleCSSubItemAPITestCase,testSimpleRepeatedSubItemTestCase3,3,1,0
eclipse.pde.ui-20120217-1437,org.eclipse.pde.internal.ua.tests.cheatsheet,SimpleCSSubItemAPITestCase,testSimpleConditionalSubItemTestCase3,3,1,0
eclipse.pde.ui-20120217-1437,org.eclipse.pde.internal.ua.tests.cheatsheet,SimpleCSSubItemAPITestCase,simpleSubItemTestCase,13,3,2
eclipse.pde.ui-20120217-1437,org.eclipse.pde.internal.ua.tests.cheatsheet,SimpleCSSubItemAPITestCase,simpleSubItemCommandTestCase,15,3,2
eclipse.pde.ui-20120217-1437,org.eclipse.pde.internal.ua.tests.cheatsheet,SimpleCSSubItemAPITestCase,simpleSubItemActionTestCase,15,3,2
eclipse.pde.ui-20120217-1437,org.eclipse.pde.internal.ua.tests.cheatsheet,SimpleCSSubItemAPITestCase,simpleRepeatedSubItemTestCase,11,3,2
eclipse.pde.ui-20120217-1437,org.eclipse.pde.internal.ua.tests.cheatsheet,SimpleCSSubItemAPITestCase,simpleConditionalSubItemTestCase,11,3,2
eclipse.pde.ui-20120217-1437,org.eclipse.pde.internal.ua.tests.cheatsheet,SimpleCSSubItemAPITestCase,process,8,1,2
eclipse.pde.ui-20120217-1437,org.eclipse.pde.internal.ua.tests.cheatsheet,SimpleCSSubItemTestCase,testSimpleSubItemTestCase,3,1,0
eclipse.pde.ui-20120217-1437,org.eclipse.pde.internal.ua.tests.cheatsheet,SimpleCSSubItemTestCase,testSimpleSubItemCommandTestCase,3,1,0
eclipse.pde.ui-20120217-1437,org.eclipse.pde.internal.ua.tests.cheatsheet,SimpleCSSubItemTestCase,testSimpleSubItemActionTestCase,3,1,0
eclipse.pde.ui-20120217-1437,org.eclipse.pde.internal.ua.tests.cheatsheet,SimpleCSSubItemTestCase,testSimpleRepeatedSubItemTestCase,3,1,0
eclipse.pde.ui-20120217-1437,org.eclipse.pde.internal.ua.tests.cheatsheet,SimpleCSSubItemTestCase,testSimpleConditionalSubItemTestCase,3,1,0
eclipse.pde.ui-20120217-1437,org.eclipse.pde.internal.ua.tests.cheatsheet,SimpleCSSubItemTestCase,testSimpleSubItemTestCase3,3,1,0
eclipse.pde.ui-20120217-1437,org.eclipse.pde.internal.ua.tests.cheatsheet,SimpleCSSubItemTestCase,testSimpleSubItemCommandTestCase3,3,1,0
eclipse.pde.ui-20120217-1437,org.eclipse.pde.internal.ua.tests.cheatsheet,SimpleCSSubItemTestCase,testSimpleSubItemActionTestCase3,3,1,0
eclipse.pde.ui-20120217-1437,org.eclipse.pde.internal.ua.tests.cheatsheet,SimpleCSSubItemTestCase,testSimpleRepeatedSubItemTestCase3,3,1,0
eclipse.pde.ui-20120217-1437,org.eclipse.pde.internal.ua.tests.cheatsheet,SimpleCSSubItemTestCase,testSimpleConditionalSubItemTestCase3,3,1,0
eclipse.pde.ui-20120217-1437,org.eclipse.pde.internal.ua.tests.cheatsheet,SimpleCSSubItemTestCase,simpleSubItemTestCase,13,3,2
eclipse.pde.ui-20120217-1437,org.eclipse.pde.internal.ua.tests.cheatsheet,SimpleCSSubItemTestCase,simpleSubItemCommandTestCase,15,3,2
eclipse.pde.ui-20120217-1437,org.eclipse.pde.internal.ua.tests.cheatsheet,SimpleCSSubItemTestCase,simpleSubItemActionTestCase,15,3,2
eclipse.pde.ui-20120217-1437,org.eclipse.pde.internal.ua.tests.cheatsheet,SimpleCSSubItemTestCase,simpleRepeatedSubItemTestCase,11,3,2
eclipse.pde.ui-20120217-1437,org.eclipse.pde.internal.ua.tests.cheatsheet,SimpleCSSubItemTestCase,simpleConditionalSubItemTestCase,11,3,2
eclipse.pde.ui-20120217-1437,org.eclipse.pde.internal.ua.tests.cheatsheet,SimpleCSSubItemTestCase,process,8,1,2
eclipse.pde.ui-20120217-1437,org.eclipse.pde.internal.ua.tests.ctxhelp,AllCtxHelpModelTests,suite,4,1,0
eclipse.pde.ui-20120217-1437,org.eclipse.pde.internal.ua.tests.toc,AllTocModelTests,suite,4,1,0
eclipse.pde.ui-20120217-1437,org.eclipse.pde.internal.ua.ui,PDEUserAssistanceLabelProvider,PDEUserAssistanceLabelProvider,2,1,0
eclipse.pde.ui-20120217-1437,org.eclipse.pde.internal.ua.ui,PDEUserAssistanceLabelProvider,getText,15,5,1
eclipse.pde.ui-20120217-1437,org.eclipse.pde.internal.ua.ui,PDEUserAssistanceLabelProvider,getObjectText,16,5,1
eclipse.pde.ui-20120217-1437,org.eclipse.pde.internal.ua.ui,PDEUserAssistanceLabelProvider,getObjectText,9,2,1
eclipse.pde.ui-20120217-1437,org.eclipse.pde.internal.ua.ui,PDEUserAssistanceLabelProvider,getObjectText,3,1,1
eclipse.pde.ui-20120217-1437,org.eclipse.pde.internal.ua.ui,PDEUserAssistanceLabelProvider,getObjectText,3,1,1
eclipse.pde.ui-20120217-1437,org.eclipse.pde.internal.ua.ui,PDEUserAssistanceLabelProvider,getImage,15,5,1
eclipse.pde.ui-20120217-1437,org.eclipse.pde.internal.ua.ui,PDEUserAssistanceLabelProvider,getObjectImage,24,8,1
eclipse.pde.ui-20120217-1437,org.eclipse.pde.internal.ua.ui,PDEUserAssistanceLabelProvider,getObjectImage,12,4,1
eclipse.pde.ui-20120217-1437,org.eclipse.pde.internal.ua.ui,PDEUserAssistanceLabelProvider,getObjectImage,25,6,1
eclipse.pde.ui-20120217-1437,org.eclipse.pde.internal.ua.ui,PDEUserAssistanceLabelProvider,getObjectImage,26,6,1
eclipse.pde.ui-20120217-1437,org.eclipse.pde.internal.ua.ui,PDEUserAssistanceUIPlugin,PDEUserAssistanceUIPlugin,2,1,0
eclipse.pde.ui-20120217-1437,org.eclipse.pde.internal.ua.ui,PDEUserAssistanceUIPlugin,start,4,1,1
eclipse.pde.ui-20120217-1437,org.eclipse.pde.internal.ua.ui,PDEUserAssistanceUIPlugin,stop,4,1,1
eclipse.pde.ui-20120217-1437,org.eclipse.pde.internal.ua.ui,PDEUserAssistanceUIPlugin,getDefault,3,1,0
eclipse.pde.ui-20120217-1437,org.eclipse.pde.internal.ua.ui,PDEUserAssistanceUIPlugin,getActiveWorkbenchShell,7,2,0
eclipse.pde.ui-20120217-1437,org.eclipse.pde.internal.ua.ui,PDEUserAssistanceUIPlugin,getActiveWorkbenchWindow,3,1,0
eclipse.pde.ui-20120217-1437,org.eclipse.pde.internal.ua.ui,PDEUserAssistanceUIPlugin,logException,21,5,3
eclipse.pde.ui-20120217-1437,org.eclipse.pde.internal.ua.ui,PDEUserAssistanceUIPlugin,run,3,1,0
eclipse.pde.ui-20120217-1437,org.eclipse.pde.internal.ua.ui,PDEUserAssistanceUIPlugin,logException,3,1,1
eclipse.pde.ui-20120217-1437,org.eclipse.pde.internal.ua.ui,PDEUserAssistanceUIPlugin,getActivePage,3,1,0
eclipse.pde.ui-20120217-1437,org.eclipse.pde.internal.ua.ui,PDEUserAssistanceUIPlugin,getLabelProvider,4,2,0
eclipse.pde.ui-20120217-1437,org.eclipse.pde.internal.ua.ui,PDEUserAssistanceUIPluginImages,create,3,1,2
eclipse.pde.ui-20120217-1437,org.eclipse.pde.internal.ua.ui,PDEUserAssistanceUIPluginImages,get,4,2,1
eclipse.pde.ui-20120217-1437,org.eclipse.pde.internal.ua.ui,PDEUserAssistanceUIPluginImages,initialize,3,1,0
eclipse.pde.ui-20120217-1437,org.eclipse.pde.internal.ua.ui,PDEUserAssistanceUIPluginImages,makeImageURL,4,1,2
eclipse.pde.ui-20120217-1437,org.eclipse.pde.internal.ua.ui,PDEUserAssistanceUIPluginImages,manage,5,1,2
eclipse.pde.ui-20120217-1437,org.eclipse.pde.internal.ua.ui.editor.cheatsheet,CSAbstractDetails,CSAbstractDetails,4,1,2
eclipse.pde.ui-20120217-1437,org.eclipse.pde.internal.ua.ui.editor.cheatsheet,CSAbstractDetails,createContents,5,1,1
eclipse.pde.ui-20120217-1437,org.eclipse.pde.internal.ua.ui.editor.cheatsheet,CSAbstractDetails,configureParentLayout,3,1,1
eclipse.pde.ui-20120217-1437,org.eclipse.pde.internal.ua.ui.editor.cheatsheet,CSAbstractDetails,createDetails,0,1,1
eclipse.pde.ui-20120217-1437,org.eclipse.pde.internal.ua.ui.editor.cheatsheet,CSAbstractDetails,updateFields,0,1,0
eclipse.pde.ui-20120217-1437,org.eclipse.pde.internal.ua.ui.editor.cheatsheet,CSAbstractDetails,hookListeners,0,1,0
eclipse.pde.ui-20120217-1437,org.eclipse.pde.internal.ua.ui.editor.cheatsheet,CSAbstractDetails,selectionChanged,2,1,2
eclipse.pde.ui-20120217-1437,org.eclipse.pde.internal.ua.ui.editor.cheatsheet,CSAbstractDetails,fireSaveNeeded,4,1,0
eclipse.pde.ui-20120217-1437,org.eclipse.pde.internal.ua.ui.editor.cheatsheet,CSAbstractDetails,getContextId,3,1,0
eclipse.pde.ui-20120217-1437,org.eclipse.pde.internal.ua.ui.editor.cheatsheet,CSAbstractDetails,getPage,3,1,0
eclipse.pde.ui-20120217-1437,org.eclipse.pde.internal.ua.ui.editor.cheatsheet,CSAbstractDetails,isEditable,3,1,0
eclipse.pde.ui-20120217-1437,org.eclipse.pde.internal.ua.ui.editor.cheatsheet,CSAbstractDetails,modelChanged,2,1,1
eclipse.pde.ui-20120217-1437,org.eclipse.pde.internal.ua.ui.editor.cheatsheet,CSAbstractDetails,isEditableElement,3,1,0
eclipse.pde.ui-20120217-1437,org.eclipse.pde.internal.ua.ui.editor.cheatsheet,CSAbstractDetails,getToolkit,3,1,0
eclipse.pde.ui-20120217-1437,org.eclipse.pde.internal.ua.ui.editor.cheatsheet,CSAbstractDetails,getMasterSection,3,1,0
eclipse.pde.ui-20120217-1437,org.eclipse.pde.internal.ua.ui.editor.cheatsheet,CSAbstractDetails,getFirstSelectedObject,7,2,1
eclipse.pde.ui-20120217-1437,org.eclipse.pde.internal.ua.ui.editor.cheatsheet,CSAbstractEditor,contributeToToolbar,3,2,1
eclipse.pde.ui-20120217-1437,org.eclipse.pde.internal.ua.ui.editor.cheatsheet,CSAbstractEditor,createUIControlConRegisterCS,10,1,0
eclipse.pde.ui-20120217-1437,org.eclipse.pde.internal.ua.ui.editor.cheatsheet,CSAbstractEditor,createControl,5,1,1
eclipse.pde.ui-20120217-1437,org.eclipse.pde.internal.ua.ui.editor.cheatsheet,CSAbstractEditor,createUIImageHyperlinkRegisterCS,6,1,1
eclipse.pde.ui-20120217-1437,org.eclipse.pde.internal.ua.ui.editor.cheatsheet,CSAbstractEditor,createUIListenerImageHyperlinkRegisterCS,14,1,0
eclipse.pde.ui-20120217-1437,org.eclipse.pde.internal.ua.ui.editor.cheatsheet,CSAbstractEditor,linkActivated,3,1,1
eclipse.pde.ui-20120217-1437,org.eclipse.pde.internal.ua.ui.editor.cheatsheet,CSAbstractEditor,linkEntered,3,1,1
eclipse.pde.ui-20120217-1437,org.eclipse.pde.internal.ua.ui.editor.cheatsheet,CSAbstractEditor,linkExited,3,1,1
eclipse.pde.ui-20120217-1437,org.eclipse.pde.internal.ua.ui.editor.cheatsheet,CSAbstractEditor,handleLinkEnteredRegisterCS,4,1,1
eclipse.pde.ui-20120217-1437,org.eclipse.pde.internal.ua.ui.editor.cheatsheet,CSAbstractEditor,handleLinkExitedRegisterCS,4,1,0
eclipse.pde.ui-20120217-1437,org.eclipse.pde.internal.ua.ui.editor.cheatsheet,CSAbstractEditor,handleLinkActivatedRegisterCS,9,2,0
eclipse.pde.ui-20120217-1437,org.eclipse.pde.internal.ua.ui.editor.cheatsheet,CSAbstractSubDetails,CSAbstractSubDetails,3,1,2
eclipse.pde.ui-20120217-1437,org.eclipse.pde.internal.ua.ui.editor.cheatsheet,CSAbstractSubDetails,createContents,2,1,1
eclipse.pde.ui-20120217-1437,org.eclipse.pde.internal.ua.ui.editor.cheatsheet,ICSDetails,createDetails,0,1,1
eclipse.pde.ui-20120217-1437,org.eclipse.pde.internal.ua.ui.editor.cheatsheet,ICSDetails,updateFields,0,1,0
eclipse.pde.ui-20120217-1437,org.eclipse.pde.internal.ua.ui.editor.cheatsheet,ICSDetails,hookListeners,0,1,0
eclipse.pde.ui-20120217-1437,org.eclipse.pde.internal.ua.ui.editor.cheatsheet,ICSMaster,updateButtons,0,1,0
eclipse.pde.ui-20120217-1437,org.eclipse.pde.internal.ua.ui.editor.cheatsheet,ICSMaster,isEditable,0,1,0
eclipse.pde.ui-20120217-1437,org.eclipse.pde.internal.ua.ui.editor.cheatsheet,ICSMaster,fireSelection,0,1,0
eclipse.pde.ui-20120217-1437,org.eclipse.pde.internal.ua.ui.editor.cheatsheet,ICSMaster,getSection,0,1,0
eclipse.pde.ui-20120217-1437,org.eclipse.pde.internal.ua.ui.editor.cheatsheet,ICSMaster,setFormInput,0,1,1
eclipse.pde.ui-20120217-1437,org.eclipse.pde.internal.ua.ui.editor.cheatsheet,Messages,Messages,2,1,0
eclipse.pde.ui-20120217-1437,org.eclipse.pde.internal.ua.ui.editor.cheatsheet.comp,CompCSBlock,CompCSBlock,3,1,1
eclipse.pde.ui-20120217-1437,org.eclipse.pde.internal.ua.ui.editor.cheatsheet.comp,CompCSBlock,createMasterSection,4,1,2
eclipse.pde.ui-20120217-1437,org.eclipse.pde.internal.ua.ui.editor.cheatsheet.comp,CompCSBlock,registerPages,10,1,1
eclipse.pde.ui-20120217-1437,org.eclipse.pde.internal.ua.ui.editor.cheatsheet.comp,CompCSBlock,getPageKey,12,4,1
eclipse.pde.ui-20120217-1437,org.eclipse.pde.internal.ua.ui.editor.cheatsheet.comp,CompCSBlock,getPage,3,1,1
eclipse.pde.ui-20120217-1437,org.eclipse.pde.internal.ua.ui.editor.cheatsheet.comp,CompCSBlock,modelChanged,5,2,1
eclipse.pde.ui-20120217-1437,org.eclipse.pde.internal.ua.ui.editor.cheatsheet.comp,CompCSBlock,getMastersSection,3,1,0
eclipse.pde.ui-20120217-1437,org.eclipse.pde.internal.ua.ui.editor.cheatsheet.comp,CompCSBlock,getSelection,6,2,0
eclipse.pde.ui-20120217-1437,org.eclipse.pde.internal.ua.ui.editor.cheatsheet.comp,CompCSContentProvider,CompCSContentProvider,2,1,0
eclipse.pde.ui-20120217-1437,org.eclipse.pde.internal.ua.ui.editor.cheatsheet.comp,CompCSContentProvider,getChildren,12,4,1
eclipse.pde.ui-20120217-1437,org.eclipse.pde.internal.ua.ui.editor.cheatsheet.comp,CompCSContentProvider,getParent,6,2,1
eclipse.pde.ui-20120217-1437,org.eclipse.pde.internal.ua.ui.editor.cheatsheet.comp,CompCSContentProvider,hasChildren,3,1,1
eclipse.pde.ui-20120217-1437,org.eclipse.pde.internal.ua.ui.editor.cheatsheet.comp,CompCSContentProvider,getElements,3,1,1
eclipse.pde.ui-20120217-1437,org.eclipse.pde.internal.ua.ui.editor.cheatsheet.comp,CompCSContentProvider,dispose,2,1,0
eclipse.pde.ui-20120217-1437,org.eclipse.pde.internal.ua.ui.editor.cheatsheet.comp,CompCSContentProvider,inputChanged,2,1,3
eclipse.pde.ui-20120217-1437,org.eclipse.pde.internal.ua.ui.editor.cheatsheet.comp,CompCSEditor,CompCSEditor,3,1,0
eclipse.pde.ui-20120217-1437,org.eclipse.pde.internal.ua.ui.editor.cheatsheet.comp,CompCSEditor,getEditorID,3,1,0
eclipse.pde.ui-20120217-1437,org.eclipse.pde.internal.ua.ui.editor.cheatsheet.comp,CompCSEditor,isSaveAsAllowed,3,1,0
eclipse.pde.ui-20120217-1437,org.eclipse.pde.internal.ua.ui.editor.cheatsheet.comp,CompCSEditor,getContextIDForSaveAs,3,1,0
eclipse.pde.ui-20120217-1437,org.eclipse.pde.internal.ua.ui.editor.cheatsheet.comp,CompCSEditor,addEditorPages,8,1,0
eclipse.pde.ui-20120217-1437,org.eclipse.pde.internal.ua.ui.editor.cheatsheet.comp,CompCSEditor,createContentOutline,3,1,0
eclipse.pde.ui-20120217-1437,org.eclipse.pde.internal.ua.ui.editor.cheatsheet.comp,CompCSEditor,createInputContextManager,3,1,0
eclipse.pde.ui-20120217-1437,org.eclipse.pde.internal.ua.ui.editor.cheatsheet.comp,CompCSEditor,createResourceContexts,4,1,2
eclipse.pde.ui-20120217-1437,org.eclipse.pde.internal.ua.ui.editor.cheatsheet.comp,CompCSEditor,createStorageContexts,3,1,2
eclipse.pde.ui-20120217-1437,org.eclipse.pde.internal.ua.ui.editor.cheatsheet.comp,CompCSEditor,createSystemFileContexts,10,1,2
eclipse.pde.ui-20120217-1437,org.eclipse.pde.internal.ua.ui.editor.cheatsheet.comp,CompCSEditor,editorContextAdded,2,1,1
eclipse.pde.ui-20120217-1437,org.eclipse.pde.internal.ua.ui.editor.cheatsheet.comp,CompCSEditor,getInputContext,3,1,1
eclipse.pde.ui-20120217-1437,org.eclipse.pde.internal.ua.ui.editor.cheatsheet.comp,CompCSEditor,contextRemoved,3,1,1
eclipse.pde.ui-20120217-1437,org.eclipse.pde.internal.ua.ui.editor.cheatsheet.comp,CompCSEditor,monitoredFileAdded,2,1,1
eclipse.pde.ui-20120217-1437,org.eclipse.pde.internal.ua.ui.editor.cheatsheet.comp,CompCSEditor,monitoredFileRemoved,3,1,1
eclipse.pde.ui-20120217-1437,org.eclipse.pde.internal.ua.ui.editor.cheatsheet.comp,CompCSEditor,getSelection,7,2,0
eclipse.pde.ui-20120217-1437,org.eclipse.pde.internal.ua.ui.editor.cheatsheet.comp,CompCSEditorContributor,CompCSEditorContributor,3,1,0
eclipse.pde.ui-20120217-1437,org.eclipse.pde.internal.ua.ui.editor.cheatsheet.comp,CompCSFileValidator,CompCSFileValidator,2,1,0
eclipse.pde.ui-20120217-1437,org.eclipse.pde.internal.ua.ui.editor.cheatsheet.comp,CompCSFileValidator,validate,13,4,1
eclipse.pde.ui-20120217-1437,org.eclipse.pde.internal.ua.ui.editor.cheatsheet.comp,CompCSFileValidator,isSimpleCSFile,11,1,1
eclipse.pde.ui-20120217-1437,org.eclipse.pde.internal.ua.ui.editor.cheatsheet.comp,CompCSFileValidator,errorStatus,3,1,1
eclipse.pde.ui-20120217-1437,org.eclipse.pde.internal.ua.ui.editor.cheatsheet.comp,CompCSFileValidator,okStatus,3,1,1
eclipse.pde.ui-20120217-1437,org.eclipse.pde.internal.ua.ui.editor.cheatsheet.comp,CompCSFormOutlinePage,CompCSFormOutlinePage,3,1,1
eclipse.pde.ui-20120217-1437,org.eclipse.pde.internal.ua.ui.editor.cheatsheet.comp,CompCSFormOutlinePage,CompCSLabelProvider,3,1,1
eclipse.pde.ui-20120217-1437,org.eclipse.pde.internal.ua.ui.editor.cheatsheet.comp,CompCSFormOutlinePage,getText,6,2,1
eclipse.pde.ui-20120217-1437,org.eclipse.pde.internal.ua.ui.editor.cheatsheet.comp,CompCSFormOutlinePage,getObjectText,13,4,1
eclipse.pde.ui-20120217-1437,org.eclipse.pde.internal.ua.ui.editor.cheatsheet.comp,CompCSFormOutlinePage,getChildren,17,5,1
eclipse.pde.ui-20120217-1437,org.eclipse.pde.internal.ua.ui.editor.cheatsheet.comp,CompCSFormOutlinePage,createLabelProvider,3,1,0
eclipse.pde.ui-20120217-1437,org.eclipse.pde.internal.ua.ui.editor.cheatsheet.comp,CompCSFormOutlinePage,getParentPageId,3,1,1
eclipse.pde.ui-20120217-1437,org.eclipse.pde.internal.ua.ui.editor.cheatsheet.comp,CompCSLabelProvider,CompCSLabelProvider,3,1,1
eclipse.pde.ui-20120217-1437,org.eclipse.pde.internal.ua.ui.editor.cheatsheet.comp,CompCSLabelProvider,getText,6,2,1
eclipse.pde.ui-20120217-1437,org.eclipse.pde.internal.ua.ui.editor.cheatsheet.comp,CompCSGroupValidator,CompCSGroupValidator,6,1,3
eclipse.pde.ui-20120217-1437,org.eclipse.pde.internal.ua.ui.editor.cheatsheet.comp,CompCSGroupValidator,populateGroups,5,2,1
eclipse.pde.ui-20120217-1437,org.eclipse.pde.internal.ua.ui.editor.cheatsheet.comp,CompCSGroupValidator,addGroup,12,4,1
eclipse.pde.ui-20120217-1437,org.eclipse.pde.internal.ua.ui.editor.cheatsheet.comp,CompCSGroupValidator,removeGroup,12,4,1
eclipse.pde.ui-20120217-1437,org.eclipse.pde.internal.ua.ui.editor.cheatsheet.comp,CompCSGroupValidator,validate,15,4,0
eclipse.pde.ui-20120217-1437,org.eclipse.pde.internal.ua.ui.editor.cheatsheet.comp,CompCSGroupValidator,validate,8,2,1
eclipse.pde.ui-20120217-1437,org.eclipse.pde.internal.ua.ui.editor.cheatsheet.comp,CompCSInputContext,CompCSInputContext,4,1,3
eclipse.pde.ui-20120217-1437,org.eclipse.pde.internal.ua.ui.editor.cheatsheet.comp,CompCSInputContext,addTextEditOperation,2,1,2
eclipse.pde.ui-20120217-1437,org.eclipse.pde.internal.ua.ui.editor.cheatsheet.comp,CompCSInputContext,createModel,22,4,1
eclipse.pde.ui-20120217-1437,org.eclipse.pde.internal.ua.ui.editor.cheatsheet.comp,CompCSInputContext,getId,3,1,0
eclipse.pde.ui-20120217-1437,org.eclipse.pde.internal.ua.ui.editor.cheatsheet.comp,CompCSInputContext,getPartitionName,3,1,0
eclipse.pde.ui-20120217-1437,org.eclipse.pde.internal.ua.ui.editor.cheatsheet.comp,CompCSInputContext,flushModel,20,3,1
eclipse.pde.ui-20120217-1437,org.eclipse.pde.internal.ua.ui.editor.cheatsheet.comp,CompCSInputContextManager,CompCSInputContextManager,3,1,1
eclipse.pde.ui-20120217-1437,org.eclipse.pde.internal.ua.ui.editor.cheatsheet.comp,CompCSInputContextManager,getAggregateModel,7,2,0
eclipse.pde.ui-20120217-1437,org.eclipse.pde.internal.ua.ui.editor.cheatsheet.comp,CompCSMasterTreeSection,CompCSMasterTreeSection,7,1,2
eclipse.pde.ui-20120217-1437,org.eclipse.pde.internal.ua.ui.editor.cheatsheet.comp,CompCSMasterTreeSection,createClient,11,1,2
eclipse.pde.ui-20120217-1437,org.eclipse.pde.internal.ua.ui.editor.cheatsheet.comp,CompCSMasterTreeSection,createTree,9,1,2
eclipse.pde.ui-20120217-1437,org.eclipse.pde.internal.ua.ui.editor.cheatsheet.comp,CompCSMasterTreeSection,createTreeListeners,3,1,0
eclipse.pde.ui-20120217-1437,org.eclipse.pde.internal.ua.ui.editor.cheatsheet.comp,CompCSMasterTreeSection,getSelection,3,1,0
eclipse.pde.ui-20120217-1437,org.eclipse.pde.internal.ua.ui.editor.cheatsheet.comp,CompCSMasterTreeSection,initializeTreeViewer,20,3,0
eclipse.pde.ui-20120217-1437,org.eclipse.pde.internal.ua.ui.editor.cheatsheet.comp,CompCSMasterTreeSection,createSectionToolbar,18,2,2
eclipse.pde.ui-20120217-1437,org.eclipse.pde.internal.ua.ui.editor.cheatsheet.comp,CompCSMasterTreeSection,widgetDisposed,5,2,1
eclipse.pde.ui-20120217-1437,org.eclipse.pde.internal.ua.ui.editor.cheatsheet.comp,CompCSMasterTreeSection,buttonSelected,22,7,1
eclipse.pde.ui-20120217-1437,org.eclipse.pde.internal.ua.ui.editor.cheatsheet.comp,CompCSMasterTreeSection,selectionChanged,3,1,1
eclipse.pde.ui-20120217-1437,org.eclipse.pde.internal.ua.ui.editor.cheatsheet.comp,CompCSMasterTreeSection,updateButtons,39,8,0
eclipse.pde.ui-20120217-1437,org.eclipse.pde.internal.ua.ui.editor.cheatsheet.comp,CompCSMasterTreeSection,handleAddTaskAction,15,4,0
eclipse.pde.ui-20120217-1437,org.eclipse.pde.internal.ua.ui.editor.cheatsheet.comp,CompCSMasterTreeSection,updatePreviewButton,3,1,1
eclipse.pde.ui-20120217-1437,org.eclipse.pde.internal.ua.ui.editor.cheatsheet.comp,CompCSMasterTreeSection,handleAddGroupAction,15,4,0
eclipse.pde.ui-20120217-1437,org.eclipse.pde.internal.ua.ui.editor.cheatsheet.comp,CompCSMasterTreeSection,handleMoveTaskObjectAction,18,4,1
eclipse.pde.ui-20120217-1437,org.eclipse.pde.internal.ua.ui.editor.cheatsheet.comp,CompCSMasterTreeSection,handlePreviewAction,30,3,0
eclipse.pde.ui-20120217-1437,org.eclipse.pde.internal.ua.ui.editor.cheatsheet.comp,CompCSMasterTreeSection,modelChanged,15,5,1
eclipse.pde.ui-20120217-1437,org.eclipse.pde.internal.ua.ui.editor.cheatsheet.comp,CompCSMasterTreeSection,handleModelEventWorldChanged,18,4,1
eclipse.pde.ui-20120217-1437,org.eclipse.pde.internal.ua.ui.editor.cheatsheet.comp,CompCSMasterTreeSection,handleModelInsertType,13,4,1
eclipse.pde.ui-20120217-1437,org.eclipse.pde.internal.ua.ui.editor.cheatsheet.comp,CompCSMasterTreeSection,handleTaskObjectInsert,4,1,1
eclipse.pde.ui-20120217-1437,org.eclipse.pde.internal.ua.ui.editor.cheatsheet.comp,CompCSMasterTreeSection,handleModelRemoveType,13,4,1
eclipse.pde.ui-20120217-1437,org.eclipse.pde.internal.ua.ui.editor.cheatsheet.comp,CompCSMasterTreeSection,handleTaskObjectRemove,8,2,1
eclipse.pde.ui-20120217-1437,org.eclipse.pde.internal.ua.ui.editor.cheatsheet.comp,CompCSMasterTreeSection,handleModelChangeType,15,5,1
eclipse.pde.ui-20120217-1437,org.eclipse.pde.internal.ua.ui.editor.cheatsheet.comp,CompCSMasterTreeSection,fireSelection,3,1,0
eclipse.pde.ui-20120217-1437,org.eclipse.pde.internal.ua.ui.editor.cheatsheet.comp,CompCSMasterTreeSection,fillContextMenu,22,4,1
eclipse.pde.ui-20120217-1437,org.eclipse.pde.internal.ua.ui.editor.cheatsheet.comp,CompCSMasterTreeSection,fillContextMenuRemoveAction,12,2,2
eclipse.pde.ui-20120217-1437,org.eclipse.pde.internal.ua.ui.editor.cheatsheet.comp,CompCSMasterTreeSection,doGlobalAction,7,2,1
eclipse.pde.ui-20120217-1437,org.eclipse.pde.internal.ua.ui.editor.cheatsheet.comp,CompCSMasterTreeSection,handleDeleteAction,20,5,0
eclipse.pde.ui-20120217-1437,org.eclipse.pde.internal.ua.ui.editor.cheatsheet.comp,CompCSMasterTreeSection,canRemoveTaskObject,6,2,1
eclipse.pde.ui-20120217-1437,org.eclipse.pde.internal.ua.ui.editor.cheatsheet.comp,CompCSMasterTreeSection,setFormInput,10,3,1
eclipse.pde.ui-20120217-1437,org.eclipse.pde.internal.ua.ui.editor.cheatsheet.comp,CompCSPage,CompCSPage,4,1,1
eclipse.pde.ui-20120217-1437,org.eclipse.pde.internal.ua.ui.editor.cheatsheet.comp,CompCSPage,getHelpResource,3,1,0
eclipse.pde.ui-20120217-1437,org.eclipse.pde.internal.ua.ui.editor.cheatsheet.comp,CompCSPage,createFormContent,25,4,1
eclipse.pde.ui-20120217-1437,org.eclipse.pde.internal.ua.ui.editor.cheatsheet.comp,CompCSPage,dispose,7,2,0
eclipse.pde.ui-20120217-1437,org.eclipse.pde.internal.ua.ui.editor.cheatsheet.comp,CompCSPage,modelChanged,18,6,1
eclipse.pde.ui-20120217-1437,org.eclipse.pde.internal.ua.ui.editor.cheatsheet.comp,CompCSPage,getSelection,3,1,0
eclipse.pde.ui-20120217-1437,org.eclipse.pde.internal.ua.ui.editor.cheatsheet.comp,CompCSPage,handleModelEventWorldChanged,11,3,1
eclipse.pde.ui-20120217-1437,org.eclipse.pde.internal.ua.ui.editor.cheatsheet.comp,CompCSPage,getBlock,3,1,0
eclipse.pde.ui-20120217-1437,org.eclipse.pde.internal.ua.ui.editor.cheatsheet.comp,Messages,Messages,2,1,0
eclipse.pde.ui-20120217-1437,org.eclipse.pde.internal.ua.ui.editor.cheatsheet.comp.actions,ActionsMessages,ActionsMessages,2,1,0
eclipse.pde.ui-20120217-1437,org.eclipse.pde.internal.ua.ui.editor.cheatsheet.comp.actions,CompCSAbstractAddAction,CompCSAbstractAddAction,2,1,0
eclipse.pde.ui-20120217-1437,org.eclipse.pde.internal.ua.ui.editor.cheatsheet.comp.actions,CompCSAbstractAddAction,setParentObject,3,1,1
eclipse.pde.ui-20120217-1437,org.eclipse.pde.internal.ua.ui.editor.cheatsheet.comp.actions,CompCSAbstractAddAction,getTaskObjectNames,8,2,1
eclipse.pde.ui-20120217-1437,org.eclipse.pde.internal.ua.ui.editor.cheatsheet.comp.actions,CompCSAddGroupAction,CompCSAddGroupAction,3,1,0
eclipse.pde.ui-20120217-1437,org.eclipse.pde.internal.ua.ui.editor.cheatsheet.comp.actions,CompCSAddGroupAction,run,14,4,0
eclipse.pde.ui-20120217-1437,org.eclipse.pde.internal.ua.ui.editor.cheatsheet.comp.actions,CompCSAddTaskAction,CompCSAddTaskAction,3,1,0
eclipse.pde.ui-20120217-1437,org.eclipse.pde.internal.ua.ui.editor.cheatsheet.comp.actions,CompCSAddTaskAction,run,14,4,0
eclipse.pde.ui-20120217-1437,org.eclipse.pde.internal.ua.ui.editor.cheatsheet.comp.actions,CompCSRemoveTaskObjectAction,CompCSRemoveTaskObjectAction,5,1,0
eclipse.pde.ui-20120217-1437,org.eclipse.pde.internal.ua.ui.editor.cheatsheet.comp.actions,CompCSRemoveTaskObjectAction,setTaskObject,3,1,1
eclipse.pde.ui-20120217-1437,org.eclipse.pde.internal.ua.ui.editor.cheatsheet.comp.actions,CompCSRemoveTaskObjectAction,run,10,3,0
eclipse.pde.ui-20120217-1437,org.eclipse.pde.internal.ua.ui.editor.cheatsheet.comp.actions,CompCSRemoveTaskObjectAction,determineItemToSelect,9,3,1
eclipse.pde.ui-20120217-1437,org.eclipse.pde.internal.ua.ui.editor.cheatsheet.comp.actions,CompCSRemoveTaskObjectAction,getObjectToSelect,3,1,0
eclipse.pde.ui-20120217-1437,org.eclipse.pde.internal.ua.ui.editor.cheatsheet.comp.details,CompCSConclusionTextListener,CompCSConclusionTextListener,4,1,0
eclipse.pde.ui-20120217-1437,org.eclipse.pde.internal.ua.ui.editor.cheatsheet.comp.details,CompCSConclusionTextListener,setBlockEvents,3,1,1
eclipse.pde.ui-20120217-1437,org.eclipse.pde.internal.ua.ui.editor.cheatsheet.comp.details,CompCSConclusionTextListener,getBlockEvents,3,1,0
eclipse.pde.ui-20120217-1437,org.eclipse.pde.internal.ua.ui.editor.cheatsheet.comp.details,CompCSConclusionTextListener,setData,3,1,1
eclipse.pde.ui-20120217-1437,org.eclipse.pde.internal.ua.ui.editor.cheatsheet.comp.details,CompCSConclusionTextListener,documentAboutToBeChanged,2,1,1
eclipse.pde.ui-20120217-1437,org.eclipse.pde.internal.ua.ui.editor.cheatsheet.comp.details,CompCSConclusionTextListener,documentChanged,20,5,1
eclipse.pde.ui-20120217-1437,org.eclipse.pde.internal.ua.ui.editor.cheatsheet.comp.details,CompCSConclusionTextListener,updateConclusionText,8,2,1
eclipse.pde.ui-20120217-1437,org.eclipse.pde.internal.ua.ui.editor.cheatsheet.comp.details,CompCSConclusionTextListener,addConclusionText,6,1,1
eclipse.pde.ui-20120217-1437,org.eclipse.pde.internal.ua.ui.editor.cheatsheet.comp.details,CompCSConclusionTextListener,modifyConclusionText,4,1,1
eclipse.pde.ui-20120217-1437,org.eclipse.pde.internal.ua.ui.editor.cheatsheet.comp.details,CompCSConclusionTextListener,removeConclusionText,6,2,1
eclipse.pde.ui-20120217-1437,org.eclipse.pde.internal.ua.ui.editor.cheatsheet.comp.details,CompCSDetails,CompCSDetails,6,1,1
eclipse.pde.ui-20120217-1437,org.eclipse.pde.internal.ua.ui.editor.cheatsheet.comp.details,CompCSDetails,setData,3,1,1
eclipse.pde.ui-20120217-1437,org.eclipse.pde.internal.ua.ui.editor.cheatsheet.comp.details,CompCSDetails,createDetails,10,1,1
eclipse.pde.ui-20120217-1437,org.eclipse.pde.internal.ua.ui.editor.cheatsheet.comp.details,CompCSDetails,createUINameEntry,3,1,1
eclipse.pde.ui-20120217-1437,org.eclipse.pde.internal.ua.ui.editor.cheatsheet.comp.details,CompCSDetails,hookListeners,3,1,0
eclipse.pde.ui-20120217-1437,org.eclipse.pde.internal.ua.ui.editor.cheatsheet.comp.details,CompCSDetails,createListenersNameEntry,11,2,0
eclipse.pde.ui-20120217-1437,org.eclipse.pde.internal.ua.ui.editor.cheatsheet.comp.details,CompCSDetails,textValueChanged,6,2,1
eclipse.pde.ui-20120217-1437,org.eclipse.pde.internal.ua.ui.editor.cheatsheet.comp.details,CompCSDetails,updateFields,6,2,0
eclipse.pde.ui-20120217-1437,org.eclipse.pde.internal.ua.ui.editor.cheatsheet.comp.details,CompCSDetails,updateNameEntry,4,1,1
eclipse.pde.ui-20120217-1437,org.eclipse.pde.internal.ua.ui.editor.cheatsheet.comp.details,CompCSDetails,commit,4,1,1
eclipse.pde.ui-20120217-1437,org.eclipse.pde.internal.ua.ui.editor.cheatsheet.comp.details,CompCSDetails,selectionChanged,8,2,2
eclipse.pde.ui-20120217-1437,org.eclipse.pde.internal.ua.ui.editor.cheatsheet.comp.details,CompCSEnclosingTextDetails,CompCSEnclosingTextDetails,15,1,2
eclipse.pde.ui-20120217-1437,org.eclipse.pde.internal.ua.ui.editor.cheatsheet.comp.details,CompCSEnclosingTextDetails,setData,5,1,1
eclipse.pde.ui-20120217-1437,org.eclipse.pde.internal.ua.ui.editor.cheatsheet.comp.details,CompCSEnclosingTextDetails,commit,3,1,1
eclipse.pde.ui-20120217-1437,org.eclipse.pde.internal.ua.ui.editor.cheatsheet.comp.details,CompCSEnclosingTextDetails,defineTaskObjectLabelName,8,2,1
eclipse.pde.ui-20120217-1437,org.eclipse.pde.internal.ua.ui.editor.cheatsheet.comp.details,CompCSEnclosingTextDetails,createDetails,17,1,1
eclipse.pde.ui-20120217-1437,org.eclipse.pde.internal.ua.ui.editor.cheatsheet.comp.details,CompCSEnclosingTextDetails,createUITabFolder,11,1,1
eclipse.pde.ui-20120217-1437,org.eclipse.pde.internal.ua.ui.editor.cheatsheet.comp.details,CompCSEnclosingTextDetails,createUIIntroductionTab,5,1,0
eclipse.pde.ui-20120217-1437,org.eclipse.pde.internal.ua.ui.editor.cheatsheet.comp.details,CompCSEnclosingTextDetails,createUIConclusionTab,5,1,0
eclipse.pde.ui-20120217-1437,org.eclipse.pde.internal.ua.ui.editor.cheatsheet.comp.details,CompCSEnclosingTextDetails,createUINotebookComposite,7,1,1
eclipse.pde.ui-20120217-1437,org.eclipse.pde.internal.ua.ui.editor.cheatsheet.comp.details,CompCSEnclosingTextDetails,createUIIntroductionViewer,10,1,0
eclipse.pde.ui-20120217-1437,org.eclipse.pde.internal.ua.ui.editor.cheatsheet.comp.details,CompCSEnclosingTextDetails,doGlobalAction,11,3,1
eclipse.pde.ui-20120217-1437,org.eclipse.pde.internal.ua.ui.editor.cheatsheet.comp.details,CompCSEnclosingTextDetails,createUIConclusionViewer,10,1,0
eclipse.pde.ui-20120217-1437,org.eclipse.pde.internal.ua.ui.editor.cheatsheet.comp.details,CompCSEnclosingTextDetails,createUIContainer,9,1,2
eclipse.pde.ui-20120217-1437,org.eclipse.pde.internal.ua.ui.editor.cheatsheet.comp.details,CompCSEnclosingTextDetails,hookListeners,5,1,0
eclipse.pde.ui-20120217-1437,org.eclipse.pde.internal.ua.ui.editor.cheatsheet.comp.details,CompCSEnclosingTextDetails,createListenersIntroductionViewer,4,1,0
eclipse.pde.ui-20120217-1437,org.eclipse.pde.internal.ua.ui.editor.cheatsheet.comp.details,CompCSEnclosingTextDetails,createListenersConclusionViewer,4,1,0
eclipse.pde.ui-20120217-1437,org.eclipse.pde.internal.ua.ui.editor.cheatsheet.comp.details,CompCSEnclosingTextDetails,createListenersTabFolder,8,1,0
eclipse.pde.ui-20120217-1437,org.eclipse.pde.internal.ua.ui.editor.cheatsheet.comp.details,CompCSEnclosingTextDetails,widgetSelected,3,1,1
eclipse.pde.ui-20120217-1437,org.eclipse.pde.internal.ua.ui.editor.cheatsheet.comp.details,CompCSEnclosingTextDetails,updateTabFolder,17,5,0
eclipse.pde.ui-20120217-1437,org.eclipse.pde.internal.ua.ui.editor.cheatsheet.comp.details,CompCSEnclosingTextDetails,updateFields,9,2,0
eclipse.pde.ui-20120217-1437,org.eclipse.pde.internal.ua.ui.editor.cheatsheet.comp.details,CompCSEnclosingTextDetails,updateIntroductionViewer,12,2,1
eclipse.pde.ui-20120217-1437,org.eclipse.pde.internal.ua.ui.editor.cheatsheet.comp.details,CompCSEnclosingTextDetails,updateConclusionViewer,12,2,1
eclipse.pde.ui-20120217-1437,org.eclipse.pde.internal.ua.ui.editor.cheatsheet.comp.details,CompCSEnclosingTextDetails,dispose,11,3,0
eclipse.pde.ui-20120217-1437,org.eclipse.pde.internal.ua.ui.editor.cheatsheet.comp.details,CompCSEnclosingTextDetails,canPaste,11,3,1
eclipse.pde.ui-20120217-1437,org.eclipse.pde.internal.ua.ui.editor.cheatsheet.comp.details,CompCSIntroductionTextListener,CompCSIntroductionTextListener,4,1,0
eclipse.pde.ui-20120217-1437,org.eclipse.pde.internal.ua.ui.editor.cheatsheet.comp.details,CompCSIntroductionTextListener,setBlockEvents,3,1,1
eclipse.pde.ui-20120217-1437,org.eclipse.pde.internal.ua.ui.editor.cheatsheet.comp.details,CompCSIntroductionTextListener,getBlockEvents,3,1,0
eclipse.pde.ui-20120217-1437,org.eclipse.pde.internal.ua.ui.editor.cheatsheet.comp.details,CompCSIntroductionTextListener,setData,3,1,1
eclipse.pde.ui-20120217-1437,org.eclipse.pde.internal.ua.ui.editor.cheatsheet.comp.details,CompCSIntroductionTextListener,documentAboutToBeChanged,2,1,1
eclipse.pde.ui-20120217-1437,org.eclipse.pde.internal.ua.ui.editor.cheatsheet.comp.details,CompCSIntroductionTextListener,documentChanged,20,5,1
eclipse.pde.ui-20120217-1437,org.eclipse.pde.internal.ua.ui.editor.cheatsheet.comp.details,CompCSIntroductionTextListener,updateIntroductionText,8,2,1
eclipse.pde.ui-20120217-1437,org.eclipse.pde.internal.ua.ui.editor.cheatsheet.comp.details,CompCSIntroductionTextListener,addIntroductionText,6,1,1
eclipse.pde.ui-20120217-1437,org.eclipse.pde.internal.ua.ui.editor.cheatsheet.comp.details,CompCSIntroductionTextListener,modifyIntroductionText,4,1,1
eclipse.pde.ui-20120217-1437,org.eclipse.pde.internal.ua.ui.editor.cheatsheet.comp.details,CompCSIntroductionTextListener,removeIntroductionText,6,2,1
eclipse.pde.ui-20120217-1437,org.eclipse.pde.internal.ua.ui.editor.cheatsheet.comp.details,CompCSTaskDetails,CompCSTaskDetails,9,1,1
eclipse.pde.ui-20120217-1437,org.eclipse.pde.internal.ua.ui.editor.cheatsheet.comp.details,CompCSTaskDetails,setData,4,1,1
eclipse.pde.ui-20120217-1437,org.eclipse.pde.internal.ua.ui.editor.cheatsheet.comp.details,CompCSTaskDetails,initialize,4,1,1
eclipse.pde.ui-20120217-1437,org.eclipse.pde.internal.ua.ui.editor.cheatsheet.comp.details,CompCSTaskDetails,createDetails,13,1,1
eclipse.pde.ui-20120217-1437,org.eclipse.pde.internal.ua.ui.editor.cheatsheet.comp.details,CompCSTaskDetails,createUINameEntry,3,1,1
eclipse.pde.ui-20120217-1437,org.eclipse.pde.internal.ua.ui.editor.cheatsheet.comp.details,CompCSTaskDetails,createUIPathEntry,3,1,1
eclipse.pde.ui-20120217-1437,org.eclipse.pde.internal.ua.ui.editor.cheatsheet.comp.details,CompCSTaskDetails,createUISkipButton,8,1,1
eclipse.pde.ui-20120217-1437,org.eclipse.pde.internal.ua.ui.editor.cheatsheet.comp.details,CompCSTaskDetails,hookListeners,6,1,0
eclipse.pde.ui-20120217-1437,org.eclipse.pde.internal.ua.ui.editor.cheatsheet.comp.details,CompCSTaskDetails,createListenersNameEntry,11,2,0
eclipse.pde.ui-20120217-1437,org.eclipse.pde.internal.ua.ui.editor.cheatsheet.comp.details,CompCSTaskDetails,textValueChanged,6,2,1
eclipse.pde.ui-20120217-1437,org.eclipse.pde.internal.ua.ui.editor.cheatsheet.comp.details,CompCSTaskDetails,createListenersPathEntry,23,4,0
eclipse.pde.ui-20120217-1437,org.eclipse.pde.internal.ua.ui.editor.cheatsheet.comp.details,CompCSTaskDetails,browseButtonSelected,6,2,1
eclipse.pde.ui-20120217-1437,org.eclipse.pde.internal.ua.ui.editor.cheatsheet.comp.details,CompCSTaskDetails,linkActivated,6,2,1
eclipse.pde.ui-20120217-1437,org.eclipse.pde.internal.ua.ui.editor.cheatsheet.comp.details,CompCSTaskDetails,textValueChanged,6,2,1
eclipse.pde.ui-20120217-1437,org.eclipse.pde.internal.ua.ui.editor.cheatsheet.comp.details,CompCSTaskDetails,handleButtonEventPathEntry,15,2,1
eclipse.pde.ui-20120217-1437,org.eclipse.pde.internal.ua.ui.editor.cheatsheet.comp.details,CompCSTaskDetails,extractFileName,7,2,1
eclipse.pde.ui-20120217-1437,org.eclipse.pde.internal.ua.ui.editor.cheatsheet.comp.details,CompCSTaskDetails,convertPathAbsToRelative,25,6,2
eclipse.pde.ui-20120217-1437,org.eclipse.pde.internal.ua.ui.editor.cheatsheet.comp.details,CompCSTaskDetails,createRelativePath,17,4,3
eclipse.pde.ui-20120217-1437,org.eclipse.pde.internal.ua.ui.editor.cheatsheet.comp.details,CompCSTaskDetails,handleLinkEventPathEntry,19,3,1
eclipse.pde.ui-20120217-1437,org.eclipse.pde.internal.ua.ui.editor.cheatsheet.comp.details,CompCSTaskDetails,handleLinkWizardPathEntry,21,4,0
eclipse.pde.ui-20120217-1437,org.eclipse.pde.internal.ua.ui.editor.cheatsheet.comp.details,CompCSTaskDetails,convertPathRelativeToAbs,29,6,2
eclipse.pde.ui-20120217-1437,org.eclipse.pde.internal.ua.ui.editor.cheatsheet.comp.details,CompCSTaskDetails,handleTextEventPathEntry,14,3,1
eclipse.pde.ui-20120217-1437,org.eclipse.pde.internal.ua.ui.editor.cheatsheet.comp.details,CompCSTaskDetails,createTaskParamPathEntry,7,1,1
eclipse.pde.ui-20120217-1437,org.eclipse.pde.internal.ua.ui.editor.cheatsheet.comp.details,CompCSTaskDetails,createListenersSkipButton,11,2,0
eclipse.pde.ui-20120217-1437,org.eclipse.pde.internal.ua.ui.editor.cheatsheet.comp.details,CompCSTaskDetails,widgetSelected,6,2,1
eclipse.pde.ui-20120217-1437,org.eclipse.pde.internal.ua.ui.editor.cheatsheet.comp.details,CompCSTaskDetails,updateFields,10,2,0
eclipse.pde.ui-20120217-1437,org.eclipse.pde.internal.ua.ui.editor.cheatsheet.comp.details,CompCSTaskDetails,updateNameEntry,4,1,1
eclipse.pde.ui-20120217-1437,org.eclipse.pde.internal.ua.ui.editor.cheatsheet.comp.details,CompCSTaskDetails,updatePathEntry,9,2,1
eclipse.pde.ui-20120217-1437,org.eclipse.pde.internal.ua.ui.editor.cheatsheet.comp.details,CompCSTaskDetails,updateSkipButton,4,1,1
eclipse.pde.ui-20120217-1437,org.eclipse.pde.internal.ua.ui.editor.cheatsheet.comp.details,CompCSTaskDetails,commit,5,1,1
eclipse.pde.ui-20120217-1437,org.eclipse.pde.internal.ua.ui.editor.cheatsheet.comp.details,CompCSTaskDetails,selectionChanged,8,2,2
eclipse.pde.ui-20120217-1437,org.eclipse.pde.internal.ua.ui.editor.cheatsheet.comp.details,CompCSTaskDetails,dispose,7,2,0
eclipse.pde.ui-20120217-1437,org.eclipse.pde.internal.ua.ui.editor.cheatsheet.comp.details,CompCSTaskGroupDetails,CompCSTaskGroupDetails,9,1,1
eclipse.pde.ui-20120217-1437,org.eclipse.pde.internal.ua.ui.editor.cheatsheet.comp.details,CompCSTaskGroupDetails,setData,4,1,1
eclipse.pde.ui-20120217-1437,org.eclipse.pde.internal.ua.ui.editor.cheatsheet.comp.details,CompCSTaskGroupDetails,initialize,4,1,1
eclipse.pde.ui-20120217-1437,org.eclipse.pde.internal.ua.ui.editor.cheatsheet.comp.details,CompCSTaskGroupDetails,createDetails,14,1,1
eclipse.pde.ui-20120217-1437,org.eclipse.pde.internal.ua.ui.editor.cheatsheet.comp.details,CompCSTaskGroupDetails,createUISkipButton,8,1,1
eclipse.pde.ui-20120217-1437,org.eclipse.pde.internal.ua.ui.editor.cheatsheet.comp.details,CompCSTaskGroupDetails,createUIKindLabel,6,1,1
eclipse.pde.ui-20120217-1437,org.eclipse.pde.internal.ua.ui.editor.cheatsheet.comp.details,CompCSTaskGroupDetails,createUIKindCombo,12,1,1
eclipse.pde.ui-20120217-1437,org.eclipse.pde.internal.ua.ui.editor.cheatsheet.comp.details,CompCSTaskGroupDetails,createUINameEntry,3,1,1
eclipse.pde.ui-20120217-1437,org.eclipse.pde.internal.ua.ui.editor.cheatsheet.comp.details,CompCSTaskGroupDetails,hookListeners,6,1,0
eclipse.pde.ui-20120217-1437,org.eclipse.pde.internal.ua.ui.editor.cheatsheet.comp.details,CompCSTaskGroupDetails,createListenersNameEntry,11,2,0
eclipse.pde.ui-20120217-1437,org.eclipse.pde.internal.ua.ui.editor.cheatsheet.comp.details,CompCSTaskGroupDetails,textValueChanged,6,2,1
eclipse.pde.ui-20120217-1437,org.eclipse.pde.internal.ua.ui.editor.cheatsheet.comp.details,CompCSTaskGroupDetails,createListenersKindCombo,20,5,0
eclipse.pde.ui-20120217-1437,org.eclipse.pde.internal.ua.ui.editor.cheatsheet.comp.details,CompCSTaskGroupDetails,widgetSelected,15,5,1
eclipse.pde.ui-20120217-1437,org.eclipse.pde.internal.ua.ui.editor.cheatsheet.comp.details,CompCSTaskGroupDetails,createListenersSkipButton,11,2,0
eclipse.pde.ui-20120217-1437,org.eclipse.pde.internal.ua.ui.editor.cheatsheet.comp.details,CompCSTaskGroupDetails,widgetSelected,6,2,1
eclipse.pde.ui-20120217-1437,org.eclipse.pde.internal.ua.ui.editor.cheatsheet.comp.details,CompCSTaskGroupDetails,updateFields,10,2,0
eclipse.pde.ui-20120217-1437,org.eclipse.pde.internal.ua.ui.editor.cheatsheet.comp.details,CompCSTaskGroupDetails,updateNameEntry,4,1,1
eclipse.pde.ui-20120217-1437,org.eclipse.pde.internal.ua.ui.editor.cheatsheet.comp.details,CompCSTaskGroupDetails,updateKindCombo,15,4,1
eclipse.pde.ui-20120217-1437,org.eclipse.pde.internal.ua.ui.editor.cheatsheet.comp.details,CompCSTaskGroupDetails,updateSkipButton,4,1,1
eclipse.pde.ui-20120217-1437,org.eclipse.pde.internal.ua.ui.editor.cheatsheet.comp.details,CompCSTaskGroupDetails,commit,4,1,1
eclipse.pde.ui-20120217-1437,org.eclipse.pde.internal.ua.ui.editor.cheatsheet.comp.details,CompCSTaskGroupDetails,selectionChanged,8,2,2
eclipse.pde.ui-20120217-1437,org.eclipse.pde.internal.ua.ui.editor.cheatsheet.comp.details,CompCSTaskGroupDetails,dispose,7,2,0
eclipse.pde.ui-20120217-1437,org.eclipse.pde.internal.ua.ui.editor.cheatsheet.comp.details,DetailsMessages,DetailsMessages,2,1,0
eclipse.pde.ui-20120217-1437,org.eclipse.pde.internal.ua.ui.editor.cheatsheet.simple,ISimpleCSCommandKeyListener,newCommandKey,0,1,1
eclipse.pde.ui-20120217-1437,org.eclipse.pde.internal.ua.ui.editor.cheatsheet.simple,NewCommandKeyEvent,NewCommandKeyEvent,5,1,3
eclipse.pde.ui-20120217-1437,org.eclipse.pde.internal.ua.ui.editor.cheatsheet.simple,NewCommandKeyEvent,getKey,3,1,0
eclipse.pde.ui-20120217-1437,org.eclipse.pde.internal.ua.ui.editor.cheatsheet.simple,NewCommandKeyEvent,getValue,3,1,0
eclipse.pde.ui-20120217-1437,org.eclipse.pde.internal.ua.ui.editor.cheatsheet.simple,SimpleCSBlock,SimpleCSBlock,3,1,1
eclipse.pde.ui-20120217-1437,org.eclipse.pde.internal.ua.ui.editor.cheatsheet.simple,SimpleCSBlock,createMasterSection,4,1,2
eclipse.pde.ui-20120217-1437,org.eclipse.pde.internal.ua.ui.editor.cheatsheet.simple,SimpleCSBlock,registerPages,12,1,1
eclipse.pde.ui-20120217-1437,org.eclipse.pde.internal.ua.ui.editor.cheatsheet.simple,SimpleCSBlock,getPageKey,15,5,1
eclipse.pde.ui-20120217-1437,org.eclipse.pde.internal.ua.ui.editor.cheatsheet.simple,SimpleCSBlock,getPage,3,1,1
eclipse.pde.ui-20120217-1437,org.eclipse.pde.internal.ua.ui.editor.cheatsheet.simple,SimpleCSBlock,modelChanged,5,2,1
eclipse.pde.ui-20120217-1437,org.eclipse.pde.internal.ua.ui.editor.cheatsheet.simple,SimpleCSBlock,getMastersSection,3,1,0
eclipse.pde.ui-20120217-1437,org.eclipse.pde.internal.ua.ui.editor.cheatsheet.simple,SimpleCSBlock,getSelection,6,2,0
eclipse.pde.ui-20120217-1437,org.eclipse.pde.internal.ua.ui.editor.cheatsheet.simple,SimpleCSCommandManager,SimpleCSCommandManager,5,1,0
eclipse.pde.ui-20120217-1437,org.eclipse.pde.internal.ua.ui.editor.cheatsheet.simple,SimpleCSCommandManager,setBlockEvents,3,1,1
eclipse.pde.ui-20120217-1437,org.eclipse.pde.internal.ua.ui.editor.cheatsheet.simple,SimpleCSCommandManager,getBlockEvents,3,1,0
eclipse.pde.ui-20120217-1437,org.eclipse.pde.internal.ua.ui.editor.cheatsheet.simple,SimpleCSCommandManager,Instance,6,2,0
eclipse.pde.ui-20120217-1437,org.eclipse.pde.internal.ua.ui.editor.cheatsheet.simple,SimpleCSCommandManager,put,14,4,2
eclipse.pde.ui-20120217-1437,org.eclipse.pde.internal.ua.ui.editor.cheatsheet.simple,SimpleCSCommandManager,get,3,1,1
eclipse.pde.ui-20120217-1437,org.eclipse.pde.internal.ua.ui.editor.cheatsheet.simple,SimpleCSCommandManager,hasKey,3,1,1
eclipse.pde.ui-20120217-1437,org.eclipse.pde.internal.ua.ui.editor.cheatsheet.simple,SimpleCSCommandManager,getKeys,3,1,0
eclipse.pde.ui-20120217-1437,org.eclipse.pde.internal.ua.ui.editor.cheatsheet.simple,SimpleCSCommandManager,getSize,3,1,0
eclipse.pde.ui-20120217-1437,org.eclipse.pde.internal.ua.ui.editor.cheatsheet.simple,SimpleCSCommandManager,addCommandKeyListener,6,2,1
eclipse.pde.ui-20120217-1437,org.eclipse.pde.internal.ua.ui.editor.cheatsheet.simple,SimpleCSCommandManager,removeCommandKeyListener,6,2,1
eclipse.pde.ui-20120217-1437,org.eclipse.pde.internal.ua.ui.editor.cheatsheet.simple,SimpleCSCommandManager,fireNewCommandKeyEvent,11,3,2
eclipse.pde.ui-20120217-1437,org.eclipse.pde.internal.ua.ui.editor.cheatsheet.simple,SimpleCSContentProvider,SimpleCSContentProvider,2,1,0
eclipse.pde.ui-20120217-1437,org.eclipse.pde.internal.ua.ui.editor.cheatsheet.simple,SimpleCSContentProvider,getChildren,12,4,1
eclipse.pde.ui-20120217-1437,org.eclipse.pde.internal.ua.ui.editor.cheatsheet.simple,SimpleCSContentProvider,getParent,6,2,1
eclipse.pde.ui-20120217-1437,org.eclipse.pde.internal.ua.ui.editor.cheatsheet.simple,SimpleCSContentProvider,hasChildren,3,1,1
eclipse.pde.ui-20120217-1437,org.eclipse.pde.internal.ua.ui.editor.cheatsheet.simple,SimpleCSContentProvider,getElements,3,1,1
eclipse.pde.ui-20120217-1437,org.eclipse.pde.internal.ua.ui.editor.cheatsheet.simple,SimpleCSContentProvider,dispose,2,1,0
eclipse.pde.ui-20120217-1437,org.eclipse.pde.internal.ua.ui.editor.cheatsheet.simple,SimpleCSContentProvider,inputChanged,2,1,3
eclipse.pde.ui-20120217-1437,org.eclipse.pde.internal.ua.ui.editor.cheatsheet.simple,SimpleCSDefinitionPage,SimpleCSDefinitionPage,4,1,1
eclipse.pde.ui-20120217-1437,org.eclipse.pde.internal.ua.ui.editor.cheatsheet.simple,SimpleCSDefinitionPage,getHelpResource,3,1,0
eclipse.pde.ui-20120217-1437,org.eclipse.pde.internal.ua.ui.editor.cheatsheet.simple,SimpleCSDefinitionPage,createFormContent,25,4,1
eclipse.pde.ui-20120217-1437,org.eclipse.pde.internal.ua.ui.editor.cheatsheet.simple,SimpleCSDefinitionPage,dispose,7,2,0
eclipse.pde.ui-20120217-1437,org.eclipse.pde.internal.ua.ui.editor.cheatsheet.simple,SimpleCSDefinitionPage,modelChanged,21,7,1
eclipse.pde.ui-20120217-1437,org.eclipse.pde.internal.ua.ui.editor.cheatsheet.simple,SimpleCSDefinitionPage,getSelection,3,1,0
eclipse.pde.ui-20120217-1437,org.eclipse.pde.internal.ua.ui.editor.cheatsheet.simple,SimpleCSDefinitionPage,getBlock,3,1,0
eclipse.pde.ui-20120217-1437,org.eclipse.pde.internal.ua.ui.editor.cheatsheet.simple,SimpleCSDefinitionPage,setActive,38,9,1
eclipse.pde.ui-20120217-1437,org.eclipse.pde.internal.ua.ui.editor.cheatsheet.simple,SimpleCSEditor,SimpleCSEditor,3,1,0
eclipse.pde.ui-20120217-1437,org.eclipse.pde.internal.ua.ui.editor.cheatsheet.simple,SimpleCSEditor,getEditorID,3,1,0
eclipse.pde.ui-20120217-1437,org.eclipse.pde.internal.ua.ui.editor.cheatsheet.simple,SimpleCSEditor,isSaveAsAllowed,3,1,0
eclipse.pde.ui-20120217-1437,org.eclipse.pde.internal.ua.ui.editor.cheatsheet.simple,SimpleCSEditor,getContextIDForSaveAs,3,1,0
eclipse.pde.ui-20120217-1437,org.eclipse.pde.internal.ua.ui.editor.cheatsheet.simple,SimpleCSEditor,addEditorPages,9,1,0
eclipse.pde.ui-20120217-1437,org.eclipse.pde.internal.ua.ui.editor.cheatsheet.simple,SimpleCSEditor,createContentOutline,3,1,0
eclipse.pde.ui-20120217-1437,org.eclipse.pde.internal.ua.ui.editor.cheatsheet.simple,SimpleCSEditor,createInputContextManager,3,1,0
eclipse.pde.ui-20120217-1437,org.eclipse.pde.internal.ua.ui.editor.cheatsheet.simple,SimpleCSEditor,createResourceContexts,4,1,2
eclipse.pde.ui-20120217-1437,org.eclipse.pde.internal.ua.ui.editor.cheatsheet.simple,SimpleCSEditor,createStorageContexts,3,1,2
eclipse.pde.ui-20120217-1437,org.eclipse.pde.internal.ua.ui.editor.cheatsheet.simple,SimpleCSEditor,createSystemFileContexts,10,1,2
eclipse.pde.ui-20120217-1437,org.eclipse.pde.internal.ua.ui.editor.cheatsheet.simple,SimpleCSEditor,editorContextAdded,3,1,1
eclipse.pde.ui-20120217-1437,org.eclipse.pde.internal.ua.ui.editor.cheatsheet.simple,SimpleCSEditor,getInputContext,3,1,1
eclipse.pde.ui-20120217-1437,org.eclipse.pde.internal.ua.ui.editor.cheatsheet.simple,SimpleCSEditor,contextRemoved,3,1,1
eclipse.pde.ui-20120217-1437,org.eclipse.pde.internal.ua.ui.editor.cheatsheet.simple,SimpleCSEditor,monitoredFileAdded,2,1,1
eclipse.pde.ui-20120217-1437,org.eclipse.pde.internal.ua.ui.editor.cheatsheet.simple,SimpleCSEditor,monitoredFileRemoved,3,1,1
eclipse.pde.ui-20120217-1437,org.eclipse.pde.internal.ua.ui.editor.cheatsheet.simple,SimpleCSEditor,getSelection,7,2,0
eclipse.pde.ui-20120217-1437,org.eclipse.pde.internal.ua.ui.editor.cheatsheet.simple,SimpleCSEditor,computeInitialPageId,7,2,0
eclipse.pde.ui-20120217-1437,org.eclipse.pde.internal.ua.ui.editor.cheatsheet.simple,SimpleCSEditor,createSourcePage,3,1,4
eclipse.pde.ui-20120217-1437,org.eclipse.pde.internal.ua.ui.editor.cheatsheet.simple,SimpleCSEditor,canCut,7,2,1
eclipse.pde.ui-20120217-1437,org.eclipse.pde.internal.ua.ui.editor.cheatsheet.simple,SimpleCSEditorContributor,SimpleCSEditorContributor,4,1,0
eclipse.pde.ui-20120217-1437,org.eclipse.pde.internal.ua.ui.editor.cheatsheet.simple,SimpleCSEditorContributor,makeActions,4,1,0
eclipse.pde.ui-20120217-1437,org.eclipse.pde.internal.ua.ui.editor.cheatsheet.simple,SimpleCSEditorContributor,contextMenuAboutToShow,8,1,2
eclipse.pde.ui-20120217-1437,org.eclipse.pde.internal.ua.ui.editor.cheatsheet.simple,SimpleCSEditorContributor,getPreviewAction,3,1,0
eclipse.pde.ui-20120217-1437,org.eclipse.pde.internal.ua.ui.editor.cheatsheet.simple,SimpleCSEditorContributor,supportsHyperlinking,3,1,0
eclipse.pde.ui-20120217-1437,org.eclipse.pde.internal.ua.ui.editor.cheatsheet.simple,SimpleCSFormOutlinePage,SimpleCSFormOutlinePage,3,1,1
eclipse.pde.ui-20120217-1437,org.eclipse.pde.internal.ua.ui.editor.cheatsheet.simple,SimpleCSFormOutlinePage,SimpleCSLabelProvider,3,1,1
eclipse.pde.ui-20120217-1437,org.eclipse.pde.internal.ua.ui.editor.cheatsheet.simple,SimpleCSFormOutlinePage,getText,6,2,1
eclipse.pde.ui-20120217-1437,org.eclipse.pde.internal.ua.ui.editor.cheatsheet.simple,SimpleCSFormOutlinePage,getObjectText,16,5,1
eclipse.pde.ui-20120217-1437,org.eclipse.pde.internal.ua.ui.editor.cheatsheet.simple,SimpleCSFormOutlinePage,getChildren,17,5,1
eclipse.pde.ui-20120217-1437,org.eclipse.pde.internal.ua.ui.editor.cheatsheet.simple,SimpleCSFormOutlinePage,createLabelProvider,3,1,0
eclipse.pde.ui-20120217-1437,org.eclipse.pde.internal.ua.ui.editor.cheatsheet.simple,SimpleCSFormOutlinePage,getParentPageId,3,1,1
eclipse.pde.ui-20120217-1437,org.eclipse.pde.internal.ua.ui.editor.cheatsheet.simple,SimpleCSLabelProvider,SimpleCSLabelProvider,3,1,1
eclipse.pde.ui-20120217-1437,org.eclipse.pde.internal.ua.ui.editor.cheatsheet.simple,SimpleCSLabelProvider,getText,6,2,1
eclipse.pde.ui-20120217-1437,org.eclipse.pde.internal.ua.ui.editor.cheatsheet.simple,SimpleCSHyperlinkDetector,SimpleCSHyperlinkDetector,3,1,1
eclipse.pde.ui-20120217-1437,org.eclipse.pde.internal.ua.ui.editor.cheatsheet.simple,SimpleCSHyperlinkDetector,detectAttributeHyperlink,35,10,1
eclipse.pde.ui-20120217-1437,org.eclipse.pde.internal.ua.ui.editor.cheatsheet.simple,SimpleCSInputContext,SimpleCSInputContext,4,1,3
eclipse.pde.ui-20120217-1437,org.eclipse.pde.internal.ua.ui.editor.cheatsheet.simple,SimpleCSInputContext,createModel,31,6,1
eclipse.pde.ui-20120217-1437,org.eclipse.pde.internal.ua.ui.editor.cheatsheet.simple,SimpleCSInputContext,doRevert,7,1,0
eclipse.pde.ui-20120217-1437,org.eclipse.pde.internal.ua.ui.editor.cheatsheet.simple,SimpleCSInputContext,getId,3,1,0
eclipse.pde.ui-20120217-1437,org.eclipse.pde.internal.ua.ui.editor.cheatsheet.simple,SimpleCSInputContext,getPartitionName,3,1,0
eclipse.pde.ui-20120217-1437,org.eclipse.pde.internal.ua.ui.editor.cheatsheet.simple,SimpleCSInputContext,reorderInsertEdits,2,1,1
eclipse.pde.ui-20120217-1437,org.eclipse.pde.internal.ua.ui.editor.cheatsheet.simple,SimpleCSInputContextManager,SimpleCSInputContextManager,3,1,1
eclipse.pde.ui-20120217-1437,org.eclipse.pde.internal.ua.ui.editor.cheatsheet.simple,SimpleCSInputContextManager,getAggregateModel,4,1,0
eclipse.pde.ui-20120217-1437,org.eclipse.pde.internal.ua.ui.editor.cheatsheet.simple,SimpleCSMasterTreeSection,SimpleCSMasterTreeSection,9,1,2
eclipse.pde.ui-20120217-1437,org.eclipse.pde.internal.ua.ui.editor.cheatsheet.simple,SimpleCSMasterTreeSection,createClient,10,1,2
eclipse.pde.ui-20120217-1437,org.eclipse.pde.internal.ua.ui.editor.cheatsheet.simple,SimpleCSMasterTreeSection,createSectionToolbar,18,2,2
eclipse.pde.ui-20120217-1437,org.eclipse.pde.internal.ua.ui.editor.cheatsheet.simple,SimpleCSMasterTreeSection,widgetDisposed,5,2,1
eclipse.pde.ui-20120217-1437,org.eclipse.pde.internal.ua.ui.editor.cheatsheet.simple,SimpleCSMasterTreeSection,initializeTreeViewer,14,2,0
eclipse.pde.ui-20120217-1437,org.eclipse.pde.internal.ua.ui.editor.cheatsheet.simple,SimpleCSMasterTreeSection,createTree,10,1,2
eclipse.pde.ui-20120217-1437,org.eclipse.pde.internal.ua.ui.editor.cheatsheet.simple,SimpleCSMasterTreeSection,isDragAndDropEnabled,3,1,0
eclipse.pde.ui-20120217-1437,org.eclipse.pde.internal.ua.ui.editor.cheatsheet.simple,SimpleCSMasterTreeSection,canDragMove,7,2,1
eclipse.pde.ui-20120217-1437,org.eclipse.pde.internal.ua.ui.editor.cheatsheet.simple,SimpleCSMasterTreeSection,canDropMove,39,10,3
eclipse.pde.ui-20120217-1437,org.eclipse.pde.internal.ua.ui.editor.cheatsheet.simple,SimpleCSMasterTreeSection,canDropMove,15,5,3
eclipse.pde.ui-20120217-1437,org.eclipse.pde.internal.ua.ui.editor.cheatsheet.simple,SimpleCSMasterTreeSection,canDropMove,25,7,3
eclipse.pde.ui-20120217-1437,org.eclipse.pde.internal.ua.ui.editor.cheatsheet.simple,SimpleCSMasterTreeSection,canDropMove,21,6,3
eclipse.pde.ui-20120217-1437,org.eclipse.pde.internal.ua.ui.editor.cheatsheet.simple,SimpleCSMasterTreeSection,canDropMove,24,8,3
eclipse.pde.ui-20120217-1437,org.eclipse.pde.internal.ua.ui.editor.cheatsheet.simple,SimpleCSMasterTreeSection,canDropMove,25,7,3
eclipse.pde.ui-20120217-1437,org.eclipse.pde.internal.ua.ui.editor.cheatsheet.simple,SimpleCSMasterTreeSection,doDropMove,34,9,3
eclipse.pde.ui-20120217-1437,org.eclipse.pde.internal.ua.ui.editor.cheatsheet.simple,SimpleCSMasterTreeSection,doDropMove,13,5,3
eclipse.pde.ui-20120217-1437,org.eclipse.pde.internal.ua.ui.editor.cheatsheet.simple,SimpleCSMasterTreeSection,doDropMove,30,8,3
eclipse.pde.ui-20120217-1437,org.eclipse.pde.internal.ua.ui.editor.cheatsheet.simple,SimpleCSMasterTreeSection,doDropMove,21,6,3
eclipse.pde.ui-20120217-1437,org.eclipse.pde.internal.ua.ui.editor.cheatsheet.simple,SimpleCSMasterTreeSection,doDropMove,33,10,3
eclipse.pde.ui-20120217-1437,org.eclipse.pde.internal.ua.ui.editor.cheatsheet.simple,SimpleCSMasterTreeSection,doDropMove,30,8,3
eclipse.pde.ui-20120217-1437,org.eclipse.pde.internal.ua.ui.editor.cheatsheet.simple,SimpleCSMasterTreeSection,doDragRemove,24,5,1
eclipse.pde.ui-20120217-1437,org.eclipse.pde.internal.ua.ui.editor.cheatsheet.simple,SimpleCSMasterTreeSection,createSubStepInfoDecoration,8,1,0
eclipse.pde.ui-20120217-1437,org.eclipse.pde.internal.ua.ui.editor.cheatsheet.simple,SimpleCSMasterTreeSection,updateSubStepInfoDecoration,15,4,3
eclipse.pde.ui-20120217-1437,org.eclipse.pde.internal.ua.ui.editor.cheatsheet.simple,SimpleCSMasterTreeSection,createTreeListeners,3,1,0
eclipse.pde.ui-20120217-1437,org.eclipse.pde.internal.ua.ui.editor.cheatsheet.simple,SimpleCSMasterTreeSection,getSelection,3,1,0
eclipse.pde.ui-20120217-1437,org.eclipse.pde.internal.ua.ui.editor.cheatsheet.simple,SimpleCSMasterTreeSection,buttonSelected,22,7,1
eclipse.pde.ui-20120217-1437,org.eclipse.pde.internal.ua.ui.editor.cheatsheet.simple,SimpleCSMasterTreeSection,selectionChanged,4,1,1
eclipse.pde.ui-20120217-1437,org.eclipse.pde.internal.ua.ui.editor.cheatsheet.simple,SimpleCSMasterTreeSection,updateButtons,70,16,0
eclipse.pde.ui-20120217-1437,org.eclipse.pde.internal.ua.ui.editor.cheatsheet.simple,SimpleCSMasterTreeSection,handleAddStepAction,10,2,0
eclipse.pde.ui-20120217-1437,org.eclipse.pde.internal.ua.ui.editor.cheatsheet.simple,SimpleCSMasterTreeSection,getCurrentSelection,5,1,0
eclipse.pde.ui-20120217-1437,org.eclipse.pde.internal.ua.ui.editor.cheatsheet.simple,SimpleCSMasterTreeSection,handleAddSubStepAction,8,2,0
eclipse.pde.ui-20120217-1437,org.eclipse.pde.internal.ua.ui.editor.cheatsheet.simple,SimpleCSMasterTreeSection,handleMoveStepAction,17,5,1
eclipse.pde.ui-20120217-1437,org.eclipse.pde.internal.ua.ui.editor.cheatsheet.simple,SimpleCSMasterTreeSection,handlePreviewAction,8,1,0
eclipse.pde.ui-20120217-1437,org.eclipse.pde.internal.ua.ui.editor.cheatsheet.simple,SimpleCSMasterTreeSection,modelChanged,17,6,1
eclipse.pde.ui-20120217-1437,org.eclipse.pde.internal.ua.ui.editor.cheatsheet.simple,SimpleCSMasterTreeSection,refresh,6,1,0
eclipse.pde.ui-20120217-1437,org.eclipse.pde.internal.ua.ui.editor.cheatsheet.simple,SimpleCSMasterTreeSection,handleModelEventWorldChanged,3,1,1
eclipse.pde.ui-20120217-1437,org.eclipse.pde.internal.ua.ui.editor.cheatsheet.simple,SimpleCSMasterTreeSection,handleModelChangeTypeSwap,12,4,1
eclipse.pde.ui-20120217-1437,org.eclipse.pde.internal.ua.ui.editor.cheatsheet.simple,SimpleCSMasterTreeSection,handleModelInsertType,10,3,1
eclipse.pde.ui-20120217-1437,org.eclipse.pde.internal.ua.ui.editor.cheatsheet.simple,SimpleCSMasterTreeSection,handleModelRemoveType,32,9,1
eclipse.pde.ui-20120217-1437,org.eclipse.pde.internal.ua.ui.editor.cheatsheet.simple,SimpleCSMasterTreeSection,handleModelChangeType,12,4,1
eclipse.pde.ui-20120217-1437,org.eclipse.pde.internal.ua.ui.editor.cheatsheet.simple,SimpleCSMasterTreeSection,fireSelection,3,1,0
eclipse.pde.ui-20120217-1437,org.eclipse.pde.internal.ua.ui.editor.cheatsheet.simple,SimpleCSMasterTreeSection,fillContextMenu,44,7,1
eclipse.pde.ui-20120217-1437,org.eclipse.pde.internal.ua.ui.editor.cheatsheet.simple,SimpleCSMasterTreeSection,doGlobalAction,18,5,1
eclipse.pde.ui-20120217-1437,org.eclipse.pde.internal.ua.ui.editor.cheatsheet.simple,SimpleCSMasterTreeSection,handleDeleteAction,29,8,0
eclipse.pde.ui-20120217-1437,org.eclipse.pde.internal.ua.ui.editor.cheatsheet.simple,SimpleCSMasterTreeSection,setFormInput,10,3,1
eclipse.pde.ui-20120217-1437,org.eclipse.pde.internal.ua.ui.editor.cheatsheet.simple,SimpleCSMasterTreeSection,validatePaste,9,3,2
eclipse.pde.ui-20120217-1437,org.eclipse.pde.internal.ua.ui.editor.cheatsheet.simple,SimpleCSMasterTreeSection,validatePaste,12,4,1
eclipse.pde.ui-20120217-1437,org.eclipse.pde.internal.ua.ui.editor.cheatsheet.simple,SimpleCSMasterTreeSection,canPaste,27,9,2
eclipse.pde.ui-20120217-1437,org.eclipse.pde.internal.ua.ui.editor.cheatsheet.simple,SimpleCSMasterTreeSection,doPaste,45,9,2
eclipse.pde.ui-20120217-1437,org.eclipse.pde.internal.ua.ui.editor.cheatsheet.simple,SimpleCSMasterTreeSection,canCut,23,7,1
eclipse.pde.ui-20120217-1437,org.eclipse.pde.internal.ua.ui.editor.cheatsheet.simple,SimpleCSSourcePage,SimpleCSSourcePage,3,1,3
eclipse.pde.ui-20120217-1437,org.eclipse.pde.internal.ua.ui.editor.cheatsheet.simple,SimpleCSSourcePage,isQuickOutlineEnabled,3,1,0
eclipse.pde.ui-20120217-1437,org.eclipse.pde.internal.ua.ui.editor.cheatsheet.simple,SimpleCSSourcePage,createOutlineComparator,3,1,0
eclipse.pde.ui-20120217-1437,org.eclipse.pde.internal.ua.ui.editor.cheatsheet.simple,SimpleCSSourcePage,createOutlineContentProvider,3,1,0
eclipse.pde.ui-20120217-1437,org.eclipse.pde.internal.ua.ui.editor.cheatsheet.simple,SimpleCSSourcePage,createOutlineLabelProvider,3,1,0
eclipse.pde.ui-20120217-1437,org.eclipse.pde.internal.ua.ui.editor.cheatsheet.simple,SimpleCSSourcePage,isSelectionListener,3,1,0
eclipse.pde.ui-20120217-1437,org.eclipse.pde.internal.ua.ui.editor.cheatsheet.simple,SimpleCSSourcePage,updateSelection,7,2,1
eclipse.pde.ui-20120217-1437,org.eclipse.pde.internal.ua.ui.editor.cheatsheet.simple,SimpleCSSourcePage,findRange,7,2,0
eclipse.pde.ui-20120217-1437,org.eclipse.pde.internal.ua.ui.editor.cheatsheet.simple,SimpleCSSourcePage,getRangeElement,4,1,2
eclipse.pde.ui-20120217-1437,org.eclipse.pde.internal.ua.ui.editor.cheatsheet.simple,SimpleCSSourcePage,synchronizeOutlinePage,6,1,1
eclipse.pde.ui-20120217-1437,org.eclipse.pde.internal.ua.ui.editor.cheatsheet.simple,SimpleCSSourcePage,adaptRange,29,9,1
eclipse.pde.ui-20120217-1437,org.eclipse.pde.internal.ua.ui.editor.cheatsheet.simple,SimpleCSSourcePage,editorContextMenuAboutToShow,11,1,1
eclipse.pde.ui-20120217-1437,org.eclipse.pde.internal.ua.ui.editor.cheatsheet.simple,SimpleCSSourcePage,setPartName,3,1,1
eclipse.pde.ui-20120217-1437,org.eclipse.pde.internal.ua.ui.editor.cheatsheet.simple,SimpleCSSourcePage,initializeEditor,4,1,0
eclipse.pde.ui-20120217-1437,org.eclipse.pde.internal.ua.ui.editor.cheatsheet.simple,SimpleCSSourcePage,getAdapter,6,2,1
eclipse.pde.ui-20120217-1437,org.eclipse.pde.internal.ua.ui.editor.cheatsheet.simple,SimpleMessages,SimpleMessages,2,1,0
eclipse.pde.ui-20120217-1437,org.eclipse.pde.internal.ua.ui.editor.cheatsheet.simple.actions,SimpleActionMessages,SimpleActionMessages,2,1,0
eclipse.pde.ui-20120217-1437,org.eclipse.pde.internal.ua.ui.editor.cheatsheet.simple.actions,SimpleCSAddStepAction,SimpleCSAddStepAction,3,1,0
eclipse.pde.ui-20120217-1437,org.eclipse.pde.internal.ua.ui.editor.cheatsheet.simple.actions,SimpleCSAddStepAction,setDataObject,22,4,1
eclipse.pde.ui-20120217-1437,org.eclipse.pde.internal.ua.ui.editor.cheatsheet.simple.actions,SimpleCSAddStepAction,run,7,2,0
eclipse.pde.ui-20120217-1437,org.eclipse.pde.internal.ua.ui.editor.cheatsheet.simple.actions,SimpleCSAddStepAction,insertNewItem,12,3,1
eclipse.pde.ui-20120217-1437,org.eclipse.pde.internal.ua.ui.editor.cheatsheet.simple.actions,SimpleCSAddStepAction,createNewItem,14,2,0
eclipse.pde.ui-20120217-1437,org.eclipse.pde.internal.ua.ui.editor.cheatsheet.simple.actions,SimpleCSAddSubStepAction,SimpleCSAddSubStepAction,3,1,0
eclipse.pde.ui-20120217-1437,org.eclipse.pde.internal.ua.ui.editor.cheatsheet.simple.actions,SimpleCSAddSubStepAction,setDataObject,23,6,1
eclipse.pde.ui-20120217-1437,org.eclipse.pde.internal.ua.ui.editor.cheatsheet.simple.actions,SimpleCSAddSubStepAction,run,7,2,0
eclipse.pde.ui-20120217-1437,org.eclipse.pde.internal.ua.ui.editor.cheatsheet.simple.actions,SimpleCSAddSubStepAction,createNewSubItem,14,3,0
eclipse.pde.ui-20120217-1437,org.eclipse.pde.internal.ua.ui.editor.cheatsheet.simple.actions,SimpleCSAddSubStepAction,insertNewSubItem,9,2,1
eclipse.pde.ui-20120217-1437,org.eclipse.pde.internal.ua.ui.editor.cheatsheet.simple.actions,SimpleCSPreviewAction,SimpleCSPreviewAction,6,1,0
eclipse.pde.ui-20120217-1437,org.eclipse.pde.internal.ua.ui.editor.cheatsheet.simple.actions,SimpleCSPreviewAction,run,20,3,0
eclipse.pde.ui-20120217-1437,org.eclipse.pde.internal.ua.ui.editor.cheatsheet.simple.actions,SimpleCSPreviewAction,setDataModelObject,3,1,1
eclipse.pde.ui-20120217-1437,org.eclipse.pde.internal.ua.ui.editor.cheatsheet.simple.actions,SimpleCSPreviewAction,setEditorInput,3,1,1
eclipse.pde.ui-20120217-1437,org.eclipse.pde.internal.ua.ui.editor.cheatsheet.simple.actions,SimpleCSRemoveRunObjectAction,SimpleCSRemoveRunObjectAction,3,1,0
eclipse.pde.ui-20120217-1437,org.eclipse.pde.internal.ua.ui.editor.cheatsheet.simple.actions,SimpleCSRemoveRunObjectAction,setRunObject,3,1,1
eclipse.pde.ui-20120217-1437,org.eclipse.pde.internal.ua.ui.editor.cheatsheet.simple.actions,SimpleCSRemoveRunObjectAction,run,19,6,0
eclipse.pde.ui-20120217-1437,org.eclipse.pde.internal.ua.ui.editor.cheatsheet.simple.actions,SimpleCSRemoveStepAction,SimpleCSRemoveStepAction,5,1,0
eclipse.pde.ui-20120217-1437,org.eclipse.pde.internal.ua.ui.editor.cheatsheet.simple.actions,SimpleCSRemoveStepAction,setItem,3,1,1
eclipse.pde.ui-20120217-1437,org.eclipse.pde.internal.ua.ui.editor.cheatsheet.simple.actions,SimpleCSRemoveStepAction,run,7,2,0
eclipse.pde.ui-20120217-1437,org.eclipse.pde.internal.ua.ui.editor.cheatsheet.simple.actions,SimpleCSRemoveStepAction,determineItemToSelect,9,3,1
eclipse.pde.ui-20120217-1437,org.eclipse.pde.internal.ua.ui.editor.cheatsheet.simple.actions,SimpleCSRemoveStepAction,getObjectToSelect,3,1,0
eclipse.pde.ui-20120217-1437,org.eclipse.pde.internal.ua.ui.editor.cheatsheet.simple.actions,SimpleCSRemoveSubStepAction,SimpleCSRemoveSubStepAction,5,1,0
eclipse.pde.ui-20120217-1437,org.eclipse.pde.internal.ua.ui.editor.cheatsheet.simple.actions,SimpleCSRemoveSubStepAction,setSubItem,3,1,1
eclipse.pde.ui-20120217-1437,org.eclipse.pde.internal.ua.ui.editor.cheatsheet.simple.actions,SimpleCSRemoveSubStepAction,run,20,5,0
eclipse.pde.ui-20120217-1437,org.eclipse.pde.internal.ua.ui.editor.cheatsheet.simple.actions,SimpleCSRemoveSubStepAction,determineItemToSelect,9,3,1
eclipse.pde.ui-20120217-1437,org.eclipse.pde.internal.ua.ui.editor.cheatsheet.simple.actions,SimpleCSRemoveSubStepAction,determineItemToSelect,3,1,1
eclipse.pde.ui-20120217-1437,org.eclipse.pde.internal.ua.ui.editor.cheatsheet.simple.actions,SimpleCSRemoveSubStepAction,getObjectToSelect,3,1,0
eclipse.pde.ui-20120217-1437,org.eclipse.pde.internal.ua.ui.editor.cheatsheet.simple.details,SimpleCSCommandComboPart,SimpleCSCommandComboPart,5,1,0
eclipse.pde.ui-20120217-1437,org.eclipse.pde.internal.ua.ui.editor.cheatsheet.simple.details,SimpleCSCommandComboPart,addDisposeListener,11,3,1
eclipse.pde.ui-20120217-1437,org.eclipse.pde.internal.ua.ui.editor.cheatsheet.simple.details,SimpleCSCommandComboPart,createControl,5,1,3
eclipse.pde.ui-20120217-1437,org.eclipse.pde.internal.ua.ui.editor.cheatsheet.simple.details,SimpleCSCommandComboPart,newCommandKey,4,1,1
eclipse.pde.ui-20120217-1437,org.eclipse.pde.internal.ua.ui.editor.cheatsheet.simple.details,SimpleCSCommandComboPart,putValueInCombo,14,4,2
eclipse.pde.ui-20120217-1437,org.eclipse.pde.internal.ua.ui.editor.cheatsheet.simple.details,SimpleCSCommandComboPart,removeLeastRecentEntry,13,3,0
eclipse.pde.ui-20120217-1437,org.eclipse.pde.internal.ua.ui.editor.cheatsheet.simple.details,SimpleCSCommandComboPart,setComboEntryLimit,3,1,1
eclipse.pde.ui-20120217-1437,org.eclipse.pde.internal.ua.ui.editor.cheatsheet.simple.details,SimpleCSCommandComboPart,getComboEntryLimit,3,1,0
eclipse.pde.ui-20120217-1437,org.eclipse.pde.internal.ua.ui.editor.cheatsheet.simple.details,SimpleCSCommandComboPart,setNewCommandKeyIndex,3,1,1
eclipse.pde.ui-20120217-1437,org.eclipse.pde.internal.ua.ui.editor.cheatsheet.simple.details,SimpleCSCommandComboPart,getNewCommandKeyIndex,3,1,0
eclipse.pde.ui-20120217-1437,org.eclipse.pde.internal.ua.ui.editor.cheatsheet.simple.details,SimpleCSCommandComboPart,widgetDisposed,3,1,1
eclipse.pde.ui-20120217-1437,org.eclipse.pde.internal.ua.ui.editor.cheatsheet.simple.details,SimpleCSCommandComboPart,populate,7,2,0
eclipse.pde.ui-20120217-1437,org.eclipse.pde.internal.ua.ui.editor.cheatsheet.simple.details,SimpleCSCommandComboPart,putValue,3,1,2
eclipse.pde.ui-20120217-1437,org.eclipse.pde.internal.ua.ui.editor.cheatsheet.simple.details,SimpleCSCommandComboPart,putValue,5,1,3
eclipse.pde.ui-20120217-1437,org.eclipse.pde.internal.ua.ui.editor.cheatsheet.simple.details,SimpleCSCommandComboPart,getValue,3,1,1
eclipse.pde.ui-20120217-1437,org.eclipse.pde.internal.ua.ui.editor.cheatsheet.simple.details,SimpleCSCommandDetails,SimpleCSCommandDetails,9,1,1
eclipse.pde.ui-20120217-1437,org.eclipse.pde.internal.ua.ui.editor.cheatsheet.simple.details,SimpleCSCommandDetails,setData,3,1,1
eclipse.pde.ui-20120217-1437,org.eclipse.pde.internal.ua.ui.editor.cheatsheet.simple.details,SimpleCSCommandDetails,createDetails,54,1,1
eclipse.pde.ui-20120217-1437,org.eclipse.pde.internal.ua.ui.editor.cheatsheet.simple.details,SimpleCSCommandDetails,createCommandInfoDecoration,8,1,0
eclipse.pde.ui-20120217-1437,org.eclipse.pde.internal.ua.ui.editor.cheatsheet.simple.details,SimpleCSCommandDetails,hookListeners,55,9,0
eclipse.pde.ui-20120217-1437,org.eclipse.pde.internal.ua.ui.editor.cheatsheet.simple.details,SimpleCSCommandDetails,widgetSelected,22,5,1
eclipse.pde.ui-20120217-1437,org.eclipse.pde.internal.ua.ui.editor.cheatsheet.simple.details,SimpleCSCommandDetails,widgetSelected,11,3,1
eclipse.pde.ui-20120217-1437,org.eclipse.pde.internal.ua.ui.editor.cheatsheet.simple.details,SimpleCSCommandDetails,widgetSelected,11,3,1
eclipse.pde.ui-20120217-1437,org.eclipse.pde.internal.ua.ui.editor.cheatsheet.simple.details,SimpleCSCommandDetails,updateFields,14,3,0
eclipse.pde.ui-20120217-1437,org.eclipse.pde.internal.ua.ui.editor.cheatsheet.simple.details,SimpleCSCommandDetails,updateUICommandOptional,12,2,0
eclipse.pde.ui-20120217-1437,org.eclipse.pde.internal.ua.ui.editor.cheatsheet.simple.details,SimpleCSCommandDetails,getCommandObject,13,4,1
eclipse.pde.ui-20120217-1437,org.eclipse.pde.internal.ua.ui.editor.cheatsheet.simple.details,SimpleCSCommandDetails,clearCommandUI,4,1,0
eclipse.pde.ui-20120217-1437,org.eclipse.pde.internal.ua.ui.editor.cheatsheet.simple.details,SimpleCSCommandDetails,updateCommandEnablement,19,4,0
eclipse.pde.ui-20120217-1437,org.eclipse.pde.internal.ua.ui.editor.cheatsheet.simple.details,SimpleCSCommandDetails,createCommandInModel,9,2,1
eclipse.pde.ui-20120217-1437,org.eclipse.pde.internal.ua.ui.editor.cheatsheet.simple.details,SimpleCSCommandDetails,updateCommandCombo,31,5,2
eclipse.pde.ui-20120217-1437,org.eclipse.pde.internal.ua.ui.editor.cheatsheet.simple.details,SimpleCSCommandDetails,getParameterizedCommand,17,3,1
eclipse.pde.ui-20120217-1437,org.eclipse.pde.internal.ua.ui.editor.cheatsheet.simple.details,SimpleCSCommandDetails,getParameterizedCommand,11,3,1
eclipse.pde.ui-20120217-1437,org.eclipse.pde.internal.ua.ui.editor.cheatsheet.simple.details,SimpleCSCommandDetails,updateCommandTable,34,8,1
eclipse.pde.ui-20120217-1437,org.eclipse.pde.internal.ua.ui.editor.cheatsheet.simple.details,SimpleCSCommandDetails,getCommandService,4,1,0
eclipse.pde.ui-20120217-1437,org.eclipse.pde.internal.ua.ui.editor.cheatsheet.simple.details,SimpleCSCommandDetails,getGlobalHandlerService,3,1,0
eclipse.pde.ui-20120217-1437,org.eclipse.pde.internal.ua.ui.editor.cheatsheet.simple.details,SimpleCSCommandDetails,getSnapshotContext,4,1,0
eclipse.pde.ui-20120217-1437,org.eclipse.pde.internal.ua.ui.editor.cheatsheet.simple.details,SimpleCSCommandDetails,updateCommandInfoDecoration,9,2,1
eclipse.pde.ui-20120217-1437,org.eclipse.pde.internal.ua.ui.editor.cheatsheet.simple.details,SimpleCSCommandDetails,commit,3,1,1
eclipse.pde.ui-20120217-1437,org.eclipse.pde.internal.ua.ui.editor.cheatsheet.simple.details,SimpleCSDetails,SimpleCSDetails,6,1,1
eclipse.pde.ui-20120217-1437,org.eclipse.pde.internal.ua.ui.editor.cheatsheet.simple.details,SimpleCSDetails,setData,3,1,1
eclipse.pde.ui-20120217-1437,org.eclipse.pde.internal.ua.ui.editor.cheatsheet.simple.details,SimpleCSDetails,selectionChanged,8,2,2
eclipse.pde.ui-20120217-1437,org.eclipse.pde.internal.ua.ui.editor.cheatsheet.simple.details,SimpleCSDetails,createDetails,18,1,1
eclipse.pde.ui-20120217-1437,org.eclipse.pde.internal.ua.ui.editor.cheatsheet.simple.details,SimpleCSDetails,hookListeners,11,2,0
eclipse.pde.ui-20120217-1437,org.eclipse.pde.internal.ua.ui.editor.cheatsheet.simple.details,SimpleCSDetails,textValueChanged,6,2,1
eclipse.pde.ui-20120217-1437,org.eclipse.pde.internal.ua.ui.editor.cheatsheet.simple.details,SimpleCSDetails,updateFields,8,2,0
eclipse.pde.ui-20120217-1437,org.eclipse.pde.internal.ua.ui.editor.cheatsheet.simple.details,SimpleCSDetails,commit,4,1,1
eclipse.pde.ui-20120217-1437,org.eclipse.pde.internal.ua.ui.editor.cheatsheet.simple.details,SimpleCSHelpDetails,SimpleCSHelpDetails,10,1,1
eclipse.pde.ui-20120217-1437,org.eclipse.pde.internal.ua.ui.editor.cheatsheet.simple.details,SimpleCSHelpDetails,setData,3,1,1
eclipse.pde.ui-20120217-1437,org.eclipse.pde.internal.ua.ui.editor.cheatsheet.simple.details,SimpleCSHelpDetails,createDetails,36,1,1
eclipse.pde.ui-20120217-1437,org.eclipse.pde.internal.ua.ui.editor.cheatsheet.simple.details,SimpleCSHelpDetails,hookListeners,59,7,0
eclipse.pde.ui-20120217-1437,org.eclipse.pde.internal.ua.ui.editor.cheatsheet.simple.details,SimpleCSHelpDetails,widgetSelected,29,4,1
eclipse.pde.ui-20120217-1437,org.eclipse.pde.internal.ua.ui.editor.cheatsheet.simple.details,SimpleCSHelpDetails,modifyText,16,4,1
eclipse.pde.ui-20120217-1437,org.eclipse.pde.internal.ua.ui.editor.cheatsheet.simple.details,SimpleCSHelpDetails,widgetSelected,3,1,1
eclipse.pde.ui-20120217-1437,org.eclipse.pde.internal.ua.ui.editor.cheatsheet.simple.details,SimpleCSHelpDetails,handleButtonSelectedEventBrowse,28,4,1
eclipse.pde.ui-20120217-1437,org.eclipse.pde.internal.ua.ui.editor.cheatsheet.simple.details,SimpleCSHelpDetails,updateFields,30,4,0
eclipse.pde.ui-20120217-1437,org.eclipse.pde.internal.ua.ui.editor.cheatsheet.simple.details,SimpleCSHelpDetails,commit,3,1,1
eclipse.pde.ui-20120217-1437,org.eclipse.pde.internal.ua.ui.editor.cheatsheet.simple.details,SimpleCSIntroDetails,SimpleCSIntroDetails,8,1,1
eclipse.pde.ui-20120217-1437,org.eclipse.pde.internal.ua.ui.editor.cheatsheet.simple.details,SimpleCSIntroDetails,setData,4,1,1
eclipse.pde.ui-20120217-1437,org.eclipse.pde.internal.ua.ui.editor.cheatsheet.simple.details,SimpleCSIntroDetails,selectionChanged,8,2,2
eclipse.pde.ui-20120217-1437,org.eclipse.pde.internal.ua.ui.editor.cheatsheet.simple.details,SimpleCSIntroDetails,initialize,4,1,1
eclipse.pde.ui-20120217-1437,org.eclipse.pde.internal.ua.ui.editor.cheatsheet.simple.details,SimpleCSIntroDetails,createDetails,18,1,1
eclipse.pde.ui-20120217-1437,org.eclipse.pde.internal.ua.ui.editor.cheatsheet.simple.details,SimpleCSIntroDetails,createUIFieldContent,12,1,1
eclipse.pde.ui-20120217-1437,org.eclipse.pde.internal.ua.ui.editor.cheatsheet.simple.details,SimpleCSIntroDetails,doGlobalAction,3,1,1
eclipse.pde.ui-20120217-1437,org.eclipse.pde.internal.ua.ui.editor.cheatsheet.simple.details,SimpleCSIntroDetails,hookListeners,4,1,0
eclipse.pde.ui-20120217-1437,org.eclipse.pde.internal.ua.ui.editor.cheatsheet.simple.details,SimpleCSIntroDetails,createUIListenersContentViewer,24,5,0
eclipse.pde.ui-20120217-1437,org.eclipse.pde.internal.ua.ui.editor.cheatsheet.simple.details,SimpleCSIntroDetails,documentAboutToBeChanged,2,1,1
eclipse.pde.ui-20120217-1437,org.eclipse.pde.internal.ua.ui.editor.cheatsheet.simple.details,SimpleCSIntroDetails,documentChanged,16,5,1
eclipse.pde.ui-20120217-1437,org.eclipse.pde.internal.ua.ui.editor.cheatsheet.simple.details,SimpleCSIntroDetails,updateFields,14,3,0
eclipse.pde.ui-20120217-1437,org.eclipse.pde.internal.ua.ui.editor.cheatsheet.simple.details,SimpleCSIntroDetails,dispose,7,2,0
eclipse.pde.ui-20120217-1437,org.eclipse.pde.internal.ua.ui.editor.cheatsheet.simple.details,SimpleCSIntroDetails,canPaste,3,1,1
eclipse.pde.ui-20120217-1437,org.eclipse.pde.internal.ua.ui.editor.cheatsheet.simple.details,SimpleCSIntroDetails,commit,3,1,1
eclipse.pde.ui-20120217-1437,org.eclipse.pde.internal.ua.ui.editor.cheatsheet.simple.details,SimpleCSItemDetails,SimpleCSItemDetails,12,1,1
eclipse.pde.ui-20120217-1437,org.eclipse.pde.internal.ua.ui.editor.cheatsheet.simple.details,SimpleCSItemDetails,initialize,5,1,1
eclipse.pde.ui-20120217-1437,org.eclipse.pde.internal.ua.ui.editor.cheatsheet.simple.details,SimpleCSItemDetails,createDetails,27,1,1
eclipse.pde.ui-20120217-1437,org.eclipse.pde.internal.ua.ui.editor.cheatsheet.simple.details,SimpleCSItemDetails,doGlobalAction,3,1,1
eclipse.pde.ui-20120217-1437,org.eclipse.pde.internal.ua.ui.editor.cheatsheet.simple.details,SimpleCSItemDetails,createUIFieldContent,12,1,1
eclipse.pde.ui-20120217-1437,org.eclipse.pde.internal.ua.ui.editor.cheatsheet.simple.details,SimpleCSItemDetails,createSkipInfoDecoration,8,1,0
eclipse.pde.ui-20120217-1437,org.eclipse.pde.internal.ua.ui.editor.cheatsheet.simple.details,SimpleCSItemDetails,hookListeners,24,3,0
eclipse.pde.ui-20120217-1437,org.eclipse.pde.internal.ua.ui.editor.cheatsheet.simple.details,SimpleCSItemDetails,textValueChanged,6,2,1
eclipse.pde.ui-20120217-1437,org.eclipse.pde.internal.ua.ui.editor.cheatsheet.simple.details,SimpleCSItemDetails,widgetSelected,7,2,1
eclipse.pde.ui-20120217-1437,org.eclipse.pde.internal.ua.ui.editor.cheatsheet.simple.details,SimpleCSItemDetails,createUIListenersContentViewer,24,5,0
eclipse.pde.ui-20120217-1437,org.eclipse.pde.internal.ua.ui.editor.cheatsheet.simple.details,SimpleCSItemDetails,documentAboutToBeChanged,2,1,1
eclipse.pde.ui-20120217-1437,org.eclipse.pde.internal.ua.ui.editor.cheatsheet.simple.details,SimpleCSItemDetails,documentChanged,16,5,1
eclipse.pde.ui-20120217-1437,org.eclipse.pde.internal.ua.ui.editor.cheatsheet.simple.details,SimpleCSItemDetails,updateFields,20,3,0
eclipse.pde.ui-20120217-1437,org.eclipse.pde.internal.ua.ui.editor.cheatsheet.simple.details,SimpleCSItemDetails,dispose,7,2,0
eclipse.pde.ui-20120217-1437,org.eclipse.pde.internal.ua.ui.editor.cheatsheet.simple.details,SimpleCSItemDetails,canPaste,3,1,1
eclipse.pde.ui-20120217-1437,org.eclipse.pde.internal.ua.ui.editor.cheatsheet.simple.details,SimpleCSItemDetails,updateSkipEnablement,14,3,0
eclipse.pde.ui-20120217-1437,org.eclipse.pde.internal.ua.ui.editor.cheatsheet.simple.details,SimpleCSItemDetails,updateSkipInfoDecoration,9,2,1
eclipse.pde.ui-20120217-1437,org.eclipse.pde.internal.ua.ui.editor.cheatsheet.simple.details,SimpleCSItemDetails,commit,4,1,1
eclipse.pde.ui-20120217-1437,org.eclipse.pde.internal.ua.ui.editor.cheatsheet.simple.details,SimpleCSItemDetails,selectionChanged,8,2,2
eclipse.pde.ui-20120217-1437,org.eclipse.pde.internal.ua.ui.editor.cheatsheet.simple.details,SimpleCSItemDetails,setData,5,1,1
eclipse.pde.ui-20120217-1437,org.eclipse.pde.internal.ua.ui.editor.cheatsheet.simple.details,SimpleCSSubItemDetails,SimpleCSSubItemDetails,8,1,1
eclipse.pde.ui-20120217-1437,org.eclipse.pde.internal.ua.ui.editor.cheatsheet.simple.details,SimpleCSSubItemDetails,setData,4,1,1
eclipse.pde.ui-20120217-1437,org.eclipse.pde.internal.ua.ui.editor.cheatsheet.simple.details,SimpleCSSubItemDetails,selectionChanged,8,2,2
eclipse.pde.ui-20120217-1437,org.eclipse.pde.internal.ua.ui.editor.cheatsheet.simple.details,SimpleCSSubItemDetails,initialize,4,1,1
eclipse.pde.ui-20120217-1437,org.eclipse.pde.internal.ua.ui.editor.cheatsheet.simple.details,SimpleCSSubItemDetails,createDetails,27,1,1
eclipse.pde.ui-20120217-1437,org.eclipse.pde.internal.ua.ui.editor.cheatsheet.simple.details,SimpleCSSubItemDetails,hookListeners,21,3,0
eclipse.pde.ui-20120217-1437,org.eclipse.pde.internal.ua.ui.editor.cheatsheet.simple.details,SimpleCSSubItemDetails,textValueChanged,6,2,1
eclipse.pde.ui-20120217-1437,org.eclipse.pde.internal.ua.ui.editor.cheatsheet.simple.details,SimpleCSSubItemDetails,widgetSelected,6,2,1
eclipse.pde.ui-20120217-1437,org.eclipse.pde.internal.ua.ui.editor.cheatsheet.simple.details,SimpleCSSubItemDetails,updateFields,11,2,0
eclipse.pde.ui-20120217-1437,org.eclipse.pde.internal.ua.ui.editor.cheatsheet.simple.details,SimpleCSSubItemDetails,commit,4,1,1
eclipse.pde.ui-20120217-1437,org.eclipse.pde.internal.ua.ui.editor.cheatsheet.simple.details,SimpleDetailsMessages,SimpleDetailsMessages,2,1,0
eclipse.pde.ui-20120217-1437,org.eclipse.pde.internal.ua.ui.editor.ctxhelp,CtxHelpBlock,CtxHelpBlock,3,1,1
eclipse.pde.ui-20120217-1437,org.eclipse.pde.internal.ua.ui.editor.ctxhelp,CtxHelpBlock,createMasterSection,4,1,2
eclipse.pde.ui-20120217-1437,org.eclipse.pde.internal.ua.ui.editor.ctxhelp,CtxHelpBlock,registerPages,8,1,1
eclipse.pde.ui-20120217-1437,org.eclipse.pde.internal.ua.ui.editor.ctxhelp,CtxHelpBlock,modelChanged,5,2,1
eclipse.pde.ui-20120217-1437,org.eclipse.pde.internal.ua.ui.editor.ctxhelp,CtxHelpBlock,getPage,3,1,1
eclipse.pde.ui-20120217-1437,org.eclipse.pde.internal.ua.ui.editor.ctxhelp,CtxHelpBlock,getPageKey,19,6,1
eclipse.pde.ui-20120217-1437,org.eclipse.pde.internal.ua.ui.editor.ctxhelp,CtxHelpBlock,getSelection,6,2,0
eclipse.pde.ui-20120217-1437,org.eclipse.pde.internal.ua.ui.editor.ctxhelp,CtxHelpBlock,getMasterSection,3,1,0
eclipse.pde.ui-20120217-1437,org.eclipse.pde.internal.ua.ui.editor.ctxhelp,CtxHelpContentProvider,getChildren,11,3,1
eclipse.pde.ui-20120217-1437,org.eclipse.pde.internal.ua.ui.editor.ctxhelp,CtxHelpContentProvider,getParent,6,2,1
eclipse.pde.ui-20120217-1437,org.eclipse.pde.internal.ua.ui.editor.ctxhelp,CtxHelpContentProvider,hasChildren,3,1,1
eclipse.pde.ui-20120217-1437,org.eclipse.pde.internal.ua.ui.editor.ctxhelp,CtxHelpContentProvider,getElements,3,1,1
eclipse.pde.ui-20120217-1437,org.eclipse.pde.internal.ua.ui.editor.ctxhelp,CtxHelpEditor,CtxHelpEditor,3,1,0
eclipse.pde.ui-20120217-1437,org.eclipse.pde.internal.ua.ui.editor.ctxhelp,CtxHelpEditor,getEditorID,3,1,0
eclipse.pde.ui-20120217-1437,org.eclipse.pde.internal.ua.ui.editor.ctxhelp,CtxHelpEditor,getAdapter,11,4,1
eclipse.pde.ui-20120217-1437,org.eclipse.pde.internal.ua.ui.editor.ctxhelp,CtxHelpEditor,inUiThread,7,2,0
eclipse.pde.ui-20120217-1437,org.eclipse.pde.internal.ua.ui.editor.ctxhelp,CtxHelpEditor,isShowInApplicable,15,5,0
eclipse.pde.ui-20120217-1437,org.eclipse.pde.internal.ua.ui.editor.ctxhelp,CtxHelpEditor,getShowInSource,32,6,0
eclipse.pde.ui-20120217-1437,org.eclipse.pde.internal.ua.ui.editor.ctxhelp,CtxHelpEditor,getShowInContext,27,6,0
eclipse.pde.ui-20120217-1437,org.eclipse.pde.internal.ua.ui.editor.ctxhelp,CtxHelpEditor,getShowInTargetList,8,1,0
eclipse.pde.ui-20120217-1437,org.eclipse.pde.internal.ua.ui.editor.ctxhelp,CtxHelpEditor,getShowInTargetIds,3,1,0
eclipse.pde.ui-20120217-1437,org.eclipse.pde.internal.ua.ui.editor.ctxhelp,CtxHelpEditor,isSaveAsAllowed,3,1,0
eclipse.pde.ui-20120217-1437,org.eclipse.pde.internal.ua.ui.editor.ctxhelp,CtxHelpEditor,getContextIDForSaveAs,3,1,0
eclipse.pde.ui-20120217-1437,org.eclipse.pde.internal.ua.ui.editor.ctxhelp,CtxHelpEditor,addEditorPages,9,1,0
eclipse.pde.ui-20120217-1437,org.eclipse.pde.internal.ua.ui.editor.ctxhelp,CtxHelpEditor,createContentOutline,3,1,0
eclipse.pde.ui-20120217-1437,org.eclipse.pde.internal.ua.ui.editor.ctxhelp,CtxHelpEditor,createInputContextManager,3,1,0
eclipse.pde.ui-20120217-1437,org.eclipse.pde.internal.ua.ui.editor.ctxhelp,CtxHelpEditor,createResourceContexts,4,1,2
eclipse.pde.ui-20120217-1437,org.eclipse.pde.internal.ua.ui.editor.ctxhelp,CtxHelpEditor,createStorageContexts,3,1,2
eclipse.pde.ui-20120217-1437,org.eclipse.pde.internal.ua.ui.editor.ctxhelp,CtxHelpEditor,createSystemFileContexts,10,1,2
eclipse.pde.ui-20120217-1437,org.eclipse.pde.internal.ua.ui.editor.ctxhelp,CtxHelpEditor,editorContextAdded,3,1,1
eclipse.pde.ui-20120217-1437,org.eclipse.pde.internal.ua.ui.editor.ctxhelp,CtxHelpEditor,getInputContext,3,1,1
eclipse.pde.ui-20120217-1437,org.eclipse.pde.internal.ua.ui.editor.ctxhelp,CtxHelpEditor,contextRemoved,3,1,1
eclipse.pde.ui-20120217-1437,org.eclipse.pde.internal.ua.ui.editor.ctxhelp,CtxHelpEditor,monitoredFileAdded,2,1,1
eclipse.pde.ui-20120217-1437,org.eclipse.pde.internal.ua.ui.editor.ctxhelp,CtxHelpEditor,monitoredFileRemoved,3,1,1
eclipse.pde.ui-20120217-1437,org.eclipse.pde.internal.ua.ui.editor.ctxhelp,CtxHelpEditor,getSelection,7,2,0
eclipse.pde.ui-20120217-1437,org.eclipse.pde.internal.ua.ui.editor.ctxhelp,CtxHelpEditor,canCut,12,4,1
eclipse.pde.ui-20120217-1437,org.eclipse.pde.internal.ua.ui.editor.ctxhelp,CtxHelpEditor,createSourcePage,3,1,4
eclipse.pde.ui-20120217-1437,org.eclipse.pde.internal.ua.ui.editor.ctxhelp,CtxHelpEditor,contributeToToolbar,28,2,1
eclipse.pde.ui-20120217-1437,org.eclipse.pde.internal.ua.ui.editor.ctxhelp,CtxHelpEditor,createControl,21,1,1
eclipse.pde.ui-20120217-1437,org.eclipse.pde.internal.ua.ui.editor.ctxhelp,CtxHelpEditor,linkActivated,3,1,1
eclipse.pde.ui-20120217-1437,org.eclipse.pde.internal.ua.ui.editor.ctxhelp,CtxHelpEditor,linkEntered,4,1,1
eclipse.pde.ui-20120217-1437,org.eclipse.pde.internal.ua.ui.editor.ctxhelp,CtxHelpEditor,linkExited,4,1,1
eclipse.pde.ui-20120217-1437,org.eclipse.pde.internal.ua.ui.editor.ctxhelp,CtxHelpEditor,handleRegisterCtxHelpFile,7,1,0
eclipse.pde.ui-20120217-1437,org.eclipse.pde.internal.ua.ui.editor.ctxhelp,CtxHelpEditor,doSave,6,1,1
eclipse.pde.ui-20120217-1437,org.eclipse.pde.internal.ua.ui.editor.ctxhelp,CtxHelpEditor,dispose,4,1,0
eclipse.pde.ui-20120217-1437,org.eclipse.pde.internal.ua.ui.editor.ctxhelp,CtxHelpEditor,createInputContexts,4,1,1
eclipse.pde.ui-20120217-1437,org.eclipse.pde.internal.ua.ui.editor.ctxhelp,CtxHelpFormOutlinePage,CtxHelpFormOutlinePage,3,1,1
eclipse.pde.ui-20120217-1437,org.eclipse.pde.internal.ua.ui.editor.ctxhelp,CtxHelpFormOutlinePage,CtxHelpLabelProvider,3,1,1
eclipse.pde.ui-20120217-1437,org.eclipse.pde.internal.ua.ui.editor.ctxhelp,CtxHelpFormOutlinePage,getText,6,2,1
eclipse.pde.ui-20120217-1437,org.eclipse.pde.internal.ua.ui.editor.ctxhelp,CtxHelpFormOutlinePage,getChildren,17,5,1
eclipse.pde.ui-20120217-1437,org.eclipse.pde.internal.ua.ui.editor.ctxhelp,CtxHelpFormOutlinePage,createLabelProvider,3,1,0
eclipse.pde.ui-20120217-1437,org.eclipse.pde.internal.ua.ui.editor.ctxhelp,CtxHelpFormOutlinePage,getParentPageId,3,1,1
eclipse.pde.ui-20120217-1437,org.eclipse.pde.internal.ua.ui.editor.ctxhelp,CtxHelpLabelProvider,CtxHelpLabelProvider,3,1,1
eclipse.pde.ui-20120217-1437,org.eclipse.pde.internal.ua.ui.editor.ctxhelp,CtxHelpLabelProvider,getText,6,2,1
eclipse.pde.ui-20120217-1437,org.eclipse.pde.internal.ua.ui.editor.ctxhelp,CtxHelpInputContext,CtxHelpInputContext,4,1,3
eclipse.pde.ui-20120217-1437,org.eclipse.pde.internal.ua.ui.editor.ctxhelp,CtxHelpInputContext,createModel,28,5,1
eclipse.pde.ui-20120217-1437,org.eclipse.pde.internal.ua.ui.editor.ctxhelp,CtxHelpInputContext,getId,3,1,0
eclipse.pde.ui-20120217-1437,org.eclipse.pde.internal.ua.ui.editor.ctxhelp,CtxHelpInputContext,reorderInsertEdits,2,1,1
eclipse.pde.ui-20120217-1437,org.eclipse.pde.internal.ua.ui.editor.ctxhelp,CtxHelpInputContext,doRevert,7,1,0
eclipse.pde.ui-20120217-1437,org.eclipse.pde.internal.ua.ui.editor.ctxhelp,CtxHelpInputContext,getPartitionName,3,1,0
eclipse.pde.ui-20120217-1437,org.eclipse.pde.internal.ua.ui.editor.ctxhelp,CtxHelpInputContextManager,CtxHelpInputContextManager,3,1,1
eclipse.pde.ui-20120217-1437,org.eclipse.pde.internal.ua.ui.editor.ctxhelp,CtxHelpInputContextManager,getAggregateModel,7,2,0
eclipse.pde.ui-20120217-1437,org.eclipse.pde.internal.ua.ui.editor.ctxhelp,CtxHelpMessages,CtxHelpMessages,2,1,0
eclipse.pde.ui-20120217-1437,org.eclipse.pde.internal.ua.ui.editor.ctxhelp,CtxHelpPage,CtxHelpPage,4,1,1
eclipse.pde.ui-20120217-1437,org.eclipse.pde.internal.ua.ui.editor.ctxhelp,CtxHelpPage,getBlock,3,1,0
eclipse.pde.ui-20120217-1437,org.eclipse.pde.internal.ua.ui.editor.ctxhelp,CtxHelpPage,createFormContent,14,2,1
eclipse.pde.ui-20120217-1437,org.eclipse.pde.internal.ua.ui.editor.ctxhelp,CtxHelpPage,createErrorContent,4,1,1
eclipse.pde.ui-20120217-1437,org.eclipse.pde.internal.ua.ui.editor.ctxhelp,CtxHelpPage,dispose,7,2,0
eclipse.pde.ui-20120217-1437,org.eclipse.pde.internal.ua.ui.editor.ctxhelp,CtxHelpPage,modelChanged,3,1,1
eclipse.pde.ui-20120217-1437,org.eclipse.pde.internal.ua.ui.editor.ctxhelp,CtxHelpPage,getSelection,3,1,0
eclipse.pde.ui-20120217-1437,org.eclipse.pde.internal.ua.ui.editor.ctxhelp,CtxHelpPage,setActive,37,10,1
eclipse.pde.ui-20120217-1437,org.eclipse.pde.internal.ua.ui.editor.ctxhelp,CtxHelpPage,getHelpResource,3,1,0
eclipse.pde.ui-20120217-1437,org.eclipse.pde.internal.ua.ui.editor.ctxhelp,CtxHelpSourcePage,CtxHelpSourcePage,3,1,3
eclipse.pde.ui-20120217-1437,org.eclipse.pde.internal.ua.ui.editor.ctxhelp,CtxHelpSourcePage,isQuickOutlineEnabled,3,1,0
eclipse.pde.ui-20120217-1437,org.eclipse.pde.internal.ua.ui.editor.ctxhelp,CtxHelpSourcePage,createOutlineComparator,3,1,0
eclipse.pde.ui-20120217-1437,org.eclipse.pde.internal.ua.ui.editor.ctxhelp,CtxHelpSourcePage,createOutlineContentProvider,3,1,0
eclipse.pde.ui-20120217-1437,org.eclipse.pde.internal.ua.ui.editor.ctxhelp,CtxHelpSourcePage,createOutlineLabelProvider,3,1,0
eclipse.pde.ui-20120217-1437,org.eclipse.pde.internal.ua.ui.editor.ctxhelp,CtxHelpSourcePage,setPartName,3,1,1
eclipse.pde.ui-20120217-1437,org.eclipse.pde.internal.ua.ui.editor.ctxhelp,CtxHelpSourcePage,isSelectionListener,3,1,0
eclipse.pde.ui-20120217-1437,org.eclipse.pde.internal.ua.ui.editor.ctxhelp,CtxHelpSourcePage,updateSelection,7,2,1
eclipse.pde.ui-20120217-1437,org.eclipse.pde.internal.ua.ui.editor.ctxhelp,CtxHelpSourcePage,findRange,6,2,0
eclipse.pde.ui-20120217-1437,org.eclipse.pde.internal.ua.ui.editor.ctxhelp,CtxHelpSourcePage,getRangeElement,4,1,2
eclipse.pde.ui-20120217-1437,org.eclipse.pde.internal.ua.ui.editor.ctxhelp,CtxHelpSourcePage,synchronizeOutlinePage,8,2,1
eclipse.pde.ui-20120217-1437,org.eclipse.pde.internal.ua.ui.editor.ctxhelp,CtxHelpSourcePage,initializeEditor,3,1,0
eclipse.pde.ui-20120217-1437,org.eclipse.pde.internal.ua.ui.editor.ctxhelp,CtxHelpTreeSection,OpenLinkAction,3,1,0
eclipse.pde.ui-20120217-1437,org.eclipse.pde.internal.ua.ui.editor.ctxhelp,CtxHelpTreeSection,setTarget,3,1,1
eclipse.pde.ui-20120217-1437,org.eclipse.pde.internal.ua.ui.editor.ctxhelp,CtxHelpTreeSection,run,5,2,0
eclipse.pde.ui-20120217-1437,org.eclipse.pde.internal.ua.ui.editor.ctxhelp,CtxHelpTreeSection,CtxHelpTreeSection,3,1,2
eclipse.pde.ui-20120217-1437,org.eclipse.pde.internal.ua.ui.editor.ctxhelp,CtxHelpTreeSection,createClient,13,1,2
eclipse.pde.ui-20120217-1437,org.eclipse.pde.internal.ua.ui.editor.ctxhelp,CtxHelpTreeSection,createCommands,40,4,0
eclipse.pde.ui-20120217-1437,org.eclipse.pde.internal.ua.ui.editor.ctxhelp,CtxHelpTreeSection,run,8,2,0
eclipse.pde.ui-20120217-1437,org.eclipse.pde.internal.ua.ui.editor.ctxhelp,CtxHelpTreeSection,run,8,2,0
eclipse.pde.ui-20120217-1437,org.eclipse.pde.internal.ua.ui.editor.ctxhelp,CtxHelpTreeSection,run,8,2,0
eclipse.pde.ui-20120217-1437,org.eclipse.pde.internal.ua.ui.editor.ctxhelp,CtxHelpTreeSection,createSectionToolbar,17,2,2
eclipse.pde.ui-20120217-1437,org.eclipse.pde.internal.ua.ui.editor.ctxhelp,CtxHelpTreeSection,widgetDisposed,5,2,1
eclipse.pde.ui-20120217-1437,org.eclipse.pde.internal.ua.ui.editor.ctxhelp,CtxHelpTreeSection,createTree,9,1,2
eclipse.pde.ui-20120217-1437,org.eclipse.pde.internal.ua.ui.editor.ctxhelp,CtxHelpTreeSection,createTreeViewer,5,1,2
eclipse.pde.ui-20120217-1437,org.eclipse.pde.internal.ua.ui.editor.ctxhelp,CtxHelpTreeSection,initializeTreeViewer,13,2,0
eclipse.pde.ui-20120217-1437,org.eclipse.pde.internal.ua.ui.editor.ctxhelp,CtxHelpTreeSection,setFormInput,10,3,1
eclipse.pde.ui-20120217-1437,org.eclipse.pde.internal.ua.ui.editor.ctxhelp,CtxHelpTreeSection,getSelection,3,1,0
eclipse.pde.ui-20120217-1437,org.eclipse.pde.internal.ua.ui.editor.ctxhelp,CtxHelpTreeSection,setSelection,3,1,1
eclipse.pde.ui-20120217-1437,org.eclipse.pde.internal.ua.ui.editor.ctxhelp,CtxHelpTreeSection,fireSelection,3,1,0
eclipse.pde.ui-20120217-1437,org.eclipse.pde.internal.ua.ui.editor.ctxhelp,CtxHelpTreeSection,selectionChanged,4,1,1
eclipse.pde.ui-20120217-1437,org.eclipse.pde.internal.ua.ui.editor.ctxhelp,CtxHelpTreeSection,updateButtons,49,12,0
eclipse.pde.ui-20120217-1437,org.eclipse.pde.internal.ua.ui.editor.ctxhelp,CtxHelpTreeSection,fillContextMenu,37,8,1
eclipse.pde.ui-20120217-1437,org.eclipse.pde.internal.ua.ui.editor.ctxhelp,CtxHelpTreeSection,fillContextMenuShowInAction,13,3,1
eclipse.pde.ui-20120217-1437,org.eclipse.pde.internal.ua.ui.editor.ctxhelp,CtxHelpTreeSection,updateAddContextActionWithSelection,21,4,1
eclipse.pde.ui-20120217-1437,org.eclipse.pde.internal.ua.ui.editor.ctxhelp,CtxHelpTreeSection,updateAddTopicActionWithSelection,17,4,1
eclipse.pde.ui-20120217-1437,org.eclipse.pde.internal.ua.ui.editor.ctxhelp,CtxHelpTreeSection,updateAddCommandActionWithSelection,17,4,1
eclipse.pde.ui-20120217-1437,org.eclipse.pde.internal.ua.ui.editor.ctxhelp,CtxHelpTreeSection,updateRemoveActionWithSelection,6,1,1
eclipse.pde.ui-20120217-1437,org.eclipse.pde.internal.ua.ui.editor.ctxhelp,CtxHelpTreeSection,getRemovableObjectFromSelection,10,3,1
eclipse.pde.ui-20120217-1437,org.eclipse.pde.internal.ua.ui.editor.ctxhelp,CtxHelpTreeSection,doGlobalAction,13,3,1
eclipse.pde.ui-20120217-1437,org.eclipse.pde.internal.ua.ui.editor.ctxhelp,CtxHelpTreeSection,canPaste,3,1,2
eclipse.pde.ui-20120217-1437,org.eclipse.pde.internal.ua.ui.editor.ctxhelp,CtxHelpTreeSection,doPaste,3,1,2
eclipse.pde.ui-20120217-1437,org.eclipse.pde.internal.ua.ui.editor.ctxhelp,CtxHelpTreeSection,handleDoubleClick,9,3,1
eclipse.pde.ui-20120217-1437,org.eclipse.pde.internal.ua.ui.editor.ctxhelp,CtxHelpTreeSection,open,24,4,1
eclipse.pde.ui-20120217-1437,org.eclipse.pde.internal.ua.ui.editor.ctxhelp,CtxHelpTreeSection,buttonSelected,29,7,1
eclipse.pde.ui-20120217-1437,org.eclipse.pde.internal.ua.ui.editor.ctxhelp,CtxHelpTreeSection,handleMoveAction,15,4,1
eclipse.pde.ui-20120217-1437,org.eclipse.pde.internal.ua.ui.editor.ctxhelp,CtxHelpTreeSection,dispose,4,1,0
eclipse.pde.ui-20120217-1437,org.eclipse.pde.internal.ua.ui.editor.ctxhelp,CtxHelpTreeSection,isDragAndDropEnabled,3,1,0
eclipse.pde.ui-20120217-1437,org.eclipse.pde.internal.ua.ui.editor.ctxhelp,CtxHelpTreeSection,getSupportedDNDOperations,3,1,0
eclipse.pde.ui-20120217-1437,org.eclipse.pde.internal.ua.ui.editor.ctxhelp,CtxHelpTreeSection,doDropCopy,26,7,3
eclipse.pde.ui-20120217-1437,org.eclipse.pde.internal.ua.ui.editor.ctxhelp,CtxHelpTreeSection,doDropMove,3,1,3
eclipse.pde.ui-20120217-1437,org.eclipse.pde.internal.ua.ui.editor.ctxhelp,CtxHelpTreeSection,canDropCopy,35,10,3
eclipse.pde.ui-20120217-1437,org.eclipse.pde.internal.ua.ui.editor.ctxhelp,CtxHelpTreeSection,canDropMove,3,1,3
eclipse.pde.ui-20120217-1437,org.eclipse.pde.internal.ua.ui.editor.ctxhelp,CtxHelpTreeSection,canDragCopy,3,1,1
eclipse.pde.ui-20120217-1437,org.eclipse.pde.internal.ua.ui.editor.ctxhelp,CtxHelpTreeSection,canDragMove,9,3,1
eclipse.pde.ui-20120217-1437,org.eclipse.pde.internal.ua.ui.editor.ctxhelp,CtxHelpTreeSection,doDragRemove,5,1,1
eclipse.pde.ui-20120217-1437,org.eclipse.pde.internal.ua.ui.editor.ctxhelp,CtxHelpTreeSection,modelChanged,17,6,1
eclipse.pde.ui-20120217-1437,org.eclipse.pde.internal.ua.ui.editor.ctxhelp,CtxHelpTreeSection,handleModelChangeTypeSwap,7,2,1
eclipse.pde.ui-20120217-1437,org.eclipse.pde.internal.ua.ui.editor.ctxhelp,CtxHelpTreeSection,handleModelEventWorldChanged,3,1,1
eclipse.pde.ui-20120217-1437,org.eclipse.pde.internal.ua.ui.editor.ctxhelp,CtxHelpTreeSection,handleModelInsertType,14,5,1
eclipse.pde.ui-20120217-1437,org.eclipse.pde.internal.ua.ui.editor.ctxhelp,CtxHelpTreeSection,handleModelRemoveType,17,5,1
eclipse.pde.ui-20120217-1437,org.eclipse.pde.internal.ua.ui.editor.ctxhelp,CtxHelpTreeSection,handleModelChangeType,6,2,1
eclipse.pde.ui-20120217-1437,org.eclipse.pde.internal.ua.ui.editor.ctxhelp,OpenLinkAction,OpenLinkAction,3,1,0
eclipse.pde.ui-20120217-1437,org.eclipse.pde.internal.ua.ui.editor.ctxhelp,OpenLinkAction,setTarget,3,1,1
eclipse.pde.ui-20120217-1437,org.eclipse.pde.internal.ua.ui.editor.ctxhelp,OpenLinkAction,run,5,2,0
eclipse.pde.ui-20120217-1437,org.eclipse.pde.internal.ua.ui.editor.ctxhelp.details,CtxHelpAbstractAddAction,setParentObject,3,1,1
eclipse.pde.ui-20120217-1437,org.eclipse.pde.internal.ua.ui.editor.ctxhelp.details,CtxHelpAbstractAddAction,setTargetObject,3,1,1
eclipse.pde.ui-20120217-1437,org.eclipse.pde.internal.ua.ui.editor.ctxhelp.details,CtxHelpAbstractAddAction,getChildNames,12,3,0
eclipse.pde.ui-20120217-1437,org.eclipse.pde.internal.ua.ui.editor.ctxhelp.details,CtxHelpAbstractAddAction,addChild,8,2,1
eclipse.pde.ui-20120217-1437,org.eclipse.pde.internal.ua.ui.editor.ctxhelp.details,CtxHelpAbstractDetails,CtxHelpAbstractDetails,5,1,2
eclipse.pde.ui-20120217-1437,org.eclipse.pde.internal.ua.ui.editor.ctxhelp.details,CtxHelpAbstractDetails,createContents,5,1,1
eclipse.pde.ui-20120217-1437,org.eclipse.pde.internal.ua.ui.editor.ctxhelp.details,CtxHelpAbstractDetails,createDetails,13,2,1
eclipse.pde.ui-20120217-1437,org.eclipse.pde.internal.ua.ui.editor.ctxhelp.details,CtxHelpAbstractDetails,createFields,0,1,1
eclipse.pde.ui-20120217-1437,org.eclipse.pde.internal.ua.ui.editor.ctxhelp.details,CtxHelpAbstractDetails,getDetailsTitle,0,1,0
eclipse.pde.ui-20120217-1437,org.eclipse.pde.internal.ua.ui.editor.ctxhelp.details,CtxHelpAbstractDetails,getDetailsDescription,0,1,0
eclipse.pde.ui-20120217-1437,org.eclipse.pde.internal.ua.ui.editor.ctxhelp.details,CtxHelpAbstractDetails,hookListeners,0,1,0
eclipse.pde.ui-20120217-1437,org.eclipse.pde.internal.ua.ui.editor.ctxhelp.details,CtxHelpAbstractDetails,updateFields,0,1,0
eclipse.pde.ui-20120217-1437,org.eclipse.pde.internal.ua.ui.editor.ctxhelp.details,CtxHelpAbstractDetails,selectionChanged,2,1,2
eclipse.pde.ui-20120217-1437,org.eclipse.pde.internal.ua.ui.editor.ctxhelp.details,CtxHelpAbstractDetails,fireSaveNeeded,4,1,0
eclipse.pde.ui-20120217-1437,org.eclipse.pde.internal.ua.ui.editor.ctxhelp.details,CtxHelpAbstractDetails,getContextId,3,1,0
eclipse.pde.ui-20120217-1437,org.eclipse.pde.internal.ua.ui.editor.ctxhelp.details,CtxHelpAbstractDetails,getPage,3,1,0
eclipse.pde.ui-20120217-1437,org.eclipse.pde.internal.ua.ui.editor.ctxhelp.details,CtxHelpAbstractDetails,isEditable,3,1,0
eclipse.pde.ui-20120217-1437,org.eclipse.pde.internal.ua.ui.editor.ctxhelp.details,CtxHelpAbstractDetails,modelChanged,2,1,1
eclipse.pde.ui-20120217-1437,org.eclipse.pde.internal.ua.ui.editor.ctxhelp.details,CtxHelpAbstractDetails,isEditableElement,3,1,0
eclipse.pde.ui-20120217-1437,org.eclipse.pde.internal.ua.ui.editor.ctxhelp.details,CtxHelpAbstractDetails,getToolkit,3,1,0
eclipse.pde.ui-20120217-1437,org.eclipse.pde.internal.ua.ui.editor.ctxhelp.details,CtxHelpAbstractDetails,getMasterSection,3,1,0
eclipse.pde.ui-20120217-1437,org.eclipse.pde.internal.ua.ui.editor.ctxhelp.details,CtxHelpAbstractDetails,createLabel,6,1,3
eclipse.pde.ui-20120217-1437,org.eclipse.pde.internal.ua.ui.editor.ctxhelp.details,CtxHelpAbstractDetails,createSpace,3,1,1
eclipse.pde.ui-20120217-1437,org.eclipse.pde.internal.ua.ui.editor.ctxhelp.details,CtxHelpAbstractDetails,getFirstSelectedObject,7,2,1
eclipse.pde.ui-20120217-1437,org.eclipse.pde.internal.ua.ui.editor.ctxhelp.details,CtxHelpCommandDetails,CtxHelpCommandDetails,3,1,1
eclipse.pde.ui-20120217-1437,org.eclipse.pde.internal.ua.ui.editor.ctxhelp.details,CtxHelpCommandDetails,createFields,7,1,1
eclipse.pde.ui-20120217-1437,org.eclipse.pde.internal.ua.ui.editor.ctxhelp.details,CtxHelpCommandDetails,getDetailsTitle,3,1,0
eclipse.pde.ui-20120217-1437,org.eclipse.pde.internal.ua.ui.editor.ctxhelp.details,CtxHelpCommandDetails,getDetailsDescription,3,1,0
eclipse.pde.ui-20120217-1437,org.eclipse.pde.internal.ua.ui.editor.ctxhelp.details,CtxHelpCommandDetails,hookListeners,18,3,0
eclipse.pde.ui-20120217-1437,org.eclipse.pde.internal.ua.ui.editor.ctxhelp.details,CtxHelpCommandDetails,textValueChanged,5,2,1
eclipse.pde.ui-20120217-1437,org.eclipse.pde.internal.ua.ui.editor.ctxhelp.details,CtxHelpCommandDetails,textValueChanged,5,2,1
eclipse.pde.ui-20120217-1437,org.eclipse.pde.internal.ua.ui.editor.ctxhelp.details,CtxHelpCommandDetails,updateFields,8,2,0
eclipse.pde.ui-20120217-1437,org.eclipse.pde.internal.ua.ui.editor.ctxhelp.details,CtxHelpCommandDetails,commit,5,1,1
eclipse.pde.ui-20120217-1437,org.eclipse.pde.internal.ua.ui.editor.ctxhelp.details,CtxHelpCommandDetails,selectionChanged,7,2,2
eclipse.pde.ui-20120217-1437,org.eclipse.pde.internal.ua.ui.editor.ctxhelp.details,CtxHelpContextDetails,CtxHelpContextDetails,3,1,1
eclipse.pde.ui-20120217-1437,org.eclipse.pde.internal.ua.ui.editor.ctxhelp.details,CtxHelpContextDetails,createFields,15,1,1
eclipse.pde.ui-20120217-1437,org.eclipse.pde.internal.ua.ui.editor.ctxhelp.details,CtxHelpContextDetails,getDetailsTitle,3,1,0
eclipse.pde.ui-20120217-1437,org.eclipse.pde.internal.ua.ui.editor.ctxhelp.details,CtxHelpContextDetails,getDetailsDescription,3,1,0
eclipse.pde.ui-20120217-1437,org.eclipse.pde.internal.ua.ui.editor.ctxhelp.details,CtxHelpContextDetails,hookListeners,31,5,0
eclipse.pde.ui-20120217-1437,org.eclipse.pde.internal.ua.ui.editor.ctxhelp.details,CtxHelpContextDetails,textValueChanged,5,2,1
eclipse.pde.ui-20120217-1437,org.eclipse.pde.internal.ua.ui.editor.ctxhelp.details,CtxHelpContextDetails,textValueChanged,10,3,1
eclipse.pde.ui-20120217-1437,org.eclipse.pde.internal.ua.ui.editor.ctxhelp.details,CtxHelpContextDetails,textValueChanged,5,2,1
eclipse.pde.ui-20120217-1437,org.eclipse.pde.internal.ua.ui.editor.ctxhelp.details,CtxHelpContextDetails,updateFields,10,2,0
eclipse.pde.ui-20120217-1437,org.eclipse.pde.internal.ua.ui.editor.ctxhelp.details,CtxHelpContextDetails,commit,6,1,1
eclipse.pde.ui-20120217-1437,org.eclipse.pde.internal.ua.ui.editor.ctxhelp.details,CtxHelpContextDetails,selectionChanged,7,2,2
eclipse.pde.ui-20120217-1437,org.eclipse.pde.internal.ua.ui.editor.ctxhelp.details,CtxHelpDescriptionDetails,CtxHelpDescriptionDetails,3,1,1
eclipse.pde.ui-20120217-1437,org.eclipse.pde.internal.ua.ui.editor.ctxhelp.details,CtxHelpDescriptionDetails,createFields,9,1,1
eclipse.pde.ui-20120217-1437,org.eclipse.pde.internal.ua.ui.editor.ctxhelp.details,CtxHelpDescriptionDetails,getDetailsTitle,3,1,0
eclipse.pde.ui-20120217-1437,org.eclipse.pde.internal.ua.ui.editor.ctxhelp.details,CtxHelpDescriptionDetails,getDetailsDescription,3,1,0
eclipse.pde.ui-20120217-1437,org.eclipse.pde.internal.ua.ui.editor.ctxhelp.details,CtxHelpDescriptionDetails,hookListeners,10,2,0
eclipse.pde.ui-20120217-1437,org.eclipse.pde.internal.ua.ui.editor.ctxhelp.details,CtxHelpDescriptionDetails,textValueChanged,5,2,1
eclipse.pde.ui-20120217-1437,org.eclipse.pde.internal.ua.ui.editor.ctxhelp.details,CtxHelpDescriptionDetails,updateFields,6,2,0
eclipse.pde.ui-20120217-1437,org.eclipse.pde.internal.ua.ui.editor.ctxhelp.details,CtxHelpDescriptionDetails,commit,4,1,1
eclipse.pde.ui-20120217-1437,org.eclipse.pde.internal.ua.ui.editor.ctxhelp.details,CtxHelpDescriptionDetails,selectionChanged,7,2,2
eclipse.pde.ui-20120217-1437,org.eclipse.pde.internal.ua.ui.editor.ctxhelp.details,CtxHelpDetailsMessages,CtxHelpDetailsMessages,2,1,0
eclipse.pde.ui-20120217-1437,org.eclipse.pde.internal.ua.ui.editor.ctxhelp.details,CtxHelpRemoveAction,CtxHelpRemoveAction,4,1,0
eclipse.pde.ui-20120217-1437,org.eclipse.pde.internal.ua.ui.editor.ctxhelp.details,CtxHelpRemoveAction,setToRemove,3,1,1
eclipse.pde.ui-20120217-1437,org.eclipse.pde.internal.ua.ui.editor.ctxhelp.details,CtxHelpRemoveAction,run,12,5,0
eclipse.pde.ui-20120217-1437,org.eclipse.pde.internal.ua.ui.editor.ctxhelp.details,CtxHelpRemoveAction,determineNextSelection,9,3,2
eclipse.pde.ui-20120217-1437,org.eclipse.pde.internal.ua.ui.editor.ctxhelp.details,CtxHelpRemoveAction,getNextSelection,3,1,0
eclipse.pde.ui-20120217-1437,org.eclipse.pde.internal.ua.ui.editor.ctxhelp.details,CtxHelpRemoveAction,clearNextSelection,3,1,0
eclipse.pde.ui-20120217-1437,org.eclipse.pde.internal.ua.ui.editor.ctxhelp.details,CtxHelpTopicDetails,CtxHelpTopicDetails,3,1,1
eclipse.pde.ui-20120217-1437,org.eclipse.pde.internal.ua.ui.editor.ctxhelp.details,CtxHelpTopicDetails,createFields,7,1,1
eclipse.pde.ui-20120217-1437,org.eclipse.pde.internal.ua.ui.editor.ctxhelp.details,CtxHelpTopicDetails,getDetailsTitle,3,1,0
eclipse.pde.ui-20120217-1437,org.eclipse.pde.internal.ua.ui.editor.ctxhelp.details,CtxHelpTopicDetails,getDetailsDescription,3,1,0
eclipse.pde.ui-20120217-1437,org.eclipse.pde.internal.ua.ui.editor.ctxhelp.details,CtxHelpTopicDetails,hookListeners,24,3,0
eclipse.pde.ui-20120217-1437,org.eclipse.pde.internal.ua.ui.editor.ctxhelp.details,CtxHelpTopicDetails,textValueChanged,5,2,1
eclipse.pde.ui-20120217-1437,org.eclipse.pde.internal.ua.ui.editor.ctxhelp.details,CtxHelpTopicDetails,textValueChanged,5,2,1
eclipse.pde.ui-20120217-1437,org.eclipse.pde.internal.ua.ui.editor.ctxhelp.details,CtxHelpTopicDetails,browseButtonSelected,3,1,1
eclipse.pde.ui-20120217-1437,org.eclipse.pde.internal.ua.ui.editor.ctxhelp.details,CtxHelpTopicDetails,linkActivated,3,1,1
eclipse.pde.ui-20120217-1437,org.eclipse.pde.internal.ua.ui.editor.ctxhelp.details,CtxHelpTopicDetails,handleBrowse,13,2,0
eclipse.pde.ui-20120217-1437,org.eclipse.pde.internal.ua.ui.editor.ctxhelp.details,CtxHelpTopicDetails,updateFields,13,3,0
eclipse.pde.ui-20120217-1437,org.eclipse.pde.internal.ua.ui.editor.ctxhelp.details,CtxHelpTopicDetails,commit,5,1,1
eclipse.pde.ui-20120217-1437,org.eclipse.pde.internal.ua.ui.editor.ctxhelp.details,CtxHelpTopicDetails,selectionChanged,7,2,2
eclipse.pde.ui-20120217-1437,org.eclipse.pde.internal.ua.ui.editor.ctxhelp.details,CtxHelpTopicDetails,setPathEntry,9,2,1
eclipse.pde.ui-20120217-1437,org.eclipse.pde.internal.ua.ui.editor.ctxhelp.details,CtxHelpTopicDetails,handleOpen,3,1,0
eclipse.pde.ui-20120217-1437,org.eclipse.pde.internal.ua.ui.editor.toc,HelpEditorUtil,populateHashSet,5,2,0
eclipse.pde.ui-20120217-1437,org.eclipse.pde.internal.ua.ui.editor.toc,HelpEditorUtil,hasValidPageExtension,11,3,1
eclipse.pde.ui-20120217-1437,org.eclipse.pde.internal.ua.ui.editor.toc,HelpEditorUtil,hasValidTocExtension,4,1,1
eclipse.pde.ui-20120217-1437,org.eclipse.pde.internal.ua.ui.editor.toc,HelpEditorUtil,isTOCFile,29,3,1
eclipse.pde.ui-20120217-1437,org.eclipse.pde.internal.ua.ui.editor.toc,HelpEditorUtil,isCurrentResource,14,3,2
eclipse.pde.ui-20120217-1437,org.eclipse.pde.internal.ua.ui.editor.toc,HelpEditorUtil,getPageExtensionList,11,3,0
eclipse.pde.ui-20120217-1437,org.eclipse.pde.internal.ua.ui.editor.toc,TocBlock,TocBlock,3,1,1
eclipse.pde.ui-20120217-1437,org.eclipse.pde.internal.ua.ui.editor.toc,TocBlock,createMasterSection,4,1,2
eclipse.pde.ui-20120217-1437,org.eclipse.pde.internal.ua.ui.editor.toc,TocBlock,registerPages,12,1,1
eclipse.pde.ui-20120217-1437,org.eclipse.pde.internal.ua.ui.editor.toc,TocBlock,modelChanged,5,2,1
eclipse.pde.ui-20120217-1437,org.eclipse.pde.internal.ua.ui.editor.toc,TocBlock,getPage,3,1,1
eclipse.pde.ui-20120217-1437,org.eclipse.pde.internal.ua.ui.editor.toc,TocBlock,getPageKey,19,6,1
eclipse.pde.ui-20120217-1437,org.eclipse.pde.internal.ua.ui.editor.toc,TocBlock,getSelection,6,2,0
eclipse.pde.ui-20120217-1437,org.eclipse.pde.internal.ua.ui.editor.toc,TocBlock,getMasterSection,3,1,0
eclipse.pde.ui-20120217-1437,org.eclipse.pde.internal.ua.ui.editor.toc,TocContentProvider,TocContentProvider,2,1,0
eclipse.pde.ui-20120217-1437,org.eclipse.pde.internal.ua.ui.editor.toc,TocContentProvider,getChildren,12,4,1
eclipse.pde.ui-20120217-1437,org.eclipse.pde.internal.ua.ui.editor.toc,TocContentProvider,getParent,6,2,1
eclipse.pde.ui-20120217-1437,org.eclipse.pde.internal.ua.ui.editor.toc,TocContentProvider,hasChildren,3,1,1
eclipse.pde.ui-20120217-1437,org.eclipse.pde.internal.ua.ui.editor.toc,TocContentProvider,getElements,3,1,1
eclipse.pde.ui-20120217-1437,org.eclipse.pde.internal.ua.ui.editor.toc,TocDragAdapter,TocDragAdapter,3,1,1
eclipse.pde.ui-20120217-1437,org.eclipse.pde.internal.ua.ui.editor.toc,TocDragAdapter,dragStart,5,2,1
eclipse.pde.ui-20120217-1437,org.eclipse.pde.internal.ua.ui.editor.toc,TocDragAdapter,dragSetData,27,7,1
eclipse.pde.ui-20120217-1437,org.eclipse.pde.internal.ua.ui.editor.toc,TocDragAdapter,getSelectedObjects,13,3,1
eclipse.pde.ui-20120217-1437,org.eclipse.pde.internal.ua.ui.editor.toc,TocDragAdapter,dragFinished,6,2,1
eclipse.pde.ui-20120217-1437,org.eclipse.pde.internal.ua.ui.editor.toc,TocDragAdapter,getDraggedElements,3,1,0
eclipse.pde.ui-20120217-1437,org.eclipse.pde.internal.ua.ui.editor.toc,TocDropAdapter,TocDropAdapter,4,1,2
eclipse.pde.ui-20120217-1437,org.eclipse.pde.internal.ua.ui.editor.toc,TocDropAdapter,determineLocation,24,7,1
eclipse.pde.ui-20120217-1437,org.eclipse.pde.internal.ua.ui.editor.toc,TocDropAdapter,dragEnter,4,1,1
eclipse.pde.ui-20120217-1437,org.eclipse.pde.internal.ua.ui.editor.toc,TocDropAdapter,dragOver,17,5,1
eclipse.pde.ui-20120217-1437,org.eclipse.pde.internal.ua.ui.editor.toc,TocDropAdapter,dragOperationChanged,4,1,1
eclipse.pde.ui-20120217-1437,org.eclipse.pde.internal.ua.ui.editor.toc,TocDropAdapter,setDNDMode,13,4,1
eclipse.pde.ui-20120217-1437,org.eclipse.pde.internal.ua.ui.editor.toc,TocDropAdapter,validateFileDrop,21,6,1
eclipse.pde.ui-20120217-1437,org.eclipse.pde.internal.ua.ui.editor.toc,TocDropAdapter,drop,7,2,1
eclipse.pde.ui-20120217-1437,org.eclipse.pde.internal.ua.ui.editor.toc,TocDropAdapter,dragLeave,2,1,1
eclipse.pde.ui-20120217-1437,org.eclipse.pde.internal.ua.ui.editor.toc,TocDropAdapter,dropAccept,2,1,1
eclipse.pde.ui-20120217-1437,org.eclipse.pde.internal.ua.ui.editor.toc,TocDropAdapter,performDrop,3,1,1
eclipse.pde.ui-20120217-1437,org.eclipse.pde.internal.ua.ui.editor.toc,TocDropAdapter,validateDrop,3,1,3
eclipse.pde.ui-20120217-1437,org.eclipse.pde.internal.ua.ui.editor.toc,TocEditor,TocEditor,3,1,0
eclipse.pde.ui-20120217-1437,org.eclipse.pde.internal.ua.ui.editor.toc,TocEditor,getEditorID,3,1,0
eclipse.pde.ui-20120217-1437,org.eclipse.pde.internal.ua.ui.editor.toc,TocEditor,getAdapter,11,4,1
eclipse.pde.ui-20120217-1437,org.eclipse.pde.internal.ua.ui.editor.toc,TocEditor,inUiThread,7,2,0
eclipse.pde.ui-20120217-1437,org.eclipse.pde.internal.ua.ui.editor.toc,TocEditor,isShowInApplicable,15,6,0
eclipse.pde.ui-20120217-1437,org.eclipse.pde.internal.ua.ui.editor.toc,TocEditor,getShowInSource,38,8,0
eclipse.pde.ui-20120217-1437,org.eclipse.pde.internal.ua.ui.editor.toc,TocEditor,getShowInContext,33,8,0
eclipse.pde.ui-20120217-1437,org.eclipse.pde.internal.ua.ui.editor.toc,TocEditor,getShowInTargetList,8,1,0
eclipse.pde.ui-20120217-1437,org.eclipse.pde.internal.ua.ui.editor.toc,TocEditor,getShowInTargetIds,3,1,0
eclipse.pde.ui-20120217-1437,org.eclipse.pde.internal.ua.ui.editor.toc,TocEditor,isSaveAsAllowed,3,1,0
eclipse.pde.ui-20120217-1437,org.eclipse.pde.internal.ua.ui.editor.toc,TocEditor,getContextIDForSaveAs,3,1,0
eclipse.pde.ui-20120217-1437,org.eclipse.pde.internal.ua.ui.editor.toc,TocEditor,addEditorPages,9,1,0
eclipse.pde.ui-20120217-1437,org.eclipse.pde.internal.ua.ui.editor.toc,TocEditor,createContentOutline,3,1,0
eclipse.pde.ui-20120217-1437,org.eclipse.pde.internal.ua.ui.editor.toc,TocEditor,createInputContextManager,3,1,0
eclipse.pde.ui-20120217-1437,org.eclipse.pde.internal.ua.ui.editor.toc,TocEditor,createResourceContexts,4,1,2
eclipse.pde.ui-20120217-1437,org.eclipse.pde.internal.ua.ui.editor.toc,TocEditor,createStorageContexts,3,1,2
eclipse.pde.ui-20120217-1437,org.eclipse.pde.internal.ua.ui.editor.toc,TocEditor,createSystemFileContexts,10,1,2
eclipse.pde.ui-20120217-1437,org.eclipse.pde.internal.ua.ui.editor.toc,TocEditor,editorContextAdded,3,1,1
eclipse.pde.ui-20120217-1437,org.eclipse.pde.internal.ua.ui.editor.toc,TocEditor,getInputContext,3,1,1
eclipse.pde.ui-20120217-1437,org.eclipse.pde.internal.ua.ui.editor.toc,TocEditor,contextRemoved,3,1,1
eclipse.pde.ui-20120217-1437,org.eclipse.pde.internal.ua.ui.editor.toc,TocEditor,monitoredFileAdded,2,1,1
eclipse.pde.ui-20120217-1437,org.eclipse.pde.internal.ua.ui.editor.toc,TocEditor,monitoredFileRemoved,3,1,1
eclipse.pde.ui-20120217-1437,org.eclipse.pde.internal.ua.ui.editor.toc,TocEditor,getSelection,7,2,0
eclipse.pde.ui-20120217-1437,org.eclipse.pde.internal.ua.ui.editor.toc,TocEditor,canCut,12,4,1
eclipse.pde.ui-20120217-1437,org.eclipse.pde.internal.ua.ui.editor.toc,TocEditor,createSourcePage,3,1,4
eclipse.pde.ui-20120217-1437,org.eclipse.pde.internal.ua.ui.editor.toc,TocEditor,contributeToToolbar,3,2,1
eclipse.pde.ui-20120217-1437,org.eclipse.pde.internal.ua.ui.editor.toc,TocEditor,createUIControlConRegisterCS,10,1,0
eclipse.pde.ui-20120217-1437,org.eclipse.pde.internal.ua.ui.editor.toc,TocEditor,createControl,5,1,1
eclipse.pde.ui-20120217-1437,org.eclipse.pde.internal.ua.ui.editor.toc,TocEditor,createUIImageHyperlinkRegisterToc,6,1,1
eclipse.pde.ui-20120217-1437,org.eclipse.pde.internal.ua.ui.editor.toc,TocEditor,createUIListenerImageHyperlinkRegisterToc,14,1,0
eclipse.pde.ui-20120217-1437,org.eclipse.pde.internal.ua.ui.editor.toc,TocEditor,linkActivated,3,1,1
eclipse.pde.ui-20120217-1437,org.eclipse.pde.internal.ua.ui.editor.toc,TocEditor,linkEntered,3,1,1
eclipse.pde.ui-20120217-1437,org.eclipse.pde.internal.ua.ui.editor.toc,TocEditor,linkExited,3,1,1
eclipse.pde.ui-20120217-1437,org.eclipse.pde.internal.ua.ui.editor.toc,TocEditor,handleLinkEnteredRegisterTOC,4,1,1
eclipse.pde.ui-20120217-1437,org.eclipse.pde.internal.ua.ui.editor.toc,TocEditor,handleLinkExitedRegisterTOC,4,1,0
eclipse.pde.ui-20120217-1437,org.eclipse.pde.internal.ua.ui.editor.toc,TocEditor,handleLinkActivatedRegisterTOC,9,2,0
eclipse.pde.ui-20120217-1437,org.eclipse.pde.internal.ua.ui.editor.toc,TocEditor,doSave,6,1,1
eclipse.pde.ui-20120217-1437,org.eclipse.pde.internal.ua.ui.editor.toc,TocEditor,dispose,4,1,0
eclipse.pde.ui-20120217-1437,org.eclipse.pde.internal.ua.ui.editor.toc,TocEditor,createInputContexts,4,1,1
eclipse.pde.ui-20120217-1437,org.eclipse.pde.internal.ua.ui.editor.toc,TocEditorContributor,TocEditorContributor,3,1,0
eclipse.pde.ui-20120217-1437,org.eclipse.pde.internal.ua.ui.editor.toc,TocEditorContributor,supportsHyperlinking,3,1,0
eclipse.pde.ui-20120217-1437,org.eclipse.pde.internal.ua.ui.editor.toc,TocFileValidator,TocFileValidator,3,1,1
eclipse.pde.ui-20120217-1437,org.eclipse.pde.internal.ua.ui.editor.toc,TocFileValidator,validate,16,5,1
eclipse.pde.ui-20120217-1437,org.eclipse.pde.internal.ua.ui.editor.toc,TocFileValidator,errorStatus,3,1,1
eclipse.pde.ui-20120217-1437,org.eclipse.pde.internal.ua.ui.editor.toc,TocFileValidator,okStatus,3,1,1
eclipse.pde.ui-20120217-1437,org.eclipse.pde.internal.ua.ui.editor.toc,TocFoldingStructureProvider,TocFoldingStructureProvider,3,1,2
eclipse.pde.ui-20120217-1437,org.eclipse.pde.internal.ua.ui.editor.toc,TocFoldingStructureProvider,addFoldingRegions,6,1,2
eclipse.pde.ui-20120217-1437,org.eclipse.pde.internal.ua.ui.editor.toc,TocFoldingStructureProvider,addFoldingRegions,18,4,3
eclipse.pde.ui-20120217-1437,org.eclipse.pde.internal.ua.ui.editor.toc,TocFormOutlinePage,TocFormOutlinePage,3,1,1
eclipse.pde.ui-20120217-1437,org.eclipse.pde.internal.ua.ui.editor.toc,TocFormOutlinePage,TocLabelProvider,3,1,1
eclipse.pde.ui-20120217-1437,org.eclipse.pde.internal.ua.ui.editor.toc,TocFormOutlinePage,getText,6,2,1
eclipse.pde.ui-20120217-1437,org.eclipse.pde.internal.ua.ui.editor.toc,TocFormOutlinePage,getObjectText,3,1,1
eclipse.pde.ui-20120217-1437,org.eclipse.pde.internal.ua.ui.editor.toc,TocFormOutlinePage,getChildren,17,5,1
eclipse.pde.ui-20120217-1437,org.eclipse.pde.internal.ua.ui.editor.toc,TocFormOutlinePage,createLabelProvider,3,1,0
eclipse.pde.ui-20120217-1437,org.eclipse.pde.internal.ua.ui.editor.toc,TocFormOutlinePage,getParentPageId,3,1,1
eclipse.pde.ui-20120217-1437,org.eclipse.pde.internal.ua.ui.editor.toc,TocLabelProvider,TocLabelProvider,3,1,1
eclipse.pde.ui-20120217-1437,org.eclipse.pde.internal.ua.ui.editor.toc,TocLabelProvider,getText,6,2,1
eclipse.pde.ui-20120217-1437,org.eclipse.pde.internal.ua.ui.editor.toc,TocHTMLTitleUtil,initPattern,15,1,0
eclipse.pde.ui-20120217-1437,org.eclipse.pde.internal.ua.ui.editor.toc,TocHTMLTitleUtil,findTitle,19,3,1
eclipse.pde.ui-20120217-1437,org.eclipse.pde.internal.ua.ui.editor.toc,TocHyperlinkDetector,TocHyperlinkDetector,3,1,1
eclipse.pde.ui-20120217-1437,org.eclipse.pde.internal.ua.ui.editor.toc,TocHyperlinkDetector,detectAttributeHyperlink,32,10,1
eclipse.pde.ui-20120217-1437,org.eclipse.pde.internal.ua.ui.editor.toc,TocInputContext,TocInputContext,4,1,3
eclipse.pde.ui-20120217-1437,org.eclipse.pde.internal.ua.ui.editor.toc,TocInputContext,createModel,28,5,1
eclipse.pde.ui-20120217-1437,org.eclipse.pde.internal.ua.ui.editor.toc,TocInputContext,getId,3,1,0
eclipse.pde.ui-20120217-1437,org.eclipse.pde.internal.ua.ui.editor.toc,TocInputContext,reorderInsertEdits,2,1,1
eclipse.pde.ui-20120217-1437,org.eclipse.pde.internal.ua.ui.editor.toc,TocInputContext,doRevert,7,1,0
eclipse.pde.ui-20120217-1437,org.eclipse.pde.internal.ua.ui.editor.toc,TocInputContext,getPartitionName,3,1,0
eclipse.pde.ui-20120217-1437,org.eclipse.pde.internal.ua.ui.editor.toc,TocInputContextManager,TocInputContextManager,3,1,1
eclipse.pde.ui-20120217-1437,org.eclipse.pde.internal.ua.ui.editor.toc,TocInputContextManager,getAggregateModel,7,2,0
eclipse.pde.ui-20120217-1437,org.eclipse.pde.internal.ua.ui.editor.toc,TocMessages,TocMessages,2,1,0
eclipse.pde.ui-20120217-1437,org.eclipse.pde.internal.ua.ui.editor.toc,TocPage,TocPage,4,1,1
eclipse.pde.ui-20120217-1437,org.eclipse.pde.internal.ua.ui.editor.toc,TocPage,getBlock,3,1,0
eclipse.pde.ui-20120217-1437,org.eclipse.pde.internal.ua.ui.editor.toc,TocPage,createFormContent,14,2,1
eclipse.pde.ui-20120217-1437,org.eclipse.pde.internal.ua.ui.editor.toc,TocPage,createErrorContent,4,1,1
eclipse.pde.ui-20120217-1437,org.eclipse.pde.internal.ua.ui.editor.toc,TocPage,setFormTitle,9,2,2
eclipse.pde.ui-20120217-1437,org.eclipse.pde.internal.ua.ui.editor.toc,TocPage,dispose,7,2,0
eclipse.pde.ui-20120217-1437,org.eclipse.pde.internal.ua.ui.editor.toc,TocPage,modelChanged,18,6,1
eclipse.pde.ui-20120217-1437,org.eclipse.pde.internal.ua.ui.editor.toc,TocPage,getSelection,3,1,0
eclipse.pde.ui-20120217-1437,org.eclipse.pde.internal.ua.ui.editor.toc,TocPage,handleModelEventWorldChanged,10,3,1
eclipse.pde.ui-20120217-1437,org.eclipse.pde.internal.ua.ui.editor.toc,TocPage,setActive,37,10,1
eclipse.pde.ui-20120217-1437,org.eclipse.pde.internal.ua.ui.editor.toc,TocPage,getHelpResource,3,1,0
eclipse.pde.ui-20120217-1437,org.eclipse.pde.internal.ua.ui.editor.toc,TocSourcePage,TocSourcePage,3,1,3
eclipse.pde.ui-20120217-1437,org.eclipse.pde.internal.ua.ui.editor.toc,TocSourcePage,isQuickOutlineEnabled,3,1,0
eclipse.pde.ui-20120217-1437,org.eclipse.pde.internal.ua.ui.editor.toc,TocSourcePage,createOutlineComparator,3,1,0
eclipse.pde.ui-20120217-1437,org.eclipse.pde.internal.ua.ui.editor.toc,TocSourcePage,createOutlineContentProvider,3,1,0
eclipse.pde.ui-20120217-1437,org.eclipse.pde.internal.ua.ui.editor.toc,TocSourcePage,createOutlineLabelProvider,3,1,0
eclipse.pde.ui-20120217-1437,org.eclipse.pde.internal.ua.ui.editor.toc,TocSourcePage,setPartName,3,1,1
eclipse.pde.ui-20120217-1437,org.eclipse.pde.internal.ua.ui.editor.toc,TocSourcePage,isSelectionListener,3,1,0
eclipse.pde.ui-20120217-1437,org.eclipse.pde.internal.ua.ui.editor.toc,TocSourcePage,getAdapter,4,2,1
eclipse.pde.ui-20120217-1437,org.eclipse.pde.internal.ua.ui.editor.toc,TocSourcePage,updateSelection,7,2,1
eclipse.pde.ui-20120217-1437,org.eclipse.pde.internal.ua.ui.editor.toc,TocSourcePage,findRange,5,2,0
eclipse.pde.ui-20120217-1437,org.eclipse.pde.internal.ua.ui.editor.toc,TocSourcePage,getRangeElement,4,1,2
eclipse.pde.ui-20120217-1437,org.eclipse.pde.internal.ua.ui.editor.toc,TocSourcePage,synchronizeOutlinePage,8,2,1
eclipse.pde.ui-20120217-1437,org.eclipse.pde.internal.ua.ui.editor.toc,TocSourcePage,initializeEditor,4,1,0
eclipse.pde.ui-20120217-1437,org.eclipse.pde.internal.ua.ui.editor.toc,TocSourcePage,getFoldingStructureProvider,3,1,1
eclipse.pde.ui-20120217-1437,org.eclipse.pde.internal.ua.ui.editor.toc,TocTreeSection,TocOpenLinkAction,3,1,0
eclipse.pde.ui-20120217-1437,org.eclipse.pde.internal.ua.ui.editor.toc,TocTreeSection,setTarget,3,1,1
eclipse.pde.ui-20120217-1437,org.eclipse.pde.internal.ua.ui.editor.toc,TocTreeSection,run,5,2,0
eclipse.pde.ui-20120217-1437,org.eclipse.pde.internal.ua.ui.editor.toc,TocTreeSection,TocTreeSection,8,1,2
eclipse.pde.ui-20120217-1437,org.eclipse.pde.internal.ua.ui.editor.toc,TocTreeSection,createClient,12,1,2
eclipse.pde.ui-20120217-1437,org.eclipse.pde.internal.ua.ui.editor.toc,TocTreeSection,createSectionToolbar,18,2,2
eclipse.pde.ui-20120217-1437,org.eclipse.pde.internal.ua.ui.editor.toc,TocTreeSection,widgetDisposed,5,2,1
eclipse.pde.ui-20120217-1437,org.eclipse.pde.internal.ua.ui.editor.toc,TocTreeSection,createTree,10,1,2
eclipse.pde.ui-20120217-1437,org.eclipse.pde.internal.ua.ui.editor.toc,TocTreeSection,initDragAndDrop,13,3,0
eclipse.pde.ui-20120217-1437,org.eclipse.pde.internal.ua.ui.editor.toc,TocTreeSection,createTreeListeners,3,1,0
eclipse.pde.ui-20120217-1437,org.eclipse.pde.internal.ua.ui.editor.toc,TocTreeSection,initializeTreeViewer,15,2,0
eclipse.pde.ui-20120217-1437,org.eclipse.pde.internal.ua.ui.editor.toc,TocTreeSection,setFormInput,10,3,1
eclipse.pde.ui-20120217-1437,org.eclipse.pde.internal.ua.ui.editor.toc,TocTreeSection,getSelection,3,1,0
eclipse.pde.ui-20120217-1437,org.eclipse.pde.internal.ua.ui.editor.toc,TocTreeSection,setSelection,3,1,1
eclipse.pde.ui-20120217-1437,org.eclipse.pde.internal.ua.ui.editor.toc,TocTreeSection,fireSelection,3,1,0
eclipse.pde.ui-20120217-1437,org.eclipse.pde.internal.ua.ui.editor.toc,TocTreeSection,selectionChanged,4,1,1
eclipse.pde.ui-20120217-1437,org.eclipse.pde.internal.ua.ui.editor.toc,TocTreeSection,updateButtons,50,10,0
eclipse.pde.ui-20120217-1437,org.eclipse.pde.internal.ua.ui.editor.toc,TocTreeSection,fillContextMenu,30,6,1
eclipse.pde.ui-20120217-1437,org.eclipse.pde.internal.ua.ui.editor.toc,TocTreeSection,fillContextMenuShowInAction,13,3,1
eclipse.pde.ui-20120217-1437,org.eclipse.pde.internal.ua.ui.editor.toc,TocTreeSection,fillContextMenuAddActions,13,2,2
eclipse.pde.ui-20120217-1437,org.eclipse.pde.internal.ua.ui.editor.toc,TocTreeSection,fillContextMenuRemoveAction,5,1,2
eclipse.pde.ui-20120217-1437,org.eclipse.pde.internal.ua.ui.editor.toc,TocTreeSection,canPaste,3,1,2
eclipse.pde.ui-20120217-1437,org.eclipse.pde.internal.ua.ui.editor.toc,TocTreeSection,doGlobalAction,12,3,1
eclipse.pde.ui-20120217-1437,org.eclipse.pde.internal.ua.ui.editor.toc,TocTreeSection,doPaste,3,1,2
eclipse.pde.ui-20120217-1437,org.eclipse.pde.internal.ua.ui.editor.toc,TocTreeSection,handleDoubleClick,11,3,1
eclipse.pde.ui-20120217-1437,org.eclipse.pde.internal.ua.ui.editor.toc,TocTreeSection,open,15,3,1
eclipse.pde.ui-20120217-1437,org.eclipse.pde.internal.ua.ui.editor.toc,TocTreeSection,openFile,14,4,2
eclipse.pde.ui-20120217-1437,org.eclipse.pde.internal.ua.ui.editor.toc,TocTreeSection,showNewWizard,46,10,2
eclipse.pde.ui-20120217-1437,org.eclipse.pde.internal.ua.ui.editor.toc,TocTreeSection,findResource,4,1,1
eclipse.pde.ui-20120217-1437,org.eclipse.pde.internal.ua.ui.editor.toc,TocTreeSection,openResource,10,2,2
eclipse.pde.ui-20120217-1437,org.eclipse.pde.internal.ua.ui.editor.toc,TocTreeSection,isFileValidInContext,17,4,2
eclipse.pde.ui-20120217-1437,org.eclipse.pde.internal.ua.ui.editor.toc,TocTreeSection,performDrop,22,6,3
eclipse.pde.ui-20120217-1437,org.eclipse.pde.internal.ua.ui.editor.toc,TocTreeSection,determineParent,28,8,2
eclipse.pde.ui-20120217-1437,org.eclipse.pde.internal.ua.ui.editor.toc,TocTreeSection,getObjectsToAdd,37,10,2
eclipse.pde.ui-20120217-1437,org.eclipse.pde.internal.ua.ui.editor.toc,TocTreeSection,generateTitle,13,3,2
eclipse.pde.ui-20120217-1437,org.eclipse.pde.internal.ua.ui.editor.toc,TocTreeSection,makeNewTocTopic,3,1,2
eclipse.pde.ui-20120217-1437,org.eclipse.pde.internal.ua.ui.editor.toc,TocTreeSection,makeNewTocLink,3,1,2
eclipse.pde.ui-20120217-1437,org.eclipse.pde.internal.ua.ui.editor.toc,TocTreeSection,buttonSelected,22,7,1
eclipse.pde.ui-20120217-1437,org.eclipse.pde.internal.ua.ui.editor.toc,TocTreeSection,handleAddAction,17,3,1
eclipse.pde.ui-20120217-1437,org.eclipse.pde.internal.ua.ui.editor.toc,TocTreeSection,handleMultiAddAction,16,6,4
eclipse.pde.ui-20120217-1437,org.eclipse.pde.internal.ua.ui.editor.toc,TocTreeSection,handleDeleteAction,18,5,0
eclipse.pde.ui-20120217-1437,org.eclipse.pde.internal.ua.ui.editor.toc,TocTreeSection,handleRemove,6,2,1
eclipse.pde.ui-20120217-1437,org.eclipse.pde.internal.ua.ui.editor.toc,TocTreeSection,handleDrag,4,1,1
eclipse.pde.ui-20120217-1437,org.eclipse.pde.internal.ua.ui.editor.toc,TocTreeSection,handleMoveAction,16,5,1
eclipse.pde.ui-20120217-1437,org.eclipse.pde.internal.ua.ui.editor.toc,TocTreeSection,modelChanged,17,6,1
eclipse.pde.ui-20120217-1437,org.eclipse.pde.internal.ua.ui.editor.toc,TocTreeSection,handleModelChangeTypeSwap,7,2,1
eclipse.pde.ui-20120217-1437,org.eclipse.pde.internal.ua.ui.editor.toc,TocTreeSection,handleModelEventWorldChanged,3,1,1
eclipse.pde.ui-20120217-1437,org.eclipse.pde.internal.ua.ui.editor.toc,TocTreeSection,handleModelInsertType,10,3,1
eclipse.pde.ui-20120217-1437,org.eclipse.pde.internal.ua.ui.editor.toc,TocTreeSection,handleModelRemoveType,9,3,1
eclipse.pde.ui-20120217-1437,org.eclipse.pde.internal.ua.ui.editor.toc,TocTreeSection,handleTaskObjectRemove,13,4,1
eclipse.pde.ui-20120217-1437,org.eclipse.pde.internal.ua.ui.editor.toc,TocTreeSection,handleModelChangeType,7,2,1
eclipse.pde.ui-20120217-1437,org.eclipse.pde.internal.ua.ui.editor.toc,TocTreeSection,refresh,8,1,0
eclipse.pde.ui-20120217-1437,org.eclipse.pde.internal.ua.ui.editor.toc,TocTreeSection,createTreeViewer,5,1,2
eclipse.pde.ui-20120217-1437,org.eclipse.pde.internal.ua.ui.editor.toc,TocTreeSection,dispose,4,1,0
eclipse.pde.ui-20120217-1437,org.eclipse.pde.internal.ua.ui.editor.toc,TocOpenLinkAction,TocOpenLinkAction,3,1,0
eclipse.pde.ui-20120217-1437,org.eclipse.pde.internal.ua.ui.editor.toc,TocOpenLinkAction,setTarget,3,1,1
eclipse.pde.ui-20120217-1437,org.eclipse.pde.internal.ua.ui.editor.toc,TocOpenLinkAction,run,5,2,0
eclipse.pde.ui-20120217-1437,org.eclipse.pde.internal.ua.ui.editor.toc.actions,TocActionMessages,TocActionMessages,2,1,0
eclipse.pde.ui-20120217-1437,org.eclipse.pde.internal.ua.ui.editor.toc.actions,TocAddAnchorAction,TocAddAnchorAction,3,1,0
eclipse.pde.ui-20120217-1437,org.eclipse.pde.internal.ua.ui.editor.toc.actions,TocAddAnchorAction,run,8,2,0
eclipse.pde.ui-20120217-1437,org.eclipse.pde.internal.ua.ui.editor.toc.actions,TocAddLinkAction,TocAddLinkAction,3,1,0
eclipse.pde.ui-20120217-1437,org.eclipse.pde.internal.ua.ui.editor.toc.actions,TocAddLinkAction,run,8,2,0
eclipse.pde.ui-20120217-1437,org.eclipse.pde.internal.ua.ui.editor.toc.actions,TocAddObjectAction,setParentObject,3,1,1
eclipse.pde.ui-20120217-1437,org.eclipse.pde.internal.ua.ui.editor.toc.actions,TocAddObjectAction,setTargetObject,3,1,1
eclipse.pde.ui-20120217-1437,org.eclipse.pde.internal.ua.ui.editor.toc.actions,TocAddObjectAction,getChildNames,9,2,0
eclipse.pde.ui-20120217-1437,org.eclipse.pde.internal.ua.ui.editor.toc.actions,TocAddObjectAction,addChild,9,2,1
eclipse.pde.ui-20120217-1437,org.eclipse.pde.internal.ua.ui.editor.toc.actions,TocAddTopicAction,TocAddTopicAction,3,1,0
eclipse.pde.ui-20120217-1437,org.eclipse.pde.internal.ua.ui.editor.toc.actions,TocAddTopicAction,run,8,2,0
eclipse.pde.ui-20120217-1437,org.eclipse.pde.internal.ua.ui.editor.toc.actions,TocRemoveObjectAction,TocRemoveObjectAction,6,1,0
eclipse.pde.ui-20120217-1437,org.eclipse.pde.internal.ua.ui.editor.toc.actions,TocRemoveObjectAction,setToRemove,3,1,1
eclipse.pde.ui-20120217-1437,org.eclipse.pde.internal.ua.ui.editor.toc.actions,TocRemoveObjectAction,setToRemove,3,1,1
eclipse.pde.ui-20120217-1437,org.eclipse.pde.internal.ua.ui.editor.toc.actions,TocRemoveObjectAction,run,12,5,0
eclipse.pde.ui-20120217-1437,org.eclipse.pde.internal.ua.ui.editor.toc.actions,TocRemoveObjectAction,determineNextSelection,9,3,2
eclipse.pde.ui-20120217-1437,org.eclipse.pde.internal.ua.ui.editor.toc.actions,TocRemoveObjectAction,getNextSelection,3,1,0
eclipse.pde.ui-20120217-1437,org.eclipse.pde.internal.ua.ui.editor.toc.details,HelpEditorFilter,select,22,6,3
eclipse.pde.ui-20120217-1437,org.eclipse.pde.internal.ua.ui.editor.toc.details,TocAbstractDetails,TocAbstractDetails,5,1,2
eclipse.pde.ui-20120217-1437,org.eclipse.pde.internal.ua.ui.editor.toc.details,TocAbstractDetails,createContents,5,1,1
eclipse.pde.ui-20120217-1437,org.eclipse.pde.internal.ua.ui.editor.toc.details,TocAbstractDetails,configureParentLayout,3,1,1
eclipse.pde.ui-20120217-1437,org.eclipse.pde.internal.ua.ui.editor.toc.details,TocAbstractDetails,createDetails,13,2,1
eclipse.pde.ui-20120217-1437,org.eclipse.pde.internal.ua.ui.editor.toc.details,TocAbstractDetails,createFields,0,1,1
eclipse.pde.ui-20120217-1437,org.eclipse.pde.internal.ua.ui.editor.toc.details,TocAbstractDetails,getDetailsTitle,0,1,0
eclipse.pde.ui-20120217-1437,org.eclipse.pde.internal.ua.ui.editor.toc.details,TocAbstractDetails,getDetailsDescription,0,1,0
eclipse.pde.ui-20120217-1437,org.eclipse.pde.internal.ua.ui.editor.toc.details,TocAbstractDetails,updateFields,0,1,0
eclipse.pde.ui-20120217-1437,org.eclipse.pde.internal.ua.ui.editor.toc.details,TocAbstractDetails,hookListeners,0,1,0
eclipse.pde.ui-20120217-1437,org.eclipse.pde.internal.ua.ui.editor.toc.details,TocAbstractDetails,selectionChanged,2,1,2
eclipse.pde.ui-20120217-1437,org.eclipse.pde.internal.ua.ui.editor.toc.details,TocAbstractDetails,fireSaveNeeded,4,1,0
eclipse.pde.ui-20120217-1437,org.eclipse.pde.internal.ua.ui.editor.toc.details,TocAbstractDetails,getContextId,3,1,0
eclipse.pde.ui-20120217-1437,org.eclipse.pde.internal.ua.ui.editor.toc.details,TocAbstractDetails,getPage,3,1,0
eclipse.pde.ui-20120217-1437,org.eclipse.pde.internal.ua.ui.editor.toc.details,TocAbstractDetails,setPathEntry,9,2,1
eclipse.pde.ui-20120217-1437,org.eclipse.pde.internal.ua.ui.editor.toc.details,TocAbstractDetails,handleOpen,6,2,0
eclipse.pde.ui-20120217-1437,org.eclipse.pde.internal.ua.ui.editor.toc.details,TocAbstractDetails,isTocPath,3,1,0
eclipse.pde.ui-20120217-1437,org.eclipse.pde.internal.ua.ui.editor.toc.details,TocAbstractDetails,getDataObject,0,1,0
eclipse.pde.ui-20120217-1437,org.eclipse.pde.internal.ua.ui.editor.toc.details,TocAbstractDetails,getPathEntryField,0,1,0
eclipse.pde.ui-20120217-1437,org.eclipse.pde.internal.ua.ui.editor.toc.details,TocAbstractDetails,isEditable,3,1,0
eclipse.pde.ui-20120217-1437,org.eclipse.pde.internal.ua.ui.editor.toc.details,TocAbstractDetails,modelChanged,2,1,1
eclipse.pde.ui-20120217-1437,org.eclipse.pde.internal.ua.ui.editor.toc.details,TocAbstractDetails,isEditableElement,3,1,0
eclipse.pde.ui-20120217-1437,org.eclipse.pde.internal.ua.ui.editor.toc.details,TocAbstractDetails,getToolkit,3,1,0
eclipse.pde.ui-20120217-1437,org.eclipse.pde.internal.ua.ui.editor.toc.details,TocAbstractDetails,getMasterSection,3,1,0
eclipse.pde.ui-20120217-1437,org.eclipse.pde.internal.ua.ui.editor.toc.details,TocAbstractDetails,getFirstSelectedObject,7,2,1
eclipse.pde.ui-20120217-1437,org.eclipse.pde.internal.ua.ui.editor.toc.details,TocAbstractDetails,createLabel,6,1,3
eclipse.pde.ui-20120217-1437,org.eclipse.pde.internal.ua.ui.editor.toc.details,TocAbstractDetails,createSpace,3,1,1
eclipse.pde.ui-20120217-1437,org.eclipse.pde.internal.ua.ui.editor.toc.details,TocAnchorDetails,TocAnchorDetails,5,1,1
eclipse.pde.ui-20120217-1437,org.eclipse.pde.internal.ua.ui.editor.toc.details,TocAnchorDetails,setData,3,1,1
eclipse.pde.ui-20120217-1437,org.eclipse.pde.internal.ua.ui.editor.toc.details,TocAnchorDetails,getDataObject,3,1,0
eclipse.pde.ui-20120217-1437,org.eclipse.pde.internal.ua.ui.editor.toc.details,TocAnchorDetails,getPathEntryField,3,1,0
eclipse.pde.ui-20120217-1437,org.eclipse.pde.internal.ua.ui.editor.toc.details,TocAnchorDetails,createFields,3,1,1
eclipse.pde.ui-20120217-1437,org.eclipse.pde.internal.ua.ui.editor.toc.details,TocAnchorDetails,createAnchorIdWidget,4,1,1
eclipse.pde.ui-20120217-1437,org.eclipse.pde.internal.ua.ui.editor.toc.details,TocAnchorDetails,getDetailsTitle,3,1,0
eclipse.pde.ui-20120217-1437,org.eclipse.pde.internal.ua.ui.editor.toc.details,TocAnchorDetails,getDetailsDescription,3,1,0
eclipse.pde.ui-20120217-1437,org.eclipse.pde.internal.ua.ui.editor.toc.details,TocAnchorDetails,hookListeners,3,1,0
eclipse.pde.ui-20120217-1437,org.eclipse.pde.internal.ua.ui.editor.toc.details,TocAnchorDetails,createAnchorIdEntryListeners,12,2,0
eclipse.pde.ui-20120217-1437,org.eclipse.pde.internal.ua.ui.editor.toc.details,TocAnchorDetails,textValueChanged,7,2,1
eclipse.pde.ui-20120217-1437,org.eclipse.pde.internal.ua.ui.editor.toc.details,TocAnchorDetails,updateFields,5,2,0
eclipse.pde.ui-20120217-1437,org.eclipse.pde.internal.ua.ui.editor.toc.details,TocAnchorDetails,updateAnchorIdEntry,4,1,1
eclipse.pde.ui-20120217-1437,org.eclipse.pde.internal.ua.ui.editor.toc.details,TocAnchorDetails,commit,4,1,1
eclipse.pde.ui-20120217-1437,org.eclipse.pde.internal.ua.ui.editor.toc.details,TocAnchorDetails,selectionChanged,7,2,2
eclipse.pde.ui-20120217-1437,org.eclipse.pde.internal.ua.ui.editor.toc.details,TocDetails,TocDetails,7,1,1
eclipse.pde.ui-20120217-1437,org.eclipse.pde.internal.ua.ui.editor.toc.details,TocDetails,setData,3,1,1
eclipse.pde.ui-20120217-1437,org.eclipse.pde.internal.ua.ui.editor.toc.details,TocDetails,getDataObject,3,1,0
eclipse.pde.ui-20120217-1437,org.eclipse.pde.internal.ua.ui.editor.toc.details,TocDetails,getPathEntryField,3,1,0
eclipse.pde.ui-20120217-1437,org.eclipse.pde.internal.ua.ui.editor.toc.details,TocDetails,createFields,7,1,1
eclipse.pde.ui-20120217-1437,org.eclipse.pde.internal.ua.ui.editor.toc.details,TocDetails,createNameWidget,4,1,1
eclipse.pde.ui-20120217-1437,org.eclipse.pde.internal.ua.ui.editor.toc.details,TocDetails,createAnchorWidget,4,1,1
eclipse.pde.ui-20120217-1437,org.eclipse.pde.internal.ua.ui.editor.toc.details,TocDetails,createPageWidget,4,1,1
eclipse.pde.ui-20120217-1437,org.eclipse.pde.internal.ua.ui.editor.toc.details,TocDetails,getDetailsTitle,3,1,0
eclipse.pde.ui-20120217-1437,org.eclipse.pde.internal.ua.ui.editor.toc.details,TocDetails,getDetailsDescription,3,1,0
eclipse.pde.ui-20120217-1437,org.eclipse.pde.internal.ua.ui.editor.toc.details,TocDetails,hookListeners,5,1,0
eclipse.pde.ui-20120217-1437,org.eclipse.pde.internal.ua.ui.editor.toc.details,TocDetails,createNameEntryListeners,12,2,0
eclipse.pde.ui-20120217-1437,org.eclipse.pde.internal.ua.ui.editor.toc.details,TocDetails,textValueChanged,7,2,1
eclipse.pde.ui-20120217-1437,org.eclipse.pde.internal.ua.ui.editor.toc.details,TocDetails,createAnchorEntryListeners,12,2,0
eclipse.pde.ui-20120217-1437,org.eclipse.pde.internal.ua.ui.editor.toc.details,TocDetails,textValueChanged,7,2,1
eclipse.pde.ui-20120217-1437,org.eclipse.pde.internal.ua.ui.editor.toc.details,TocDetails,createPageEntryListeners,16,2,0
eclipse.pde.ui-20120217-1437,org.eclipse.pde.internal.ua.ui.editor.toc.details,TocDetails,textValueChanged,5,2,1
eclipse.pde.ui-20120217-1437,org.eclipse.pde.internal.ua.ui.editor.toc.details,TocDetails,browseButtonSelected,3,1,1
eclipse.pde.ui-20120217-1437,org.eclipse.pde.internal.ua.ui.editor.toc.details,TocDetails,linkActivated,3,1,1
eclipse.pde.ui-20120217-1437,org.eclipse.pde.internal.ua.ui.editor.toc.details,TocDetails,handleBrowse,13,2,0
eclipse.pde.ui-20120217-1437,org.eclipse.pde.internal.ua.ui.editor.toc.details,TocDetails,updateFields,7,2,0
eclipse.pde.ui-20120217-1437,org.eclipse.pde.internal.ua.ui.editor.toc.details,TocDetails,updateNameEntry,4,1,1
eclipse.pde.ui-20120217-1437,org.eclipse.pde.internal.ua.ui.editor.toc.details,TocDetails,updateAnchorEntry,4,1,1
eclipse.pde.ui-20120217-1437,org.eclipse.pde.internal.ua.ui.editor.toc.details,TocDetails,updatePageEntry,4,1,1
eclipse.pde.ui-20120217-1437,org.eclipse.pde.internal.ua.ui.editor.toc.details,TocDetails,commit,6,1,1
eclipse.pde.ui-20120217-1437,org.eclipse.pde.internal.ua.ui.editor.toc.details,TocDetails,selectionChanged,7,2,2
eclipse.pde.ui-20120217-1437,org.eclipse.pde.internal.ua.ui.editor.toc.details,TocDetailsMessages,TocDetailsMessages,2,1,0
eclipse.pde.ui-20120217-1437,org.eclipse.pde.internal.ua.ui.editor.toc.details,TocLinkDetails,TocLinkDetails,5,1,1
eclipse.pde.ui-20120217-1437,org.eclipse.pde.internal.ua.ui.editor.toc.details,TocLinkDetails,setData,3,1,1
eclipse.pde.ui-20120217-1437,org.eclipse.pde.internal.ua.ui.editor.toc.details,TocLinkDetails,getDataObject,3,1,0
eclipse.pde.ui-20120217-1437,org.eclipse.pde.internal.ua.ui.editor.toc.details,TocLinkDetails,getPathEntryField,3,1,0
eclipse.pde.ui-20120217-1437,org.eclipse.pde.internal.ua.ui.editor.toc.details,TocLinkDetails,isTocPath,3,1,0
eclipse.pde.ui-20120217-1437,org.eclipse.pde.internal.ua.ui.editor.toc.details,TocLinkDetails,createFields,3,1,1
eclipse.pde.ui-20120217-1437,org.eclipse.pde.internal.ua.ui.editor.toc.details,TocLinkDetails,createTocPathWidget,4,1,1
eclipse.pde.ui-20120217-1437,org.eclipse.pde.internal.ua.ui.editor.toc.details,TocLinkDetails,getDetailsTitle,3,1,0
eclipse.pde.ui-20120217-1437,org.eclipse.pde.internal.ua.ui.editor.toc.details,TocLinkDetails,getDetailsDescription,3,1,0
eclipse.pde.ui-20120217-1437,org.eclipse.pde.internal.ua.ui.editor.toc.details,TocLinkDetails,hookListeners,3,1,0
eclipse.pde.ui-20120217-1437,org.eclipse.pde.internal.ua.ui.editor.toc.details,TocLinkDetails,createTocPathEntryListeners,16,2,0
eclipse.pde.ui-20120217-1437,org.eclipse.pde.internal.ua.ui.editor.toc.details,TocLinkDetails,textValueChanged,5,2,1
eclipse.pde.ui-20120217-1437,org.eclipse.pde.internal.ua.ui.editor.toc.details,TocLinkDetails,browseButtonSelected,3,1,1
eclipse.pde.ui-20120217-1437,org.eclipse.pde.internal.ua.ui.editor.toc.details,TocLinkDetails,linkActivated,3,1,1
eclipse.pde.ui-20120217-1437,org.eclipse.pde.internal.ua.ui.editor.toc.details,TocLinkDetails,handleBrowse,13,2,0
eclipse.pde.ui-20120217-1437,org.eclipse.pde.internal.ua.ui.editor.toc.details,TocLinkDetails,updateFields,5,2,0
eclipse.pde.ui-20120217-1437,org.eclipse.pde.internal.ua.ui.editor.toc.details,TocLinkDetails,updateTocPathEntry,4,1,1
eclipse.pde.ui-20120217-1437,org.eclipse.pde.internal.ua.ui.editor.toc.details,TocLinkDetails,commit,4,1,1
eclipse.pde.ui-20120217-1437,org.eclipse.pde.internal.ua.ui.editor.toc.details,TocLinkDetails,selectionChanged,7,2,2
eclipse.pde.ui-20120217-1437,org.eclipse.pde.internal.ua.ui.editor.toc.details,TocTopicDetails,TocTopicDetails,6,1,1
eclipse.pde.ui-20120217-1437,org.eclipse.pde.internal.ua.ui.editor.toc.details,TocTopicDetails,setData,3,1,1
eclipse.pde.ui-20120217-1437,org.eclipse.pde.internal.ua.ui.editor.toc.details,TocTopicDetails,getDataObject,3,1,0
eclipse.pde.ui-20120217-1437,org.eclipse.pde.internal.ua.ui.editor.toc.details,TocTopicDetails,getPathEntryField,3,1,0
eclipse.pde.ui-20120217-1437,org.eclipse.pde.internal.ua.ui.editor.toc.details,TocTopicDetails,createFields,5,1,1
eclipse.pde.ui-20120217-1437,org.eclipse.pde.internal.ua.ui.editor.toc.details,TocTopicDetails,createNameWidget,4,1,1
eclipse.pde.ui-20120217-1437,org.eclipse.pde.internal.ua.ui.editor.toc.details,TocTopicDetails,createPageWidget,4,1,1
eclipse.pde.ui-20120217-1437,org.eclipse.pde.internal.ua.ui.editor.toc.details,TocTopicDetails,getDetailsTitle,3,1,0
eclipse.pde.ui-20120217-1437,org.eclipse.pde.internal.ua.ui.editor.toc.details,TocTopicDetails,getDetailsDescription,3,1,0
eclipse.pde.ui-20120217-1437,org.eclipse.pde.internal.ua.ui.editor.toc.details,TocTopicDetails,hookListeners,4,1,0
eclipse.pde.ui-20120217-1437,org.eclipse.pde.internal.ua.ui.editor.toc.details,TocTopicDetails,createNameEntryListeners,12,2,0
eclipse.pde.ui-20120217-1437,org.eclipse.pde.internal.ua.ui.editor.toc.details,TocTopicDetails,textValueChanged,7,2,1
eclipse.pde.ui-20120217-1437,org.eclipse.pde.internal.ua.ui.editor.toc.details,TocTopicDetails,createPageEntryListeners,16,2,0
eclipse.pde.ui-20120217-1437,org.eclipse.pde.internal.ua.ui.editor.toc.details,TocTopicDetails,textValueChanged,5,2,1
eclipse.pde.ui-20120217-1437,org.eclipse.pde.internal.ua.ui.editor.toc.details,TocTopicDetails,browseButtonSelected,3,1,1
eclipse.pde.ui-20120217-1437,org.eclipse.pde.internal.ua.ui.editor.toc.details,TocTopicDetails,linkActivated,3,1,1
eclipse.pde.ui-20120217-1437,org.eclipse.pde.internal.ua.ui.editor.toc.details,TocTopicDetails,handleBrowse,13,2,0
eclipse.pde.ui-20120217-1437,org.eclipse.pde.internal.ua.ui.editor.toc.details,TocTopicDetails,updateFields,6,2,0
eclipse.pde.ui-20120217-1437,org.eclipse.pde.internal.ua.ui.editor.toc.details,TocTopicDetails,updateNameEntry,4,1,1
eclipse.pde.ui-20120217-1437,org.eclipse.pde.internal.ua.ui.editor.toc.details,TocTopicDetails,updatePageEntry,4,1,1
eclipse.pde.ui-20120217-1437,org.eclipse.pde.internal.ua.ui.editor.toc.details,TocTopicDetails,commit,5,1,1
eclipse.pde.ui-20120217-1437,org.eclipse.pde.internal.ua.ui.editor.toc.details,TocTopicDetails,selectionChanged,7,2,2
eclipse.pde.ui-20120217-1437,org.eclipse.pde.internal.ua.ui.wizards.cheatsheet,BaseCSCreationOperation,BaseCSCreationOperation,3,1,1
eclipse.pde.ui-20120217-1437,org.eclipse.pde.internal.ua.ui.wizards.cheatsheet,BaseCSCreationOperation,BaseCSCreationOperation,3,1,1
eclipse.pde.ui-20120217-1437,org.eclipse.pde.internal.ua.ui.wizards.cheatsheet,BaseCSCreationOperation,execute,7,1,1
eclipse.pde.ui-20120217-1437,org.eclipse.pde.internal.ua.ui.wizards.cheatsheet,BaseCSCreationOperation,createContent,0,1,0
eclipse.pde.ui-20120217-1437,org.eclipse.pde.internal.ua.ui.wizards.cheatsheet,BaseCSCreationOperation,openFile,25,4,0
eclipse.pde.ui-20120217-1437,org.eclipse.pde.internal.ua.ui.wizards.cheatsheet,BaseCSCreationOperation,run,20,4,0
eclipse.pde.ui-20120217-1437,org.eclipse.pde.internal.ua.ui.wizards.cheatsheet,BaseCSCreationOperation,formatTextBold,7,1,1
eclipse.pde.ui-20120217-1437,org.eclipse.pde.internal.ua.ui.wizards.cheatsheet,CSCategoryTrackerUtil,CSCategoryTrackerUtil,5,1,0
eclipse.pde.ui-20120217-1437,org.eclipse.pde.internal.ua.ui.wizards.cheatsheet,CSCategoryTrackerUtil,associate,5,1,3
eclipse.pde.ui-20120217-1437,org.eclipse.pde.internal.ua.ui.wizards.cheatsheet,CSCategoryTrackerUtil,containsCategoryName,3,1,1
eclipse.pde.ui-20120217-1437,org.eclipse.pde.internal.ua.ui.wizards.cheatsheet,CSCategoryTrackerUtil,containsCategoryID,3,1,1
eclipse.pde.ui-20120217-1437,org.eclipse.pde.internal.ua.ui.wizards.cheatsheet,CSCategoryTrackerUtil,getCategoryName,3,1,1
eclipse.pde.ui-20120217-1437,org.eclipse.pde.internal.ua.ui.wizards.cheatsheet,CSCategoryTrackerUtil,getCategoryID,3,1,1
eclipse.pde.ui-20120217-1437,org.eclipse.pde.internal.ua.ui.wizards.cheatsheet,CSCategoryTrackerUtil,getCategoryType,7,2,1
eclipse.pde.ui-20120217-1437,org.eclipse.pde.internal.ua.ui.wizards.cheatsheet,CSFileWizardPage,CSFileWizardPage,4,1,2
eclipse.pde.ui-20120217-1437,org.eclipse.pde.internal.ua.ui.wizards.cheatsheet,CSFileWizardPage,initialize,5,1,0
eclipse.pde.ui-20120217-1437,org.eclipse.pde.internal.ua.ui.wizards.cheatsheet,CSFileWizardPage,getCheatSheetType,9,3,0
eclipse.pde.ui-20120217-1437,org.eclipse.pde.internal.ua.ui.wizards.cheatsheet,CSFileWizardPage,createAdvancedControls,40,1,1
eclipse.pde.ui-20120217-1437,org.eclipse.pde.internal.ua.ui.wizards.cheatsheet,CSFileWizardPage,widgetSelected,3,1,1
eclipse.pde.ui-20120217-1437,org.eclipse.pde.internal.ua.ui.wizards.cheatsheet,CSFileWizardPage,widgetSelected,3,1,1
eclipse.pde.ui-20120217-1437,org.eclipse.pde.internal.ua.ui.wizards.cheatsheet,CSFileWizardPage,createControl,5,1,1
eclipse.pde.ui-20120217-1437,org.eclipse.pde.internal.ua.ui.wizards.cheatsheet,CSWizardMessages,CSWizardMessages,2,1,0
eclipse.pde.ui-20120217-1437,org.eclipse.pde.internal.ua.ui.wizards.cheatsheet,CompCSCreationOperation,CompCSCreationOperation,3,1,1
eclipse.pde.ui-20120217-1437,org.eclipse.pde.internal.ua.ui.wizards.cheatsheet,CompCSCreationOperation,CompCSCreationOperation,3,1,1
eclipse.pde.ui-20120217-1437,org.eclipse.pde.internal.ua.ui.wizards.cheatsheet,CompCSCreationOperation,createContent,6,1,0
eclipse.pde.ui-20120217-1437,org.eclipse.pde.internal.ua.ui.wizards.cheatsheet,CompCSCreationOperation,initializeCS,7,1,1
eclipse.pde.ui-20120217-1437,org.eclipse.pde.internal.ua.ui.wizards.cheatsheet,CompCSCreationOperation,createBasicTask,13,1,1
eclipse.pde.ui-20120217-1437,org.eclipse.pde.internal.ua.ui.wizards.cheatsheet,CompCSCreationOperation,createBasicGroup,13,1,1
eclipse.pde.ui-20120217-1437,org.eclipse.pde.internal.ua.ui.wizards.cheatsheet,IRegisterCSData,getDataDescription,0,1,0
eclipse.pde.ui-20120217-1437,org.eclipse.pde.internal.ua.ui.wizards.cheatsheet,IRegisterCSData,getDataCategoryName,0,1,0
eclipse.pde.ui-20120217-1437,org.eclipse.pde.internal.ua.ui.wizards.cheatsheet,IRegisterCSData,getDataCategoryID,0,1,0
eclipse.pde.ui-20120217-1437,org.eclipse.pde.internal.ua.ui.wizards.cheatsheet,IRegisterCSData,getDataCategoryType,0,1,0
eclipse.pde.ui-20120217-1437,org.eclipse.pde.internal.ua.ui.wizards.cheatsheet,IRegisterCSData,getDataContentFile,0,1,0
eclipse.pde.ui-20120217-1437,org.eclipse.pde.internal.ua.ui.wizards.cheatsheet,IRegisterCSData,getDataCheatSheetID,0,1,0
eclipse.pde.ui-20120217-1437,org.eclipse.pde.internal.ua.ui.wizards.cheatsheet,IRegisterCSData,getDataCheatSheetName,0,1,0
eclipse.pde.ui-20120217-1437,org.eclipse.pde.internal.ua.ui.wizards.cheatsheet,IRegisterCSData,isCompositeCheatSheet,0,1,0
eclipse.pde.ui-20120217-1437,org.eclipse.pde.internal.ua.ui.wizards.cheatsheet,IRegisterCSData,getPluginProject,0,1,0
eclipse.pde.ui-20120217-1437,org.eclipse.pde.internal.ua.ui.wizards.cheatsheet,NewCSFileWizard,NewCSFileWizard,3,1,0
eclipse.pde.ui-20120217-1437,org.eclipse.pde.internal.ua.ui.wizards.cheatsheet,NewCSFileWizard,addPages,4,1,0
eclipse.pde.ui-20120217-1437,org.eclipse.pde.internal.ua.ui.wizards.cheatsheet,NewCSFileWizard,init,5,1,2
eclipse.pde.ui-20120217-1437,org.eclipse.pde.internal.ua.ui.wizards.cheatsheet,NewCSFileWizard,initializeDefaultPageImageDescriptor,3,1,0
eclipse.pde.ui-20120217-1437,org.eclipse.pde.internal.ua.ui.wizards.cheatsheet,NewCSFileWizard,performFinish,13,1,0
eclipse.pde.ui-20120217-1437,org.eclipse.pde.internal.ua.ui.wizards.cheatsheet,NewCSFileWizard,getOperation,11,3,0
eclipse.pde.ui-20120217-1437,org.eclipse.pde.internal.ua.ui.wizards.cheatsheet,NewCategoryNameDialog,NewCategoryNameDialog,5,1,1
eclipse.pde.ui-20120217-1437,org.eclipse.pde.internal.ua.ui.wizards.cheatsheet,NewCategoryNameDialog,configureShell,4,1,1
eclipse.pde.ui-20120217-1437,org.eclipse.pde.internal.ua.ui.wizards.cheatsheet,NewCategoryNameDialog,createDialogArea,6,1,1
eclipse.pde.ui-20120217-1437,org.eclipse.pde.internal.ua.ui.wizards.cheatsheet,NewCategoryNameDialog,createUI,7,1,1
eclipse.pde.ui-20120217-1437,org.eclipse.pde.internal.ua.ui.wizards.cheatsheet,NewCategoryNameDialog,createListeners,2,1,0
eclipse.pde.ui-20120217-1437,org.eclipse.pde.internal.ua.ui.wizards.cheatsheet,NewCategoryNameDialog,updateUI,2,1,0
eclipse.pde.ui-20120217-1437,org.eclipse.pde.internal.ua.ui.wizards.cheatsheet,NewCategoryNameDialog,createUIContainer,11,1,1
eclipse.pde.ui-20120217-1437,org.eclipse.pde.internal.ua.ui.wizards.cheatsheet,NewCategoryNameDialog,createUIInstructionLabel,8,1,1
eclipse.pde.ui-20120217-1437,org.eclipse.pde.internal.ua.ui.wizards.cheatsheet,NewCategoryNameDialog,createUINameField,4,1,1
eclipse.pde.ui-20120217-1437,org.eclipse.pde.internal.ua.ui.wizards.cheatsheet,NewCategoryNameDialog,createUINameLabel,4,1,1
eclipse.pde.ui-20120217-1437,org.eclipse.pde.internal.ua.ui.wizards.cheatsheet,NewCategoryNameDialog,createUINameText,5,1,1
eclipse.pde.ui-20120217-1437,org.eclipse.pde.internal.ua.ui.wizards.cheatsheet,NewCategoryNameDialog,okPressed,4,1,0
eclipse.pde.ui-20120217-1437,org.eclipse.pde.internal.ua.ui.wizards.cheatsheet,NewCategoryNameDialog,getNameText,3,1,0
eclipse.pde.ui-20120217-1437,org.eclipse.pde.internal.ua.ui.wizards.cheatsheet,NewSimpleCSFileWizard,NewSimpleCSFileWizard,3,1,0
eclipse.pde.ui-20120217-1437,org.eclipse.pde.internal.ua.ui.wizards.cheatsheet,NewSimpleCSFileWizard,addPages,4,1,0
eclipse.pde.ui-20120217-1437,org.eclipse.pde.internal.ua.ui.wizards.cheatsheet,RegisterCSOperation,RegisterCSOperation,4,1,2
eclipse.pde.ui-20120217-1437,org.eclipse.pde.internal.ua.ui.wizards.cheatsheet,RegisterCSOperation,RegisterCSOperation,3,1,1
eclipse.pde.ui-20120217-1437,org.eclipse.pde.internal.ua.ui.wizards.cheatsheet,RegisterCSOperation,execute,15,2,1
eclipse.pde.ui-20120217-1437,org.eclipse.pde.internal.ua.ui.wizards.cheatsheet,RegisterCSOperation,FindCSExtensionResult,4,1,0
eclipse.pde.ui-20120217-1437,org.eclipse.pde.internal.ua.ui.wizards.cheatsheet,RegisterCSOperation,foundCSExtension,3,1,0
eclipse.pde.ui-20120217-1437,org.eclipse.pde.internal.ua.ui.wizards.cheatsheet,RegisterCSOperation,foundExactCSElement,3,1,0
eclipse.pde.ui-20120217-1437,org.eclipse.pde.internal.ua.ui.wizards.cheatsheet,RegisterCSOperation,modifyExistingPluginFile,14,2,2
eclipse.pde.ui-20120217-1437,org.eclipse.pde.internal.ua.ui.wizards.cheatsheet,RegisterCSOperation,modifyModel,4,1,2
eclipse.pde.ui-20120217-1437,org.eclipse.pde.internal.ua.ui.wizards.cheatsheet,RegisterCSOperation,doModifyPluginModel,20,5,2
eclipse.pde.ui-20120217-1437,org.eclipse.pde.internal.ua.ui.wizards.cheatsheet,RegisterCSOperation,insertNewExtension,6,1,2
eclipse.pde.ui-20120217-1437,org.eclipse.pde.internal.ua.ui.wizards.cheatsheet,RegisterCSOperation,modifyExistingExtension,5,1,2
eclipse.pde.ui-20120217-1437,org.eclipse.pde.internal.ua.ui.wizards.cheatsheet,RegisterCSOperation,modifyExistingElement,23,5,2
eclipse.pde.ui-20120217-1437,org.eclipse.pde.internal.ua.ui.wizards.cheatsheet,RegisterCSOperation,modifyExistingDescription,7,2,1
eclipse.pde.ui-20120217-1437,org.eclipse.pde.internal.ua.ui.wizards.cheatsheet,RegisterCSOperation,findExistingDescription,12,4,1
eclipse.pde.ui-20120217-1437,org.eclipse.pde.internal.ua.ui.wizards.cheatsheet,RegisterCSOperation,findCSExtensionResult,24,7,1
eclipse.pde.ui-20120217-1437,org.eclipse.pde.internal.ua.ui.wizards.cheatsheet,RegisterCSOperation,findCheatSheetExtensions,11,3,1
eclipse.pde.ui-20120217-1437,org.eclipse.pde.internal.ua.ui.wizards.cheatsheet,RegisterCSOperation,createNewPluginFile,13,1,2
eclipse.pde.ui-20120217-1437,org.eclipse.pde.internal.ua.ui.wizards.cheatsheet,RegisterCSOperation,modifyExistingManifestFile,14,2,1
eclipse.pde.ui-20120217-1437,org.eclipse.pde.internal.ua.ui.wizards.cheatsheet,RegisterCSOperation,modifyModel,4,1,2
eclipse.pde.ui-20120217-1437,org.eclipse.pde.internal.ua.ui.wizards.cheatsheet,RegisterCSOperation,doModifyManifestModel,21,6,1
eclipse.pde.ui-20120217-1437,org.eclipse.pde.internal.ua.ui.wizards.cheatsheet,RegisterCSOperation,doModifyBuildModel,23,7,1
eclipse.pde.ui-20120217-1437,org.eclipse.pde.internal.ua.ui.wizards.cheatsheet,RegisterCSOperation,createModel,6,2,1
eclipse.pde.ui-20120217-1437,org.eclipse.pde.internal.ua.ui.wizards.cheatsheet,RegisterCSOperation,createExtensionCheatSheet,6,1,1
eclipse.pde.ui-20120217-1437,org.eclipse.pde.internal.ua.ui.wizards.cheatsheet,RegisterCSOperation,createExtensionChildren,10,3,1
eclipse.pde.ui-20120217-1437,org.eclipse.pde.internal.ua.ui.wizards.cheatsheet,RegisterCSOperation,createElementCategory,15,3,1
eclipse.pde.ui-20120217-1437,org.eclipse.pde.internal.ua.ui.wizards.cheatsheet,RegisterCSOperation,createElementCheatSheet,17,3,1
eclipse.pde.ui-20120217-1437,org.eclipse.pde.internal.ua.ui.wizards.cheatsheet,RegisterCSOperation,createElementDescription,10,2,1
eclipse.pde.ui-20120217-1437,org.eclipse.pde.internal.ua.ui.wizards.cheatsheet,FindCSExtensionResult,FindCSExtensionResult,4,1,0
eclipse.pde.ui-20120217-1437,org.eclipse.pde.internal.ua.ui.wizards.cheatsheet,FindCSExtensionResult,foundCSExtension,3,1,0
eclipse.pde.ui-20120217-1437,org.eclipse.pde.internal.ua.ui.wizards.cheatsheet,FindCSExtensionResult,foundExactCSElement,3,1,0
eclipse.pde.ui-20120217-1437,org.eclipse.pde.internal.ua.ui.wizards.cheatsheet,RegisterCSWizard,RegisterCSWizard,3,1,1
eclipse.pde.ui-20120217-1437,org.eclipse.pde.internal.ua.ui.wizards.cheatsheet,RegisterCSWizard,addPages,9,3,0
eclipse.pde.ui-20120217-1437,org.eclipse.pde.internal.ua.ui.wizards.cheatsheet,RegisterCSWizard,performFinish,13,1,0
eclipse.pde.ui-20120217-1437,org.eclipse.pde.internal.ua.ui.wizards.cheatsheet,RegisterCSWizard,getOperation,3,1,0
eclipse.pde.ui-20120217-1437,org.eclipse.pde.internal.ua.ui.wizards.cheatsheet,RegisterCSWizard,init,5,1,2
eclipse.pde.ui-20120217-1437,org.eclipse.pde.internal.ua.ui.wizards.cheatsheet,RegisterCSWizardPage,RegisterCSWizardPage,5,1,1
eclipse.pde.ui-20120217-1437,org.eclipse.pde.internal.ua.ui.wizards.cheatsheet,RegisterCSWizardPage,initialize,13,1,0
eclipse.pde.ui-20120217-1437,org.eclipse.pde.internal.ua.ui.wizards.cheatsheet,RegisterCSWizardPage,initializePluginModel,6,3,0
eclipse.pde.ui-20120217-1437,org.eclipse.pde.internal.ua.ui.wizards.cheatsheet,RegisterCSWizardPage,getDataDescription,3,1,0
eclipse.pde.ui-20120217-1437,org.eclipse.pde.internal.ua.ui.wizards.cheatsheet,RegisterCSWizardPage,getDataCategoryName,3,1,0
eclipse.pde.ui-20120217-1437,org.eclipse.pde.internal.ua.ui.wizards.cheatsheet,RegisterCSWizardPage,getDataCategoryType,7,2,0
eclipse.pde.ui-20120217-1437,org.eclipse.pde.internal.ua.ui.wizards.cheatsheet,RegisterCSWizardPage,getDataCategoryID,6,2,0
eclipse.pde.ui-20120217-1437,org.eclipse.pde.internal.ua.ui.wizards.cheatsheet,RegisterCSWizardPage,getDataContentFile,4,1,0
eclipse.pde.ui-20120217-1437,org.eclipse.pde.internal.ua.ui.wizards.cheatsheet,RegisterCSWizardPage,getDataCheatSheetID,3,1,0
eclipse.pde.ui-20120217-1437,org.eclipse.pde.internal.ua.ui.wizards.cheatsheet,RegisterCSWizardPage,getPluginProject,3,1,0
eclipse.pde.ui-20120217-1437,org.eclipse.pde.internal.ua.ui.wizards.cheatsheet,RegisterCSWizardPage,getDataCheatSheetName,0,1,0
eclipse.pde.ui-20120217-1437,org.eclipse.pde.internal.ua.ui.wizards.cheatsheet,RegisterCSWizardPage,isCompositeCheatSheet,0,1,0
eclipse.pde.ui-20120217-1437,org.eclipse.pde.internal.ua.ui.wizards.cheatsheet,RegisterCSWizardPage,createControl,6,1,1
eclipse.pde.ui-20120217-1437,org.eclipse.pde.internal.ua.ui.wizards.cheatsheet,RegisterCSWizardPage,createUI,10,1,1
eclipse.pde.ui-20120217-1437,org.eclipse.pde.internal.ua.ui.wizards.cheatsheet,RegisterCSWizardPage,createUILabel,7,1,1
eclipse.pde.ui-20120217-1437,org.eclipse.pde.internal.ua.ui.wizards.cheatsheet,RegisterCSWizardPage,createUIGroup,13,1,1
eclipse.pde.ui-20120217-1437,org.eclipse.pde.internal.ua.ui.wizards.cheatsheet,RegisterCSWizardPage,createUIContainer,7,1,1
eclipse.pde.ui-20120217-1437,org.eclipse.pde.internal.ua.ui.wizards.cheatsheet,RegisterCSWizardPage,createUICategoryField,5,1,1
eclipse.pde.ui-20120217-1437,org.eclipse.pde.internal.ua.ui.wizards.cheatsheet,RegisterCSWizardPage,createUICategoryLabel,4,1,1
eclipse.pde.ui-20120217-1437,org.eclipse.pde.internal.ua.ui.wizards.cheatsheet,RegisterCSWizardPage,createUICategoryCombo,8,1,1
eclipse.pde.ui-20120217-1437,org.eclipse.pde.internal.ua.ui.wizards.cheatsheet,RegisterCSWizardPage,createUICategoryButton,9,1,1
eclipse.pde.ui-20120217-1437,org.eclipse.pde.internal.ua.ui.wizards.cheatsheet,RegisterCSWizardPage,createUIDescriptionField,4,1,1
eclipse.pde.ui-20120217-1437,org.eclipse.pde.internal.ua.ui.wizards.cheatsheet,RegisterCSWizardPage,createUIDescriptionLabel,7,1,1
eclipse.pde.ui-20120217-1437,org.eclipse.pde.internal.ua.ui.wizards.cheatsheet,RegisterCSWizardPage,createUIDescriptionText,8,1,1
eclipse.pde.ui-20120217-1437,org.eclipse.pde.internal.ua.ui.wizards.cheatsheet,RegisterCSWizardPage,createUIListeners,5,1,0
eclipse.pde.ui-20120217-1437,org.eclipse.pde.internal.ua.ui.wizards.cheatsheet,RegisterCSWizardPage,createUIListenersCategoryButton,8,1,0
eclipse.pde.ui-20120217-1437,org.eclipse.pde.internal.ua.ui.wizards.cheatsheet,RegisterCSWizardPage,widgetSelected,3,1,1
eclipse.pde.ui-20120217-1437,org.eclipse.pde.internal.ua.ui.wizards.cheatsheet,RegisterCSWizardPage,createUIListenersCategoryCombo,8,1,0
eclipse.pde.ui-20120217-1437,org.eclipse.pde.internal.ua.ui.wizards.cheatsheet,RegisterCSWizardPage,modifyText,3,1,1
eclipse.pde.ui-20120217-1437,org.eclipse.pde.internal.ua.ui.wizards.cheatsheet,RegisterCSWizardPage,createUIListenersDescriptionText,8,1,0
eclipse.pde.ui-20120217-1437,org.eclipse.pde.internal.ua.ui.wizards.cheatsheet,RegisterCSWizardPage,modifyText,3,1,1
eclipse.pde.ui-20120217-1437,org.eclipse.pde.internal.ua.ui.wizards.cheatsheet,RegisterCSWizardPage,handleWidgetSelectedCategoryButton,16,3,0
eclipse.pde.ui-20120217-1437,org.eclipse.pde.internal.ua.ui.wizards.cheatsheet,RegisterCSWizardPage,updateUI,7,2,0
eclipse.pde.ui-20120217-1437,org.eclipse.pde.internal.ua.ui.wizards.cheatsheet,RegisterCSWizardPage,processCategoryElements,17,6,1
eclipse.pde.ui-20120217-1437,org.eclipse.pde.internal.ua.ui.wizards.cheatsheet,RegisterCSWizardPage,processCheatSheetElements,17,6,1
eclipse.pde.ui-20120217-1437,org.eclipse.pde.internal.ua.ui.wizards.cheatsheet,RegisterCSWizardPage,updateUICategoryComboElement,8,2,1
eclipse.pde.ui-20120217-1437,org.eclipse.pde.internal.ua.ui.wizards.cheatsheet,RegisterCSWizardPage,updateUICategoryComboAttribute,15,3,1
eclipse.pde.ui-20120217-1437,org.eclipse.pde.internal.ua.ui.wizards.cheatsheet,RegisterCSWizardPage,processCheatSheetElement,9,3,2
eclipse.pde.ui-20120217-1437,org.eclipse.pde.internal.ua.ui.wizards.cheatsheet,RegisterCSWizardPage,updateUIDescriptionText,9,3,1
eclipse.pde.ui-20120217-1437,org.eclipse.pde.internal.ua.ui.wizards.cheatsheet,RegisterCSWizardPage,validateUI,3,1,0
eclipse.pde.ui-20120217-1437,org.eclipse.pde.internal.ua.ui.wizards.cheatsheet,RegisterCSWizardPage,findExtensions,11,3,2
eclipse.pde.ui-20120217-1437,org.eclipse.pde.internal.ua.ui.wizards.cheatsheet,RegisterCSWizardPage,generateCheatSheetID,5,1,0
eclipse.pde.ui-20120217-1437,org.eclipse.pde.internal.ua.ui.wizards.cheatsheet,RegisterCSWizardPage,generateCategoryID,5,1,1
eclipse.pde.ui-20120217-1437,org.eclipse.pde.internal.ua.ui.wizards.cheatsheet,RegisterCSWizardPage,hash,10,2,1
eclipse.pde.ui-20120217-1437,org.eclipse.pde.internal.ua.ui.wizards.cheatsheet,RegisterCompCSWizardPage,RegisterCompCSWizardPage,3,1,1
eclipse.pde.ui-20120217-1437,org.eclipse.pde.internal.ua.ui.wizards.cheatsheet,RegisterCompCSWizardPage,getDataCheatSheetName,3,1,0
eclipse.pde.ui-20120217-1437,org.eclipse.pde.internal.ua.ui.wizards.cheatsheet,RegisterCompCSWizardPage,isCompositeCheatSheet,3,1,0
eclipse.pde.ui-20120217-1437,org.eclipse.pde.internal.ua.ui.wizards.cheatsheet,RegisterSimpleCSWizardPage,RegisterSimpleCSWizardPage,3,1,1
eclipse.pde.ui-20120217-1437,org.eclipse.pde.internal.ua.ui.wizards.cheatsheet,RegisterSimpleCSWizardPage,getDataCheatSheetName,3,1,0
eclipse.pde.ui-20120217-1437,org.eclipse.pde.internal.ua.ui.wizards.cheatsheet,RegisterSimpleCSWizardPage,isCompositeCheatSheet,3,1,0
eclipse.pde.ui-20120217-1437,org.eclipse.pde.internal.ua.ui.wizards.cheatsheet,SimpleCSCreationOperation,SimpleCSCreationOperation,3,1,1
eclipse.pde.ui-20120217-1437,org.eclipse.pde.internal.ua.ui.wizards.cheatsheet,SimpleCSCreationOperation,SimpleCSCreationOperation,3,1,1
eclipse.pde.ui-20120217-1437,org.eclipse.pde.internal.ua.ui.wizards.cheatsheet,SimpleCSCreationOperation,createContent,7,1,0
eclipse.pde.ui-20120217-1437,org.eclipse.pde.internal.ua.ui.wizards.cheatsheet,SimpleCSCreationOperation,initializeCS,15,1,1
eclipse.pde.ui-20120217-1437,org.eclipse.pde.internal.ua.ui.wizards.cheatsheet,SimpleCSFileWizardPage,SimpleCSFileWizardPage,4,1,1
eclipse.pde.ui-20120217-1437,org.eclipse.pde.internal.ua.ui.wizards.cheatsheet,SimpleCSFileWizardPage,initialize,5,1,0
eclipse.pde.ui-20120217-1437,org.eclipse.pde.internal.ua.ui.wizards.cheatsheet,SimpleCSFileWizardPage,getCheatSheetType,3,1,0
eclipse.pde.ui-20120217-1437,org.eclipse.pde.internal.ua.ui.wizards.cheatsheet,SimpleCSFileWizardPage,createAdvancedControls,2,1,1
eclipse.pde.ui-20120217-1437,org.eclipse.pde.internal.ua.ui.wizards.cheatsheet,SimpleCSFileWizardPage,validatePage,13,3,0
eclipse.pde.ui-20120217-1437,org.eclipse.pde.internal.ua.ui.wizards.cheatsheet,SimpleCSFileWizardPage,getAbsoluteFileName,3,1,0
eclipse.pde.ui-20120217-1437,org.eclipse.pde.internal.ua.ui.wizards.cheatsheet,SimpleCSFileWizardPage,setProjectName,3,1,1
eclipse.pde.ui-20120217-1437,org.eclipse.pde.internal.ua.ui.wizards.ctxhelp,CtxWizardMessages,CtxWizardMessages,2,1,0
eclipse.pde.ui-20120217-1437,org.eclipse.pde.internal.ua.ui.wizards.ctxhelp,NewCtxHelpOperation,NewCtxHelpOperation,3,1,1
eclipse.pde.ui-20120217-1437,org.eclipse.pde.internal.ua.ui.wizards.ctxhelp,NewCtxHelpOperation,execute,9,1,1
eclipse.pde.ui-20120217-1437,org.eclipse.pde.internal.ua.ui.wizards.ctxhelp,NewCtxHelpOperation,initializeModel,8,1,1
eclipse.pde.ui-20120217-1437,org.eclipse.pde.internal.ua.ui.wizards.ctxhelp,NewCtxHelpOperation,openFile,23,4,0
eclipse.pde.ui-20120217-1437,org.eclipse.pde.internal.ua.ui.wizards.ctxhelp,NewCtxHelpOperation,run,18,4,0
eclipse.pde.ui-20120217-1437,org.eclipse.pde.internal.ua.ui.wizards.ctxhelp,NewCtxHelpWizard,addPages,4,1,0
eclipse.pde.ui-20120217-1437,org.eclipse.pde.internal.ua.ui.wizards.ctxhelp,NewCtxHelpWizard,init,5,1,2
eclipse.pde.ui-20120217-1437,org.eclipse.pde.internal.ua.ui.wizards.ctxhelp,NewCtxHelpWizard,initializeDefaultPageImageDescriptor,2,1,0
eclipse.pde.ui-20120217-1437,org.eclipse.pde.internal.ua.ui.wizards.ctxhelp,NewCtxHelpWizard,performFinish,13,1,0
eclipse.pde.ui-20120217-1437,org.eclipse.pde.internal.ua.ui.wizards.ctxhelp,NewCtxHelpWizard,getOperation,4,1,0
eclipse.pde.ui-20120217-1437,org.eclipse.pde.internal.ua.ui.wizards.ctxhelp,NewCtxHelpWizardPage,NewCtxHelpWizardPage,6,1,2
eclipse.pde.ui-20120217-1437,org.eclipse.pde.internal.ua.ui.wizards.ctxhelp,NewCtxHelpWizardPage,createAdvancedControls,2,1,1
eclipse.pde.ui-20120217-1437,org.eclipse.pde.internal.ua.ui.wizards.ctxhelp,NewCtxHelpWizardPage,createControl,4,1,1
eclipse.pde.ui-20120217-1437,org.eclipse.pde.internal.ua.ui.wizards.ctxhelp,RegisterCtxHelpOperation,RegisterCtxHelpOperation,6,1,3
eclipse.pde.ui-20120217-1437,org.eclipse.pde.internal.ua.ui.wizards.ctxhelp,RegisterCtxHelpOperation,execute,15,2,1
eclipse.pde.ui-20120217-1437,org.eclipse.pde.internal.ua.ui.wizards.ctxhelp,RegisterCtxHelpOperation,modifyExistingPluginFile,14,2,2
eclipse.pde.ui-20120217-1437,org.eclipse.pde.internal.ua.ui.wizards.ctxhelp,RegisterCtxHelpOperation,modifyModel,4,1,2
eclipse.pde.ui-20120217-1437,org.eclipse.pde.internal.ua.ui.wizards.ctxhelp,RegisterCtxHelpOperation,doModifyPluginModel,23,6,2
eclipse.pde.ui-20120217-1437,org.eclipse.pde.internal.ua.ui.wizards.ctxhelp,RegisterCtxHelpOperation,doModifyManifestModel,21,6,1
eclipse.pde.ui-20120217-1437,org.eclipse.pde.internal.ua.ui.wizards.ctxhelp,RegisterCtxHelpOperation,createNewPluginFile,19,2,2
eclipse.pde.ui-20120217-1437,org.eclipse.pde.internal.ua.ui.wizards.ctxhelp,RegisterCtxHelpOperation,modifyExistingManifestFile,14,2,1
eclipse.pde.ui-20120217-1437,org.eclipse.pde.internal.ua.ui.wizards.ctxhelp,RegisterCtxHelpOperation,modifyModel,4,1,2
eclipse.pde.ui-20120217-1437,org.eclipse.pde.internal.ua.ui.wizards.ctxhelp,RegisterCtxHelpOperation,doModifyBuildModel,23,7,1
eclipse.pde.ui-20120217-1437,org.eclipse.pde.internal.ua.ui.wizards.ctxhelp,RegisterCtxHelpOperation,checkExistingExtensionElement,23,8,1
eclipse.pde.ui-20120217-1437,org.eclipse.pde.internal.ua.ui.wizards.ctxhelp,RegisterCtxHelpOperation,addExtensionToModel,6,1,1
eclipse.pde.ui-20120217-1437,org.eclipse.pde.internal.ua.ui.wizards.ctxhelp,RegisterCtxHelpOperation,addElementToExtension,9,2,1
eclipse.pde.ui-20120217-1437,org.eclipse.pde.internal.ua.ui.wizards.ctxhelp,RegisterCtxHelpWizard,RegisterCtxHelpWizard,6,1,1
eclipse.pde.ui-20120217-1437,org.eclipse.pde.internal.ua.ui.wizards.ctxhelp,RegisterCtxHelpWizard,addPages,4,1,0
eclipse.pde.ui-20120217-1437,org.eclipse.pde.internal.ua.ui.wizards.ctxhelp,RegisterCtxHelpWizard,performFinish,13,1,0
eclipse.pde.ui-20120217-1437,org.eclipse.pde.internal.ua.ui.wizards.ctxhelp,RegisterCtxHelpWizard,RegisterCtxHelpWizardPage,5,1,1
eclipse.pde.ui-20120217-1437,org.eclipse.pde.internal.ua.ui.wizards.ctxhelp,RegisterCtxHelpWizard,createControl,20,1,1
eclipse.pde.ui-20120217-1437,org.eclipse.pde.internal.ua.ui.wizards.ctxhelp,RegisterCtxHelpWizard,getPluginText,3,1,0
eclipse.pde.ui-20120217-1437,org.eclipse.pde.internal.ua.ui.wizards.ctxhelp,RegisterCtxHelpWizardPage,RegisterCtxHelpWizardPage,5,1,1
eclipse.pde.ui-20120217-1437,org.eclipse.pde.internal.ua.ui.wizards.ctxhelp,RegisterCtxHelpWizardPage,createControl,20,1,1
eclipse.pde.ui-20120217-1437,org.eclipse.pde.internal.ua.ui.wizards.ctxhelp,RegisterCtxHelpWizardPage,getPluginText,3,1,0
eclipse.pde.ui-20120217-1437,org.eclipse.pde.internal.ua.ui.wizards.toc,IRegisterTOCData,getDataPrimary,0,1,0
eclipse.pde.ui-20120217-1437,org.eclipse.pde.internal.ua.ui.wizards.toc,IRegisterTOCData,getDataTocFile,0,1,0
eclipse.pde.ui-20120217-1437,org.eclipse.pde.internal.ua.ui.wizards.toc,IRegisterTOCData,getPluginProject,0,1,0
eclipse.pde.ui-20120217-1437,org.eclipse.pde.internal.ua.ui.wizards.toc,NewTocFileWizard,addPages,5,2,0
eclipse.pde.ui-20120217-1437,org.eclipse.pde.internal.ua.ui.wizards.toc,NewTocFileWizard,init,5,1,2
eclipse.pde.ui-20120217-1437,org.eclipse.pde.internal.ua.ui.wizards.toc,NewTocFileWizard,initializeDefaultPageImageDescriptor,2,1,0
eclipse.pde.ui-20120217-1437,org.eclipse.pde.internal.ua.ui.wizards.toc,NewTocFileWizard,performFinish,16,1,0
eclipse.pde.ui-20120217-1437,org.eclipse.pde.internal.ua.ui.wizards.toc,NewTocFileWizard,getOperation,3,1,0
eclipse.pde.ui-20120217-1437,org.eclipse.pde.internal.ua.ui.wizards.toc,NewTocFileWizard,setInitialPath,3,1,1
eclipse.pde.ui-20120217-1437,org.eclipse.pde.internal.ua.ui.wizards.toc,RegisterTocOperation,RegisterTocOperation,4,1,2
eclipse.pde.ui-20120217-1437,org.eclipse.pde.internal.ua.ui.wizards.toc,RegisterTocOperation,RegisterTocOperation,3,1,1
eclipse.pde.ui-20120217-1437,org.eclipse.pde.internal.ua.ui.wizards.toc,RegisterTocOperation,execute,15,2,1
eclipse.pde.ui-20120217-1437,org.eclipse.pde.internal.ua.ui.wizards.toc,RegisterTocOperation,FindTocExtensionResult,4,1,0
eclipse.pde.ui-20120217-1437,org.eclipse.pde.internal.ua.ui.wizards.toc,RegisterTocOperation,foundTocExtension,3,1,0
eclipse.pde.ui-20120217-1437,org.eclipse.pde.internal.ua.ui.wizards.toc,RegisterTocOperation,foundExactTocElement,3,1,0
eclipse.pde.ui-20120217-1437,org.eclipse.pde.internal.ua.ui.wizards.toc,RegisterTocOperation,modifyExistingPluginFile,14,2,2
eclipse.pde.ui-20120217-1437,org.eclipse.pde.internal.ua.ui.wizards.toc,RegisterTocOperation,modifyModel,4,1,2
eclipse.pde.ui-20120217-1437,org.eclipse.pde.internal.ua.ui.wizards.toc,RegisterTocOperation,doModifyPluginModel,16,4,2
eclipse.pde.ui-20120217-1437,org.eclipse.pde.internal.ua.ui.wizards.toc,RegisterTocOperation,insertNewExtension,6,1,2
eclipse.pde.ui-20120217-1437,org.eclipse.pde.internal.ua.ui.wizards.toc,RegisterTocOperation,modifyExistingExtension,5,1,2
eclipse.pde.ui-20120217-1437,org.eclipse.pde.internal.ua.ui.wizards.toc,RegisterTocOperation,modifyExistingElement,9,2,2
eclipse.pde.ui-20120217-1437,org.eclipse.pde.internal.ua.ui.wizards.toc,RegisterTocOperation,findTocExtensionResult,24,7,1
eclipse.pde.ui-20120217-1437,org.eclipse.pde.internal.ua.ui.wizards.toc,RegisterTocOperation,findTOCExtensions,11,3,1
eclipse.pde.ui-20120217-1437,org.eclipse.pde.internal.ua.ui.wizards.toc,RegisterTocOperation,createNewPluginFile,13,1,2
eclipse.pde.ui-20120217-1437,org.eclipse.pde.internal.ua.ui.wizards.toc,RegisterTocOperation,modifyExistingManifestFile,14,2,1
eclipse.pde.ui-20120217-1437,org.eclipse.pde.internal.ua.ui.wizards.toc,RegisterTocOperation,modifyModel,4,1,2
eclipse.pde.ui-20120217-1437,org.eclipse.pde.internal.ua.ui.wizards.toc,RegisterTocOperation,doModifyManifestModel,21,6,1
eclipse.pde.ui-20120217-1437,org.eclipse.pde.internal.ua.ui.wizards.toc,RegisterTocOperation,doModifyBuildModel,23,7,1
eclipse.pde.ui-20120217-1437,org.eclipse.pde.internal.ua.ui.wizards.toc,RegisterTocOperation,createModel,6,2,1
eclipse.pde.ui-20120217-1437,org.eclipse.pde.internal.ua.ui.wizards.toc,RegisterTocOperation,createExtensionToc,6,1,1
eclipse.pde.ui-20120217-1437,org.eclipse.pde.internal.ua.ui.wizards.toc,RegisterTocOperation,createExtensionChildren,6,2,1
eclipse.pde.ui-20120217-1437,org.eclipse.pde.internal.ua.ui.wizards.toc,RegisterTocOperation,createElementToc,13,2,1
eclipse.pde.ui-20120217-1437,org.eclipse.pde.internal.ua.ui.wizards.toc,FindTocExtensionResult,FindTocExtensionResult,4,1,0
eclipse.pde.ui-20120217-1437,org.eclipse.pde.internal.ua.ui.wizards.toc,FindTocExtensionResult,foundTocExtension,3,1,0
eclipse.pde.ui-20120217-1437,org.eclipse.pde.internal.ua.ui.wizards.toc,FindTocExtensionResult,foundExactTocElement,3,1,0
eclipse.pde.ui-20120217-1437,org.eclipse.pde.internal.ua.ui.wizards.toc,RegisterTocWizard,RegisterTocWizard,3,1,1
eclipse.pde.ui-20120217-1437,org.eclipse.pde.internal.ua.ui.wizards.toc,RegisterTocWizard,addPages,4,1,0
eclipse.pde.ui-20120217-1437,org.eclipse.pde.internal.ua.ui.wizards.toc,RegisterTocWizard,performFinish,13,1,0
eclipse.pde.ui-20120217-1437,org.eclipse.pde.internal.ua.ui.wizards.toc,RegisterTocWizard,getOperation,3,1,0
eclipse.pde.ui-20120217-1437,org.eclipse.pde.internal.ua.ui.wizards.toc,RegisterTocWizard,init,5,1,2
eclipse.pde.ui-20120217-1437,org.eclipse.pde.internal.ua.ui.wizards.toc,RegisterTocWizardPage,RegisterTocWizardPage,5,1,1
eclipse.pde.ui-20120217-1437,org.eclipse.pde.internal.ua.ui.wizards.toc,RegisterTocWizardPage,initialize,8,1,0
eclipse.pde.ui-20120217-1437,org.eclipse.pde.internal.ua.ui.wizards.toc,RegisterTocWizardPage,initializePluginModel,6,3,0
eclipse.pde.ui-20120217-1437,org.eclipse.pde.internal.ua.ui.wizards.toc,RegisterTocWizardPage,updateUI,6,2,0
eclipse.pde.ui-20120217-1437,org.eclipse.pde.internal.ua.ui.wizards.toc,RegisterTocWizardPage,processTocElements,17,6,1
eclipse.pde.ui-20120217-1437,org.eclipse.pde.internal.ua.ui.wizards.toc,RegisterTocWizardPage,processTocElement,8,3,2
eclipse.pde.ui-20120217-1437,org.eclipse.pde.internal.ua.ui.wizards.toc,RegisterTocWizardPage,updateUIPrimary,9,3,1
eclipse.pde.ui-20120217-1437,org.eclipse.pde.internal.ua.ui.wizards.toc,RegisterTocWizardPage,getDataPrimary,3,1,0
eclipse.pde.ui-20120217-1437,org.eclipse.pde.internal.ua.ui.wizards.toc,RegisterTocWizardPage,getDataTocFile,3,1,0
eclipse.pde.ui-20120217-1437,org.eclipse.pde.internal.ua.ui.wizards.toc,RegisterTocWizardPage,getPluginProject,3,1,0
eclipse.pde.ui-20120217-1437,org.eclipse.pde.internal.ua.ui.wizards.toc,RegisterTocWizardPage,createControl,6,1,1
eclipse.pde.ui-20120217-1437,org.eclipse.pde.internal.ua.ui.wizards.toc,RegisterTocWizardPage,createUI,7,1,1
eclipse.pde.ui-20120217-1437,org.eclipse.pde.internal.ua.ui.wizards.toc,RegisterTocWizardPage,createUIContainer,7,1,1
eclipse.pde.ui-20120217-1437,org.eclipse.pde.internal.ua.ui.wizards.toc,RegisterTocWizardPage,createUIPrimaryChkBox,8,1,1
eclipse.pde.ui-20120217-1437,org.eclipse.pde.internal.ua.ui.wizards.toc,RegisterTocWizardPage,createUIListeners,3,1,0
eclipse.pde.ui-20120217-1437,org.eclipse.pde.internal.ua.ui.wizards.toc,RegisterTocWizardPage,createUIListenersPrimaryChkBox,8,1,0
eclipse.pde.ui-20120217-1437,org.eclipse.pde.internal.ua.ui.wizards.toc,RegisterTocWizardPage,widgetSelected,3,1,1
eclipse.pde.ui-20120217-1437,org.eclipse.pde.internal.ua.ui.wizards.toc,RegisterTocWizardPage,validateUI,3,1,0
eclipse.pde.ui-20120217-1437,org.eclipse.pde.internal.ua.ui.wizards.toc,RegisterTocWizardPage,findExtensions,11,3,2
eclipse.pde.ui-20120217-1437,org.eclipse.pde.internal.ua.ui.wizards.toc,TocHTMLOperation,getHTMLContent,64,1,0
eclipse.pde.ui-20120217-1437,org.eclipse.pde.internal.ua.ui.wizards.toc,TocHTMLOperation,TocHTMLOperation,3,1,1
eclipse.pde.ui-20120217-1437,org.eclipse.pde.internal.ua.ui.wizards.toc,TocHTMLOperation,execute,5,1,1
eclipse.pde.ui-20120217-1437,org.eclipse.pde.internal.ua.ui.wizards.toc,TocHTMLWizard,addPages,6,1,0
eclipse.pde.ui-20120217-1437,org.eclipse.pde.internal.ua.ui.wizards.toc,TocHTMLWizard,performFinish,24,3,0
eclipse.pde.ui-20120217-1437,org.eclipse.pde.internal.ua.ui.wizards.toc,TocHTMLWizard,getOperation,3,1,0
eclipse.pde.ui-20120217-1437,org.eclipse.pde.internal.ua.ui.wizards.toc,TocHTMLWizard,getNewResource,3,1,0
eclipse.pde.ui-20120217-1437,org.eclipse.pde.internal.ua.ui.wizards.toc,TocHTMLWizardPage,TocHTMLWizardPage,3,1,2
eclipse.pde.ui-20120217-1437,org.eclipse.pde.internal.ua.ui.wizards.toc,TocHTMLWizardPage,validatePage,17,4,0
eclipse.pde.ui-20120217-1437,org.eclipse.pde.internal.ua.ui.wizards.toc,TocHTMLWizardPage,validateLinkedResource,3,1,0
eclipse.pde.ui-20120217-1437,org.eclipse.pde.internal.ua.ui.wizards.toc,TocHTMLWizardPage,createLinkTarget,2,1,0
eclipse.pde.ui-20120217-1437,org.eclipse.pde.internal.ua.ui.wizards.toc,TocHTMLWizardPage,createAdvancedControls,2,1,1
eclipse.pde.ui-20120217-1437,org.eclipse.pde.internal.ua.ui.wizards.toc,TocHTMLWizardPage,getFileName,6,2,0
eclipse.pde.ui-20120217-1437,org.eclipse.pde.internal.ua.ui.wizards.toc,TocOperation,TocOperation,4,1,2
eclipse.pde.ui-20120217-1437,org.eclipse.pde.internal.ua.ui.wizards.toc,TocOperation,execute,9,1,1
eclipse.pde.ui-20120217-1437,org.eclipse.pde.internal.ua.ui.wizards.toc,TocOperation,initializeToc,5,1,1
eclipse.pde.ui-20120217-1437,org.eclipse.pde.internal.ua.ui.wizards.toc,TocOperation,createTopic,6,1,1
eclipse.pde.ui-20120217-1437,org.eclipse.pde.internal.ua.ui.wizards.toc,TocOperation,openFile,23,4,0
eclipse.pde.ui-20120217-1437,org.eclipse.pde.internal.ua.ui.wizards.toc,TocOperation,run,18,4,0
eclipse.pde.ui-20120217-1437,org.eclipse.pde.internal.ua.ui.wizards.toc,TocWizardMessages,TocWizardMessages,2,1,0
eclipse.pde.ui-20120217-1437,org.eclipse.pde.internal.ua.ui.wizards.toc,TocWizardPage,TocWizardPage,6,1,2
eclipse.pde.ui-20120217-1437,org.eclipse.pde.internal.ua.ui.wizards.toc,TocWizardPage,createControl,4,1,1
eclipse.pde.ui-20120217-1437,org.eclipse.pde.internal.ua.ui.wizards.toc,TocWizardPage,createAdvancedControls,2,1,1
eclipse.pde.ui-20120217-1437,org.eclipse.pde.internal.ua.ui.wizards.toc,TocWizardPage,validatePage,12,3,0
eclipse.pde.ui-20120217-1437,org.eclipse.pde.internal.ua.ui.wizards.toc,TocWizardPage,getTocName,3,1,0
eclipse.pde.ui-20120217-1437,org.eclipse.pde.core,IBaseModel,dispose,0,1,0
eclipse.pde.ui-20120217-1437,org.eclipse.pde.core,IBaseModel,isDisposed,0,1,0
eclipse.pde.ui-20120217-1437,org.eclipse.pde.core,IBaseModel,isEditable,0,1,0
eclipse.pde.ui-20120217-1437,org.eclipse.pde.core,IBaseModel,isValid,0,1,0
eclipse.pde.ui-20120217-1437,org.eclipse.pde.core,IBundleClasspathResolver,getAdditionalClasspathEntries,0,1,1
eclipse.pde.ui-20120217-1437,org.eclipse.pde.core,IBundleClasspathResolver,getAdditionalSourceEntries,0,1,1
eclipse.pde.ui-20120217-1437,org.eclipse.pde.core,IEditable,isEditable,0,1,0
eclipse.pde.ui-20120217-1437,org.eclipse.pde.core,IEditable,isDirty,0,1,0
eclipse.pde.ui-20120217-1437,org.eclipse.pde.core,IEditable,save,0,1,1
eclipse.pde.ui-20120217-1437,org.eclipse.pde.core,IEditable,setDirty,0,1,1
eclipse.pde.ui-20120217-1437,org.eclipse.pde.core,IEditableModel,save,0,1,0
eclipse.pde.ui-20120217-1437,org.eclipse.pde.core,IIdentifiable,getId,0,1,0
eclipse.pde.ui-20120217-1437,org.eclipse.pde.core,IIdentifiable,setId,0,1,1
eclipse.pde.ui-20120217-1437,org.eclipse.pde.core,IModel,getResourceString,0,1,1
eclipse.pde.ui-20120217-1437,org.eclipse.pde.core,IModel,getUnderlyingResource,0,1,0
eclipse.pde.ui-20120217-1437,org.eclipse.pde.core,IModel,isLoaded,0,1,0
eclipse.pde.ui-20120217-1437,org.eclipse.pde.core,IModel,isInSync,0,1,0
eclipse.pde.ui-20120217-1437,org.eclipse.pde.core,IModel,getTimeStamp,0,1,0
eclipse.pde.ui-20120217-1437,org.eclipse.pde.core,IModel,load,0,1,0
eclipse.pde.ui-20120217-1437,org.eclipse.pde.core,IModel,load,0,1,2
eclipse.pde.ui-20120217-1437,org.eclipse.pde.core,IModel,reload,0,1,2
eclipse.pde.ui-20120217-1437,org.eclipse.pde.core,IModel,isReconcilingModel,0,1,0
eclipse.pde.ui-20120217-1437,org.eclipse.pde.core,IModelChangeProvider,addModelChangedListener,0,1,1
eclipse.pde.ui-20120217-1437,org.eclipse.pde.core,IModelChangeProvider,fireModelChanged,0,1,1
eclipse.pde.ui-20120217-1437,org.eclipse.pde.core,IModelChangeProvider,fireModelObjectChanged,0,1,4
eclipse.pde.ui-20120217-1437,org.eclipse.pde.core,IModelChangeProvider,removeModelChangedListener,0,1,1
eclipse.pde.ui-20120217-1437,org.eclipse.pde.core,IModelChangedEvent,getChangeProvider,0,1,0
eclipse.pde.ui-20120217-1437,org.eclipse.pde.core,IModelChangedEvent,getChangedObjects,0,1,0
eclipse.pde.ui-20120217-1437,org.eclipse.pde.core,IModelChangedEvent,getChangedProperty,0,1,0
eclipse.pde.ui-20120217-1437,org.eclipse.pde.core,IModelChangedEvent,getOldValue,0,1,0
eclipse.pde.ui-20120217-1437,org.eclipse.pde.core,IModelChangedEvent,getNewValue,0,1,0
eclipse.pde.ui-20120217-1437,org.eclipse.pde.core,IModelChangedEvent,getChangeType,0,1,0
eclipse.pde.ui-20120217-1437,org.eclipse.pde.core,IModelChangedListener,modelChanged,0,1,1
eclipse.pde.ui-20120217-1437,org.eclipse.pde.core,IModelProvider,addModelProviderListener,0,1,1
eclipse.pde.ui-20120217-1437,org.eclipse.pde.core,IModelProvider,getModel,0,1,1
eclipse.pde.ui-20120217-1437,org.eclipse.pde.core,IModelProvider,removeModelProviderListener,0,1,1
eclipse.pde.ui-20120217-1437,org.eclipse.pde.core,IModelProviderEvent,getAddedModels,0,1,0
eclipse.pde.ui-20120217-1437,org.eclipse.pde.core,IModelProviderEvent,getRemovedModels,0,1,0
eclipse.pde.ui-20120217-1437,org.eclipse.pde.core,IModelProviderEvent,getChangedModels,0,1,0
eclipse.pde.ui-20120217-1437,org.eclipse.pde.core,IModelProviderEvent,getEventTypes,0,1,0
eclipse.pde.ui-20120217-1437,org.eclipse.pde.core,IModelProviderEvent,getEventSource,0,1,0
eclipse.pde.ui-20120217-1437,org.eclipse.pde.core,IModelProviderListener,modelsChanged,0,1,1
eclipse.pde.ui-20120217-1437,org.eclipse.pde.core,ISourceObject,getStartLine,0,1,0
eclipse.pde.ui-20120217-1437,org.eclipse.pde.core,ISourceObject,getStopLine,0,1,0
eclipse.pde.ui-20120217-1437,org.eclipse.pde.core,IWritable,write,0,1,2
eclipse.pde.ui-20120217-1437,org.eclipse.pde.core,ModelChangedEvent,ModelChangedEvent,6,1,4
eclipse.pde.ui-20120217-1437,org.eclipse.pde.core,ModelChangedEvent,ModelChangedEvent,8,1,5
eclipse.pde.ui-20120217-1437,org.eclipse.pde.core,ModelChangedEvent,getChangeProvider,3,1,0
eclipse.pde.ui-20120217-1437,org.eclipse.pde.core,ModelChangedEvent,getChangedObjects,3,1,0
eclipse.pde.ui-20120217-1437,org.eclipse.pde.core,ModelChangedEvent,getChangedProperty,3,1,0
eclipse.pde.ui-20120217-1437,org.eclipse.pde.core,ModelChangedEvent,getOldValue,3,1,0
eclipse.pde.ui-20120217-1437,org.eclipse.pde.core,ModelChangedEvent,getNewValue,3,1,0
eclipse.pde.ui-20120217-1437,org.eclipse.pde.core,ModelChangedEvent,getChangeType,3,1,0
eclipse.pde.ui-20120217-1437,org.eclipse.pde.core.build,IBuild,add,0,1,1
eclipse.pde.ui-20120217-1437,org.eclipse.pde.core.build,IBuild,getBuildEntries,0,1,0
eclipse.pde.ui-20120217-1437,org.eclipse.pde.core.build,IBuild,getEntry,0,1,1
eclipse.pde.ui-20120217-1437,org.eclipse.pde.core.build,IBuild,remove,0,1,1
eclipse.pde.ui-20120217-1437,org.eclipse.pde.core.build,IBuildEntry,addToken,0,1,1
eclipse.pde.ui-20120217-1437,org.eclipse.pde.core.build,IBuildEntry,getModel,0,1,0
eclipse.pde.ui-20120217-1437,org.eclipse.pde.core.build,IBuildEntry,getName,0,1,0
eclipse.pde.ui-20120217-1437,org.eclipse.pde.core.build,IBuildEntry,getTokens,0,1,0
eclipse.pde.ui-20120217-1437,org.eclipse.pde.core.build,IBuildEntry,contains,0,1,1
eclipse.pde.ui-20120217-1437,org.eclipse.pde.core.build,IBuildEntry,removeToken,0,1,1
eclipse.pde.ui-20120217-1437,org.eclipse.pde.core.build,IBuildEntry,renameToken,0,1,2
eclipse.pde.ui-20120217-1437,org.eclipse.pde.core.build,IBuildEntry,setName,0,1,1
eclipse.pde.ui-20120217-1437,org.eclipse.pde.core.build,IBuildModel,getBuild,0,1,0
eclipse.pde.ui-20120217-1437,org.eclipse.pde.core.build,IBuildModel,getFactory,0,1,0
eclipse.pde.ui-20120217-1437,org.eclipse.pde.core.build,IBuildModel,getInstallLocation,0,1,0
eclipse.pde.ui-20120217-1437,org.eclipse.pde.core.build,IBuildModelFactory,createEntry,0,1,1
eclipse.pde.ui-20120217-1437,org.eclipse.pde.core.plugin,IExtensions,add,0,1,1
eclipse.pde.ui-20120217-1437,org.eclipse.pde.core.plugin,IExtensions,add,0,1,1
eclipse.pde.ui-20120217-1437,org.eclipse.pde.core.plugin,IExtensions,getExtensionPoints,0,1,0
eclipse.pde.ui-20120217-1437,org.eclipse.pde.core.plugin,IExtensions,getExtensions,0,1,0
eclipse.pde.ui-20120217-1437,org.eclipse.pde.core.plugin,IExtensions,remove,0,1,1
eclipse.pde.ui-20120217-1437,org.eclipse.pde.core.plugin,IExtensions,remove,0,1,1
eclipse.pde.ui-20120217-1437,org.eclipse.pde.core.plugin,IExtensions,swap,0,1,2
eclipse.pde.ui-20120217-1437,org.eclipse.pde.core.plugin,IExtensions,getIndexOf,0,1,1
eclipse.pde.ui-20120217-1437,org.eclipse.pde.core.plugin,IExtensionsModelFactory,createAttribute,0,1,1
eclipse.pde.ui-20120217-1437,org.eclipse.pde.core.plugin,IExtensionsModelFactory,createElement,0,1,1
eclipse.pde.ui-20120217-1437,org.eclipse.pde.core.plugin,IExtensionsModelFactory,createExtension,0,1,0
eclipse.pde.ui-20120217-1437,org.eclipse.pde.core.plugin,IExtensionsModelFactory,createExtensionPoint,0,1,0
eclipse.pde.ui-20120217-1437,org.eclipse.pde.core.plugin,IFragment,getPluginId,0,1,0
eclipse.pde.ui-20120217-1437,org.eclipse.pde.core.plugin,IFragment,getPluginVersion,0,1,0
eclipse.pde.ui-20120217-1437,org.eclipse.pde.core.plugin,IFragment,getRule,0,1,0
eclipse.pde.ui-20120217-1437,org.eclipse.pde.core.plugin,IFragment,setPluginId,0,1,1
eclipse.pde.ui-20120217-1437,org.eclipse.pde.core.plugin,IFragment,setPluginVersion,0,1,1
eclipse.pde.ui-20120217-1437,org.eclipse.pde.core.plugin,IFragment,setRule,0,1,1
eclipse.pde.ui-20120217-1437,org.eclipse.pde.core.plugin,IFragmentModel,getFragment,0,1,0
eclipse.pde.ui-20120217-1437,org.eclipse.pde.core.plugin,IPlugin,getClassName,0,1,0
eclipse.pde.ui-20120217-1437,org.eclipse.pde.core.plugin,IPlugin,setClassName,0,1,1
eclipse.pde.ui-20120217-1437,org.eclipse.pde.core.plugin,IPluginAttribute,getValue,0,1,0
eclipse.pde.ui-20120217-1437,org.eclipse.pde.core.plugin,IPluginAttribute,setValue,0,1,1
eclipse.pde.ui-20120217-1437,org.eclipse.pde.core.plugin,IPluginBase,add,0,1,1
eclipse.pde.ui-20120217-1437,org.eclipse.pde.core.plugin,IPluginBase,add,0,1,1
eclipse.pde.ui-20120217-1437,org.eclipse.pde.core.plugin,IPluginBase,remove,0,1,1
eclipse.pde.ui-20120217-1437,org.eclipse.pde.core.plugin,IPluginBase,getLibraries,0,1,0
eclipse.pde.ui-20120217-1437,org.eclipse.pde.core.plugin,IPluginBase,getImports,0,1,0
eclipse.pde.ui-20120217-1437,org.eclipse.pde.core.plugin,IPluginBase,getProviderName,0,1,0
eclipse.pde.ui-20120217-1437,org.eclipse.pde.core.plugin,IPluginBase,getVersion,0,1,0
eclipse.pde.ui-20120217-1437,org.eclipse.pde.core.plugin,IPluginBase,remove,0,1,1
eclipse.pde.ui-20120217-1437,org.eclipse.pde.core.plugin,IPluginBase,setProviderName,0,1,1
eclipse.pde.ui-20120217-1437,org.eclipse.pde.core.plugin,IPluginBase,setVersion,0,1,1
eclipse.pde.ui-20120217-1437,org.eclipse.pde.core.plugin,IPluginBase,swap,0,1,2
eclipse.pde.ui-20120217-1437,org.eclipse.pde.core.plugin,IPluginBase,swap,0,1,2
eclipse.pde.ui-20120217-1437,org.eclipse.pde.core.plugin,IPluginBase,getSchemaVersion,0,1,0
eclipse.pde.ui-20120217-1437,org.eclipse.pde.core.plugin,IPluginBase,setSchemaVersion,0,1,1
eclipse.pde.ui-20120217-1437,org.eclipse.pde.core.plugin,IPluginElement,createCopy,0,1,0
eclipse.pde.ui-20120217-1437,org.eclipse.pde.core.plugin,IPluginElement,getAttribute,0,1,1
eclipse.pde.ui-20120217-1437,org.eclipse.pde.core.plugin,IPluginElement,getAttributes,0,1,0
eclipse.pde.ui-20120217-1437,org.eclipse.pde.core.plugin,IPluginElement,getAttributeCount,0,1,0
eclipse.pde.ui-20120217-1437,org.eclipse.pde.core.plugin,IPluginElement,getText,0,1,0
eclipse.pde.ui-20120217-1437,org.eclipse.pde.core.plugin,IPluginElement,getElementInfo,0,1,0
eclipse.pde.ui-20120217-1437,org.eclipse.pde.core.plugin,IPluginElement,setAttribute,0,1,2
eclipse.pde.ui-20120217-1437,org.eclipse.pde.core.plugin,IPluginElement,setText,0,1,1
eclipse.pde.ui-20120217-1437,org.eclipse.pde.core.plugin,IPluginExtension,getPoint,0,1,0
eclipse.pde.ui-20120217-1437,org.eclipse.pde.core.plugin,IPluginExtension,getSchema,0,1,0
eclipse.pde.ui-20120217-1437,org.eclipse.pde.core.plugin,IPluginExtension,setPoint,0,1,1
eclipse.pde.ui-20120217-1437,org.eclipse.pde.core.plugin,IPluginExtensionPoint,getFullId,0,1,0
eclipse.pde.ui-20120217-1437,org.eclipse.pde.core.plugin,IPluginExtensionPoint,getSchema,0,1,0
eclipse.pde.ui-20120217-1437,org.eclipse.pde.core.plugin,IPluginExtensionPoint,setSchema,0,1,1
eclipse.pde.ui-20120217-1437,org.eclipse.pde.core.plugin,IPluginImport,isReexported,0,1,0
eclipse.pde.ui-20120217-1437,org.eclipse.pde.core.plugin,IPluginImport,isOptional,0,1,0
eclipse.pde.ui-20120217-1437,org.eclipse.pde.core.plugin,IPluginImport,setReexported,0,1,1
eclipse.pde.ui-20120217-1437,org.eclipse.pde.core.plugin,IPluginImport,setOptional,0,1,1
eclipse.pde.ui-20120217-1437,org.eclipse.pde.core.plugin,IPluginLibrary,getContentFilters,0,1,0
eclipse.pde.ui-20120217-1437,org.eclipse.pde.core.plugin,IPluginLibrary,getPackages,0,1,0
eclipse.pde.ui-20120217-1437,org.eclipse.pde.core.plugin,IPluginLibrary,isExported,0,1,0
eclipse.pde.ui-20120217-1437,org.eclipse.pde.core.plugin,IPluginLibrary,isFullyExported,0,1,0
eclipse.pde.ui-20120217-1437,org.eclipse.pde.core.plugin,IPluginLibrary,getType,0,1,0
eclipse.pde.ui-20120217-1437,org.eclipse.pde.core.plugin,IPluginLibrary,setContentFilters,0,1,1
eclipse.pde.ui-20120217-1437,org.eclipse.pde.core.plugin,IPluginLibrary,addContentFilter,0,1,1
eclipse.pde.ui-20120217-1437,org.eclipse.pde.core.plugin,IPluginLibrary,removeContentFilter,0,1,1
eclipse.pde.ui-20120217-1437,org.eclipse.pde.core.plugin,IPluginLibrary,setPackages,0,1,1
eclipse.pde.ui-20120217-1437,org.eclipse.pde.core.plugin,IPluginLibrary,setExported,0,1,1
eclipse.pde.ui-20120217-1437,org.eclipse.pde.core.plugin,IPluginLibrary,setType,0,1,1
eclipse.pde.ui-20120217-1437,org.eclipse.pde.core.plugin,IPluginModel,getPlugin,0,1,0
eclipse.pde.ui-20120217-1437,org.eclipse.pde.core.plugin,IPluginModelBase,createPluginBase,0,1,0
eclipse.pde.ui-20120217-1437,org.eclipse.pde.core.plugin,IPluginModelBase,getBuildModel,0,1,0
eclipse.pde.ui-20120217-1437,org.eclipse.pde.core.plugin,IPluginModelBase,getPluginBase,0,1,0
eclipse.pde.ui-20120217-1437,org.eclipse.pde.core.plugin,IPluginModelBase,getPluginBase,0,1,1
eclipse.pde.ui-20120217-1437,org.eclipse.pde.core.plugin,IPluginModelBase,isEnabled,0,1,0
eclipse.pde.ui-20120217-1437,org.eclipse.pde.core.plugin,IPluginModelBase,isFragmentModel,0,1,0
eclipse.pde.ui-20120217-1437,org.eclipse.pde.core.plugin,IPluginModelBase,setEnabled,0,1,1
eclipse.pde.ui-20120217-1437,org.eclipse.pde.core.plugin,IPluginModelBase,getPluginFactory,0,1,0
eclipse.pde.ui-20120217-1437,org.eclipse.pde.core.plugin,IPluginModelBase,getNLLookupLocation,0,1,0
eclipse.pde.ui-20120217-1437,org.eclipse.pde.core.plugin,IPluginModelBase,getBundleDescription,0,1,0
eclipse.pde.ui-20120217-1437,org.eclipse.pde.core.plugin,IPluginModelBase,setBundleDescription,0,1,1
eclipse.pde.ui-20120217-1437,org.eclipse.pde.core.plugin,IPluginModelFactory,createImport,0,1,0
eclipse.pde.ui-20120217-1437,org.eclipse.pde.core.plugin,IPluginModelFactory,createLibrary,0,1,0
eclipse.pde.ui-20120217-1437,org.eclipse.pde.core.plugin,IPluginObject,getModel,0,1,0
eclipse.pde.ui-20120217-1437,org.eclipse.pde.core.plugin,IPluginObject,getPluginModel,0,1,0
eclipse.pde.ui-20120217-1437,org.eclipse.pde.core.plugin,IPluginObject,getName,0,1,0
eclipse.pde.ui-20120217-1437,org.eclipse.pde.core.plugin,IPluginObject,isInTheModel,0,1,0
eclipse.pde.ui-20120217-1437,org.eclipse.pde.core.plugin,IPluginObject,setInTheModel,0,1,1
eclipse.pde.ui-20120217-1437,org.eclipse.pde.core.plugin,IPluginObject,getTranslatedName,0,1,0
eclipse.pde.ui-20120217-1437,org.eclipse.pde.core.plugin,IPluginObject,getParent,0,1,0
eclipse.pde.ui-20120217-1437,org.eclipse.pde.core.plugin,IPluginObject,getPluginBase,0,1,0
eclipse.pde.ui-20120217-1437,org.eclipse.pde.core.plugin,IPluginObject,getResourceString,0,1,1
eclipse.pde.ui-20120217-1437,org.eclipse.pde.core.plugin,IPluginObject,setName,0,1,1
eclipse.pde.ui-20120217-1437,org.eclipse.pde.core.plugin,IPluginObject,isValid,0,1,0
eclipse.pde.ui-20120217-1437,org.eclipse.pde.core.plugin,IPluginParent,add,0,1,2
eclipse.pde.ui-20120217-1437,org.eclipse.pde.core.plugin,IPluginParent,add,0,1,1
eclipse.pde.ui-20120217-1437,org.eclipse.pde.core.plugin,IPluginParent,getChildCount,0,1,0
eclipse.pde.ui-20120217-1437,org.eclipse.pde.core.plugin,IPluginParent,getIndexOf,0,1,1
eclipse.pde.ui-20120217-1437,org.eclipse.pde.core.plugin,IPluginParent,swap,0,1,2
eclipse.pde.ui-20120217-1437,org.eclipse.pde.core.plugin,IPluginParent,getChildren,0,1,0
eclipse.pde.ui-20120217-1437,org.eclipse.pde.core.plugin,IPluginParent,remove,0,1,1
eclipse.pde.ui-20120217-1437,org.eclipse.pde.core.plugin,IPluginReference,getMatch,0,1,0
eclipse.pde.ui-20120217-1437,org.eclipse.pde.core.plugin,IPluginReference,getVersion,0,1,0
eclipse.pde.ui-20120217-1437,org.eclipse.pde.core.plugin,IPluginReference,setMatch,0,1,1
eclipse.pde.ui-20120217-1437,org.eclipse.pde.core.plugin,IPluginReference,setVersion,0,1,1
eclipse.pde.ui-20120217-1437,org.eclipse.pde.core.plugin,ISharedExtensionsModel,getExtensions,0,1,0
eclipse.pde.ui-20120217-1437,org.eclipse.pde.core.plugin,ISharedExtensionsModel,getExtensions,0,1,1
eclipse.pde.ui-20120217-1437,org.eclipse.pde.core.plugin,ISharedPluginModel,getFactory,0,1,0
eclipse.pde.ui-20120217-1437,org.eclipse.pde.core.plugin,ISharedPluginModel,getInstallLocation,0,1,0
eclipse.pde.ui-20120217-1437,org.eclipse.pde.core.plugin,ModelEntry,ModelEntry,3,1,1
eclipse.pde.ui-20120217-1437,org.eclipse.pde.core.plugin,ModelEntry,getWorkspaceModels,3,1,0
eclipse.pde.ui-20120217-1437,org.eclipse.pde.core.plugin,ModelEntry,getExternalModels,3,1,0
eclipse.pde.ui-20120217-1437,org.eclipse.pde.core.plugin,ModelEntry,getModel,5,2,0
eclipse.pde.ui-20120217-1437,org.eclipse.pde.core.plugin,ModelEntry,getBestCandidate,24,7,1
eclipse.pde.ui-20120217-1437,org.eclipse.pde.core.plugin,ModelEntry,getActiveModels,12,5,0
eclipse.pde.ui-20120217-1437,org.eclipse.pde.core.plugin,ModelEntry,getId,3,1,0
eclipse.pde.ui-20120217-1437,org.eclipse.pde.core.plugin,ModelEntry,getModel,12,6,1
eclipse.pde.ui-20120217-1437,org.eclipse.pde.core.plugin,ModelEntry,hasWorkspaceModels,3,1,0
eclipse.pde.ui-20120217-1437,org.eclipse.pde.core.plugin,ModelEntry,hasExternalModels,3,1,0
eclipse.pde.ui-20120217-1437,org.eclipse.pde.core.plugin,PluginRegistry,accept,3,1,1
eclipse.pde.ui-20120217-1437,org.eclipse.pde.core.plugin,PluginRegistry,findEntry,3,1,1
eclipse.pde.ui-20120217-1437,org.eclipse.pde.core.plugin,PluginRegistry,findModel,3,1,1
eclipse.pde.ui-20120217-1437,org.eclipse.pde.core.plugin,PluginRegistry,findModel,3,1,1
eclipse.pde.ui-20120217-1437,org.eclipse.pde.core.plugin,PluginRegistry,findModel,3,1,1
eclipse.pde.ui-20120217-1437,org.eclipse.pde.core.plugin,PluginRegistry,getActiveModels,3,1,0
eclipse.pde.ui-20120217-1437,org.eclipse.pde.core.plugin,PluginRegistry,getActiveModels,3,1,1
eclipse.pde.ui-20120217-1437,org.eclipse.pde.core.plugin,PluginRegistry,getAllModels,3,1,0
eclipse.pde.ui-20120217-1437,org.eclipse.pde.core.plugin,PluginRegistry,getAllModels,3,1,1
eclipse.pde.ui-20120217-1437,org.eclipse.pde.core.plugin,PluginRegistry,getWorkspaceModels,3,1,0
eclipse.pde.ui-20120217-1437,org.eclipse.pde.core.plugin,PluginRegistry,getExternalModels,3,1,0
eclipse.pde.ui-20120217-1437,org.eclipse.pde.core.plugin,PluginRegistry,isMatch,10,4,4
eclipse.pde.ui-20120217-1437,org.eclipse.pde.core.plugin,PluginRegistry,findModel,3,1,4
eclipse.pde.ui-20120217-1437,org.eclipse.pde.core.plugin,PluginRegistry,findModels,9,3,4
eclipse.pde.ui-20120217-1437,org.eclipse.pde.core.plugin,PluginRegistry,findModel,3,1,3
eclipse.pde.ui-20120217-1437,org.eclipse.pde.core.plugin,PluginRegistry,getMax,26,6,1
eclipse.pde.ui-20120217-1437,org.eclipse.pde.core.plugin,PluginRegistry,findModels,15,4,3
eclipse.pde.ui-20120217-1437,org.eclipse.pde.core.plugin,PluginRegistry,createBuildModel,12,3,1
eclipse.pde.ui-20120217-1437,org.eclipse.pde.core.plugin,PluginFilter,accept,3,1,1
eclipse.pde.ui-20120217-1437,org.eclipse.pde.core.plugin,TargetPlatform,getLocation,4,1,0
eclipse.pde.ui-20120217-1437,org.eclipse.pde.core.plugin,TargetPlatform,getDefaultLocation,9,2,0
eclipse.pde.ui-20120217-1437,org.eclipse.pde.core.plugin,TargetPlatform,getOS,3,1,0
eclipse.pde.ui-20120217-1437,org.eclipse.pde.core.plugin,TargetPlatform,getWS,3,1,0
eclipse.pde.ui-20120217-1437,org.eclipse.pde.core.plugin,TargetPlatform,getNL,3,1,0
eclipse.pde.ui-20120217-1437,org.eclipse.pde.core.plugin,TargetPlatform,getOSArch,3,1,0
eclipse.pde.ui-20120217-1437,org.eclipse.pde.core.plugin,TargetPlatform,getProperty,5,1,2
eclipse.pde.ui-20120217-1437,org.eclipse.pde.core.plugin,TargetPlatform,getApplications,3,1,0
eclipse.pde.ui-20120217-1437,org.eclipse.pde.core.plugin,TargetPlatform,getProducts,3,1,0
eclipse.pde.ui-20120217-1437,org.eclipse.pde.core.plugin,TargetPlatform,getDefaultProduct,10,4,0
eclipse.pde.ui-20120217-1437,org.eclipse.pde.core.plugin,TargetPlatform,getDefaultApplication,9,3,0
eclipse.pde.ui-20120217-1437,org.eclipse.pde.core.plugin,TargetPlatform,createPlatformConfiguration,3,1,3
eclipse.pde.ui-20120217-1437,org.eclipse.pde.core.plugin,TargetPlatform,getBundleList,3,1,0
eclipse.pde.ui-20120217-1437,org.eclipse.pde.core.project,IBundleClasspathEntry,getSourcePath,0,1,0
eclipse.pde.ui-20120217-1437,org.eclipse.pde.core.project,IBundleClasspathEntry,getBinaryPath,0,1,0
eclipse.pde.ui-20120217-1437,org.eclipse.pde.core.project,IBundleClasspathEntry,getLibrary,0,1,0
eclipse.pde.ui-20120217-1437,org.eclipse.pde.core.project,IBundleProjectDescription,apply,0,1,1
eclipse.pde.ui-20120217-1437,org.eclipse.pde.core.project,IBundleProjectDescription,setSymbolicName,0,1,1
eclipse.pde.ui-20120217-1437,org.eclipse.pde.core.project,IBundleProjectDescription,getSymbolicName,0,1,0
eclipse.pde.ui-20120217-1437,org.eclipse.pde.core.project,IBundleProjectDescription,setLocationURI,0,1,1
eclipse.pde.ui-20120217-1437,org.eclipse.pde.core.project,IBundleProjectDescription,getLocationURI,0,1,0
eclipse.pde.ui-20120217-1437,org.eclipse.pde.core.project,IBundleProjectDescription,setBundleName,0,1,1
eclipse.pde.ui-20120217-1437,org.eclipse.pde.core.project,IBundleProjectDescription,getBundleName,0,1,0
eclipse.pde.ui-20120217-1437,org.eclipse.pde.core.project,IBundleProjectDescription,setBundleVendor,0,1,1
eclipse.pde.ui-20120217-1437,org.eclipse.pde.core.project,IBundleProjectDescription,getBundleVendor,0,1,0
eclipse.pde.ui-20120217-1437,org.eclipse.pde.core.project,IBundleProjectDescription,setBundleVersion,0,1,1
eclipse.pde.ui-20120217-1437,org.eclipse.pde.core.project,IBundleProjectDescription,getBundleVersion,0,1,0
eclipse.pde.ui-20120217-1437,org.eclipse.pde.core.project,IBundleProjectDescription,setSingleton,0,1,1
eclipse.pde.ui-20120217-1437,org.eclipse.pde.core.project,IBundleProjectDescription,isSingleton,0,1,0
eclipse.pde.ui-20120217-1437,org.eclipse.pde.core.project,IBundleProjectDescription,setLocalization,0,1,1
eclipse.pde.ui-20120217-1437,org.eclipse.pde.core.project,IBundleProjectDescription,getLocalization,0,1,0
eclipse.pde.ui-20120217-1437,org.eclipse.pde.core.project,IBundleProjectDescription,getNatureIds,0,1,0
eclipse.pde.ui-20120217-1437,org.eclipse.pde.core.project,IBundleProjectDescription,setNatureIds,0,1,1
eclipse.pde.ui-20120217-1437,org.eclipse.pde.core.project,IBundleProjectDescription,hasNature,0,1,1
eclipse.pde.ui-20120217-1437,org.eclipse.pde.core.project,IBundleProjectDescription,setHost,0,1,1
eclipse.pde.ui-20120217-1437,org.eclipse.pde.core.project,IBundleProjectDescription,getHost,0,1,0
eclipse.pde.ui-20120217-1437,org.eclipse.pde.core.project,IBundleProjectDescription,setDefaultOutputFolder,0,1,1
eclipse.pde.ui-20120217-1437,org.eclipse.pde.core.project,IBundleProjectDescription,getDefaultOutputFolder,0,1,0
eclipse.pde.ui-20120217-1437,org.eclipse.pde.core.project,IBundleProjectDescription,setExecutionEnvironments,0,1,1
eclipse.pde.ui-20120217-1437,org.eclipse.pde.core.project,IBundleProjectDescription,getExecutionEnvironments,0,1,0
eclipse.pde.ui-20120217-1437,org.eclipse.pde.core.project,IBundleProjectDescription,setBundleClassath,0,1,1
eclipse.pde.ui-20120217-1437,org.eclipse.pde.core.project,IBundleProjectDescription,setBundleClasspath,0,1,1
eclipse.pde.ui-20120217-1437,org.eclipse.pde.core.project,IBundleProjectDescription,getBundleClasspath,0,1,0
eclipse.pde.ui-20120217-1437,org.eclipse.pde.core.project,IBundleProjectDescription,setActivator,0,1,1
eclipse.pde.ui-20120217-1437,org.eclipse.pde.core.project,IBundleProjectDescription,getActivator,0,1,0
eclipse.pde.ui-20120217-1437,org.eclipse.pde.core.project,IBundleProjectDescription,setTargetVersion,0,1,1
eclipse.pde.ui-20120217-1437,org.eclipse.pde.core.project,IBundleProjectDescription,getTargetVersion,0,1,0
eclipse.pde.ui-20120217-1437,org.eclipse.pde.core.project,IBundleProjectDescription,setEquinox,0,1,1
eclipse.pde.ui-20120217-1437,org.eclipse.pde.core.project,IBundleProjectDescription,isEquinox,0,1,0
eclipse.pde.ui-20120217-1437,org.eclipse.pde.core.project,IBundleProjectDescription,setActivationPolicy,0,1,1
eclipse.pde.ui-20120217-1437,org.eclipse.pde.core.project,IBundleProjectDescription,getActivationPolicy,0,1,0
eclipse.pde.ui-20120217-1437,org.eclipse.pde.core.project,IBundleProjectDescription,setExtensionRegistry,0,1,1
eclipse.pde.ui-20120217-1437,org.eclipse.pde.core.project,IBundleProjectDescription,isExtensionRegistry,0,1,0
eclipse.pde.ui-20120217-1437,org.eclipse.pde.core.project,IBundleProjectDescription,setRequiredBundles,0,1,1
eclipse.pde.ui-20120217-1437,org.eclipse.pde.core.project,IBundleProjectDescription,getRequiredBundles,0,1,0
eclipse.pde.ui-20120217-1437,org.eclipse.pde.core.project,IBundleProjectDescription,setPackageImports,0,1,1
eclipse.pde.ui-20120217-1437,org.eclipse.pde.core.project,IBundleProjectDescription,getPackageImports,0,1,0
eclipse.pde.ui-20120217-1437,org.eclipse.pde.core.project,IBundleProjectDescription,setPackageExports,0,1,1
eclipse.pde.ui-20120217-1437,org.eclipse.pde.core.project,IBundleProjectDescription,getPackageExports,0,1,0
eclipse.pde.ui-20120217-1437,org.eclipse.pde.core.project,IBundleProjectDescription,getProject,0,1,0
eclipse.pde.ui-20120217-1437,org.eclipse.pde.core.project,IBundleProjectDescription,setBinIncludes,0,1,1
eclipse.pde.ui-20120217-1437,org.eclipse.pde.core.project,IBundleProjectDescription,getBinIncludes,0,1,0
eclipse.pde.ui-20120217-1437,org.eclipse.pde.core.project,IBundleProjectDescription,setBundleRoot,0,1,1
eclipse.pde.ui-20120217-1437,org.eclipse.pde.core.project,IBundleProjectDescription,getBundleRoot,0,1,0
eclipse.pde.ui-20120217-1437,org.eclipse.pde.core.project,IBundleProjectDescription,getLaunchShortcuts,0,1,0
eclipse.pde.ui-20120217-1437,org.eclipse.pde.core.project,IBundleProjectDescription,setLaunchShortcuts,0,1,1
eclipse.pde.ui-20120217-1437,org.eclipse.pde.core.project,IBundleProjectDescription,getExportWizardId,0,1,0
eclipse.pde.ui-20120217-1437,org.eclipse.pde.core.project,IBundleProjectDescription,setExportWizardId,0,1,1
eclipse.pde.ui-20120217-1437,org.eclipse.pde.core.project,IBundleProjectDescription,setHeader,0,1,2
eclipse.pde.ui-20120217-1437,org.eclipse.pde.core.project,IBundleProjectDescription,getHeader,0,1,1
eclipse.pde.ui-20120217-1437,org.eclipse.pde.core.project,IBundleProjectService,getDescription,0,1,1
eclipse.pde.ui-20120217-1437,org.eclipse.pde.core.project,IBundleProjectService,newHost,0,1,2
eclipse.pde.ui-20120217-1437,org.eclipse.pde.core.project,IBundleProjectService,newPackageImport,0,1,3
eclipse.pde.ui-20120217-1437,org.eclipse.pde.core.project,IBundleProjectService,newPackageExport,0,1,4
eclipse.pde.ui-20120217-1437,org.eclipse.pde.core.project,IBundleProjectService,newRequiredBundle,0,1,4
eclipse.pde.ui-20120217-1437,org.eclipse.pde.core.project,IBundleProjectService,newBundleClasspathEntry,0,1,3
eclipse.pde.ui-20120217-1437,org.eclipse.pde.core.project,IBundleProjectService,setBundleRoot,0,1,2
eclipse.pde.ui-20120217-1437,org.eclipse.pde.core.project,IHostDescription,getName,0,1,0
eclipse.pde.ui-20120217-1437,org.eclipse.pde.core.project,IHostDescription,getVersionRange,0,1,0
eclipse.pde.ui-20120217-1437,org.eclipse.pde.core.project,IPackageExportDescription,getName,0,1,0
eclipse.pde.ui-20120217-1437,org.eclipse.pde.core.project,IPackageExportDescription,getVersion,0,1,0
eclipse.pde.ui-20120217-1437,org.eclipse.pde.core.project,IPackageExportDescription,getFriends,0,1,0
eclipse.pde.ui-20120217-1437,org.eclipse.pde.core.project,IPackageExportDescription,isApi,0,1,0
eclipse.pde.ui-20120217-1437,org.eclipse.pde.core.project,IPackageImportDescription,getName,0,1,0
eclipse.pde.ui-20120217-1437,org.eclipse.pde.core.project,IPackageImportDescription,getVersionRange,0,1,0
eclipse.pde.ui-20120217-1437,org.eclipse.pde.core.project,IPackageImportDescription,isOptional,0,1,0
eclipse.pde.ui-20120217-1437,org.eclipse.pde.core.project,IRequiredBundleDescription,getName,0,1,0
eclipse.pde.ui-20120217-1437,org.eclipse.pde.core.project,IRequiredBundleDescription,getVersionRange,0,1,0
eclipse.pde.ui-20120217-1437,org.eclipse.pde.core.project,IRequiredBundleDescription,isExported,0,1,0
eclipse.pde.ui-20120217-1437,org.eclipse.pde.core.project,IRequiredBundleDescription,isOptional,0,1,0
eclipse.pde.ui-20120217-1437,org.eclipse.pde.core.target,ITargetDefinition,resolve,0,1,1
eclipse.pde.ui-20120217-1437,org.eclipse.pde.core.target,ITargetDefinition,isResolved,0,1,0
eclipse.pde.ui-20120217-1437,org.eclipse.pde.core.target,ITargetDefinition,getBundles,0,1,0
eclipse.pde.ui-20120217-1437,org.eclipse.pde.core.target,ITargetDefinition,getAllBundles,0,1,0
eclipse.pde.ui-20120217-1437,org.eclipse.pde.core.target,ITargetDefinition,getAllFeatures,0,1,0
eclipse.pde.ui-20120217-1437,org.eclipse.pde.core.target,ITargetDefinition,getStatus,0,1,0
eclipse.pde.ui-20120217-1437,org.eclipse.pde.core.target,ITargetDefinition,getHandle,0,1,0
eclipse.pde.ui-20120217-1437,org.eclipse.pde.core.target,ITargetDefinition,getName,0,1,0
eclipse.pde.ui-20120217-1437,org.eclipse.pde.core.target,ITargetDefinition,setName,0,1,1
eclipse.pde.ui-20120217-1437,org.eclipse.pde.core.target,ITargetDefinition,getTargetLocations,0,1,0
eclipse.pde.ui-20120217-1437,org.eclipse.pde.core.target,ITargetDefinition,setTargetLocations,0,1,1
eclipse.pde.ui-20120217-1437,org.eclipse.pde.core.target,ITargetDefinition,getIncluded,0,1,0
eclipse.pde.ui-20120217-1437,org.eclipse.pde.core.target,ITargetDefinition,setIncluded,0,1,1
eclipse.pde.ui-20120217-1437,org.eclipse.pde.core.target,ITargetDefinition,getJREContainer,0,1,0
eclipse.pde.ui-20120217-1437,org.eclipse.pde.core.target,ITargetDefinition,setJREContainer,0,1,1
eclipse.pde.ui-20120217-1437,org.eclipse.pde.core.target,ITargetDefinition,getOS,0,1,0
eclipse.pde.ui-20120217-1437,org.eclipse.pde.core.target,ITargetDefinition,setOS,0,1,1
eclipse.pde.ui-20120217-1437,org.eclipse.pde.core.target,ITargetDefinition,getWS,0,1,0
eclipse.pde.ui-20120217-1437,org.eclipse.pde.core.target,ITargetDefinition,setWS,0,1,1
eclipse.pde.ui-20120217-1437,org.eclipse.pde.core.target,ITargetDefinition,getArch,0,1,0
eclipse.pde.ui-20120217-1437,org.eclipse.pde.core.target,ITargetDefinition,setArch,0,1,1
eclipse.pde.ui-20120217-1437,org.eclipse.pde.core.target,ITargetDefinition,getNL,0,1,0
eclipse.pde.ui-20120217-1437,org.eclipse.pde.core.target,ITargetDefinition,setNL,0,1,1
eclipse.pde.ui-20120217-1437,org.eclipse.pde.core.target,ITargetDefinition,getProgramArguments,0,1,0
eclipse.pde.ui-20120217-1437,org.eclipse.pde.core.target,ITargetDefinition,setProgramArguments,0,1,1
eclipse.pde.ui-20120217-1437,org.eclipse.pde.core.target,ITargetDefinition,getVMArguments,0,1,0
eclipse.pde.ui-20120217-1437,org.eclipse.pde.core.target,ITargetDefinition,setVMArguments,0,1,1
eclipse.pde.ui-20120217-1437,org.eclipse.pde.core.target,ITargetDefinition,setImplicitDependencies,0,1,1
eclipse.pde.ui-20120217-1437,org.eclipse.pde.core.target,ITargetDefinition,getImplicitDependencies,0,1,0
eclipse.pde.ui-20120217-1437,org.eclipse.pde.core.target,ITargetHandle,getTargetDefinition,0,1,0
eclipse.pde.ui-20120217-1437,org.eclipse.pde.core.target,ITargetHandle,getMemento,0,1,0
eclipse.pde.ui-20120217-1437,org.eclipse.pde.core.target,ITargetHandle,exists,0,1,0
eclipse.pde.ui-20120217-1437,org.eclipse.pde.core.target,ITargetLocation,resolve,0,1,2
eclipse.pde.ui-20120217-1437,org.eclipse.pde.core.target,ITargetLocation,isResolved,0,1,0
eclipse.pde.ui-20120217-1437,org.eclipse.pde.core.target,ITargetLocation,getStatus,0,1,0
eclipse.pde.ui-20120217-1437,org.eclipse.pde.core.target,ITargetLocation,getType,0,1,0
eclipse.pde.ui-20120217-1437,org.eclipse.pde.core.target,ITargetLocation,getLocation,0,1,1
eclipse.pde.ui-20120217-1437,org.eclipse.pde.core.target,ITargetLocation,getBundles,0,1,0
eclipse.pde.ui-20120217-1437,org.eclipse.pde.core.target,ITargetLocation,getFeatures,0,1,0
eclipse.pde.ui-20120217-1437,org.eclipse.pde.core.target,ITargetLocation,getVMArguments,0,1,0
eclipse.pde.ui-20120217-1437,org.eclipse.pde.core.target,ITargetLocation,serialize,0,1,0
eclipse.pde.ui-20120217-1437,org.eclipse.pde.core.target,ITargetLocationFactory,getTargetLocation,0,1,2
eclipse.pde.ui-20120217-1437,org.eclipse.pde.core.target,ITargetPlatformService,getTargets,0,1,1
eclipse.pde.ui-20120217-1437,org.eclipse.pde.core.target,ITargetPlatformService,getTarget,0,1,1
eclipse.pde.ui-20120217-1437,org.eclipse.pde.core.target,ITargetPlatformService,getTarget,0,1,1
eclipse.pde.ui-20120217-1437,org.eclipse.pde.core.target,ITargetPlatformService,newTarget,0,1,0
eclipse.pde.ui-20120217-1437,org.eclipse.pde.core.target,ITargetPlatformService,saveTargetDefinition,0,1,1
eclipse.pde.ui-20120217-1437,org.eclipse.pde.core.target,ITargetPlatformService,deleteTarget,0,1,1
eclipse.pde.ui-20120217-1437,org.eclipse.pde.core.target,ITargetPlatformService,getTarget,0,1,1
eclipse.pde.ui-20120217-1437,org.eclipse.pde.core.target,ITargetPlatformService,newDirectoryLocation,0,1,1
eclipse.pde.ui-20120217-1437,org.eclipse.pde.core.target,ITargetPlatformService,newProfileLocation,0,1,2
eclipse.pde.ui-20120217-1437,org.eclipse.pde.core.target,ITargetPlatformService,newIULocation,0,1,3
eclipse.pde.ui-20120217-1437,org.eclipse.pde.core.target,ITargetPlatformService,newIULocation,0,1,4
eclipse.pde.ui-20120217-1437,org.eclipse.pde.core.target,ITargetPlatformService,newFeatureLocation,0,1,3
eclipse.pde.ui-20120217-1437,org.eclipse.pde.core.target,ITargetPlatformService,getWorkspaceTargetHandle,0,1,0
eclipse.pde.ui-20120217-1437,org.eclipse.pde.core.target,ITargetPlatformService,compareWithTargetPlatform,0,1,1
eclipse.pde.ui-20120217-1437,org.eclipse.pde.core.target,ITargetPlatformService,copyTargetDefinition,0,1,2
eclipse.pde.ui-20120217-1437,org.eclipse.pde.core.target,ITargetPlatformService,loadTargetDefinition,0,1,2
eclipse.pde.ui-20120217-1437,org.eclipse.pde.core.target,ITargetPlatformService,newDefaultTarget,0,1,0
eclipse.pde.ui-20120217-1437,org.eclipse.pde.core.target,LoadTargetDefinitionJob,load,3,1,1
eclipse.pde.ui-20120217-1437,org.eclipse.pde.core.target,LoadTargetDefinitionJob,load,9,2,2
eclipse.pde.ui-20120217-1437,org.eclipse.pde.core.target,LoadTargetDefinitionJob,LoadTargetDefinitionJob,9,2,1
eclipse.pde.ui-20120217-1437,org.eclipse.pde.core.target,LoadTargetDefinitionJob,belongsTo,3,1,1
eclipse.pde.ui-20120217-1437,org.eclipse.pde.core.target,LoadTargetDefinitionJob,runInWorkspace,41,9,1
eclipse.pde.ui-20120217-1437,org.eclipse.pde.core.target,LoadTargetDefinitionJob,loadArgs,9,1,2
eclipse.pde.ui-20120217-1437,org.eclipse.pde.core.target,LoadTargetDefinitionJob,loadEnvironment,8,1,2
eclipse.pde.ui-20120217-1437,org.eclipse.pde.core.target,LoadTargetDefinitionJob,setEnvironmentPref,8,2,3
eclipse.pde.ui-20120217-1437,org.eclipse.pde.core.target,LoadTargetDefinitionJob,loadJRE,18,4,2
eclipse.pde.ui-20120217-1437,org.eclipse.pde.core.target,LoadTargetDefinitionJob,loadImplicitPlugins,14,4,2
eclipse.pde.ui-20120217-1437,org.eclipse.pde.core.target,LoadTargetDefinitionJob,loadPlugins,40,7,2
eclipse.pde.ui-20120217-1437,org.eclipse.pde.core.target,LoadTargetDefinitionJob,loadAdditionalPreferences,14,3,1
eclipse.pde.ui-20120217-1437,org.eclipse.pde.core.target,LoadTargetDefinitionJob,getAdditionalLocs,10,3,0
eclipse.pde.ui-20120217-1437,org.eclipse.pde.core.target,LoadTargetDefinitionJob,handleReload,208,43,4
eclipse.pde.ui-20120217-1437,org.eclipse.pde.core.target,NameVersionDescriptor,NameVersionDescriptor,10,2,2
eclipse.pde.ui-20120217-1437,org.eclipse.pde.core.target,NameVersionDescriptor,NameVersionDescriptor,10,2,3
eclipse.pde.ui-20120217-1437,org.eclipse.pde.core.target,NameVersionDescriptor,equals,9,3,1
eclipse.pde.ui-20120217-1437,org.eclipse.pde.core.target,NameVersionDescriptor,hashCode,3,1,0
eclipse.pde.ui-20120217-1437,org.eclipse.pde.core.target,NameVersionDescriptor,getId,3,1,0
eclipse.pde.ui-20120217-1437,org.eclipse.pde.core.target,NameVersionDescriptor,getVersion,3,1,0
eclipse.pde.ui-20120217-1437,org.eclipse.pde.core.target,NameVersionDescriptor,getType,3,1,0
eclipse.pde.ui-20120217-1437,org.eclipse.pde.core.target,NameVersionDescriptor,toString,15,2,0
eclipse.pde.ui-20120217-1437,org.eclipse.pde.core.target,NameVersionDescriptor,fromPortableString,13,3,1
eclipse.pde.ui-20120217-1437,org.eclipse.pde.core.target,NameVersionDescriptor,toPortableString,7,1,0
eclipse.pde.ui-20120217-1437,org.eclipse.pde.core.target,TargetBundle,TargetBundle,3,1,1
eclipse.pde.ui-20120217-1437,org.eclipse.pde.core.target,TargetBundle,TargetBundle,3,1,0
eclipse.pde.ui-20120217-1437,org.eclipse.pde.core.target,TargetBundle,getBundleInfo,3,1,0
eclipse.pde.ui-20120217-1437,org.eclipse.pde.core.target,TargetBundle,getStatus,3,1,0
eclipse.pde.ui-20120217-1437,org.eclipse.pde.core.target,TargetBundle,isSourceBundle,3,1,0
eclipse.pde.ui-20120217-1437,org.eclipse.pde.core.target,TargetBundle,getSourceTarget,3,1,0
eclipse.pde.ui-20120217-1437,org.eclipse.pde.core.target,TargetBundle,isFragment,3,1,0
eclipse.pde.ui-20120217-1437,org.eclipse.pde.core.target,TargetBundle,getSourcePath,3,1,0
eclipse.pde.ui-20120217-1437,org.eclipse.pde.core.target,TargetBundle,initialize,31,7,1
eclipse.pde.ui-20120217-1437,org.eclipse.pde.core.target,TargetBundle,getProvidedSource,60,14,3
eclipse.pde.ui-20120217-1437,org.eclipse.pde.core.target,TargetBundle,toString,8,2,0
eclipse.pde.ui-20120217-1437,org.eclipse.pde.core.target,TargetFeature,TargetFeature,3,1,1
eclipse.pde.ui-20120217-1437,org.eclipse.pde.core.target,TargetFeature,getId,4,2,0
eclipse.pde.ui-20120217-1437,org.eclipse.pde.core.target,TargetFeature,getVersion,4,2,0
eclipse.pde.ui-20120217-1437,org.eclipse.pde.core.target,TargetFeature,getLocation,4,2,0
eclipse.pde.ui-20120217-1437,org.eclipse.pde.core.target,TargetFeature,getPlugins,8,2,0
eclipse.pde.ui-20120217-1437,org.eclipse.pde.core.target,TargetFeature,getDependentFeatures,15,4,0
eclipse.pde.ui-20120217-1437,org.eclipse.pde.core.target,TargetFeature,initialize,16,4,1
eclipse.pde.ui-20120217-1437,org.eclipse.pde.core.target,TargetFeature,toString,5,1,0
eclipse.pde.ui-20120217-1437,org.eclipse.pde.internal.core,AbstractModel,AbstractModel,3,1,0
eclipse.pde.ui-20120217-1437,org.eclipse.pde.internal.core,AbstractModel,addModelChangedListener,3,1,1
eclipse.pde.ui-20120217-1437,org.eclipse.pde.internal.core,AbstractModel,transferListenersTo,11,3,2
eclipse.pde.ui-20120217-1437,org.eclipse.pde.internal.core,AbstractModel,dispose,3,1,0
eclipse.pde.ui-20120217-1437,org.eclipse.pde.internal.core,AbstractModel,fireModelChanged,7,2,1
eclipse.pde.ui-20120217-1437,org.eclipse.pde.internal.core,AbstractModel,fireModelObjectChanged,3,1,4
eclipse.pde.ui-20120217-1437,org.eclipse.pde.internal.core,AbstractModel,getResourceString,3,1,1
eclipse.pde.ui-20120217-1437,org.eclipse.pde.internal.core,AbstractModel,getUnderlyingResource,3,1,0
eclipse.pde.ui-20120217-1437,org.eclipse.pde.internal.core,AbstractModel,isInSync,3,1,1
eclipse.pde.ui-20120217-1437,org.eclipse.pde.internal.core,AbstractModel,isValid,3,1,0
eclipse.pde.ui-20120217-1437,org.eclipse.pde.internal.core,AbstractModel,getTimeStamp,3,1,0
eclipse.pde.ui-20120217-1437,org.eclipse.pde.internal.core,AbstractModel,updateTimeStamp,0,1,0
eclipse.pde.ui-20120217-1437,org.eclipse.pde.internal.core,AbstractModel,updateTimeStamp,3,2,1
eclipse.pde.ui-20120217-1437,org.eclipse.pde.internal.core,AbstractModel,isDisposed,3,1,0
eclipse.pde.ui-20120217-1437,org.eclipse.pde.internal.core,AbstractModel,isLoaded,3,1,0
eclipse.pde.ui-20120217-1437,org.eclipse.pde.internal.core,AbstractModel,setLoaded,3,1,1
eclipse.pde.ui-20120217-1437,org.eclipse.pde.internal.core,AbstractModel,setException,3,1,1
eclipse.pde.ui-20120217-1437,org.eclipse.pde.internal.core,AbstractModel,getException,3,1,0
eclipse.pde.ui-20120217-1437,org.eclipse.pde.internal.core,AbstractModel,removeModelChangedListener,3,1,1
eclipse.pde.ui-20120217-1437,org.eclipse.pde.internal.core,AbstractModel,throwParseErrorsException,4,1,1
eclipse.pde.ui-20120217-1437,org.eclipse.pde.internal.core,AbstractModel,getSaxParser,3,1,0
eclipse.pde.ui-20120217-1437,org.eclipse.pde.internal.core,AbstractModel,isReconcilingModel,3,1,0
eclipse.pde.ui-20120217-1437,org.eclipse.pde.internal.core,AbstractModelManager,removeModelProviderListener,5,2,1
eclipse.pde.ui-20120217-1437,org.eclipse.pde.internal.core,AbstractModelManager,addModelProviderListener,3,1,1
eclipse.pde.ui-20120217-1437,org.eclipse.pde.internal.core,AbstractModelManager,fireModelProviderEvent,6,2,1
eclipse.pde.ui-20120217-1437,org.eclipse.pde.internal.core,AbstractModelManager,shutdown,3,1,0
eclipse.pde.ui-20120217-1437,org.eclipse.pde.internal.core,AbstractModelManager,removeListeners,3,1,0
eclipse.pde.ui-20120217-1437,org.eclipse.pde.internal.core,AbstractNLModel,getNLResourceHelper,4,2,0
eclipse.pde.ui-20120217-1437,org.eclipse.pde.internal.core,AbstractNLModel,resetNLResourceHelper,3,1,0
eclipse.pde.ui-20120217-1437,org.eclipse.pde.internal.core,AbstractNLModel,dispose,7,2,0
eclipse.pde.ui-20120217-1437,org.eclipse.pde.internal.core,AbstractNLModel,getResourceString,5,3,1
eclipse.pde.ui-20120217-1437,org.eclipse.pde.internal.core,AbstractNLModel,createNLResourceHelper,0,1,0
eclipse.pde.ui-20120217-1437,org.eclipse.pde.internal.core,AbstractNLModel,getAdapter,7,2,1
eclipse.pde.ui-20120217-1437,org.eclipse.pde.internal.core,BinaryRepositoryProvider,deleteFile,5,2,4
eclipse.pde.ui-20120217-1437,org.eclipse.pde.internal.core,BinaryRepositoryProvider,deleteFolder,5,2,4
eclipse.pde.ui-20120217-1437,org.eclipse.pde.internal.core,BinaryRepositoryProvider,deleteProject,3,1,4
eclipse.pde.ui-20120217-1437,org.eclipse.pde.internal.core,BinaryRepositoryProvider,moveFile,5,2,5
eclipse.pde.ui-20120217-1437,org.eclipse.pde.internal.core,BinaryRepositoryProvider,moveFolder,5,2,5
eclipse.pde.ui-20120217-1437,org.eclipse.pde.internal.core,BinaryRepositoryProvider,moveProject,3,1,5
eclipse.pde.ui-20120217-1437,org.eclipse.pde.internal.core,BinaryRepositoryProvider,validateEdit,8,3,2
eclipse.pde.ui-20120217-1437,org.eclipse.pde.internal.core,BinaryRepositoryProvider,validateSave,6,2,1
eclipse.pde.ui-20120217-1437,org.eclipse.pde.internal.core,BinaryRepositoryProvider,BinaryRepositoryProvider,4,1,0
eclipse.pde.ui-20120217-1437,org.eclipse.pde.internal.core,BinaryRepositoryProvider,configureProject,4,1,0
eclipse.pde.ui-20120217-1437,org.eclipse.pde.internal.core,BinaryRepositoryProvider,deconfigure,4,1,0
eclipse.pde.ui-20120217-1437,org.eclipse.pde.internal.core,BinaryRepositoryProvider,getFileModificationValidator2,3,1,0
eclipse.pde.ui-20120217-1437,org.eclipse.pde.internal.core,BinaryRepositoryProvider,getID,3,1,0
eclipse.pde.ui-20120217-1437,org.eclipse.pde.internal.core,BinaryRepositoryProvider,getMoveDeleteHook,3,1,0
eclipse.pde.ui-20120217-1437,org.eclipse.pde.internal.core,BinaryRepositoryProvider,isBinaryResource,12,5,2
eclipse.pde.ui-20120217-1437,org.eclipse.pde.internal.core,BinaryRepositoryProvider,createProblemStatus,4,1,0
eclipse.pde.ui-20120217-1437,org.eclipse.pde.internal.core,BinaryRepositoryProvider,createOKStatus,3,1,0
eclipse.pde.ui-20120217-1437,org.eclipse.pde.internal.core,BinaryRepositoryProvider,canHandleLinkedResources,3,1,0
eclipse.pde.ui-20120217-1437,org.eclipse.pde.internal.core,BinaryRepositoryProvider,canHandleLinkedResourcesURI,3,1,0
eclipse.pde.ui-20120217-1437,org.eclipse.pde.internal.core,BinaryMoveDeleteHook,deleteFile,5,2,4
eclipse.pde.ui-20120217-1437,org.eclipse.pde.internal.core,BinaryMoveDeleteHook,deleteFolder,5,2,4
eclipse.pde.ui-20120217-1437,org.eclipse.pde.internal.core,BinaryMoveDeleteHook,deleteProject,3,1,4
eclipse.pde.ui-20120217-1437,org.eclipse.pde.internal.core,BinaryMoveDeleteHook,moveFile,5,2,5
eclipse.pde.ui-20120217-1437,org.eclipse.pde.internal.core,BinaryMoveDeleteHook,moveFolder,5,2,5
eclipse.pde.ui-20120217-1437,org.eclipse.pde.internal.core,BinaryMoveDeleteHook,moveProject,3,1,5
eclipse.pde.ui-20120217-1437,org.eclipse.pde.internal.core,BinaryFileModificationValidator,validateEdit,8,3,2
eclipse.pde.ui-20120217-1437,org.eclipse.pde.internal.core,BinaryFileModificationValidator,validateSave,6,2,1
eclipse.pde.ui-20120217-1437,org.eclipse.pde.internal.core,BundleManifestSourceLocationManager,getSourceLocation,9,2,2
eclipse.pde.ui-20120217-1437,org.eclipse.pde.internal.core,BundleManifestSourceLocationManager,getSourceLocations,10,2,0
eclipse.pde.ui-20120217-1437,org.eclipse.pde.internal.core,BundleManifestSourceLocationManager,hasValidSourceLocation,3,1,2
eclipse.pde.ui-20120217-1437,org.eclipse.pde.internal.core,BundleManifestSourceLocationManager,getSourceRoots,27,6,2
eclipse.pde.ui-20120217-1437,org.eclipse.pde.internal.core,BundleManifestSourceLocationManager,getAllSourceRoots,11,3,2
eclipse.pde.ui-20120217-1437,org.eclipse.pde.internal.core,BundleManifestSourceLocationManager,getSourceEntries,17,4,2
eclipse.pde.ui-20120217-1437,org.eclipse.pde.internal.core,BundleManifestSourceLocationManager,addSourceRoots,11,3,2
eclipse.pde.ui-20120217-1437,org.eclipse.pde.internal.core,BundleManifestSourceLocationManager,setPlugins,42,8,1
eclipse.pde.ui-20120217-1437,org.eclipse.pde.internal.core,BundleValidationOperation,BundleValidationOperation,3,1,1
eclipse.pde.ui-20120217-1437,org.eclipse.pde.internal.core,BundleValidationOperation,BundleValidationOperation,4,1,2
eclipse.pde.ui-20120217-1437,org.eclipse.pde.internal.core,BundleValidationOperation,run,13,4,1
eclipse.pde.ui-20120217-1437,org.eclipse.pde.internal.core,BundleValidationOperation,getResolverErrors,23,6,0
eclipse.pde.ui-20120217-1437,org.eclipse.pde.internal.core,BundleValidationOperation,getState,3,1,0
eclipse.pde.ui-20120217-1437,org.eclipse.pde.internal.core,BundleValidationOperation,hasErrors,18,6,0
eclipse.pde.ui-20120217-1437,org.eclipse.pde.internal.core,ClasspathComputer,setClasspath,4,1,2
eclipse.pde.ui-20120217-1437,org.eclipse.pde.internal.core,ClasspathComputer,getClasspath,17,2,5
eclipse.pde.ui-20120217-1437,org.eclipse.pde.internal.core,ClasspathComputer,addSourceAndLibraries,37,12,6
eclipse.pde.ui-20120217-1437,org.eclipse.pde.internal.core,ClasspathComputer,getClasspathAttributes,11,3,2
eclipse.pde.ui-20120217-1437,org.eclipse.pde.internal.core,ClasspathComputer,addSourceFolder,20,5,4
eclipse.pde.ui-20120217-1437,org.eclipse.pde.internal.core,ClasspathComputer,getBuild,9,2,1
eclipse.pde.ui-20120217-1437,org.eclipse.pde.internal.core,ClasspathComputer,addLibraryEntry,17,6,5
eclipse.pde.ui-20120217-1437,org.eclipse.pde.internal.core,ClasspathComputer,addJARdPlugin,8,3,5
eclipse.pde.ui-20120217-1437,org.eclipse.pde.internal.core,ClasspathComputer,createClasspathEntry,4,1,6
eclipse.pde.ui-20120217-1437,org.eclipse.pde.internal.core,ClasspathComputer,getExecutionEnvironment,7,3,1
eclipse.pde.ui-20120217-1437,org.eclipse.pde.internal.core,ClasspathComputer,setComplianceOptions,3,1,2
eclipse.pde.ui-20120217-1437,org.eclipse.pde.internal.core,ClasspathComputer,setComplianceOptions,44,8,3
eclipse.pde.ui-20120217-1437,org.eclipse.pde.internal.core,ClasspathComputer,setCompliance,5,2,4
eclipse.pde.ui-20120217-1437,org.eclipse.pde.internal.core,ClasspathComputer,setMinimumCompliance,16,4,4
eclipse.pde.ui-20120217-1437,org.eclipse.pde.internal.core,ClasspathComputer,createEntryUsingPreviousEntry,11,5,3
eclipse.pde.ui-20120217-1437,org.eclipse.pde.internal.core,ClasspathComputer,createJREEntry,3,1,1
eclipse.pde.ui-20120217-1437,org.eclipse.pde.internal.core,ClasspathComputer,getEEPath,12,4,1
eclipse.pde.ui-20120217-1437,org.eclipse.pde.internal.core,ClasspathComputer,createContainerEntry,3,1,0
eclipse.pde.ui-20120217-1437,org.eclipse.pde.internal.core,ClasspathContainerResolverManager,getBundleClasspathResolvers,17,3,1
eclipse.pde.ui-20120217-1437,org.eclipse.pde.internal.core,ClasspathHelper,getDevEntriesProperties,43,9,2
eclipse.pde.ui-20120217-1437,org.eclipse.pde.internal.core,ClasspathHelper,getDevEntriesProperties,45,9,2
eclipse.pde.ui-20120217-1437,org.eclipse.pde.internal.core,ClasspathHelper,getDevEntries,14,4,1
eclipse.pde.ui-20120217-1437,org.eclipse.pde.internal.core,ClasspathHelper,writeEntry,8,3,1
eclipse.pde.ui-20120217-1437,org.eclipse.pde.internal.core,ClasspathHelper,getDevDictionary,11,3,1
eclipse.pde.ui-20120217-1437,org.eclipse.pde.internal.core,ClasspathHelper,getClasspathMap,48,13,4
eclipse.pde.ui-20120217-1437,org.eclipse.pde.internal.core,ClasspathHelper,findLibrary,30,10,4
eclipse.pde.ui-20120217-1437,org.eclipse.pde.internal.core,ClasspathHelper,getDevPaths,60,15,3
eclipse.pde.ui-20120217-1437,org.eclipse.pde.internal.core,ClasspathHelper,findLibraryFromFragments,31,8,4
eclipse.pde.ui-20120217-1437,org.eclipse.pde.internal.core,ClasspathHelper,postfixFragmentAnnotation,4,2,1
eclipse.pde.ui-20120217-1437,org.eclipse.pde.internal.core,ClasspathHelper,addPath,15,6,3
eclipse.pde.ui-20120217-1437,org.eclipse.pde.internal.core,ClasspathHelper,getFoldersToExclude,14,4,2
eclipse.pde.ui-20120217-1437,org.eclipse.pde.internal.core,ClasspathUtilCore,addLibraries,15,5,2
eclipse.pde.ui-20120217-1437,org.eclipse.pde.internal.core,ClasspathUtilCore,addJARdPlugin,8,3,2
eclipse.pde.ui-20120217-1437,org.eclipse.pde.internal.core,ClasspathUtilCore,createLibraryEntry,13,4,1
eclipse.pde.ui-20120217-1437,org.eclipse.pde.internal.core,ClasspathUtilCore,hasExtensibleAPI,5,2,1
eclipse.pde.ui-20120217-1437,org.eclipse.pde.internal.core,ClasspathUtilCore,isPatchFragment,4,1,1
eclipse.pde.ui-20120217-1437,org.eclipse.pde.internal.core,ClasspathUtilCore,isPatchFragment,5,2,1
eclipse.pde.ui-20120217-1437,org.eclipse.pde.internal.core,ClasspathUtilCore,hasExtensibleAPI,5,3,1
eclipse.pde.ui-20120217-1437,org.eclipse.pde.internal.core,ClasspathUtilCore,isPatchFragment,5,3,1
eclipse.pde.ui-20120217-1437,org.eclipse.pde.internal.core,ClasspathUtilCore,hasBundleStructure,6,3,1
eclipse.pde.ui-20120217-1437,org.eclipse.pde.internal.core,ClasspathUtilCore,containsVariables,3,1,1
eclipse.pde.ui-20120217-1437,org.eclipse.pde.internal.core,ClasspathUtilCore,expandLibraryName,8,6,1
eclipse.pde.ui-20120217-1437,org.eclipse.pde.internal.core,ClasspathUtilCore,getSourceAnnotation,10,2,2
eclipse.pde.ui-20120217-1437,org.eclipse.pde.internal.core,ClasspathUtilCore,getSourceZipName,4,1,1
eclipse.pde.ui-20120217-1437,org.eclipse.pde.internal.core,ClasspathUtilCore,resolveLibraryInFragments,8,3,2
eclipse.pde.ui-20120217-1437,org.eclipse.pde.internal.core,ClasspathUtilCore,getPath,16,5,2
eclipse.pde.ui-20120217-1437,org.eclipse.pde.internal.core,ClasspathUtilCore,getBuild,4,1,1
eclipse.pde.ui-20120217-1437,org.eclipse.pde.internal.core,ClasspathUtilCore,getFilename,3,1,1
eclipse.pde.ui-20120217-1437,org.eclipse.pde.internal.core,DependencyManager,getSelfAndDependencies,3,1,2
eclipse.pde.ui-20120217-1437,org.eclipse.pde.internal.core,DependencyManager,getSelfandDependencies,3,1,2
eclipse.pde.ui-20120217-1437,org.eclipse.pde.internal.core,DependencyManager,getDependencies,3,1,4
eclipse.pde.ui-20120217-1437,org.eclipse.pde.internal.core,DependencyManager,getDependencies,3,1,3
eclipse.pde.ui-20120217-1437,org.eclipse.pde.internal.core,DependencyManager,toSet,9,3,1
eclipse.pde.ui-20120217-1437,org.eclipse.pde.internal.core,DependencyManager,getDependencies,32,10,6
eclipse.pde.ui-20120217-1437,org.eclipse.pde.internal.core,DependencyManager,getImplicitDependencies,13,3,0
eclipse.pde.ui-20120217-1437,org.eclipse.pde.internal.core,DependencyManager,addBundleAndDependencies,32,10,4
eclipse.pde.ui-20120217-1437,org.eclipse.pde.internal.core,EclipseHomeInitializer,initialize,3,1,1
eclipse.pde.ui-20120217-1437,org.eclipse.pde.internal.core,EclipseHomeInitializer,resetEclipseHomeVariable,9,1,0
eclipse.pde.ui-20120217-1437,org.eclipse.pde.internal.core,ExtensionDeltaEvent,ExtensionDeltaEvent,6,1,4
eclipse.pde.ui-20120217-1437,org.eclipse.pde.internal.core,ExtensionDeltaEvent,getAddedModels,3,1,0
eclipse.pde.ui-20120217-1437,org.eclipse.pde.internal.core,ExtensionDeltaEvent,getChangedModels,3,1,0
eclipse.pde.ui-20120217-1437,org.eclipse.pde.internal.core,ExtensionDeltaEvent,getRemovedModels,3,1,0
eclipse.pde.ui-20120217-1437,org.eclipse.pde.internal.core,ExtensionDeltaEvent,getEventTypes,3,1,0
eclipse.pde.ui-20120217-1437,org.eclipse.pde.internal.core,ExternalFeatureModelManager,createModel,22,2,1
eclipse.pde.ui-20120217-1437,org.eclipse.pde.internal.core,ExternalFeatureModelManager,createModels,19,5,3
eclipse.pde.ui-20120217-1437,org.eclipse.pde.internal.core,ExternalFeatureModelManager,createModels,25,5,2
eclipse.pde.ui-20120217-1437,org.eclipse.pde.internal.core,ExternalFeatureModelManager,ExternalFeatureModelManager,3,1,0
eclipse.pde.ui-20120217-1437,org.eclipse.pde.internal.core,ExternalFeatureModelManager,addModelProviderListener,3,1,1
eclipse.pde.ui-20120217-1437,org.eclipse.pde.internal.core,ExternalFeatureModelManager,fireModelProviderEvent,7,2,1
eclipse.pde.ui-20120217-1437,org.eclipse.pde.internal.core,ExternalFeatureModelManager,initialize,64,12,0
eclipse.pde.ui-20120217-1437,org.eclipse.pde.internal.core,ExternalFeatureModelManager,parseAdditionalLocations,8,2,1
eclipse.pde.ui-20120217-1437,org.eclipse.pde.internal.core,ExternalFeatureModelManager,notifyListeners,9,4,2
eclipse.pde.ui-20120217-1437,org.eclipse.pde.internal.core,ExternalFeatureModelManager,removeModelProviderListener,3,1,1
eclipse.pde.ui-20120217-1437,org.eclipse.pde.internal.core,ExternalFeatureModelManager,getModels,3,1,0
eclipse.pde.ui-20120217-1437,org.eclipse.pde.internal.core,ExternalFeatureModelManager,createFeatures,19,5,3
eclipse.pde.ui-20120217-1437,org.eclipse.pde.internal.core,ExternalFeatureModelManager,createFeatures,21,4,2
eclipse.pde.ui-20120217-1437,org.eclipse.pde.internal.core,ExternalJavaSearchClasspathContainer,getClasspathEntries,12,2,0
eclipse.pde.ui-20120217-1437,org.eclipse.pde.internal.core,ExternalJavaSearchClasspathContainer,getDescription,3,1,0
eclipse.pde.ui-20120217-1437,org.eclipse.pde.internal.core,ExternalJavaSearchClasspathContainer,getKind,3,1,0
eclipse.pde.ui-20120217-1437,org.eclipse.pde.internal.core,ExternalJavaSearchClasspathContainer,getPath,3,1,0
eclipse.pde.ui-20120217-1437,org.eclipse.pde.internal.core,ExternalJavaSearchInitializer,initialize,8,1,2
eclipse.pde.ui-20120217-1437,org.eclipse.pde.internal.core,ExternalModelManager,getAllModels,3,1,0
eclipse.pde.ui-20120217-1437,org.eclipse.pde.internal.core,ExternalModelManager,initializeModels,38,10,1
eclipse.pde.ui-20120217-1437,org.eclipse.pde.internal.core,ExternalModelManager,setModels,4,1,1
eclipse.pde.ui-20120217-1437,org.eclipse.pde.internal.core,ExternalModelManager,getPluginPaths,53,10,0
eclipse.pde.ui-20120217-1437,org.eclipse.pde.internal.core,ExternalModelManager,getExtractedLibraries,3,1,1
eclipse.pde.ui-20120217-1437,org.eclipse.pde.internal.core,ExternalModelManager,append,9,2,2
eclipse.pde.ui-20120217-1437,org.eclipse.pde.internal.core,ExternalLibraryCache,getExtractedLibraries,28,6,1
eclipse.pde.ui-20120217-1437,org.eclipse.pde.internal.core,ExternalLibraryCache,cleanExtractedLibraries,16,6,1
eclipse.pde.ui-20120217-1437,org.eclipse.pde.internal.core,ExternalLibraryCache,getLibraryCacheDir,4,1,0
eclipse.pde.ui-20120217-1437,org.eclipse.pde.internal.core,ExternalLibraryCache,getBundleLibsCacheDirName,3,1,1
eclipse.pde.ui-20120217-1437,org.eclipse.pde.internal.core,ExternalLibraryCache,extractJar,29,4,3
eclipse.pde.ui-20120217-1437,org.eclipse.pde.internal.core,FeatureModelDelta,FeatureModelDelta,2,1,0
eclipse.pde.ui-20120217-1437,org.eclipse.pde.internal.core,FeatureModelDelta,getKind,3,1,0
eclipse.pde.ui-20120217-1437,org.eclipse.pde.internal.core,FeatureModelDelta,getAdded,3,1,0
eclipse.pde.ui-20120217-1437,org.eclipse.pde.internal.core,FeatureModelDelta,getRemoved,3,1,0
eclipse.pde.ui-20120217-1437,org.eclipse.pde.internal.core,FeatureModelDelta,getChanged,3,1,0
eclipse.pde.ui-20120217-1437,org.eclipse.pde.internal.core,FeatureModelDelta,get,4,2,1
eclipse.pde.ui-20120217-1437,org.eclipse.pde.internal.core,FeatureModelDelta,add,14,4,2
eclipse.pde.ui-20120217-1437,org.eclipse.pde.internal.core,FeatureModelDelta,add,5,2,2
eclipse.pde.ui-20120217-1437,org.eclipse.pde.internal.core,FeatureModelDelta,contains,12,4,2
eclipse.pde.ui-20120217-1437,org.eclipse.pde.internal.core,FeatureModelManager,FeatureModelManager,4,1,0
eclipse.pde.ui-20120217-1437,org.eclipse.pde.internal.core,FeatureModelManager,shutdown,6,3,0
eclipse.pde.ui-20120217-1437,org.eclipse.pde.internal.core,FeatureModelManager,init,26,4,0
eclipse.pde.ui-20120217-1437,org.eclipse.pde.internal.core,FeatureModelManager,modelsChanged,3,1,1
eclipse.pde.ui-20120217-1437,org.eclipse.pde.internal.core,FeatureModelManager,getModels,11,3,0
eclipse.pde.ui-20120217-1437,org.eclipse.pde.internal.core,FeatureModelManager,getWorkspaceModels,4,1,0
eclipse.pde.ui-20120217-1437,org.eclipse.pde.internal.core,FeatureModelManager,getExternalModels,4,1,0
eclipse.pde.ui-20120217-1437,org.eclipse.pde.internal.core,FeatureModelManager,getFeatureModel,4,1,1
eclipse.pde.ui-20120217-1437,org.eclipse.pde.internal.core,FeatureModelManager,findFeatureModel,13,4,2
eclipse.pde.ui-20120217-1437,org.eclipse.pde.internal.core,FeatureModelManager,findFeatureModelRelaxed,13,2,2
eclipse.pde.ui-20120217-1437,org.eclipse.pde.internal.core,FeatureModelManager,findFeatureModels,11,3,1
eclipse.pde.ui-20120217-1437,org.eclipse.pde.internal.core,FeatureModelManager,findFeatureModel,19,4,1
eclipse.pde.ui-20120217-1437,org.eclipse.pde.internal.core,FeatureModelManager,handleModelsChanged,8,2,1
eclipse.pde.ui-20120217-1437,org.eclipse.pde.internal.core,FeatureModelManager,processEvent,80,25,1
eclipse.pde.ui-20120217-1437,org.eclipse.pde.internal.core,FeatureModelManager,adjustExternalVisibility,25,8,2
eclipse.pde.ui-20120217-1437,org.eclipse.pde.internal.core,FeatureModelManager,addFeatureModelListener,3,2,1
eclipse.pde.ui-20120217-1437,org.eclipse.pde.internal.core,FeatureModelManager,removeFeatureModelListener,3,2,1
eclipse.pde.ui-20120217-1437,org.eclipse.pde.internal.core,FeatureModelManager,targetReloaded,3,1,0
eclipse.pde.ui-20120217-1437,org.eclipse.pde.internal.core,FeatureModelManager,getDeltaPackFeature,5,2,0
eclipse.pde.ui-20120217-1437,org.eclipse.pde.internal.core,FeatureTable,Idver,4,1,2
eclipse.pde.ui-20120217-1437,org.eclipse.pde.internal.core,FeatureTable,getId,3,1,0
eclipse.pde.ui-20120217-1437,org.eclipse.pde.internal.core,FeatureTable,getVer,3,1,0
eclipse.pde.ui-20120217-1437,org.eclipse.pde.internal.core,FeatureTable,hashCode,6,3,0
eclipse.pde.ui-20120217-1437,org.eclipse.pde.internal.core,FeatureTable,equals,5,3,1
eclipse.pde.ui-20120217-1437,org.eclipse.pde.internal.core,FeatureTable,equals,5,1,2
eclipse.pde.ui-20120217-1437,org.eclipse.pde.internal.core,FeatureTable,toString,3,1,0
eclipse.pde.ui-20120217-1437,org.eclipse.pde.internal.core,FeatureTable,FeatureTable,5,1,0
eclipse.pde.ui-20120217-1437,org.eclipse.pde.internal.core,FeatureTable,get,3,1,1
eclipse.pde.ui-20120217-1437,org.eclipse.pde.internal.core,FeatureTable,get,3,1,2
eclipse.pde.ui-20120217-1437,org.eclipse.pde.internal.core,FeatureTable,get,3,1,1
eclipse.pde.ui-20120217-1437,org.eclipse.pde.internal.core,FeatureTable,getImpl,7,2,1
eclipse.pde.ui-20120217-1437,org.eclipse.pde.internal.core,FeatureTable,get,14,4,1
eclipse.pde.ui-20120217-1437,org.eclipse.pde.internal.core,FeatureTable,getAll,3,1,0
eclipse.pde.ui-20120217-1437,org.eclipse.pde.internal.core,FeatureTable,getAllImpl,3,1,0
eclipse.pde.ui-20120217-1437,org.eclipse.pde.internal.core,FeatureTable,remove,3,1,1
eclipse.pde.ui-20120217-1437,org.eclipse.pde.internal.core,FeatureTable,removeImpl,27,8,1
eclipse.pde.ui-20120217-1437,org.eclipse.pde.internal.core,FeatureTable,add,21,3,1
eclipse.pde.ui-20120217-1437,org.eclipse.pde.internal.core,FeatureTable,toString,17,3,0
eclipse.pde.ui-20120217-1437,org.eclipse.pde.internal.core,Idver,Idver,4,1,2
eclipse.pde.ui-20120217-1437,org.eclipse.pde.internal.core,Idver,getId,3,1,0
eclipse.pde.ui-20120217-1437,org.eclipse.pde.internal.core,Idver,getVer,3,1,0
eclipse.pde.ui-20120217-1437,org.eclipse.pde.internal.core,Idver,hashCode,6,3,0
eclipse.pde.ui-20120217-1437,org.eclipse.pde.internal.core,Idver,equals,5,3,1
eclipse.pde.ui-20120217-1437,org.eclipse.pde.internal.core,Idver,equals,5,1,2
eclipse.pde.ui-20120217-1437,org.eclipse.pde.internal.core,Idver,toString,3,1,0
eclipse.pde.ui-20120217-1437,org.eclipse.pde.internal.core,FileAdapter,FileAdapter,5,1,3
eclipse.pde.ui-20120217-1437,org.eclipse.pde.internal.core,FileAdapter,isManifest,4,1,0
eclipse.pde.ui-20120217-1437,org.eclipse.pde.internal.core,FileAdapter,isSchema,4,1,0
eclipse.pde.ui-20120217-1437,org.eclipse.pde.internal.core,FileAdapter,getParent,3,1,0
eclipse.pde.ui-20120217-1437,org.eclipse.pde.internal.core,FileAdapter,setEditorId,3,1,1
eclipse.pde.ui-20120217-1437,org.eclipse.pde.internal.core,FileAdapter,getEditorId,3,1,0
eclipse.pde.ui-20120217-1437,org.eclipse.pde.internal.core,FileAdapter,getFile,3,1,0
eclipse.pde.ui-20120217-1437,org.eclipse.pde.internal.core,FileAdapter,isDirectory,3,1,0
eclipse.pde.ui-20120217-1437,org.eclipse.pde.internal.core,FileAdapter,hasChildren,5,3,0
eclipse.pde.ui-20120217-1437,org.eclipse.pde.internal.core,FileAdapter,getChildren,4,2,0
eclipse.pde.ui-20120217-1437,org.eclipse.pde.internal.core,FileAdapter,createChildren,8,3,0
eclipse.pde.ui-20120217-1437,org.eclipse.pde.internal.core,IExtensionDeltaEvent,getAddedModels,0,1,0
eclipse.pde.ui-20120217-1437,org.eclipse.pde.internal.core,IExtensionDeltaEvent,getChangedModels,0,1,0
eclipse.pde.ui-20120217-1437,org.eclipse.pde.internal.core,IExtensionDeltaEvent,getRemovedModels,0,1,0
eclipse.pde.ui-20120217-1437,org.eclipse.pde.internal.core,IExtensionDeltaEvent,getEventTypes,0,1,0
eclipse.pde.ui-20120217-1437,org.eclipse.pde.internal.core,IExtensionDeltaListener,extensionsChanged,0,1,1
eclipse.pde.ui-20120217-1437,org.eclipse.pde.internal.core,IFeatureModelDelta,getKind,0,1,0
eclipse.pde.ui-20120217-1437,org.eclipse.pde.internal.core,IFeatureModelDelta,getAdded,0,1,0
eclipse.pde.ui-20120217-1437,org.eclipse.pde.internal.core,IFeatureModelDelta,getRemoved,0,1,0
eclipse.pde.ui-20120217-1437,org.eclipse.pde.internal.core,IFeatureModelDelta,getChanged,0,1,0
eclipse.pde.ui-20120217-1437,org.eclipse.pde.internal.core,IFeatureModelListener,modelsChanged,0,1,1
eclipse.pde.ui-20120217-1437,org.eclipse.pde.internal.core,IFileAdapterFactory,createAdapterChild,0,1,2
eclipse.pde.ui-20120217-1437,org.eclipse.pde.internal.core,IModelChangeProviderExtension,transferListenersTo,0,1,2
eclipse.pde.ui-20120217-1437,org.eclipse.pde.internal.core,IModelChangedListenerFilter,accept,0,1,1
eclipse.pde.ui-20120217-1437,org.eclipse.pde.internal.core,IPluginModelListener,modelsChanged,0,1,1
eclipse.pde.ui-20120217-1437,org.eclipse.pde.internal.core,IStateDeltaListener,stateResolved,0,1,1
eclipse.pde.ui-20120217-1437,org.eclipse.pde.internal.core,IStateDeltaListener,stateChanged,0,1,1
eclipse.pde.ui-20120217-1437,org.eclipse.pde.internal.core,IWorkspaceModel,reload,0,1,0
eclipse.pde.ui-20120217-1437,org.eclipse.pde.internal.core,JavaElementChangeListener,start,4,1,0
eclipse.pde.ui-20120217-1437,org.eclipse.pde.internal.core,JavaElementChangeListener,elementChanged,3,1,1
eclipse.pde.ui-20120217-1437,org.eclipse.pde.internal.core,JavaElementChangeListener,shutdown,4,1,0
eclipse.pde.ui-20120217-1437,org.eclipse.pde.internal.core,JavaElementChangeListener,handleDelta,19,7,1
eclipse.pde.ui-20120217-1437,org.eclipse.pde.internal.core,JavaElementChangeListener,handleChildDeltas,11,4,1
eclipse.pde.ui-20120217-1437,org.eclipse.pde.internal.core,JavaElementChangeListener,isInterestingDelta,12,3,1
eclipse.pde.ui-20120217-1437,org.eclipse.pde.internal.core,JavaElementChangeListener,ignoreDelta,13,3,1
eclipse.pde.ui-20120217-1437,org.eclipse.pde.internal.core,JavaElementChangeListener,isInterestingProject,4,1,1
eclipse.pde.ui-20120217-1437,org.eclipse.pde.internal.core,JavaElementChangeListener,updateTable,11,4,1
eclipse.pde.ui-20120217-1437,org.eclipse.pde.internal.core,JavaElementChangeListener,save,24,4,0
eclipse.pde.ui-20120217-1437,org.eclipse.pde.internal.core,JavaElementChangeListener,getDirectory,6,2,0
eclipse.pde.ui-20120217-1437,org.eclipse.pde.internal.core,JavaElementChangeListener,load,21,3,0
eclipse.pde.ui-20120217-1437,org.eclipse.pde.internal.core,JavaElementChangeListener,synchronizeManifests,11,4,1
eclipse.pde.ui-20120217-1437,org.eclipse.pde.internal.core,JavadocLocationManager,getJavadocLocation,17,4,1
eclipse.pde.ui-20120217-1437,org.eclipse.pde.internal.core,JavadocLocationManager,getEntry,17,5,1
eclipse.pde.ui-20120217-1437,org.eclipse.pde.internal.core,JavadocLocationManager,initialize,10,4,0
eclipse.pde.ui-20120217-1437,org.eclipse.pde.internal.core,JavadocLocationManager,processExtension,41,8,2
eclipse.pde.ui-20120217-1437,org.eclipse.pde.internal.core,JavadocLocationManager,processPlugins,14,5,2
eclipse.pde.ui-20120217-1437,org.eclipse.pde.internal.core,JavadocLocationManager,reset,3,1,0
eclipse.pde.ui-20120217-1437,org.eclipse.pde.internal.core,MinimalState,MinimalState,10,1,1
eclipse.pde.ui-20120217-1437,org.eclipse.pde.internal.core,MinimalState,MinimalState,2,1,0
eclipse.pde.ui-20120217-1437,org.eclipse.pde.internal.core,MinimalState,addBundle,17,3,2
eclipse.pde.ui-20120217-1437,org.eclipse.pde.internal.core,MinimalState,addBundle,12,1,2
eclipse.pde.ui-20120217-1437,org.eclipse.pde.internal.core,MinimalState,addBundle,19,3,3
eclipse.pde.ui-20120217-1437,org.eclipse.pde.internal.core,MinimalState,addBundle,20,6,2
eclipse.pde.ui-20120217-1437,org.eclipse.pde.internal.core,MinimalState,addAuxiliaryData,2,1,3
eclipse.pde.ui-20120217-1437,org.eclipse.pde.internal.core,MinimalState,saveState,3,1,1
eclipse.pde.ui-20120217-1437,org.eclipse.pde.internal.core,MinimalState,saveState,14,2,2
eclipse.pde.ui-20120217-1437,org.eclipse.pde.internal.core,MinimalState,loadManifest,34,6,1
eclipse.pde.ui-20120217-1437,org.eclipse.pde.internal.core,MinimalState,resolveState,3,1,1
eclipse.pde.ui-20120217-1437,org.eclipse.pde.internal.core,MinimalState,resolveState,13,4,1
eclipse.pde.ui-20120217-1437,org.eclipse.pde.internal.core,MinimalState,internalResolveState,4,1,1
eclipse.pde.ui-20120217-1437,org.eclipse.pde.internal.core,MinimalState,initializePlatformProperties,8,3,0
eclipse.pde.ui-20120217-1437,org.eclipse.pde.internal.core,MinimalState,getProfilePlatformProperties,3,1,0
eclipse.pde.ui-20120217-1437,org.eclipse.pde.internal.core,MinimalState,removeBundleDescription,3,2,1
eclipse.pde.ui-20120217-1437,org.eclipse.pde.internal.core,MinimalState,getState,3,1,0
eclipse.pde.ui-20120217-1437,org.eclipse.pde.internal.core,MinimalState,setExecutionEnvironments,11,5,0
eclipse.pde.ui-20120217-1437,org.eclipse.pde.internal.core,MinimalState,addBundleDescription,3,2,1
eclipse.pde.ui-20120217-1437,org.eclipse.pde.internal.core,MinimalState,acquirePluginConverter,10,2,0
eclipse.pde.ui-20120217-1437,org.eclipse.pde.internal.core,MinimalState,getNextId,3,1,0
eclipse.pde.ui-20120217-1437,org.eclipse.pde.internal.core,MinimalState,findActiveBundle,7,3,1
eclipse.pde.ui-20120217-1437,org.eclipse.pde.internal.core,MinimalState,logResolutionErrors,24,8,0
eclipse.pde.ui-20120217-1437,org.eclipse.pde.internal.core,MinimalState,getResolutionFailureMessage,7,5,1
eclipse.pde.ui-20120217-1437,org.eclipse.pde.internal.core,MinimalState,toString,5,2,1
eclipse.pde.ui-20120217-1437,org.eclipse.pde.internal.core,MinimalState,getSystemBundle,3,1,0
eclipse.pde.ui-20120217-1437,org.eclipse.pde.internal.core,ModelFileAdapter,ModelFileAdapter,4,1,3
eclipse.pde.ui-20120217-1437,org.eclipse.pde.internal.core,ModelFileAdapter,getModel,3,1,0
eclipse.pde.ui-20120217-1437,org.eclipse.pde.internal.core,ModelProviderEvent,ModelProviderEvent,7,1,5
eclipse.pde.ui-20120217-1437,org.eclipse.pde.internal.core,ModelProviderEvent,getAddedModels,3,1,0
eclipse.pde.ui-20120217-1437,org.eclipse.pde.internal.core,ModelProviderEvent,getRemovedModels,3,1,0
eclipse.pde.ui-20120217-1437,org.eclipse.pde.internal.core,ModelProviderEvent,getChangedModels,3,1,0
eclipse.pde.ui-20120217-1437,org.eclipse.pde.internal.core,ModelProviderEvent,getEventTypes,3,1,0
eclipse.pde.ui-20120217-1437,org.eclipse.pde.internal.core,ModelProviderEvent,getEventSource,3,1,0
eclipse.pde.ui-20120217-1437,org.eclipse.pde.internal.core,NLResourceHelper,NLResourceHelper,21,3,2
eclipse.pde.ui-20120217-1437,org.eclipse.pde.internal.core,NLResourceHelper,dispose,3,1,0
eclipse.pde.ui-20120217-1437,org.eclipse.pde.internal.core,NLResourceHelper,getResourceStream,22,3,2
eclipse.pde.ui-20120217-1437,org.eclipse.pde.internal.core,NLResourceHelper,getResourceString,15,4,1
eclipse.pde.ui-20120217-1437,org.eclipse.pde.internal.core,NLResourceHelper,resourceExists,10,2,1
eclipse.pde.ui-20120217-1437,org.eclipse.pde.internal.core,NLResourceHelper,getNLFileBasePath,3,1,0
eclipse.pde.ui-20120217-1437,org.eclipse.pde.internal.core,P2Utils,readBundlesTxt,26,5,2
eclipse.pde.ui-20120217-1437,org.eclipse.pde.internal.core,P2Utils,readBundles,23,3,2
eclipse.pde.ui-20120217-1437,org.eclipse.pde.internal.core,P2Utils,readSourceBundles,23,3,2
eclipse.pde.ui-20120217-1437,org.eclipse.pde.internal.core,P2Utils,copyURLs,5,2,3
eclipse.pde.ui-20120217-1437,org.eclipse.pde.internal.core,P2Utils,getBundlesFromFile,12,2,2
eclipse.pde.ui-20120217-1437,org.eclipse.pde.internal.core,P2Utils,writeBundlesTxt,101,14,5
eclipse.pde.ui-20120217-1437,org.eclipse.pde.internal.core,P2Utils,profileExists,15,4,2
eclipse.pde.ui-20120217-1437,org.eclipse.pde.internal.core,P2Utils,createProfile,43,8,3
eclipse.pde.ui-20120217-1437,org.eclipse.pde.internal.core,P2Utils,generateEnvironmentProperties,12,1,0
eclipse.pde.ui-20120217-1437,org.eclipse.pde.internal.core,P2Utils,createBundleIU,34,7,1
eclipse.pde.ui-20120217-1437,org.eclipse.pde.internal.core,P2Utils,fromOSGiVersion,5,3,1
eclipse.pde.ui-20120217-1437,org.eclipse.pde.internal.core,P2Utils,fromOSGiVersionRange,4,2,1
eclipse.pde.ui-20120217-1437,org.eclipse.pde.internal.core,PDEAuxiliaryState,PDEAuxiliaryState,3,1,0
eclipse.pde.ui-20120217-1437,org.eclipse.pde.internal.core,PDEAuxiliaryState,PDEAuxiliaryState,3,1,1
eclipse.pde.ui-20120217-1437,org.eclipse.pde.internal.core,PDEAuxiliaryState,createPluginInfo,22,9,1
eclipse.pde.ui-20120217-1437,org.eclipse.pde.internal.core,PDEAuxiliaryState,getClassName,4,1,1
eclipse.pde.ui-20120217-1437,org.eclipse.pde.internal.core,PDEAuxiliaryState,hasExtensibleAPI,4,1,1
eclipse.pde.ui-20120217-1437,org.eclipse.pde.internal.core,PDEAuxiliaryState,isPatchFragment,4,1,1
eclipse.pde.ui-20120217-1437,org.eclipse.pde.internal.core,PDEAuxiliaryState,hasBundleStructure,4,1,1
eclipse.pde.ui-20120217-1437,org.eclipse.pde.internal.core,PDEAuxiliaryState,getPluginName,4,1,1
eclipse.pde.ui-20120217-1437,org.eclipse.pde.internal.core,PDEAuxiliaryState,getProviderName,4,1,1
eclipse.pde.ui-20120217-1437,org.eclipse.pde.internal.core,PDEAuxiliaryState,getLibraryNames,4,1,1
eclipse.pde.ui-20120217-1437,org.eclipse.pde.internal.core,PDEAuxiliaryState,getBundleLocalization,4,1,1
eclipse.pde.ui-20120217-1437,org.eclipse.pde.internal.core,PDEAuxiliaryState,getProject,4,1,1
eclipse.pde.ui-20120217-1437,org.eclipse.pde.internal.core,PDEAuxiliaryState,getBundleSourceEntry,4,1,1
eclipse.pde.ui-20120217-1437,org.eclipse.pde.internal.core,PDEAuxiliaryState,savePluginInfo,35,12,1
eclipse.pde.ui-20120217-1437,org.eclipse.pde.internal.core,PDEAuxiliaryState,readPluginInfoCache,29,5,1
eclipse.pde.ui-20120217-1437,org.eclipse.pde.internal.core,PDEAuxiliaryState,exists,4,1,1
eclipse.pde.ui-20120217-1437,org.eclipse.pde.internal.core,PDEAuxiliaryState,writePluginInfo,50,16,2
eclipse.pde.ui-20120217-1437,org.eclipse.pde.internal.core,PDEAuxiliaryState,addAuxiliaryData,14,1,3
eclipse.pde.ui-20120217-1437,org.eclipse.pde.internal.core,PDEAuxiliaryState,getClasspath,16,3,1
eclipse.pde.ui-20120217-1437,org.eclipse.pde.internal.core,PDEAuxiliaryState,clear,3,1,0
eclipse.pde.ui-20120217-1437,org.eclipse.pde.internal.core,PDEClasspathContainer,equals,4,2,1
eclipse.pde.ui-20120217-1437,org.eclipse.pde.internal.core,PDEClasspathContainer,toString,3,1,0
eclipse.pde.ui-20120217-1437,org.eclipse.pde.internal.core,PDEClasspathContainer,addProjectEntry,13,4,3
eclipse.pde.ui-20120217-1437,org.eclipse.pde.internal.core,PDEClasspathContainer,getExternalEntries,5,1,1
eclipse.pde.ui-20120217-1437,org.eclipse.pde.internal.core,PDEClasspathContainer,addExternalPlugin,27,9,3
eclipse.pde.ui-20120217-1437,org.eclipse.pde.internal.core,PDEClasspathContainer,addLibraryEntry,12,3,5
eclipse.pde.ui-20120217-1437,org.eclipse.pde.internal.core,PDEClasspathContainer,getAccessRules,9,2,1
eclipse.pde.ui-20120217-1437,org.eclipse.pde.internal.core,PDEClasspathContainer,getAccessibleRule,8,2,1
eclipse.pde.ui-20120217-1437,org.eclipse.pde.internal.core,PDEClasspathContainer,getClasspathAttributes,6,2,1
eclipse.pde.ui-20120217-1437,org.eclipse.pde.internal.core,PDEClasspathContainer,getDiscouragedRule,8,2,1
eclipse.pde.ui-20120217-1437,org.eclipse.pde.internal.core,PDEClasspathContainer,resolveLibraryInFragments,10,4,2
eclipse.pde.ui-20120217-1437,org.eclipse.pde.internal.core,Rule,equals,4,2,1
eclipse.pde.ui-20120217-1437,org.eclipse.pde.internal.core,Rule,toString,3,1,0
eclipse.pde.ui-20120217-1437,org.eclipse.pde.internal.core,PDECore,getDefault,3,1,0
eclipse.pde.ui-20120217-1437,org.eclipse.pde.internal.core,PDECore,getPreferencesManager,6,2,0
eclipse.pde.ui-20120217-1437,org.eclipse.pde.internal.core,PDECore,getWorkspace,3,1,0
eclipse.pde.ui-20120217-1437,org.eclipse.pde.internal.core,PDECore,log,3,2,1
eclipse.pde.ui-20120217-1437,org.eclipse.pde.internal.core,PDECore,log,11,4,1
eclipse.pde.ui-20120217-1437,org.eclipse.pde.internal.core,PDECore,logErrorMessage,3,1,1
eclipse.pde.ui-20120217-1437,org.eclipse.pde.internal.core,PDECore,logException,3,1,1
eclipse.pde.ui-20120217-1437,org.eclipse.pde.internal.core,PDECore,logException,13,5,2
eclipse.pde.ui-20120217-1437,org.eclipse.pde.internal.core,PDECore,PDECore,3,1,0
eclipse.pde.ui-20120217-1437,org.eclipse.pde.internal.core,PDECore,getInstallURL,8,1,0
eclipse.pde.ui-20120217-1437,org.eclipse.pde.internal.core,PDECore,findPluginInHost,11,4,1
eclipse.pde.ui-20120217-1437,org.eclipse.pde.internal.core,PDECore,getModelManager,3,1,0
eclipse.pde.ui-20120217-1437,org.eclipse.pde.internal.core,PDECore,getTargetProfileManager,4,2,0
eclipse.pde.ui-20120217-1437,org.eclipse.pde.internal.core,PDECore,getFeatureModelManager,4,2,0
eclipse.pde.ui-20120217-1437,org.eclipse.pde.internal.core,PDECore,getJavaElementChangeListener,3,1,0
eclipse.pde.ui-20120217-1437,org.eclipse.pde.internal.core,PDECore,getSchemaRegistry,4,2,0
eclipse.pde.ui-20120217-1437,org.eclipse.pde.internal.core,PDECore,getExtensionsRegistry,6,2,0
eclipse.pde.ui-20120217-1437,org.eclipse.pde.internal.core,PDECore,getSourceLocationManager,4,2,0
eclipse.pde.ui-20120217-1437,org.eclipse.pde.internal.core,PDECore,getClasspathContainerResolverManager,6,2,0
eclipse.pde.ui-20120217-1437,org.eclipse.pde.internal.core,PDECore,getJavadocLocationManager,4,2,0
eclipse.pde.ui-20120217-1437,org.eclipse.pde.internal.core,PDECore,getTracingOptionsManager,4,2,0
eclipse.pde.ui-20120217-1437,org.eclipse.pde.internal.core,PDECore,getSearchablePluginsManager,6,2,0
eclipse.pde.ui-20120217-1437,org.eclipse.pde.internal.core,PDECore,areModelsInitialized,3,1,0
eclipse.pde.ui-20120217-1437,org.eclipse.pde.internal.core,PDECore,start,37,5,1
eclipse.pde.ui-20120217-1437,org.eclipse.pde.internal.core,PDECore,saving,7,2,1
eclipse.pde.ui-20120217-1437,org.eclipse.pde.internal.core,PDECore,rollback,5,2,1
eclipse.pde.ui-20120217-1437,org.eclipse.pde.internal.core,PDECore,prepareToSave,5,2,1
eclipse.pde.ui-20120217-1437,org.eclipse.pde.internal.core,PDECore,doneSaving,5,2,1
eclipse.pde.ui-20120217-1437,org.eclipse.pde.internal.core,PDECore,getBundleContext,3,1,0
eclipse.pde.ui-20120217-1437,org.eclipse.pde.internal.core,PDECore,stop,38,9,1
eclipse.pde.ui-20120217-1437,org.eclipse.pde.internal.core,PDECore,acquireService,9,3,1
eclipse.pde.ui-20120217-1437,org.eclipse.pde.internal.core,PDEExtensionRegistry,PDEExtensionRegistry,6,2,0
eclipse.pde.ui-20120217-1437,org.eclipse.pde.internal.core,PDEExtensionRegistry,PDEExtensionRegistry,7,2,1
eclipse.pde.ui-20120217-1437,org.eclipse.pde.internal.core,PDEExtensionRegistry,getModels,11,2,0
eclipse.pde.ui-20120217-1437,org.eclipse.pde.internal.core,PDEExtensionRegistry,stop,4,2,0
eclipse.pde.ui-20120217-1437,org.eclipse.pde.internal.core,PDEExtensionRegistry,getRegistry,7,3,0
eclipse.pde.ui-20120217-1437,org.eclipse.pde.internal.core,PDEExtensionRegistry,createRegistry,3,1,0
eclipse.pde.ui-20120217-1437,org.eclipse.pde.internal.core,PDEExtensionRegistry,targetReloaded,5,2,0
eclipse.pde.ui-20120217-1437,org.eclipse.pde.internal.core,PDEExtensionRegistry,dispose,4,1,0
eclipse.pde.ui-20120217-1437,org.eclipse.pde.internal.core,PDEExtensionRegistry,findExtensionPlugins,13,4,2
eclipse.pde.ui-20120217-1437,org.eclipse.pde.internal.core,PDEExtensionRegistry,findExtensionPointPlugin,8,2,1
eclipse.pde.ui-20120217-1437,org.eclipse.pde.internal.core,PDEExtensionRegistry,getExtensionPoint,3,1,1
eclipse.pde.ui-20120217-1437,org.eclipse.pde.internal.core,PDEExtensionRegistry,hasExtensionPoint,3,1,1
eclipse.pde.ui-20120217-1437,org.eclipse.pde.internal.core,PDEExtensionRegistry,findExtensionPoint,16,5,1
eclipse.pde.ui-20120217-1437,org.eclipse.pde.internal.core,PDEExtensionRegistry,findExtensionsForPlugin,13,3,1
eclipse.pde.ui-20120217-1437,org.eclipse.pde.internal.core,PDEExtensionRegistry,findExtensionPointsForPlugin,13,3,1
eclipse.pde.ui-20120217-1437,org.eclipse.pde.internal.core,PDEExtensionRegistry,getExtensionsModel,4,2,1
eclipse.pde.ui-20120217-1437,org.eclipse.pde.internal.core,PDEExtensionRegistry,findExtensions,24,9,2
eclipse.pde.ui-20120217-1437,org.eclipse.pde.internal.core,PDEExtensionRegistry,getPlugin,17,7,2
eclipse.pde.ui-20120217-1437,org.eclipse.pde.internal.core,PDEExtensionRegistry,addListener,4,2,1
eclipse.pde.ui-20120217-1437,org.eclipse.pde.internal.core,PDEExtensionRegistry,removeListener,4,1,1
eclipse.pde.ui-20120217-1437,org.eclipse.pde.internal.core,PDEManager,findFragmentsFor,14,4,1
eclipse.pde.ui-20120217-1437,org.eclipse.pde.internal.core,PDEManager,findHostFor,11,4,1
eclipse.pde.ui-20120217-1437,org.eclipse.pde.internal.core,PDEManager,getBundleDescription,9,3,1
eclipse.pde.ui-20120217-1437,org.eclipse.pde.internal.core,PDEManager,getNLLookupLocations,15,5,1
eclipse.pde.ui-20120217-1437,org.eclipse.pde.internal.core,PDEManager,addNLLocation,4,2,2
eclipse.pde.ui-20120217-1437,org.eclipse.pde.internal.core,PDEManager,getBundleLocalization,5,3,1
eclipse.pde.ui-20120217-1437,org.eclipse.pde.internal.core,PDEPreferencesManager,PDEPreferencesManager,4,1,1
eclipse.pde.ui-20120217-1437,org.eclipse.pde.internal.core,PDEPreferencesManager,addPreferenceChangeListener,3,1,1
eclipse.pde.ui-20120217-1437,org.eclipse.pde.internal.core,PDEPreferencesManager,getBoolean,3,1,1
eclipse.pde.ui-20120217-1437,org.eclipse.pde.internal.core,PDEPreferencesManager,getDefaultBoolean,3,1,1
eclipse.pde.ui-20120217-1437,org.eclipse.pde.internal.core,PDEPreferencesManager,getDefaultInt,3,1,1
eclipse.pde.ui-20120217-1437,org.eclipse.pde.internal.core,PDEPreferencesManager,getDefaultString,3,1,1
eclipse.pde.ui-20120217-1437,org.eclipse.pde.internal.core,PDEPreferencesManager,getInt,3,1,1
eclipse.pde.ui-20120217-1437,org.eclipse.pde.internal.core,PDEPreferencesManager,getString,3,1,1
eclipse.pde.ui-20120217-1437,org.eclipse.pde.internal.core,PDEPreferencesManager,removePreferenceChangeListener,3,1,1
eclipse.pde.ui-20120217-1437,org.eclipse.pde.internal.core,PDEPreferencesManager,savePluginPreferences,8,1,0
eclipse.pde.ui-20120217-1437,org.eclipse.pde.internal.core,PDEPreferencesManager,setDefault,3,1,2
eclipse.pde.ui-20120217-1437,org.eclipse.pde.internal.core,PDEPreferencesManager,setDefault,3,1,2
eclipse.pde.ui-20120217-1437,org.eclipse.pde.internal.core,PDEPreferencesManager,setDefault,3,1,2
eclipse.pde.ui-20120217-1437,org.eclipse.pde.internal.core,PDEPreferencesManager,setToDefault,3,1,1
eclipse.pde.ui-20120217-1437,org.eclipse.pde.internal.core,PDEPreferencesManager,setValue,3,1,2
eclipse.pde.ui-20120217-1437,org.eclipse.pde.internal.core,PDEPreferencesManager,setValue,3,1,2
eclipse.pde.ui-20120217-1437,org.eclipse.pde.internal.core,PDEPreferencesManager,setValue,3,1,2
eclipse.pde.ui-20120217-1437,org.eclipse.pde.internal.core,PDEPreferencesManager,setValueOrRemove,8,2,2
eclipse.pde.ui-20120217-1437,org.eclipse.pde.internal.core,PDEPreferencesManager,setValueOrRemove,8,2,2
eclipse.pde.ui-20120217-1437,org.eclipse.pde.internal.core,PDEPreferencesManager,setValueOrRemove,8,2,2
eclipse.pde.ui-20120217-1437,org.eclipse.pde.internal.core,PDEPreferencesManager,flush,3,1,0
eclipse.pde.ui-20120217-1437,org.eclipse.pde.internal.core,PDERegistryStrategy,removeModels,6,3,2
eclipse.pde.ui-20120217-1437,org.eclipse.pde.internal.core,PDERegistryStrategy,setRegistry,3,1,1
eclipse.pde.ui-20120217-1437,org.eclipse.pde.internal.core,PDERegistryStrategy,modelsChanged,30,10,1
eclipse.pde.ui-20120217-1437,org.eclipse.pde.internal.core,PDERegistryStrategy,extensionsChanged,16,4,1
eclipse.pde.ui-20120217-1437,org.eclipse.pde.internal.core,PDERegistryStrategy,PDERegistryStrategy,6,1,4
eclipse.pde.ui-20120217-1437,org.eclipse.pde.internal.core,PDERegistryStrategy,init,3,1,0
eclipse.pde.ui-20120217-1437,org.eclipse.pde.internal.core,PDERegistryStrategy,log,2,1,1
eclipse.pde.ui-20120217-1437,org.eclipse.pde.internal.core,PDERegistryStrategy,connectListeners,5,1,0
eclipse.pde.ui-20120217-1437,org.eclipse.pde.internal.core,PDERegistryStrategy,setListenerRegistry,4,3,1
eclipse.pde.ui-20120217-1437,org.eclipse.pde.internal.core,PDERegistryStrategy,onStart,5,2,2
eclipse.pde.ui-20120217-1437,org.eclipse.pde.internal.core,PDERegistryStrategy,onStop,4,1,1
eclipse.pde.ui-20120217-1437,org.eclipse.pde.internal.core,PDERegistryStrategy,getXMLParser,7,2,0
eclipse.pde.ui-20120217-1437,org.eclipse.pde.internal.core,PDERegistryStrategy,processBundles,3,1,1
eclipse.pde.ui-20120217-1437,org.eclipse.pde.internal.core,PDERegistryStrategy,addBundles,3,2,2
eclipse.pde.ui-20120217-1437,org.eclipse.pde.internal.core,PDERegistryStrategy,addBundle,36,8,2
eclipse.pde.ui-20120217-1437,org.eclipse.pde.internal.core,PDERegistryStrategy,removeBundle,8,3,2
eclipse.pde.ui-20120217-1437,org.eclipse.pde.internal.core,PDERegistryStrategy,getFile,12,4,1
eclipse.pde.ui-20120217-1437,org.eclipse.pde.internal.core,PDERegistryStrategy,createContributor,20,5,1
eclipse.pde.ui-20120217-1437,org.eclipse.pde.internal.core,PDERegistryStrategy,dispose,9,2,0
eclipse.pde.ui-20120217-1437,org.eclipse.pde.internal.core,PDERegistryStrategy,createRegistry,3,1,0
eclipse.pde.ui-20120217-1437,org.eclipse.pde.internal.core,PDERegistryStrategy,getContributionsTimestamp,24,8,0
eclipse.pde.ui-20120217-1437,org.eclipse.pde.internal.core,RegistryListener,removeModels,6,3,2
eclipse.pde.ui-20120217-1437,org.eclipse.pde.internal.core,RegistryListener,setRegistry,3,1,1
eclipse.pde.ui-20120217-1437,org.eclipse.pde.internal.core,ModelListener,modelsChanged,30,10,1
eclipse.pde.ui-20120217-1437,org.eclipse.pde.internal.core,ExtensionListener,extensionsChanged,16,4,1
eclipse.pde.ui-20120217-1437,org.eclipse.pde.internal.core,PDEState,PDEState,7,1,1
eclipse.pde.ui-20120217-1437,org.eclipse.pde.internal.core,PDEState,copyAuxiliaryState,4,1,0
eclipse.pde.ui-20120217-1437,org.eclipse.pde.internal.core,PDEState,copyModels,20,5,1
eclipse.pde.ui-20120217-1437,org.eclipse.pde.internal.core,PDEState,PDEState,3,1,3
eclipse.pde.ui-20120217-1437,org.eclipse.pde.internal.core,PDEState,PDEState,16,5,5
eclipse.pde.ui-20120217-1437,org.eclipse.pde.internal.core,PDEState,readTargetState,27,8,2
eclipse.pde.ui-20120217-1437,org.eclipse.pde.internal.core,PDEState,createNewTargetState,23,3,3
eclipse.pde.ui-20120217-1437,org.eclipse.pde.internal.core,PDEState,addAuxiliaryData,3,1,3
eclipse.pde.ui-20120217-1437,org.eclipse.pde.internal.core,PDEState,removeDuplicatesFromState,15,5,1
eclipse.pde.ui-20120217-1437,org.eclipse.pde.internal.core,PDEState,createTargetModels,11,3,1
eclipse.pde.ui-20120217-1437,org.eclipse.pde.internal.core,PDEState,readWorkspaceState,26,6,1
eclipse.pde.ui-20120217-1437,org.eclipse.pde.internal.core,PDEState,isCombined,3,1,0
eclipse.pde.ui-20120217-1437,org.eclipse.pde.internal.core,PDEState,readStateCache,19,2,1
eclipse.pde.ui-20120217-1437,org.eclipse.pde.internal.core,PDEState,computeTimestamp,3,1,1
eclipse.pde.ui-20120217-1437,org.eclipse.pde.internal.core,PDEState,computeTimestamp,31,8,2
eclipse.pde.ui-20120217-1437,org.eclipse.pde.internal.core,PDEState,compare,3,1,2
eclipse.pde.ui-20120217-1437,org.eclipse.pde.internal.core,PDEState,createWorkspaceModel,35,7,1
eclipse.pde.ui-20120217-1437,org.eclipse.pde.internal.core,PDEState,createExternalModel,8,2,1
eclipse.pde.ui-20120217-1437,org.eclipse.pde.internal.core,PDEState,getTargetModels,3,1,0
eclipse.pde.ui-20120217-1437,org.eclipse.pde.internal.core,PDEState,getWorkspaceModels,3,1,0
eclipse.pde.ui-20120217-1437,org.eclipse.pde.internal.core,PDEState,saveExternalState,35,9,0
eclipse.pde.ui-20120217-1437,org.eclipse.pde.internal.core,PDEState,saveWorkspaceState,21,5,0
eclipse.pde.ui-20120217-1437,org.eclipse.pde.internal.core,PDEState,computeTimestamp,12,2,1
eclipse.pde.ui-20120217-1437,org.eclipse.pde.internal.core,PDEState,shouldSaveState,12,4,1
eclipse.pde.ui-20120217-1437,org.eclipse.pde.internal.core,PDEState,clearStaleStates,15,5,2
eclipse.pde.ui-20120217-1437,org.eclipse.pde.internal.core,PDEState,getClassName,3,1,1
eclipse.pde.ui-20120217-1437,org.eclipse.pde.internal.core,PDEState,hasExtensibleAPI,3,1,1
eclipse.pde.ui-20120217-1437,org.eclipse.pde.internal.core,PDEState,isPatchFragment,3,1,1
eclipse.pde.ui-20120217-1437,org.eclipse.pde.internal.core,PDEState,hasBundleStructure,3,1,1
eclipse.pde.ui-20120217-1437,org.eclipse.pde.internal.core,PDEState,getPluginName,3,1,1
eclipse.pde.ui-20120217-1437,org.eclipse.pde.internal.core,PDEState,getProviderName,3,1,1
eclipse.pde.ui-20120217-1437,org.eclipse.pde.internal.core,PDEState,getLibraryNames,3,1,1
eclipse.pde.ui-20120217-1437,org.eclipse.pde.internal.core,PDEState,getBundleLocalization,3,1,1
eclipse.pde.ui-20120217-1437,org.eclipse.pde.internal.core,PDEState,getProject,3,1,1
eclipse.pde.ui-20120217-1437,org.eclipse.pde.internal.core,PDEState,getBundleSourceEntry,3,1,1
eclipse.pde.ui-20120217-1437,org.eclipse.pde.internal.core,PDEState,addAdditionalBundles,24,4,1
eclipse.pde.ui-20120217-1437,org.eclipse.pde.internal.core,PDEState,getTargetDirectory,3,1,0
eclipse.pde.ui-20120217-1437,org.eclipse.pde.internal.core,PDEStateHelper,getImportedBundles,7,4,1
eclipse.pde.ui-20120217-1437,org.eclipse.pde.internal.core,PluginModelDelta,PluginModelDelta,2,1,0
eclipse.pde.ui-20120217-1437,org.eclipse.pde.internal.core,PluginModelDelta,getKind,3,1,0
eclipse.pde.ui-20120217-1437,org.eclipse.pde.internal.core,PluginModelDelta,getAddedEntries,3,1,0
eclipse.pde.ui-20120217-1437,org.eclipse.pde.internal.core,PluginModelDelta,getRemovedEntries,3,1,0
eclipse.pde.ui-20120217-1437,org.eclipse.pde.internal.core,PluginModelDelta,getChangedEntries,3,1,0
eclipse.pde.ui-20120217-1437,org.eclipse.pde.internal.core,PluginModelDelta,getEntries,4,2,1
eclipse.pde.ui-20120217-1437,org.eclipse.pde.internal.core,PluginModelDelta,addEntry,14,4,2
eclipse.pde.ui-20120217-1437,org.eclipse.pde.internal.core,PluginModelDelta,addEntry,5,2,2
eclipse.pde.ui-20120217-1437,org.eclipse.pde.internal.core,PluginModelManager,UpdateClasspathsJob,3,1,0
eclipse.pde.ui-20120217-1437,org.eclipse.pde.internal.core,PluginModelManager,run,24,2,1
eclipse.pde.ui-20120217-1437,org.eclipse.pde.internal.core,PluginModelManager,add,8,2,2
eclipse.pde.ui-20120217-1437,org.eclipse.pde.internal.core,PluginModelManager,LocalModelEntry,3,1,1
eclipse.pde.ui-20120217-1437,org.eclipse.pde.internal.core,PluginModelManager,addModel,4,2,1
eclipse.pde.ui-20120217-1437,org.eclipse.pde.internal.core,PluginModelManager,removeModel,4,2,1
eclipse.pde.ui-20120217-1437,org.eclipse.pde.internal.core,PluginModelManager,PluginModelManager,6,1,0
eclipse.pde.ui-20120217-1437,org.eclipse.pde.internal.core,PluginModelManager,getInstance,6,2,0
eclipse.pde.ui-20120217-1437,org.eclipse.pde.internal.core,PluginModelManager,saveInstance,5,2,0
eclipse.pde.ui-20120217-1437,org.eclipse.pde.internal.core,PluginModelManager,shutdownInstance,5,2,0
eclipse.pde.ui-20120217-1437,org.eclipse.pde.internal.core,PluginModelManager,modelsChanged,59,18,1
eclipse.pde.ui-20120217-1437,org.eclipse.pde.internal.core,PluginModelManager,updateAffectedEntries,75,15,2
eclipse.pde.ui-20120217-1437,org.eclipse.pde.internal.core,PluginModelManager,fireDelta,7,3,1
eclipse.pde.ui-20120217-1437,org.eclipse.pde.internal.core,PluginModelManager,fireStateDelta,6,3,1
eclipse.pde.ui-20120217-1437,org.eclipse.pde.internal.core,PluginModelManager,fireStateChanged,6,3,1
eclipse.pde.ui-20120217-1437,org.eclipse.pde.internal.core,PluginModelManager,addPluginModelListener,4,3,1
eclipse.pde.ui-20120217-1437,org.eclipse.pde.internal.core,PluginModelManager,addStateDeltaListener,4,3,1
eclipse.pde.ui-20120217-1437,org.eclipse.pde.internal.core,PluginModelManager,removePluginModelListener,3,2,1
eclipse.pde.ui-20120217-1437,org.eclipse.pde.internal.core,PluginModelManager,removeStateDeltaListener,3,2,1
eclipse.pde.ui-20120217-1437,org.eclipse.pde.internal.core,PluginModelManager,isEmpty,3,1,0
eclipse.pde.ui-20120217-1437,org.eclipse.pde.internal.core,PluginModelManager,isInitialized,3,1,0
eclipse.pde.ui-20120217-1437,org.eclipse.pde.internal.core,PluginModelManager,getEntryTable,4,1,0
eclipse.pde.ui-20120217-1437,org.eclipse.pde.internal.core,PluginModelManager,initializeTable,40,9,0
eclipse.pde.ui-20120217-1437,org.eclipse.pde.internal.core,PluginModelManager,initDefaultTargetPlatformDefinition,52,11,0
eclipse.pde.ui-20120217-1437,org.eclipse.pde.internal.core,PluginModelManager,addToTable,18,5,2
eclipse.pde.ui-20120217-1437,org.eclipse.pde.internal.core,PluginModelManager,addWorkspaceBundleToState,3,1,1
eclipse.pde.ui-20120217-1437,org.eclipse.pde.internal.core,PluginModelManager,addWorkspaceBundleToState,23,8,2
eclipse.pde.ui-20120217-1437,org.eclipse.pde.internal.core,PluginModelManager,isPatchFragment,9,3,2
eclipse.pde.ui-20120217-1437,org.eclipse.pde.internal.core,PluginModelManager,handleAdd,19,5,3
eclipse.pde.ui-20120217-1437,org.eclipse.pde.internal.core,PluginModelManager,handleRemove,19,6,3
eclipse.pde.ui-20120217-1437,org.eclipse.pde.internal.core,PluginModelManager,handleChange,33,9,2
eclipse.pde.ui-20120217-1437,org.eclipse.pde.internal.core,PluginModelManager,findEntry,4,2,1
eclipse.pde.ui-20120217-1437,org.eclipse.pde.internal.core,PluginModelManager,findModel,4,1,1
eclipse.pde.ui-20120217-1437,org.eclipse.pde.internal.core,PluginModelManager,findModel,4,1,1
eclipse.pde.ui-20120217-1437,org.eclipse.pde.internal.core,PluginModelManager,findModel,4,1,1
eclipse.pde.ui-20120217-1437,org.eclipse.pde.internal.core,PluginModelManager,getActiveModels,3,1,0
eclipse.pde.ui-20120217-1437,org.eclipse.pde.internal.core,PluginModelManager,getActiveModels,13,4,1
eclipse.pde.ui-20120217-1437,org.eclipse.pde.internal.core,PluginModelManager,getAllModels,3,1,0
eclipse.pde.ui-20120217-1437,org.eclipse.pde.internal.core,PluginModelManager,getAllModels,13,4,1
eclipse.pde.ui-20120217-1437,org.eclipse.pde.internal.core,PluginModelManager,getExternalModels,4,1,0
eclipse.pde.ui-20120217-1437,org.eclipse.pde.internal.core,PluginModelManager,getWorkspaceModels,4,1,0
eclipse.pde.ui-20120217-1437,org.eclipse.pde.internal.core,PluginModelManager,getExternalModelManager,4,1,0
eclipse.pde.ui-20120217-1437,org.eclipse.pde.internal.core,PluginModelManager,getState,4,1,0
eclipse.pde.ui-20120217-1437,org.eclipse.pde.internal.core,PluginModelManager,resetState,10,4,1
eclipse.pde.ui-20120217-1437,org.eclipse.pde.internal.core,PluginModelManager,getSystemBundleId,3,1,0
eclipse.pde.ui-20120217-1437,org.eclipse.pde.internal.core,PluginModelManager,shutdown,6,3,0
eclipse.pde.ui-20120217-1437,org.eclipse.pde.internal.core,PluginModelManager,save,6,2,0
eclipse.pde.ui-20120217-1437,org.eclipse.pde.internal.core,PluginModelManager,addExtensionDeltaListener,3,1,1
eclipse.pde.ui-20120217-1437,org.eclipse.pde.internal.core,PluginModelManager,removeExtensionDeltaListener,3,1,1
eclipse.pde.ui-20120217-1437,org.eclipse.pde.internal.core,PluginModelManager,bundleRootChanged,10,2,1
eclipse.pde.ui-20120217-1437,org.eclipse.pde.internal.core,UpdateClasspathsJob,UpdateClasspathsJob,3,1,0
eclipse.pde.ui-20120217-1437,org.eclipse.pde.internal.core,UpdateClasspathsJob,run,24,2,1
eclipse.pde.ui-20120217-1437,org.eclipse.pde.internal.core,UpdateClasspathsJob,add,8,2,2
eclipse.pde.ui-20120217-1437,org.eclipse.pde.internal.core,LocalModelEntry,LocalModelEntry,3,1,1
eclipse.pde.ui-20120217-1437,org.eclipse.pde.internal.core,LocalModelEntry,addModel,4,2,1
eclipse.pde.ui-20120217-1437,org.eclipse.pde.internal.core,LocalModelEntry,removeModel,4,2,1
eclipse.pde.ui-20120217-1437,org.eclipse.pde.internal.core,PluginPathFinder,getSitePath,22,5,3
eclipse.pde.ui-20120217-1437,org.eclipse.pde.internal.core,PluginPathFinder,getSites,22,8,2
eclipse.pde.ui-20120217-1437,org.eclipse.pde.internal.core,PluginPathFinder,getPluginPaths,48,9,1
eclipse.pde.ui-20120217-1437,org.eclipse.pde.internal.core,PluginPathFinder,getPlatformFile,19,4,1
eclipse.pde.ui-20120217-1437,org.eclipse.pde.internal.core,PluginPathFinder,getFeaturePaths,21,2,1
eclipse.pde.ui-20120217-1437,org.eclipse.pde.internal.core,PluginPathFinder,getConfiguredSitesPaths,8,1,3
eclipse.pde.ui-20120217-1437,org.eclipse.pde.internal.core,PluginPathFinder,getExtensionPluginURLs,20,5,2
eclipse.pde.ui-20120217-1437,org.eclipse.pde.internal.core,PluginPathFinder,scanLocations,17,5,1
eclipse.pde.ui-20120217-1437,org.eclipse.pde.internal.core,PluginPathFinder,isDevLaunchMode,8,4,0
eclipse.pde.ui-20120217-1437,org.eclipse.pde.internal.core,PreferenceInitializer,initializeDefaultPreferences,63,2,0
eclipse.pde.ui-20120217-1437,org.eclipse.pde.internal.core,RequiredPluginsClasspathContainer,RequiredPluginsClasspathContainer,3,1,1
eclipse.pde.ui-20120217-1437,org.eclipse.pde.internal.core,RequiredPluginsClasspathContainer,RequiredPluginsClasspathContainer,4,1,2
eclipse.pde.ui-20120217-1437,org.eclipse.pde.internal.core,RequiredPluginsClasspathContainer,getKind,3,1,0
eclipse.pde.ui-20120217-1437,org.eclipse.pde.internal.core,RequiredPluginsClasspathContainer,getPath,3,1,0
eclipse.pde.ui-20120217-1437,org.eclipse.pde.internal.core,RequiredPluginsClasspathContainer,getDescription,3,1,0
eclipse.pde.ui-20120217-1437,org.eclipse.pde.internal.core,RequiredPluginsClasspathContainer,getClasspathEntries,20,6,0
eclipse.pde.ui-20120217-1437,org.eclipse.pde.internal.core,RequiredPluginsClasspathContainer,computePluginEntries,44,13,0
eclipse.pde.ui-20120217-1437,org.eclipse.pde.internal.core,RequiredPluginsClasspathContainer,retrieveVisiblePackagesFromState,7,2,1
eclipse.pde.ui-20120217-1437,org.eclipse.pde.internal.core,RequiredPluginsClasspathContainer,addVisiblePackagesFromState,15,6,3
eclipse.pde.ui-20120217-1437,org.eclipse.pde.internal.core,RequiredPluginsClasspathContainer,getRule,7,1,3
eclipse.pde.ui-20120217-1437,org.eclipse.pde.internal.core,RequiredPluginsClasspathContainer,addDependencyViaImportPackage,10,5,4
eclipse.pde.ui-20120217-1437,org.eclipse.pde.internal.core,RequiredPluginsClasspathContainer,addDependency,3,1,4
eclipse.pde.ui-20120217-1437,org.eclipse.pde.internal.core,RequiredPluginsClasspathContainer,addDependency,21,8,5
eclipse.pde.ui-20120217-1437,org.eclipse.pde.internal.core,RequiredPluginsClasspathContainer,addPlugin,13,3,4
eclipse.pde.ui-20120217-1437,org.eclipse.pde.internal.core,RequiredPluginsClasspathContainer,getInclusions,8,3,2
eclipse.pde.ui-20120217-1437,org.eclipse.pde.internal.core,RequiredPluginsClasspathContainer,getInclusions,4,1,2
eclipse.pde.ui-20120217-1437,org.eclipse.pde.internal.core,RequiredPluginsClasspathContainer,addHostPlugin,19,6,4
eclipse.pde.ui-20120217-1437,org.eclipse.pde.internal.core,RequiredPluginsClasspathContainer,hasExtensibleAPI,4,1,1
eclipse.pde.ui-20120217-1437,org.eclipse.pde.internal.core,RequiredPluginsClasspathContainer,addExtraClasspathEntries,9,3,2
eclipse.pde.ui-20120217-1437,org.eclipse.pde.internal.core,RequiredPluginsClasspathContainer,addExtraClasspathEntries,50,13,3
eclipse.pde.ui-20120217-1437,org.eclipse.pde.internal.core,RequiredPluginsClasspathContainer,addSecondaryDependencies,24,6,3
eclipse.pde.ui-20120217-1437,org.eclipse.pde.internal.core,RequiredPluginsClasspathContainer,findExportedPackages,23,7,3
eclipse.pde.ui-20120217-1437,org.eclipse.pde.internal.core,RequiredPluginsClasspathContainer,restrictPackage,11,4,2
eclipse.pde.ui-20120217-1437,org.eclipse.pde.internal.core,RequiredPluginsClasspathContainer,addExtraLibrary,16,5,3
eclipse.pde.ui-20120217-1437,org.eclipse.pde.internal.core,RequiredPluginsInitializer,initialize,5,1,2
eclipse.pde.ui-20120217-1437,org.eclipse.pde.internal.core,RequiredPluginsInitializer,getComparisonID,4,2,2
eclipse.pde.ui-20120217-1437,org.eclipse.pde.internal.core,RequiredPluginsInitializer,getDescription,3,1,2
eclipse.pde.ui-20120217-1437,org.eclipse.pde.internal.core,RequiredPluginsInitializer,getSourceAttachmentStatus,3,1,2
eclipse.pde.ui-20120217-1437,org.eclipse.pde.internal.core,RequiredPluginsInitializer,canUpdateClasspathContainer,3,1,2
eclipse.pde.ui-20120217-1437,org.eclipse.pde.internal.core,RequiredPluginsInitializer,requestClasspathContainerUpdate,3,1,3
eclipse.pde.ui-20120217-1437,org.eclipse.pde.internal.core,SearchablePluginsManager,elementChanged,5,2,1
eclipse.pde.ui-20120217-1437,org.eclipse.pde.internal.core,SearchablePluginsManager,handleDelta,25,9,1
eclipse.pde.ui-20120217-1437,org.eclipse.pde.internal.core,SearchablePluginsManager,SearchablePluginsManager,6,1,0
eclipse.pde.ui-20120217-1437,org.eclipse.pde.internal.core,SearchablePluginsManager,initializeStates,25,5,0
eclipse.pde.ui-20120217-1437,org.eclipse.pde.internal.core,SearchablePluginsManager,getProxyProject,12,2,0
eclipse.pde.ui-20120217-1437,org.eclipse.pde.internal.core,SearchablePluginsManager,shutdown,5,2,0
eclipse.pde.ui-20120217-1437,org.eclipse.pde.internal.core,SearchablePluginsManager,computeContainerClasspathEntries,40,13,0
eclipse.pde.ui-20120217-1437,org.eclipse.pde.internal.core,SearchablePluginsManager,createAdapterChild,9,4,2
eclipse.pde.ui-20120217-1437,org.eclipse.pde.internal.core,SearchablePluginsManager,findPackageFragmentRoot,31,7,1
eclipse.pde.ui-20120217-1437,org.eclipse.pde.internal.core,SearchablePluginsManager,checkForProxyProject,9,2,0
eclipse.pde.ui-20120217-1437,org.eclipse.pde.internal.core,SearchablePluginsManager,addToJavaSearch,16,5,1
eclipse.pde.ui-20120217-1437,org.eclipse.pde.internal.core,SearchablePluginsManager,removeFromJavaSearch,17,5,1
eclipse.pde.ui-20120217-1437,org.eclipse.pde.internal.core,SearchablePluginsManager,removeAllFromJavaSearch,15,4,0
eclipse.pde.ui-20120217-1437,org.eclipse.pde.internal.core,SearchablePluginsManager,isInJavaSearch,3,1,1
eclipse.pde.ui-20120217-1437,org.eclipse.pde.internal.core,SearchablePluginsManager,resetContainer,10,2,0
eclipse.pde.ui-20120217-1437,org.eclipse.pde.internal.core,SearchablePluginsManager,modelsChanged,9,3,1
eclipse.pde.ui-20120217-1437,org.eclipse.pde.internal.core,SearchablePluginsManager,fireDelta,7,3,1
eclipse.pde.ui-20120217-1437,org.eclipse.pde.internal.core,SearchablePluginsManager,addPluginModelListener,4,3,1
eclipse.pde.ui-20120217-1437,org.eclipse.pde.internal.core,SearchablePluginsManager,removePluginModelListener,3,2,1
eclipse.pde.ui-20120217-1437,org.eclipse.pde.internal.core,SearchablePluginsManager,doneSaving,2,1,1
eclipse.pde.ui-20120217-1437,org.eclipse.pde.internal.core,SearchablePluginsManager,prepareToSave,2,1,1
eclipse.pde.ui-20120217-1437,org.eclipse.pde.internal.core,SearchablePluginsManager,rollback,2,1,1
eclipse.pde.ui-20120217-1437,org.eclipse.pde.internal.core,SearchablePluginsManager,saving,29,6,1
eclipse.pde.ui-20120217-1437,org.eclipse.pde.internal.core,SearchablePluginsManager,createProxyProject,18,3,1
eclipse.pde.ui-20120217-1437,org.eclipse.pde.internal.core,SearchablePluginsManager,computeClasspath,10,1,2
eclipse.pde.ui-20120217-1437,org.eclipse.pde.internal.core,Listener,elementChanged,5,2,1
eclipse.pde.ui-20120217-1437,org.eclipse.pde.internal.core,Listener,handleDelta,25,9,1
eclipse.pde.ui-20120217-1437,org.eclipse.pde.internal.core,SourceLocation,SourceLocation,3,1,1
eclipse.pde.ui-20120217-1437,org.eclipse.pde.internal.core,SourceLocation,getPath,3,1,0
eclipse.pde.ui-20120217-1437,org.eclipse.pde.internal.core,SourceLocation,setPath,3,1,1
eclipse.pde.ui-20120217-1437,org.eclipse.pde.internal.core,SourceLocation,isUserDefined,3,1,0
eclipse.pde.ui-20120217-1437,org.eclipse.pde.internal.core,SourceLocation,setUserDefined,3,1,1
eclipse.pde.ui-20120217-1437,org.eclipse.pde.internal.core,SourceLocation,toString,3,1,0
eclipse.pde.ui-20120217-1437,org.eclipse.pde.internal.core,SourceLocation,equals,7,2,1
eclipse.pde.ui-20120217-1437,org.eclipse.pde.internal.core,SourceLocation,hashCode,3,1,0
eclipse.pde.ui-20120217-1437,org.eclipse.pde.internal.core,SourceLocationKey,SourceLocationKey,4,1,2
eclipse.pde.ui-20120217-1437,org.eclipse.pde.internal.core,SourceLocationKey,SourceLocationKey,3,1,1
eclipse.pde.ui-20120217-1437,org.eclipse.pde.internal.core,SourceLocationKey,equals,12,4,1
eclipse.pde.ui-20120217-1437,org.eclipse.pde.internal.core,SourceLocationKey,hashCode,9,2,0
eclipse.pde.ui-20120217-1437,org.eclipse.pde.internal.core,SourceLocationManager,findSourcePath,14,4,2
eclipse.pde.ui-20120217-1437,org.eclipse.pde.internal.core,SourceLocationManager,findSourceFile,28,5,2
eclipse.pde.ui-20120217-1437,org.eclipse.pde.internal.core,SourceLocationManager,findSourcePlugin,7,2,1
eclipse.pde.ui-20120217-1437,org.eclipse.pde.internal.core,SourceLocationManager,hasBundleManifestLocation,6,2,1
eclipse.pde.ui-20120217-1437,org.eclipse.pde.internal.core,SourceLocationManager,findAllSourceRootsInSourceLocation,6,2,1
eclipse.pde.ui-20120217-1437,org.eclipse.pde.internal.core,SourceLocationManager,findSourceRoots,6,2,1
eclipse.pde.ui-20120217-1437,org.eclipse.pde.internal.core,SourceLocationManager,reset,4,1,0
eclipse.pde.ui-20120217-1437,org.eclipse.pde.internal.core,SourceLocationManager,getUserLocations,8,2,0
eclipse.pde.ui-20120217-1437,org.eclipse.pde.internal.core,SourceLocationManager,getExtensionLocations,6,2,0
eclipse.pde.ui-20120217-1437,org.eclipse.pde.internal.core,SourceLocationManager,getBundleManifestLocations,3,1,0
eclipse.pde.ui-20120217-1437,org.eclipse.pde.internal.core,SourceLocationManager,getBundleManifestLocation,3,1,2
eclipse.pde.ui-20120217-1437,org.eclipse.pde.internal.core,SourceLocationManager,getBundleManifestLocator,6,2,0
eclipse.pde.ui-20120217-1437,org.eclipse.pde.internal.core,SourceLocationManager,getRelativePath,16,3,2
eclipse.pde.ui-20120217-1437,org.eclipse.pde.internal.core,SourceLocationManager,searchUserSpecifiedLocations,12,3,1
eclipse.pde.ui-20120217-1437,org.eclipse.pde.internal.core,SourceLocationManager,searchExtensionLocations,12,3,1
eclipse.pde.ui-20120217-1437,org.eclipse.pde.internal.core,SourceLocationManager,searchBundleManifestLocations,7,2,1
eclipse.pde.ui-20120217-1437,org.eclipse.pde.internal.core,SourceLocationManager,parseSavedSourceLocations,9,3,2
eclipse.pde.ui-20120217-1437,org.eclipse.pde.internal.core,SourceLocationManager,parseSourceLocation,14,2,1
eclipse.pde.ui-20120217-1437,org.eclipse.pde.internal.core,SourceLocationManager,processExtensions,33,10,0
eclipse.pde.ui-20120217-1437,org.eclipse.pde.internal.core,SourceLocationManager,initializeBundleManifestLocations,5,1,0
eclipse.pde.ui-20120217-1437,org.eclipse.pde.internal.core,TargetDefinitionManager,registryChanged,12,4,1
eclipse.pde.ui-20120217-1437,org.eclipse.pde.internal.core,TargetDefinitionManager,getTargets,4,2,0
eclipse.pde.ui-20120217-1437,org.eclipse.pde.internal.core,TargetDefinitionManager,getSortedTargets,19,2,0
eclipse.pde.ui-20120217-1437,org.eclipse.pde.internal.core,TargetDefinitionManager,compare,5,1,2
eclipse.pde.ui-20120217-1437,org.eclipse.pde.internal.core,TargetDefinitionManager,getString,6,1,1
eclipse.pde.ui-20120217-1437,org.eclipse.pde.internal.core,TargetDefinitionManager,getTarget,4,2,1
eclipse.pde.ui-20120217-1437,org.eclipse.pde.internal.core,TargetDefinitionManager,loadElements,7,1,0
eclipse.pde.ui-20120217-1437,org.eclipse.pde.internal.core,TargetDefinitionManager,isValid,16,4,1
eclipse.pde.ui-20120217-1437,org.eclipse.pde.internal.core,TargetDefinitionManager,getResourceURL,12,3,2
eclipse.pde.ui-20120217-1437,org.eclipse.pde.internal.core,TargetDefinitionManager,add,9,3,1
eclipse.pde.ui-20120217-1437,org.eclipse.pde.internal.core,TargetDefinitionManager,remove,5,2,1
eclipse.pde.ui-20120217-1437,org.eclipse.pde.internal.core,TargetDefinitionManager,shutdown,4,1,0
eclipse.pde.ui-20120217-1437,org.eclipse.pde.internal.core,TargetPDERegistryStrategy,TargetPDERegistryStrategy,3,1,4
eclipse.pde.ui-20120217-1437,org.eclipse.pde.internal.core,TargetPDERegistryStrategy,init,2,1,0
eclipse.pde.ui-20120217-1437,org.eclipse.pde.internal.core,TargetPlatformHelper,getConfigIniProperties,24,3,0
eclipse.pde.ui-20120217-1437,org.eclipse.pde.internal.core,TargetPlatformHelper,getBundleList,11,2,0
eclipse.pde.ui-20120217-1437,org.eclipse.pde.internal.core,TargetPlatformHelper,getDefaultBundleList,13,2,0
eclipse.pde.ui-20120217-1437,org.eclipse.pde.internal.core,TargetPlatformHelper,stripPathInformation,35,12,1
eclipse.pde.ui-20120217-1437,org.eclipse.pde.internal.core,TargetPlatformHelper,getSymbolicName,20,5,1
eclipse.pde.ui-20120217-1437,org.eclipse.pde.internal.core,TargetPlatformHelper,checkPluginPropertiesConsistency,13,4,2
eclipse.pde.ui-20120217-1437,org.eclipse.pde.internal.core,TargetPlatformHelper,hasChanged,15,6,2
eclipse.pde.ui-20120217-1437,org.eclipse.pde.internal.core,TargetPlatformHelper,getApplicationNameSet,16,4,0
eclipse.pde.ui-20120217-1437,org.eclipse.pde.internal.core,TargetPlatformHelper,getApplicationNames,4,1,0
eclipse.pde.ui-20120217-1437,org.eclipse.pde.internal.core,TargetPlatformHelper,getProductNameSet,12,5,0
eclipse.pde.ui-20120217-1437,org.eclipse.pde.internal.core,TargetPlatformHelper,getProductNames,4,1,0
eclipse.pde.ui-20120217-1437,org.eclipse.pde.internal.core,TargetPlatformHelper,getTargetEnvironment,10,1,0
eclipse.pde.ui-20120217-1437,org.eclipse.pde.internal.core,TargetPlatformHelper,getTargetEnvironment,5,1,1
eclipse.pde.ui-20120217-1437,org.eclipse.pde.internal.core,TargetPlatformHelper,getPlatformProperties,20,8,2
eclipse.pde.ui-20120217-1437,org.eclipse.pde.internal.core,TargetPlatformHelper,getKnownExecutionEnvironments,13,4,0
eclipse.pde.ui-20120217-1437,org.eclipse.pde.internal.core,TargetPlatformHelper,getTargetVersionString,18,10,0
eclipse.pde.ui-20120217-1437,org.eclipse.pde.internal.core,TargetPlatformHelper,getTargetVersion,3,1,0
eclipse.pde.ui-20120217-1437,org.eclipse.pde.internal.core,TargetPlatformHelper,getSchemaVersionForTargetVersion,17,4,1
eclipse.pde.ui-20120217-1437,org.eclipse.pde.internal.core,TargetPlatformHelper,getTargetVersionForSchemaVersion,12,4,1
eclipse.pde.ui-20120217-1437,org.eclipse.pde.internal.core,TargetPlatformHelper,getSchemaVersion,3,1,0
eclipse.pde.ui-20120217-1437,org.eclipse.pde.internal.core,TargetPlatformHelper,getPDEState,3,1,0
eclipse.pde.ui-20120217-1437,org.eclipse.pde.internal.core,TargetPlatformHelper,getState,3,1,0
eclipse.pde.ui-20120217-1437,org.eclipse.pde.internal.core,TargetPlatformHelper,getPatchMap,16,5,1
eclipse.pde.ui-20120217-1437,org.eclipse.pde.internal.core,TargetPlatformHelper,getBundleClasspaths,8,2,1
eclipse.pde.ui-20120217-1437,org.eclipse.pde.internal.core,TargetPlatformHelper,getValue,20,5,2
eclipse.pde.ui-20120217-1437,org.eclipse.pde.internal.core,TargetPlatformHelper,getFeaturePaths,9,3,0
eclipse.pde.ui-20120217-1437,org.eclipse.pde.internal.core,TargetPlatformHelper,matchesCurrentEnvironment,12,1,1
eclipse.pde.ui-20120217-1437,org.eclipse.pde.internal.core,TargetPlatformHelper,usesNewApplicationModel,3,1,0
eclipse.pde.ui-20120217-1437,org.eclipse.pde.internal.core,TargetPlatformHelper,getIniVMArgs,33,8,0
eclipse.pde.ui-20120217-1437,org.eclipse.pde.internal.core,TargetPlatformResetJob,TargetPlatformResetJob,5,1,1
eclipse.pde.ui-20120217-1437,org.eclipse.pde.internal.core,TargetPlatformResetJob,run,14,1,1
eclipse.pde.ui-20120217-1437,org.eclipse.pde.internal.core,TargetPlatformResetJob,removeDisabledBundles,10,4,1
eclipse.pde.ui-20120217-1437,org.eclipse.pde.internal.core,TargetPreferenceModifyListener,visit,29,3,1
eclipse.pde.ui-20120217-1437,org.eclipse.pde.internal.core,TargetPreferenceModifyListener,preApply,9,1,1
eclipse.pde.ui-20120217-1437,org.eclipse.pde.internal.core,Visitor,visit,29,3,1
eclipse.pde.ui-20120217-1437,org.eclipse.pde.internal.core,TargetWeaver,getDevProperties,40,7,0
eclipse.pde.ui-20120217-1437,org.eclipse.pde.internal.core,TargetWeaver,weaveManifest,16,5,1
eclipse.pde.ui-20120217-1437,org.eclipse.pde.internal.core,TargetWeaver,weaveDevProperties,13,4,1
eclipse.pde.ui-20120217-1437,org.eclipse.pde.internal.core,TargetWeaver,getWeavedSourceLibraryName,16,5,2
eclipse.pde.ui-20120217-1437,org.eclipse.pde.internal.core,TracingOptionsManager,TracingOptionsManager,3,1,0
eclipse.pde.ui-20120217-1437,org.eclipse.pde.internal.core,TracingOptionsManager,createTemplate,7,2,0
eclipse.pde.ui-20120217-1437,org.eclipse.pde.internal.core,TracingOptionsManager,addToTemplate,9,4,1
eclipse.pde.ui-20120217-1437,org.eclipse.pde.internal.core,TracingOptionsManager,getTemplateTable,11,4,1
eclipse.pde.ui-20120217-1437,org.eclipse.pde.internal.core,TracingOptionsManager,belongsTo,5,1,2
eclipse.pde.ui-20120217-1437,org.eclipse.pde.internal.core,TracingOptionsManager,getTracingOptions,13,4,1
eclipse.pde.ui-20120217-1437,org.eclipse.pde.internal.core,TracingOptionsManager,getTracingTemplateCopy,4,2,0
eclipse.pde.ui-20120217-1437,org.eclipse.pde.internal.core,TracingOptionsManager,isTraceable,28,6,1
eclipse.pde.ui-20120217-1437,org.eclipse.pde.internal.core,TracingOptionsManager,reset,3,1,0
eclipse.pde.ui-20120217-1437,org.eclipse.pde.internal.core,TracingOptionsManager,save,19,2,2
eclipse.pde.ui-20120217-1437,org.eclipse.pde.internal.core,TracingOptionsManager,save,11,3,3
eclipse.pde.ui-20120217-1437,org.eclipse.pde.internal.core,TracingOptionsManager,save,3,1,2
eclipse.pde.ui-20120217-1437,org.eclipse.pde.internal.core,TracingOptionsManager,getOptions,41,8,1
eclipse.pde.ui-20120217-1437,org.eclipse.pde.internal.core,UpdateManagerHelper,LocalSite,5,2,1
eclipse.pde.ui-20120217-1437,org.eclipse.pde.internal.core,UpdateManagerHelper,getPath,3,1,0
eclipse.pde.ui-20120217-1437,org.eclipse.pde.internal.core,UpdateManagerHelper,getURL,3,1,0
eclipse.pde.ui-20120217-1437,org.eclipse.pde.internal.core,UpdateManagerHelper,add,3,1,1
eclipse.pde.ui-20120217-1437,org.eclipse.pde.internal.core,UpdateManagerHelper,getRelativePluginList,10,3,0
eclipse.pde.ui-20120217-1437,org.eclipse.pde.internal.core,UpdateManagerHelper,createPlatformConfiguration,19,4,3
eclipse.pde.ui-20120217-1437,org.eclipse.pde.internal.core,UpdateManagerHelper,addToSite,13,4,3
eclipse.pde.ui-20120217-1437,org.eclipse.pde.internal.core,UpdateManagerHelper,createConfigurationEntries,11,2,2
eclipse.pde.ui-20120217-1437,org.eclipse.pde.internal.core,UpdateManagerHelper,createFeatureEntries,9,2,2
eclipse.pde.ui-20120217-1437,org.eclipse.pde.internal.core,LocalSite,LocalSite,5,2,1
eclipse.pde.ui-20120217-1437,org.eclipse.pde.internal.core,LocalSite,getPath,3,1,0
eclipse.pde.ui-20120217-1437,org.eclipse.pde.internal.core,LocalSite,getURL,3,1,0
eclipse.pde.ui-20120217-1437,org.eclipse.pde.internal.core,LocalSite,add,3,1,1
eclipse.pde.ui-20120217-1437,org.eclipse.pde.internal.core,LocalSite,getRelativePluginList,10,3,0
eclipse.pde.ui-20120217-1437,org.eclipse.pde.internal.core,WorkspaceFeatureModelManager,isInterestingProject,3,1,1
eclipse.pde.ui-20120217-1437,org.eclipse.pde.internal.core,WorkspaceFeatureModelManager,createModel,10,4,2
eclipse.pde.ui-20120217-1437,org.eclipse.pde.internal.core,WorkspaceFeatureModelManager,handleFileDelta,19,5,1
eclipse.pde.ui-20120217-1437,org.eclipse.pde.internal.core,WorkspaceFeatureModelManager,addListeners,4,1,0
eclipse.pde.ui-20120217-1437,org.eclipse.pde.internal.core,WorkspaceFeatureModelManager,removeListeners,4,1,0
eclipse.pde.ui-20120217-1437,org.eclipse.pde.internal.core,WorkspaceFeatureModelManager,getFeatureModels,4,1,0
eclipse.pde.ui-20120217-1437,org.eclipse.pde.internal.core,WorkspaceFeatureModelManager,getFeatureModel,3,1,1
eclipse.pde.ui-20120217-1437,org.eclipse.pde.internal.core,WorkspaceModelManager,isPluginProject,4,2,1
eclipse.pde.ui-20120217-1437,org.eclipse.pde.internal.core,WorkspaceModelManager,isFeatureProject,3,1,1
eclipse.pde.ui-20120217-1437,org.eclipse.pde.internal.core,WorkspaceModelManager,isBinaryProject,15,3,1
eclipse.pde.ui-20120217-1437,org.eclipse.pde.internal.core,WorkspaceModelManager,isUnsharedProject,3,1,1
eclipse.pde.ui-20120217-1437,org.eclipse.pde.internal.core,WorkspaceModelManager,ModelChange,4,1,2
eclipse.pde.ui-20120217-1437,org.eclipse.pde.internal.core,WorkspaceModelManager,equals,9,2,1
eclipse.pde.ui-20120217-1437,org.eclipse.pde.internal.core,WorkspaceModelManager,initialize,9,4,0
eclipse.pde.ui-20120217-1437,org.eclipse.pde.internal.core,WorkspaceModelManager,isInterestingProject,0,1,1
eclipse.pde.ui-20120217-1437,org.eclipse.pde.internal.core,WorkspaceModelManager,createModel,0,1,2
eclipse.pde.ui-20120217-1437,org.eclipse.pde.internal.core,WorkspaceModelManager,addListeners,0,1,0
eclipse.pde.ui-20120217-1437,org.eclipse.pde.internal.core,WorkspaceModelManager,getModel,4,1,1
eclipse.pde.ui-20120217-1437,org.eclipse.pde.internal.core,WorkspaceModelManager,getModels,4,1,0
eclipse.pde.ui-20120217-1437,org.eclipse.pde.internal.core,WorkspaceModelManager,resourceChanged,12,3,1
eclipse.pde.ui-20120217-1437,org.eclipse.pde.internal.core,WorkspaceModelManager,handleResourceDelta,8,1,1
eclipse.pde.ui-20120217-1437,org.eclipse.pde.internal.core,WorkspaceModelManager,visit,32,10,1
eclipse.pde.ui-20120217-1437,org.eclipse.pde.internal.core,WorkspaceModelManager,isContentChange,4,1,1
eclipse.pde.ui-20120217-1437,org.eclipse.pde.internal.core,WorkspaceModelManager,isInterestingFolder,3,1,1
eclipse.pde.ui-20120217-1437,org.eclipse.pde.internal.core,WorkspaceModelManager,handleFileDelta,0,1,1
eclipse.pde.ui-20120217-1437,org.eclipse.pde.internal.core,WorkspaceModelManager,removeModel,5,1,1
eclipse.pde.ui-20120217-1437,org.eclipse.pde.internal.core,WorkspaceModelManager,addChange,7,4,2
eclipse.pde.ui-20120217-1437,org.eclipse.pde.internal.core,WorkspaceModelManager,processModelChanges,4,1,0
eclipse.pde.ui-20120217-1437,org.eclipse.pde.internal.core,WorkspaceModelManager,processModelChanges,29,11,2
eclipse.pde.ui-20120217-1437,org.eclipse.pde.internal.core,WorkspaceModelManager,loadModel,20,3,2
eclipse.pde.ui-20120217-1437,org.eclipse.pde.internal.core,WorkspaceModelManager,createAndFireEvent,6,2,5
eclipse.pde.ui-20120217-1437,org.eclipse.pde.internal.core,ModelChange,ModelChange,4,1,2
eclipse.pde.ui-20120217-1437,org.eclipse.pde.internal.core,ModelChange,equals,9,2,1
eclipse.pde.ui-20120217-1437,org.eclipse.pde.internal.core,WorkspacePluginModelManager,isInterestingProject,3,1,1
eclipse.pde.ui-20120217-1437,org.eclipse.pde.internal.core,WorkspacePluginModelManager,createModel,37,10,2
eclipse.pde.ui-20120217-1437,org.eclipse.pde.internal.core,WorkspacePluginModelManager,handleFileDelta,31,9,1
eclipse.pde.ui-20120217-1437,org.eclipse.pde.internal.core,WorkspacePluginModelManager,handleEclipseSchemaDelta,39,8,2
eclipse.pde.ui-20120217-1437,org.eclipse.pde.internal.core,WorkspacePluginModelManager,recreateSchemaPreviewFileContents,8,1,2
eclipse.pde.ui-20120217-1437,org.eclipse.pde.internal.core,WorkspacePluginModelManager,handleExtensionFileDelta,44,9,2
eclipse.pde.ui-20120217-1437,org.eclipse.pde.internal.core,WorkspacePluginModelManager,handleBundleManifestDelta,29,7,2
eclipse.pde.ui-20120217-1437,org.eclipse.pde.internal.core,WorkspacePluginModelManager,removeModel,8,3,1
eclipse.pde.ui-20120217-1437,org.eclipse.pde.internal.core,WorkspacePluginModelManager,getPluginModel,3,1,1
eclipse.pde.ui-20120217-1437,org.eclipse.pde.internal.core,WorkspacePluginModelManager,getPluginModels,4,1,0
eclipse.pde.ui-20120217-1437,org.eclipse.pde.internal.core,WorkspacePluginModelManager,addListeners,5,1,0
eclipse.pde.ui-20120217-1437,org.eclipse.pde.internal.core,WorkspacePluginModelManager,removeListeners,6,2,0
eclipse.pde.ui-20120217-1437,org.eclipse.pde.internal.core,WorkspacePluginModelManager,isInterestingFolder,14,4,1
eclipse.pde.ui-20120217-1437,org.eclipse.pde.internal.core,WorkspacePluginModelManager,initializeModels,12,4,1
eclipse.pde.ui-20120217-1437,org.eclipse.pde.internal.core,WorkspacePluginModelManager,getPluginPaths,17,4,0
eclipse.pde.ui-20120217-1437,org.eclipse.pde.internal.core,WorkspacePluginModelManager,addExtensionDeltaListener,3,2,1
eclipse.pde.ui-20120217-1437,org.eclipse.pde.internal.core,WorkspacePluginModelManager,removeExtensionDeltaListener,3,1,1
eclipse.pde.ui-20120217-1437,org.eclipse.pde.internal.core,WorkspacePluginModelManager,fireExtensionDeltaEvent,5,2,1
eclipse.pde.ui-20120217-1437,org.eclipse.pde.internal.core,WorkspacePluginModelManager,processModelChanges,5,1,0
eclipse.pde.ui-20120217-1437,org.eclipse.pde.internal.core,WorkspacePluginModelManager,createAndFireEvent,7,2,5
eclipse.pde.ui-20120217-1437,org.eclipse.pde.internal.core,WorkspacePluginModelManager,addExtensionChange,5,2,2
eclipse.pde.ui-20120217-1437,org.eclipse.pde.internal.core,XMLCopyrightHandler,XMLCopyrightHandler,3,1,1
eclipse.pde.ui-20120217-1437,org.eclipse.pde.internal.core,XMLCopyrightHandler,comment,5,2,3
eclipse.pde.ui-20120217-1437,org.eclipse.pde.internal.core,XMLCopyrightHandler,endCDATA,2,1,0
eclipse.pde.ui-20120217-1437,org.eclipse.pde.internal.core,XMLCopyrightHandler,endDTD,2,1,0
eclipse.pde.ui-20120217-1437,org.eclipse.pde.internal.core,XMLCopyrightHandler,endEntity,2,1,1
eclipse.pde.ui-20120217-1437,org.eclipse.pde.internal.core,XMLCopyrightHandler,startCDATA,2,1,0
eclipse.pde.ui-20120217-1437,org.eclipse.pde.internal.core,XMLCopyrightHandler,startDTD,2,1,3
eclipse.pde.ui-20120217-1437,org.eclipse.pde.internal.core,XMLCopyrightHandler,startEntity,2,1,1
eclipse.pde.ui-20120217-1437,org.eclipse.pde.internal.core,XMLCopyrightHandler,getCopyright,3,1,0
eclipse.pde.ui-20120217-1437,org.eclipse.pde.internal.core,XMLDefaultHandler,XMLDefaultHandler,2,1,0
eclipse.pde.ui-20120217-1437,org.eclipse.pde.internal.core,XMLDefaultHandler,XMLDefaultHandler,3,1,1
eclipse.pde.ui-20120217-1437,org.eclipse.pde.internal.core,XMLDefaultHandler,startElement,10,4,4
eclipse.pde.ui-20120217-1437,org.eclipse.pde.internal.core,XMLDefaultHandler,endElement,3,2,3
eclipse.pde.ui-20120217-1437,org.eclipse.pde.internal.core,XMLDefaultHandler,setDocumentLocator,2,1,1
eclipse.pde.ui-20120217-1437,org.eclipse.pde.internal.core,XMLDefaultHandler,startDocument,8,1,0
eclipse.pde.ui-20120217-1437,org.eclipse.pde.internal.core,XMLDefaultHandler,endDocument,3,2,0
eclipse.pde.ui-20120217-1437,org.eclipse.pde.internal.core,XMLDefaultHandler,processingInstruction,3,2,2
eclipse.pde.ui-20120217-1437,org.eclipse.pde.internal.core,XMLDefaultHandler,characters,10,4,3
eclipse.pde.ui-20120217-1437,org.eclipse.pde.internal.core,XMLDefaultHandler,getDocumentElement,5,2,0
eclipse.pde.ui-20120217-1437,org.eclipse.pde.internal.core,XMLDefaultHandler,getDocument,5,2,0
eclipse.pde.ui-20120217-1437,org.eclipse.pde.internal.core,XMLDefaultHandler,isPrepared,3,1,0
eclipse.pde.ui-20120217-1437,org.eclipse.pde.internal.core,XMLDefaultHandler,normalizeDocumentElement,3,2,0
eclipse.pde.ui-20120217-1437,org.eclipse.pde.internal.core,XMLDefaultHandler,resolveEntity,3,1,2
eclipse.pde.ui-20120217-1437,org.eclipse.pde.internal.core,XMLPrintHandler,generateIndent,7,2,1
eclipse.pde.ui-20120217-1437,org.eclipse.pde.internal.core,XMLPrintHandler,printBeginElement,9,2,4
eclipse.pde.ui-20120217-1437,org.eclipse.pde.internal.core,XMLPrintHandler,printEndElement,6,1,3
eclipse.pde.ui-20120217-1437,org.eclipse.pde.internal.core,XMLPrintHandler,printText,6,1,3
eclipse.pde.ui-20120217-1437,org.eclipse.pde.internal.core,XMLPrintHandler,printComment,7,1,3
eclipse.pde.ui-20120217-1437,org.eclipse.pde.internal.core,XMLPrintHandler,printHead,5,1,2
eclipse.pde.ui-20120217-1437,org.eclipse.pde.internal.core,XMLPrintHandler,wrapAttributeForPrint,5,1,2
eclipse.pde.ui-20120217-1437,org.eclipse.pde.internal.core,XMLPrintHandler,wrapAttribute,9,1,2
eclipse.pde.ui-20120217-1437,org.eclipse.pde.internal.core,XMLPrintHandler,printNode,39,9,4
eclipse.pde.ui-20120217-1437,org.eclipse.pde.internal.core,XMLPrintHandler,encode,27,7,1
eclipse.pde.ui-20120217-1437,org.eclipse.pde.internal.core,XMLPrintHandler,writeFile,21,3,2
eclipse.pde.ui-20120217-1437,org.eclipse.pde.internal.core.build,Build,add,6,1,1
eclipse.pde.ui-20120217-1437,org.eclipse.pde.internal.core.build,Build,getBuildEntries,3,1,0
eclipse.pde.ui-20120217-1437,org.eclipse.pde.internal.core.build,Build,getEntry,7,3,1
eclipse.pde.ui-20120217-1437,org.eclipse.pde.internal.core.build,Build,processEntry,5,1,2
eclipse.pde.ui-20120217-1437,org.eclipse.pde.internal.core.build,Build,remove,5,1,1
eclipse.pde.ui-20120217-1437,org.eclipse.pde.internal.core.build,Build,reset,3,1,0
eclipse.pde.ui-20120217-1437,org.eclipse.pde.internal.core.build,Build,write,6,2,2
eclipse.pde.ui-20120217-1437,org.eclipse.pde.internal.core.build,BuildEntry,BuildEntry,3,1,1
eclipse.pde.ui-20120217-1437,org.eclipse.pde.internal.core.build,BuildEntry,addToken,5,1,1
eclipse.pde.ui-20120217-1437,org.eclipse.pde.internal.core.build,BuildEntry,getName,3,1,0
eclipse.pde.ui-20120217-1437,org.eclipse.pde.internal.core.build,BuildEntry,getTokens,5,1,0
eclipse.pde.ui-20120217-1437,org.eclipse.pde.internal.core.build,BuildEntry,contains,3,1,1
eclipse.pde.ui-20120217-1437,org.eclipse.pde.internal.core.build,BuildEntry,processEntry,10,2,1
eclipse.pde.ui-20120217-1437,org.eclipse.pde.internal.core.build,BuildEntry,removeToken,5,1,1
eclipse.pde.ui-20120217-1437,org.eclipse.pde.internal.core.build,BuildEntry,renameToken,10,3,2
eclipse.pde.ui-20120217-1437,org.eclipse.pde.internal.core.build,BuildEntry,setName,6,1,1
eclipse.pde.ui-20120217-1437,org.eclipse.pde.internal.core.build,BuildEntry,toString,3,1,0
eclipse.pde.ui-20120217-1437,org.eclipse.pde.internal.core.build,BuildEntry,write,13,3,2
eclipse.pde.ui-20120217-1437,org.eclipse.pde.internal.core.build,BuildEntry,restoreProperty,5,2,3
eclipse.pde.ui-20120217-1437,org.eclipse.pde.internal.core.build,BuildEntry,getRootPath,15,5,0
eclipse.pde.ui-20120217-1437,org.eclipse.pde.internal.core.build,BuildEntry,toRelative,6,2,2
eclipse.pde.ui-20120217-1437,org.eclipse.pde.internal.core.build,BuildEntry,fromRelative,6,2,2
eclipse.pde.ui-20120217-1437,org.eclipse.pde.internal.core.build,BuildModel,getBuild,4,2,0
eclipse.pde.ui-20120217-1437,org.eclipse.pde.internal.core.build,BuildModel,getBuild,8,2,1
eclipse.pde.ui-20120217-1437,org.eclipse.pde.internal.core.build,BuildModel,getFactory,4,2,0
eclipse.pde.ui-20120217-1437,org.eclipse.pde.internal.core.build,BuildModel,load,0,1,0
eclipse.pde.ui-20120217-1437,org.eclipse.pde.internal.core.build,BuildModel,load,18,3,2
eclipse.pde.ui-20120217-1437,org.eclipse.pde.internal.core.build,BuildModel,reload,9,2,2
eclipse.pde.ui-20120217-1437,org.eclipse.pde.internal.core.build,BuildModelFactory,BuildModelFactory,3,1,1
eclipse.pde.ui-20120217-1437,org.eclipse.pde.internal.core.build,BuildModelFactory,createEntry,5,1,1
eclipse.pde.ui-20120217-1437,org.eclipse.pde.internal.core.build,BuildObject,isInTheModel,3,1,0
eclipse.pde.ui-20120217-1437,org.eclipse.pde.internal.core.build,BuildObject,setInTheModel,3,1,1
eclipse.pde.ui-20120217-1437,org.eclipse.pde.internal.core.build,BuildObject,ensureModelEditable,5,2,0
eclipse.pde.ui-20120217-1437,org.eclipse.pde.internal.core.build,BuildObject,getModel,3,1,0
eclipse.pde.ui-20120217-1437,org.eclipse.pde.internal.core.build,BuildObject,setModel,3,1,1
eclipse.pde.ui-20120217-1437,org.eclipse.pde.internal.core.build,BuildObject,throwCoreException,4,1,1
eclipse.pde.ui-20120217-1437,org.eclipse.pde.internal.core.build,BuildObject,restoreProperty,2,1,3
eclipse.pde.ui-20120217-1437,org.eclipse.pde.internal.core.build,ExternalBuildModel,ExternalBuildModel,3,1,1
eclipse.pde.ui-20120217-1437,org.eclipse.pde.internal.core.build,ExternalBuildModel,getInstallLocation,3,1,0
eclipse.pde.ui-20120217-1437,org.eclipse.pde.internal.core.build,ExternalBuildModel,isEditable,3,1,0
eclipse.pde.ui-20120217-1437,org.eclipse.pde.internal.core.build,ExternalBuildModel,load,28,3,0
eclipse.pde.ui-20120217-1437,org.eclipse.pde.internal.core.build,ExternalBuildModel,updateTimeStamp,3,1,0
eclipse.pde.ui-20120217-1437,org.eclipse.pde.internal.core.build,ExternalBuildModel,getLocalFile,4,1,0
eclipse.pde.ui-20120217-1437,org.eclipse.pde.internal.core.build,ExternalBuildModel,isInSync,3,1,0
eclipse.pde.ui-20120217-1437,org.eclipse.pde.internal.core.build,IBuildObject,isInTheModel,0,1,0
eclipse.pde.ui-20120217-1437,org.eclipse.pde.internal.core.build,IBuildObject,setInTheModel,0,1,1
eclipse.pde.ui-20120217-1437,org.eclipse.pde.internal.core.build,WorkspaceBuildModel,WorkspaceBuildModel,3,1,1
eclipse.pde.ui-20120217-1437,org.eclipse.pde.internal.core.build,WorkspaceBuildModel,fireModelChanged,4,1,1
eclipse.pde.ui-20120217-1437,org.eclipse.pde.internal.core.build,WorkspaceBuildModel,getContents,14,1,0
eclipse.pde.ui-20120217-1437,org.eclipse.pde.internal.core.build,WorkspaceBuildModel,getUnderlyingResource,3,1,0
eclipse.pde.ui-20120217-1437,org.eclipse.pde.internal.core.build,WorkspaceBuildModel,isDirty,3,1,0
eclipse.pde.ui-20120217-1437,org.eclipse.pde.internal.core.build,WorkspaceBuildModel,isEditable,3,1,0
eclipse.pde.ui-20120217-1437,org.eclipse.pde.internal.core.build,WorkspaceBuildModel,load,25,3,0
eclipse.pde.ui-20120217-1437,org.eclipse.pde.internal.core.build,WorkspaceBuildModel,isInSync,3,1,0
eclipse.pde.ui-20120217-1437,org.eclipse.pde.internal.core.build,WorkspaceBuildModel,updateTimeStamp,3,1,0
eclipse.pde.ui-20120217-1437,org.eclipse.pde.internal.core.build,WorkspaceBuildModel,save,29,4,0
eclipse.pde.ui-20120217-1437,org.eclipse.pde.internal.core.build,WorkspaceBuildModel,save,4,1,1
eclipse.pde.ui-20120217-1437,org.eclipse.pde.internal.core.build,WorkspaceBuildModel,setDirty,3,1,1
eclipse.pde.ui-20120217-1437,org.eclipse.pde.internal.core.build,WorkspaceBuildModel,setEditable,3,1,1
eclipse.pde.ui-20120217-1437,org.eclipse.pde.internal.core.build,WorkspaceBuildModel,getInstallLocation,3,1,0
eclipse.pde.ui-20120217-1437,org.eclipse.pde.internal.core.builders,BuildErrorReporter,BuildProblem,9,1,6
eclipse.pde.ui-20120217-1437,org.eclipse.pde.internal.core.builders,BuildErrorReporter,equals,8,5,1
eclipse.pde.ui-20120217-1437,org.eclipse.pde.internal.core.builders,BuildErrorReporter,addExtraBuildEntryTokenAttribute,5,1,2
eclipse.pde.ui-20120217-1437,org.eclipse.pde.internal.core.builders,BuildErrorReporter,addAttribute,4,2,2
eclipse.pde.ui-20120217-1437,org.eclipse.pde.internal.core.builders,BuildErrorReporter,addAttributes,4,2,1
eclipse.pde.ui-20120217-1437,org.eclipse.pde.internal.core.builders,BuildErrorReporter,WildcardFilenameFilter,3,1,1
eclipse.pde.ui-20120217-1437,org.eclipse.pde.internal.core.builders,BuildErrorReporter,accept,4,1,2
eclipse.pde.ui-20120217-1437,org.eclipse.pde.internal.core.builders,BuildErrorReporter,BuildErrorReporter,13,1,1
eclipse.pde.ui-20120217-1437,org.eclipse.pde.internal.core.builders,BuildErrorReporter,validate,7,3,1
eclipse.pde.ui-20120217-1437,org.eclipse.pde.internal.core.builders,BuildErrorReporter,validateBuild,75,27,1
eclipse.pde.ui-20120217-1437,org.eclipse.pde.internal.core.builders,BuildErrorReporter,getSourceLibraries,9,2,1
eclipse.pde.ui-20120217-1437,org.eclipse.pde.internal.core.builders,BuildErrorReporter,validateExecutionEnvironment,102,22,6
eclipse.pde.ui-20120217-1437,org.eclipse.pde.internal.core.builders,BuildErrorReporter,checkJavaComplianceSettings,99,26,4
eclipse.pde.ui-20120217-1437,org.eclipse.pde.internal.core.builders,BuildErrorReporter,findMatchingEE,36,9,3
eclipse.pde.ui-20120217-1437,org.eclipse.pde.internal.core.builders,BuildErrorReporter,validateBinIncludes,50,12,1
eclipse.pde.ui-20120217-1437,org.eclipse.pde.internal.core.builders,BuildErrorReporter,validateBinIncludes,25,8,2
eclipse.pde.ui-20120217-1437,org.eclipse.pde.internal.core.builders,BuildErrorReporter,validateJarsExtraClasspath,34,8,1
eclipse.pde.ui-20120217-1437,org.eclipse.pde.internal.core.builders,BuildErrorReporter,validateMissingSourceInBinIncludes,45,17,3
eclipse.pde.ui-20120217-1437,org.eclipse.pde.internal.core.builders,BuildErrorReporter,validateMissingLibraries,36,13,2
eclipse.pde.ui-20120217-1437,org.eclipse.pde.internal.core.builders,BuildErrorReporter,containedInFragment,34,11,2
eclipse.pde.ui-20120217-1437,org.eclipse.pde.internal.core.builders,BuildErrorReporter,validateSourceEntries,19,6,3
eclipse.pde.ui-20120217-1437,org.eclipse.pde.internal.core.builders,BuildErrorReporter,validateSourceFoldersInSrcIncludes,33,10,1
eclipse.pde.ui-20120217-1437,org.eclipse.pde.internal.core.builders,BuildErrorReporter,validateIncludes,28,12,3
eclipse.pde.ui-20120217-1437,org.eclipse.pde.internal.core.builders,BuildErrorReporter,startsWithAntVariable,4,1,1
eclipse.pde.ui-20120217-1437,org.eclipse.pde.internal.core.builders,BuildErrorReporter,validateDependencyManagement,6,3,1
eclipse.pde.ui-20120217-1437,org.eclipse.pde.internal.core.builders,BuildErrorReporter,validateJavaCompilerSettings,62,11,1
eclipse.pde.ui-20120217-1437,org.eclipse.pde.internal.core.builders,BuildErrorReporter,join,11,4,2
eclipse.pde.ui-20120217-1437,org.eclipse.pde.internal.core.builders,BuildErrorReporter,prepareTextBuildModel,14,3,1
eclipse.pde.ui-20120217-1437,org.eclipse.pde.internal.core.builders,BuildErrorReporter,reportErrors,23,7,1
eclipse.pde.ui-20120217-1437,org.eclipse.pde.internal.core.builders,BuildErrorReporter,getLineNumber,35,10,2
eclipse.pde.ui-20120217-1437,org.eclipse.pde.internal.core.builders,BuildErrorReporter,prepareError,3,1,5
eclipse.pde.ui-20120217-1437,org.eclipse.pde.internal.core.builders,BuildErrorReporter,prepareError,14,4,6
eclipse.pde.ui-20120217-1437,org.eclipse.pde.internal.core.builders,BuildErrorReporter,report,12,2,7
eclipse.pde.ui-20120217-1437,org.eclipse.pde.internal.core.builders,BuildErrorReporter,isCustomBuild,12,3,0
eclipse.pde.ui-20120217-1437,org.eclipse.pde.internal.core.builders,BuildProblem,BuildProblem,9,1,6
eclipse.pde.ui-20120217-1437,org.eclipse.pde.internal.core.builders,BuildProblem,equals,8,5,1
eclipse.pde.ui-20120217-1437,org.eclipse.pde.internal.core.builders,BuildProblem,addExtraBuildEntryTokenAttribute,5,1,2
eclipse.pde.ui-20120217-1437,org.eclipse.pde.internal.core.builders,BuildProblem,addAttribute,4,2,2
eclipse.pde.ui-20120217-1437,org.eclipse.pde.internal.core.builders,BuildProblem,addAttributes,4,2,1
eclipse.pde.ui-20120217-1437,org.eclipse.pde.internal.core.builders,WildcardFilenameFilter,WildcardFilenameFilter,3,1,1
eclipse.pde.ui-20120217-1437,org.eclipse.pde.internal.core.builders,WildcardFilenameFilter,accept,4,1,2
eclipse.pde.ui-20120217-1437,org.eclipse.pde.internal.core.builders,BundleErrorReporter,BundleErrorReporter,3,1,1
eclipse.pde.ui-20120217-1437,org.eclipse.pde.internal.core.builders,BundleErrorReporter,validateContent,27,3,1
eclipse.pde.ui-20120217-1437,org.eclipse.pde.internal.core.builders,BundleErrorReporter,validateBundleManifestVersion,11,3,0
eclipse.pde.ui-20120217-1437,org.eclipse.pde.internal.core.builders,BundleErrorReporter,validateExportPackages,34,11,0
eclipse.pde.ui-20120217-1437,org.eclipse.pde.internal.core.builders,BundleErrorReporter,validateBundleSymbolicName,15,5,0
eclipse.pde.ui-20120217-1437,org.eclipse.pde.internal.core.builders,BundleErrorReporter,validatePluginId,8,2,2
eclipse.pde.ui-20120217-1437,org.eclipse.pde.internal.core.builders,BundleErrorReporter,validateSingleton,45,12,2
eclipse.pde.ui-20120217-1437,org.eclipse.pde.internal.core.builders,BundleErrorReporter,validateFragmentHost,66,21,0
eclipse.pde.ui-20120217-1437,org.eclipse.pde.internal.core.builders,BundleErrorReporter,validateBundleVersion,9,3,0
eclipse.pde.ui-20120217-1437,org.eclipse.pde.internal.core.builders,BundleErrorReporter,validateRequiredExecutionEnvironment,95,25,0
eclipse.pde.ui-20120217-1437,org.eclipse.pde.internal.core.builders,BundleErrorReporter,validateEclipseBundleShape,8,3,0
eclipse.pde.ui-20120217-1437,org.eclipse.pde.internal.core.builders,BundleErrorReporter,validateEclipsePlatformFilter,21,6,0
eclipse.pde.ui-20120217-1437,org.eclipse.pde.internal.core.builders,BundleErrorReporter,validateEclipseGenericCapability,11,3,0
eclipse.pde.ui-20120217-1437,org.eclipse.pde.internal.core.builders,BundleErrorReporter,validateEclipseGenericRequire,11,3,0
eclipse.pde.ui-20120217-1437,org.eclipse.pde.internal.core.builders,BundleErrorReporter,validateBundleActivator,22,6,0
eclipse.pde.ui-20120217-1437,org.eclipse.pde.internal.core.builders,BundleErrorReporter,validateBundleClasspath,8,3,0
eclipse.pde.ui-20120217-1437,org.eclipse.pde.internal.core.builders,BundleErrorReporter,validateRequireBundle,44,12,1
eclipse.pde.ui-20120217-1437,org.eclipse.pde.internal.core.builders,BundleErrorReporter,validateBundleVersionAttribute,10,3,2
eclipse.pde.ui-20120217-1437,org.eclipse.pde.internal.core.builders,BundleErrorReporter,validateVisibilityDirective,6,2,2
eclipse.pde.ui-20120217-1437,org.eclipse.pde.internal.core.builders,BundleErrorReporter,validateReprovideAttribute,11,3,2
eclipse.pde.ui-20120217-1437,org.eclipse.pde.internal.core.builders,BundleErrorReporter,isOptional,3,1,1
eclipse.pde.ui-20120217-1437,org.eclipse.pde.internal.core.builders,BundleErrorReporter,getRequireBundleSeverity,5,2,2
eclipse.pde.ui-20120217-1437,org.eclipse.pde.internal.core.builders,BundleErrorReporter,validateResolutionDirective,6,2,2
eclipse.pde.ui-20120217-1437,org.eclipse.pde.internal.core.builders,BundleErrorReporter,validateOptionalAttribute,9,3,2
eclipse.pde.ui-20120217-1437,org.eclipse.pde.internal.core.builders,BundleErrorReporter,validateImportPackage,78,20,1
eclipse.pde.ui-20120217-1437,org.eclipse.pde.internal.core.builders,BundleErrorReporter,getAvailableExportedPackages,19,5,1
eclipse.pde.ui-20120217-1437,org.eclipse.pde.internal.core.builders,BundleErrorReporter,validateExportPackage,35,9,1
eclipse.pde.ui-20120217-1437,org.eclipse.pde.internal.core.builders,BundleErrorReporter,containsPackage,9,4,2
eclipse.pde.ui-20120217-1437,org.eclipse.pde.internal.core.builders,BundleErrorReporter,getExportedPackages,17,4,0
eclipse.pde.ui-20120217-1437,org.eclipse.pde.internal.core.builders,BundleErrorReporter,addHostPackages,19,5,1
eclipse.pde.ui-20120217-1437,org.eclipse.pde.internal.core.builders,BundleErrorReporter,addFragmentPackages,10,3,1
eclipse.pde.ui-20120217-1437,org.eclipse.pde.internal.core.builders,BundleErrorReporter,addProjectPackages,21,7,1
eclipse.pde.ui-20120217-1437,org.eclipse.pde.internal.core.builders,BundleErrorReporter,isCheckDeprecated,3,1,0
eclipse.pde.ui-20120217-1437,org.eclipse.pde.internal.core.builders,BundleErrorReporter,isCheckNoRequiredAttr,3,1,0
eclipse.pde.ui-20120217-1437,org.eclipse.pde.internal.core.builders,BundleErrorReporter,isCheckUnknownClass,3,1,0
eclipse.pde.ui-20120217-1437,org.eclipse.pde.internal.core.builders,BundleErrorReporter,isCheckUnresolvedImports,3,1,0
eclipse.pde.ui-20120217-1437,org.eclipse.pde.internal.core.builders,BundleErrorReporter,isCheckMissingExportPackageVersion,3,1,0
eclipse.pde.ui-20120217-1437,org.eclipse.pde.internal.core.builders,BundleErrorReporter,isCheckMissingImportPackageVersion,3,1,0
eclipse.pde.ui-20120217-1437,org.eclipse.pde.internal.core.builders,BundleErrorReporter,validateTranslatableHeaders,17,7,0
eclipse.pde.ui-20120217-1437,org.eclipse.pde.internal.core.builders,BundleErrorReporter,validateSpecificationVersionAttribute,12,4,2
eclipse.pde.ui-20120217-1437,org.eclipse.pde.internal.core.builders,BundleErrorReporter,validateImportPackageVersion,8,2,2
eclipse.pde.ui-20120217-1437,org.eclipse.pde.internal.core.builders,BundleErrorReporter,validateExportPackageVersion,8,2,2
eclipse.pde.ui-20120217-1437,org.eclipse.pde.internal.core.builders,BundleErrorReporter,validateVersionAttribute,9,3,3
eclipse.pde.ui-20120217-1437,org.eclipse.pde.internal.core.builders,BundleErrorReporter,validateX_InternalDirective,9,4,2
eclipse.pde.ui-20120217-1437,org.eclipse.pde.internal.core.builders,BundleErrorReporter,validateX_FriendsDirective,9,2,2
eclipse.pde.ui-20120217-1437,org.eclipse.pde.internal.core.builders,BundleErrorReporter,validateBundleActivatorPolicy,12,5,0
eclipse.pde.ui-20120217-1437,org.eclipse.pde.internal.core.builders,BundleErrorReporter,validateAutoStart,20,4,0
eclipse.pde.ui-20120217-1437,org.eclipse.pde.internal.core.builders,BundleErrorReporter,validateLazyStart,27,6,0
eclipse.pde.ui-20120217-1437,org.eclipse.pde.internal.core.builders,BundleErrorReporter,containsValidActivationHeader,8,3,0
eclipse.pde.ui-20120217-1437,org.eclipse.pde.internal.core.builders,BundleErrorReporter,getCurrentActivationHeader,6,3,0
eclipse.pde.ui-20120217-1437,org.eclipse.pde.internal.core.builders,BundleErrorReporter,validateStartHeader,5,2,1
eclipse.pde.ui-20120217-1437,org.eclipse.pde.internal.core.builders,BundleErrorReporter,exceptionsAttributesValid,24,8,2
eclipse.pde.ui-20120217-1437,org.eclipse.pde.internal.core.builders,BundleErrorReporter,validateExtensibleAPI,4,2,0
eclipse.pde.ui-20120217-1437,org.eclipse.pde.internal.core.builders,BundleErrorReporter,report,8,2,6
eclipse.pde.ui-20120217-1437,org.eclipse.pde.internal.core.builders,BundleErrorReporter,validateImportExportServices,16,5,0
eclipse.pde.ui-20120217-1437,org.eclipse.pde.internal.core.builders,BundleErrorReporter,validateBundleLocalization,33,8,0
eclipse.pde.ui-20120217-1437,org.eclipse.pde.internal.core.builders,BundleErrorReporter,validateFragmentHost,9,3,2
eclipse.pde.ui-20120217-1437,org.eclipse.pde.internal.core.builders,BundleErrorReporter,validateProvidePackage,7,3,0
eclipse.pde.ui-20120217-1437,org.eclipse.pde.internal.core.builders,BundleErrorReporter,addMarkerAttribute,7,2,3
eclipse.pde.ui-20120217-1437,org.eclipse.pde.internal.core.builders,CompilerFlags,getFlag,8,1,2
eclipse.pde.ui-20120217-1437,org.eclipse.pde.internal.core.builders,CompilerFlags,getBoolean,3,1,2
eclipse.pde.ui-20120217-1437,org.eclipse.pde.internal.core.builders,CompilerFlags,getString,5,1,2
eclipse.pde.ui-20120217-1437,org.eclipse.pde.internal.core.builders,CompilerFlags,save,7,1,0
eclipse.pde.ui-20120217-1437,org.eclipse.pde.internal.core.builders,DefaultSAXParser,parse,24,2,2
eclipse.pde.ui-20120217-1437,org.eclipse.pde.internal.core.builders,DependencyLoop,getMembers,3,1,0
eclipse.pde.ui-20120217-1437,org.eclipse.pde.internal.core.builders,DependencyLoop,setMembers,3,1,1
eclipse.pde.ui-20120217-1437,org.eclipse.pde.internal.core.builders,DependencyLoop,getName,3,1,0
eclipse.pde.ui-20120217-1437,org.eclipse.pde.internal.core.builders,DependencyLoop,setName,3,1,1
eclipse.pde.ui-20120217-1437,org.eclipse.pde.internal.core.builders,DependencyLoop,toString,3,1,0
eclipse.pde.ui-20120217-1437,org.eclipse.pde.internal.core.builders,DependencyLoopFinder,findLoops,3,1,1
eclipse.pde.ui-20120217-1437,org.eclipse.pde.internal.core.builders,DependencyLoopFinder,findLoops,3,1,2
eclipse.pde.ui-20120217-1437,org.eclipse.pde.internal.core.builders,DependencyLoopFinder,findLoops,6,1,3
eclipse.pde.ui-20120217-1437,org.eclipse.pde.internal.core.builders,DependencyLoopFinder,findLoops,51,14,6
eclipse.pde.ui-20120217-1437,org.eclipse.pde.internal.core.builders,DependencyLoopFinder,findPlugin,5,2,1
eclipse.pde.ui-20120217-1437,org.eclipse.pde.internal.core.builders,DependencyLoopFinder,isEquivalent,3,1,2
eclipse.pde.ui-20120217-1437,org.eclipse.pde.internal.core.builders,ElementOccurenceChecker,findMaxOccurenceViolations,4,1,2
eclipse.pde.ui-20120217-1437,org.eclipse.pde.internal.core.builders,ElementOccurenceChecker,findMinOccurenceViolations,4,1,2
eclipse.pde.ui-20120217-1437,org.eclipse.pde.internal.core.builders,ElementOccurenceChecker,countXMLChildrenByTagName,19,4,1
eclipse.pde.ui-20120217-1437,org.eclipse.pde.internal.core.builders,ElementOccurenceChecker,processChildrenMax,7,1,3
eclipse.pde.ui-20120217-1437,org.eclipse.pde.internal.core.builders,ElementOccurenceChecker,processChildrenMin,7,1,2
eclipse.pde.ui-20120217-1437,org.eclipse.pde.internal.core.builders,ElementOccurenceChecker,processCompositorMin,11,4,4
eclipse.pde.ui-20120217-1437,org.eclipse.pde.internal.core.builders,ElementOccurenceChecker,processCompositorMax,11,4,5
eclipse.pde.ui-20120217-1437,org.eclipse.pde.internal.core.builders,ElementOccurenceChecker,processSequenceMin,9,3,4
eclipse.pde.ui-20120217-1437,org.eclipse.pde.internal.core.builders,ElementOccurenceChecker,processSequenceMax,9,3,5
eclipse.pde.ui-20120217-1437,org.eclipse.pde.internal.core.builders,ElementOccurenceChecker,processChoiceMin,10,3,4
eclipse.pde.ui-20120217-1437,org.eclipse.pde.internal.core.builders,ElementOccurenceChecker,processChoiceMax,10,3,5
eclipse.pde.ui-20120217-1437,org.eclipse.pde.internal.core.builders,ElementOccurenceChecker,adjustChoiceMaxSiblings,9,2,2
eclipse.pde.ui-20120217-1437,org.eclipse.pde.internal.core.builders,ElementOccurenceChecker,isSimpleChoice,9,3,1
eclipse.pde.ui-20120217-1437,org.eclipse.pde.internal.core.builders,ElementOccurenceChecker,adjustChoiceMinSiblings,9,2,2
eclipse.pde.ui-20120217-1437,org.eclipse.pde.internal.core.builders,ElementOccurenceChecker,countChoiceElementChildren,16,5,2
eclipse.pde.ui-20120217-1437,org.eclipse.pde.internal.core.builders,ElementOccurenceChecker,updateChoiceElementChildren,12,4,3
eclipse.pde.ui-20120217-1437,org.eclipse.pde.internal.core.builders,ElementOccurenceChecker,processObjectMax,13,4,5
eclipse.pde.ui-20120217-1437,org.eclipse.pde.internal.core.builders,ElementOccurenceChecker,processObjectMin,10,3,4
eclipse.pde.ui-20120217-1437,org.eclipse.pde.internal.core.builders,ElementOccurenceChecker,processElementMax,13,4,5
eclipse.pde.ui-20120217-1437,org.eclipse.pde.internal.core.builders,ElementOccurenceChecker,processElementMin,13,4,4
eclipse.pde.ui-20120217-1437,org.eclipse.pde.internal.core.builders,ElementOccurenceChecker,findChildElement,14,4,2
eclipse.pde.ui-20120217-1437,org.eclipse.pde.internal.core.builders,ElementOccurrenceResult,ElementOccurrenceResult,6,1,4
eclipse.pde.ui-20120217-1437,org.eclipse.pde.internal.core.builders,ElementOccurrenceResult,getSchemaElement,3,1,0
eclipse.pde.ui-20120217-1437,org.eclipse.pde.internal.core.builders,ElementOccurrenceResult,getElement,3,1,0
eclipse.pde.ui-20120217-1437,org.eclipse.pde.internal.core.builders,ElementOccurrenceResult,getActualOccurrences,3,1,0
eclipse.pde.ui-20120217-1437,org.eclipse.pde.internal.core.builders,ElementOccurrenceResult,getAllowedOccurrences,3,1,0
eclipse.pde.ui-20120217-1437,org.eclipse.pde.internal.core.builders,ErrorReporter,ErrorReporter,7,2,1
eclipse.pde.ui-20120217-1437,org.eclipse.pde.internal.core.builders,ErrorReporter,addMarker,17,3,5
eclipse.pde.ui-20120217-1437,org.eclipse.pde.internal.core.builders,ErrorReporter,createDocument,20,3,1
eclipse.pde.ui-20120217-1437,org.eclipse.pde.internal.core.builders,ErrorReporter,getErrorCount,3,1,0
eclipse.pde.ui-20120217-1437,org.eclipse.pde.internal.core.builders,ErrorReporter,getMarkerFactory,4,2,0
eclipse.pde.ui-20120217-1437,org.eclipse.pde.internal.core.builders,ErrorReporter,removeFileMarkers,9,1,0
eclipse.pde.ui-20120217-1437,org.eclipse.pde.internal.core.builders,ErrorReporter,report,5,3,5
eclipse.pde.ui-20120217-1437,org.eclipse.pde.internal.core.builders,ErrorReporter,report,3,1,4
eclipse.pde.ui-20120217-1437,org.eclipse.pde.internal.core.builders,ErrorReporter,report,7,2,5
eclipse.pde.ui-20120217-1437,org.eclipse.pde.internal.core.builders,ErrorReporter,report,3,1,4
eclipse.pde.ui-20120217-1437,org.eclipse.pde.internal.core.builders,ErrorReporter,validateContent,4,1,1
eclipse.pde.ui-20120217-1437,org.eclipse.pde.internal.core.builders,ErrorReporter,validate,0,1,1
eclipse.pde.ui-20120217-1437,org.eclipse.pde.internal.core.builders,ExtensionPointSchemaBuilder,DeltaVisitor,3,1,1
eclipse.pde.ui-20120217-1437,org.eclipse.pde.internal.core.builders,ExtensionPointSchemaBuilder,visit,17,6,1
eclipse.pde.ui-20120217-1437,org.eclipse.pde.internal.core.builders,ExtensionPointSchemaBuilder,build,11,4,3
eclipse.pde.ui-20120217-1437,org.eclipse.pde.internal.core.builders,ExtensionPointSchemaBuilder,clean,10,1,1
eclipse.pde.ui-20120217-1437,org.eclipse.pde.internal.core.builders,ExtensionPointSchemaBuilder,cleanSchemasIn,13,5,2
eclipse.pde.ui-20120217-1437,org.eclipse.pde.internal.core.builders,ExtensionPointSchemaBuilder,isInterestingProject,3,1,1
eclipse.pde.ui-20120217-1437,org.eclipse.pde.internal.core.builders,ExtensionPointSchemaBuilder,compileFile,46,3,2
eclipse.pde.ui-20120217-1437,org.eclipse.pde.internal.core.builders,ExtensionPointSchemaBuilder,ensureFoldersExist,12,3,2
eclipse.pde.ui-20120217-1437,org.eclipse.pde.internal.core.builders,ExtensionPointSchemaBuilder,compileSchemasIn,12,4,2
eclipse.pde.ui-20120217-1437,org.eclipse.pde.internal.core.builders,ExtensionPointSchemaBuilder,getDocLocation,3,1,1
eclipse.pde.ui-20120217-1437,org.eclipse.pde.internal.core.builders,ExtensionPointSchemaBuilder,getOutputFileName,9,2,1
eclipse.pde.ui-20120217-1437,org.eclipse.pde.internal.core.builders,ExtensionPointSchemaBuilder,getMangledPluginId,11,3,1
eclipse.pde.ui-20120217-1437,org.eclipse.pde.internal.core.builders,ExtensionPointSchemaBuilder,isSchemaFile,3,1,1
eclipse.pde.ui-20120217-1437,org.eclipse.pde.internal.core.builders,ExtensionPointSchemaBuilder,removeOutputFile,18,3,2
eclipse.pde.ui-20120217-1437,org.eclipse.pde.internal.core.builders,DeltaVisitor,DeltaVisitor,3,1,1
eclipse.pde.ui-20120217-1437,org.eclipse.pde.internal.core.builders,DeltaVisitor,visit,17,6,1
eclipse.pde.ui-20120217-1437,org.eclipse.pde.internal.core.builders,ExtensionsErrorReporter,ExtensionsErrorReporter,9,2,1
eclipse.pde.ui-20120217-1437,org.eclipse.pde.internal.core.builders,ExtensionsErrorReporter,characters,2,1,3
eclipse.pde.ui-20120217-1437,org.eclipse.pde.internal.core.builders,ExtensionsErrorReporter,validateContent,41,13,1
eclipse.pde.ui-20120217-1437,org.eclipse.pde.internal.core.builders,ExtensionsErrorReporter,validateExtension,17,5,1
eclipse.pde.ui-20120217-1437,org.eclipse.pde.internal.core.builders,ExtensionsErrorReporter,reportMaxOccurenceViolation,6,1,2
eclipse.pde.ui-20120217-1437,org.eclipse.pde.internal.core.builders,ExtensionsErrorReporter,reportMinOccurenceViolation,6,1,3
eclipse.pde.ui-20120217-1437,org.eclipse.pde.internal.core.builders,ExtensionsErrorReporter,validateElement,53,15,3
eclipse.pde.ui-20120217-1437,org.eclipse.pde.internal.core.builders,ExtensionsErrorReporter,validateInternalExtensionAttribute,15,6,2
eclipse.pde.ui-20120217-1437,org.eclipse.pde.internal.core.builders,ExtensionsErrorReporter,validateMinElementMult,10,3,2
eclipse.pde.ui-20120217-1437,org.eclipse.pde.internal.core.builders,ExtensionsErrorReporter,validateMaxElementMult,10,3,2
eclipse.pde.ui-20120217-1437,org.eclipse.pde.internal.core.builders,ExtensionsErrorReporter,computeAllowedElements,11,5,2
eclipse.pde.ui-20120217-1437,org.eclipse.pde.internal.core.builders,ExtensionsErrorReporter,computeAllowedElements,14,5,2
eclipse.pde.ui-20120217-1437,org.eclipse.pde.internal.core.builders,ExtensionsErrorReporter,validateRequiredExtensionAttributes,23,8,2
eclipse.pde.ui-20120217-1437,org.eclipse.pde.internal.core.builders,ExtensionsErrorReporter,validateExistingExtensionAttributes,20,5,3
eclipse.pde.ui-20120217-1437,org.eclipse.pde.internal.core.builders,ExtensionsErrorReporter,validateExtensionAttribute,26,8,3
eclipse.pde.ui-20120217-1437,org.eclipse.pde.internal.core.builders,ExtensionsErrorReporter,validateExtensionPoint,43,15,1
eclipse.pde.ui-20120217-1437,org.eclipse.pde.internal.core.builders,ExtensionsErrorReporter,validateTranslatableString,15,6,3
eclipse.pde.ui-20120217-1437,org.eclipse.pde.internal.core.builders,ExtensionsErrorReporter,validateTranslatableElementContent,15,6,1
eclipse.pde.ui-20120217-1437,org.eclipse.pde.internal.core.builders,ExtensionsErrorReporter,validateResourceAttribute,6,2,2
eclipse.pde.ui-20120217-1437,org.eclipse.pde.internal.core.builders,ExtensionsErrorReporter,resourceExists,62,18,1
eclipse.pde.ui-20120217-1437,org.eclipse.pde.internal.core.builders,ExtensionsErrorReporter,validateJavaAttribute,22,7,2
eclipse.pde.ui-20120217-1437,org.eclipse.pde.internal.core.builders,ExtensionsErrorReporter,validateRestrictionAttribute,14,4,3
eclipse.pde.ui-20120217-1437,org.eclipse.pde.internal.core.builders,ExtensionsErrorReporter,validateIdentifierAttribute,13,4,3
eclipse.pde.ui-20120217-1437,org.eclipse.pde.internal.core.builders,ExtensionsErrorReporter,reportUnusedAttribute,4,1,3
eclipse.pde.ui-20120217-1437,org.eclipse.pde.internal.core.builders,ExtensionsErrorReporter,reportUnusedElement,4,1,2
eclipse.pde.ui-20120217-1437,org.eclipse.pde.internal.core.builders,ExtensionsErrorReporter,reportDeprecatedElement,6,2,1
eclipse.pde.ui-20120217-1437,org.eclipse.pde.internal.core.builders,ExtensionsErrorReporter,reportDeprecatedRootElement,11,4,2
eclipse.pde.ui-20120217-1437,org.eclipse.pde.internal.core.builders,FeatureConsistencyChecker,DeltaVisitor,3,1,1
eclipse.pde.ui-20120217-1437,org.eclipse.pde.internal.core.builders,FeatureConsistencyChecker,visit,23,5,1
eclipse.pde.ui-20120217-1437,org.eclipse.pde.internal.core.builders,FeatureConsistencyChecker,build,13,5,3
eclipse.pde.ui-20120217-1437,org.eclipse.pde.internal.core.builders,FeatureConsistencyChecker,checkProject,6,2,1
eclipse.pde.ui-20120217-1437,org.eclipse.pde.internal.core.builders,FeatureConsistencyChecker,checkFile,11,2,2
eclipse.pde.ui-20120217-1437,org.eclipse.pde.internal.core.builders,FeatureConsistencyChecker,isManifestFile,3,1,1
eclipse.pde.ui-20120217-1437,org.eclipse.pde.internal.core.builders,FeatureConsistencyChecker,clean,13,2,1
eclipse.pde.ui-20120217-1437,org.eclipse.pde.internal.core.builders,DeltaVisitor,DeltaVisitor,3,1,1
eclipse.pde.ui-20120217-1437,org.eclipse.pde.internal.core.builders,DeltaVisitor,visit,23,5,1
eclipse.pde.ui-20120217-1437,org.eclipse.pde.internal.core.builders,FeatureErrorReporter,FeatureErrorReporter,4,2,1
eclipse.pde.ui-20120217-1437,org.eclipse.pde.internal.core.builders,FeatureErrorReporter,validateContent,21,3,1
eclipse.pde.ui-20120217-1437,org.eclipse.pde.internal.core.builders,FeatureErrorReporter,validateData,16,5,1
eclipse.pde.ui-20120217-1437,org.eclipse.pde.internal.core.builders,FeatureErrorReporter,validatePlugins,29,8,1
eclipse.pde.ui-20120217-1437,org.eclipse.pde.internal.core.builders,FeatureErrorReporter,validateRequires,7,2,1
eclipse.pde.ui-20120217-1437,org.eclipse.pde.internal.core.builders,FeatureErrorReporter,validateImports,51,15,1
eclipse.pde.ui-20120217-1437,org.eclipse.pde.internal.core.builders,FeatureErrorReporter,validateIncludes,30,10,1
eclipse.pde.ui-20120217-1437,org.eclipse.pde.internal.core.builders,FeatureErrorReporter,validateURLElement,9,2,1
eclipse.pde.ui-20120217-1437,org.eclipse.pde.internal.core.builders,FeatureErrorReporter,validateUpdateURL,19,6,1
eclipse.pde.ui-20120217-1437,org.eclipse.pde.internal.core.builders,FeatureErrorReporter,validateDiscoveryURL,25,8,1
eclipse.pde.ui-20120217-1437,org.eclipse.pde.internal.core.builders,FeatureErrorReporter,validateCopyright,20,5,1
eclipse.pde.ui-20120217-1437,org.eclipse.pde.internal.core.builders,FeatureErrorReporter,validateLicense,20,5,1
eclipse.pde.ui-20120217-1437,org.eclipse.pde.internal.core.builders,FeatureErrorReporter,validateDescription,20,5,1
eclipse.pde.ui-20120217-1437,org.eclipse.pde.internal.core.builders,FeatureErrorReporter,validateInstallHandler,13,5,1
eclipse.pde.ui-20120217-1437,org.eclipse.pde.internal.core.builders,FeatureErrorReporter,validateFeatureAttributes,27,9,1
eclipse.pde.ui-20120217-1437,org.eclipse.pde.internal.core.builders,FeatureErrorReporter,validatePluginID,13,4,3
eclipse.pde.ui-20120217-1437,org.eclipse.pde.internal.core.builders,FeatureErrorReporter,validateFeatureID,9,3,2
eclipse.pde.ui-20120217-1437,org.eclipse.pde.internal.core.builders,FeatureErrorReporter,reportExclusiveAttributes,4,1,4
eclipse.pde.ui-20120217-1437,org.eclipse.pde.internal.core.builders,FeatureErrorReporter,validateUnpack,30,8,1
eclipse.pde.ui-20120217-1437,org.eclipse.pde.internal.core.builders,FeatureErrorReporter,validateVersion,18,6,2
eclipse.pde.ui-20120217-1437,org.eclipse.pde.internal.core.builders,FeatureRebuilder,start,5,1,0
eclipse.pde.ui-20120217-1437,org.eclipse.pde.internal.core.builders,FeatureRebuilder,stop,5,1,0
eclipse.pde.ui-20120217-1437,org.eclipse.pde.internal.core.builders,FeatureRebuilder,modelsChanged,3,2,1
eclipse.pde.ui-20120217-1437,org.eclipse.pde.internal.core.builders,FeatureRebuilder,modelsChanged,11,4,1
eclipse.pde.ui-20120217-1437,org.eclipse.pde.internal.core.builders,FeatureRebuilder,resourceChanged,5,2,1
eclipse.pde.ui-20120217-1437,org.eclipse.pde.internal.core.builders,FeatureRebuilder,touchFeatures,22,4,0
eclipse.pde.ui-20120217-1437,org.eclipse.pde.internal.core.builders,FragmentErrorReporter,FragmentErrorReporter,3,1,1
eclipse.pde.ui-20120217-1437,org.eclipse.pde.internal.core.builders,FragmentErrorReporter,validateTopLevelAttributes,7,4,1
eclipse.pde.ui-20120217-1437,org.eclipse.pde.internal.core.builders,FragmentErrorReporter,getRootElementName,3,1,0
eclipse.pde.ui-20120217-1437,org.eclipse.pde.internal.core.builders,IHeader,getElements,0,1,0
eclipse.pde.ui-20120217-1437,org.eclipse.pde.internal.core.builders,IHeader,getLineNumber,0,1,0
eclipse.pde.ui-20120217-1437,org.eclipse.pde.internal.core.builders,IHeader,getLinesSpan,0,1,0
eclipse.pde.ui-20120217-1437,org.eclipse.pde.internal.core.builders,IHeader,getName,0,1,0
eclipse.pde.ui-20120217-1437,org.eclipse.pde.internal.core.builders,IHeader,getValue,0,1,0
eclipse.pde.ui-20120217-1437,org.eclipse.pde.internal.core.builders,JarManifestErrorReporter,JarManifestErrorReporter,4,1,1
eclipse.pde.ui-20120217-1437,org.eclipse.pde.internal.core.builders,JarManifestErrorReporter,getHeaderName,17,6,1
eclipse.pde.ui-20120217-1437,org.eclipse.pde.internal.core.builders,JarManifestErrorReporter,getPackageLine,15,3,2
eclipse.pde.ui-20120217-1437,org.eclipse.pde.internal.core.builders,JarManifestErrorReporter,getLine,29,5,2
eclipse.pde.ui-20120217-1437,org.eclipse.pde.internal.core.builders,JarManifestErrorReporter,parseManifest,97,22,2
eclipse.pde.ui-20120217-1437,org.eclipse.pde.internal.core.builders,JarManifestErrorReporter,reportIllegalAttributeValue,4,1,3
eclipse.pde.ui-20120217-1437,org.eclipse.pde.internal.core.builders,JarManifestErrorReporter,reportIllegalValue,4,1,2
eclipse.pde.ui-20120217-1437,org.eclipse.pde.internal.core.builders,JarManifestErrorReporter,reportIllegalDirectiveValue,4,1,3
eclipse.pde.ui-20120217-1437,org.eclipse.pde.internal.core.builders,JarManifestErrorReporter,validateAttributeValue,12,4,4
eclipse.pde.ui-20120217-1437,org.eclipse.pde.internal.core.builders,JarManifestErrorReporter,validateBooleanAttributeValue,3,1,3
eclipse.pde.ui-20120217-1437,org.eclipse.pde.internal.core.builders,JarManifestErrorReporter,validateBooleanDirectiveValue,3,1,3
eclipse.pde.ui-20120217-1437,org.eclipse.pde.internal.core.builders,JarManifestErrorReporter,validateBooleanValue,3,1,1
eclipse.pde.ui-20120217-1437,org.eclipse.pde.internal.core.builders,JarManifestErrorReporter,validate,3,2,1
eclipse.pde.ui-20120217-1437,org.eclipse.pde.internal.core.builders,JarManifestErrorReporter,validateDirectiveValue,12,4,4
eclipse.pde.ui-20120217-1437,org.eclipse.pde.internal.core.builders,JarManifestErrorReporter,validateHeaderValue,11,4,2
eclipse.pde.ui-20120217-1437,org.eclipse.pde.internal.core.builders,JarManifestErrorReporter,validateRequiredHeader,7,2,1
eclipse.pde.ui-20120217-1437,org.eclipse.pde.internal.core.builders,JarManifestErrorReporter,getHeader,3,1,1
eclipse.pde.ui-20120217-1437,org.eclipse.pde.internal.core.builders,JarManifestErrorReporter,checkCanceled,5,2,1
eclipse.pde.ui-20120217-1437,org.eclipse.pde.internal.core.builders,JarManifestHeader,JarManifestHeader,7,1,4
eclipse.pde.ui-20120217-1437,org.eclipse.pde.internal.core.builders,JarManifestHeader,append,4,1,1
eclipse.pde.ui-20120217-1437,org.eclipse.pde.internal.core.builders,JarManifestHeader,getElements,20,4,0
eclipse.pde.ui-20120217-1437,org.eclipse.pde.internal.core.builders,JarManifestHeader,getLineNumber,3,1,0
eclipse.pde.ui-20120217-1437,org.eclipse.pde.internal.core.builders,JarManifestHeader,getLinesSpan,3,1,0
eclipse.pde.ui-20120217-1437,org.eclipse.pde.internal.core.builders,JarManifestHeader,getName,3,1,0
eclipse.pde.ui-20120217-1437,org.eclipse.pde.internal.core.builders,JarManifestHeader,getValue,3,1,0
eclipse.pde.ui-20120217-1437,org.eclipse.pde.internal.core.builders,JarManifestHeader,toString,3,1,0
eclipse.pde.ui-20120217-1437,org.eclipse.pde.internal.core.builders,ManifestConsistencyChecker,visit,19,6,1
eclipse.pde.ui-20120217-1437,org.eclipse.pde.internal.core.builders,ManifestConsistencyChecker,reset,4,1,0
eclipse.pde.ui-20120217-1437,org.eclipse.pde.internal.core.builders,ManifestConsistencyChecker,hasChanged,3,1,0
eclipse.pde.ui-20120217-1437,org.eclipse.pde.internal.core.builders,ManifestConsistencyChecker,visit,55,14,1
eclipse.pde.ui-20120217-1437,org.eclipse.pde.internal.core.builders,ManifestConsistencyChecker,getType,3,1,0
eclipse.pde.ui-20120217-1437,org.eclipse.pde.internal.core.builders,ManifestConsistencyChecker,reset,3,1,0
eclipse.pde.ui-20120217-1437,org.eclipse.pde.internal.core.builders,ManifestConsistencyChecker,isLocalizationFile,3,1,1
eclipse.pde.ui-20120217-1437,org.eclipse.pde.internal.core.builders,ManifestConsistencyChecker,build,11,4,3
eclipse.pde.ui-20120217-1437,org.eclipse.pde.internal.core.builders,ManifestConsistencyChecker,getDeltaType,30,8,1
eclipse.pde.ui-20120217-1437,org.eclipse.pde.internal.core.builders,ManifestConsistencyChecker,validateProject,19,8,2
eclipse.pde.ui-20120217-1437,org.eclipse.pde.internal.core.builders,ManifestConsistencyChecker,getWorkAmount,6,3,1
eclipse.pde.ui-20120217-1437,org.eclipse.pde.internal.core.builders,ManifestConsistencyChecker,validateProjectStructure,11,2,2
eclipse.pde.ui-20120217-1437,org.eclipse.pde.internal.core.builders,ManifestConsistencyChecker,validateManifestFile,11,3,2
eclipse.pde.ui-20120217-1437,org.eclipse.pde.internal.core.builders,ManifestConsistencyChecker,validateFiles,30,10,3
eclipse.pde.ui-20120217-1437,org.eclipse.pde.internal.core.builders,ManifestConsistencyChecker,validateBuildProperties,10,3,1
eclipse.pde.ui-20120217-1437,org.eclipse.pde.internal.core.builders,ManifestConsistencyChecker,validateBuildPropertiesExists,14,3,1
eclipse.pde.ui-20120217-1437,org.eclipse.pde.internal.core.builders,ManifestConsistencyChecker,validateManifestCasing,36,6,1
eclipse.pde.ui-20120217-1437,org.eclipse.pde.internal.core.builders,ManifestConsistencyChecker,accept,3,1,2
eclipse.pde.ui-20120217-1437,org.eclipse.pde.internal.core.builders,ManifestConsistencyChecker,clean,15,1,1
eclipse.pde.ui-20120217-1437,org.eclipse.pde.internal.core.builders,ManifestConsistencyChecker,cleanProblems,5,2,2
eclipse.pde.ui-20120217-1437,org.eclipse.pde.internal.core.builders,ClassChangeVisitor,visit,19,6,1
eclipse.pde.ui-20120217-1437,org.eclipse.pde.internal.core.builders,ClassChangeVisitor,reset,4,1,0
eclipse.pde.ui-20120217-1437,org.eclipse.pde.internal.core.builders,ClassChangeVisitor,hasChanged,3,1,0
eclipse.pde.ui-20120217-1437,org.eclipse.pde.internal.core.builders,SelfVisitor,visit,55,14,1
eclipse.pde.ui-20120217-1437,org.eclipse.pde.internal.core.builders,SelfVisitor,getType,3,1,0
eclipse.pde.ui-20120217-1437,org.eclipse.pde.internal.core.builders,SelfVisitor,reset,3,1,0
eclipse.pde.ui-20120217-1437,org.eclipse.pde.internal.core.builders,ManifestFilter,accept,3,1,2
eclipse.pde.ui-20120217-1437,org.eclipse.pde.internal.core.builders,ManifestErrorReporter,ManifestErrorReporter,3,1,1
eclipse.pde.ui-20120217-1437,org.eclipse.pde.internal.core.builders,ManifestErrorReporter,reportIllegalElement,9,2,2
eclipse.pde.ui-20120217-1437,org.eclipse.pde.internal.core.builders,ManifestErrorReporter,reportMissingRequiredAttribute,4,1,3
eclipse.pde.ui-20120217-1437,org.eclipse.pde.internal.core.builders,ManifestErrorReporter,assertAttributeDefined,8,2,3
eclipse.pde.ui-20120217-1437,org.eclipse.pde.internal.core.builders,ManifestErrorReporter,reportUnknownAttribute,4,1,3
eclipse.pde.ui-20120217-1437,org.eclipse.pde.internal.core.builders,ManifestErrorReporter,reportIllegalAttributeValue,4,1,2
eclipse.pde.ui-20120217-1437,org.eclipse.pde.internal.core.builders,ManifestErrorReporter,validateVersionAttribute,4,2,2
eclipse.pde.ui-20120217-1437,org.eclipse.pde.internal.core.builders,ManifestErrorReporter,validateMatch,4,2,2
eclipse.pde.ui-20120217-1437,org.eclipse.pde.internal.core.builders,ManifestErrorReporter,validateElementWithContent,14,5,2
eclipse.pde.ui-20120217-1437,org.eclipse.pde.internal.core.builders,ManifestErrorReporter,reportMissingElementContent,3,1,1
eclipse.pde.ui-20120217-1437,org.eclipse.pde.internal.core.builders,ManifestErrorReporter,reportExtraneousElements,8,3,2
eclipse.pde.ui-20120217-1437,org.eclipse.pde.internal.core.builders,ManifestErrorReporter,validateURL,10,2,2
eclipse.pde.ui-20120217-1437,org.eclipse.pde.internal.core.builders,ManifestErrorReporter,validatePluginID,8,2,2
eclipse.pde.ui-20120217-1437,org.eclipse.pde.internal.core.builders,ManifestErrorReporter,validateBoolean,4,2,2
eclipse.pde.ui-20120217-1437,org.eclipse.pde.internal.core.builders,ManifestErrorReporter,getChildrenByName,23,3,2
eclipse.pde.ui-20120217-1437,org.eclipse.pde.internal.core.builders,ManifestErrorReporter,getLength,3,1,0
eclipse.pde.ui-20120217-1437,org.eclipse.pde.internal.core.builders,ManifestErrorReporter,item,3,1,1
eclipse.pde.ui-20120217-1437,org.eclipse.pde.internal.core.builders,ManifestErrorReporter,add,3,1,1
eclipse.pde.ui-20120217-1437,org.eclipse.pde.internal.core.builders,ManifestErrorReporter,reportDeprecatedAttribute,6,2,2
eclipse.pde.ui-20120217-1437,org.eclipse.pde.internal.core.builders,NodeListImpl,getLength,3,1,0
eclipse.pde.ui-20120217-1437,org.eclipse.pde.internal.core.builders,NodeListImpl,item,3,1,1
eclipse.pde.ui-20120217-1437,org.eclipse.pde.internal.core.builders,NodeListImpl,add,3,1,1
eclipse.pde.ui-20120217-1437,org.eclipse.pde.internal.core.builders,PDEBuilderHelper,getUnlistedClasspaths,21,8,3
eclipse.pde.ui-20120217-1437,org.eclipse.pde.internal.core.builders,PDEBuilderHelper,getSourceEntries,12,3,1
eclipse.pde.ui-20120217-1437,org.eclipse.pde.internal.core.builders,PDEMarkerFactory,createMarker,6,1,3
eclipse.pde.ui-20120217-1437,org.eclipse.pde.internal.core.builders,PluginBaseErrorReporter,PluginBaseErrorReporter,3,1,1
eclipse.pde.ui-20120217-1437,org.eclipse.pde.internal.core.builders,PluginBaseErrorReporter,validateContent,33,10,1
eclipse.pde.ui-20120217-1437,org.eclipse.pde.internal.core.builders,PluginBaseErrorReporter,validateTopLevelAttributes,13,5,1
eclipse.pde.ui-20120217-1437,org.eclipse.pde.internal.core.builders,PluginBaseErrorReporter,getRootElementName,0,1,0
eclipse.pde.ui-20120217-1437,org.eclipse.pde.internal.core.builders,PluginBaseErrorReporter,validateRequires,13,4,1
eclipse.pde.ui-20120217-1437,org.eclipse.pde.internal.core.builders,PluginBaseErrorReporter,validateImport,13,6,1
eclipse.pde.ui-20120217-1437,org.eclipse.pde.internal.core.builders,PluginBaseErrorReporter,validateRuntime,13,4,1
eclipse.pde.ui-20120217-1437,org.eclipse.pde.internal.core.builders,PluginBaseErrorReporter,validateLibrary,21,6,1
eclipse.pde.ui-20120217-1437,org.eclipse.pde.internal.core.builders,PluginBaseErrorReporter,validatePluginIDRef,13,5,2
eclipse.pde.ui-20120217-1437,org.eclipse.pde.internal.core.builders,PluginBaseErrorReporter,reportDeprecatedElement,3,1,2
eclipse.pde.ui-20120217-1437,org.eclipse.pde.internal.core.builders,PluginErrorReporter,PluginErrorReporter,3,1,1
eclipse.pde.ui-20120217-1437,org.eclipse.pde.internal.core.builders,PluginErrorReporter,validateTopLevelAttributes,5,2,1
eclipse.pde.ui-20120217-1437,org.eclipse.pde.internal.core.builders,PluginErrorReporter,getRootElementName,3,1,0
eclipse.pde.ui-20120217-1437,org.eclipse.pde.internal.core.builders,PluginRebuilder,start,4,1,0
eclipse.pde.ui-20120217-1437,org.eclipse.pde.internal.core.builders,PluginRebuilder,stop,4,1,0
eclipse.pde.ui-20120217-1437,org.eclipse.pde.internal.core.builders,PluginRebuilder,resourceChanged,19,5,1
eclipse.pde.ui-20120217-1437,org.eclipse.pde.internal.core.builders,PluginRebuilder,touchProject,11,2,1
eclipse.pde.ui-20120217-1437,org.eclipse.pde.internal.core.builders,PluginRebuilder,stateChanged,4,1,1
eclipse.pde.ui-20120217-1437,org.eclipse.pde.internal.core.builders,PluginRebuilder,stateResolved,16,5,1
eclipse.pde.ui-20120217-1437,org.eclipse.pde.internal.core.builders,SchemaErrorReporter,StackEntry,4,1,2
eclipse.pde.ui-20120217-1437,org.eclipse.pde.internal.core.builders,SchemaErrorReporter,SchemaErrorReporter,5,1,1
eclipse.pde.ui-20120217-1437,org.eclipse.pde.internal.core.builders,SchemaErrorReporter,validateContent,29,8,1
eclipse.pde.ui-20120217-1437,org.eclipse.pde.internal.core.builders,SchemaErrorReporter,validate,18,6,1
eclipse.pde.ui-20120217-1437,org.eclipse.pde.internal.core.builders,SchemaErrorReporter,validateAnnotation,9,3,1
eclipse.pde.ui-20120217-1437,org.eclipse.pde.internal.core.builders,SchemaErrorReporter,validateDocumentation,74,20,1
eclipse.pde.ui-20120217-1437,org.eclipse.pde.internal.core.builders,SchemaErrorReporter,getTagName,4,1,1
eclipse.pde.ui-20120217-1437,org.eclipse.pde.internal.core.builders,SchemaErrorReporter,optionalEndTag,6,3,1
eclipse.pde.ui-20120217-1437,org.eclipse.pde.internal.core.builders,SchemaErrorReporter,forbiddenEndTag,6,3,1
eclipse.pde.ui-20120217-1437,org.eclipse.pde.internal.core.builders,SchemaErrorReporter,getLineBreakCount,8,3,1
eclipse.pde.ui-20120217-1437,org.eclipse.pde.internal.core.builders,SchemaErrorReporter,validateAttribute,3,1,1
eclipse.pde.ui-20120217-1437,org.eclipse.pde.internal.core.builders,SchemaErrorReporter,validateUse,10,3,1
eclipse.pde.ui-20120217-1437,org.eclipse.pde.internal.core.builders,SchemaErrorReporter,validateInclude,20,6,1
eclipse.pde.ui-20120217-1437,org.eclipse.pde.internal.core.builders,SchemaErrorReporter,validateElementReference,9,3,1
eclipse.pde.ui-20120217-1437,org.eclipse.pde.internal.core.builders,StackEntry,StackEntry,4,1,2
eclipse.pde.ui-20120217-1437,org.eclipse.pde.internal.core.builders,SchemaTransformer,transform,3,1,2
eclipse.pde.ui-20120217-1437,org.eclipse.pde.internal.core.builders,SchemaTransformer,transform,7,1,4
eclipse.pde.ui-20120217-1437,org.eclipse.pde.internal.core.builders,SchemaTransformer,setCssURL,9,4,1
eclipse.pde.ui-20120217-1437,org.eclipse.pde.internal.core.builders,SchemaTransformer,getCssURL,3,1,0
eclipse.pde.ui-20120217-1437,org.eclipse.pde.internal.core.builders,SchemaTransformer,getSchemaCssURL,8,3,0
eclipse.pde.ui-20120217-1437,org.eclipse.pde.internal.core.builders,SchemaTransformer,printHTMLContent,7,1,0
eclipse.pde.ui-20120217-1437,org.eclipse.pde.internal.core.builders,SchemaTransformer,printHeader,7,1,0
eclipse.pde.ui-20120217-1437,org.eclipse.pde.internal.core.builders,SchemaTransformer,printStyles,4,1,0
eclipse.pde.ui-20120217-1437,org.eclipse.pde.internal.core.builders,SchemaTransformer,getResourceURL,12,3,2
eclipse.pde.ui-20120217-1437,org.eclipse.pde.internal.core.builders,SchemaTransformer,printBody,32,4,0
eclipse.pde.ui-20120217-1437,org.eclipse.pde.internal.core.builders,SchemaTransformer,transformSection,11,5,2
eclipse.pde.ui-20120217-1437,org.eclipse.pde.internal.core.builders,SchemaTransformer,findSection,8,3,2
eclipse.pde.ui-20120217-1437,org.eclipse.pde.internal.core.builders,SchemaTransformer,transformText,64,14,1
eclipse.pde.ui-20120217-1437,org.eclipse.pde.internal.core.builders,SchemaTransformer,transformDescription,14,3,0
eclipse.pde.ui-20120217-1437,org.eclipse.pde.internal.core.builders,SchemaTransformer,transformMarkup,7,2,0
eclipse.pde.ui-20120217-1437,org.eclipse.pde.internal.core.builders,SchemaTransformer,transformElement,48,11,1
eclipse.pde.ui-20120217-1437,org.eclipse.pde.internal.core.builders,SchemaTransformer,containsParagraph,5,3,1
eclipse.pde.ui-20120217-1437,org.eclipse.pde.internal.core.builders,SchemaTransformer,appendAttlist,35,10,2
eclipse.pde.ui-20120217-1437,org.eclipse.pde.internal.core.builders,SchemaTransformer,appendRestriction,11,4,1
eclipse.pde.ui-20120217-1437,org.eclipse.pde.internal.core.builders,SchemaTransformer,isPreEnd,4,2,2
eclipse.pde.ui-20120217-1437,org.eclipse.pde.internal.core.builders,SchemaTransformer,isPreStart,4,2,2
eclipse.pde.ui-20120217-1437,org.eclipse.pde.internal.core.builders,SchemaTransformer,calculateMaxAttributeWidth,7,2,1
eclipse.pde.ui-20120217-1437,org.eclipse.pde.internal.core.builders,SchemaTransformer,getProductPlugin,10,3,0
eclipse.pde.ui-20120217-1437,org.eclipse.pde.internal.core.builders,SourceEntryErrorReporter,SourceEntryErrorReporter,4,1,2
eclipse.pde.ui-20120217-1437,org.eclipse.pde.internal.core.builders,SourceEntryErrorReporter,ProjectFolder,3,1,1
eclipse.pde.ui-20120217-1437,org.eclipse.pde.internal.core.builders,SourceEntryErrorReporter,getPath,3,1,0
eclipse.pde.ui-20120217-1437,org.eclipse.pde.internal.core.builders,SourceEntryErrorReporter,setToken,3,1,1
eclipse.pde.ui-20120217-1437,org.eclipse.pde.internal.core.builders,SourceEntryErrorReporter,getToken,6,2,0
eclipse.pde.ui-20120217-1437,org.eclipse.pde.internal.core.builders,SourceEntryErrorReporter,addLib,6,2,1
eclipse.pde.ui-20120217-1437,org.eclipse.pde.internal.core.builders,SourceEntryErrorReporter,getLibs,3,1,0
eclipse.pde.ui-20120217-1437,org.eclipse.pde.internal.core.builders,SourceEntryErrorReporter,getDupeLibName,3,1,0
eclipse.pde.ui-20120217-1437,org.eclipse.pde.internal.core.builders,SourceEntryErrorReporter,SourceFolder,4,1,2
eclipse.pde.ui-20120217-1437,org.eclipse.pde.internal.core.builders,SourceEntryErrorReporter,getOutputLocation,3,1,0
eclipse.pde.ui-20120217-1437,org.eclipse.pde.internal.core.builders,SourceEntryErrorReporter,OutputFolder,3,1,1
eclipse.pde.ui-20120217-1437,org.eclipse.pde.internal.core.builders,SourceEntryErrorReporter,OutputFolder,4,1,2
eclipse.pde.ui-20120217-1437,org.eclipse.pde.internal.core.builders,SourceEntryErrorReporter,addSourceFolder,3,2,1
eclipse.pde.ui-20120217-1437,org.eclipse.pde.internal.core.builders,SourceEntryErrorReporter,isLibrary,3,1,0
eclipse.pde.ui-20120217-1437,org.eclipse.pde.internal.core.builders,SourceEntryErrorReporter,getSourceFolders,3,1,0
eclipse.pde.ui-20120217-1437,org.eclipse.pde.internal.core.builders,SourceEntryErrorReporter,EncodingEntry,4,1,2
eclipse.pde.ui-20120217-1437,org.eclipse.pde.internal.core.builders,SourceEntryErrorReporter,getEncoding,3,1,0
eclipse.pde.ui-20120217-1437,org.eclipse.pde.internal.core.builders,SourceEntryErrorReporter,getResource,3,1,0
eclipse.pde.ui-20120217-1437,org.eclipse.pde.internal.core.builders,SourceEntryErrorReporter,toString,3,1,0
eclipse.pde.ui-20120217-1437,org.eclipse.pde.internal.core.builders,SourceEntryErrorReporter,equals,7,2,1
eclipse.pde.ui-20120217-1437,org.eclipse.pde.internal.core.builders,SourceEntryErrorReporter,hashCode,3,1,0
eclipse.pde.ui-20120217-1437,org.eclipse.pde.internal.core.builders,SourceEntryErrorReporter,getValue,9,1,0
eclipse.pde.ui-20120217-1437,org.eclipse.pde.internal.core.builders,SourceEntryErrorReporter,Visitor,4,1,1
eclipse.pde.ui-20120217-1437,org.eclipse.pde.internal.core.builders,SourceEntryErrorReporter,visit,27,7,1
eclipse.pde.ui-20120217-1437,org.eclipse.pde.internal.core.builders,SourceEntryErrorReporter,initialize,92,22,4
eclipse.pde.ui-20120217-1437,org.eclipse.pde.internal.core.builders,SourceEntryErrorReporter,getPath,17,5,1
eclipse.pde.ui-20120217-1437,org.eclipse.pde.internal.core.builders,SourceEntryErrorReporter,validate,281,56,0
eclipse.pde.ui-20120217-1437,org.eclipse.pde.internal.core.builders,SourceEntryErrorReporter,getOutputList,3,1,0
eclipse.pde.ui-20120217-1437,org.eclipse.pde.internal.core.builders,SourceEntryErrorReporter,getSourceList,3,1,0
eclipse.pde.ui-20120217-1437,org.eclipse.pde.internal.core.builders,SourceEntryErrorReporter,generateList,13,3,1
eclipse.pde.ui-20120217-1437,org.eclipse.pde.internal.core.builders,SourceEntryErrorReporter,addSrcFolder,5,2,1
eclipse.pde.ui-20120217-1437,org.eclipse.pde.internal.core.builders,SourceEntryErrorReporter,addOutputFolder,5,2,1
eclipse.pde.ui-20120217-1437,org.eclipse.pde.internal.core.builders,SourceEntryErrorReporter,getExplicitEncoding,17,5,1
eclipse.pde.ui-20120217-1437,org.eclipse.pde.internal.core.builders,SourceEntryErrorReporter,join,12,3,1
eclipse.pde.ui-20120217-1437,org.eclipse.pde.internal.core.builders,SourceEntryErrorReporter,getProblemList,3,1,0
eclipse.pde.ui-20120217-1437,org.eclipse.pde.internal.core.builders,ProjectFolder,ProjectFolder,3,1,1
eclipse.pde.ui-20120217-1437,org.eclipse.pde.internal.core.builders,ProjectFolder,getPath,3,1,0
eclipse.pde.ui-20120217-1437,org.eclipse.pde.internal.core.builders,ProjectFolder,setToken,3,1,1
eclipse.pde.ui-20120217-1437,org.eclipse.pde.internal.core.builders,ProjectFolder,getToken,6,2,0
eclipse.pde.ui-20120217-1437,org.eclipse.pde.internal.core.builders,ProjectFolder,addLib,6,2,1
eclipse.pde.ui-20120217-1437,org.eclipse.pde.internal.core.builders,ProjectFolder,getLibs,3,1,0
eclipse.pde.ui-20120217-1437,org.eclipse.pde.internal.core.builders,ProjectFolder,getDupeLibName,3,1,0
eclipse.pde.ui-20120217-1437,org.eclipse.pde.internal.core.builders,SourceFolder,SourceFolder,4,1,2
eclipse.pde.ui-20120217-1437,org.eclipse.pde.internal.core.builders,SourceFolder,getOutputLocation,3,1,0
eclipse.pde.ui-20120217-1437,org.eclipse.pde.internal.core.builders,OutputFolder,OutputFolder,3,1,1
eclipse.pde.ui-20120217-1437,org.eclipse.pde.internal.core.builders,OutputFolder,OutputFolder,4,1,2
eclipse.pde.ui-20120217-1437,org.eclipse.pde.internal.core.builders,OutputFolder,addSourceFolder,3,2,1
eclipse.pde.ui-20120217-1437,org.eclipse.pde.internal.core.builders,OutputFolder,isLibrary,3,1,0
eclipse.pde.ui-20120217-1437,org.eclipse.pde.internal.core.builders,OutputFolder,getSourceFolders,3,1,0
eclipse.pde.ui-20120217-1437,org.eclipse.pde.internal.core.builders,EncodingEntry,EncodingEntry,4,1,2
eclipse.pde.ui-20120217-1437,org.eclipse.pde.internal.core.builders,EncodingEntry,getEncoding,3,1,0
eclipse.pde.ui-20120217-1437,org.eclipse.pde.internal.core.builders,EncodingEntry,getResource,3,1,0
eclipse.pde.ui-20120217-1437,org.eclipse.pde.internal.core.builders,EncodingEntry,toString,3,1,0
eclipse.pde.ui-20120217-1437,org.eclipse.pde.internal.core.builders,EncodingEntry,equals,7,2,1
eclipse.pde.ui-20120217-1437,org.eclipse.pde.internal.core.builders,EncodingEntry,hashCode,3,1,0
eclipse.pde.ui-20120217-1437,org.eclipse.pde.internal.core.builders,EncodingEntry,getValue,9,1,0
eclipse.pde.ui-20120217-1437,org.eclipse.pde.internal.core.builders,Visitor,Visitor,4,1,1
eclipse.pde.ui-20120217-1437,org.eclipse.pde.internal.core.builders,Visitor,visit,27,7,1
eclipse.pde.ui-20120217-1437,org.eclipse.pde.internal.core.builders,MissingOutputEntry,getOutputList,3,1,0
eclipse.pde.ui-20120217-1437,org.eclipse.pde.internal.core.builders,MissingOutputEntry,getSourceList,3,1,0
eclipse.pde.ui-20120217-1437,org.eclipse.pde.internal.core.builders,MissingOutputEntry,generateList,13,3,1
eclipse.pde.ui-20120217-1437,org.eclipse.pde.internal.core.builders,MissingOutputEntry,addSrcFolder,5,2,1
eclipse.pde.ui-20120217-1437,org.eclipse.pde.internal.core.builders,MissingOutputEntry,addOutputFolder,5,2,1
eclipse.pde.ui-20120217-1437,org.eclipse.pde.internal.core.builders,UpdateSiteBuilder,DeltaVisitor,3,1,1
eclipse.pde.ui-20120217-1437,org.eclipse.pde.internal.core.builders,UpdateSiteBuilder,visit,23,5,1
eclipse.pde.ui-20120217-1437,org.eclipse.pde.internal.core.builders,UpdateSiteBuilder,build,15,4,3
eclipse.pde.ui-20120217-1437,org.eclipse.pde.internal.core.builders,UpdateSiteBuilder,checkFile,11,2,2
eclipse.pde.ui-20120217-1437,org.eclipse.pde.internal.core.builders,UpdateSiteBuilder,clean,13,2,1
eclipse.pde.ui-20120217-1437,org.eclipse.pde.internal.core.builders,DeltaVisitor,DeltaVisitor,3,1,1
eclipse.pde.ui-20120217-1437,org.eclipse.pde.internal.core.builders,DeltaVisitor,visit,23,5,1
eclipse.pde.ui-20120217-1437,org.eclipse.pde.internal.core.builders,UpdateSiteErrorReporter,UpdateSiteErrorReporter,3,1,1
eclipse.pde.ui-20120217-1437,org.eclipse.pde.internal.core.builders,UpdateSiteErrorReporter,validateContent,23,5,1
eclipse.pde.ui-20120217-1437,org.eclipse.pde.internal.core.builders,UpdateSiteErrorReporter,validateArchives,20,6,1
eclipse.pde.ui-20120217-1437,org.eclipse.pde.internal.core.builders,UpdateSiteErrorReporter,validateCategoryDefinitions,18,5,1
eclipse.pde.ui-20120217-1437,org.eclipse.pde.internal.core.builders,UpdateSiteErrorReporter,validateCategories,16,5,1
eclipse.pde.ui-20120217-1437,org.eclipse.pde.internal.core.builders,UpdateSiteErrorReporter,validateFeatures,25,7,1
eclipse.pde.ui-20120217-1437,org.eclipse.pde.internal.core.builders,UpdateSiteErrorReporter,validateDescription,10,4,1
eclipse.pde.ui-20120217-1437,org.eclipse.pde.internal.core.builders,XMLErrorReporter,ElementData,3,1,1
eclipse.pde.ui-20120217-1437,org.eclipse.pde.internal.core.builders,XMLErrorReporter,XMLErrorReporter,17,1,1
eclipse.pde.ui-20120217-1437,org.eclipse.pde.internal.core.builders,XMLErrorReporter,getFile,3,1,0
eclipse.pde.ui-20120217-1437,org.eclipse.pde.internal.core.builders,XMLErrorReporter,addMarker,15,3,5
eclipse.pde.ui-20120217-1437,org.eclipse.pde.internal.core.builders,XMLErrorReporter,getMarkerFactory,4,2,0
eclipse.pde.ui-20120217-1437,org.eclipse.pde.internal.core.builders,XMLErrorReporter,addMarker,3,1,2
eclipse.pde.ui-20120217-1437,org.eclipse.pde.internal.core.builders,XMLErrorReporter,error,4,1,1
eclipse.pde.ui-20120217-1437,org.eclipse.pde.internal.core.builders,XMLErrorReporter,fatalError,4,1,1
eclipse.pde.ui-20120217-1437,org.eclipse.pde.internal.core.builders,XMLErrorReporter,getErrorCount,3,1,0
eclipse.pde.ui-20120217-1437,org.eclipse.pde.internal.core.builders,XMLErrorReporter,removeFileMarkers,9,1,0
eclipse.pde.ui-20120217-1437,org.eclipse.pde.internal.core.builders,XMLErrorReporter,report,9,2,7
eclipse.pde.ui-20120217-1437,org.eclipse.pde.internal.core.builders,XMLErrorReporter,generateLocationPath,13,4,2
eclipse.pde.ui-20120217-1437,org.eclipse.pde.internal.core.builders,XMLErrorReporter,composeNodeString,11,2,4
eclipse.pde.ui-20120217-1437,org.eclipse.pde.internal.core.builders,XMLErrorReporter,report,5,3,5
eclipse.pde.ui-20120217-1437,org.eclipse.pde.internal.core.builders,XMLErrorReporter,report,3,1,4
eclipse.pde.ui-20120217-1437,org.eclipse.pde.internal.core.builders,XMLErrorReporter,warning,3,1,1
eclipse.pde.ui-20120217-1437,org.eclipse.pde.internal.core.builders,XMLErrorReporter,startDocument,8,1,0
eclipse.pde.ui-20120217-1437,org.eclipse.pde.internal.core.builders,XMLErrorReporter,endDocument,3,1,0
eclipse.pde.ui-20120217-1437,org.eclipse.pde.internal.core.builders,XMLErrorReporter,startElement,14,4,4
eclipse.pde.ui-20120217-1437,org.eclipse.pde.internal.core.builders,XMLErrorReporter,endElement,3,1,3
eclipse.pde.ui-20120217-1437,org.eclipse.pde.internal.core.builders,XMLErrorReporter,generateErrorElementHierarchy,6,3,0
eclipse.pde.ui-20120217-1437,org.eclipse.pde.internal.core.builders,XMLErrorReporter,characters,9,3,3
eclipse.pde.ui-20120217-1437,org.eclipse.pde.internal.core.builders,XMLErrorReporter,setDocumentLocator,3,1,1
eclipse.pde.ui-20120217-1437,org.eclipse.pde.internal.core.builders,XMLErrorReporter,getStartOffset,31,11,1
eclipse.pde.ui-20120217-1437,org.eclipse.pde.internal.core.builders,XMLErrorReporter,getAttributeOffset,7,2,3
eclipse.pde.ui-20120217-1437,org.eclipse.pde.internal.core.builders,XMLErrorReporter,getWritableString,27,7,1
eclipse.pde.ui-20120217-1437,org.eclipse.pde.internal.core.builders,XMLErrorReporter,getTextContent,11,2,1
eclipse.pde.ui-20120217-1437,org.eclipse.pde.internal.core.builders,XMLErrorReporter,getLine,9,1,1
eclipse.pde.ui-20120217-1437,org.eclipse.pde.internal.core.builders,XMLErrorReporter,getLine,10,2,2
eclipse.pde.ui-20120217-1437,org.eclipse.pde.internal.core.builders,XMLErrorReporter,validateContent,2,1,1
eclipse.pde.ui-20120217-1437,org.eclipse.pde.internal.core.builders,XMLErrorReporter,getDocumentRoot,4,2,0
eclipse.pde.ui-20120217-1437,org.eclipse.pde.internal.core.builders,XMLErrorReporter,processingInstruction,10,3,2
eclipse.pde.ui-20120217-1437,org.eclipse.pde.internal.core.builders,XMLErrorReporter,getSchemaVersion,3,1,0
eclipse.pde.ui-20120217-1437,org.eclipse.pde.internal.core.builders,XMLErrorReporter,resolveEntity,12,2,2
eclipse.pde.ui-20120217-1437,org.eclipse.pde.internal.core.builders,ElementData,ElementData,3,1,1
eclipse.pde.ui-20120217-1437,org.eclipse.pde.internal.core.bundle,Bundle,setHeader,7,3,2
eclipse.pde.ui-20120217-1437,org.eclipse.pde.internal.core.bundle,Bundle,getHeader,6,2,1
eclipse.pde.ui-20120217-1437,org.eclipse.pde.internal.core.bundle,Bundle,load,8,2,1
eclipse.pde.ui-20120217-1437,org.eclipse.pde.internal.core.bundle,Bundle,getLocalization,4,1,0
eclipse.pde.ui-20120217-1437,org.eclipse.pde.internal.core.bundle,Bundle,setLocalization,3,1,1
eclipse.pde.ui-20120217-1437,org.eclipse.pde.internal.core.bundle,Bundle,renameHeader,6,3,2
eclipse.pde.ui-20120217-1437,org.eclipse.pde.internal.core.bundle,Bundle,getManifestHeader,3,1,1
eclipse.pde.ui-20120217-1437,org.eclipse.pde.internal.core.bundle,Bundle,getHeaders,3,1,0
eclipse.pde.ui-20120217-1437,org.eclipse.pde.internal.core.bundle,BundleFragment,getPluginId,3,1,0
eclipse.pde.ui-20120217-1437,org.eclipse.pde.internal.core.bundle,BundleFragment,getPluginVersion,14,2,0
eclipse.pde.ui-20120217-1437,org.eclipse.pde.internal.core.bundle,BundleFragment,getRule,5,1,0
eclipse.pde.ui-20120217-1437,org.eclipse.pde.internal.core.bundle,BundleFragment,setPluginId,14,3,1
eclipse.pde.ui-20120217-1437,org.eclipse.pde.internal.core.bundle,BundleFragment,setPluginVersion,14,3,1
eclipse.pde.ui-20120217-1437,org.eclipse.pde.internal.core.bundle,BundleFragment,setRule,2,1,1
eclipse.pde.ui-20120217-1437,org.eclipse.pde.internal.core.bundle,BundleFragment,writeFragmentHost,8,3,2
eclipse.pde.ui-20120217-1437,org.eclipse.pde.internal.core.bundle,BundleFragment,getAttribute,13,4,2
eclipse.pde.ui-20120217-1437,org.eclipse.pde.internal.core.bundle,BundleFragment,isPatch,3,1,0
eclipse.pde.ui-20120217-1437,org.eclipse.pde.internal.core.bundle,BundleFragmentModel,createPluginBase,5,1,0
eclipse.pde.ui-20120217-1437,org.eclipse.pde.internal.core.bundle,BundleFragmentModel,getFragment,3,1,0
eclipse.pde.ui-20120217-1437,org.eclipse.pde.internal.core.bundle,BundleFragmentModel,isFragmentModel,3,1,0
eclipse.pde.ui-20120217-1437,org.eclipse.pde.internal.core.bundle,BundleModel,BundleModel,4,1,0
eclipse.pde.ui-20120217-1437,org.eclipse.pde.internal.core.bundle,BundleModel,getBundle,4,2,0
eclipse.pde.ui-20120217-1437,org.eclipse.pde.internal.core.bundle,BundleModel,getInstallLocation,3,1,0
eclipse.pde.ui-20120217-1437,org.eclipse.pde.internal.core.bundle,BundleModel,load,0,1,0
eclipse.pde.ui-20120217-1437,org.eclipse.pde.internal.core.bundle,BundleModel,isFragmentModel,3,1,0
eclipse.pde.ui-20120217-1437,org.eclipse.pde.internal.core.bundle,BundleModel,load,26,4,2
eclipse.pde.ui-20120217-1437,org.eclipse.pde.internal.core.bundle,BundleModel,load,34,11,2
eclipse.pde.ui-20120217-1437,org.eclipse.pde.internal.core.bundle,BundleModel,writeFragmentHost,10,3,1
eclipse.pde.ui-20120217-1437,org.eclipse.pde.internal.core.bundle,BundleModel,reload,4,1,2
eclipse.pde.ui-20120217-1437,org.eclipse.pde.internal.core.bundle,BundleObject,BundleObject,2,1,0
eclipse.pde.ui-20120217-1437,org.eclipse.pde.internal.core.bundle,BundleObject,getModel,3,1,0
eclipse.pde.ui-20120217-1437,org.eclipse.pde.internal.core.bundle,BundleObject,setModel,3,1,1
eclipse.pde.ui-20120217-1437,org.eclipse.pde.internal.core.bundle,BundleObject,throwCoreException,4,1,1
eclipse.pde.ui-20120217-1437,org.eclipse.pde.internal.core.bundle,BundleObject,fireStructureChanged,4,1,2
eclipse.pde.ui-20120217-1437,org.eclipse.pde.internal.core.bundle,BundleObject,fireStructureChanged,4,1,2
eclipse.pde.ui-20120217-1437,org.eclipse.pde.internal.core.bundle,BundleObject,fireModelChanged,4,1,1
eclipse.pde.ui-20120217-1437,org.eclipse.pde.internal.core.bundle,BundleObject,firePropertyChanged,4,1,4
eclipse.pde.ui-20120217-1437,org.eclipse.pde.internal.core.bundle,BundleObject,write,4,1,2
eclipse.pde.ui-20120217-1437,org.eclipse.pde.internal.core.bundle,BundleObject,reconnect,3,1,1
eclipse.pde.ui-20120217-1437,org.eclipse.pde.internal.core.bundle,BundleObject,writeDelimeter,4,1,1
eclipse.pde.ui-20120217-1437,org.eclipse.pde.internal.core.bundle,BundlePlugin,getClassName,3,1,0
eclipse.pde.ui-20120217-1437,org.eclipse.pde.internal.core.bundle,BundlePlugin,setClassName,11,3,1
eclipse.pde.ui-20120217-1437,org.eclipse.pde.internal.core.bundle,BundlePlugin,getClassHeader,7,3,0
eclipse.pde.ui-20120217-1437,org.eclipse.pde.internal.core.bundle,BundlePlugin,hasExtensibleAPI,3,1,0
eclipse.pde.ui-20120217-1437,org.eclipse.pde.internal.core.bundle,BundlePluginBase,reset,4,1,0
eclipse.pde.ui-20120217-1437,org.eclipse.pde.internal.core.bundle,BundlePluginBase,getSchemaVersion,5,2,0
eclipse.pde.ui-20120217-1437,org.eclipse.pde.internal.core.bundle,BundlePluginBase,setSchemaVersion,6,4,1
eclipse.pde.ui-20120217-1437,org.eclipse.pde.internal.core.bundle,BundlePluginBase,modelChanged,11,4,1
eclipse.pde.ui-20120217-1437,org.eclipse.pde.internal.core.bundle,BundlePluginBase,getBundle,7,2,0
eclipse.pde.ui-20120217-1437,org.eclipse.pde.internal.core.bundle,BundlePluginBase,getManifestHeader,4,1,1
eclipse.pde.ui-20120217-1437,org.eclipse.pde.internal.core.bundle,BundlePluginBase,getModel,3,1,0
eclipse.pde.ui-20120217-1437,org.eclipse.pde.internal.core.bundle,BundlePluginBase,setModel,3,1,1
eclipse.pde.ui-20120217-1437,org.eclipse.pde.internal.core.bundle,BundlePluginBase,getExtensionsRoot,7,2,0
eclipse.pde.ui-20120217-1437,org.eclipse.pde.internal.core.bundle,BundlePluginBase,add,13,3,1
eclipse.pde.ui-20120217-1437,org.eclipse.pde.internal.core.bundle,BundlePluginBase,addLibrary,7,2,2
eclipse.pde.ui-20120217-1437,org.eclipse.pde.internal.core.bundle,BundlePluginBase,removeLibrary,27,8,2
eclipse.pde.ui-20120217-1437,org.eclipse.pde.internal.core.bundle,BundlePluginBase,remove,14,4,1
eclipse.pde.ui-20120217-1437,org.eclipse.pde.internal.core.bundle,BundlePluginBase,add,7,3,1
eclipse.pde.ui-20120217-1437,org.eclipse.pde.internal.core.bundle,BundlePluginBase,add,10,5,1
eclipse.pde.ui-20120217-1437,org.eclipse.pde.internal.core.bundle,BundlePluginBase,addImport,21,8,1
eclipse.pde.ui-20120217-1437,org.eclipse.pde.internal.core.bundle,BundlePluginBase,remove,11,3,1
eclipse.pde.ui-20120217-1437,org.eclipse.pde.internal.core.bundle,BundlePluginBase,remove,13,4,1
eclipse.pde.ui-20120217-1437,org.eclipse.pde.internal.core.bundle,BundlePluginBase,getLibraries,24,5,0
eclipse.pde.ui-20120217-1437,org.eclipse.pde.internal.core.bundle,BundlePluginBase,getImports,49,8,0
eclipse.pde.ui-20120217-1437,org.eclipse.pde.internal.core.bundle,BundlePluginBase,getProviderName,4,1,0
eclipse.pde.ui-20120217-1437,org.eclipse.pde.internal.core.bundle,BundlePluginBase,setProviderName,11,3,1
eclipse.pde.ui-20120217-1437,org.eclipse.pde.internal.core.bundle,BundlePluginBase,getVersion,8,2,0
eclipse.pde.ui-20120217-1437,org.eclipse.pde.internal.core.bundle,BundlePluginBase,setVersion,11,3,1
eclipse.pde.ui-20120217-1437,org.eclipse.pde.internal.core.bundle,BundlePluginBase,swap,14,3,2
eclipse.pde.ui-20120217-1437,org.eclipse.pde.internal.core.bundle,BundlePluginBase,fireStructureChanged,4,1,2
eclipse.pde.ui-20120217-1437,org.eclipse.pde.internal.core.bundle,BundlePluginBase,fireStructureChanged,4,1,2
eclipse.pde.ui-20120217-1437,org.eclipse.pde.internal.core.bundle,BundlePluginBase,add,7,3,1
eclipse.pde.ui-20120217-1437,org.eclipse.pde.internal.core.bundle,BundlePluginBase,add,7,3,1
eclipse.pde.ui-20120217-1437,org.eclipse.pde.internal.core.bundle,BundlePluginBase,getResourceString,3,1,1
eclipse.pde.ui-20120217-1437,org.eclipse.pde.internal.core.bundle,BundlePluginBase,getExtensionPoints,5,2,0
eclipse.pde.ui-20120217-1437,org.eclipse.pde.internal.core.bundle,BundlePluginBase,getExtensions,5,2,0
eclipse.pde.ui-20120217-1437,org.eclipse.pde.internal.core.bundle,BundlePluginBase,getIndexOf,5,2,1
eclipse.pde.ui-20120217-1437,org.eclipse.pde.internal.core.bundle,BundlePluginBase,remove,8,3,1
eclipse.pde.ui-20120217-1437,org.eclipse.pde.internal.core.bundle,BundlePluginBase,remove,8,3,1
eclipse.pde.ui-20120217-1437,org.eclipse.pde.internal.core.bundle,BundlePluginBase,updateSingleton,16,6,1
eclipse.pde.ui-20120217-1437,org.eclipse.pde.internal.core.bundle,BundlePluginBase,swap,7,2,2
eclipse.pde.ui-20120217-1437,org.eclipse.pde.internal.core.bundle,BundlePluginBase,swap,14,3,2
eclipse.pde.ui-20120217-1437,org.eclipse.pde.internal.core.bundle,BundlePluginBase,getId,3,1,0
eclipse.pde.ui-20120217-1437,org.eclipse.pde.internal.core.bundle,BundlePluginBase,getValue,13,4,2
eclipse.pde.ui-20120217-1437,org.eclipse.pde.internal.core.bundle,BundlePluginBase,setId,11,3,1
eclipse.pde.ui-20120217-1437,org.eclipse.pde.internal.core.bundle,BundlePluginBase,getPluginModel,3,1,0
eclipse.pde.ui-20120217-1437,org.eclipse.pde.internal.core.bundle,BundlePluginBase,getName,3,1,0
eclipse.pde.ui-20120217-1437,org.eclipse.pde.internal.core.bundle,BundlePluginBase,setName,11,3,1
eclipse.pde.ui-20120217-1437,org.eclipse.pde.internal.core.bundle,BundlePluginBase,isInTheModel,3,1,0
eclipse.pde.ui-20120217-1437,org.eclipse.pde.internal.core.bundle,BundlePluginBase,getTranslatedName,3,1,0
eclipse.pde.ui-20120217-1437,org.eclipse.pde.internal.core.bundle,BundlePluginBase,getParent,3,1,0
eclipse.pde.ui-20120217-1437,org.eclipse.pde.internal.core.bundle,BundlePluginBase,getPluginBase,3,1,0
eclipse.pde.ui-20120217-1437,org.eclipse.pde.internal.core.bundle,BundlePluginBase,isValid,4,1,0
eclipse.pde.ui-20120217-1437,org.eclipse.pde.internal.core.bundle,BundlePluginBase,write,2,1,2
eclipse.pde.ui-20120217-1437,org.eclipse.pde.internal.core.bundle,BundlePluginBase,setInTheModel,2,1,1
eclipse.pde.ui-20120217-1437,org.eclipse.pde.internal.core.bundle,BundlePluginBase,getBundleManifestVersion,10,2,1
eclipse.pde.ui-20120217-1437,org.eclipse.pde.internal.core.bundle,BundlePluginBase,updateImport,4,2,1
eclipse.pde.ui-20120217-1437,org.eclipse.pde.internal.core.bundle,BundlePluginBase,getTargetVersion,3,1,0
eclipse.pde.ui-20120217-1437,org.eclipse.pde.internal.core.bundle,BundlePluginBase,setTargetVersion,3,1,1
eclipse.pde.ui-20120217-1437,org.eclipse.pde.internal.core.bundle,BundlePluginBase,getIndexOf,6,2,1
eclipse.pde.ui-20120217-1437,org.eclipse.pde.internal.core.bundle,BundlePluginBase,getPreviousImport,17,5,1
eclipse.pde.ui-20120217-1437,org.eclipse.pde.internal.core.bundle,BundlePluginBase,getNextImport,18,5,1
eclipse.pde.ui-20120217-1437,org.eclipse.pde.internal.core.bundle,BundlePluginBase,add,21,5,2
eclipse.pde.ui-20120217-1437,org.eclipse.pde.internal.core.bundle,BundlePluginBase,addImport,10,2,2
eclipse.pde.ui-20120217-1437,org.eclipse.pde.internal.core.bundle,BundlePluginBase,add,26,6,2
eclipse.pde.ui-20120217-1437,org.eclipse.pde.internal.core.bundle,BundlePluginBase,getIndexOf,6,2,1
eclipse.pde.ui-20120217-1437,org.eclipse.pde.internal.core.bundle,BundlePluginBase,getNextLibrary,18,5,1
eclipse.pde.ui-20120217-1437,org.eclipse.pde.internal.core.bundle,BundlePluginBase,getPreviousLibrary,17,5,1
eclipse.pde.ui-20120217-1437,org.eclipse.pde.internal.core.bundle,BundlePluginBase,ensureModelEditable,5,2,0
eclipse.pde.ui-20120217-1437,org.eclipse.pde.internal.core.bundle,BundlePluginBase,throwCoreException,6,1,1
eclipse.pde.ui-20120217-1437,org.eclipse.pde.internal.core.bundle,BundlePluginModel,createPluginBase,5,1,0
eclipse.pde.ui-20120217-1437,org.eclipse.pde.internal.core.bundle,BundlePluginModel,getPlugin,3,1,0
eclipse.pde.ui-20120217-1437,org.eclipse.pde.internal.core.bundle,BundlePluginModel,isFragmentModel,3,1,0
eclipse.pde.ui-20120217-1437,org.eclipse.pde.internal.core.bundle,BundlePluginModelBase,BundlePluginModelBase,3,1,0
eclipse.pde.ui-20120217-1437,org.eclipse.pde.internal.core.bundle,BundlePluginModelBase,getBundleModel,3,1,0
eclipse.pde.ui-20120217-1437,org.eclipse.pde.internal.core.bundle,BundlePluginModelBase,getUnderlyingResource,3,1,0
eclipse.pde.ui-20120217-1437,org.eclipse.pde.internal.core.bundle,BundlePluginModelBase,getExtensionsModel,3,1,0
eclipse.pde.ui-20120217-1437,org.eclipse.pde.internal.core.bundle,BundlePluginModelBase,dispose,13,5,0
eclipse.pde.ui-20120217-1437,org.eclipse.pde.internal.core.bundle,BundlePluginModelBase,save,10,5,0
eclipse.pde.ui-20120217-1437,org.eclipse.pde.internal.core.bundle,BundlePluginModelBase,setBundleModel,7,3,1
eclipse.pde.ui-20120217-1437,org.eclipse.pde.internal.core.bundle,BundlePluginModelBase,setExtensionsModel,10,4,1
eclipse.pde.ui-20120217-1437,org.eclipse.pde.internal.core.bundle,BundlePluginModelBase,getBuildModel,3,1,0
eclipse.pde.ui-20120217-1437,org.eclipse.pde.internal.core.bundle,BundlePluginModelBase,setBuildModel,3,1,1
eclipse.pde.ui-20120217-1437,org.eclipse.pde.internal.core.bundle,BundlePluginModelBase,getPluginBase,3,1,0
eclipse.pde.ui-20120217-1437,org.eclipse.pde.internal.core.bundle,BundlePluginModelBase,getExtensions,3,1,0
eclipse.pde.ui-20120217-1437,org.eclipse.pde.internal.core.bundle,BundlePluginModelBase,fireModelChanged,9,3,1
eclipse.pde.ui-20120217-1437,org.eclipse.pde.internal.core.bundle,BundlePluginModelBase,getPluginBase,8,3,1
eclipse.pde.ui-20120217-1437,org.eclipse.pde.internal.core.bundle,BundlePluginModelBase,getExtensions,3,1,1
eclipse.pde.ui-20120217-1437,org.eclipse.pde.internal.core.bundle,BundlePluginModelBase,getPluginFactory,3,1,0
eclipse.pde.ui-20120217-1437,org.eclipse.pde.internal.core.bundle,BundlePluginModelBase,getFactory,4,2,0
eclipse.pde.ui-20120217-1437,org.eclipse.pde.internal.core.bundle,BundlePluginModelBase,getInstallLocation,4,2,0
eclipse.pde.ui-20120217-1437,org.eclipse.pde.internal.core.bundle,BundlePluginModelBase,getBundleLocalization,4,1,0
eclipse.pde.ui-20120217-1437,org.eclipse.pde.internal.core.bundle,BundlePluginModelBase,createNLResourceHelper,4,1,0
eclipse.pde.ui-20120217-1437,org.eclipse.pde.internal.core.bundle,BundlePluginModelBase,getNLLookupLocation,8,1,0
eclipse.pde.ui-20120217-1437,org.eclipse.pde.internal.core.bundle,BundlePluginModelBase,isEditable,5,3,0
eclipse.pde.ui-20120217-1437,org.eclipse.pde.internal.core.bundle,BundlePluginModelBase,isInSync,3,1,0
eclipse.pde.ui-20120217-1437,org.eclipse.pde.internal.core.bundle,BundlePluginModelBase,isValid,3,1,0
eclipse.pde.ui-20120217-1437,org.eclipse.pde.internal.core.bundle,BundlePluginModelBase,load,2,1,0
eclipse.pde.ui-20120217-1437,org.eclipse.pde.internal.core.bundle,BundlePluginModelBase,load,2,1,2
eclipse.pde.ui-20120217-1437,org.eclipse.pde.internal.core.bundle,BundlePluginModelBase,reload,2,1,2
eclipse.pde.ui-20120217-1437,org.eclipse.pde.internal.core.bundle,BundlePluginModelBase,isEnabled,3,1,0
eclipse.pde.ui-20120217-1437,org.eclipse.pde.internal.core.bundle,BundlePluginModelBase,setEnabled,2,1,1
eclipse.pde.ui-20120217-1437,org.eclipse.pde.internal.core.bundle,BundlePluginModelBase,updateTimeStamp,2,1,0
eclipse.pde.ui-20120217-1437,org.eclipse.pde.internal.core.bundle,BundlePluginModelBase,createImport,6,1,0
eclipse.pde.ui-20120217-1437,org.eclipse.pde.internal.core.bundle,BundlePluginModelBase,createImport,5,1,1
eclipse.pde.ui-20120217-1437,org.eclipse.pde.internal.core.bundle,BundlePluginModelBase,createLibrary,6,1,0
eclipse.pde.ui-20120217-1437,org.eclipse.pde.internal.core.bundle,BundlePluginModelBase,createAttribute,4,2,1
eclipse.pde.ui-20120217-1437,org.eclipse.pde.internal.core.bundle,BundlePluginModelBase,createElement,4,2,1
eclipse.pde.ui-20120217-1437,org.eclipse.pde.internal.core.bundle,BundlePluginModelBase,createExtension,4,2,0
eclipse.pde.ui-20120217-1437,org.eclipse.pde.internal.core.bundle,BundlePluginModelBase,createExtensionPoint,4,2,0
eclipse.pde.ui-20120217-1437,org.eclipse.pde.internal.core.bundle,BundlePluginModelBase,isBundleModel,3,1,0
eclipse.pde.ui-20120217-1437,org.eclipse.pde.internal.core.bundle,BundlePluginModelBase,getBundleDescription,3,1,0
eclipse.pde.ui-20120217-1437,org.eclipse.pde.internal.core.bundle,BundlePluginModelBase,setBundleDescription,3,1,1
eclipse.pde.ui-20120217-1437,org.eclipse.pde.internal.core.bundle,BundlePluginModelBase,isDirty,5,3,0
eclipse.pde.ui-20120217-1437,org.eclipse.pde.internal.core.bundle,BundlePluginModelBase,save,2,1,1
eclipse.pde.ui-20120217-1437,org.eclipse.pde.internal.core.bundle,BundlePluginModelBase,setDirty,2,1,1
eclipse.pde.ui-20120217-1437,org.eclipse.pde.internal.core.bundle,BundlePluginModelBase,toString,5,2,0
eclipse.pde.ui-20120217-1437,org.eclipse.pde.internal.core.bundle,WorkspaceBundleFragmentModel,WorkspaceBundleFragmentModel,3,1,2
eclipse.pde.ui-20120217-1437,org.eclipse.pde.internal.core.bundle,WorkspaceBundleFragmentModel,createPluginBase,5,1,0
eclipse.pde.ui-20120217-1437,org.eclipse.pde.internal.core.bundle,WorkspaceBundleFragmentModel,getFragment,3,1,0
eclipse.pde.ui-20120217-1437,org.eclipse.pde.internal.core.bundle,WorkspaceBundleModel,WorkspaceBundleModel,3,1,1
eclipse.pde.ui-20120217-1437,org.eclipse.pde.internal.core.bundle,WorkspaceBundleModel,fireModelChanged,4,1,1
eclipse.pde.ui-20120217-1437,org.eclipse.pde.internal.core.bundle,WorkspaceBundleModel,getContents,13,1,0
eclipse.pde.ui-20120217-1437,org.eclipse.pde.internal.core.bundle,WorkspaceBundleModel,getUnderlyingResource,3,1,0
eclipse.pde.ui-20120217-1437,org.eclipse.pde.internal.core.bundle,WorkspaceBundleModel,getInstallLocation,8,3,0
eclipse.pde.ui-20120217-1437,org.eclipse.pde.internal.core.bundle,WorkspaceBundleModel,isDirty,3,1,0
eclipse.pde.ui-20120217-1437,org.eclipse.pde.internal.core.bundle,WorkspaceBundleModel,isEditable,3,1,0
eclipse.pde.ui-20120217-1437,org.eclipse.pde.internal.core.bundle,WorkspaceBundleModel,load,21,4,0
eclipse.pde.ui-20120217-1437,org.eclipse.pde.internal.core.bundle,WorkspaceBundleModel,isInSync,9,3,0
eclipse.pde.ui-20120217-1437,org.eclipse.pde.internal.core.bundle,WorkspaceBundleModel,updateTimeStamp,9,3,0
eclipse.pde.ui-20120217-1437,org.eclipse.pde.internal.core.bundle,WorkspaceBundleModel,save,32,5,0
eclipse.pde.ui-20120217-1437,org.eclipse.pde.internal.core.bundle,WorkspaceBundleModel,save,16,3,1
eclipse.pde.ui-20120217-1437,org.eclipse.pde.internal.core.bundle,WorkspaceBundleModel,setDirty,3,1,1
eclipse.pde.ui-20120217-1437,org.eclipse.pde.internal.core.bundle,WorkspaceBundleModel,setEditable,3,1,1
eclipse.pde.ui-20120217-1437,org.eclipse.pde.internal.core.bundle,WorkspaceBundleModel,getFactory,4,2,0
eclipse.pde.ui-20120217-1437,org.eclipse.pde.internal.core.bundle,WorkspaceBundlePluginModel,WorkspaceBundlePluginModel,3,1,2
eclipse.pde.ui-20120217-1437,org.eclipse.pde.internal.core.bundle,WorkspaceBundlePluginModel,createPluginBase,5,1,0
eclipse.pde.ui-20120217-1437,org.eclipse.pde.internal.core.bundle,WorkspaceBundlePluginModel,getPlugin,3,1,0
eclipse.pde.ui-20120217-1437,org.eclipse.pde.internal.core.bundle,WorkspaceBundlePluginModelBase,WorkspaceBundlePluginModelBase,4,1,2
eclipse.pde.ui-20120217-1437,org.eclipse.pde.internal.core.bundle,WorkspaceBundlePluginModelBase,createPluginBase,0,1,0
eclipse.pde.ui-20120217-1437,org.eclipse.pde.internal.core.bundle,WorkspaceBundlePluginModelBase,load,7,3,2
eclipse.pde.ui-20120217-1437,org.eclipse.pde.internal.core.bundle,WorkspaceBundlePluginModelBase,save,7,4,0
eclipse.pde.ui-20120217-1437,org.eclipse.pde.internal.core.bundle,WorkspaceBundlePluginModelBase,getContents,4,2,0
eclipse.pde.ui-20120217-1437,org.eclipse.pde.internal.core.bundle,WorkspaceBundlePluginModelBase,getBundleLocalization,4,1,0
eclipse.pde.ui-20120217-1437,org.eclipse.pde.internal.core.bundle,WorkspaceBundlePluginModelBase,createNLResourceHelper,4,1,0
eclipse.pde.ui-20120217-1437,org.eclipse.pde.internal.core.bundle,WorkspaceBundlePluginModelBase,getBundleModel,14,3,0
eclipse.pde.ui-20120217-1437,org.eclipse.pde.internal.core.bundle,WorkspaceBundlePluginModelBase,getExtensionsModel,13,3,0
eclipse.pde.ui-20120217-1437,org.eclipse.pde.internal.core.bundle,WorkspaceBundlePluginModelBase,setBundleModel,3,2,1
eclipse.pde.ui-20120217-1437,org.eclipse.pde.internal.core.bundle,WorkspaceBundlePluginModelBase,setExtensionsModel,3,2,1
eclipse.pde.ui-20120217-1437,org.eclipse.pde.internal.core.content,BundleManifestDescriber,describe,15,7,2
eclipse.pde.ui-20120217-1437,org.eclipse.pde.internal.core.content,BundleManifestDescriber,describe,6,3,2
eclipse.pde.ui-20120217-1437,org.eclipse.pde.internal.core.content,BundleManifestDescriber,getByteOrderMark,11,6,1
eclipse.pde.ui-20120217-1437,org.eclipse.pde.internal.core.content,BundleManifestDescriber,getSupportedOptions,3,1,0
eclipse.pde.ui-20120217-1437,org.eclipse.pde.internal.core.content,BundleManifestDescriber,matches,7,4,1
eclipse.pde.ui-20120217-1437,org.eclipse.pde.internal.core.content,DefaultDocumentFactory,createDocument,3,1,0
eclipse.pde.ui-20120217-1437,org.eclipse.pde.internal.core.converter,PDEPluginConverter,convertToOSGIFormat,3,1,4
eclipse.pde.ui-20120217-1437,org.eclipse.pde.internal.core.converter,PDEPluginConverter,convertToOSGIFormat,15,2,5
eclipse.pde.ui-20120217-1437,org.eclipse.pde.internal.core.converter,PDEPluginConverter,getProperties,20,3,2
eclipse.pde.ui-20120217-1437,org.eclipse.pde.internal.core.converter,PluginConverter,getDefault,4,2,0
eclipse.pde.ui-20120217-1437,org.eclipse.pde.internal.core.converter,PluginConverter,PluginConverter,4,1,1
eclipse.pde.ui-20120217-1437,org.eclipse.pde.internal.core.converter,PluginConverter,init,7,1,0
eclipse.pde.ui-20120217-1437,org.eclipse.pde.internal.core.converter,PluginConverter,fillPluginInfo,11,4,1
eclipse.pde.ui-20120217-1437,org.eclipse.pde.internal.core.converter,PluginConverter,findPluginManifest,53,4,1
eclipse.pde.ui-20120217-1437,org.eclipse.pde.internal.core.converter,PluginConverter,fillManifest,14,3,2
eclipse.pde.ui-20120217-1437,org.eclipse.pde.internal.core.converter,PluginConverter,writeManifest,27,4,3
eclipse.pde.ui-20120217-1437,org.eclipse.pde.internal.core.converter,PluginConverter,writeManifest,23,2,2
eclipse.pde.ui-20120217-1437,org.eclipse.pde.internal.core.converter,PluginConverter,generateLocalizationEntry,3,1,0
eclipse.pde.ui-20120217-1437,org.eclipse.pde.internal.core.converter,PluginConverter,generateManifestVersion,3,1,0
eclipse.pde.ui-20120217-1437,org.eclipse.pde.internal.core.converter,PluginConverter,requireRuntimeCompatibility,7,3,0
eclipse.pde.ui-20120217-1437,org.eclipse.pde.internal.core.converter,PluginConverter,generateActivator,9,4,0
eclipse.pde.ui-20120217-1437,org.eclipse.pde.internal.core.converter,PluginConverter,generateClasspath,4,2,0
eclipse.pde.ui-20120217-1437,org.eclipse.pde.internal.core.converter,PluginConverter,generateHeaders,15,5,0
eclipse.pde.ui-20120217-1437,org.eclipse.pde.internal.core.converter,PluginConverter,getSymbolicNameEntry,9,2,0
eclipse.pde.ui-20120217-1437,org.eclipse.pde.internal.core.converter,PluginConverter,generatePluginClass,6,3,0
eclipse.pde.ui-20120217-1437,org.eclipse.pde.internal.core.converter,PluginConverter,generateProvidePackage,6,2,0
eclipse.pde.ui-20120217-1437,org.eclipse.pde.internal.core.converter,PluginConverter,generateRequireBundle,22,9,0
eclipse.pde.ui-20120217-1437,org.eclipse.pde.internal.core.converter,PluginConverter,generateTimestamp,3,1,0
eclipse.pde.ui-20120217-1437,org.eclipse.pde.internal.core.converter,PluginConverter,generateEclipseHeaders,8,4,0
eclipse.pde.ui-20120217-1437,org.eclipse.pde.internal.core.converter,PluginConverter,getExports,8,3,0
eclipse.pde.ui-20120217-1437,org.eclipse.pde.internal.core.converter,PluginConverter,getExports,10,2,2
eclipse.pde.ui-20120217-1437,org.eclipse.pde.internal.core.converter,PluginConverter,findPackages,25,7,3
eclipse.pde.ui-20120217-1437,org.eclipse.pde.internal.core.converter,PluginConverter,addPackagesFromFragRoot,25,8,3
eclipse.pde.ui-20120217-1437,org.eclipse.pde.internal.core.converter,PluginConverter,parsePluginInfo,18,2,1
eclipse.pde.ui-20120217-1437,org.eclipse.pde.internal.core.converter,PluginConverter,upToDate,37,4,3
eclipse.pde.ui-20120217-1437,org.eclipse.pde.internal.core.converter,PluginConverter,getTimeStamp,7,5,2
eclipse.pde.ui-20120217-1437,org.eclipse.pde.internal.core.converter,PluginConverter,writeEntry,6,2,3
eclipse.pde.ui-20120217-1437,org.eclipse.pde.internal.core.converter,PluginConverter,splitOnComma,9,4,1
eclipse.pde.ui-20120217-1437,org.eclipse.pde.internal.core.converter,PluginConverter,getStringFromArray,9,4,2
eclipse.pde.ui-20120217-1437,org.eclipse.pde.internal.core.converter,PluginConverter,getStringFromCollection,10,3,2
eclipse.pde.ui-20120217-1437,org.eclipse.pde.internal.core.converter,PluginConverter,convertManifest,10,3,5
eclipse.pde.ui-20120217-1437,org.eclipse.pde.internal.core.converter,PluginConverter,convertManifest,7,3,6
eclipse.pde.ui-20120217-1437,org.eclipse.pde.internal.core.converter,PluginConverter,getVersionRange,29,7,2
eclipse.pde.ui-20120217-1437,org.eclipse.pde.internal.core.converter,PluginConverterParser,isFragment,3,1,0
eclipse.pde.ui-20120217-1437,org.eclipse.pde.internal.core.converter,PluginConverterParser,toString,3,1,0
eclipse.pde.ui-20120217-1437,org.eclipse.pde.internal.core.converter,PluginConverterParser,getLibraries,4,2,0
eclipse.pde.ui-20120217-1437,org.eclipse.pde.internal.core.converter,PluginConverterParser,getRequires,36,9,0
eclipse.pde.ui-20120217-1437,org.eclipse.pde.internal.core.converter,PluginConverterParser,getMasterId,3,1,0
eclipse.pde.ui-20120217-1437,org.eclipse.pde.internal.core.converter,PluginConverterParser,getMasterVersion,3,1,0
eclipse.pde.ui-20120217-1437,org.eclipse.pde.internal.core.converter,PluginConverterParser,getMasterMatch,3,1,0
eclipse.pde.ui-20120217-1437,org.eclipse.pde.internal.core.converter,PluginConverterParser,getPluginClass,3,1,0
eclipse.pde.ui-20120217-1437,org.eclipse.pde.internal.core.converter,PluginConverterParser,getUniqueId,3,1,0
eclipse.pde.ui-20120217-1437,org.eclipse.pde.internal.core.converter,PluginConverterParser,getVersion,3,1,0
eclipse.pde.ui-20120217-1437,org.eclipse.pde.internal.core.converter,PluginConverterParser,getPackageFilters,3,1,0
eclipse.pde.ui-20120217-1437,org.eclipse.pde.internal.core.converter,PluginConverterParser,getLibrariesName,4,2,0
eclipse.pde.ui-20120217-1437,org.eclipse.pde.internal.core.converter,PluginConverterParser,getPluginName,3,1,0
eclipse.pde.ui-20120217-1437,org.eclipse.pde.internal.core.converter,PluginConverterParser,getProviderName,3,1,0
eclipse.pde.ui-20120217-1437,org.eclipse.pde.internal.core.converter,PluginConverterParser,isSingleton,3,1,0
eclipse.pde.ui-20120217-1437,org.eclipse.pde.internal.core.converter,PluginConverterParser,hasExtensionExtensionPoints,3,1,0
eclipse.pde.ui-20120217-1437,org.eclipse.pde.internal.core.converter,PluginConverterParser,getRoot,3,1,0
eclipse.pde.ui-20120217-1437,org.eclipse.pde.internal.core.converter,PluginConverterParser,validateForm,18,6,0
eclipse.pde.ui-20120217-1437,org.eclipse.pde.internal.core.converter,PluginConverterParser,PluginConverterParser,5,1,2
eclipse.pde.ui-20120217-1437,org.eclipse.pde.internal.core.converter,PluginConverterParser,setDocumentLocator,3,1,1
eclipse.pde.ui-20120217-1437,org.eclipse.pde.internal.core.converter,PluginConverterParser,endDocument,2,1,0
eclipse.pde.ui-20120217-1437,org.eclipse.pde.internal.core.converter,PluginConverterParser,endElement,58,21,3
eclipse.pde.ui-20120217-1437,org.eclipse.pde.internal.core.converter,PluginConverterParser,handleExtensionPointState,4,1,2
eclipse.pde.ui-20120217-1437,org.eclipse.pde.internal.core.converter,PluginConverterParser,handleExtensionState,4,1,2
eclipse.pde.ui-20120217-1437,org.eclipse.pde.internal.core.converter,PluginConverterParser,handleInitialState,15,3,2
eclipse.pde.ui-20120217-1437,org.eclipse.pde.internal.core.converter,PluginConverterParser,handleLibraryExportState,3,1,2
eclipse.pde.ui-20120217-1437,org.eclipse.pde.internal.core.converter,PluginConverterParser,handleLibraryState,26,7,2
eclipse.pde.ui-20120217-1437,org.eclipse.pde.internal.core.converter,PluginConverterParser,handlePluginState,29,6,2
eclipse.pde.ui-20120217-1437,org.eclipse.pde.internal.core.converter,PluginConverterParser,handleRequiresImportState,3,1,2
eclipse.pde.ui-20120217-1437,org.eclipse.pde.internal.core.converter,PluginConverterParser,handleRequiresState,8,2,2
eclipse.pde.ui-20120217-1437,org.eclipse.pde.internal.core.converter,PluginConverterParser,handleRuntimeState,9,2,2
eclipse.pde.ui-20120217-1437,org.eclipse.pde.internal.core.converter,PluginConverterParser,parsePlugin,16,2,1
eclipse.pde.ui-20120217-1437,org.eclipse.pde.internal.core.converter,PluginConverterParser,acquireXMLParsing,9,3,1
eclipse.pde.ui-20120217-1437,org.eclipse.pde.internal.core.converter,PluginConverterParser,releaseXMLParsing,3,2,0
eclipse.pde.ui-20120217-1437,org.eclipse.pde.internal.core.converter,PluginConverterParser,parseFragmentAttributes,15,9,1
eclipse.pde.ui-20120217-1437,org.eclipse.pde.internal.core.converter,PluginConverterParser,parseLibraryAttributes,5,1,1
eclipse.pde.ui-20120217-1437,org.eclipse.pde.internal.core.converter,PluginConverterParser,parsePluginAttributes,13,7,1
eclipse.pde.ui-20120217-1437,org.eclipse.pde.internal.core.converter,PluginConverterParser,isExported,3,1,0
eclipse.pde.ui-20120217-1437,org.eclipse.pde.internal.core.converter,PluginConverterParser,getMatch,3,1,0
eclipse.pde.ui-20120217-1437,org.eclipse.pde.internal.core.converter,PluginConverterParser,getName,3,1,0
eclipse.pde.ui-20120217-1437,org.eclipse.pde.internal.core.converter,PluginConverterParser,isOptional,3,1,0
eclipse.pde.ui-20120217-1437,org.eclipse.pde.internal.core.converter,PluginConverterParser,getVersion,3,1,0
eclipse.pde.ui-20120217-1437,org.eclipse.pde.internal.core.converter,PluginConverterParser,Prerequisite,7,1,5
eclipse.pde.ui-20120217-1437,org.eclipse.pde.internal.core.converter,PluginConverterParser,toString,3,1,0
eclipse.pde.ui-20120217-1437,org.eclipse.pde.internal.core.converter,PluginConverterParser,equals,4,2,1
eclipse.pde.ui-20120217-1437,org.eclipse.pde.internal.core.converter,PluginConverterParser,parsePluginRequiresImport,14,5,1
eclipse.pde.ui-20120217-1437,org.eclipse.pde.internal.core.converter,PluginConverterParser,parseRequiresAttributes,2,1,1
eclipse.pde.ui-20120217-1437,org.eclipse.pde.internal.core.converter,PluginConverterParser,replace,11,2,3
eclipse.pde.ui-20120217-1437,org.eclipse.pde.internal.core.converter,PluginConverterParser,startDocument,3,1,0
eclipse.pde.ui-20120217-1437,org.eclipse.pde.internal.core.converter,PluginConverterParser,startElement,34,11,4
eclipse.pde.ui-20120217-1437,org.eclipse.pde.internal.core.converter,PluginConverterParser,internalError,2,1,1
eclipse.pde.ui-20120217-1437,org.eclipse.pde.internal.core.converter,PluginConverterParser,processingInstruction,16,5,2
eclipse.pde.ui-20120217-1437,org.eclipse.pde.internal.core.converter,PluginInfo,isFragment,3,1,0
eclipse.pde.ui-20120217-1437,org.eclipse.pde.internal.core.converter,PluginInfo,toString,3,1,0
eclipse.pde.ui-20120217-1437,org.eclipse.pde.internal.core.converter,PluginInfo,getLibraries,4,2,0
eclipse.pde.ui-20120217-1437,org.eclipse.pde.internal.core.converter,PluginInfo,getRequires,36,9,0
eclipse.pde.ui-20120217-1437,org.eclipse.pde.internal.core.converter,PluginInfo,getMasterId,3,1,0
eclipse.pde.ui-20120217-1437,org.eclipse.pde.internal.core.converter,PluginInfo,getMasterVersion,3,1,0
eclipse.pde.ui-20120217-1437,org.eclipse.pde.internal.core.converter,PluginInfo,getMasterMatch,3,1,0
eclipse.pde.ui-20120217-1437,org.eclipse.pde.internal.core.converter,PluginInfo,getPluginClass,3,1,0
eclipse.pde.ui-20120217-1437,org.eclipse.pde.internal.core.converter,PluginInfo,getUniqueId,3,1,0
eclipse.pde.ui-20120217-1437,org.eclipse.pde.internal.core.converter,PluginInfo,getVersion,3,1,0
eclipse.pde.ui-20120217-1437,org.eclipse.pde.internal.core.converter,PluginInfo,getPackageFilters,3,1,0
eclipse.pde.ui-20120217-1437,org.eclipse.pde.internal.core.converter,PluginInfo,getLibrariesName,4,2,0
eclipse.pde.ui-20120217-1437,org.eclipse.pde.internal.core.converter,PluginInfo,getPluginName,3,1,0
eclipse.pde.ui-20120217-1437,org.eclipse.pde.internal.core.converter,PluginInfo,getProviderName,3,1,0
eclipse.pde.ui-20120217-1437,org.eclipse.pde.internal.core.converter,PluginInfo,isSingleton,3,1,0
eclipse.pde.ui-20120217-1437,org.eclipse.pde.internal.core.converter,PluginInfo,hasExtensionExtensionPoints,3,1,0
eclipse.pde.ui-20120217-1437,org.eclipse.pde.internal.core.converter,PluginInfo,getRoot,3,1,0
eclipse.pde.ui-20120217-1437,org.eclipse.pde.internal.core.converter,PluginInfo,validateForm,18,6,0
eclipse.pde.ui-20120217-1437,org.eclipse.pde.internal.core.converter,Prerequisite,isExported,3,1,0
eclipse.pde.ui-20120217-1437,org.eclipse.pde.internal.core.converter,Prerequisite,getMatch,3,1,0
eclipse.pde.ui-20120217-1437,org.eclipse.pde.internal.core.converter,Prerequisite,getName,3,1,0
eclipse.pde.ui-20120217-1437,org.eclipse.pde.internal.core.converter,Prerequisite,isOptional,3,1,0
eclipse.pde.ui-20120217-1437,org.eclipse.pde.internal.core.converter,Prerequisite,getVersion,3,1,0
eclipse.pde.ui-20120217-1437,org.eclipse.pde.internal.core.converter,Prerequisite,Prerequisite,7,1,5
eclipse.pde.ui-20120217-1437,org.eclipse.pde.internal.core.converter,Prerequisite,toString,3,1,0
eclipse.pde.ui-20120217-1437,org.eclipse.pde.internal.core.converter,Prerequisite,equals,4,2,1
eclipse.pde.ui-20120217-1437,org.eclipse.pde.internal.core.exports,BuildUtilities,getBootClasspath,3,1,0
eclipse.pde.ui-20120217-1437,org.eclipse.pde.internal.core.exports,BuildUtilities,getBootClasspath,23,7,1
eclipse.pde.ui-20120217-1437,org.eclipse.pde.internal.core.exports,BuildUtilities,getBootClasspath,9,3,1
eclipse.pde.ui-20120217-1437,org.eclipse.pde.internal.core.exports,ExecutionEnvironmentProfileManager,getCustomProfileLocations,7,2,0
eclipse.pde.ui-20120217-1437,org.eclipse.pde.internal.core.exports,ExecutionEnvironmentProfileManager,initialize,43,8,0
eclipse.pde.ui-20120217-1437,org.eclipse.pde.internal.core.exports,FeatureBasedExportOperation,FeatureBasedExportOperation,3,1,2
eclipse.pde.ui-20120217-1437,org.eclipse.pde.internal.core.exports,FeatureBasedExportOperation,run,39,5,1
eclipse.pde.ui-20120217-1437,org.eclipse.pde.internal.core.exports,FeatureBasedExportOperation,createPostProcessingFiles,0,1,0
eclipse.pde.ui-20120217-1437,org.eclipse.pde.internal.core.exports,FeatureBasedExportOperation,getPaths,7,1,0
eclipse.pde.ui-20120217-1437,org.eclipse.pde.internal.core.exports,FeatureBasedExportOperation,createBuildPropertiesFile,34,10,1
eclipse.pde.ui-20120217-1437,org.eclipse.pde.internal.core.exports,FeatureExportOperation,FeatureExportOperation,9,2,2
eclipse.pde.ui-20120217-1437,org.eclipse.pde.internal.core.exports,FeatureExportOperation,run,50,6,1
eclipse.pde.ui-20120217-1437,org.eclipse.pde.internal.core.exports,FeatureExportOperation,save,11,1,3
eclipse.pde.ui-20120217-1437,org.eclipse.pde.internal.core.exports,FeatureExportOperation,appendMetadataToArchive,51,3,2
eclipse.pde.ui-20120217-1437,org.eclipse.pde.internal.core.exports,FeatureExportOperation,createDestination,7,4,3
eclipse.pde.ui-20120217-1437,org.eclipse.pde.internal.core.exports,FeatureExportOperation,doExport,22,4,3
eclipse.pde.ui-20120217-1437,org.eclipse.pde.internal.core.exports,FeatureExportOperation,createPostProcessingFile,19,2,1
eclipse.pde.ui-20120217-1437,org.eclipse.pde.internal.core.exports,FeatureExportOperation,doExport,37,6,5
eclipse.pde.ui-20120217-1437,org.eclipse.pde.internal.core.exports,FeatureExportOperation,groupedConfigurations,3,1,0
eclipse.pde.ui-20120217-1437,org.eclipse.pde.internal.core.exports,FeatureExportOperation,setArchiveLocation,15,4,4
eclipse.pde.ui-20120217-1437,org.eclipse.pde.internal.core.exports,FeatureExportOperation,deleteBuildFiles,45,15,1
eclipse.pde.ui-20120217-1437,org.eclipse.pde.internal.core.exports,FeatureExportOperation,getBuildScriptName,3,1,1
eclipse.pde.ui-20120217-1437,org.eclipse.pde.internal.core.exports,FeatureExportOperation,getAssemblyScriptName,3,1,5
eclipse.pde.ui-20120217-1437,org.eclipse.pde.internal.core.exports,FeatureExportOperation,getAssembleP2ScriptName,3,1,2
eclipse.pde.ui-20120217-1437,org.eclipse.pde.internal.core.exports,FeatureExportOperation,runScript,32,4,4
eclipse.pde.ui-20120217-1437,org.eclipse.pde.internal.core.exports,FeatureExportOperation,getPackagerScriptName,3,1,5
eclipse.pde.ui-20120217-1437,org.eclipse.pde.internal.core.exports,FeatureExportOperation,createAntBuildProperties,65,11,1
eclipse.pde.ui-20120217-1437,org.eclipse.pde.internal.core.exports,FeatureExportOperation,publishingP2Metadata,3,1,0
eclipse.pde.ui-20120217-1437,org.eclipse.pde.internal.core.exports,FeatureExportOperation,getMetadataContextFromTargetPlatform,12,2,0
eclipse.pde.ui-20120217-1437,org.eclipse.pde.internal.core.exports,FeatureExportOperation,getCategoryDefinition,3,1,0
eclipse.pde.ui-20120217-1437,org.eclipse.pde.internal.core.exports,FeatureExportOperation,setP2MetaDataProperties,33,5,1
eclipse.pde.ui-20120217-1437,org.eclipse.pde.internal.core.exports,FeatureExportOperation,getOS,5,2,1
eclipse.pde.ui-20120217-1437,org.eclipse.pde.internal.core.exports,FeatureExportOperation,getWS,5,2,1
eclipse.pde.ui-20120217-1437,org.eclipse.pde.internal.core.exports,FeatureExportOperation,getOSArch,5,2,1
eclipse.pde.ui-20120217-1437,org.eclipse.pde.internal.core.exports,FeatureExportOperation,createDestination,10,4,0
eclipse.pde.ui-20120217-1437,org.eclipse.pde.internal.core.exports,FeatureExportOperation,deleteDir,13,5,1
eclipse.pde.ui-20120217-1437,org.eclipse.pde.internal.core.exports,FeatureExportOperation,getConfigInfo,12,3,1
eclipse.pde.ui-20120217-1437,org.eclipse.pde.internal.core.exports,FeatureExportOperation,getArchivesFormat,19,4,1
eclipse.pde.ui-20120217-1437,org.eclipse.pde.internal.core.exports,FeatureExportOperation,setupGenerator,46,7,5
eclipse.pde.ui-20120217-1437,org.eclipse.pde.internal.core.exports,FeatureExportOperation,getState,18,4,3
eclipse.pde.ui-20120217-1437,org.eclipse.pde.internal.core.exports,FeatureExportOperation,getBuildState,5,2,0
eclipse.pde.ui-20120217-1437,org.eclipse.pde.internal.core.exports,FeatureExportOperation,copyState,5,1,1
eclipse.pde.ui-20120217-1437,org.eclipse.pde.internal.core.exports,FeatureExportOperation,getDevProperties,6,2,0
eclipse.pde.ui-20120217-1437,org.eclipse.pde.internal.core.exports,FeatureExportOperation,isCustomBuild,20,7,1
eclipse.pde.ui-20120217-1437,org.eclipse.pde.internal.core.exports,FeatureExportOperation,getPaths,18,3,0
eclipse.pde.ui-20120217-1437,org.eclipse.pde.internal.core.exports,FeatureExportOperation,cleanup,49,3,2
eclipse.pde.ui-20120217-1437,org.eclipse.pde.internal.core.exports,FeatureExportOperation,createScriptFile,9,2,1
eclipse.pde.ui-20120217-1437,org.eclipse.pde.internal.core.exports,FeatureExportOperation,logName,4,2,1
eclipse.pde.ui-20120217-1437,org.eclipse.pde.internal.core.exports,FeatureExportOperation,createFeature,58,10,6
eclipse.pde.ui-20120217-1437,org.eclipse.pde.internal.core.exports,FeatureExportOperation,getEnvironment,8,1,1
eclipse.pde.ui-20120217-1437,org.eclipse.pde.internal.core.exports,FeatureExportOperation,setFilterAttributes,7,2,2
eclipse.pde.ui-20120217-1437,org.eclipse.pde.internal.core.exports,FeatureExportOperation,getMatchingLauncher,7,3,2
eclipse.pde.ui-20120217-1437,org.eclipse.pde.internal.core.exports,FeatureExportOperation,isNLFragment,5,1,1
eclipse.pde.ui-20120217-1437,org.eclipse.pde.internal.core.exports,FeatureExportOperation,createFeature,120,22,4
eclipse.pde.ui-20120217-1437,org.eclipse.pde.internal.core.exports,FeatureExportOperation,setAdditionalAttributes,2,1,2
eclipse.pde.ui-20120217-1437,org.eclipse.pde.internal.core.exports,FeatureExportOperation,errorFound,3,1,0
eclipse.pde.ui-20120217-1437,org.eclipse.pde.internal.core.exports,FeatureExportOperation,hasAntErrors,3,1,0
eclipse.pde.ui-20120217-1437,org.eclipse.pde.internal.core.exports,FeatureExportOperation,shouldAddPlugin,9,1,2
eclipse.pde.ui-20120217-1437,org.eclipse.pde.internal.core.exports,FeatureExportOperation,testBuildWorkspaceBeforeExport,18,3,1
eclipse.pde.ui-20120217-1437,org.eclipse.pde.internal.core.exports,FeatureExportOperation,getWorkspaceExportHelper,6,2,0
eclipse.pde.ui-20120217-1437,org.eclipse.pde.internal.core.exports,PluginExportOperation,PluginExportOperation,3,1,2
eclipse.pde.ui-20120217-1437,org.eclipse.pde.internal.core.exports,PluginExportOperation,createPostProcessingFiles,3,1,0
eclipse.pde.ui-20120217-1437,org.eclipse.pde.internal.core.exports,PluginExportOperation,getState,7,2,3
eclipse.pde.ui-20120217-1437,org.eclipse.pde.internal.core.exports,PluginExportOperation,shouldAddPlugin,10,3,2
eclipse.pde.ui-20120217-1437,org.eclipse.pde.internal.core.exports,PluginExportOperation,setAdditionalAttributes,3,1,2
eclipse.pde.ui-20120217-1437,org.eclipse.pde.internal.core.exports,ProductExportOperation,setErrorMessage,3,1,1
eclipse.pde.ui-20120217-1437,org.eclipse.pde.internal.core.exports,ProductExportOperation,getErrorMessage,3,1,0
eclipse.pde.ui-20120217-1437,org.eclipse.pde.internal.core.exports,ProductExportOperation,parseErrorMessage,22,8,1
eclipse.pde.ui-20120217-1437,org.eclipse.pde.internal.core.exports,ProductExportOperation,ProductExportOperation,5,1,4
eclipse.pde.ui-20120217-1437,org.eclipse.pde.internal.core.exports,ProductExportOperation,run,45,5,1
eclipse.pde.ui-20120217-1437,org.eclipse.pde.internal.core.exports,ProductExportOperation,groupedConfigurations,3,1,0
eclipse.pde.ui-20120217-1437,org.eclipse.pde.internal.core.exports,ProductExportOperation,cleanupBuildRepo,6,2,0
eclipse.pde.ui-20120217-1437,org.eclipse.pde.internal.core.exports,ProductExportOperation,getPaths,7,1,0
eclipse.pde.ui-20120217-1437,org.eclipse.pde.internal.core.exports,ProductExportOperation,createBuildPropertiesFile,66,18,2
eclipse.pde.ui-20120217-1437,org.eclipse.pde.internal.core.exports,ProductExportOperation,publishingP2Metadata,3,1,0
eclipse.pde.ui-20120217-1437,org.eclipse.pde.internal.core.exports,ProductExportOperation,getLauncherLocations,23,6,1
eclipse.pde.ui-20120217-1437,org.eclipse.pde.internal.core.exports,ProductExportOperation,getRootFileLocations,15,5,1
eclipse.pde.ui-20120217-1437,org.eclipse.pde.internal.core.exports,ProductExportOperation,appendEclipsePath,11,3,2
eclipse.pde.ui-20120217-1437,org.eclipse.pde.internal.core.exports,ProductExportOperation,appendAbsolutePath,5,2,2
eclipse.pde.ui-20120217-1437,org.eclipse.pde.internal.core.exports,ProductExportOperation,createAntBuildProperties,31,10,1
eclipse.pde.ui-20120217-1437,org.eclipse.pde.internal.core.exports,ProductExportOperation,setP2MetaDataProperties,20,3,1
eclipse.pde.ui-20120217-1437,org.eclipse.pde.internal.core.exports,ProductExportOperation,getLauncherName,12,4,0
eclipse.pde.ui-20120217-1437,org.eclipse.pde.internal.core.exports,ProductExportOperation,getWin32Images,15,2,1
eclipse.pde.ui-20120217-1437,org.eclipse.pde.internal.core.exports,ProductExportOperation,getSolarisImages,8,1,1
eclipse.pde.ui-20120217-1437,org.eclipse.pde.internal.core.exports,ProductExportOperation,append,7,3,2
eclipse.pde.ui-20120217-1437,org.eclipse.pde.internal.core.exports,ProductExportOperation,getExpandedPath,9,3,1
eclipse.pde.ui-20120217-1437,org.eclipse.pde.internal.core.exports,ProductExportOperation,setupGenerator,5,2,5
eclipse.pde.ui-20120217-1437,org.eclipse.pde.internal.core.exports,ProductExportOperation,createMacInfoPList,26,3,0
eclipse.pde.ui-20120217-1437,org.eclipse.pde.internal.core.exports,ProductExportOperation,setAdditionalAttributes,3,1,2
eclipse.pde.ui-20120217-1437,org.eclipse.pde.internal.core.exports,SiteBuildOperation,SiteBuildOperation,7,1,3
eclipse.pde.ui-20120217-1437,org.eclipse.pde.internal.core.exports,SiteBuildOperation,getInfo,9,1,2
eclipse.pde.ui-20120217-1437,org.eclipse.pde.internal.core.exports,SiteBuildOperation,run,12,1,1
eclipse.pde.ui-20120217-1437,org.eclipse.pde.internal.core.exports,SiteBuildOperation,updateSiteFeatureVersions,18,5,0
eclipse.pde.ui-20120217-1437,org.eclipse.pde.internal.core.exports,SiteBuildOperation,findSiteFeature,22,7,2
eclipse.pde.ui-20120217-1437,org.eclipse.pde.internal.core.exports,SiteBuildOperation,findBuiltVersion,35,7,4
eclipse.pde.ui-20120217-1437,org.eclipse.pde.internal.core.exports,SiteBuildOperation,createPostProcessingFiles,4,1,0
eclipse.pde.ui-20120217-1437,org.eclipse.pde.internal.core.exports,SiteBuildOperation,publishingP2Metadata,3,1,0
eclipse.pde.ui-20120217-1437,org.eclipse.pde.internal.core.exports,SiteBuildOperation,setP2MetaDataProperties,25,3,1
eclipse.pde.ui-20120217-1437,org.eclipse.pde.internal.core.exports,WorkspaceExportHelper,launch,2,1,4
eclipse.pde.ui-20120217-1437,org.eclipse.pde.internal.core.exports,WorkspaceExportHelper,buildBeforeExport,6,2,2
eclipse.pde.ui-20120217-1437,org.eclipse.pde.internal.core.exports,WorkspaceExportHelper,checkForErrors,19,6,1
eclipse.pde.ui-20120217-1437,org.eclipse.pde.internal.core.exports,WorkspaceExportHelper,getWorkspaceOutputFolders,22,6,1
eclipse.pde.ui-20120217-1437,org.eclipse.pde.internal.core.exports,WorkspaceExportHelper,getPluginOutputFolders,30,9,2
eclipse.pde.ui-20120217-1437,org.eclipse.pde.internal.core.exports,WorkspaceExportHelper,getExportedWorkspaceProjects,30,9,1
eclipse.pde.ui-20120217-1437,org.eclipse.pde.internal.core.feature,AbstractFeatureModel,AbstractFeatureModel,3,1,0
eclipse.pde.ui-20120217-1437,org.eclipse.pde.internal.core.feature,AbstractFeatureModel,getFeature,8,2,0
eclipse.pde.ui-20120217-1437,org.eclipse.pde.internal.core.feature,AbstractFeatureModel,getFactory,4,2,0
eclipse.pde.ui-20120217-1437,org.eclipse.pde.internal.core.feature,AbstractFeatureModel,getInstallLocation,3,1,0
eclipse.pde.ui-20120217-1437,org.eclipse.pde.internal.core.feature,AbstractFeatureModel,isEditable,3,1,0
eclipse.pde.ui-20120217-1437,org.eclipse.pde.internal.core.feature,AbstractFeatureModel,isEnabled,3,1,0
eclipse.pde.ui-20120217-1437,org.eclipse.pde.internal.core.feature,AbstractFeatureModel,load,21,4,2
eclipse.pde.ui-20120217-1437,org.eclipse.pde.internal.core.feature,AbstractFeatureModel,isValid,5,2,0
eclipse.pde.ui-20120217-1437,org.eclipse.pde.internal.core.feature,AbstractFeatureModel,processDocument,11,2,1
eclipse.pde.ui-20120217-1437,org.eclipse.pde.internal.core.feature,AbstractFeatureModel,reload,5,2,2
eclipse.pde.ui-20120217-1437,org.eclipse.pde.internal.core.feature,AbstractFeatureModel,setEnabled,3,1,1
eclipse.pde.ui-20120217-1437,org.eclipse.pde.internal.core.feature,ExternalFeatureModel,updateTimeStamp,2,1,0
eclipse.pde.ui-20120217-1437,org.eclipse.pde.internal.core.feature,ExternalFeatureModel,isInSync,3,1,0
eclipse.pde.ui-20120217-1437,org.eclipse.pde.internal.core.feature,ExternalFeatureModel,isEditable,3,1,0
eclipse.pde.ui-20120217-1437,org.eclipse.pde.internal.core.feature,ExternalFeatureModel,load,2,1,0
eclipse.pde.ui-20120217-1437,org.eclipse.pde.internal.core.feature,ExternalFeatureModel,setInstallLocation,3,1,1
eclipse.pde.ui-20120217-1437,org.eclipse.pde.internal.core.feature,ExternalFeatureModel,getInstallLocation,3,1,0
eclipse.pde.ui-20120217-1437,org.eclipse.pde.internal.core.feature,ExternalFeatureModel,createNLResourceHelper,7,2,0
eclipse.pde.ui-20120217-1437,org.eclipse.pde.internal.core.feature,ExternalFeatureModel,getNLLookupLocation,9,2,0
eclipse.pde.ui-20120217-1437,org.eclipse.pde.internal.core.feature,Feature,addPlugins,8,2,1
eclipse.pde.ui-20120217-1437,org.eclipse.pde.internal.core.feature,Feature,addData,8,2,1
eclipse.pde.ui-20120217-1437,org.eclipse.pde.internal.core.feature,Feature,addIncludedFeatures,8,2,1
eclipse.pde.ui-20120217-1437,org.eclipse.pde.internal.core.feature,Feature,addImports,8,2,1
eclipse.pde.ui-20120217-1437,org.eclipse.pde.internal.core.feature,Feature,getPlugins,5,1,0
eclipse.pde.ui-20120217-1437,org.eclipse.pde.internal.core.feature,Feature,getData,5,1,0
eclipse.pde.ui-20120217-1437,org.eclipse.pde.internal.core.feature,Feature,getIncludedFeatures,5,1,0
eclipse.pde.ui-20120217-1437,org.eclipse.pde.internal.core.feature,Feature,getImports,5,1,0
eclipse.pde.ui-20120217-1437,org.eclipse.pde.internal.core.feature,Feature,getProviderName,3,1,0
eclipse.pde.ui-20120217-1437,org.eclipse.pde.internal.core.feature,Feature,setLicenseFeatureID,3,1,1
eclipse.pde.ui-20120217-1437,org.eclipse.pde.internal.core.feature,Feature,getLicenseFeatureID,6,2,0
eclipse.pde.ui-20120217-1437,org.eclipse.pde.internal.core.feature,Feature,setLicenseFeatureVersion,3,1,1
eclipse.pde.ui-20120217-1437,org.eclipse.pde.internal.core.feature,Feature,getLicenseFeatureVersion,6,2,0
eclipse.pde.ui-20120217-1437,org.eclipse.pde.internal.core.feature,Feature,getPlugin,3,1,0
eclipse.pde.ui-20120217-1437,org.eclipse.pde.internal.core.feature,Feature,getReferencedModel,4,1,1
eclipse.pde.ui-20120217-1437,org.eclipse.pde.internal.core.feature,Feature,getURL,3,1,0
eclipse.pde.ui-20120217-1437,org.eclipse.pde.internal.core.feature,Feature,getInstallHandler,3,1,0
eclipse.pde.ui-20120217-1437,org.eclipse.pde.internal.core.feature,Feature,getFeatureInfo,6,2,1
eclipse.pde.ui-20120217-1437,org.eclipse.pde.internal.core.feature,Feature,isPrimary,3,1,0
eclipse.pde.ui-20120217-1437,org.eclipse.pde.internal.core.feature,Feature,isExclusive,3,1,0
eclipse.pde.ui-20120217-1437,org.eclipse.pde.internal.core.feature,Feature,parse,77,13,1
eclipse.pde.ui-20120217-1437,org.eclipse.pde.internal.core.feature,Feature,parseRequires,14,4,1
eclipse.pde.ui-20120217-1437,org.eclipse.pde.internal.core.feature,Feature,computeImports,46,13,0
eclipse.pde.ui-20120217-1437,org.eclipse.pde.internal.core.feature,Feature,addPluginImports,13,3,3
eclipse.pde.ui-20120217-1437,org.eclipse.pde.internal.core.feature,Feature,addNewDependency,22,5,5
eclipse.pde.ui-20120217-1437,org.eclipse.pde.internal.core.feature,Feature,findImport,10,5,4
eclipse.pde.ui-20120217-1437,org.eclipse.pde.internal.core.feature,Feature,findFeaturePlugin,9,3,3
eclipse.pde.ui-20120217-1437,org.eclipse.pde.internal.core.feature,Feature,removePlugins,8,2,1
eclipse.pde.ui-20120217-1437,org.eclipse.pde.internal.core.feature,Feature,removeData,8,2,1
eclipse.pde.ui-20120217-1437,org.eclipse.pde.internal.core.feature,Feature,removeIncludedFeatures,8,2,1
eclipse.pde.ui-20120217-1437,org.eclipse.pde.internal.core.feature,Feature,removeImports,8,2,1
eclipse.pde.ui-20120217-1437,org.eclipse.pde.internal.core.feature,Feature,getOS,3,1,0
eclipse.pde.ui-20120217-1437,org.eclipse.pde.internal.core.feature,Feature,getWS,3,1,0
eclipse.pde.ui-20120217-1437,org.eclipse.pde.internal.core.feature,Feature,getNL,3,1,0
eclipse.pde.ui-20120217-1437,org.eclipse.pde.internal.core.feature,Feature,getArch,3,1,0
eclipse.pde.ui-20120217-1437,org.eclipse.pde.internal.core.feature,Feature,getColocationAffinity,3,1,0
eclipse.pde.ui-20120217-1437,org.eclipse.pde.internal.core.feature,Feature,getApplication,3,1,0
eclipse.pde.ui-20120217-1437,org.eclipse.pde.internal.core.feature,Feature,setOS,6,1,1
eclipse.pde.ui-20120217-1437,org.eclipse.pde.internal.core.feature,Feature,setWS,6,1,1
eclipse.pde.ui-20120217-1437,org.eclipse.pde.internal.core.feature,Feature,setNL,6,1,1
eclipse.pde.ui-20120217-1437,org.eclipse.pde.internal.core.feature,Feature,setArch,6,1,1
eclipse.pde.ui-20120217-1437,org.eclipse.pde.internal.core.feature,Feature,setPrimary,7,2,1
eclipse.pde.ui-20120217-1437,org.eclipse.pde.internal.core.feature,Feature,setExclusive,7,2,1
eclipse.pde.ui-20120217-1437,org.eclipse.pde.internal.core.feature,Feature,setColocationAffinity,6,1,1
eclipse.pde.ui-20120217-1437,org.eclipse.pde.internal.core.feature,Feature,setApplication,6,1,1
eclipse.pde.ui-20120217-1437,org.eclipse.pde.internal.core.feature,Feature,setProviderName,6,1,1
eclipse.pde.ui-20120217-1437,org.eclipse.pde.internal.core.feature,Feature,setPlugin,6,1,1
eclipse.pde.ui-20120217-1437,org.eclipse.pde.internal.core.feature,Feature,setURL,9,2,1
eclipse.pde.ui-20120217-1437,org.eclipse.pde.internal.core.feature,Feature,setInstallHandler,9,2,1
eclipse.pde.ui-20120217-1437,org.eclipse.pde.internal.core.feature,Feature,setFeatureInfo,23,5,2
eclipse.pde.ui-20120217-1437,org.eclipse.pde.internal.core.feature,Feature,setImageName,6,1,1
eclipse.pde.ui-20120217-1437,org.eclipse.pde.internal.core.feature,Feature,restoreProperty,51,17,3
eclipse.pde.ui-20120217-1437,org.eclipse.pde.internal.core.feature,Feature,reset,22,1,0
eclipse.pde.ui-20120217-1437,org.eclipse.pde.internal.core.feature,Feature,isValid,3,1,0
eclipse.pde.ui-20120217-1437,org.eclipse.pde.internal.core.feature,Feature,hasRequiredAttributes,21,11,0
eclipse.pde.ui-20120217-1437,org.eclipse.pde.internal.core.feature,Feature,write,73,16,2
eclipse.pde.ui-20120217-1437,org.eclipse.pde.internal.core.feature,Feature,writeIfDefined,5,2,4
eclipse.pde.ui-20120217-1437,org.eclipse.pde.internal.core.feature,Feature,getImageName,3,1,0
eclipse.pde.ui-20120217-1437,org.eclipse.pde.internal.core.feature,Feature,getCopyright,3,1,0
eclipse.pde.ui-20120217-1437,org.eclipse.pde.internal.core.feature,Feature,setCopyright,3,1,1
eclipse.pde.ui-20120217-1437,org.eclipse.pde.internal.core.feature,Feature,swap,8,2,2
eclipse.pde.ui-20120217-1437,org.eclipse.pde.internal.core.feature,FeatureChild,reset,13,1,0
eclipse.pde.ui-20120217-1437,org.eclipse.pde.internal.core.feature,FeatureChild,parse,27,9,1
eclipse.pde.ui-20120217-1437,org.eclipse.pde.internal.core.feature,FeatureChild,loadFrom,6,1,1
eclipse.pde.ui-20120217-1437,org.eclipse.pde.internal.core.feature,FeatureChild,getVersion,3,1,0
eclipse.pde.ui-20120217-1437,org.eclipse.pde.internal.core.feature,FeatureChild,isOptional,3,1,0
eclipse.pde.ui-20120217-1437,org.eclipse.pde.internal.core.feature,FeatureChild,getName,3,1,0
eclipse.pde.ui-20120217-1437,org.eclipse.pde.internal.core.feature,FeatureChild,getSearchLocation,3,1,0
eclipse.pde.ui-20120217-1437,org.eclipse.pde.internal.core.feature,FeatureChild,getMatch,3,1,0
eclipse.pde.ui-20120217-1437,org.eclipse.pde.internal.core.feature,FeatureChild,getOS,3,1,0
eclipse.pde.ui-20120217-1437,org.eclipse.pde.internal.core.feature,FeatureChild,getWS,3,1,0
eclipse.pde.ui-20120217-1437,org.eclipse.pde.internal.core.feature,FeatureChild,getArch,3,1,0
eclipse.pde.ui-20120217-1437,org.eclipse.pde.internal.core.feature,FeatureChild,getNL,3,1,0
eclipse.pde.ui-20120217-1437,org.eclipse.pde.internal.core.feature,FeatureChild,getFilter,3,1,0
eclipse.pde.ui-20120217-1437,org.eclipse.pde.internal.core.feature,FeatureChild,getReferencedFeature,7,2,0
eclipse.pde.ui-20120217-1437,org.eclipse.pde.internal.core.feature,FeatureChild,setVersion,6,1,1
eclipse.pde.ui-20120217-1437,org.eclipse.pde.internal.core.feature,FeatureChild,setName,6,1,1
eclipse.pde.ui-20120217-1437,org.eclipse.pde.internal.core.feature,FeatureChild,setMatch,6,1,1
eclipse.pde.ui-20120217-1437,org.eclipse.pde.internal.core.feature,FeatureChild,setSearchLocation,6,1,1
eclipse.pde.ui-20120217-1437,org.eclipse.pde.internal.core.feature,FeatureChild,setOptional,6,1,1
eclipse.pde.ui-20120217-1437,org.eclipse.pde.internal.core.feature,FeatureChild,setOS,6,1,1
eclipse.pde.ui-20120217-1437,org.eclipse.pde.internal.core.feature,FeatureChild,setWS,6,1,1
eclipse.pde.ui-20120217-1437,org.eclipse.pde.internal.core.feature,FeatureChild,setArch,6,1,1
eclipse.pde.ui-20120217-1437,org.eclipse.pde.internal.core.feature,FeatureChild,setNL,6,1,1
eclipse.pde.ui-20120217-1437,org.eclipse.pde.internal.core.feature,FeatureChild,setFilter,6,1,1
eclipse.pde.ui-20120217-1437,org.eclipse.pde.internal.core.feature,FeatureChild,restoreProperty,30,10,3
eclipse.pde.ui-20120217-1437,org.eclipse.pde.internal.core.feature,FeatureChild,setId,3,1,1
eclipse.pde.ui-20120217-1437,org.eclipse.pde.internal.core.feature,FeatureChild,write,50,12,2
eclipse.pde.ui-20120217-1437,org.eclipse.pde.internal.core.feature,FeatureData,FeatureData,2,1,0
eclipse.pde.ui-20120217-1437,org.eclipse.pde.internal.core.feature,FeatureData,reset,9,1,0
eclipse.pde.ui-20120217-1437,org.eclipse.pde.internal.core.feature,FeatureData,exists,6,2,0
eclipse.pde.ui-20120217-1437,org.eclipse.pde.internal.core.feature,FeatureData,parse,10,1,1
eclipse.pde.ui-20120217-1437,org.eclipse.pde.internal.core.feature,FeatureData,writeAttributes,12,1,2
eclipse.pde.ui-20120217-1437,org.eclipse.pde.internal.core.feature,FeatureData,writeAttribute,10,2,4
eclipse.pde.ui-20120217-1437,org.eclipse.pde.internal.core.feature,FeatureData,write,6,1,2
eclipse.pde.ui-20120217-1437,org.eclipse.pde.internal.core.feature,FeatureData,getOS,3,1,0
eclipse.pde.ui-20120217-1437,org.eclipse.pde.internal.core.feature,FeatureData,setOS,6,1,1
eclipse.pde.ui-20120217-1437,org.eclipse.pde.internal.core.feature,FeatureData,getWS,3,1,0
eclipse.pde.ui-20120217-1437,org.eclipse.pde.internal.core.feature,FeatureData,setWS,6,1,1
eclipse.pde.ui-20120217-1437,org.eclipse.pde.internal.core.feature,FeatureData,getNL,3,1,0
eclipse.pde.ui-20120217-1437,org.eclipse.pde.internal.core.feature,FeatureData,setNL,6,1,1
eclipse.pde.ui-20120217-1437,org.eclipse.pde.internal.core.feature,FeatureData,getArch,3,1,0
eclipse.pde.ui-20120217-1437,org.eclipse.pde.internal.core.feature,FeatureData,setArch,6,1,1
eclipse.pde.ui-20120217-1437,org.eclipse.pde.internal.core.feature,FeatureData,getFilter,3,1,0
eclipse.pde.ui-20120217-1437,org.eclipse.pde.internal.core.feature,FeatureData,setFilter,6,1,1
eclipse.pde.ui-20120217-1437,org.eclipse.pde.internal.core.feature,FeatureData,getDownloadSize,3,1,0
eclipse.pde.ui-20120217-1437,org.eclipse.pde.internal.core.feature,FeatureData,setDownloadSize,6,1,1
eclipse.pde.ui-20120217-1437,org.eclipse.pde.internal.core.feature,FeatureData,getInstallSize,3,1,0
eclipse.pde.ui-20120217-1437,org.eclipse.pde.internal.core.feature,FeatureData,setInstallSize,6,1,1
eclipse.pde.ui-20120217-1437,org.eclipse.pde.internal.core.feature,FeatureData,restoreProperty,21,7,3
eclipse.pde.ui-20120217-1437,org.eclipse.pde.internal.core.feature,FeatureData,getLabel,3,1,0
eclipse.pde.ui-20120217-1437,org.eclipse.pde.internal.core.feature,FeatureData,toString,3,1,0
eclipse.pde.ui-20120217-1437,org.eclipse.pde.internal.core.feature,FeatureFactory,FeatureFactory,3,1,1
eclipse.pde.ui-20120217-1437,org.eclipse.pde.internal.core.feature,FeatureFactory,createPlugin,6,1,0
eclipse.pde.ui-20120217-1437,org.eclipse.pde.internal.core.feature,FeatureFactory,createData,6,1,0
eclipse.pde.ui-20120217-1437,org.eclipse.pde.internal.core.feature,FeatureFactory,createChild,6,1,0
eclipse.pde.ui-20120217-1437,org.eclipse.pde.internal.core.feature,FeatureFactory,createImport,6,1,0
eclipse.pde.ui-20120217-1437,org.eclipse.pde.internal.core.feature,FeatureFactory,createURL,6,1,0
eclipse.pde.ui-20120217-1437,org.eclipse.pde.internal.core.feature,FeatureFactory,createInstallHandler,6,1,0
eclipse.pde.ui-20120217-1437,org.eclipse.pde.internal.core.feature,FeatureFactory,createInfo,6,1,1
eclipse.pde.ui-20120217-1437,org.eclipse.pde.internal.core.feature,FeatureFactory,createURLElement,6,1,2
eclipse.pde.ui-20120217-1437,org.eclipse.pde.internal.core.feature,FeatureImport,FeatureImport,2,1,0
eclipse.pde.ui-20120217-1437,org.eclipse.pde.internal.core.feature,FeatureImport,getPlugin,7,2,0
eclipse.pde.ui-20120217-1437,org.eclipse.pde.internal.core.feature,FeatureImport,getFeature,6,2,0
eclipse.pde.ui-20120217-1437,org.eclipse.pde.internal.core.feature,FeatureImport,findFeature,10,3,4
eclipse.pde.ui-20120217-1437,org.eclipse.pde.internal.core.feature,FeatureImport,findFeature,4,1,3
eclipse.pde.ui-20120217-1437,org.eclipse.pde.internal.core.feature,FeatureImport,getIdMatch,3,1,0
eclipse.pde.ui-20120217-1437,org.eclipse.pde.internal.core.feature,FeatureImport,reset,8,1,0
eclipse.pde.ui-20120217-1437,org.eclipse.pde.internal.core.feature,FeatureImport,parse,25,8,1
eclipse.pde.ui-20120217-1437,org.eclipse.pde.internal.core.feature,FeatureImport,loadFrom,6,1,1
eclipse.pde.ui-20120217-1437,org.eclipse.pde.internal.core.feature,FeatureImport,getMatch,3,1,0
eclipse.pde.ui-20120217-1437,org.eclipse.pde.internal.core.feature,FeatureImport,setMatch,6,1,1
eclipse.pde.ui-20120217-1437,org.eclipse.pde.internal.core.feature,FeatureImport,setIdMatch,6,1,1
eclipse.pde.ui-20120217-1437,org.eclipse.pde.internal.core.feature,FeatureImport,getType,3,1,0
eclipse.pde.ui-20120217-1437,org.eclipse.pde.internal.core.feature,FeatureImport,setType,6,1,1
eclipse.pde.ui-20120217-1437,org.eclipse.pde.internal.core.feature,FeatureImport,isPatch,3,1,0
eclipse.pde.ui-20120217-1437,org.eclipse.pde.internal.core.feature,FeatureImport,setPatch,6,1,1
eclipse.pde.ui-20120217-1437,org.eclipse.pde.internal.core.feature,FeatureImport,restoreProperty,15,5,3
eclipse.pde.ui-20120217-1437,org.eclipse.pde.internal.core.feature,FeatureImport,write,21,6,2
eclipse.pde.ui-20120217-1437,org.eclipse.pde.internal.core.feature,FeatureImport,toString,7,3,0
eclipse.pde.ui-20120217-1437,org.eclipse.pde.internal.core.feature,FeatureImport,getFilter,3,1,0
eclipse.pde.ui-20120217-1437,org.eclipse.pde.internal.core.feature,FeatureImport,setFilter,3,1,1
eclipse.pde.ui-20120217-1437,org.eclipse.pde.internal.core.feature,FeatureInfo,FeatureInfo,3,1,1
eclipse.pde.ui-20120217-1437,org.eclipse.pde.internal.core.feature,FeatureInfo,getIndex,3,1,0
eclipse.pde.ui-20120217-1437,org.eclipse.pde.internal.core.feature,FeatureInfo,getTag,3,1,0
eclipse.pde.ui-20120217-1437,org.eclipse.pde.internal.core.feature,FeatureInfo,getURL,3,1,0
eclipse.pde.ui-20120217-1437,org.eclipse.pde.internal.core.feature,FeatureInfo,getDescription,3,1,0
eclipse.pde.ui-20120217-1437,org.eclipse.pde.internal.core.feature,FeatureInfo,setURL,6,1,1
eclipse.pde.ui-20120217-1437,org.eclipse.pde.internal.core.feature,FeatureInfo,restoreProperty,9,3,3
eclipse.pde.ui-20120217-1437,org.eclipse.pde.internal.core.feature,FeatureInfo,setDescription,6,1,1
eclipse.pde.ui-20120217-1437,org.eclipse.pde.internal.core.feature,FeatureInfo,parse,5,2,1
eclipse.pde.ui-20120217-1437,org.eclipse.pde.internal.core.feature,FeatureInfo,write,12,3,2
eclipse.pde.ui-20120217-1437,org.eclipse.pde.internal.core.feature,FeatureInfo,isEmpty,6,3,0
eclipse.pde.ui-20120217-1437,org.eclipse.pde.internal.core.feature,FeatureInfo,toString,11,4,0
eclipse.pde.ui-20120217-1437,org.eclipse.pde.internal.core.feature,FeatureInstallHandler,getLibrary,3,1,0
eclipse.pde.ui-20120217-1437,org.eclipse.pde.internal.core.feature,FeatureInstallHandler,getHandlerName,3,1,0
eclipse.pde.ui-20120217-1437,org.eclipse.pde.internal.core.feature,FeatureInstallHandler,setLibrary,6,1,1
eclipse.pde.ui-20120217-1437,org.eclipse.pde.internal.core.feature,FeatureInstallHandler,setHandlerName,6,1,1
eclipse.pde.ui-20120217-1437,org.eclipse.pde.internal.core.feature,FeatureInstallHandler,restoreProperty,9,3,3
eclipse.pde.ui-20120217-1437,org.eclipse.pde.internal.core.feature,FeatureInstallHandler,parse,4,1,1
eclipse.pde.ui-20120217-1437,org.eclipse.pde.internal.core.feature,FeatureInstallHandler,write,10,3,2
eclipse.pde.ui-20120217-1437,org.eclipse.pde.internal.core.feature,FeatureObject,setInTheModel,3,1,1
eclipse.pde.ui-20120217-1437,org.eclipse.pde.internal.core.feature,FeatureObject,isInTheModel,3,1,0
eclipse.pde.ui-20120217-1437,org.eclipse.pde.internal.core.feature,FeatureObject,ensureModelEditable,5,2,0
eclipse.pde.ui-20120217-1437,org.eclipse.pde.internal.core.feature,FeatureObject,firePropertyChanged,3,1,3
eclipse.pde.ui-20120217-1437,org.eclipse.pde.internal.core.feature,FeatureObject,firePropertyChanged,6,2,4
eclipse.pde.ui-20120217-1437,org.eclipse.pde.internal.core.feature,FeatureObject,fireStructureChanged,3,1,2
eclipse.pde.ui-20120217-1437,org.eclipse.pde.internal.core.feature,FeatureObject,fireStructureChanged,7,2,2
eclipse.pde.ui-20120217-1437,org.eclipse.pde.internal.core.feature,FeatureObject,getFeature,3,1,0
eclipse.pde.ui-20120217-1437,org.eclipse.pde.internal.core.feature,FeatureObject,getLabel,3,1,0
eclipse.pde.ui-20120217-1437,org.eclipse.pde.internal.core.feature,FeatureObject,getTranslatableLabel,4,2,0
eclipse.pde.ui-20120217-1437,org.eclipse.pde.internal.core.feature,FeatureObject,getModel,3,1,0
eclipse.pde.ui-20120217-1437,org.eclipse.pde.internal.core.feature,FeatureObject,getNodeAttribute,5,2,2
eclipse.pde.ui-20120217-1437,org.eclipse.pde.internal.core.feature,FeatureObject,getIntegerAttribute,11,2,2
eclipse.pde.ui-20120217-1437,org.eclipse.pde.internal.core.feature,FeatureObject,getBooleanAttribute,7,2,2
eclipse.pde.ui-20120217-1437,org.eclipse.pde.internal.core.feature,FeatureObject,getNormalizedText,5,1,1
eclipse.pde.ui-20120217-1437,org.eclipse.pde.internal.core.feature,FeatureObject,getParent,3,1,0
eclipse.pde.ui-20120217-1437,org.eclipse.pde.internal.core.feature,FeatureObject,parse,3,1,1
eclipse.pde.ui-20120217-1437,org.eclipse.pde.internal.core.feature,FeatureObject,reset,3,1,0
eclipse.pde.ui-20120217-1437,org.eclipse.pde.internal.core.feature,FeatureObject,setLabel,6,1,1
eclipse.pde.ui-20120217-1437,org.eclipse.pde.internal.core.feature,FeatureObject,throwCoreException,6,1,1
eclipse.pde.ui-20120217-1437,org.eclipse.pde.internal.core.feature,FeatureObject,restoreProperty,5,2,3
eclipse.pde.ui-20120217-1437,org.eclipse.pde.internal.core.feature,FeatureObject,write,2,1,2
eclipse.pde.ui-20120217-1437,org.eclipse.pde.internal.core.feature,FeatureObject,setModel,3,1,1
eclipse.pde.ui-20120217-1437,org.eclipse.pde.internal.core.feature,FeatureObject,setParent,3,1,1
eclipse.pde.ui-20120217-1437,org.eclipse.pde.internal.core.feature,FeatureObject,getWritableString,3,1,1
eclipse.pde.ui-20120217-1437,org.eclipse.pde.internal.core.feature,FeaturePlugin,FeaturePlugin,2,1,0
eclipse.pde.ui-20120217-1437,org.eclipse.pde.internal.core.feature,FeaturePlugin,reset,5,1,0
eclipse.pde.ui-20120217-1437,org.eclipse.pde.internal.core.feature,FeaturePlugin,isFragment,3,1,0
eclipse.pde.ui-20120217-1437,org.eclipse.pde.internal.core.feature,FeaturePlugin,getPluginBase,23,8,0
eclipse.pde.ui-20120217-1437,org.eclipse.pde.internal.core.feature,FeaturePlugin,getVersion,3,1,0
eclipse.pde.ui-20120217-1437,org.eclipse.pde.internal.core.feature,FeaturePlugin,isUnpack,3,1,0
eclipse.pde.ui-20120217-1437,org.eclipse.pde.internal.core.feature,FeaturePlugin,setVersion,6,1,1
eclipse.pde.ui-20120217-1437,org.eclipse.pde.internal.core.feature,FeaturePlugin,setUnpack,6,1,1
eclipse.pde.ui-20120217-1437,org.eclipse.pde.internal.core.feature,FeaturePlugin,restoreProperty,6,2,3
eclipse.pde.ui-20120217-1437,org.eclipse.pde.internal.core.feature,FeaturePlugin,setFragment,4,1,1
eclipse.pde.ui-20120217-1437,org.eclipse.pde.internal.core.feature,FeaturePlugin,parse,8,3,1
eclipse.pde.ui-20120217-1437,org.eclipse.pde.internal.core.feature,FeaturePlugin,loadFrom,6,1,1
eclipse.pde.ui-20120217-1437,org.eclipse.pde.internal.core.feature,FeaturePlugin,write,18,4,2
eclipse.pde.ui-20120217-1437,org.eclipse.pde.internal.core.feature,FeaturePlugin,getLabel,9,3,0
eclipse.pde.ui-20120217-1437,org.eclipse.pde.internal.core.feature,FeaturePlugin,toString,3,1,0
eclipse.pde.ui-20120217-1437,org.eclipse.pde.internal.core.feature,FeatureURL,addDiscovery,6,1,1
eclipse.pde.ui-20120217-1437,org.eclipse.pde.internal.core.feature,FeatureURL,setUpdate,18,5,1
eclipse.pde.ui-20120217-1437,org.eclipse.pde.internal.core.feature,FeatureURL,getDiscoveries,3,1,0
eclipse.pde.ui-20120217-1437,org.eclipse.pde.internal.core.feature,FeatureURL,getUpdate,3,1,0
eclipse.pde.ui-20120217-1437,org.eclipse.pde.internal.core.feature,FeatureURL,parse,28,8,1
eclipse.pde.ui-20120217-1437,org.eclipse.pde.internal.core.feature,FeatureURL,removeDiscovery,6,1,1
eclipse.pde.ui-20120217-1437,org.eclipse.pde.internal.core.feature,FeatureURL,write,16,4,2
eclipse.pde.ui-20120217-1437,org.eclipse.pde.internal.core.feature,FeatureURLElement,FeatureURLElement,3,1,1
eclipse.pde.ui-20120217-1437,org.eclipse.pde.internal.core.feature,FeatureURLElement,FeatureURLElement,4,1,2
eclipse.pde.ui-20120217-1437,org.eclipse.pde.internal.core.feature,FeatureURLElement,getElementType,3,1,0
eclipse.pde.ui-20120217-1437,org.eclipse.pde.internal.core.feature,FeatureURLElement,getURL,3,1,0
eclipse.pde.ui-20120217-1437,org.eclipse.pde.internal.core.feature,FeatureURLElement,getSiteType,3,1,0
eclipse.pde.ui-20120217-1437,org.eclipse.pde.internal.core.feature,FeatureURLElement,parse,11,3,1
eclipse.pde.ui-20120217-1437,org.eclipse.pde.internal.core.feature,FeatureURLElement,setURL,6,1,1
eclipse.pde.ui-20120217-1437,org.eclipse.pde.internal.core.feature,FeatureURLElement,setSiteType,6,1,1
eclipse.pde.ui-20120217-1437,org.eclipse.pde.internal.core.feature,FeatureURLElement,restoreProperty,9,3,3
eclipse.pde.ui-20120217-1437,org.eclipse.pde.internal.core.feature,FeatureURLElement,toString,5,3,0
eclipse.pde.ui-20120217-1437,org.eclipse.pde.internal.core.feature,FeatureURLElement,write,23,7,2
eclipse.pde.ui-20120217-1437,org.eclipse.pde.internal.core.feature,IdentifiableObject,getId,3,1,0
eclipse.pde.ui-20120217-1437,org.eclipse.pde.internal.core.feature,IdentifiableObject,parse,4,1,1
eclipse.pde.ui-20120217-1437,org.eclipse.pde.internal.core.feature,IdentifiableObject,setId,6,1,1
eclipse.pde.ui-20120217-1437,org.eclipse.pde.internal.core.feature,IdentifiableObject,restoreProperty,6,2,3
eclipse.pde.ui-20120217-1437,org.eclipse.pde.internal.core.feature,IdentifiableObject,reset,4,1,0
eclipse.pde.ui-20120217-1437,org.eclipse.pde.internal.core.feature,VersionableObject,getVersion,3,1,0
eclipse.pde.ui-20120217-1437,org.eclipse.pde.internal.core.feature,VersionableObject,parse,4,1,1
eclipse.pde.ui-20120217-1437,org.eclipse.pde.internal.core.feature,VersionableObject,setVersion,6,1,1
eclipse.pde.ui-20120217-1437,org.eclipse.pde.internal.core.feature,VersionableObject,restoreProperty,6,2,3
eclipse.pde.ui-20120217-1437,org.eclipse.pde.internal.core.feature,VersionableObject,reset,4,1,0
eclipse.pde.ui-20120217-1437,org.eclipse.pde.internal.core.feature,WorkspaceFeatureModel,WorkspaceFeatureModel,3,1,0
eclipse.pde.ui-20120217-1437,org.eclipse.pde.internal.core.feature,WorkspaceFeatureModel,WorkspaceFeatureModel,3,1,1
eclipse.pde.ui-20120217-1437,org.eclipse.pde.internal.core.feature,WorkspaceFeatureModel,fireModelChanged,4,1,1
eclipse.pde.ui-20120217-1437,org.eclipse.pde.internal.core.feature,WorkspaceFeatureModel,createNLResourceHelper,15,3,0
eclipse.pde.ui-20120217-1437,org.eclipse.pde.internal.core.feature,WorkspaceFeatureModel,getContents,14,1,0
eclipse.pde.ui-20120217-1437,org.eclipse.pde.internal.core.feature,WorkspaceFeatureModel,getFile,3,1,0
eclipse.pde.ui-20120217-1437,org.eclipse.pde.internal.core.feature,WorkspaceFeatureModel,getInstallLocation,4,1,0
eclipse.pde.ui-20120217-1437,org.eclipse.pde.internal.core.feature,WorkspaceFeatureModel,getUnderlyingResource,3,1,0
eclipse.pde.ui-20120217-1437,org.eclipse.pde.internal.core.feature,WorkspaceFeatureModel,isDirty,3,1,0
eclipse.pde.ui-20120217-1437,org.eclipse.pde.internal.core.feature,WorkspaceFeatureModel,isEditable,3,1,0
eclipse.pde.ui-20120217-1437,org.eclipse.pde.internal.core.feature,WorkspaceFeatureModel,isInSync,3,1,0
eclipse.pde.ui-20120217-1437,org.eclipse.pde.internal.core.feature,WorkspaceFeatureModel,updateTimeStamp,3,1,0
eclipse.pde.ui-20120217-1437,org.eclipse.pde.internal.core.feature,WorkspaceFeatureModel,load,32,5,0
eclipse.pde.ui-20120217-1437,org.eclipse.pde.internal.core.feature,WorkspaceFeatureModel,save,28,4,0
eclipse.pde.ui-20120217-1437,org.eclipse.pde.internal.core.feature,WorkspaceFeatureModel,save,7,2,1
eclipse.pde.ui-20120217-1437,org.eclipse.pde.internal.core.feature,WorkspaceFeatureModel,setDirty,3,1,1
eclipse.pde.ui-20120217-1437,org.eclipse.pde.internal.core.feature,WorkspaceFeatureModel,setEditable,3,1,1
eclipse.pde.ui-20120217-1437,org.eclipse.pde.internal.core.feature,WorkspaceFeatureModel,setFile,3,1,1
eclipse.pde.ui-20120217-1437,org.eclipse.pde.internal.core.ibundle,IBundle,setHeader,0,1,2
eclipse.pde.ui-20120217-1437,org.eclipse.pde.internal.core.ibundle,IBundle,renameHeader,0,1,2
eclipse.pde.ui-20120217-1437,org.eclipse.pde.internal.core.ibundle,IBundle,getHeader,0,1,1
eclipse.pde.ui-20120217-1437,org.eclipse.pde.internal.core.ibundle,IBundle,getManifestHeader,0,1,1
eclipse.pde.ui-20120217-1437,org.eclipse.pde.internal.core.ibundle,IBundle,getModel,0,1,0
eclipse.pde.ui-20120217-1437,org.eclipse.pde.internal.core.ibundle,IBundle,getLocalization,0,1,0
eclipse.pde.ui-20120217-1437,org.eclipse.pde.internal.core.ibundle,IBundle,setLocalization,0,1,1
eclipse.pde.ui-20120217-1437,org.eclipse.pde.internal.core.ibundle,IBundleModel,getBundle,0,1,0
eclipse.pde.ui-20120217-1437,org.eclipse.pde.internal.core.ibundle,IBundleModel,getInstallLocation,0,1,0
eclipse.pde.ui-20120217-1437,org.eclipse.pde.internal.core.ibundle,IBundleModel,isFragmentModel,0,1,0
eclipse.pde.ui-20120217-1437,org.eclipse.pde.internal.core.ibundle,IBundleModel,getFactory,0,1,0
eclipse.pde.ui-20120217-1437,org.eclipse.pde.internal.core.ibundle,IBundleModelFactory,createHeader,0,1,0
eclipse.pde.ui-20120217-1437,org.eclipse.pde.internal.core.ibundle,IBundleModelFactory,createHeader,0,1,2
eclipse.pde.ui-20120217-1437,org.eclipse.pde.internal.core.ibundle,IBundlePlugin,hasExtensibleAPI,0,1,0
eclipse.pde.ui-20120217-1437,org.eclipse.pde.internal.core.ibundle,IBundlePluginBase,getTargetVersion,0,1,0
eclipse.pde.ui-20120217-1437,org.eclipse.pde.internal.core.ibundle,IBundlePluginBase,setTargetVersion,0,1,1
eclipse.pde.ui-20120217-1437,org.eclipse.pde.internal.core.ibundle,IBundlePluginModelBase,getBundleModel,0,1,0
eclipse.pde.ui-20120217-1437,org.eclipse.pde.internal.core.ibundle,IBundlePluginModelBase,getExtensionsModel,0,1,0
eclipse.pde.ui-20120217-1437,org.eclipse.pde.internal.core.ibundle,IBundlePluginModelBase,setBundleModel,0,1,1
eclipse.pde.ui-20120217-1437,org.eclipse.pde.internal.core.ibundle,IBundlePluginModelBase,setExtensionsModel,0,1,1
eclipse.pde.ui-20120217-1437,org.eclipse.pde.internal.core.ibundle,IBundlePluginModelBase,createImport,0,1,0
eclipse.pde.ui-20120217-1437,org.eclipse.pde.internal.core.ibundle,IBundlePluginModelBase,createLibrary,0,1,0
eclipse.pde.ui-20120217-1437,org.eclipse.pde.internal.core.ibundle,IBundlePluginModelBase,save,0,1,0
eclipse.pde.ui-20120217-1437,org.eclipse.pde.internal.core.ibundle,IBundlePluginModelBase,getBundleLocalization,0,1,0
eclipse.pde.ui-20120217-1437,org.eclipse.pde.internal.core.ibundle,IBundlePluginModelProvider,getBundlePluginModel,0,1,0
eclipse.pde.ui-20120217-1437,org.eclipse.pde.internal.core.ibundle,IManifestHeader,getKey,0,1,0
eclipse.pde.ui-20120217-1437,org.eclipse.pde.internal.core.ibundle,IManifestHeader,getValue,0,1,0
eclipse.pde.ui-20120217-1437,org.eclipse.pde.internal.core.ibundle,IManifestHeader,setKey,0,1,1
eclipse.pde.ui-20120217-1437,org.eclipse.pde.internal.core.ibundle,IManifestHeader,setValue,0,1,1
eclipse.pde.ui-20120217-1437,org.eclipse.pde.internal.core.ibundle,IManifestHeader,update,0,1,0
eclipse.pde.ui-20120217-1437,org.eclipse.pde.internal.core.ibundle,IManifestHeader,update,0,1,1
eclipse.pde.ui-20120217-1437,org.eclipse.pde.internal.core.ifeature,IEnvironment,getOS,0,1,0
eclipse.pde.ui-20120217-1437,org.eclipse.pde.internal.core.ifeature,IEnvironment,getWS,0,1,0
eclipse.pde.ui-20120217-1437,org.eclipse.pde.internal.core.ifeature,IEnvironment,getArch,0,1,0
eclipse.pde.ui-20120217-1437,org.eclipse.pde.internal.core.ifeature,IEnvironment,getNL,0,1,0
eclipse.pde.ui-20120217-1437,org.eclipse.pde.internal.core.ifeature,IEnvironment,setOS,0,1,1
eclipse.pde.ui-20120217-1437,org.eclipse.pde.internal.core.ifeature,IEnvironment,setWS,0,1,1
eclipse.pde.ui-20120217-1437,org.eclipse.pde.internal.core.ifeature,IEnvironment,setArch,0,1,1
eclipse.pde.ui-20120217-1437,org.eclipse.pde.internal.core.ifeature,IEnvironment,setNL,0,1,1
eclipse.pde.ui-20120217-1437,org.eclipse.pde.internal.core.ifeature,IFeature,addPlugins,0,1,1
eclipse.pde.ui-20120217-1437,org.eclipse.pde.internal.core.ifeature,IFeature,addData,0,1,1
eclipse.pde.ui-20120217-1437,org.eclipse.pde.internal.core.ifeature,IFeature,addIncludedFeatures,0,1,1
eclipse.pde.ui-20120217-1437,org.eclipse.pde.internal.core.ifeature,IFeature,removeIncludedFeatures,0,1,1
eclipse.pde.ui-20120217-1437,org.eclipse.pde.internal.core.ifeature,IFeature,addImports,0,1,1
eclipse.pde.ui-20120217-1437,org.eclipse.pde.internal.core.ifeature,IFeature,getPlugins,0,1,0
eclipse.pde.ui-20120217-1437,org.eclipse.pde.internal.core.ifeature,IFeature,getData,0,1,0
eclipse.pde.ui-20120217-1437,org.eclipse.pde.internal.core.ifeature,IFeature,getImports,0,1,0
eclipse.pde.ui-20120217-1437,org.eclipse.pde.internal.core.ifeature,IFeature,getIncludedFeatures,0,1,0
eclipse.pde.ui-20120217-1437,org.eclipse.pde.internal.core.ifeature,IFeature,getProviderName,0,1,0
eclipse.pde.ui-20120217-1437,org.eclipse.pde.internal.core.ifeature,IFeature,getImageName,0,1,0
eclipse.pde.ui-20120217-1437,org.eclipse.pde.internal.core.ifeature,IFeature,getReferencedModel,0,1,1
eclipse.pde.ui-20120217-1437,org.eclipse.pde.internal.core.ifeature,IFeature,getURL,0,1,0
eclipse.pde.ui-20120217-1437,org.eclipse.pde.internal.core.ifeature,IFeature,getInstallHandler,0,1,0
eclipse.pde.ui-20120217-1437,org.eclipse.pde.internal.core.ifeature,IFeature,setInstallHandler,0,1,1
eclipse.pde.ui-20120217-1437,org.eclipse.pde.internal.core.ifeature,IFeature,getFeatureInfo,0,1,1
eclipse.pde.ui-20120217-1437,org.eclipse.pde.internal.core.ifeature,IFeature,setFeatureInfo,0,1,2
eclipse.pde.ui-20120217-1437,org.eclipse.pde.internal.core.ifeature,IFeature,removePlugins,0,1,1
eclipse.pde.ui-20120217-1437,org.eclipse.pde.internal.core.ifeature,IFeature,removeData,0,1,1
eclipse.pde.ui-20120217-1437,org.eclipse.pde.internal.core.ifeature,IFeature,removeImports,0,1,1
eclipse.pde.ui-20120217-1437,org.eclipse.pde.internal.core.ifeature,IFeature,setProviderName,0,1,1
eclipse.pde.ui-20120217-1437,org.eclipse.pde.internal.core.ifeature,IFeature,setImageName,0,1,1
eclipse.pde.ui-20120217-1437,org.eclipse.pde.internal.core.ifeature,IFeature,setURL,0,1,1
eclipse.pde.ui-20120217-1437,org.eclipse.pde.internal.core.ifeature,IFeature,computeImports,0,1,0
eclipse.pde.ui-20120217-1437,org.eclipse.pde.internal.core.ifeature,IFeature,isPrimary,0,1,0
eclipse.pde.ui-20120217-1437,org.eclipse.pde.internal.core.ifeature,IFeature,getLicenseFeatureID,0,1,0
eclipse.pde.ui-20120217-1437,org.eclipse.pde.internal.core.ifeature,IFeature,setLicenseFeatureID,0,1,1
eclipse.pde.ui-20120217-1437,org.eclipse.pde.internal.core.ifeature,IFeature,getLicenseFeatureVersion,0,1,0
eclipse.pde.ui-20120217-1437,org.eclipse.pde.internal.core.ifeature,IFeature,setLicenseFeatureVersion,0,1,1
eclipse.pde.ui-20120217-1437,org.eclipse.pde.internal.core.ifeature,IFeature,setPrimary,0,1,1
eclipse.pde.ui-20120217-1437,org.eclipse.pde.internal.core.ifeature,IFeature,isExclusive,0,1,0
eclipse.pde.ui-20120217-1437,org.eclipse.pde.internal.core.ifeature,IFeature,setExclusive,0,1,1
eclipse.pde.ui-20120217-1437,org.eclipse.pde.internal.core.ifeature,IFeature,getPlugin,0,1,0
eclipse.pde.ui-20120217-1437,org.eclipse.pde.internal.core.ifeature,IFeature,setPlugin,0,1,1
eclipse.pde.ui-20120217-1437,org.eclipse.pde.internal.core.ifeature,IFeature,getColocationAffinity,0,1,0
eclipse.pde.ui-20120217-1437,org.eclipse.pde.internal.core.ifeature,IFeature,setColocationAffinity,0,1,1
eclipse.pde.ui-20120217-1437,org.eclipse.pde.internal.core.ifeature,IFeature,getApplication,0,1,0
eclipse.pde.ui-20120217-1437,org.eclipse.pde.internal.core.ifeature,IFeature,setApplication,0,1,1
eclipse.pde.ui-20120217-1437,org.eclipse.pde.internal.core.ifeature,IFeature,isValid,0,1,0
eclipse.pde.ui-20120217-1437,org.eclipse.pde.internal.core.ifeature,IFeature,swap,0,1,2
eclipse.pde.ui-20120217-1437,org.eclipse.pde.internal.core.ifeature,IFeatureChild,getVersion,0,1,0
eclipse.pde.ui-20120217-1437,org.eclipse.pde.internal.core.ifeature,IFeatureChild,setVersion,0,1,1
eclipse.pde.ui-20120217-1437,org.eclipse.pde.internal.core.ifeature,IFeatureChild,isOptional,0,1,0
eclipse.pde.ui-20120217-1437,org.eclipse.pde.internal.core.ifeature,IFeatureChild,setOptional,0,1,1
eclipse.pde.ui-20120217-1437,org.eclipse.pde.internal.core.ifeature,IFeatureChild,getName,0,1,0
eclipse.pde.ui-20120217-1437,org.eclipse.pde.internal.core.ifeature,IFeatureChild,setName,0,1,1
eclipse.pde.ui-20120217-1437,org.eclipse.pde.internal.core.ifeature,IFeatureChild,getSearchLocation,0,1,0
eclipse.pde.ui-20120217-1437,org.eclipse.pde.internal.core.ifeature,IFeatureChild,setSearchLocation,0,1,1
eclipse.pde.ui-20120217-1437,org.eclipse.pde.internal.core.ifeature,IFeatureChild,getMatch,0,1,0
eclipse.pde.ui-20120217-1437,org.eclipse.pde.internal.core.ifeature,IFeatureChild,setMatch,0,1,1
eclipse.pde.ui-20120217-1437,org.eclipse.pde.internal.core.ifeature,IFeatureChild,getFilter,0,1,0
eclipse.pde.ui-20120217-1437,org.eclipse.pde.internal.core.ifeature,IFeatureChild,setFilter,0,1,1
eclipse.pde.ui-20120217-1437,org.eclipse.pde.internal.core.ifeature,IFeatureData,exists,0,1,0
eclipse.pde.ui-20120217-1437,org.eclipse.pde.internal.core.ifeature,IFeatureEntry,getOS,0,1,0
eclipse.pde.ui-20120217-1437,org.eclipse.pde.internal.core.ifeature,IFeatureEntry,getWS,0,1,0
eclipse.pde.ui-20120217-1437,org.eclipse.pde.internal.core.ifeature,IFeatureEntry,getNL,0,1,0
eclipse.pde.ui-20120217-1437,org.eclipse.pde.internal.core.ifeature,IFeatureEntry,getArch,0,1,0
eclipse.pde.ui-20120217-1437,org.eclipse.pde.internal.core.ifeature,IFeatureEntry,getFilter,0,1,0
eclipse.pde.ui-20120217-1437,org.eclipse.pde.internal.core.ifeature,IFeatureEntry,getDownloadSize,0,1,0
eclipse.pde.ui-20120217-1437,org.eclipse.pde.internal.core.ifeature,IFeatureEntry,getInstallSize,0,1,0
eclipse.pde.ui-20120217-1437,org.eclipse.pde.internal.core.ifeature,IFeatureEntry,setOS,0,1,1
eclipse.pde.ui-20120217-1437,org.eclipse.pde.internal.core.ifeature,IFeatureEntry,setWS,0,1,1
eclipse.pde.ui-20120217-1437,org.eclipse.pde.internal.core.ifeature,IFeatureEntry,setNL,0,1,1
eclipse.pde.ui-20120217-1437,org.eclipse.pde.internal.core.ifeature,IFeatureEntry,setArch,0,1,1
eclipse.pde.ui-20120217-1437,org.eclipse.pde.internal.core.ifeature,IFeatureEntry,setFilter,0,1,1
eclipse.pde.ui-20120217-1437,org.eclipse.pde.internal.core.ifeature,IFeatureEntry,setDownloadSize,0,1,1
eclipse.pde.ui-20120217-1437,org.eclipse.pde.internal.core.ifeature,IFeatureEntry,setInstallSize,0,1,1
eclipse.pde.ui-20120217-1437,org.eclipse.pde.internal.core.ifeature,IFeatureImport,getType,0,1,0
eclipse.pde.ui-20120217-1437,org.eclipse.pde.internal.core.ifeature,IFeatureImport,setType,0,1,1
eclipse.pde.ui-20120217-1437,org.eclipse.pde.internal.core.ifeature,IFeatureImport,isPatch,0,1,0
eclipse.pde.ui-20120217-1437,org.eclipse.pde.internal.core.ifeature,IFeatureImport,setPatch,0,1,1
eclipse.pde.ui-20120217-1437,org.eclipse.pde.internal.core.ifeature,IFeatureImport,getIdMatch,0,1,0
eclipse.pde.ui-20120217-1437,org.eclipse.pde.internal.core.ifeature,IFeatureImport,setIdMatch,0,1,1
eclipse.pde.ui-20120217-1437,org.eclipse.pde.internal.core.ifeature,IFeatureImport,getFilter,0,1,0
eclipse.pde.ui-20120217-1437,org.eclipse.pde.internal.core.ifeature,IFeatureImport,setFilter,0,1,1
eclipse.pde.ui-20120217-1437,org.eclipse.pde.internal.core.ifeature,IFeatureInfo,getURL,0,1,0
eclipse.pde.ui-20120217-1437,org.eclipse.pde.internal.core.ifeature,IFeatureInfo,getDescription,0,1,0
eclipse.pde.ui-20120217-1437,org.eclipse.pde.internal.core.ifeature,IFeatureInfo,setURL,0,1,1
eclipse.pde.ui-20120217-1437,org.eclipse.pde.internal.core.ifeature,IFeatureInfo,setDescription,0,1,1
eclipse.pde.ui-20120217-1437,org.eclipse.pde.internal.core.ifeature,IFeatureInfo,isEmpty,0,1,0
eclipse.pde.ui-20120217-1437,org.eclipse.pde.internal.core.ifeature,IFeatureInfo,getIndex,0,1,0
eclipse.pde.ui-20120217-1437,org.eclipse.pde.internal.core.ifeature,IFeatureInstallHandler,getLibrary,0,1,0
eclipse.pde.ui-20120217-1437,org.eclipse.pde.internal.core.ifeature,IFeatureInstallHandler,getHandlerName,0,1,0
eclipse.pde.ui-20120217-1437,org.eclipse.pde.internal.core.ifeature,IFeatureInstallHandler,setLibrary,0,1,1
eclipse.pde.ui-20120217-1437,org.eclipse.pde.internal.core.ifeature,IFeatureInstallHandler,setHandlerName,0,1,1
eclipse.pde.ui-20120217-1437,org.eclipse.pde.internal.core.ifeature,IFeatureModel,getFeature,0,1,0
eclipse.pde.ui-20120217-1437,org.eclipse.pde.internal.core.ifeature,IFeatureModel,getFactory,0,1,0
eclipse.pde.ui-20120217-1437,org.eclipse.pde.internal.core.ifeature,IFeatureModel,getInstallLocation,0,1,0
eclipse.pde.ui-20120217-1437,org.eclipse.pde.internal.core.ifeature,IFeatureModel,isEnabled,0,1,0
eclipse.pde.ui-20120217-1437,org.eclipse.pde.internal.core.ifeature,IFeatureModel,setEnabled,0,1,1
eclipse.pde.ui-20120217-1437,org.eclipse.pde.internal.core.ifeature,IFeatureModelFactory,createPlugin,0,1,0
eclipse.pde.ui-20120217-1437,org.eclipse.pde.internal.core.ifeature,IFeatureModelFactory,createData,0,1,0
eclipse.pde.ui-20120217-1437,org.eclipse.pde.internal.core.ifeature,IFeatureModelFactory,createChild,0,1,0
eclipse.pde.ui-20120217-1437,org.eclipse.pde.internal.core.ifeature,IFeatureModelFactory,createImport,0,1,0
eclipse.pde.ui-20120217-1437,org.eclipse.pde.internal.core.ifeature,IFeatureModelFactory,createURL,0,1,0
eclipse.pde.ui-20120217-1437,org.eclipse.pde.internal.core.ifeature,IFeatureModelFactory,createInstallHandler,0,1,0
eclipse.pde.ui-20120217-1437,org.eclipse.pde.internal.core.ifeature,IFeatureModelFactory,createInfo,0,1,1
eclipse.pde.ui-20120217-1437,org.eclipse.pde.internal.core.ifeature,IFeatureModelFactory,createURLElement,0,1,2
eclipse.pde.ui-20120217-1437,org.eclipse.pde.internal.core.ifeature,IFeatureObject,getFeature,0,1,0
eclipse.pde.ui-20120217-1437,org.eclipse.pde.internal.core.ifeature,IFeatureObject,getLabel,0,1,0
eclipse.pde.ui-20120217-1437,org.eclipse.pde.internal.core.ifeature,IFeatureObject,getModel,0,1,0
eclipse.pde.ui-20120217-1437,org.eclipse.pde.internal.core.ifeature,IFeatureObject,isInTheModel,0,1,0
eclipse.pde.ui-20120217-1437,org.eclipse.pde.internal.core.ifeature,IFeatureObject,getParent,0,1,0
eclipse.pde.ui-20120217-1437,org.eclipse.pde.internal.core.ifeature,IFeatureObject,setLabel,0,1,1
eclipse.pde.ui-20120217-1437,org.eclipse.pde.internal.core.ifeature,IFeatureObject,getTranslatableLabel,0,1,0
eclipse.pde.ui-20120217-1437,org.eclipse.pde.internal.core.ifeature,IFeaturePlugin,isFragment,0,1,0
eclipse.pde.ui-20120217-1437,org.eclipse.pde.internal.core.ifeature,IFeaturePlugin,isUnpack,0,1,0
eclipse.pde.ui-20120217-1437,org.eclipse.pde.internal.core.ifeature,IFeaturePlugin,setUnpack,0,1,1
eclipse.pde.ui-20120217-1437,org.eclipse.pde.internal.core.ifeature,IFeatureURL,addDiscovery,0,1,1
eclipse.pde.ui-20120217-1437,org.eclipse.pde.internal.core.ifeature,IFeatureURL,setUpdate,0,1,1
eclipse.pde.ui-20120217-1437,org.eclipse.pde.internal.core.ifeature,IFeatureURL,getDiscoveries,0,1,0
eclipse.pde.ui-20120217-1437,org.eclipse.pde.internal.core.ifeature,IFeatureURL,getUpdate,0,1,0
eclipse.pde.ui-20120217-1437,org.eclipse.pde.internal.core.ifeature,IFeatureURL,removeDiscovery,0,1,1
eclipse.pde.ui-20120217-1437,org.eclipse.pde.internal.core.ifeature,IFeatureURLElement,getElementType,0,1,0
eclipse.pde.ui-20120217-1437,org.eclipse.pde.internal.core.ifeature,IFeatureURLElement,getSiteType,0,1,0
eclipse.pde.ui-20120217-1437,org.eclipse.pde.internal.core.ifeature,IFeatureURLElement,getURL,0,1,0
eclipse.pde.ui-20120217-1437,org.eclipse.pde.internal.core.ifeature,IFeatureURLElement,setURL,0,1,1
eclipse.pde.ui-20120217-1437,org.eclipse.pde.internal.core.ifeature,IFeatureURLElement,setSiteType,0,1,1
eclipse.pde.ui-20120217-1437,org.eclipse.pde.internal.core.ifeature,IVersionable,getVersion,0,1,0
eclipse.pde.ui-20120217-1437,org.eclipse.pde.internal.core.ifeature,IVersionable,setVersion,0,1,1
eclipse.pde.ui-20120217-1437,org.eclipse.pde.internal.core.iproduct,IAboutInfo,setText,0,1,1
eclipse.pde.ui-20120217-1437,org.eclipse.pde.internal.core.iproduct,IAboutInfo,getText,0,1,0
eclipse.pde.ui-20120217-1437,org.eclipse.pde.internal.core.iproduct,IAboutInfo,setImagePath,0,1,1
eclipse.pde.ui-20120217-1437,org.eclipse.pde.internal.core.iproduct,IAboutInfo,getImagePath,0,1,0
eclipse.pde.ui-20120217-1437,org.eclipse.pde.internal.core.iproduct,IArgumentsInfo,setProgramArguments,0,1,2
eclipse.pde.ui-20120217-1437,org.eclipse.pde.internal.core.iproduct,IArgumentsInfo,getProgramArguments,0,1,1
eclipse.pde.ui-20120217-1437,org.eclipse.pde.internal.core.iproduct,IArgumentsInfo,getCompleteProgramArguments,0,1,1
eclipse.pde.ui-20120217-1437,org.eclipse.pde.internal.core.iproduct,IArgumentsInfo,setVMArguments,0,1,2
eclipse.pde.ui-20120217-1437,org.eclipse.pde.internal.core.iproduct,IArgumentsInfo,getVMArguments,0,1,1
eclipse.pde.ui-20120217-1437,org.eclipse.pde.internal.core.iproduct,IArgumentsInfo,getCompleteVMArguments,0,1,1
eclipse.pde.ui-20120217-1437,org.eclipse.pde.internal.core.iproduct,IConfigurationFileInfo,setUse,0,1,2
eclipse.pde.ui-20120217-1437,org.eclipse.pde.internal.core.iproduct,IConfigurationFileInfo,getUse,0,1,1
eclipse.pde.ui-20120217-1437,org.eclipse.pde.internal.core.iproduct,IConfigurationFileInfo,setPath,0,1,2
eclipse.pde.ui-20120217-1437,org.eclipse.pde.internal.core.iproduct,IConfigurationFileInfo,getPath,0,1,1
eclipse.pde.ui-20120217-1437,org.eclipse.pde.internal.core.iproduct,IConfigurationProperty,getName,0,1,0
eclipse.pde.ui-20120217-1437,org.eclipse.pde.internal.core.iproduct,IConfigurationProperty,setName,0,1,1
eclipse.pde.ui-20120217-1437,org.eclipse.pde.internal.core.iproduct,IConfigurationProperty,getValue,0,1,0
eclipse.pde.ui-20120217-1437,org.eclipse.pde.internal.core.iproduct,IConfigurationProperty,setValue,0,1,1
eclipse.pde.ui-20120217-1437,org.eclipse.pde.internal.core.iproduct,IIntroInfo,setId,0,1,1
eclipse.pde.ui-20120217-1437,org.eclipse.pde.internal.core.iproduct,IIntroInfo,getId,0,1,0
eclipse.pde.ui-20120217-1437,org.eclipse.pde.internal.core.iproduct,IJREInfo,getJREContainerPath,0,1,1
eclipse.pde.ui-20120217-1437,org.eclipse.pde.internal.core.iproduct,IJREInfo,getJVMLocation,0,1,1
eclipse.pde.ui-20120217-1437,org.eclipse.pde.internal.core.iproduct,IJREInfo,setJREContainerPath,0,1,2
eclipse.pde.ui-20120217-1437,org.eclipse.pde.internal.core.iproduct,IJREInfo,includeJREWithProduct,0,1,1
eclipse.pde.ui-20120217-1437,org.eclipse.pde.internal.core.iproduct,IJREInfo,setIncludeJREWithProduct,0,1,2
eclipse.pde.ui-20120217-1437,org.eclipse.pde.internal.core.iproduct,ILauncherInfo,getLauncherName,0,1,0
eclipse.pde.ui-20120217-1437,org.eclipse.pde.internal.core.iproduct,ILauncherInfo,setLauncherName,0,1,1
eclipse.pde.ui-20120217-1437,org.eclipse.pde.internal.core.iproduct,ILauncherInfo,setIconPath,0,1,2
eclipse.pde.ui-20120217-1437,org.eclipse.pde.internal.core.iproduct,ILauncherInfo,getIconPath,0,1,1
eclipse.pde.ui-20120217-1437,org.eclipse.pde.internal.core.iproduct,ILauncherInfo,usesWinIcoFile,0,1,0
eclipse.pde.ui-20120217-1437,org.eclipse.pde.internal.core.iproduct,ILauncherInfo,setUseWinIcoFile,0,1,1
eclipse.pde.ui-20120217-1437,org.eclipse.pde.internal.core.iproduct,ILicenseInfo,getLicense,0,1,0
eclipse.pde.ui-20120217-1437,org.eclipse.pde.internal.core.iproduct,ILicenseInfo,setLicense,0,1,1
eclipse.pde.ui-20120217-1437,org.eclipse.pde.internal.core.iproduct,ILicenseInfo,getURL,0,1,0
eclipse.pde.ui-20120217-1437,org.eclipse.pde.internal.core.iproduct,ILicenseInfo,setURL,0,1,1
eclipse.pde.ui-20120217-1437,org.eclipse.pde.internal.core.iproduct,IPluginConfiguration,getId,0,1,0
eclipse.pde.ui-20120217-1437,org.eclipse.pde.internal.core.iproduct,IPluginConfiguration,setId,0,1,1
eclipse.pde.ui-20120217-1437,org.eclipse.pde.internal.core.iproduct,IPluginConfiguration,setAutoStart,0,1,1
eclipse.pde.ui-20120217-1437,org.eclipse.pde.internal.core.iproduct,IPluginConfiguration,isAutoStart,0,1,0
eclipse.pde.ui-20120217-1437,org.eclipse.pde.internal.core.iproduct,IPluginConfiguration,setStartLevel,0,1,1
eclipse.pde.ui-20120217-1437,org.eclipse.pde.internal.core.iproduct,IPluginConfiguration,getStartLevel,0,1,0
eclipse.pde.ui-20120217-1437,org.eclipse.pde.internal.core.iproduct,IProduct,getId,0,1,0
eclipse.pde.ui-20120217-1437,org.eclipse.pde.internal.core.iproduct,IProduct,getProductId,0,1,0
eclipse.pde.ui-20120217-1437,org.eclipse.pde.internal.core.iproduct,IProduct,getName,0,1,0
eclipse.pde.ui-20120217-1437,org.eclipse.pde.internal.core.iproduct,IProduct,getApplication,0,1,0
eclipse.pde.ui-20120217-1437,org.eclipse.pde.internal.core.iproduct,IProduct,getVersion,0,1,0
eclipse.pde.ui-20120217-1437,org.eclipse.pde.internal.core.iproduct,IProduct,getDefiningPluginId,0,1,0
eclipse.pde.ui-20120217-1437,org.eclipse.pde.internal.core.iproduct,IProduct,useFeatures,0,1,0
eclipse.pde.ui-20120217-1437,org.eclipse.pde.internal.core.iproduct,IProduct,includeLaunchers,0,1,0
eclipse.pde.ui-20120217-1437,org.eclipse.pde.internal.core.iproduct,IProduct,getAboutInfo,0,1,0
eclipse.pde.ui-20120217-1437,org.eclipse.pde.internal.core.iproduct,IProduct,getConfigurationFileInfo,0,1,0
eclipse.pde.ui-20120217-1437,org.eclipse.pde.internal.core.iproduct,IProduct,getLauncherArguments,0,1,0
eclipse.pde.ui-20120217-1437,org.eclipse.pde.internal.core.iproduct,IProduct,getJREInfo,0,1,0
eclipse.pde.ui-20120217-1437,org.eclipse.pde.internal.core.iproduct,IProduct,getWindowImages,0,1,0
eclipse.pde.ui-20120217-1437,org.eclipse.pde.internal.core.iproduct,IProduct,getSplashInfo,0,1,0
eclipse.pde.ui-20120217-1437,org.eclipse.pde.internal.core.iproduct,IProduct,getIntroInfo,0,1,0
eclipse.pde.ui-20120217-1437,org.eclipse.pde.internal.core.iproduct,IProduct,getLauncherInfo,0,1,0
eclipse.pde.ui-20120217-1437,org.eclipse.pde.internal.core.iproduct,IProduct,getLicenseInfo,0,1,0
eclipse.pde.ui-20120217-1437,org.eclipse.pde.internal.core.iproduct,IProduct,addPlugins,0,1,1
eclipse.pde.ui-20120217-1437,org.eclipse.pde.internal.core.iproduct,IProduct,addFeatures,0,1,1
eclipse.pde.ui-20120217-1437,org.eclipse.pde.internal.core.iproduct,IProduct,addPluginConfigurations,0,1,1
eclipse.pde.ui-20120217-1437,org.eclipse.pde.internal.core.iproduct,IProduct,addConfigurationProperties,0,1,1
eclipse.pde.ui-20120217-1437,org.eclipse.pde.internal.core.iproduct,IProduct,removePlugins,0,1,1
eclipse.pde.ui-20120217-1437,org.eclipse.pde.internal.core.iproduct,IProduct,removeFeatures,0,1,1
eclipse.pde.ui-20120217-1437,org.eclipse.pde.internal.core.iproduct,IProduct,removePluginConfigurations,0,1,1
eclipse.pde.ui-20120217-1437,org.eclipse.pde.internal.core.iproduct,IProduct,removeConfigurationProperties,0,1,1
eclipse.pde.ui-20120217-1437,org.eclipse.pde.internal.core.iproduct,IProduct,findPluginConfiguration,0,1,1
eclipse.pde.ui-20120217-1437,org.eclipse.pde.internal.core.iproduct,IProduct,getPlugins,0,1,0
eclipse.pde.ui-20120217-1437,org.eclipse.pde.internal.core.iproduct,IProduct,getFeatures,0,1,0
eclipse.pde.ui-20120217-1437,org.eclipse.pde.internal.core.iproduct,IProduct,getPluginConfigurations,0,1,0
eclipse.pde.ui-20120217-1437,org.eclipse.pde.internal.core.iproduct,IProduct,getConfigurationProperties,0,1,0
eclipse.pde.ui-20120217-1437,org.eclipse.pde.internal.core.iproduct,IProduct,setId,0,1,1
eclipse.pde.ui-20120217-1437,org.eclipse.pde.internal.core.iproduct,IProduct,setProductId,0,1,1
eclipse.pde.ui-20120217-1437,org.eclipse.pde.internal.core.iproduct,IProduct,setVersion,0,1,1
eclipse.pde.ui-20120217-1437,org.eclipse.pde.internal.core.iproduct,IProduct,setName,0,1,1
eclipse.pde.ui-20120217-1437,org.eclipse.pde.internal.core.iproduct,IProduct,setAboutInfo,0,1,1
eclipse.pde.ui-20120217-1437,org.eclipse.pde.internal.core.iproduct,IProduct,setApplication,0,1,1
eclipse.pde.ui-20120217-1437,org.eclipse.pde.internal.core.iproduct,IProduct,setConfigurationFileInfo,0,1,1
eclipse.pde.ui-20120217-1437,org.eclipse.pde.internal.core.iproduct,IProduct,setLauncherArguments,0,1,1
eclipse.pde.ui-20120217-1437,org.eclipse.pde.internal.core.iproduct,IProduct,setJREInfo,0,1,1
eclipse.pde.ui-20120217-1437,org.eclipse.pde.internal.core.iproduct,IProduct,setWindowImages,0,1,1
eclipse.pde.ui-20120217-1437,org.eclipse.pde.internal.core.iproduct,IProduct,setSplashInfo,0,1,1
eclipse.pde.ui-20120217-1437,org.eclipse.pde.internal.core.iproduct,IProduct,setIntroInfo,0,1,1
eclipse.pde.ui-20120217-1437,org.eclipse.pde.internal.core.iproduct,IProduct,setLauncherInfo,0,1,1
eclipse.pde.ui-20120217-1437,org.eclipse.pde.internal.core.iproduct,IProduct,setLicenseInfo,0,1,1
eclipse.pde.ui-20120217-1437,org.eclipse.pde.internal.core.iproduct,IProduct,setUseFeatures,0,1,1
eclipse.pde.ui-20120217-1437,org.eclipse.pde.internal.core.iproduct,IProduct,setIncludeLaunchers,0,1,1
eclipse.pde.ui-20120217-1437,org.eclipse.pde.internal.core.iproduct,IProduct,reset,0,1,0
eclipse.pde.ui-20120217-1437,org.eclipse.pde.internal.core.iproduct,IProduct,swap,0,1,2
eclipse.pde.ui-20120217-1437,org.eclipse.pde.internal.core.iproduct,IProduct,containsPlugin,0,1,1
eclipse.pde.ui-20120217-1437,org.eclipse.pde.internal.core.iproduct,IProduct,containsFeature,0,1,1
eclipse.pde.ui-20120217-1437,org.eclipse.pde.internal.core.iproduct,IProductFeature,getId,0,1,0
eclipse.pde.ui-20120217-1437,org.eclipse.pde.internal.core.iproduct,IProductFeature,setId,0,1,1
eclipse.pde.ui-20120217-1437,org.eclipse.pde.internal.core.iproduct,IProductFeature,getVersion,0,1,0
eclipse.pde.ui-20120217-1437,org.eclipse.pde.internal.core.iproduct,IProductFeature,setVersion,0,1,1
eclipse.pde.ui-20120217-1437,org.eclipse.pde.internal.core.iproduct,IProductModel,getProduct,0,1,0
eclipse.pde.ui-20120217-1437,org.eclipse.pde.internal.core.iproduct,IProductModel,getFactory,0,1,0
eclipse.pde.ui-20120217-1437,org.eclipse.pde.internal.core.iproduct,IProductModel,getInstallLocation,0,1,0
eclipse.pde.ui-20120217-1437,org.eclipse.pde.internal.core.iproduct,IProductModelFactory,createProduct,0,1,0
eclipse.pde.ui-20120217-1437,org.eclipse.pde.internal.core.iproduct,IProductModelFactory,createAboutInfo,0,1,0
eclipse.pde.ui-20120217-1437,org.eclipse.pde.internal.core.iproduct,IProductModelFactory,createPlugin,0,1,0
eclipse.pde.ui-20120217-1437,org.eclipse.pde.internal.core.iproduct,IProductModelFactory,createPluginConfiguration,0,1,0
eclipse.pde.ui-20120217-1437,org.eclipse.pde.internal.core.iproduct,IProductModelFactory,createConfigurationProperty,0,1,0
eclipse.pde.ui-20120217-1437,org.eclipse.pde.internal.core.iproduct,IProductModelFactory,createFeature,0,1,0
eclipse.pde.ui-20120217-1437,org.eclipse.pde.internal.core.iproduct,IProductModelFactory,createConfigFileInfo,0,1,0
eclipse.pde.ui-20120217-1437,org.eclipse.pde.internal.core.iproduct,IProductModelFactory,createWindowImages,0,1,0
eclipse.pde.ui-20120217-1437,org.eclipse.pde.internal.core.iproduct,IProductModelFactory,createSplashInfo,0,1,0
eclipse.pde.ui-20120217-1437,org.eclipse.pde.internal.core.iproduct,IProductModelFactory,createLauncherInfo,0,1,0
eclipse.pde.ui-20120217-1437,org.eclipse.pde.internal.core.iproduct,IProductModelFactory,createLauncherArguments,0,1,0
eclipse.pde.ui-20120217-1437,org.eclipse.pde.internal.core.iproduct,IProductModelFactory,createIntroInfo,0,1,0
eclipse.pde.ui-20120217-1437,org.eclipse.pde.internal.core.iproduct,IProductModelFactory,createJVMInfo,0,1,0
eclipse.pde.ui-20120217-1437,org.eclipse.pde.internal.core.iproduct,IProductModelFactory,createLicenseInfo,0,1,0
eclipse.pde.ui-20120217-1437,org.eclipse.pde.internal.core.iproduct,IProductObject,getModel,0,1,0
eclipse.pde.ui-20120217-1437,org.eclipse.pde.internal.core.iproduct,IProductObject,setModel,0,1,1
eclipse.pde.ui-20120217-1437,org.eclipse.pde.internal.core.iproduct,IProductObject,getProduct,0,1,0
eclipse.pde.ui-20120217-1437,org.eclipse.pde.internal.core.iproduct,IProductObject,parse,0,1,1
eclipse.pde.ui-20120217-1437,org.eclipse.pde.internal.core.iproduct,IProductPlugin,getId,0,1,0
eclipse.pde.ui-20120217-1437,org.eclipse.pde.internal.core.iproduct,IProductPlugin,setId,0,1,1
eclipse.pde.ui-20120217-1437,org.eclipse.pde.internal.core.iproduct,IProductPlugin,getVersion,0,1,0
eclipse.pde.ui-20120217-1437,org.eclipse.pde.internal.core.iproduct,IProductPlugin,setVersion,0,1,1
eclipse.pde.ui-20120217-1437,org.eclipse.pde.internal.core.iproduct,ISplashInfo,setLocation,0,1,2
eclipse.pde.ui-20120217-1437,org.eclipse.pde.internal.core.iproduct,ISplashInfo,getLocation,0,1,0
eclipse.pde.ui-20120217-1437,org.eclipse.pde.internal.core.iproduct,ISplashInfo,addProgressBar,0,1,2
eclipse.pde.ui-20120217-1437,org.eclipse.pde.internal.core.iproduct,ISplashInfo,setProgressGeometry,0,1,2
eclipse.pde.ui-20120217-1437,org.eclipse.pde.internal.core.iproduct,ISplashInfo,getProgressGeometry,0,1,0
eclipse.pde.ui-20120217-1437,org.eclipse.pde.internal.core.iproduct,ISplashInfo,addProgressMessage,0,1,2
eclipse.pde.ui-20120217-1437,org.eclipse.pde.internal.core.iproduct,ISplashInfo,setMessageGeometry,0,1,2
eclipse.pde.ui-20120217-1437,org.eclipse.pde.internal.core.iproduct,ISplashInfo,getMessageGeometry,0,1,0
eclipse.pde.ui-20120217-1437,org.eclipse.pde.internal.core.iproduct,ISplashInfo,setForegroundColor,0,1,2
eclipse.pde.ui-20120217-1437,org.eclipse.pde.internal.core.iproduct,ISplashInfo,getForegroundColor,0,1,0
eclipse.pde.ui-20120217-1437,org.eclipse.pde.internal.core.iproduct,ISplashInfo,setFieldSplashHandlerType,0,1,2
eclipse.pde.ui-20120217-1437,org.eclipse.pde.internal.core.iproduct,ISplashInfo,getFieldSplashHandlerType,0,1,0
eclipse.pde.ui-20120217-1437,org.eclipse.pde.internal.core.iproduct,ISplashInfo,isDefinedSplashHandlerType,0,1,0
eclipse.pde.ui-20120217-1437,org.eclipse.pde.internal.core.iproduct,ISplashInfo,isDefinedGeometry,0,1,0
eclipse.pde.ui-20120217-1437,org.eclipse.pde.internal.core.iproduct,IWindowImages,getImagePath,0,1,1
eclipse.pde.ui-20120217-1437,org.eclipse.pde.internal.core.iproduct,IWindowImages,setImagePath,0,1,2
eclipse.pde.ui-20120217-1437,org.eclipse.pde.internal.core.ischema,IDocumentSection,getSectionId,0,1,0
eclipse.pde.ui-20120217-1437,org.eclipse.pde.internal.core.ischema,IMetaAttribute,getBasedOn,0,1,0
eclipse.pde.ui-20120217-1437,org.eclipse.pde.internal.core.ischema,IMetaAttribute,isTranslatable,0,1,0
eclipse.pde.ui-20120217-1437,org.eclipse.pde.internal.core.ischema,IMetaAttribute,isDeprecated,0,1,0
eclipse.pde.ui-20120217-1437,org.eclipse.pde.internal.core.ischema,IMetaAttribute,getKind,0,1,0
eclipse.pde.ui-20120217-1437,org.eclipse.pde.internal.core.ischema,IMetaElement,getIconProperty,0,1,0
eclipse.pde.ui-20120217-1437,org.eclipse.pde.internal.core.ischema,IMetaElement,getLabelProperty,0,1,0
eclipse.pde.ui-20120217-1437,org.eclipse.pde.internal.core.ischema,IMetaElement,hasTranslatableContent,0,1,0
eclipse.pde.ui-20120217-1437,org.eclipse.pde.internal.core.ischema,IMetaElement,isDeprecated,0,1,0
eclipse.pde.ui-20120217-1437,org.eclipse.pde.internal.core.ischema,ISchema,findElement,0,1,1
eclipse.pde.ui-20120217-1437,org.eclipse.pde.internal.core.ischema,ISchema,getCandidateChildren,0,1,1
eclipse.pde.ui-20120217-1437,org.eclipse.pde.internal.core.ischema,ISchema,getDocumentSections,0,1,0
eclipse.pde.ui-20120217-1437,org.eclipse.pde.internal.core.ischema,ISchema,getElementCount,0,1,0
eclipse.pde.ui-20120217-1437,org.eclipse.pde.internal.core.ischema,ISchema,getResolvedElementCount,0,1,0
eclipse.pde.ui-20120217-1437,org.eclipse.pde.internal.core.ischema,ISchema,getElements,0,1,0
eclipse.pde.ui-20120217-1437,org.eclipse.pde.internal.core.ischema,ISchema,getElementNames,0,1,0
eclipse.pde.ui-20120217-1437,org.eclipse.pde.internal.core.ischema,ISchema,getResolvedElements,0,1,0
eclipse.pde.ui-20120217-1437,org.eclipse.pde.internal.core.ischema,ISchema,getQualifiedPointId,0,1,0
eclipse.pde.ui-20120217-1437,org.eclipse.pde.internal.core.ischema,ISchema,getPointId,0,1,0
eclipse.pde.ui-20120217-1437,org.eclipse.pde.internal.core.ischema,ISchema,setPointId,0,1,1
eclipse.pde.ui-20120217-1437,org.eclipse.pde.internal.core.ischema,ISchema,getPluginId,0,1,0
eclipse.pde.ui-20120217-1437,org.eclipse.pde.internal.core.ischema,ISchema,setPluginId,0,1,1
eclipse.pde.ui-20120217-1437,org.eclipse.pde.internal.core.ischema,ISchema,getSchemaDescriptor,0,1,0
eclipse.pde.ui-20120217-1437,org.eclipse.pde.internal.core.ischema,ISchema,getURL,0,1,0
eclipse.pde.ui-20120217-1437,org.eclipse.pde.internal.core.ischema,ISchema,getIncludes,0,1,0
eclipse.pde.ui-20120217-1437,org.eclipse.pde.internal.core.ischema,ISchema,isDeperecated,0,1,0
eclipse.pde.ui-20120217-1437,org.eclipse.pde.internal.core.ischema,ISchema,isInternal,0,1,0
eclipse.pde.ui-20120217-1437,org.eclipse.pde.internal.core.ischema,ISchema,getDeprecatedSuggestion,0,1,0
eclipse.pde.ui-20120217-1437,org.eclipse.pde.internal.core.ischema,ISchema,getSchemaVersion,0,1,0
eclipse.pde.ui-20120217-1437,org.eclipse.pde.internal.core.ischema,ISchemaAttribute,getType,0,1,0
eclipse.pde.ui-20120217-1437,org.eclipse.pde.internal.core.ischema,ISchemaAttribute,getUse,0,1,0
eclipse.pde.ui-20120217-1437,org.eclipse.pde.internal.core.ischema,ISchemaAttribute,getValue,0,1,0
eclipse.pde.ui-20120217-1437,org.eclipse.pde.internal.core.ischema,ISchemaAttributeProvider,getAttribute,0,1,1
eclipse.pde.ui-20120217-1437,org.eclipse.pde.internal.core.ischema,ISchemaAttributeProvider,getAttributeCount,0,1,0
eclipse.pde.ui-20120217-1437,org.eclipse.pde.internal.core.ischema,ISchemaAttributeProvider,getAttributes,0,1,0
eclipse.pde.ui-20120217-1437,org.eclipse.pde.internal.core.ischema,ISchemaComplexType,getCompositor,0,1,0
eclipse.pde.ui-20120217-1437,org.eclipse.pde.internal.core.ischema,ISchemaComplexType,isMixed,0,1,0
eclipse.pde.ui-20120217-1437,org.eclipse.pde.internal.core.ischema,ISchemaCompositor,getChildCount,0,1,0
eclipse.pde.ui-20120217-1437,org.eclipse.pde.internal.core.ischema,ISchemaCompositor,getChildren,0,1,0
eclipse.pde.ui-20120217-1437,org.eclipse.pde.internal.core.ischema,ISchemaCompositor,getKind,0,1,0
eclipse.pde.ui-20120217-1437,org.eclipse.pde.internal.core.ischema,ISchemaDescriptor,getPointId,0,1,0
eclipse.pde.ui-20120217-1437,org.eclipse.pde.internal.core.ischema,ISchemaDescriptor,getSchema,0,1,1
eclipse.pde.ui-20120217-1437,org.eclipse.pde.internal.core.ischema,ISchemaDescriptor,getSchemaURL,0,1,0
eclipse.pde.ui-20120217-1437,org.eclipse.pde.internal.core.ischema,ISchemaDescriptor,isStandalone,0,1,0
eclipse.pde.ui-20120217-1437,org.eclipse.pde.internal.core.ischema,ISchemaDescriptor,getLastModified,0,1,0
eclipse.pde.ui-20120217-1437,org.eclipse.pde.internal.core.ischema,ISchemaElement,getDTDRepresentation,0,1,1
eclipse.pde.ui-20120217-1437,org.eclipse.pde.internal.core.ischema,ISchemaElement,getType,0,1,0
eclipse.pde.ui-20120217-1437,org.eclipse.pde.internal.core.ischema,ISchemaElement,getAttributeNames,0,1,0
eclipse.pde.ui-20120217-1437,org.eclipse.pde.internal.core.ischema,ISchemaInclude,getLocation,0,1,0
eclipse.pde.ui-20120217-1437,org.eclipse.pde.internal.core.ischema,ISchemaInclude,setLocation,0,1,1
eclipse.pde.ui-20120217-1437,org.eclipse.pde.internal.core.ischema,ISchemaInclude,getIncludedSchema,0,1,0
eclipse.pde.ui-20120217-1437,org.eclipse.pde.internal.core.ischema,ISchemaInclude,dispose,0,1,0
eclipse.pde.ui-20120217-1437,org.eclipse.pde.internal.core.ischema,ISchemaObject,getDescription,0,1,0
eclipse.pde.ui-20120217-1437,org.eclipse.pde.internal.core.ischema,ISchemaObject,getName,0,1,0
eclipse.pde.ui-20120217-1437,org.eclipse.pde.internal.core.ischema,ISchemaObject,getParent,0,1,0
eclipse.pde.ui-20120217-1437,org.eclipse.pde.internal.core.ischema,ISchemaObject,setParent,0,1,1
eclipse.pde.ui-20120217-1437,org.eclipse.pde.internal.core.ischema,ISchemaObject,getSchema,0,1,0
eclipse.pde.ui-20120217-1437,org.eclipse.pde.internal.core.ischema,ISchemaObjectReference,getName,0,1,0
eclipse.pde.ui-20120217-1437,org.eclipse.pde.internal.core.ischema,ISchemaObjectReference,getReferencedObject,0,1,0
eclipse.pde.ui-20120217-1437,org.eclipse.pde.internal.core.ischema,ISchemaObjectReference,getReferencedObjectClass,0,1,0
eclipse.pde.ui-20120217-1437,org.eclipse.pde.internal.core.ischema,ISchemaObjectReference,setReferencedObject,0,1,1
eclipse.pde.ui-20120217-1437,org.eclipse.pde.internal.core.ischema,ISchemaRepeatable,getMaxOccurs,0,1,0
eclipse.pde.ui-20120217-1437,org.eclipse.pde.internal.core.ischema,ISchemaRepeatable,getMinOccurs,0,1,0
eclipse.pde.ui-20120217-1437,org.eclipse.pde.internal.core.ischema,ISchemaRestriction,getBaseType,0,1,0
eclipse.pde.ui-20120217-1437,org.eclipse.pde.internal.core.ischema,ISchemaRestriction,getChildren,0,1,0
eclipse.pde.ui-20120217-1437,org.eclipse.pde.internal.core.ischema,ISchemaRestriction,isValueValid,0,1,1
eclipse.pde.ui-20120217-1437,org.eclipse.pde.internal.core.ischema,ISchemaRestriction,setBaseType,0,1,1
eclipse.pde.ui-20120217-1437,org.eclipse.pde.internal.core.ischema,ISchemaRootElement,setDeprecatedSuggestion,0,1,1
eclipse.pde.ui-20120217-1437,org.eclipse.pde.internal.core.ischema,ISchemaRootElement,getDeprecatedSuggestion,0,1,0
eclipse.pde.ui-20120217-1437,org.eclipse.pde.internal.core.ischema,ISchemaRootElement,isInternal,0,1,0
eclipse.pde.ui-20120217-1437,org.eclipse.pde.internal.core.ischema,ISchemaRootElement,setInternal,0,1,1
eclipse.pde.ui-20120217-1437,org.eclipse.pde.internal.core.ischema,ISchemaSimpleType,getRestriction,0,1,0
eclipse.pde.ui-20120217-1437,org.eclipse.pde.internal.core.ischema,ISchemaType,getName,0,1,0
eclipse.pde.ui-20120217-1437,org.eclipse.pde.internal.core.ischema,ISchemaType,getSchema,0,1,0
eclipse.pde.ui-20120217-1437,org.eclipse.pde.internal.core.ischema,ISchemaType,setSchema,0,1,1
eclipse.pde.ui-20120217-1437,org.eclipse.pde.internal.core.isite,ISite,setType,0,1,1
eclipse.pde.ui-20120217-1437,org.eclipse.pde.internal.core.isite,ISite,getType,0,1,0
eclipse.pde.ui-20120217-1437,org.eclipse.pde.internal.core.isite,ISite,setURL,0,1,1
eclipse.pde.ui-20120217-1437,org.eclipse.pde.internal.core.isite,ISite,setMirrorsURL,0,1,1
eclipse.pde.ui-20120217-1437,org.eclipse.pde.internal.core.isite,ISite,setDigestURL,0,1,1
eclipse.pde.ui-20120217-1437,org.eclipse.pde.internal.core.isite,ISite,setAssociateSitesURL,0,1,1
eclipse.pde.ui-20120217-1437,org.eclipse.pde.internal.core.isite,ISite,getURL,0,1,0
eclipse.pde.ui-20120217-1437,org.eclipse.pde.internal.core.isite,ISite,getMirrorsURL,0,1,0
eclipse.pde.ui-20120217-1437,org.eclipse.pde.internal.core.isite,ISite,getDigestURL,0,1,0
eclipse.pde.ui-20120217-1437,org.eclipse.pde.internal.core.isite,ISite,getAssociateSitesURL,0,1,0
eclipse.pde.ui-20120217-1437,org.eclipse.pde.internal.core.isite,ISite,getDescription,0,1,0
eclipse.pde.ui-20120217-1437,org.eclipse.pde.internal.core.isite,ISite,setDescription,0,1,1
eclipse.pde.ui-20120217-1437,org.eclipse.pde.internal.core.isite,ISite,addFeatures,0,1,1
eclipse.pde.ui-20120217-1437,org.eclipse.pde.internal.core.isite,ISite,addArchives,0,1,1
eclipse.pde.ui-20120217-1437,org.eclipse.pde.internal.core.isite,ISite,addCategoryDefinitions,0,1,1
eclipse.pde.ui-20120217-1437,org.eclipse.pde.internal.core.isite,ISite,removeFeatures,0,1,1
eclipse.pde.ui-20120217-1437,org.eclipse.pde.internal.core.isite,ISite,removeArchives,0,1,1
eclipse.pde.ui-20120217-1437,org.eclipse.pde.internal.core.isite,ISite,removeCategoryDefinitions,0,1,1
eclipse.pde.ui-20120217-1437,org.eclipse.pde.internal.core.isite,ISite,getFeatures,0,1,0
eclipse.pde.ui-20120217-1437,org.eclipse.pde.internal.core.isite,ISite,getArchives,0,1,0
eclipse.pde.ui-20120217-1437,org.eclipse.pde.internal.core.isite,ISite,getCategoryDefinitions,0,1,0
eclipse.pde.ui-20120217-1437,org.eclipse.pde.internal.core.isite,ISite,isValid,0,1,0
eclipse.pde.ui-20120217-1437,org.eclipse.pde.internal.core.isite,ISiteArchive,getURL,0,1,0
eclipse.pde.ui-20120217-1437,org.eclipse.pde.internal.core.isite,ISiteArchive,setURL,0,1,1
eclipse.pde.ui-20120217-1437,org.eclipse.pde.internal.core.isite,ISiteArchive,getPath,0,1,0
eclipse.pde.ui-20120217-1437,org.eclipse.pde.internal.core.isite,ISiteArchive,setPath,0,1,1
eclipse.pde.ui-20120217-1437,org.eclipse.pde.internal.core.isite,ISiteCategory,getName,0,1,0
eclipse.pde.ui-20120217-1437,org.eclipse.pde.internal.core.isite,ISiteCategory,setName,0,1,1
eclipse.pde.ui-20120217-1437,org.eclipse.pde.internal.core.isite,ISiteCategory,getDefinition,0,1,0
eclipse.pde.ui-20120217-1437,org.eclipse.pde.internal.core.isite,ISiteCategoryDefinition,getName,0,1,0
eclipse.pde.ui-20120217-1437,org.eclipse.pde.internal.core.isite,ISiteCategoryDefinition,setName,0,1,1
eclipse.pde.ui-20120217-1437,org.eclipse.pde.internal.core.isite,ISiteCategoryDefinition,getDescription,0,1,0
eclipse.pde.ui-20120217-1437,org.eclipse.pde.internal.core.isite,ISiteCategoryDefinition,setDescription,0,1,1
eclipse.pde.ui-20120217-1437,org.eclipse.pde.internal.core.isite,ISiteDescription,getName,0,1,0
eclipse.pde.ui-20120217-1437,org.eclipse.pde.internal.core.isite,ISiteDescription,getURL,0,1,0
eclipse.pde.ui-20120217-1437,org.eclipse.pde.internal.core.isite,ISiteDescription,getText,0,1,0
eclipse.pde.ui-20120217-1437,org.eclipse.pde.internal.core.isite,ISiteDescription,setName,0,1,1
eclipse.pde.ui-20120217-1437,org.eclipse.pde.internal.core.isite,ISiteDescription,setURL,0,1,1
eclipse.pde.ui-20120217-1437,org.eclipse.pde.internal.core.isite,ISiteDescription,setText,0,1,1
eclipse.pde.ui-20120217-1437,org.eclipse.pde.internal.core.isite,ISiteFeature,addCategories,0,1,1
eclipse.pde.ui-20120217-1437,org.eclipse.pde.internal.core.isite,ISiteFeature,removeCategories,0,1,1
eclipse.pde.ui-20120217-1437,org.eclipse.pde.internal.core.isite,ISiteFeature,getCategories,0,1,0
eclipse.pde.ui-20120217-1437,org.eclipse.pde.internal.core.isite,ISiteFeature,getType,0,1,0
eclipse.pde.ui-20120217-1437,org.eclipse.pde.internal.core.isite,ISiteFeature,getURL,0,1,0
eclipse.pde.ui-20120217-1437,org.eclipse.pde.internal.core.isite,ISiteFeature,getOS,0,1,0
eclipse.pde.ui-20120217-1437,org.eclipse.pde.internal.core.isite,ISiteFeature,getNL,0,1,0
eclipse.pde.ui-20120217-1437,org.eclipse.pde.internal.core.isite,ISiteFeature,getArch,0,1,0
eclipse.pde.ui-20120217-1437,org.eclipse.pde.internal.core.isite,ISiteFeature,getWS,0,1,0
eclipse.pde.ui-20120217-1437,org.eclipse.pde.internal.core.isite,ISiteFeature,isPatch,0,1,0
eclipse.pde.ui-20120217-1437,org.eclipse.pde.internal.core.isite,ISiteFeature,setType,0,1,1
eclipse.pde.ui-20120217-1437,org.eclipse.pde.internal.core.isite,ISiteFeature,setURL,0,1,1
eclipse.pde.ui-20120217-1437,org.eclipse.pde.internal.core.isite,ISiteFeature,setOS,0,1,1
eclipse.pde.ui-20120217-1437,org.eclipse.pde.internal.core.isite,ISiteFeature,setWS,0,1,1
eclipse.pde.ui-20120217-1437,org.eclipse.pde.internal.core.isite,ISiteFeature,setArch,0,1,1
eclipse.pde.ui-20120217-1437,org.eclipse.pde.internal.core.isite,ISiteFeature,setNL,0,1,1
eclipse.pde.ui-20120217-1437,org.eclipse.pde.internal.core.isite,ISiteFeature,setIsPatch,0,1,1
eclipse.pde.ui-20120217-1437,org.eclipse.pde.internal.core.isite,ISiteFeature,getArchiveFile,0,1,0
eclipse.pde.ui-20120217-1437,org.eclipse.pde.internal.core.isite,ISiteModel,getSite,0,1,0
eclipse.pde.ui-20120217-1437,org.eclipse.pde.internal.core.isite,ISiteModel,getFactory,0,1,0
eclipse.pde.ui-20120217-1437,org.eclipse.pde.internal.core.isite,ISiteModel,getInstallLocation,0,1,0
eclipse.pde.ui-20120217-1437,org.eclipse.pde.internal.core.isite,ISiteModel,isEnabled,0,1,0
eclipse.pde.ui-20120217-1437,org.eclipse.pde.internal.core.isite,ISiteModel,setEnabled,0,1,1
eclipse.pde.ui-20120217-1437,org.eclipse.pde.internal.core.isite,ISiteModelFactory,createSite,0,1,0
eclipse.pde.ui-20120217-1437,org.eclipse.pde.internal.core.isite,ISiteModelFactory,createFeature,0,1,0
eclipse.pde.ui-20120217-1437,org.eclipse.pde.internal.core.isite,ISiteModelFactory,createCategory,0,1,1
eclipse.pde.ui-20120217-1437,org.eclipse.pde.internal.core.isite,ISiteModelFactory,createCategoryDefinition,0,1,0
eclipse.pde.ui-20120217-1437,org.eclipse.pde.internal.core.isite,ISiteModelFactory,createDescription,0,1,1
eclipse.pde.ui-20120217-1437,org.eclipse.pde.internal.core.isite,ISiteModelFactory,createArchive,0,1,0
eclipse.pde.ui-20120217-1437,org.eclipse.pde.internal.core.isite,ISiteObject,getSite,0,1,0
eclipse.pde.ui-20120217-1437,org.eclipse.pde.internal.core.isite,ISiteObject,getLabel,0,1,0
eclipse.pde.ui-20120217-1437,org.eclipse.pde.internal.core.isite,ISiteObject,getModel,0,1,0
eclipse.pde.ui-20120217-1437,org.eclipse.pde.internal.core.isite,ISiteObject,isInTheModel,0,1,0
eclipse.pde.ui-20120217-1437,org.eclipse.pde.internal.core.isite,ISiteObject,getParent,0,1,0
eclipse.pde.ui-20120217-1437,org.eclipse.pde.internal.core.isite,ISiteObject,setLabel,0,1,1
eclipse.pde.ui-20120217-1437,org.eclipse.pde.internal.core.isite,ISiteObject,isValid,0,1,0
eclipse.pde.ui-20120217-1437,org.eclipse.pde.internal.core.natures,BaseProject,BaseProject,3,1,0
eclipse.pde.ui-20120217-1437,org.eclipse.pde.internal.core.natures,BaseProject,addToBuildSpec,9,2,1
eclipse.pde.ui-20120217-1437,org.eclipse.pde.internal.core.natures,BaseProject,getBuilderCommand,9,3,2
eclipse.pde.ui-20120217-1437,org.eclipse.pde.internal.core.natures,BaseProject,getProject,3,1,0
eclipse.pde.ui-20120217-1437,org.eclipse.pde.internal.core.natures,BaseProject,getWorkspace,3,1,0
eclipse.pde.ui-20120217-1437,org.eclipse.pde.internal.core.natures,BaseProject,removeFromBuildSpec,13,3,1
eclipse.pde.ui-20120217-1437,org.eclipse.pde.internal.core.natures,BaseProject,setBuilderCommand,21,4,2
eclipse.pde.ui-20120217-1437,org.eclipse.pde.internal.core.natures,BaseProject,setProject,3,1,1
eclipse.pde.ui-20120217-1437,org.eclipse.pde.internal.core.natures,FeatureProject,FeatureProject,3,1,0
eclipse.pde.ui-20120217-1437,org.eclipse.pde.internal.core.natures,FeatureProject,configure,3,1,0
eclipse.pde.ui-20120217-1437,org.eclipse.pde.internal.core.natures,FeatureProject,deconfigure,3,1,0
eclipse.pde.ui-20120217-1437,org.eclipse.pde.internal.core.natures,PDE,hasPluginNature,9,1,1
eclipse.pde.ui-20120217-1437,org.eclipse.pde.internal.core.natures,PDE,hasFeatureNature,9,1,1
eclipse.pde.ui-20120217-1437,org.eclipse.pde.internal.core.natures,PDE,hasUpdateSiteNature,9,1,1
eclipse.pde.ui-20120217-1437,org.eclipse.pde.internal.core.natures,PluginProject,PluginProject,3,1,0
eclipse.pde.ui-20120217-1437,org.eclipse.pde.internal.core.natures,PluginProject,configure,4,1,0
eclipse.pde.ui-20120217-1437,org.eclipse.pde.internal.core.natures,PluginProject,deconfigure,4,1,0
eclipse.pde.ui-20120217-1437,org.eclipse.pde.internal.core.natures,SiteProject,SiteProject,3,1,0
eclipse.pde.ui-20120217-1437,org.eclipse.pde.internal.core.natures,SiteProject,configure,3,1,0
eclipse.pde.ui-20120217-1437,org.eclipse.pde.internal.core.natures,SiteProject,deconfigure,3,1,0
eclipse.pde.ui-20120217-1437,org.eclipse.pde.internal.core.plugin,AbbreviatedFragmentModel,AbbreviatedFragmentModel,4,1,2
eclipse.pde.ui-20120217-1437,org.eclipse.pde.internal.core.plugin,AbbreviatedFragmentModel,AbbreviatedFragmentModel,4,1,2
eclipse.pde.ui-20120217-1437,org.eclipse.pde.internal.core.plugin,AbbreviatedFragmentModel,load,3,1,2
eclipse.pde.ui-20120217-1437,org.eclipse.pde.internal.core.plugin,AbbreviatedPluginHandler,AbbreviatedPluginHandler,4,1,1
eclipse.pde.ui-20120217-1437,org.eclipse.pde.internal.core.plugin,AbbreviatedPluginHandler,isInterestingExtension,9,3,1
eclipse.pde.ui-20120217-1437,org.eclipse.pde.internal.core.plugin,AbbreviatedPluginHandler,characters,3,1,3
eclipse.pde.ui-20120217-1437,org.eclipse.pde.internal.core.plugin,AbbreviatedPluginModel,AbbreviatedPluginModel,4,1,2
eclipse.pde.ui-20120217-1437,org.eclipse.pde.internal.core.plugin,AbbreviatedPluginModel,AbbreviatedPluginModel,4,1,2
eclipse.pde.ui-20120217-1437,org.eclipse.pde.internal.core.plugin,AbbreviatedPluginModel,load,3,1,2
eclipse.pde.ui-20120217-1437,org.eclipse.pde.internal.core.plugin,AbstractExtensions,AbstractExtensions,3,1,1
eclipse.pde.ui-20120217-1437,org.eclipse.pde.internal.core.plugin,AbstractExtensions,add,7,1,1
eclipse.pde.ui-20120217-1437,org.eclipse.pde.internal.core.plugin,AbstractExtensions,add,7,1,1
eclipse.pde.ui-20120217-1437,org.eclipse.pde.internal.core.plugin,AbstractExtensions,getExtensionPoints,4,1,0
eclipse.pde.ui-20120217-1437,org.eclipse.pde.internal.core.plugin,AbstractExtensions,getExtensions,4,1,0
eclipse.pde.ui-20120217-1437,org.eclipse.pde.internal.core.plugin,AbstractExtensions,restoreProperty,7,2,3
eclipse.pde.ui-20120217-1437,org.eclipse.pde.internal.core.plugin,AbstractExtensions,load,4,1,1
eclipse.pde.ui-20120217-1437,org.eclipse.pde.internal.core.plugin,AbstractExtensions,addArrayToVector,7,3,2
eclipse.pde.ui-20120217-1437,org.eclipse.pde.internal.core.plugin,AbstractExtensions,remove,6,1,1
eclipse.pde.ui-20120217-1437,org.eclipse.pde.internal.core.plugin,AbstractExtensions,remove,6,1,1
eclipse.pde.ui-20120217-1437,org.eclipse.pde.internal.core.plugin,AbstractExtensions,reset,3,1,0
eclipse.pde.ui-20120217-1437,org.eclipse.pde.internal.core.plugin,AbstractExtensions,resetExtensions,4,1,0
eclipse.pde.ui-20120217-1437,org.eclipse.pde.internal.core.plugin,AbstractExtensions,getExtensionCount,3,1,0
eclipse.pde.ui-20120217-1437,org.eclipse.pde.internal.core.plugin,AbstractExtensions,getIndexOf,3,1,1
eclipse.pde.ui-20120217-1437,org.eclipse.pde.internal.core.plugin,AbstractExtensions,swap,10,2,2
eclipse.pde.ui-20120217-1437,org.eclipse.pde.internal.core.plugin,AbstractExtensions,writeChildren,8,2,4
eclipse.pde.ui-20120217-1437,org.eclipse.pde.internal.core.plugin,AbstractExtensions,hasRequiredAttributes,15,5,0
eclipse.pde.ui-20120217-1437,org.eclipse.pde.internal.core.plugin,AbstractExtensions,getSchemaVersion,25,4,0
eclipse.pde.ui-20120217-1437,org.eclipse.pde.internal.core.plugin,AbstractExtensions,setSchemaVersion,6,1,1
eclipse.pde.ui-20120217-1437,org.eclipse.pde.internal.core.plugin,AbstractExtensions,getExtensionsList,13,4,0
eclipse.pde.ui-20120217-1437,org.eclipse.pde.internal.core.plugin,AbstractExtensions,getExtensionPointsList,13,4,0
eclipse.pde.ui-20120217-1437,org.eclipse.pde.internal.core.plugin,AbstractExtensions,processChild,21,5,1
eclipse.pde.ui-20120217-1437,org.eclipse.pde.internal.core.plugin,AbstractExtensionsModel,getFactory,3,1,0
eclipse.pde.ui-20120217-1437,org.eclipse.pde.internal.core.plugin,AbstractExtensionsModel,createExtensions,5,1,0
eclipse.pde.ui-20120217-1437,org.eclipse.pde.internal.core.plugin,AbstractExtensionsModel,getExtensions,3,1,0
eclipse.pde.ui-20120217-1437,org.eclipse.pde.internal.core.plugin,AbstractExtensionsModel,getExtensions,7,2,1
eclipse.pde.ui-20120217-1437,org.eclipse.pde.internal.core.plugin,AbstractExtensionsModel,getNLLookupLocation,0,1,0
eclipse.pde.ui-20120217-1437,org.eclipse.pde.internal.core.plugin,AbstractExtensionsModel,getNLLookupLocations,4,1,0
eclipse.pde.ui-20120217-1437,org.eclipse.pde.internal.core.plugin,AbstractExtensionsModel,load,24,3,2
eclipse.pde.ui-20120217-1437,org.eclipse.pde.internal.core.plugin,AbstractExtensionsModel,load,6,1,2
eclipse.pde.ui-20120217-1437,org.eclipse.pde.internal.core.plugin,AbstractExtensionsModel,reload,4,1,2
eclipse.pde.ui-20120217-1437,org.eclipse.pde.internal.core.plugin,AbstractExtensionsModel,updateTimeStamp,0,1,0
eclipse.pde.ui-20120217-1437,org.eclipse.pde.internal.core.plugin,AbstractExtensionsModel,createAttribute,6,1,1
eclipse.pde.ui-20120217-1437,org.eclipse.pde.internal.core.plugin,AbstractExtensionsModel,createElement,6,1,1
eclipse.pde.ui-20120217-1437,org.eclipse.pde.internal.core.plugin,AbstractExtensionsModel,createExtension,6,1,0
eclipse.pde.ui-20120217-1437,org.eclipse.pde.internal.core.plugin,AbstractExtensionsModel,createExtensionPoint,6,1,0
eclipse.pde.ui-20120217-1437,org.eclipse.pde.internal.core.plugin,AbstractExtensionsModel,isValid,5,3,0
eclipse.pde.ui-20120217-1437,org.eclipse.pde.internal.core.plugin,AbstractPluginModelBase,AbstractPluginModelBase,3,1,0
eclipse.pde.ui-20120217-1437,org.eclipse.pde.internal.core.plugin,AbstractPluginModelBase,getInstallLocation,0,1,0
eclipse.pde.ui-20120217-1437,org.eclipse.pde.internal.core.plugin,AbstractPluginModelBase,createPluginBase,0,1,0
eclipse.pde.ui-20120217-1437,org.eclipse.pde.internal.core.plugin,AbstractPluginModelBase,createExtensions,3,1,0
eclipse.pde.ui-20120217-1437,org.eclipse.pde.internal.core.plugin,AbstractPluginModelBase,getFactory,3,1,0
eclipse.pde.ui-20120217-1437,org.eclipse.pde.internal.core.plugin,AbstractPluginModelBase,getPluginFactory,3,1,0
eclipse.pde.ui-20120217-1437,org.eclipse.pde.internal.core.plugin,AbstractPluginModelBase,getPluginBase,3,1,0
eclipse.pde.ui-20120217-1437,org.eclipse.pde.internal.core.plugin,AbstractPluginModelBase,getPluginBase,7,2,1
eclipse.pde.ui-20120217-1437,org.eclipse.pde.internal.core.plugin,AbstractPluginModelBase,load,3,1,2
eclipse.pde.ui-20120217-1437,org.eclipse.pde.internal.core.plugin,AbstractPluginModelBase,load,15,3,3
eclipse.pde.ui-20120217-1437,org.eclipse.pde.internal.core.plugin,AbstractPluginModelBase,load,8,2,2
eclipse.pde.ui-20120217-1437,org.eclipse.pde.internal.core.plugin,AbstractPluginModelBase,getExtensions,3,1,0
eclipse.pde.ui-20120217-1437,org.eclipse.pde.internal.core.plugin,AbstractPluginModelBase,getExtensions,3,1,1
eclipse.pde.ui-20120217-1437,org.eclipse.pde.internal.core.plugin,AbstractPluginModelBase,isEnabled,3,1,0
eclipse.pde.ui-20120217-1437,org.eclipse.pde.internal.core.plugin,AbstractPluginModelBase,isFragmentModel,3,1,0
eclipse.pde.ui-20120217-1437,org.eclipse.pde.internal.core.plugin,AbstractPluginModelBase,reload,4,1,2
eclipse.pde.ui-20120217-1437,org.eclipse.pde.internal.core.plugin,AbstractPluginModelBase,setEnabled,3,1,1
eclipse.pde.ui-20120217-1437,org.eclipse.pde.internal.core.plugin,AbstractPluginModelBase,toString,5,2,0
eclipse.pde.ui-20120217-1437,org.eclipse.pde.internal.core.plugin,AbstractPluginModelBase,updateTimeStamp,0,1,0
eclipse.pde.ui-20120217-1437,org.eclipse.pde.internal.core.plugin,AbstractPluginModelBase,createAttribute,6,1,1
eclipse.pde.ui-20120217-1437,org.eclipse.pde.internal.core.plugin,AbstractPluginModelBase,createElement,6,1,1
eclipse.pde.ui-20120217-1437,org.eclipse.pde.internal.core.plugin,AbstractPluginModelBase,createExtension,6,1,0
eclipse.pde.ui-20120217-1437,org.eclipse.pde.internal.core.plugin,AbstractPluginModelBase,createExtensionPoint,6,1,0
eclipse.pde.ui-20120217-1437,org.eclipse.pde.internal.core.plugin,AbstractPluginModelBase,createImport,6,1,0
eclipse.pde.ui-20120217-1437,org.eclipse.pde.internal.core.plugin,AbstractPluginModelBase,createImport,5,1,1
eclipse.pde.ui-20120217-1437,org.eclipse.pde.internal.core.plugin,AbstractPluginModelBase,createLibrary,6,1,0
eclipse.pde.ui-20120217-1437,org.eclipse.pde.internal.core.plugin,AbstractPluginModelBase,isValid,5,3,0
eclipse.pde.ui-20120217-1437,org.eclipse.pde.internal.core.plugin,AbstractPluginModelBase,isBundleModel,3,1,0
eclipse.pde.ui-20120217-1437,org.eclipse.pde.internal.core.plugin,AbstractPluginModelBase,dispose,4,1,0
eclipse.pde.ui-20120217-1437,org.eclipse.pde.internal.core.plugin,AbstractPluginModelBase,getBundleDescription,3,1,0
eclipse.pde.ui-20120217-1437,org.eclipse.pde.internal.core.plugin,AbstractPluginModelBase,setBundleDescription,3,1,1
eclipse.pde.ui-20120217-1437,org.eclipse.pde.internal.core.plugin,AttributeChangedEvent,AttributeChangedEvent,4,1,5
eclipse.pde.ui-20120217-1437,org.eclipse.pde.internal.core.plugin,AttributeChangedEvent,getChangedAttribute,3,1,0
eclipse.pde.ui-20120217-1437,org.eclipse.pde.internal.core.plugin,Extensions,Extensions,3,1,1
eclipse.pde.ui-20120217-1437,org.eclipse.pde.internal.core.plugin,Extensions,load,3,1,1
eclipse.pde.ui-20120217-1437,org.eclipse.pde.internal.core.plugin,Extensions,load,3,1,1
eclipse.pde.ui-20120217-1437,org.eclipse.pde.internal.core.plugin,Extensions,reset,4,1,0
eclipse.pde.ui-20120217-1437,org.eclipse.pde.internal.core.plugin,Extensions,isValid,6,2,0
eclipse.pde.ui-20120217-1437,org.eclipse.pde.internal.core.plugin,Extensions,write,18,6,2
eclipse.pde.ui-20120217-1437,org.eclipse.pde.internal.core.plugin,Extensions,setIsFragment,3,1,1
eclipse.pde.ui-20120217-1437,org.eclipse.pde.internal.core.plugin,ExternalFragmentModel,createPluginBase,5,1,0
eclipse.pde.ui-20120217-1437,org.eclipse.pde.internal.core.plugin,ExternalFragmentModel,getFragment,3,1,0
eclipse.pde.ui-20120217-1437,org.eclipse.pde.internal.core.plugin,ExternalFragmentModel,isFragmentModel,3,1,0
eclipse.pde.ui-20120217-1437,org.eclipse.pde.internal.core.plugin,ExternalPluginModel,createPluginBase,5,1,0
eclipse.pde.ui-20120217-1437,org.eclipse.pde.internal.core.plugin,ExternalPluginModel,getPlugin,3,1,0
eclipse.pde.ui-20120217-1437,org.eclipse.pde.internal.core.plugin,ExternalPluginModelBase,ExternalPluginModelBase,3,1,0
eclipse.pde.ui-20120217-1437,org.eclipse.pde.internal.core.plugin,ExternalPluginModelBase,createNLResourceHelper,3,1,0
eclipse.pde.ui-20120217-1437,org.eclipse.pde.internal.core.plugin,ExternalPluginModelBase,getNLLookupLocation,9,2,0
eclipse.pde.ui-20120217-1437,org.eclipse.pde.internal.core.plugin,ExternalPluginModelBase,getBuildModel,3,1,0
eclipse.pde.ui-20120217-1437,org.eclipse.pde.internal.core.plugin,ExternalPluginModelBase,getInstallLocation,3,1,0
eclipse.pde.ui-20120217-1437,org.eclipse.pde.internal.core.plugin,ExternalPluginModelBase,isEditable,3,1,0
eclipse.pde.ui-20120217-1437,org.eclipse.pde.internal.core.plugin,ExternalPluginModelBase,load,2,1,0
eclipse.pde.ui-20120217-1437,org.eclipse.pde.internal.core.plugin,ExternalPluginModelBase,load,8,2,2
eclipse.pde.ui-20120217-1437,org.eclipse.pde.internal.core.plugin,ExternalPluginModelBase,isInSync,3,1,0
eclipse.pde.ui-20120217-1437,org.eclipse.pde.internal.core.plugin,ExternalPluginModelBase,getLocalFile,10,3,0
eclipse.pde.ui-20120217-1437,org.eclipse.pde.internal.core.plugin,ExternalPluginModelBase,updateTimeStamp,3,1,0
eclipse.pde.ui-20120217-1437,org.eclipse.pde.internal.core.plugin,ExternalPluginModelBase,setInstallLocation,3,1,1
eclipse.pde.ui-20120217-1437,org.eclipse.pde.internal.core.plugin,ExternalPluginModelBase,getLocalization,3,1,0
eclipse.pde.ui-20120217-1437,org.eclipse.pde.internal.core.plugin,Fragment,Fragment,3,1,1
eclipse.pde.ui-20120217-1437,org.eclipse.pde.internal.core.plugin,Fragment,getPluginId,3,1,0
eclipse.pde.ui-20120217-1437,org.eclipse.pde.internal.core.plugin,Fragment,getPluginVersion,3,1,0
eclipse.pde.ui-20120217-1437,org.eclipse.pde.internal.core.plugin,Fragment,getRule,3,1,0
eclipse.pde.ui-20120217-1437,org.eclipse.pde.internal.core.plugin,Fragment,hasRequiredAttributes,4,2,0
eclipse.pde.ui-20120217-1437,org.eclipse.pde.internal.core.plugin,Fragment,load,11,2,2
eclipse.pde.ui-20120217-1437,org.eclipse.pde.internal.core.plugin,Fragment,load,15,4,2
eclipse.pde.ui-20120217-1437,org.eclipse.pde.internal.core.plugin,Fragment,reset,6,1,0
eclipse.pde.ui-20120217-1437,org.eclipse.pde.internal.core.plugin,Fragment,setPluginId,6,1,1
eclipse.pde.ui-20120217-1437,org.eclipse.pde.internal.core.plugin,Fragment,setPluginVersion,6,1,1
eclipse.pde.ui-20120217-1437,org.eclipse.pde.internal.core.plugin,Fragment,setRule,6,1,1
eclipse.pde.ui-20120217-1437,org.eclipse.pde.internal.core.plugin,Fragment,restoreProperty,15,4,3
eclipse.pde.ui-20120217-1437,org.eclipse.pde.internal.core.plugin,Fragment,write,62,14,2
eclipse.pde.ui-20120217-1437,org.eclipse.pde.internal.core.plugin,Fragment,isPatch,3,1,0
eclipse.pde.ui-20120217-1437,org.eclipse.pde.internal.core.plugin,IWritableDelimiter,writeDelimeter,0,1,1
eclipse.pde.ui-20120217-1437,org.eclipse.pde.internal.core.plugin,IdentifiablePluginObject,IdentifiablePluginObject,2,1,0
eclipse.pde.ui-20120217-1437,org.eclipse.pde.internal.core.plugin,IdentifiablePluginObject,getId,3,1,0
eclipse.pde.ui-20120217-1437,org.eclipse.pde.internal.core.plugin,IdentifiablePluginObject,setId,6,1,1
eclipse.pde.ui-20120217-1437,org.eclipse.pde.internal.core.plugin,IdentifiablePluginObject,restoreProperty,7,2,3
eclipse.pde.ui-20120217-1437,org.eclipse.pde.internal.core.plugin,IdentifiablePluginObject,reconnect,3,1,2
eclipse.pde.ui-20120217-1437,org.eclipse.pde.internal.core.plugin,ImportObject,ImportObject,3,1,0
eclipse.pde.ui-20120217-1437,org.eclipse.pde.internal.core.plugin,ImportObject,ImportObject,4,1,1
eclipse.pde.ui-20120217-1437,org.eclipse.pde.internal.core.plugin,ImportObject,ImportObject,4,1,2
eclipse.pde.ui-20120217-1437,org.eclipse.pde.internal.core.plugin,ImportObject,getImport,3,1,0
eclipse.pde.ui-20120217-1437,org.eclipse.pde.internal.core.plugin,ImportObject,equals,7,3,1
eclipse.pde.ui-20120217-1437,org.eclipse.pde.internal.core.plugin,ImportObject,write,3,1,2
eclipse.pde.ui-20120217-1437,org.eclipse.pde.internal.core.plugin,ImportObject,getAdapter,6,3,1
eclipse.pde.ui-20120217-1437,org.eclipse.pde.internal.core.plugin,ImportObject,reconnect,7,2,1
eclipse.pde.ui-20120217-1437,org.eclipse.pde.internal.core.plugin,ImportObject,writeDelimeter,5,2,1
eclipse.pde.ui-20120217-1437,org.eclipse.pde.internal.core.plugin,Plugin,Plugin,3,1,1
eclipse.pde.ui-20120217-1437,org.eclipse.pde.internal.core.plugin,Plugin,getClassName,3,1,0
eclipse.pde.ui-20120217-1437,org.eclipse.pde.internal.core.plugin,Plugin,getPlugin,3,1,0
eclipse.pde.ui-20120217-1437,org.eclipse.pde.internal.core.plugin,Plugin,load,5,1,2
eclipse.pde.ui-20120217-1437,org.eclipse.pde.internal.core.plugin,Plugin,load,4,1,2
eclipse.pde.ui-20120217-1437,org.eclipse.pde.internal.core.plugin,Plugin,reset,4,1,0
eclipse.pde.ui-20120217-1437,org.eclipse.pde.internal.core.plugin,Plugin,setClassName,6,1,1
eclipse.pde.ui-20120217-1437,org.eclipse.pde.internal.core.plugin,Plugin,restoreProperty,7,2,3
eclipse.pde.ui-20120217-1437,org.eclipse.pde.internal.core.plugin,Plugin,write,51,13,2
eclipse.pde.ui-20120217-1437,org.eclipse.pde.internal.core.plugin,Plugin,hasExtensibleAPI,3,1,0
eclipse.pde.ui-20120217-1437,org.eclipse.pde.internal.core.plugin,PluginAttribute,PluginAttribute,2,1,0
eclipse.pde.ui-20120217-1437,org.eclipse.pde.internal.core.plugin,PluginAttribute,PluginAttribute,7,1,1
eclipse.pde.ui-20120217-1437,org.eclipse.pde.internal.core.plugin,PluginAttribute,clone,3,1,0
eclipse.pde.ui-20120217-1437,org.eclipse.pde.internal.core.plugin,PluginAttribute,equals,10,6,1
eclipse.pde.ui-20120217-1437,org.eclipse.pde.internal.core.plugin,PluginAttribute,getAttributeInfo,16,5,0
eclipse.pde.ui-20120217-1437,org.eclipse.pde.internal.core.plugin,PluginAttribute,getValue,3,1,0
eclipse.pde.ui-20120217-1437,org.eclipse.pde.internal.core.plugin,PluginAttribute,load,4,1,1
eclipse.pde.ui-20120217-1437,org.eclipse.pde.internal.core.plugin,PluginAttribute,load,4,1,2
eclipse.pde.ui-20120217-1437,org.eclipse.pde.internal.core.plugin,PluginAttribute,setAttributeInfo,3,1,1
eclipse.pde.ui-20120217-1437,org.eclipse.pde.internal.core.plugin,PluginAttribute,setValue,7,1,1
eclipse.pde.ui-20120217-1437,org.eclipse.pde.internal.core.plugin,PluginAttribute,write,5,2,2
eclipse.pde.ui-20120217-1437,org.eclipse.pde.internal.core.plugin,PluginBase,PluginBase,3,1,1
eclipse.pde.ui-20120217-1437,org.eclipse.pde.internal.core.plugin,PluginBase,add,7,1,1
eclipse.pde.ui-20120217-1437,org.eclipse.pde.internal.core.plugin,PluginBase,add,7,1,1
eclipse.pde.ui-20120217-1437,org.eclipse.pde.internal.core.plugin,PluginBase,add,9,2,1
eclipse.pde.ui-20120217-1437,org.eclipse.pde.internal.core.plugin,PluginBase,getLibraries,3,1,0
eclipse.pde.ui-20120217-1437,org.eclipse.pde.internal.core.plugin,PluginBase,getImports,3,1,0
eclipse.pde.ui-20120217-1437,org.eclipse.pde.internal.core.plugin,PluginBase,getPluginBase,3,1,0
eclipse.pde.ui-20120217-1437,org.eclipse.pde.internal.core.plugin,PluginBase,getProviderName,3,1,0
eclipse.pde.ui-20120217-1437,org.eclipse.pde.internal.core.plugin,PluginBase,getVersion,3,1,0
eclipse.pde.ui-20120217-1437,org.eclipse.pde.internal.core.plugin,PluginBase,getId,3,1,0
eclipse.pde.ui-20120217-1437,org.eclipse.pde.internal.core.plugin,PluginBase,load,10,1,2
eclipse.pde.ui-20120217-1437,org.eclipse.pde.internal.core.plugin,PluginBase,restoreProperty,19,5,3
eclipse.pde.ui-20120217-1437,org.eclipse.pde.internal.core.plugin,PluginBase,load,15,4,2
eclipse.pde.ui-20120217-1437,org.eclipse.pde.internal.core.plugin,PluginBase,loadRuntime,11,2,2
eclipse.pde.ui-20120217-1437,org.eclipse.pde.internal.core.plugin,PluginBase,loadRuntime,14,3,1
eclipse.pde.ui-20120217-1437,org.eclipse.pde.internal.core.plugin,PluginBase,loadImports,20,3,1
eclipse.pde.ui-20120217-1437,org.eclipse.pde.internal.core.plugin,PluginBase,loadImports,14,3,1
eclipse.pde.ui-20120217-1437,org.eclipse.pde.internal.core.plugin,PluginBase,processChild,12,4,1
eclipse.pde.ui-20120217-1437,org.eclipse.pde.internal.core.plugin,PluginBase,remove,6,1,1
eclipse.pde.ui-20120217-1437,org.eclipse.pde.internal.core.plugin,PluginBase,remove,6,1,1
eclipse.pde.ui-20120217-1437,org.eclipse.pde.internal.core.plugin,PluginBase,remove,8,2,1
eclipse.pde.ui-20120217-1437,org.eclipse.pde.internal.core.plugin,PluginBase,reset,15,2,0
eclipse.pde.ui-20120217-1437,org.eclipse.pde.internal.core.plugin,PluginBase,setProviderName,6,1,1
eclipse.pde.ui-20120217-1437,org.eclipse.pde.internal.core.plugin,PluginBase,setVersion,6,1,1
eclipse.pde.ui-20120217-1437,org.eclipse.pde.internal.core.plugin,PluginBase,setId,6,1,1
eclipse.pde.ui-20120217-1437,org.eclipse.pde.internal.core.plugin,PluginBase,internalSetVersion,3,1,1
eclipse.pde.ui-20120217-1437,org.eclipse.pde.internal.core.plugin,PluginBase,swap,9,2,2
eclipse.pde.ui-20120217-1437,org.eclipse.pde.internal.core.plugin,PluginBase,swap,9,2,2
eclipse.pde.ui-20120217-1437,org.eclipse.pde.internal.core.plugin,PluginBase,isValid,3,1,0
eclipse.pde.ui-20120217-1437,org.eclipse.pde.internal.core.plugin,PluginBase,hasRequiredAttributes,14,8,0
eclipse.pde.ui-20120217-1437,org.eclipse.pde.internal.core.plugin,PluginBase,getSaxParser,3,1,0
eclipse.pde.ui-20120217-1437,org.eclipse.pde.internal.core.plugin,PluginBase,getMatchRule,14,10,1
eclipse.pde.ui-20120217-1437,org.eclipse.pde.internal.core.plugin,PluginBase,hasBundleStructure,3,1,0
eclipse.pde.ui-20120217-1437,org.eclipse.pde.internal.core.plugin,PluginBase,getBundleSourceEntry,3,1,0
eclipse.pde.ui-20120217-1437,org.eclipse.pde.internal.core.plugin,PluginElement,PluginElement,2,1,0
eclipse.pde.ui-20120217-1437,org.eclipse.pde.internal.core.plugin,PluginElement,PluginElement,3,1,1
eclipse.pde.ui-20120217-1437,org.eclipse.pde.internal.core.plugin,PluginElement,PluginElement,13,2,1
eclipse.pde.ui-20120217-1437,org.eclipse.pde.internal.core.plugin,PluginElement,equals,17,8,1
eclipse.pde.ui-20120217-1437,org.eclipse.pde.internal.core.plugin,PluginElement,createCopy,3,1,0
eclipse.pde.ui-20120217-1437,org.eclipse.pde.internal.core.plugin,PluginElement,getAttribute,3,1,1
eclipse.pde.ui-20120217-1437,org.eclipse.pde.internal.core.plugin,PluginElement,getAttributes,5,1,0
eclipse.pde.ui-20120217-1437,org.eclipse.pde.internal.core.plugin,PluginElement,getAttributeCount,4,2,0
eclipse.pde.ui-20120217-1437,org.eclipse.pde.internal.core.plugin,PluginElement,getElementInfo,22,7,0
eclipse.pde.ui-20120217-1437,org.eclipse.pde.internal.core.plugin,PluginElement,getText,4,2,0
eclipse.pde.ui-20120217-1437,org.eclipse.pde.internal.core.plugin,PluginElement,load,30,8,1
eclipse.pde.ui-20120217-1437,org.eclipse.pde.internal.core.plugin,PluginElement,removeAttribute,9,2,1
eclipse.pde.ui-20120217-1437,org.eclipse.pde.internal.core.plugin,PluginElement,setAttribute,15,3,2
eclipse.pde.ui-20120217-1437,org.eclipse.pde.internal.core.plugin,PluginElement,setElementInfo,9,3,1
eclipse.pde.ui-20120217-1437,org.eclipse.pde.internal.core.plugin,PluginElement,setText,6,1,1
eclipse.pde.ui-20120217-1437,org.eclipse.pde.internal.core.plugin,PluginElement,write,24,6,2
eclipse.pde.ui-20120217-1437,org.eclipse.pde.internal.core.plugin,PluginElement,getAttributeMap,13,5,0
eclipse.pde.ui-20120217-1437,org.eclipse.pde.internal.core.plugin,PluginElement,createAttribute,15,3,2
eclipse.pde.ui-20120217-1437,org.eclipse.pde.internal.core.plugin,PluginElement,getChildrenList,15,4,0
eclipse.pde.ui-20120217-1437,org.eclipse.pde.internal.core.plugin,PluginElement,getName,6,2,0
eclipse.pde.ui-20120217-1437,org.eclipse.pde.internal.core.plugin,PluginExtension,PluginExtension,2,1,0
eclipse.pde.ui-20120217-1437,org.eclipse.pde.internal.core.plugin,PluginExtension,PluginExtension,3,1,1
eclipse.pde.ui-20120217-1437,org.eclipse.pde.internal.core.plugin,PluginExtension,getPoint,4,2,0
eclipse.pde.ui-20120217-1437,org.eclipse.pde.internal.core.plugin,PluginExtension,isValid,3,1,0
eclipse.pde.ui-20120217-1437,org.eclipse.pde.internal.core.plugin,PluginExtension,getSchema,10,3,0
eclipse.pde.ui-20120217-1437,org.eclipse.pde.internal.core.plugin,PluginExtension,load,19,4,1
eclipse.pde.ui-20120217-1437,org.eclipse.pde.internal.core.plugin,PluginExtension,equals,22,12,1
eclipse.pde.ui-20120217-1437,org.eclipse.pde.internal.core.plugin,PluginExtension,nameEqual,4,2,1
eclipse.pde.ui-20120217-1437,org.eclipse.pde.internal.core.plugin,PluginExtension,setPoint,6,1,1
eclipse.pde.ui-20120217-1437,org.eclipse.pde.internal.core.plugin,PluginExtension,restoreProperty,7,2,3
eclipse.pde.ui-20120217-1437,org.eclipse.pde.internal.core.plugin,PluginExtension,toString,4,2,0
eclipse.pde.ui-20120217-1437,org.eclipse.pde.internal.core.plugin,PluginExtension,write,24,5,2
eclipse.pde.ui-20120217-1437,org.eclipse.pde.internal.core.plugin,PluginExtension,getName,6,2,0
eclipse.pde.ui-20120217-1437,org.eclipse.pde.internal.core.plugin,PluginExtension,getId,13,5,0
eclipse.pde.ui-20120217-1437,org.eclipse.pde.internal.core.plugin,PluginExtension,getChildrenList,17,5,0
eclipse.pde.ui-20120217-1437,org.eclipse.pde.internal.core.plugin,PluginExtensionPoint,PluginExtensionPoint,2,1,0
eclipse.pde.ui-20120217-1437,org.eclipse.pde.internal.core.plugin,PluginExtensionPoint,PluginExtensionPoint,3,1,1
eclipse.pde.ui-20120217-1437,org.eclipse.pde.internal.core.plugin,PluginExtensionPoint,isValid,3,1,0
eclipse.pde.ui-20120217-1437,org.eclipse.pde.internal.core.plugin,PluginExtensionPoint,getFullId,12,5,0
eclipse.pde.ui-20120217-1437,org.eclipse.pde.internal.core.plugin,PluginExtensionPoint,getSchema,4,2,0
eclipse.pde.ui-20120217-1437,org.eclipse.pde.internal.core.plugin,PluginExtensionPoint,load,6,1,1
eclipse.pde.ui-20120217-1437,org.eclipse.pde.internal.core.plugin,PluginExtensionPoint,equals,9,5,1
eclipse.pde.ui-20120217-1437,org.eclipse.pde.internal.core.plugin,PluginExtensionPoint,setSchema,6,1,1
eclipse.pde.ui-20120217-1437,org.eclipse.pde.internal.core.plugin,PluginExtensionPoint,restoreProperty,7,2,3
eclipse.pde.ui-20120217-1437,org.eclipse.pde.internal.core.plugin,PluginExtensionPoint,write,8,4,2
eclipse.pde.ui-20120217-1437,org.eclipse.pde.internal.core.plugin,PluginExtensionPoint,getName,4,2,0
eclipse.pde.ui-20120217-1437,org.eclipse.pde.internal.core.plugin,PluginExtensionPoint,getId,13,5,0
eclipse.pde.ui-20120217-1437,org.eclipse.pde.internal.core.plugin,PluginHandler,PluginHandler,3,1,1
eclipse.pde.ui-20120217-1437,org.eclipse.pde.internal.core.plugin,PluginHandler,startElement,20,6,4
eclipse.pde.ui-20120217-1437,org.eclipse.pde.internal.core.plugin,PluginHandler,isInterestingExtension,4,1,1
eclipse.pde.ui-20120217-1437,org.eclipse.pde.internal.core.plugin,PluginHandler,endElement,5,2,3
eclipse.pde.ui-20120217-1437,org.eclipse.pde.internal.core.plugin,PluginHandler,setDocumentLocator,3,1,1
eclipse.pde.ui-20120217-1437,org.eclipse.pde.internal.core.plugin,PluginHandler,startDocument,8,1,0
eclipse.pde.ui-20120217-1437,org.eclipse.pde.internal.core.plugin,PluginHandler,endDocument,3,1,0
eclipse.pde.ui-20120217-1437,org.eclipse.pde.internal.core.plugin,PluginHandler,processingInstruction,10,3,2
eclipse.pde.ui-20120217-1437,org.eclipse.pde.internal.core.plugin,PluginHandler,characters,4,2,3
eclipse.pde.ui-20120217-1437,org.eclipse.pde.internal.core.plugin,PluginHandler,processCharacters,9,3,3
eclipse.pde.ui-20120217-1437,org.eclipse.pde.internal.core.plugin,PluginHandler,getDocumentElement,6,2,0
eclipse.pde.ui-20120217-1437,org.eclipse.pde.internal.core.plugin,PluginHandler,getSchemaVersion,3,1,0
eclipse.pde.ui-20120217-1437,org.eclipse.pde.internal.core.plugin,PluginHandler,resolveEntity,3,1,2
eclipse.pde.ui-20120217-1437,org.eclipse.pde.internal.core.plugin,PluginImport,PluginImport,2,1,0
eclipse.pde.ui-20120217-1437,org.eclipse.pde.internal.core.plugin,PluginImport,PluginImport,9,1,2
eclipse.pde.ui-20120217-1437,org.eclipse.pde.internal.core.plugin,PluginImport,isValid,3,1,0
eclipse.pde.ui-20120217-1437,org.eclipse.pde.internal.core.plugin,PluginImport,getMatch,3,1,0
eclipse.pde.ui-20120217-1437,org.eclipse.pde.internal.core.plugin,PluginImport,getVersion,3,1,0
eclipse.pde.ui-20120217-1437,org.eclipse.pde.internal.core.plugin,PluginImport,isReexported,3,1,0
eclipse.pde.ui-20120217-1437,org.eclipse.pde.internal.core.plugin,PluginImport,isOptional,3,1,0
eclipse.pde.ui-20120217-1437,org.eclipse.pde.internal.core.plugin,PluginImport,load,3,1,1
eclipse.pde.ui-20120217-1437,org.eclipse.pde.internal.core.plugin,PluginImport,load,21,3,2
eclipse.pde.ui-20120217-1437,org.eclipse.pde.internal.core.plugin,PluginImport,load,14,2,1
eclipse.pde.ui-20120217-1437,org.eclipse.pde.internal.core.plugin,PluginImport,equals,10,6,1
eclipse.pde.ui-20120217-1437,org.eclipse.pde.internal.core.plugin,PluginImport,load,24,5,1
eclipse.pde.ui-20120217-1437,org.eclipse.pde.internal.core.plugin,PluginImport,setMatch,6,1,1
eclipse.pde.ui-20120217-1437,org.eclipse.pde.internal.core.plugin,PluginImport,setReexported,6,1,1
eclipse.pde.ui-20120217-1437,org.eclipse.pde.internal.core.plugin,PluginImport,setOptional,6,1,1
eclipse.pde.ui-20120217-1437,org.eclipse.pde.internal.core.plugin,PluginImport,setVersion,6,1,1
eclipse.pde.ui-20120217-1437,org.eclipse.pde.internal.core.plugin,PluginImport,restoreProperty,19,5,3
eclipse.pde.ui-20120217-1437,org.eclipse.pde.internal.core.plugin,PluginImport,write,48,13,2
eclipse.pde.ui-20120217-1437,org.eclipse.pde.internal.core.plugin,PluginImport,reconnect,3,1,2
eclipse.pde.ui-20120217-1437,org.eclipse.pde.internal.core.plugin,PluginImport,writeDelimeter,4,1,1
eclipse.pde.ui-20120217-1437,org.eclipse.pde.internal.core.plugin,PluginLibrary,PluginLibrary,2,1,0
eclipse.pde.ui-20120217-1437,org.eclipse.pde.internal.core.plugin,PluginLibrary,isValid,3,1,0
eclipse.pde.ui-20120217-1437,org.eclipse.pde.internal.core.plugin,PluginLibrary,getContentFilters,16,5,0
eclipse.pde.ui-20120217-1437,org.eclipse.pde.internal.core.plugin,PluginLibrary,addContentFilter,2,1,1
eclipse.pde.ui-20120217-1437,org.eclipse.pde.internal.core.plugin,PluginLibrary,removeContentFilter,2,1,1
eclipse.pde.ui-20120217-1437,org.eclipse.pde.internal.core.plugin,PluginLibrary,getPackages,3,1,0
eclipse.pde.ui-20120217-1437,org.eclipse.pde.internal.core.plugin,PluginLibrary,isExported,3,1,0
eclipse.pde.ui-20120217-1437,org.eclipse.pde.internal.core.plugin,PluginLibrary,isFullyExported,3,1,0
eclipse.pde.ui-20120217-1437,org.eclipse.pde.internal.core.plugin,PluginLibrary,getType,3,1,0
eclipse.pde.ui-20120217-1437,org.eclipse.pde.internal.core.plugin,PluginLibrary,load,4,1,1
eclipse.pde.ui-20120217-1437,org.eclipse.pde.internal.core.plugin,PluginLibrary,load,30,7,1
eclipse.pde.ui-20120217-1437,org.eclipse.pde.internal.core.plugin,PluginLibrary,setContentFilters,6,1,1
eclipse.pde.ui-20120217-1437,org.eclipse.pde.internal.core.plugin,PluginLibrary,setPackages,2,1,1
eclipse.pde.ui-20120217-1437,org.eclipse.pde.internal.core.plugin,PluginLibrary,setExported,6,1,1
eclipse.pde.ui-20120217-1437,org.eclipse.pde.internal.core.plugin,PluginLibrary,setType,6,1,1
eclipse.pde.ui-20120217-1437,org.eclipse.pde.internal.core.plugin,PluginLibrary,restoreProperty,17,5,3
eclipse.pde.ui-20120217-1437,org.eclipse.pde.internal.core.plugin,PluginLibrary,createArrayList,8,3,1
eclipse.pde.ui-20120217-1437,org.eclipse.pde.internal.core.plugin,PluginLibrary,write,27,7,2
eclipse.pde.ui-20120217-1437,org.eclipse.pde.internal.core.plugin,PluginLibrary,reconnect,3,1,2
eclipse.pde.ui-20120217-1437,org.eclipse.pde.internal.core.plugin,PluginLibrary,writeDelimeter,4,1,1
eclipse.pde.ui-20120217-1437,org.eclipse.pde.internal.core.plugin,PluginObject,PluginObject,2,1,0
eclipse.pde.ui-20120217-1437,org.eclipse.pde.internal.core.plugin,PluginObject,isValid,3,1,0
eclipse.pde.ui-20120217-1437,org.eclipse.pde.internal.core.plugin,PluginObject,ensureModelEditable,5,2,0
eclipse.pde.ui-20120217-1437,org.eclipse.pde.internal.core.plugin,PluginObject,setInTheModel,3,1,1
eclipse.pde.ui-20120217-1437,org.eclipse.pde.internal.core.plugin,PluginObject,isInTheModel,3,1,0
eclipse.pde.ui-20120217-1437,org.eclipse.pde.internal.core.plugin,PluginObject,firePropertyChanged,3,1,3
eclipse.pde.ui-20120217-1437,org.eclipse.pde.internal.core.plugin,PluginObject,firePropertyChanged,6,2,4
eclipse.pde.ui-20120217-1437,org.eclipse.pde.internal.core.plugin,PluginObject,fireStructureChanged,7,2,2
eclipse.pde.ui-20120217-1437,org.eclipse.pde.internal.core.plugin,PluginObject,fireStructureChanged,7,2,2
eclipse.pde.ui-20120217-1437,org.eclipse.pde.internal.core.plugin,PluginObject,fireModelChanged,7,2,1
eclipse.pde.ui-20120217-1437,org.eclipse.pde.internal.core.plugin,PluginObject,getModel,3,1,0
eclipse.pde.ui-20120217-1437,org.eclipse.pde.internal.core.plugin,PluginObject,getPluginModel,4,2,0
eclipse.pde.ui-20120217-1437,org.eclipse.pde.internal.core.plugin,PluginObject,getName,3,1,0
eclipse.pde.ui-20120217-1437,org.eclipse.pde.internal.core.plugin,PluginObject,getTranslatedName,7,3,0
eclipse.pde.ui-20120217-1437,org.eclipse.pde.internal.core.plugin,PluginObject,getNodeAttribute,5,2,2
eclipse.pde.ui-20120217-1437,org.eclipse.pde.internal.core.plugin,PluginObject,getParent,3,1,0
eclipse.pde.ui-20120217-1437,org.eclipse.pde.internal.core.plugin,PluginObject,getPluginBase,4,1,0
eclipse.pde.ui-20120217-1437,org.eclipse.pde.internal.core.plugin,PluginObject,getResourceString,3,1,1
eclipse.pde.ui-20120217-1437,org.eclipse.pde.internal.core.plugin,PluginObject,isNotEmpty,6,3,1
eclipse.pde.ui-20120217-1437,org.eclipse.pde.internal.core.plugin,PluginObject,restoreProperty,5,2,3
eclipse.pde.ui-20120217-1437,org.eclipse.pde.internal.core.plugin,PluginObject,setModel,4,1,1
eclipse.pde.ui-20120217-1437,org.eclipse.pde.internal.core.plugin,PluginObject,setName,6,1,1
eclipse.pde.ui-20120217-1437,org.eclipse.pde.internal.core.plugin,PluginObject,setParent,3,1,1
eclipse.pde.ui-20120217-1437,org.eclipse.pde.internal.core.plugin,PluginObject,throwCoreException,6,1,1
eclipse.pde.ui-20120217-1437,org.eclipse.pde.internal.core.plugin,PluginObject,toString,13,4,0
eclipse.pde.ui-20120217-1437,org.eclipse.pde.internal.core.plugin,PluginObject,addComments,12,5,2
eclipse.pde.ui-20120217-1437,org.eclipse.pde.internal.core.plugin,PluginObject,writeComments,7,3,2
eclipse.pde.ui-20120217-1437,org.eclipse.pde.internal.core.plugin,PluginObject,stringEqualWithNull,3,1,2
eclipse.pde.ui-20120217-1437,org.eclipse.pde.internal.core.plugin,PluginObject,getWritableString,3,1,1
eclipse.pde.ui-20120217-1437,org.eclipse.pde.internal.core.plugin,PluginObject,getStartLine,3,1,0
eclipse.pde.ui-20120217-1437,org.eclipse.pde.internal.core.plugin,PluginObject,getStopLine,3,1,0
eclipse.pde.ui-20120217-1437,org.eclipse.pde.internal.core.plugin,PluginObject,getAdapter,6,2,1
eclipse.pde.ui-20120217-1437,org.eclipse.pde.internal.core.plugin,PluginObject,reconnect,6,1,2
eclipse.pde.ui-20120217-1437,org.eclipse.pde.internal.core.plugin,PluginObject,writeDelimeter,2,1,1
eclipse.pde.ui-20120217-1437,org.eclipse.pde.internal.core.plugin,PluginParent,PluginParent,2,1,0
eclipse.pde.ui-20120217-1437,org.eclipse.pde.internal.core.plugin,PluginParent,add,5,1,2
eclipse.pde.ui-20120217-1437,org.eclipse.pde.internal.core.plugin,PluginParent,add,5,1,1
eclipse.pde.ui-20120217-1437,org.eclipse.pde.internal.core.plugin,PluginParent,appendChild,3,1,1
eclipse.pde.ui-20120217-1437,org.eclipse.pde.internal.core.plugin,PluginParent,postAdd,5,1,1
eclipse.pde.ui-20120217-1437,org.eclipse.pde.internal.core.plugin,PluginParent,getChildCount,3,1,0
eclipse.pde.ui-20120217-1437,org.eclipse.pde.internal.core.plugin,PluginParent,equals,16,7,1
eclipse.pde.ui-20120217-1437,org.eclipse.pde.internal.core.plugin,PluginParent,getIndexOf,3,1,1
eclipse.pde.ui-20120217-1437,org.eclipse.pde.internal.core.plugin,PluginParent,swap,9,2,2
eclipse.pde.ui-20120217-1437,org.eclipse.pde.internal.core.plugin,PluginParent,getChildren,3,1,0
eclipse.pde.ui-20120217-1437,org.eclipse.pde.internal.core.plugin,PluginParent,remove,6,1,1
eclipse.pde.ui-20120217-1437,org.eclipse.pde.internal.core.plugin,PluginParent,getChildrenList,4,2,0
eclipse.pde.ui-20120217-1437,org.eclipse.pde.internal.core.plugin,PluginReference,PluginReference,2,1,0
eclipse.pde.ui-20120217-1437,org.eclipse.pde.internal.core.plugin,PluginReference,PluginReference,3,1,1
eclipse.pde.ui-20120217-1437,org.eclipse.pde.internal.core.plugin,PluginReference,PluginReference,4,1,1
eclipse.pde.ui-20120217-1437,org.eclipse.pde.internal.core.plugin,PluginReference,getId,3,1,0
eclipse.pde.ui-20120217-1437,org.eclipse.pde.internal.core.plugin,PluginReference,getPlugin,7,2,0
eclipse.pde.ui-20120217-1437,org.eclipse.pde.internal.core.plugin,PluginReference,toString,6,2,0
eclipse.pde.ui-20120217-1437,org.eclipse.pde.internal.core.plugin,PluginReference,isResolved,3,1,0
eclipse.pde.ui-20120217-1437,org.eclipse.pde.internal.core.plugin,PluginReference,reconnect,7,2,1
eclipse.pde.ui-20120217-1437,org.eclipse.pde.internal.core.plugin,WorkspaceExtensionsModel,createNLResourceHelper,3,1,0
eclipse.pde.ui-20120217-1437,org.eclipse.pde.internal.core.plugin,WorkspaceExtensionsModel,getNLLookupLocation,8,1,0
eclipse.pde.ui-20120217-1437,org.eclipse.pde.internal.core.plugin,WorkspaceExtensionsModel,WorkspaceExtensionsModel,3,1,1
eclipse.pde.ui-20120217-1437,org.eclipse.pde.internal.core.plugin,WorkspaceExtensionsModel,fireModelChanged,4,1,1
eclipse.pde.ui-20120217-1437,org.eclipse.pde.internal.core.plugin,WorkspaceExtensionsModel,getContents,13,1,0
eclipse.pde.ui-20120217-1437,org.eclipse.pde.internal.core.plugin,WorkspaceExtensionsModel,getInstallLocation,3,1,0
eclipse.pde.ui-20120217-1437,org.eclipse.pde.internal.core.plugin,WorkspaceExtensionsModel,getUnderlyingResource,3,1,0
eclipse.pde.ui-20120217-1437,org.eclipse.pde.internal.core.plugin,WorkspaceExtensionsModel,isInSync,6,3,0
eclipse.pde.ui-20120217-1437,org.eclipse.pde.internal.core.plugin,WorkspaceExtensionsModel,isDirty,3,1,0
eclipse.pde.ui-20120217-1437,org.eclipse.pde.internal.core.plugin,WorkspaceExtensionsModel,isEditable,3,1,0
eclipse.pde.ui-20120217-1437,org.eclipse.pde.internal.core.plugin,WorkspaceExtensionsModel,load,4,2,0
eclipse.pde.ui-20120217-1437,org.eclipse.pde.internal.core.plugin,WorkspaceExtensionsModel,updateTimeStamp,3,1,0
eclipse.pde.ui-20120217-1437,org.eclipse.pde.internal.core.plugin,WorkspaceExtensionsModel,save,28,4,0
eclipse.pde.ui-20120217-1437,org.eclipse.pde.internal.core.plugin,WorkspaceExtensionsModel,save,6,2,1
eclipse.pde.ui-20120217-1437,org.eclipse.pde.internal.core.plugin,WorkspaceExtensionsModel,setDirty,3,1,1
eclipse.pde.ui-20120217-1437,org.eclipse.pde.internal.core.plugin,WorkspaceExtensionsModel,setEditable,3,1,1
eclipse.pde.ui-20120217-1437,org.eclipse.pde.internal.core.plugin,WorkspaceExtensionsModel,createExtensions,5,1,0
eclipse.pde.ui-20120217-1437,org.eclipse.pde.internal.core.plugin,WorkspaceExtensionsModel,toString,3,1,0
eclipse.pde.ui-20120217-1437,org.eclipse.pde.internal.core.plugin,WorkspaceExtensionsModel,setBundleModel,3,1,1
eclipse.pde.ui-20120217-1437,org.eclipse.pde.internal.core.plugin,WorkspaceExtensionsModel,getBundlePluginModel,3,1,0
eclipse.pde.ui-20120217-1437,org.eclipse.pde.internal.core.plugin,WorkspaceFragmentModel,WorkspaceFragmentModel,3,1,2
eclipse.pde.ui-20120217-1437,org.eclipse.pde.internal.core.plugin,WorkspaceFragmentModel,createPluginBase,5,1,0
eclipse.pde.ui-20120217-1437,org.eclipse.pde.internal.core.plugin,WorkspaceFragmentModel,getFragment,3,1,0
eclipse.pde.ui-20120217-1437,org.eclipse.pde.internal.core.plugin,WorkspaceFragmentModel,isFragmentModel,3,1,0
eclipse.pde.ui-20120217-1437,org.eclipse.pde.internal.core.plugin,WorkspacePluginModel,WorkspacePluginModel,3,1,2
eclipse.pde.ui-20120217-1437,org.eclipse.pde.internal.core.plugin,WorkspacePluginModel,createPluginBase,5,1,0
eclipse.pde.ui-20120217-1437,org.eclipse.pde.internal.core.plugin,WorkspacePluginModel,getPlugin,3,1,0
eclipse.pde.ui-20120217-1437,org.eclipse.pde.internal.core.plugin,WorkspacePluginModelBase,createNLResourceHelper,3,1,0
eclipse.pde.ui-20120217-1437,org.eclipse.pde.internal.core.plugin,WorkspacePluginModelBase,getNLLookupLocation,8,1,0
eclipse.pde.ui-20120217-1437,org.eclipse.pde.internal.core.plugin,WorkspacePluginModelBase,WorkspacePluginModelBase,5,1,2
eclipse.pde.ui-20120217-1437,org.eclipse.pde.internal.core.plugin,WorkspacePluginModelBase,fireModelChanged,4,1,1
eclipse.pde.ui-20120217-1437,org.eclipse.pde.internal.core.plugin,WorkspacePluginModelBase,getBuildModel,3,1,0
eclipse.pde.ui-20120217-1437,org.eclipse.pde.internal.core.plugin,WorkspacePluginModelBase,getContents,13,1,0
eclipse.pde.ui-20120217-1437,org.eclipse.pde.internal.core.plugin,WorkspacePluginModelBase,getFile,3,1,0
eclipse.pde.ui-20120217-1437,org.eclipse.pde.internal.core.plugin,WorkspacePluginModelBase,getInstallLocation,4,1,0
eclipse.pde.ui-20120217-1437,org.eclipse.pde.internal.core.plugin,WorkspacePluginModelBase,getUnderlyingResource,3,1,0
eclipse.pde.ui-20120217-1437,org.eclipse.pde.internal.core.plugin,WorkspacePluginModelBase,isInSync,6,3,0
eclipse.pde.ui-20120217-1437,org.eclipse.pde.internal.core.plugin,WorkspacePluginModelBase,isDirty,3,1,0
eclipse.pde.ui-20120217-1437,org.eclipse.pde.internal.core.plugin,WorkspacePluginModelBase,isEditable,3,1,0
eclipse.pde.ui-20120217-1437,org.eclipse.pde.internal.core.plugin,WorkspacePluginModelBase,load,25,4,0
eclipse.pde.ui-20120217-1437,org.eclipse.pde.internal.core.plugin,WorkspacePluginModelBase,updateTimeStamp,3,1,0
eclipse.pde.ui-20120217-1437,org.eclipse.pde.internal.core.plugin,WorkspacePluginModelBase,save,29,4,0
eclipse.pde.ui-20120217-1437,org.eclipse.pde.internal.core.plugin,WorkspacePluginModelBase,save,6,2,1
eclipse.pde.ui-20120217-1437,org.eclipse.pde.internal.core.plugin,WorkspacePluginModelBase,setDirty,3,1,1
eclipse.pde.ui-20120217-1437,org.eclipse.pde.internal.core.plugin,WorkspacePluginModelBase,setEditable,3,1,1
eclipse.pde.ui-20120217-1437,org.eclipse.pde.internal.core.product,AboutInfo,AboutInfo,3,1,1
eclipse.pde.ui-20120217-1437,org.eclipse.pde.internal.core.product,AboutInfo,setText,5,2,1
eclipse.pde.ui-20120217-1437,org.eclipse.pde.internal.core.product,AboutInfo,getText,3,1,0
eclipse.pde.ui-20120217-1437,org.eclipse.pde.internal.core.product,AboutInfo,setImagePath,5,2,1
eclipse.pde.ui-20120217-1437,org.eclipse.pde.internal.core.product,AboutInfo,getImagePath,3,1,0
eclipse.pde.ui-20120217-1437,org.eclipse.pde.internal.core.product,AboutInfo,write,12,4,2
eclipse.pde.ui-20120217-1437,org.eclipse.pde.internal.core.product,AboutInfo,isAboutTextDefined,3,1,0
eclipse.pde.ui-20120217-1437,org.eclipse.pde.internal.core.product,AboutInfo,isAboutImageDefined,3,1,0
eclipse.pde.ui-20120217-1437,org.eclipse.pde.internal.core.product,AboutInfo,parse,18,7,1
eclipse.pde.ui-20120217-1437,org.eclipse.pde.internal.core.product,ArgumentsInfo,ArgumentsInfo,3,1,1
eclipse.pde.ui-20120217-1437,org.eclipse.pde.internal.core.product,ArgumentsInfo,setProgramArguments,31,12,2
eclipse.pde.ui-20120217-1437,org.eclipse.pde.internal.core.product,ArgumentsInfo,getProgramArguments,15,6,1
eclipse.pde.ui-20120217-1437,org.eclipse.pde.internal.core.product,ArgumentsInfo,getCompleteProgramArguments,17,5,1
eclipse.pde.ui-20120217-1437,org.eclipse.pde.internal.core.product,ArgumentsInfo,setVMArguments,31,12,2
eclipse.pde.ui-20120217-1437,org.eclipse.pde.internal.core.product,ArgumentsInfo,getVMArguments,15,6,1
eclipse.pde.ui-20120217-1437,org.eclipse.pde.internal.core.product,ArgumentsInfo,getCompleteVMArguments,17,5,1
eclipse.pde.ui-20120217-1437,org.eclipse.pde.internal.core.product,ArgumentsInfo,getCompleteArgs,5,2,2
eclipse.pde.ui-20120217-1437,org.eclipse.pde.internal.core.product,ArgumentsInfo,parse,38,13,1
eclipse.pde.ui-20120217-1437,org.eclipse.pde.internal.core.product,ArgumentsInfo,getText,8,2,1
eclipse.pde.ui-20120217-1437,org.eclipse.pde.internal.core.product,ArgumentsInfo,write,34,11,2
eclipse.pde.ui-20120217-1437,org.eclipse.pde.internal.core.product,ConfigurationFileInfo,ConfigurationFileInfo,3,1,1
eclipse.pde.ui-20120217-1437,org.eclipse.pde.internal.core.product,ConfigurationFileInfo,setPath,5,2,1
eclipse.pde.ui-20120217-1437,org.eclipse.pde.internal.core.product,ConfigurationFileInfo,getPath,3,1,0
eclipse.pde.ui-20120217-1437,org.eclipse.pde.internal.core.product,ConfigurationFileInfo,parse,49,13,1
eclipse.pde.ui-20120217-1437,org.eclipse.pde.internal.core.product,ConfigurationFileInfo,getText,8,2,1
eclipse.pde.ui-20120217-1437,org.eclipse.pde.internal.core.product,ConfigurationFileInfo,write,32,7,2
eclipse.pde.ui-20120217-1437,org.eclipse.pde.internal.core.product,ConfigurationFileInfo,setUse,27,11,2
eclipse.pde.ui-20120217-1437,org.eclipse.pde.internal.core.product,ConfigurationFileInfo,getUse,16,6,1
eclipse.pde.ui-20120217-1437,org.eclipse.pde.internal.core.product,ConfigurationFileInfo,setPath,27,11,2
eclipse.pde.ui-20120217-1437,org.eclipse.pde.internal.core.product,ConfigurationFileInfo,getPath,16,6,1
eclipse.pde.ui-20120217-1437,org.eclipse.pde.internal.core.product,ConfigurationProperty,ConfigurationProperty,3,1,1
eclipse.pde.ui-20120217-1437,org.eclipse.pde.internal.core.product,ConfigurationProperty,parse,7,2,1
eclipse.pde.ui-20120217-1437,org.eclipse.pde.internal.core.product,ConfigurationProperty,write,5,1,2
eclipse.pde.ui-20120217-1437,org.eclipse.pde.internal.core.product,ConfigurationProperty,getName,3,1,0
eclipse.pde.ui-20120217-1437,org.eclipse.pde.internal.core.product,ConfigurationProperty,getValue,3,1,0
eclipse.pde.ui-20120217-1437,org.eclipse.pde.internal.core.product,ConfigurationProperty,setName,7,2,1
eclipse.pde.ui-20120217-1437,org.eclipse.pde.internal.core.product,ConfigurationProperty,setValue,7,2,1
eclipse.pde.ui-20120217-1437,org.eclipse.pde.internal.core.product,ConfigurationProperty,toString,3,1,0
eclipse.pde.ui-20120217-1437,org.eclipse.pde.internal.core.product,IntroInfo,IntroInfo,3,1,1
eclipse.pde.ui-20120217-1437,org.eclipse.pde.internal.core.product,IntroInfo,setId,5,2,1
eclipse.pde.ui-20120217-1437,org.eclipse.pde.internal.core.product,IntroInfo,getId,3,1,0
eclipse.pde.ui-20120217-1437,org.eclipse.pde.internal.core.product,IntroInfo,parse,6,2,1
eclipse.pde.ui-20120217-1437,org.eclipse.pde.internal.core.product,IntroInfo,write,3,2,2
eclipse.pde.ui-20120217-1437,org.eclipse.pde.internal.core.product,JREInfo,JREInfo,3,1,1
eclipse.pde.ui-20120217-1437,org.eclipse.pde.internal.core.product,JREInfo,getJREContainerPath,15,5,1
eclipse.pde.ui-20120217-1437,org.eclipse.pde.internal.core.product,JREInfo,setJREContainerPath,22,9,2
eclipse.pde.ui-20120217-1437,org.eclipse.pde.internal.core.product,JREInfo,getJVMLocation,9,3,1
eclipse.pde.ui-20120217-1437,org.eclipse.pde.internal.core.product,JREInfo,parse,26,7,1
eclipse.pde.ui-20120217-1437,org.eclipse.pde.internal.core.product,JREInfo,getPath,11,3,1
eclipse.pde.ui-20120217-1437,org.eclipse.pde.internal.core.product,JREInfo,write,28,5,2
eclipse.pde.ui-20120217-1437,org.eclipse.pde.internal.core.product,JREInfo,includeJREWithProduct,15,5,1
eclipse.pde.ui-20120217-1437,org.eclipse.pde.internal.core.product,JREInfo,setIncludeJREWithProduct,22,9,2
eclipse.pde.ui-20120217-1437,org.eclipse.pde.internal.core.product,LauncherInfo,LauncherInfo,3,1,1
eclipse.pde.ui-20120217-1437,org.eclipse.pde.internal.core.product,LauncherInfo,getLauncherName,3,1,0
eclipse.pde.ui-20120217-1437,org.eclipse.pde.internal.core.product,LauncherInfo,setLauncherName,5,2,1
eclipse.pde.ui-20120217-1437,org.eclipse.pde.internal.core.product,LauncherInfo,setIconPath,6,3,2
eclipse.pde.ui-20120217-1437,org.eclipse.pde.internal.core.product,LauncherInfo,getIconPath,3,1,1
eclipse.pde.ui-20120217-1437,org.eclipse.pde.internal.core.product,LauncherInfo,usesWinIcoFile,3,1,0
eclipse.pde.ui-20120217-1437,org.eclipse.pde.internal.core.product,LauncherInfo,setUseWinIcoFile,5,2,1
eclipse.pde.ui-20120217-1437,org.eclipse.pde.internal.core.product,LauncherInfo,parse,24,8,1
eclipse.pde.ui-20120217-1437,org.eclipse.pde.internal.core.product,LauncherInfo,parseWin,21,5,1
eclipse.pde.ui-20120217-1437,org.eclipse.pde.internal.core.product,LauncherInfo,parseSolaris,6,1,1
eclipse.pde.ui-20120217-1437,org.eclipse.pde.internal.core.product,LauncherInfo,parseMac,3,1,1
eclipse.pde.ui-20120217-1437,org.eclipse.pde.internal.core.product,LauncherInfo,parseLinux,3,1,1
eclipse.pde.ui-20120217-1437,org.eclipse.pde.internal.core.product,LauncherInfo,write,10,2,2
eclipse.pde.ui-20120217-1437,org.eclipse.pde.internal.core.product,LauncherInfo,writerWin,14,2,2
eclipse.pde.ui-20120217-1437,org.eclipse.pde.internal.core.product,LauncherInfo,writeSolaris,8,1,2
eclipse.pde.ui-20120217-1437,org.eclipse.pde.internal.core.product,LauncherInfo,writeIcon,7,2,3
eclipse.pde.ui-20120217-1437,org.eclipse.pde.internal.core.product,LauncherInfo,writeMac,4,2,2
eclipse.pde.ui-20120217-1437,org.eclipse.pde.internal.core.product,LauncherInfo,writeLinux,4,2,2
eclipse.pde.ui-20120217-1437,org.eclipse.pde.internal.core.product,LicenseInfo,LicenseInfo,3,1,1
eclipse.pde.ui-20120217-1437,org.eclipse.pde.internal.core.product,LicenseInfo,setURL,5,2,1
eclipse.pde.ui-20120217-1437,org.eclipse.pde.internal.core.product,LicenseInfo,getURL,3,1,0
eclipse.pde.ui-20120217-1437,org.eclipse.pde.internal.core.product,LicenseInfo,getLicense,3,1,0
eclipse.pde.ui-20120217-1437,org.eclipse.pde.internal.core.product,LicenseInfo,setLicense,5,2,1
eclipse.pde.ui-20120217-1437,org.eclipse.pde.internal.core.product,LicenseInfo,parse,26,9,1
eclipse.pde.ui-20120217-1437,org.eclipse.pde.internal.core.product,LicenseInfo,write,14,4,2
eclipse.pde.ui-20120217-1437,org.eclipse.pde.internal.core.product,LicenseInfo,isURLDefined,3,1,0
eclipse.pde.ui-20120217-1437,org.eclipse.pde.internal.core.product,LicenseInfo,isLicenseTextDefined,3,1,0
eclipse.pde.ui-20120217-1437,org.eclipse.pde.internal.core.product,PluginConfiguration,PluginConfiguration,3,1,1
eclipse.pde.ui-20120217-1437,org.eclipse.pde.internal.core.product,PluginConfiguration,parse,8,2,1
eclipse.pde.ui-20120217-1437,org.eclipse.pde.internal.core.product,PluginConfiguration,write,6,1,2
eclipse.pde.ui-20120217-1437,org.eclipse.pde.internal.core.product,PluginConfiguration,getId,3,1,0
eclipse.pde.ui-20120217-1437,org.eclipse.pde.internal.core.product,PluginConfiguration,getStartLevel,3,1,0
eclipse.pde.ui-20120217-1437,org.eclipse.pde.internal.core.product,PluginConfiguration,isAutoStart,3,1,0
eclipse.pde.ui-20120217-1437,org.eclipse.pde.internal.core.product,PluginConfiguration,setAutoStart,5,2,1
eclipse.pde.ui-20120217-1437,org.eclipse.pde.internal.core.product,PluginConfiguration,setStartLevel,5,2,1
eclipse.pde.ui-20120217-1437,org.eclipse.pde.internal.core.product,PluginConfiguration,setId,3,1,1
eclipse.pde.ui-20120217-1437,org.eclipse.pde.internal.core.product,Product,Product,4,1,1
eclipse.pde.ui-20120217-1437,org.eclipse.pde.internal.core.product,Product,getId,3,1,0
eclipse.pde.ui-20120217-1437,org.eclipse.pde.internal.core.product,Product,getProductId,3,1,0
eclipse.pde.ui-20120217-1437,org.eclipse.pde.internal.core.product,Product,getName,3,1,0
eclipse.pde.ui-20120217-1437,org.eclipse.pde.internal.core.product,Product,getVersion,3,1,0
eclipse.pde.ui-20120217-1437,org.eclipse.pde.internal.core.product,Product,getApplication,3,1,0
eclipse.pde.ui-20120217-1437,org.eclipse.pde.internal.core.product,Product,getDefiningPluginId,5,2,0
eclipse.pde.ui-20120217-1437,org.eclipse.pde.internal.core.product,Product,setId,5,2,1
eclipse.pde.ui-20120217-1437,org.eclipse.pde.internal.core.product,Product,setProductId,5,2,1
eclipse.pde.ui-20120217-1437,org.eclipse.pde.internal.core.product,Product,setVersion,5,2,1
eclipse.pde.ui-20120217-1437,org.eclipse.pde.internal.core.product,Product,setName,5,2,1
eclipse.pde.ui-20120217-1437,org.eclipse.pde.internal.core.product,Product,setAboutInfo,3,1,1
eclipse.pde.ui-20120217-1437,org.eclipse.pde.internal.core.product,Product,setApplication,5,2,1
eclipse.pde.ui-20120217-1437,org.eclipse.pde.internal.core.product,Product,write,82,21,2
eclipse.pde.ui-20120217-1437,org.eclipse.pde.internal.core.product,Product,getAboutInfo,3,1,0
eclipse.pde.ui-20120217-1437,org.eclipse.pde.internal.core.product,Product,reset,21,1,0
eclipse.pde.ui-20120217-1437,org.eclipse.pde.internal.core.product,Product,parse,66,16,1
eclipse.pde.ui-20120217-1437,org.eclipse.pde.internal.core.product,Product,parsePlugins,12,4,1
eclipse.pde.ui-20120217-1437,org.eclipse.pde.internal.core.product,Product,parseConfigations,17,5,1
eclipse.pde.ui-20120217-1437,org.eclipse.pde.internal.core.product,Product,parseFeatures,12,4,1
eclipse.pde.ui-20120217-1437,org.eclipse.pde.internal.core.product,Product,addPlugins,15,5,1
eclipse.pde.ui-20120217-1437,org.eclipse.pde.internal.core.product,Product,addPluginConfigurations,15,5,1
eclipse.pde.ui-20120217-1437,org.eclipse.pde.internal.core.product,Product,addConfigurationProperties,14,5,1
eclipse.pde.ui-20120217-1437,org.eclipse.pde.internal.core.product,Product,removePlugins,18,7,1
eclipse.pde.ui-20120217-1437,org.eclipse.pde.internal.core.product,Product,removePluginConfigurations,9,4,1
eclipse.pde.ui-20120217-1437,org.eclipse.pde.internal.core.product,Product,removeConfigurationProperties,9,4,1
eclipse.pde.ui-20120217-1437,org.eclipse.pde.internal.core.product,Product,getPlugins,3,1,0
eclipse.pde.ui-20120217-1437,org.eclipse.pde.internal.core.product,Product,getPluginConfigurations,3,1,0
eclipse.pde.ui-20120217-1437,org.eclipse.pde.internal.core.product,Product,getConfigurationProperties,3,1,0
eclipse.pde.ui-20120217-1437,org.eclipse.pde.internal.core.product,Product,getConfigurationFileInfo,3,1,0
eclipse.pde.ui-20120217-1437,org.eclipse.pde.internal.core.product,Product,setConfigurationFileInfo,3,1,1
eclipse.pde.ui-20120217-1437,org.eclipse.pde.internal.core.product,Product,useFeatures,3,1,0
eclipse.pde.ui-20120217-1437,org.eclipse.pde.internal.core.product,Product,setUseFeatures,5,2,1
eclipse.pde.ui-20120217-1437,org.eclipse.pde.internal.core.product,Product,containsPlugin,3,1,1
eclipse.pde.ui-20120217-1437,org.eclipse.pde.internal.core.product,Product,containsFeature,7,3,1
eclipse.pde.ui-20120217-1437,org.eclipse.pde.internal.core.product,Product,getWindowImages,3,1,0
eclipse.pde.ui-20120217-1437,org.eclipse.pde.internal.core.product,Product,setWindowImages,3,1,1
eclipse.pde.ui-20120217-1437,org.eclipse.pde.internal.core.product,Product,getSplashInfo,3,1,0
eclipse.pde.ui-20120217-1437,org.eclipse.pde.internal.core.product,Product,setSplashInfo,3,1,1
eclipse.pde.ui-20120217-1437,org.eclipse.pde.internal.core.product,Product,getLauncherInfo,3,1,0
eclipse.pde.ui-20120217-1437,org.eclipse.pde.internal.core.product,Product,setLauncherInfo,3,1,1
eclipse.pde.ui-20120217-1437,org.eclipse.pde.internal.core.product,Product,addFeatures,15,5,1
eclipse.pde.ui-20120217-1437,org.eclipse.pde.internal.core.product,Product,removeFeatures,10,4,1
eclipse.pde.ui-20120217-1437,org.eclipse.pde.internal.core.product,Product,getFeatures,3,1,0
eclipse.pde.ui-20120217-1437,org.eclipse.pde.internal.core.product,Product,getLauncherArguments,3,1,0
eclipse.pde.ui-20120217-1437,org.eclipse.pde.internal.core.product,Product,setLauncherArguments,3,1,1
eclipse.pde.ui-20120217-1437,org.eclipse.pde.internal.core.product,Product,getIntroInfo,3,1,0
eclipse.pde.ui-20120217-1437,org.eclipse.pde.internal.core.product,Product,setIntroInfo,3,1,1
eclipse.pde.ui-20120217-1437,org.eclipse.pde.internal.core.product,Product,getJREInfo,3,1,0
eclipse.pde.ui-20120217-1437,org.eclipse.pde.internal.core.product,Product,setJREInfo,3,1,1
eclipse.pde.ui-20120217-1437,org.eclipse.pde.internal.core.product,Product,getLicenseInfo,3,1,0
eclipse.pde.ui-20120217-1437,org.eclipse.pde.internal.core.product,Product,setLicenseInfo,3,1,1
eclipse.pde.ui-20120217-1437,org.eclipse.pde.internal.core.product,Product,swap,8,2,2
eclipse.pde.ui-20120217-1437,org.eclipse.pde.internal.core.product,Product,findPluginConfiguration,3,1,1
eclipse.pde.ui-20120217-1437,org.eclipse.pde.internal.core.product,Product,includeLaunchers,3,1,0
eclipse.pde.ui-20120217-1437,org.eclipse.pde.internal.core.product,Product,setIncludeLaunchers,5,2,1
eclipse.pde.ui-20120217-1437,org.eclipse.pde.internal.core.product,ProductFeature,ProductFeature,3,1,1
eclipse.pde.ui-20120217-1437,org.eclipse.pde.internal.core.product,ProductFeature,parse,7,2,1
eclipse.pde.ui-20120217-1437,org.eclipse.pde.internal.core.product,ProductFeature,write,7,2,2
eclipse.pde.ui-20120217-1437,org.eclipse.pde.internal.core.product,ProductFeature,getId,3,1,0
eclipse.pde.ui-20120217-1437,org.eclipse.pde.internal.core.product,ProductFeature,setId,3,1,1
eclipse.pde.ui-20120217-1437,org.eclipse.pde.internal.core.product,ProductFeature,getVersion,3,1,0
eclipse.pde.ui-20120217-1437,org.eclipse.pde.internal.core.product,ProductFeature,setVersion,5,2,1
eclipse.pde.ui-20120217-1437,org.eclipse.pde.internal.core.product,ProductModel,updateTimeStamp,2,1,0
eclipse.pde.ui-20120217-1437,org.eclipse.pde.internal.core.product,ProductModel,getProduct,4,2,0
eclipse.pde.ui-20120217-1437,org.eclipse.pde.internal.core.product,ProductModel,getFactory,4,2,0
eclipse.pde.ui-20120217-1437,org.eclipse.pde.internal.core.product,ProductModel,getInstallLocation,3,1,0
eclipse.pde.ui-20120217-1437,org.eclipse.pde.internal.core.product,ProductModel,isInSync,3,1,0
eclipse.pde.ui-20120217-1437,org.eclipse.pde.internal.core.product,ProductModel,load,2,1,0
eclipse.pde.ui-20120217-1437,org.eclipse.pde.internal.core.product,ProductModel,load,21,3,2
eclipse.pde.ui-20120217-1437,org.eclipse.pde.internal.core.product,ProductModel,reload,4,1,2
eclipse.pde.ui-20120217-1437,org.eclipse.pde.internal.core.product,ProductModel,isEditable,3,1,0
eclipse.pde.ui-20120217-1437,org.eclipse.pde.internal.core.product,ProductModel,processDocument,10,2,1
eclipse.pde.ui-20120217-1437,org.eclipse.pde.internal.core.product,ProductModelFactory,ProductModelFactory,3,1,1
eclipse.pde.ui-20120217-1437,org.eclipse.pde.internal.core.product,ProductModelFactory,createProduct,3,1,0
eclipse.pde.ui-20120217-1437,org.eclipse.pde.internal.core.product,ProductModelFactory,createAboutInfo,3,1,0
eclipse.pde.ui-20120217-1437,org.eclipse.pde.internal.core.product,ProductModelFactory,createPlugin,3,1,0
eclipse.pde.ui-20120217-1437,org.eclipse.pde.internal.core.product,ProductModelFactory,createPluginConfiguration,3,1,0
eclipse.pde.ui-20120217-1437,org.eclipse.pde.internal.core.product,ProductModelFactory,createConfigurationProperty,3,1,0
eclipse.pde.ui-20120217-1437,org.eclipse.pde.internal.core.product,ProductModelFactory,createConfigFileInfo,3,1,0
eclipse.pde.ui-20120217-1437,org.eclipse.pde.internal.core.product,ProductModelFactory,createWindowImages,3,1,0
eclipse.pde.ui-20120217-1437,org.eclipse.pde.internal.core.product,ProductModelFactory,createSplashInfo,3,1,0
eclipse.pde.ui-20120217-1437,org.eclipse.pde.internal.core.product,ProductModelFactory,createLauncherInfo,3,1,0
eclipse.pde.ui-20120217-1437,org.eclipse.pde.internal.core.product,ProductModelFactory,createFeature,3,1,0
eclipse.pde.ui-20120217-1437,org.eclipse.pde.internal.core.product,ProductModelFactory,createLauncherArguments,3,1,0
eclipse.pde.ui-20120217-1437,org.eclipse.pde.internal.core.product,ProductModelFactory,createIntroInfo,3,1,0
eclipse.pde.ui-20120217-1437,org.eclipse.pde.internal.core.product,ProductModelFactory,createJVMInfo,3,1,0
eclipse.pde.ui-20120217-1437,org.eclipse.pde.internal.core.product,ProductModelFactory,createLicenseInfo,3,1,0
eclipse.pde.ui-20120217-1437,org.eclipse.pde.internal.core.product,ProductObject,ProductObject,3,1,1
eclipse.pde.ui-20120217-1437,org.eclipse.pde.internal.core.product,ProductObject,getModel,3,1,0
eclipse.pde.ui-20120217-1437,org.eclipse.pde.internal.core.product,ProductObject,setModel,3,1,1
eclipse.pde.ui-20120217-1437,org.eclipse.pde.internal.core.product,ProductObject,getProduct,3,1,0
eclipse.pde.ui-20120217-1437,org.eclipse.pde.internal.core.product,ProductObject,firePropertyChanged,3,1,3
eclipse.pde.ui-20120217-1437,org.eclipse.pde.internal.core.product,ProductObject,firePropertyChanged,6,2,4
eclipse.pde.ui-20120217-1437,org.eclipse.pde.internal.core.product,ProductObject,fireStructureChanged,3,1,2
eclipse.pde.ui-20120217-1437,org.eclipse.pde.internal.core.product,ProductObject,fireStructureChanged,6,2,2
eclipse.pde.ui-20120217-1437,org.eclipse.pde.internal.core.product,ProductObject,isEditable,3,1,0
eclipse.pde.ui-20120217-1437,org.eclipse.pde.internal.core.product,ProductObject,getWritableString,3,1,1
eclipse.pde.ui-20120217-1437,org.eclipse.pde.internal.core.product,ProductPlugin,ProductPlugin,3,1,1
eclipse.pde.ui-20120217-1437,org.eclipse.pde.internal.core.product,ProductPlugin,parse,8,2,1
eclipse.pde.ui-20120217-1437,org.eclipse.pde.internal.core.product,ProductPlugin,write,15,5,2
eclipse.pde.ui-20120217-1437,org.eclipse.pde.internal.core.product,ProductPlugin,getId,3,1,0
eclipse.pde.ui-20120217-1437,org.eclipse.pde.internal.core.product,ProductPlugin,setId,3,1,1
eclipse.pde.ui-20120217-1437,org.eclipse.pde.internal.core.product,ProductPlugin,getVersion,3,1,0
eclipse.pde.ui-20120217-1437,org.eclipse.pde.internal.core.product,ProductPlugin,setVersion,5,2,1
eclipse.pde.ui-20120217-1437,org.eclipse.pde.internal.core.product,SplashInfo,SplashInfo,3,1,1
eclipse.pde.ui-20120217-1437,org.eclipse.pde.internal.core.product,SplashInfo,setLocation,5,2,2
eclipse.pde.ui-20120217-1437,org.eclipse.pde.internal.core.product,SplashInfo,getLocation,3,1,0
eclipse.pde.ui-20120217-1437,org.eclipse.pde.internal.core.product,SplashInfo,parse,10,2,1
eclipse.pde.ui-20120217-1437,org.eclipse.pde.internal.core.product,SplashInfo,write,14,7,2
eclipse.pde.ui-20120217-1437,org.eclipse.pde.internal.core.product,SplashInfo,writeProperty,4,1,4
eclipse.pde.ui-20120217-1437,org.eclipse.pde.internal.core.product,SplashInfo,setProgressGeometry,6,2,2
eclipse.pde.ui-20120217-1437,org.eclipse.pde.internal.core.product,SplashInfo,getProgressGeometry,3,1,0
eclipse.pde.ui-20120217-1437,org.eclipse.pde.internal.core.product,SplashInfo,setMessageGeometry,6,2,2
eclipse.pde.ui-20120217-1437,org.eclipse.pde.internal.core.product,SplashInfo,getMessageGeometry,3,1,0
eclipse.pde.ui-20120217-1437,org.eclipse.pde.internal.core.product,SplashInfo,setForegroundColor,8,4,2
eclipse.pde.ui-20120217-1437,org.eclipse.pde.internal.core.product,SplashInfo,getForegroundColor,3,1,0
eclipse.pde.ui-20120217-1437,org.eclipse.pde.internal.core.product,SplashInfo,getGeometryString,4,2,1
eclipse.pde.ui-20120217-1437,org.eclipse.pde.internal.core.product,SplashInfo,getGeometryArray,8,3,1
eclipse.pde.ui-20120217-1437,org.eclipse.pde.internal.core.product,SplashInfo,isValidHexValue,14,6,1
eclipse.pde.ui-20120217-1437,org.eclipse.pde.internal.core.product,SplashInfo,hasData,3,1,0
eclipse.pde.ui-20120217-1437,org.eclipse.pde.internal.core.product,SplashInfo,isDefinedSplashHandlerType,6,2,0
eclipse.pde.ui-20120217-1437,org.eclipse.pde.internal.core.product,SplashInfo,addProgressBar,7,3,2
eclipse.pde.ui-20120217-1437,org.eclipse.pde.internal.core.product,SplashInfo,addProgressMessage,13,3,2
eclipse.pde.ui-20120217-1437,org.eclipse.pde.internal.core.product,SplashInfo,getFieldSplashHandlerType,3,1,0
eclipse.pde.ui-20120217-1437,org.eclipse.pde.internal.core.product,SplashInfo,setFieldSplashHandlerType,7,2,2
eclipse.pde.ui-20120217-1437,org.eclipse.pde.internal.core.product,SplashInfo,isDefinedGeometry,6,2,0
eclipse.pde.ui-20120217-1437,org.eclipse.pde.internal.core.product,WindowImages,WindowImages,3,1,1
eclipse.pde.ui-20120217-1437,org.eclipse.pde.internal.core.product,WindowImages,getImagePath,15,6,1
eclipse.pde.ui-20120217-1437,org.eclipse.pde.internal.core.product,WindowImages,setImagePath,30,11,2
eclipse.pde.ui-20120217-1437,org.eclipse.pde.internal.core.product,WindowImages,parse,12,4,1
eclipse.pde.ui-20120217-1437,org.eclipse.pde.internal.core.product,WindowImages,write,19,6,2
eclipse.pde.ui-20120217-1437,org.eclipse.pde.internal.core.product,WorkspaceProductModel,WorkspaceProductModel,4,1,2
eclipse.pde.ui-20120217-1437,org.eclipse.pde.internal.core.product,WorkspaceProductModel,load,28,4,0
eclipse.pde.ui-20120217-1437,org.eclipse.pde.internal.core.product,WorkspaceProductModel,isInSync,4,1,0
eclipse.pde.ui-20120217-1437,org.eclipse.pde.internal.core.product,WorkspaceProductModel,getUnderlyingResource,3,1,0
eclipse.pde.ui-20120217-1437,org.eclipse.pde.internal.core.product,WorkspaceProductModel,getInstallLocation,3,1,0
eclipse.pde.ui-20120217-1437,org.eclipse.pde.internal.core.product,WorkspaceProductModel,save,28,3,0
eclipse.pde.ui-20120217-1437,org.eclipse.pde.internal.core.product,WorkspaceProductModel,getContents,14,1,0
eclipse.pde.ui-20120217-1437,org.eclipse.pde.internal.core.product,WorkspaceProductModel,isDirty,3,1,0
eclipse.pde.ui-20120217-1437,org.eclipse.pde.internal.core.product,WorkspaceProductModel,save,9,2,1
eclipse.pde.ui-20120217-1437,org.eclipse.pde.internal.core.product,WorkspaceProductModel,setDirty,3,1,1
eclipse.pde.ui-20120217-1437,org.eclipse.pde.internal.core.product,WorkspaceProductModel,fireModelChanged,4,1,1
eclipse.pde.ui-20120217-1437,org.eclipse.pde.internal.core.product,WorkspaceProductModel,isEditable,3,1,0
eclipse.pde.ui-20120217-1437,org.eclipse.pde.internal.core.product,WorkspaceProductModel,reload,12,2,0
eclipse.pde.ui-20120217-1437,org.eclipse.pde.internal.core.project,BundleClasspathSpecification,BundleClasspathSpecification,5,1,3
eclipse.pde.ui-20120217-1437,org.eclipse.pde.internal.core.project,BundleClasspathSpecification,getSourcePath,3,1,0
eclipse.pde.ui-20120217-1437,org.eclipse.pde.internal.core.project,BundleClasspathSpecification,getBinaryPath,3,1,0
eclipse.pde.ui-20120217-1437,org.eclipse.pde.internal.core.project,BundleClasspathSpecification,getLibrary,3,1,0
eclipse.pde.ui-20120217-1437,org.eclipse.pde.internal.core.project,BundleClasspathSpecification,equals,7,2,1
eclipse.pde.ui-20120217-1437,org.eclipse.pde.internal.core.project,BundleClasspathSpecification,equalOrNull,9,3,2
eclipse.pde.ui-20120217-1437,org.eclipse.pde.internal.core.project,BundleClasspathSpecification,hashCode,13,4,0
eclipse.pde.ui-20120217-1437,org.eclipse.pde.internal.core.project,BundleClasspathSpecification,toString,12,1,0
eclipse.pde.ui-20120217-1437,org.eclipse.pde.internal.core.project,BundleProjectDescription,BundleProjectDescription,6,2,1
eclipse.pde.ui-20120217-1437,org.eclipse.pde.internal.core.project,BundleProjectDescription,getBundleProjectService,6,2,0
eclipse.pde.ui-20120217-1437,org.eclipse.pde.internal.core.project,BundleProjectDescription,getBuildModel,9,2,1
eclipse.pde.ui-20120217-1437,org.eclipse.pde.internal.core.project,BundleProjectDescription,getHeaderValue,9,3,2
eclipse.pde.ui-20120217-1437,org.eclipse.pde.internal.core.project,BundleProjectDescription,parseHeader,15,3,2
eclipse.pde.ui-20120217-1437,org.eclipse.pde.internal.core.project,BundleProjectDescription,initialize,182,41,1
eclipse.pde.ui-20120217-1437,org.eclipse.pde.internal.core.project,BundleProjectDescription,getClasspathEntries,14,4,3
eclipse.pde.ui-20120217-1437,org.eclipse.pde.internal.core.project,BundleProjectDescription,getClasspathEntries,43,10,3
eclipse.pde.ui-20120217-1437,org.eclipse.pde.internal.core.project,BundleProjectDescription,getRange,6,2,1
eclipse.pde.ui-20120217-1437,org.eclipse.pde.internal.core.project,BundleProjectDescription,getVersion,6,2,1
eclipse.pde.ui-20120217-1437,org.eclipse.pde.internal.core.project,BundleProjectDescription,apply,5,1,1
eclipse.pde.ui-20120217-1437,org.eclipse.pde.internal.core.project,BundleProjectDescription,setSymbolicName,3,1,1
eclipse.pde.ui-20120217-1437,org.eclipse.pde.internal.core.project,BundleProjectDescription,getSymbolicName,3,1,0
eclipse.pde.ui-20120217-1437,org.eclipse.pde.internal.core.project,BundleProjectDescription,setLocationURI,3,1,1
eclipse.pde.ui-20120217-1437,org.eclipse.pde.internal.core.project,BundleProjectDescription,getLocationURI,3,1,0
eclipse.pde.ui-20120217-1437,org.eclipse.pde.internal.core.project,BundleProjectDescription,setBundleName,3,1,1
eclipse.pde.ui-20120217-1437,org.eclipse.pde.internal.core.project,BundleProjectDescription,getBundleName,3,1,0
eclipse.pde.ui-20120217-1437,org.eclipse.pde.internal.core.project,BundleProjectDescription,setBundleVendor,3,1,1
eclipse.pde.ui-20120217-1437,org.eclipse.pde.internal.core.project,BundleProjectDescription,getBundleVendor,3,1,0
eclipse.pde.ui-20120217-1437,org.eclipse.pde.internal.core.project,BundleProjectDescription,setBundleVersion,3,1,1
eclipse.pde.ui-20120217-1437,org.eclipse.pde.internal.core.project,BundleProjectDescription,getBundleVersion,3,1,0
eclipse.pde.ui-20120217-1437,org.eclipse.pde.internal.core.project,BundleProjectDescription,setSingleton,3,1,1
eclipse.pde.ui-20120217-1437,org.eclipse.pde.internal.core.project,BundleProjectDescription,isSingleton,3,1,0
eclipse.pde.ui-20120217-1437,org.eclipse.pde.internal.core.project,BundleProjectDescription,setLocalization,3,1,1
eclipse.pde.ui-20120217-1437,org.eclipse.pde.internal.core.project,BundleProjectDescription,getLocalization,3,1,0
eclipse.pde.ui-20120217-1437,org.eclipse.pde.internal.core.project,BundleProjectDescription,getNatureIds,8,2,0
eclipse.pde.ui-20120217-1437,org.eclipse.pde.internal.core.project,BundleProjectDescription,setNatureIds,8,2,1
eclipse.pde.ui-20120217-1437,org.eclipse.pde.internal.core.project,BundleProjectDescription,hasNature,10,4,1
eclipse.pde.ui-20120217-1437,org.eclipse.pde.internal.core.project,BundleProjectDescription,setHost,3,1,1
eclipse.pde.ui-20120217-1437,org.eclipse.pde.internal.core.project,BundleProjectDescription,getHost,3,1,0
eclipse.pde.ui-20120217-1437,org.eclipse.pde.internal.core.project,BundleProjectDescription,setDefaultOutputFolder,3,1,1
eclipse.pde.ui-20120217-1437,org.eclipse.pde.internal.core.project,BundleProjectDescription,getDefaultOutputFolder,3,1,0
eclipse.pde.ui-20120217-1437,org.eclipse.pde.internal.core.project,BundleProjectDescription,setExecutionEnvironments,3,1,1
eclipse.pde.ui-20120217-1437,org.eclipse.pde.internal.core.project,BundleProjectDescription,getExecutionEnvironments,3,1,0
eclipse.pde.ui-20120217-1437,org.eclipse.pde.internal.core.project,BundleProjectDescription,getBundleClasspath,3,1,0
eclipse.pde.ui-20120217-1437,org.eclipse.pde.internal.core.project,BundleProjectDescription,setActivator,3,1,1
eclipse.pde.ui-20120217-1437,org.eclipse.pde.internal.core.project,BundleProjectDescription,getActivator,3,1,0
eclipse.pde.ui-20120217-1437,org.eclipse.pde.internal.core.project,BundleProjectDescription,setTargetVersion,3,1,1
eclipse.pde.ui-20120217-1437,org.eclipse.pde.internal.core.project,BundleProjectDescription,getTargetVersion,3,1,0
eclipse.pde.ui-20120217-1437,org.eclipse.pde.internal.core.project,BundleProjectDescription,setEquinox,3,1,1
eclipse.pde.ui-20120217-1437,org.eclipse.pde.internal.core.project,BundleProjectDescription,isEquinox,3,1,0
eclipse.pde.ui-20120217-1437,org.eclipse.pde.internal.core.project,BundleProjectDescription,setRequiredBundles,3,1,1
eclipse.pde.ui-20120217-1437,org.eclipse.pde.internal.core.project,BundleProjectDescription,getRequiredBundles,3,1,0
eclipse.pde.ui-20120217-1437,org.eclipse.pde.internal.core.project,BundleProjectDescription,setPackageImports,3,1,1
eclipse.pde.ui-20120217-1437,org.eclipse.pde.internal.core.project,BundleProjectDescription,getPackageImports,3,1,0
eclipse.pde.ui-20120217-1437,org.eclipse.pde.internal.core.project,BundleProjectDescription,setPackageExports,3,1,1
eclipse.pde.ui-20120217-1437,org.eclipse.pde.internal.core.project,BundleProjectDescription,getPackageExports,3,1,0
eclipse.pde.ui-20120217-1437,org.eclipse.pde.internal.core.project,BundleProjectDescription,getProject,3,1,0
eclipse.pde.ui-20120217-1437,org.eclipse.pde.internal.core.project,BundleProjectDescription,setBundleClassath,3,1,1
eclipse.pde.ui-20120217-1437,org.eclipse.pde.internal.core.project,BundleProjectDescription,setBundleClasspath,3,1,1
eclipse.pde.ui-20120217-1437,org.eclipse.pde.internal.core.project,BundleProjectDescription,setBinIncludes,3,1,1
eclipse.pde.ui-20120217-1437,org.eclipse.pde.internal.core.project,BundleProjectDescription,getBinIncludes,3,1,0
eclipse.pde.ui-20120217-1437,org.eclipse.pde.internal.core.project,BundleProjectDescription,setBundleRoot,3,1,1
eclipse.pde.ui-20120217-1437,org.eclipse.pde.internal.core.project,BundleProjectDescription,getBundleRoot,3,1,0
eclipse.pde.ui-20120217-1437,org.eclipse.pde.internal.core.project,BundleProjectDescription,isExtensionRegistry,3,1,0
eclipse.pde.ui-20120217-1437,org.eclipse.pde.internal.core.project,BundleProjectDescription,setExtensionRegistry,3,1,1
eclipse.pde.ui-20120217-1437,org.eclipse.pde.internal.core.project,BundleProjectDescription,getLaunchShortcuts,3,1,0
eclipse.pde.ui-20120217-1437,org.eclipse.pde.internal.core.project,BundleProjectDescription,setLaunchShortcuts,3,1,1
eclipse.pde.ui-20120217-1437,org.eclipse.pde.internal.core.project,BundleProjectDescription,getExportWizardId,3,1,0
eclipse.pde.ui-20120217-1437,org.eclipse.pde.internal.core.project,BundleProjectDescription,setExportWizardId,3,1,1
eclipse.pde.ui-20120217-1437,org.eclipse.pde.internal.core.project,BundleProjectDescription,setActivationPolicy,8,2,1
eclipse.pde.ui-20120217-1437,org.eclipse.pde.internal.core.project,BundleProjectDescription,getActivationPolicy,3,1,0
eclipse.pde.ui-20120217-1437,org.eclipse.pde.internal.core.project,BundleProjectDescription,setHeader,3,1,2
eclipse.pde.ui-20120217-1437,org.eclipse.pde.internal.core.project,BundleProjectDescription,getHeader,15,5,1
eclipse.pde.ui-20120217-1437,org.eclipse.pde.internal.core.project,BundleProjectDescription,getExtraHeaders,3,1,0
eclipse.pde.ui-20120217-1437,org.eclipse.pde.internal.core.project,BundleProjectService,getDefault,6,2,0
eclipse.pde.ui-20120217-1437,org.eclipse.pde.internal.core.project,BundleProjectService,BundleProjectService,2,1,0
eclipse.pde.ui-20120217-1437,org.eclipse.pde.internal.core.project,BundleProjectService,getDescription,3,1,1
eclipse.pde.ui-20120217-1437,org.eclipse.pde.internal.core.project,BundleProjectService,newHost,3,1,2
eclipse.pde.ui-20120217-1437,org.eclipse.pde.internal.core.project,BundleProjectService,newPackageImport,3,1,3
eclipse.pde.ui-20120217-1437,org.eclipse.pde.internal.core.project,BundleProjectService,newPackageExport,3,1,4
eclipse.pde.ui-20120217-1437,org.eclipse.pde.internal.core.project,BundleProjectService,newRequiredBundle,3,1,4
eclipse.pde.ui-20120217-1437,org.eclipse.pde.internal.core.project,BundleProjectService,newBundleClasspathEntry,3,1,3
eclipse.pde.ui-20120217-1437,org.eclipse.pde.internal.core.project,BundleProjectService,setBundleRoot,3,1,2
eclipse.pde.ui-20120217-1437,org.eclipse.pde.internal.core.project,BundleProjectService,getSourceReferenceHandler,3,1,1
eclipse.pde.ui-20120217-1437,org.eclipse.pde.internal.core.project,BundleProjectService,getImportDescriptions,37,9,1
eclipse.pde.ui-20120217-1437,org.eclipse.pde.internal.core.project,BundleProjectService,loadManifest,33,5,1
eclipse.pde.ui-20120217-1437,org.eclipse.pde.internal.core.project,BundleProjectService,closeZipFileAndStream,18,3,2
eclipse.pde.ui-20120217-1437,org.eclipse.pde.internal.core.project,HostDescriptoin,HostDescriptoin,3,1,2
eclipse.pde.ui-20120217-1437,org.eclipse.pde.internal.core.project,Messages,Messages,2,1,0
eclipse.pde.ui-20120217-1437,org.eclipse.pde.internal.core.project,PDEProject,getBundleRoot,12,3,1
eclipse.pde.ui-20120217-1437,org.eclipse.pde.internal.core.project,PDEProject,getLaunchShortcuts,11,3,1
eclipse.pde.ui-20120217-1437,org.eclipse.pde.internal.core.project,PDEProject,getExportWizard,8,2,1
eclipse.pde.ui-20120217-1437,org.eclipse.pde.internal.core.project,PDEProject,setBundleRoot,36,7,2
eclipse.pde.ui-20120217-1437,org.eclipse.pde.internal.core.project,PDEProject,getManifest,3,1,1
eclipse.pde.ui-20120217-1437,org.eclipse.pde.internal.core.project,PDEProject,getBuildProperties,3,1,1
eclipse.pde.ui-20120217-1437,org.eclipse.pde.internal.core.project,PDEProject,getPluginXml,3,1,1
eclipse.pde.ui-20120217-1437,org.eclipse.pde.internal.core.project,PDEProject,getFragmentXml,3,1,1
eclipse.pde.ui-20120217-1437,org.eclipse.pde.internal.core.project,PDEProject,getFeatureXml,3,1,1
eclipse.pde.ui-20120217-1437,org.eclipse.pde.internal.core.project,PDEProject,getOptionsFile,3,1,1
eclipse.pde.ui-20120217-1437,org.eclipse.pde.internal.core.project,PDEProject,getOSGiInf,3,1,1
eclipse.pde.ui-20120217-1437,org.eclipse.pde.internal.core.project,PDEProject,getMetaInf,3,1,1
eclipse.pde.ui-20120217-1437,org.eclipse.pde.internal.core.project,PDEProject,getBundleRelativeFile,3,1,2
eclipse.pde.ui-20120217-1437,org.eclipse.pde.internal.core.project,PDEProject,getBundleRelativeFolder,3,1,2
eclipse.pde.ui-20120217-1437,org.eclipse.pde.internal.core.project,PDEProject,getLocalizationFile,5,1,1
eclipse.pde.ui-20120217-1437,org.eclipse.pde.internal.core.project,PackageExportDescription,PackageExportDescription,9,2,4
eclipse.pde.ui-20120217-1437,org.eclipse.pde.internal.core.project,PackageExportDescription,getVersion,3,1,0
eclipse.pde.ui-20120217-1437,org.eclipse.pde.internal.core.project,PackageExportDescription,getFriends,3,1,0
eclipse.pde.ui-20120217-1437,org.eclipse.pde.internal.core.project,PackageExportDescription,isApi,3,1,0
eclipse.pde.ui-20120217-1437,org.eclipse.pde.internal.core.project,PackageExportDescription,getName,3,1,0
eclipse.pde.ui-20120217-1437,org.eclipse.pde.internal.core.project,PackageExportDescription,equals,7,2,1
eclipse.pde.ui-20120217-1437,org.eclipse.pde.internal.core.project,PackageExportDescription,hashCode,15,5,0
eclipse.pde.ui-20120217-1437,org.eclipse.pde.internal.core.project,PackageExportDescription,equalOrNull,9,3,2
eclipse.pde.ui-20120217-1437,org.eclipse.pde.internal.core.project,PackageExportDescription,equalOrNull,17,6,2
eclipse.pde.ui-20120217-1437,org.eclipse.pde.internal.core.project,PackageExportDescription,toString,25,6,0
eclipse.pde.ui-20120217-1437,org.eclipse.pde.internal.core.project,PackageImportDescription,PackageImportDescription,3,1,3
eclipse.pde.ui-20120217-1437,org.eclipse.pde.internal.core.project,ProjectModifyOperation,execute,119,24,2
eclipse.pde.ui-20120217-1437,org.eclipse.pde.internal.core.project,ProjectModifyOperation,getModel,3,1,0
eclipse.pde.ui-20120217-1437,org.eclipse.pde.internal.core.project,ProjectModifyOperation,configureJavaProject,69,19,3
eclipse.pde.ui-20120217-1437,org.eclipse.pde.internal.core.project,ProjectModifyOperation,isEqual,17,6,2
eclipse.pde.ui-20120217-1437,org.eclipse.pde.internal.core.project,ProjectModifyOperation,isEqual,9,3,2
eclipse.pde.ui-20120217-1437,org.eclipse.pde.internal.core.project,ProjectModifyOperation,getClassPathEntries,14,2,2
eclipse.pde.ui-20120217-1437,org.eclipse.pde.internal.core.project,ProjectModifyOperation,getSourceFolderEntries,29,7,2
eclipse.pde.ui-20120217-1437,org.eclipse.pde.internal.core.project,ProjectModifyOperation,createProject,11,3,1
eclipse.pde.ui-20120217-1437,org.eclipse.pde.internal.core.project,ProjectModifyOperation,configureNatures,18,4,1
eclipse.pde.ui-20120217-1437,org.eclipse.pde.internal.core.project,ProjectModifyOperation,configureManifest,226,53,2
eclipse.pde.ui-20120217-1437,org.eclipse.pde.internal.core.project,ProjectModifyOperation,getTargetVersion,6,2,1
eclipse.pde.ui-20120217-1437,org.eclipse.pde.internal.core.project,ProjectModifyOperation,getLibraryNames,16,4,1
eclipse.pde.ui-20120217-1437,org.eclipse.pde.internal.core.project,ProjectModifyOperation,configureBundleClasspath,24,7,2
eclipse.pde.ui-20120217-1437,org.eclipse.pde.internal.core.project,ProjectModifyOperation,configureBuildPropertiesFile,16,3,2
eclipse.pde.ui-20120217-1437,org.eclipse.pde.internal.core.project,ProjectModifyOperation,fillBinIncludes,58,18,4
eclipse.pde.ui-20120217-1437,org.eclipse.pde.internal.core.project,ProjectModifyOperation,createSourceOutputBuildEntries,49,13,4
eclipse.pde.ui-20120217-1437,org.eclipse.pde.internal.core.project,ProjectModifyOperation,getBuildEntry,8,2,3
eclipse.pde.ui-20120217-1437,org.eclipse.pde.internal.core.project,ProjectModifyOperation,removeBuildEntry,6,2,2
eclipse.pde.ui-20120217-1437,org.eclipse.pde.internal.core.project,RequiredBundleDescription,RequiredBundleDescription,3,1,4
eclipse.pde.ui-20120217-1437,org.eclipse.pde.internal.core.project,RequirementSpecification,RequirementSpecification,6,1,4
eclipse.pde.ui-20120217-1437,org.eclipse.pde.internal.core.project,RequirementSpecification,getName,3,1,0
eclipse.pde.ui-20120217-1437,org.eclipse.pde.internal.core.project,RequirementSpecification,getVersionRange,3,1,0
eclipse.pde.ui-20120217-1437,org.eclipse.pde.internal.core.project,RequirementSpecification,isExported,3,1,0
eclipse.pde.ui-20120217-1437,org.eclipse.pde.internal.core.project,RequirementSpecification,equals,7,2,1
eclipse.pde.ui-20120217-1437,org.eclipse.pde.internal.core.project,RequirementSpecification,hashCode,13,4,0
eclipse.pde.ui-20120217-1437,org.eclipse.pde.internal.core.project,RequirementSpecification,equalOrNull,9,3,2
eclipse.pde.ui-20120217-1437,org.eclipse.pde.internal.core.project,RequirementSpecification,isOptional,3,1,0
eclipse.pde.ui-20120217-1437,org.eclipse.pde.internal.core.project,RequirementSpecification,toString,15,4,0
eclipse.pde.ui-20120217-1437,org.eclipse.pde.internal.core.schema,BaseSchemaHandler,BaseSchemaHandler,3,1,0
eclipse.pde.ui-20120217-1437,org.eclipse.pde.internal.core.schema,BaseSchemaHandler,reset,3,1,0
eclipse.pde.ui-20120217-1437,org.eclipse.pde.internal.core.schema,BaseSchemaHandler,startDocument,3,1,0
eclipse.pde.ui-20120217-1437,org.eclipse.pde.internal.core.schema,BaseSchemaHandler,startElement,3,1,4
eclipse.pde.ui-20120217-1437,org.eclipse.pde.internal.core.schema,BaseSchemaHandler,endElement,8,2,3
eclipse.pde.ui-20120217-1437,org.eclipse.pde.internal.core.schema,BaseSchemaHandler,resolveEntity,3,1,2
eclipse.pde.ui-20120217-1437,org.eclipse.pde.internal.core.schema,ChoiceRestriction,ChoiceRestriction,3,1,1
eclipse.pde.ui-20120217-1437,org.eclipse.pde.internal.core.schema,ChoiceRestriction,ChoiceRestriction,8,2,1
eclipse.pde.ui-20120217-1437,org.eclipse.pde.internal.core.schema,ChoiceRestriction,getBaseType,3,1,0
eclipse.pde.ui-20120217-1437,org.eclipse.pde.internal.core.schema,ChoiceRestriction,getChildren,3,1,0
eclipse.pde.ui-20120217-1437,org.eclipse.pde.internal.core.schema,ChoiceRestriction,getChoicesAsStrings,11,3,0
eclipse.pde.ui-20120217-1437,org.eclipse.pde.internal.core.schema,ChoiceRestriction,getParent,4,2,0
eclipse.pde.ui-20120217-1437,org.eclipse.pde.internal.core.schema,ChoiceRestriction,isValueValid,9,4,1
eclipse.pde.ui-20120217-1437,org.eclipse.pde.internal.core.schema,ChoiceRestriction,setBaseType,3,1,1
eclipse.pde.ui-20120217-1437,org.eclipse.pde.internal.core.schema,ChoiceRestriction,setChildren,5,2,1
eclipse.pde.ui-20120217-1437,org.eclipse.pde.internal.core.schema,ChoiceRestriction,toString,13,5,0
eclipse.pde.ui-20120217-1437,org.eclipse.pde.internal.core.schema,ChoiceRestriction,write,11,3,2
eclipse.pde.ui-20120217-1437,org.eclipse.pde.internal.core.schema,DocumentSection,DocumentSection,4,1,3
eclipse.pde.ui-20120217-1437,org.eclipse.pde.internal.core.schema,DocumentSection,getSectionId,3,1,0
eclipse.pde.ui-20120217-1437,org.eclipse.pde.internal.core.schema,DocumentSection,write,14,2,2
eclipse.pde.ui-20120217-1437,org.eclipse.pde.internal.core.schema,DocumentSection,equals,4,2,1
eclipse.pde.ui-20120217-1437,org.eclipse.pde.internal.core.schema,DocumentSection,compareTo,10,4,1
eclipse.pde.ui-20120217-1437,org.eclipse.pde.internal.core.schema,DocumentSection,getIndex,7,4,1
eclipse.pde.ui-20120217-1437,org.eclipse.pde.internal.core.schema,EditableSchema,EditableSchema,3,1,3
eclipse.pde.ui-20120217-1437,org.eclipse.pde.internal.core.schema,EditableSchema,EditableSchema,3,1,4
eclipse.pde.ui-20120217-1437,org.eclipse.pde.internal.core.schema,EditableSchema,fireModelChanged,4,2,1
eclipse.pde.ui-20120217-1437,org.eclipse.pde.internal.core.schema,EditableSchema,isDirty,3,1,0
eclipse.pde.ui-20120217-1437,org.eclipse.pde.internal.core.schema,EditableSchema,isEditable,3,1,0
eclipse.pde.ui-20120217-1437,org.eclipse.pde.internal.core.schema,EditableSchema,save,4,1,1
eclipse.pde.ui-20120217-1437,org.eclipse.pde.internal.core.schema,EditableSchema,setDirty,3,1,1
eclipse.pde.ui-20120217-1437,org.eclipse.pde.internal.core.schema,IncludedSchemaDescriptor,IncludedSchemaDescriptor,5,2,1
eclipse.pde.ui-20120217-1437,org.eclipse.pde.internal.core.schema,IncludedSchemaDescriptor,computeURL,11,3,2
eclipse.pde.ui-20120217-1437,org.eclipse.pde.internal.core.schema,IncludedSchemaDescriptor,getPluginRelativePath,20,6,3
eclipse.pde.ui-20120217-1437,org.eclipse.pde.internal.core.schema,IncludedSchemaDescriptor,isEnabled,3,1,0
eclipse.pde.ui-20120217-1437,org.eclipse.pde.internal.core.schema,IncludedSchemaDescriptor,getPointId,7,2,0
eclipse.pde.ui-20120217-1437,org.eclipse.pde.internal.core.schema,IncludedSchemaDescriptor,getSchemaURL,3,1,0
eclipse.pde.ui-20120217-1437,org.eclipse.pde.internal.core.schema,IncludedSchemaDescriptor,getSchema,7,2,1
eclipse.pde.ui-20120217-1437,org.eclipse.pde.internal.core.schema,IncludedSchemaDescriptor,isStandalone,3,1,0
eclipse.pde.ui-20120217-1437,org.eclipse.pde.internal.core.schema,IncludedSchemaDescriptor,getLastModified,3,1,0
eclipse.pde.ui-20120217-1437,org.eclipse.pde.internal.core.schema,RepeatableSchemaObject,RepeatableSchemaObject,3,1,2
eclipse.pde.ui-20120217-1437,org.eclipse.pde.internal.core.schema,RepeatableSchemaObject,getMaxOccurs,3,1,0
eclipse.pde.ui-20120217-1437,org.eclipse.pde.internal.core.schema,RepeatableSchemaObject,getMinOccurs,3,1,0
eclipse.pde.ui-20120217-1437,org.eclipse.pde.internal.core.schema,RepeatableSchemaObject,isRequired,3,1,0
eclipse.pde.ui-20120217-1437,org.eclipse.pde.internal.core.schema,RepeatableSchemaObject,isUnbounded,3,1,0
eclipse.pde.ui-20120217-1437,org.eclipse.pde.internal.core.schema,RepeatableSchemaObject,setMaxOccurs,5,1,1
eclipse.pde.ui-20120217-1437,org.eclipse.pde.internal.core.schema,RepeatableSchemaObject,setMinOccurs,5,1,1
eclipse.pde.ui-20120217-1437,org.eclipse.pde.internal.core.schema,Schema,Schema,6,1,4
eclipse.pde.ui-20120217-1437,org.eclipse.pde.internal.core.schema,Schema,Schema,5,1,3
eclipse.pde.ui-20120217-1437,org.eclipse.pde.internal.core.schema,Schema,addDocumentSection,4,1,1
eclipse.pde.ui-20120217-1437,org.eclipse.pde.internal.core.schema,Schema,addElement,3,1,1
eclipse.pde.ui-20120217-1437,org.eclipse.pde.internal.core.schema,Schema,addElement,9,3,2
eclipse.pde.ui-20120217-1437,org.eclipse.pde.internal.core.schema,Schema,addInclude,5,2,1
eclipse.pde.ui-20120217-1437,org.eclipse.pde.internal.core.schema,Schema,removeInclude,5,2,1
eclipse.pde.ui-20120217-1437,org.eclipse.pde.internal.core.schema,Schema,addModelChangedListener,3,1,1
eclipse.pde.ui-20120217-1437,org.eclipse.pde.internal.core.schema,Schema,collectElements,12,5,2
eclipse.pde.ui-20120217-1437,org.eclipse.pde.internal.core.schema,Schema,dispose,10,3,0
eclipse.pde.ui-20120217-1437,org.eclipse.pde.internal.core.schema,Schema,findElement,17,8,1
eclipse.pde.ui-20120217-1437,org.eclipse.pde.internal.core.schema,Schema,fireModelChanged,7,3,1
eclipse.pde.ui-20120217-1437,org.eclipse.pde.internal.core.schema,Schema,fireModelObjectChanged,3,1,4
eclipse.pde.ui-20120217-1437,org.eclipse.pde.internal.core.schema,Schema,getAttribute,9,3,2
eclipse.pde.ui-20120217-1437,org.eclipse.pde.internal.core.schema,Schema,getCandidateChildren,11,3,1
eclipse.pde.ui-20120217-1437,org.eclipse.pde.internal.core.schema,Schema,getDescription,3,1,0
eclipse.pde.ui-20120217-1437,org.eclipse.pde.internal.core.schema,Schema,isValid,3,1,0
eclipse.pde.ui-20120217-1437,org.eclipse.pde.internal.core.schema,Schema,getDocumentSections,5,1,0
eclipse.pde.ui-20120217-1437,org.eclipse.pde.internal.core.schema,Schema,getElementCount,3,1,0
eclipse.pde.ui-20120217-1437,org.eclipse.pde.internal.core.schema,Schema,getResolvedElementCount,12,4,0
eclipse.pde.ui-20120217-1437,org.eclipse.pde.internal.core.schema,Schema,getElements,6,2,0
eclipse.pde.ui-20120217-1437,org.eclipse.pde.internal.core.schema,Schema,getElementNames,6,2,0
eclipse.pde.ui-20120217-1437,org.eclipse.pde.internal.core.schema,Schema,getResolvedElements,13,6,0
eclipse.pde.ui-20120217-1437,org.eclipse.pde.internal.core.schema,Schema,getIncludes,4,2,0
eclipse.pde.ui-20120217-1437,org.eclipse.pde.internal.core.schema,Schema,getName,3,1,0
eclipse.pde.ui-20120217-1437,org.eclipse.pde.internal.core.schema,Schema,getNormalizedText,6,2,1
eclipse.pde.ui-20120217-1437,org.eclipse.pde.internal.core.schema,Schema,getParent,3,1,0
eclipse.pde.ui-20120217-1437,org.eclipse.pde.internal.core.schema,Schema,setParent,2,1,1
eclipse.pde.ui-20120217-1437,org.eclipse.pde.internal.core.schema,Schema,getElementAt,3,1,1
eclipse.pde.ui-20120217-1437,org.eclipse.pde.internal.core.schema,Schema,getQualifiedPointId,3,1,0
eclipse.pde.ui-20120217-1437,org.eclipse.pde.internal.core.schema,Schema,getPluginId,3,1,0
eclipse.pde.ui-20120217-1437,org.eclipse.pde.internal.core.schema,Schema,getPointId,3,1,0
eclipse.pde.ui-20120217-1437,org.eclipse.pde.internal.core.schema,Schema,getSchema,3,1,0
eclipse.pde.ui-20120217-1437,org.eclipse.pde.internal.core.schema,Schema,getSchemaDescriptor,3,1,0
eclipse.pde.ui-20120217-1437,org.eclipse.pde.internal.core.schema,Schema,getURL,3,1,0
eclipse.pde.ui-20120217-1437,org.eclipse.pde.internal.core.schema,Schema,indexOf,3,1,1
eclipse.pde.ui-20120217-1437,org.eclipse.pde.internal.core.schema,Schema,isDisposed,3,1,0
eclipse.pde.ui-20120217-1437,org.eclipse.pde.internal.core.schema,Schema,isEditable,3,1,0
eclipse.pde.ui-20120217-1437,org.eclipse.pde.internal.core.schema,Schema,isLoaded,3,1,0
eclipse.pde.ui-20120217-1437,org.eclipse.pde.internal.core.schema,Schema,isNotificationEnabled,3,1,0
eclipse.pde.ui-20120217-1437,org.eclipse.pde.internal.core.schema,Schema,load,27,3,0
eclipse.pde.ui-20120217-1437,org.eclipse.pde.internal.core.schema,Schema,load,16,1,1
eclipse.pde.ui-20120217-1437,org.eclipse.pde.internal.core.schema,Schema,processAttribute,35,13,2
eclipse.pde.ui-20120217-1437,org.eclipse.pde.internal.core.schema,Schema,processAttributeAnnotation,26,9,2
eclipse.pde.ui-20120217-1437,org.eclipse.pde.internal.core.schema,Schema,processTranslatable,3,1,1
eclipse.pde.ui-20120217-1437,org.eclipse.pde.internal.core.schema,Schema,processDeprecated,3,1,1
eclipse.pde.ui-20120217-1437,org.eclipse.pde.internal.core.schema,Schema,processAttributeRestriction,23,7,2
eclipse.pde.ui-20120217-1437,org.eclipse.pde.internal.core.schema,Schema,processAttributeSimpleType,14,6,2
eclipse.pde.ui-20120217-1437,org.eclipse.pde.internal.core.schema,Schema,processComplexType,24,6,2
eclipse.pde.ui-20120217-1437,org.eclipse.pde.internal.core.schema,Schema,processCompositor,23,6,3
eclipse.pde.ui-20120217-1437,org.eclipse.pde.internal.core.schema,Schema,processCompositorChild,19,6,3
eclipse.pde.ui-20120217-1437,org.eclipse.pde.internal.core.schema,Schema,processElement,4,2,2
eclipse.pde.ui-20120217-1437,org.eclipse.pde.internal.core.schema,Schema,processElementDeclaration,31,8,2
eclipse.pde.ui-20120217-1437,org.eclipse.pde.internal.core.schema,Schema,processElementReference,14,2,2
eclipse.pde.ui-20120217-1437,org.eclipse.pde.internal.core.schema,Schema,getMinOccurs,5,2,1
eclipse.pde.ui-20120217-1437,org.eclipse.pde.internal.core.schema,Schema,getMaxOccurs,8,3,1
eclipse.pde.ui-20120217-1437,org.eclipse.pde.internal.core.schema,Schema,processElementAnnotation,32,10,2
eclipse.pde.ui-20120217-1437,org.eclipse.pde.internal.core.schema,Schema,processEnumeration,4,1,2
eclipse.pde.ui-20120217-1437,org.eclipse.pde.internal.core.schema,Schema,processKind,8,5,1
eclipse.pde.ui-20120217-1437,org.eclipse.pde.internal.core.schema,Schema,processSchemaAnnotation,43,12,1
eclipse.pde.ui-20120217-1437,org.eclipse.pde.internal.core.schema,Schema,processInclude,6,2,1
eclipse.pde.ui-20120217-1437,org.eclipse.pde.internal.core.schema,Schema,reload,3,1,0
eclipse.pde.ui-20120217-1437,org.eclipse.pde.internal.core.schema,Schema,reload,8,3,1
eclipse.pde.ui-20120217-1437,org.eclipse.pde.internal.core.schema,Schema,removeDocumentSection,4,1,1
eclipse.pde.ui-20120217-1437,org.eclipse.pde.internal.core.schema,Schema,moveElementToSibling,20,7,2
eclipse.pde.ui-20120217-1437,org.eclipse.pde.internal.core.schema,Schema,removeElement,4,1,1
eclipse.pde.ui-20120217-1437,org.eclipse.pde.internal.core.schema,Schema,removeModelChangedListener,3,1,1
eclipse.pde.ui-20120217-1437,org.eclipse.pde.internal.core.schema,Schema,reset,12,1,0
eclipse.pde.ui-20120217-1437,org.eclipse.pde.internal.core.schema,Schema,resolveElementReference,10,3,1
eclipse.pde.ui-20120217-1437,org.eclipse.pde.internal.core.schema,Schema,resolveReference,6,2,1
eclipse.pde.ui-20120217-1437,org.eclipse.pde.internal.core.schema,Schema,resolveReferences,6,2,1
eclipse.pde.ui-20120217-1437,org.eclipse.pde.internal.core.schema,Schema,resolveTypeReference,3,1,1
eclipse.pde.ui-20120217-1437,org.eclipse.pde.internal.core.schema,Schema,setDescription,5,1,1
eclipse.pde.ui-20120217-1437,org.eclipse.pde.internal.core.schema,Schema,setName,6,2,1
eclipse.pde.ui-20120217-1437,org.eclipse.pde.internal.core.schema,Schema,setPluginId,5,1,1
eclipse.pde.ui-20120217-1437,org.eclipse.pde.internal.core.schema,Schema,setPointId,5,1,1
eclipse.pde.ui-20120217-1437,org.eclipse.pde.internal.core.schema,Schema,setNotificationEnabled,3,1,1
eclipse.pde.ui-20120217-1437,org.eclipse.pde.internal.core.schema,Schema,toString,3,1,0
eclipse.pde.ui-20120217-1437,org.eclipse.pde.internal.core.schema,Schema,traverseDocumentTree,34,11,1
eclipse.pde.ui-20120217-1437,org.eclipse.pde.internal.core.schema,Schema,addOmittedDocumentSections,9,3,0
eclipse.pde.ui-20120217-1437,org.eclipse.pde.internal.core.schema,Schema,updateReferencesFor,3,1,1
eclipse.pde.ui-20120217-1437,org.eclipse.pde.internal.core.schema,Schema,updateReferencesFor,11,5,2
eclipse.pde.ui-20120217-1437,org.eclipse.pde.internal.core.schema,Schema,write,36,5,2
eclipse.pde.ui-20120217-1437,org.eclipse.pde.internal.core.schema,Schema,getWritableDescription,6,1,0
eclipse.pde.ui-20120217-1437,org.eclipse.pde.internal.core.schema,Schema,isDeperecated,8,3,0
eclipse.pde.ui-20120217-1437,org.eclipse.pde.internal.core.schema,Schema,getDeprecatedSuggestion,8,3,0
eclipse.pde.ui-20120217-1437,org.eclipse.pde.internal.core.schema,Schema,isInternal,8,3,0
eclipse.pde.ui-20120217-1437,org.eclipse.pde.internal.core.schema,Schema,getSchemaVersion,17,6,0
eclipse.pde.ui-20120217-1437,org.eclipse.pde.internal.core.schema,SchemaAnnotationHandler,SchemaAnnotationHandler,3,1,0
eclipse.pde.ui-20120217-1437,org.eclipse.pde.internal.core.schema,SchemaAnnotationHandler,reset,7,1,0
eclipse.pde.ui-20120217-1437,org.eclipse.pde.internal.core.schema,SchemaAnnotationHandler,startElement,15,4,4
eclipse.pde.ui-20120217-1437,org.eclipse.pde.internal.core.schema,SchemaAnnotationHandler,characters,7,3,3
eclipse.pde.ui-20120217-1437,org.eclipse.pde.internal.core.schema,SchemaAnnotationHandler,onTarget,14,5,0
eclipse.pde.ui-20120217-1437,org.eclipse.pde.internal.core.schema,SchemaAnnotationHandler,getDescription,3,1,0
eclipse.pde.ui-20120217-1437,org.eclipse.pde.internal.core.schema,SchemaAnnotationHandler,getName,3,1,0
eclipse.pde.ui-20120217-1437,org.eclipse.pde.internal.core.schema,SchemaAttribute,SchemaAttribute,8,1,2
eclipse.pde.ui-20120217-1437,org.eclipse.pde.internal.core.schema,SchemaAttribute,SchemaAttribute,3,1,2
eclipse.pde.ui-20120217-1437,org.eclipse.pde.internal.core.schema,SchemaAttribute,getBasedOn,4,2,0
eclipse.pde.ui-20120217-1437,org.eclipse.pde.internal.core.schema,SchemaAttribute,getKind,3,1,0
eclipse.pde.ui-20120217-1437,org.eclipse.pde.internal.core.schema,SchemaAttribute,getType,3,1,0
eclipse.pde.ui-20120217-1437,org.eclipse.pde.internal.core.schema,SchemaAttribute,getUse,3,1,0
eclipse.pde.ui-20120217-1437,org.eclipse.pde.internal.core.schema,SchemaAttribute,getValue,3,1,0
eclipse.pde.ui-20120217-1437,org.eclipse.pde.internal.core.schema,SchemaAttribute,getValueFilter,3,1,0
eclipse.pde.ui-20120217-1437,org.eclipse.pde.internal.core.schema,SchemaAttribute,setBasedOn,5,1,1
eclipse.pde.ui-20120217-1437,org.eclipse.pde.internal.core.schema,SchemaAttribute,setKind,5,1,1
eclipse.pde.ui-20120217-1437,org.eclipse.pde.internal.core.schema,SchemaAttribute,setTranslatableProperty,5,1,1
eclipse.pde.ui-20120217-1437,org.eclipse.pde.internal.core.schema,SchemaAttribute,setDeprecatedProperty,5,1,1
eclipse.pde.ui-20120217-1437,org.eclipse.pde.internal.core.schema,SchemaAttribute,setType,5,1,1
eclipse.pde.ui-20120217-1437,org.eclipse.pde.internal.core.schema,SchemaAttribute,setParent,4,2,1
eclipse.pde.ui-20120217-1437,org.eclipse.pde.internal.core.schema,SchemaAttribute,setUse,5,1,1
eclipse.pde.ui-20120217-1437,org.eclipse.pde.internal.core.schema,SchemaAttribute,setValue,5,1,1
eclipse.pde.ui-20120217-1437,org.eclipse.pde.internal.core.schema,SchemaAttribute,setValueFilter,5,1,1
eclipse.pde.ui-20120217-1437,org.eclipse.pde.internal.core.schema,SchemaAttribute,write,71,19,2
eclipse.pde.ui-20120217-1437,org.eclipse.pde.internal.core.schema,SchemaAttribute,isTranslatable,4,2,0
eclipse.pde.ui-20120217-1437,org.eclipse.pde.internal.core.schema,SchemaAttribute,isDeprecated,3,1,0
eclipse.pde.ui-20120217-1437,org.eclipse.pde.internal.core.schema,SchemaAttribute,getDescription,25,6,0
eclipse.pde.ui-20120217-1437,org.eclipse.pde.internal.core.schema,SchemaAttributeHandler,SchemaAttributeHandler,5,1,2
eclipse.pde.ui-20120217-1437,org.eclipse.pde.internal.core.schema,SchemaAttributeHandler,setTargetElementName,3,1,1
eclipse.pde.ui-20120217-1437,org.eclipse.pde.internal.core.schema,SchemaAttributeHandler,setTargetAttributeName,3,1,1
eclipse.pde.ui-20120217-1437,org.eclipse.pde.internal.core.schema,SchemaAttributeHandler,reset,6,1,0
eclipse.pde.ui-20120217-1437,org.eclipse.pde.internal.core.schema,SchemaAttributeHandler,startElement,13,5,4
eclipse.pde.ui-20120217-1437,org.eclipse.pde.internal.core.schema,SchemaAttributeHandler,characters,7,3,3
eclipse.pde.ui-20120217-1437,org.eclipse.pde.internal.core.schema,SchemaAttributeHandler,onTarget,18,6,0
eclipse.pde.ui-20120217-1437,org.eclipse.pde.internal.core.schema,SchemaAttributeHandler,getDescription,3,1,0
eclipse.pde.ui-20120217-1437,org.eclipse.pde.internal.core.schema,SchemaComplexType,SchemaComplexType,3,1,1
eclipse.pde.ui-20120217-1437,org.eclipse.pde.internal.core.schema,SchemaComplexType,SchemaComplexType,3,1,2
eclipse.pde.ui-20120217-1437,org.eclipse.pde.internal.core.schema,SchemaComplexType,addAttribute,3,1,1
eclipse.pde.ui-20120217-1437,org.eclipse.pde.internal.core.schema,SchemaComplexType,addAttribute,9,3,2
eclipse.pde.ui-20120217-1437,org.eclipse.pde.internal.core.schema,SchemaComplexType,moveAttributeTo,19,6,2
eclipse.pde.ui-20120217-1437,org.eclipse.pde.internal.core.schema,SchemaComplexType,getAttribute,7,3,1
eclipse.pde.ui-20120217-1437,org.eclipse.pde.internal.core.schema,SchemaComplexType,getAttributeCount,3,1,0
eclipse.pde.ui-20120217-1437,org.eclipse.pde.internal.core.schema,SchemaComplexType,getAttributes,5,1,0
eclipse.pde.ui-20120217-1437,org.eclipse.pde.internal.core.schema,SchemaComplexType,getCompositor,3,1,0
eclipse.pde.ui-20120217-1437,org.eclipse.pde.internal.core.schema,SchemaComplexType,isMixed,3,1,0
eclipse.pde.ui-20120217-1437,org.eclipse.pde.internal.core.schema,SchemaComplexType,removeAttribute,4,1,1
eclipse.pde.ui-20120217-1437,org.eclipse.pde.internal.core.schema,SchemaComplexType,setCompositor,5,1,1
eclipse.pde.ui-20120217-1437,org.eclipse.pde.internal.core.schema,SchemaComplexType,setMixed,3,1,1
eclipse.pde.ui-20120217-1437,org.eclipse.pde.internal.core.schema,SchemaComplexType,write,13,3,2
eclipse.pde.ui-20120217-1437,org.eclipse.pde.internal.core.schema,SchemaCompositor,SchemaCompositor,18,5,2
eclipse.pde.ui-20120217-1437,org.eclipse.pde.internal.core.schema,SchemaCompositor,SchemaCompositor,4,1,3
eclipse.pde.ui-20120217-1437,org.eclipse.pde.internal.core.schema,SchemaCompositor,addChild,5,1,1
eclipse.pde.ui-20120217-1437,org.eclipse.pde.internal.core.schema,SchemaCompositor,moveChildToSibling,19,6,2
eclipse.pde.ui-20120217-1437,org.eclipse.pde.internal.core.schema,SchemaCompositor,addChild,9,3,2
eclipse.pde.ui-20120217-1437,org.eclipse.pde.internal.core.schema,SchemaCompositor,getChildCount,3,1,0
eclipse.pde.ui-20120217-1437,org.eclipse.pde.internal.core.schema,SchemaCompositor,getChildren,5,1,0
eclipse.pde.ui-20120217-1437,org.eclipse.pde.internal.core.schema,SchemaCompositor,setParent,7,2,1
eclipse.pde.ui-20120217-1437,org.eclipse.pde.internal.core.schema,SchemaCompositor,getKind,3,1,0
eclipse.pde.ui-20120217-1437,org.eclipse.pde.internal.core.schema,SchemaCompositor,removeChild,4,1,1
eclipse.pde.ui-20120217-1437,org.eclipse.pde.internal.core.schema,SchemaCompositor,setKind,21,6,1
eclipse.pde.ui-20120217-1437,org.eclipse.pde.internal.core.schema,SchemaCompositor,updateReferencesFor,34,10,2
eclipse.pde.ui-20120217-1437,org.eclipse.pde.internal.core.schema,SchemaCompositor,write,29,9,2
eclipse.pde.ui-20120217-1437,org.eclipse.pde.internal.core.schema,SchemaDescriptor,SchemaDescriptor,8,3,2
eclipse.pde.ui-20120217-1437,org.eclipse.pde.internal.core.schema,SchemaDescriptor,SchemaDescriptor,4,1,2
eclipse.pde.ui-20120217-1437,org.eclipse.pde.internal.core.schema,SchemaDescriptor,SchemaDescriptor,10,2,1
eclipse.pde.ui-20120217-1437,org.eclipse.pde.internal.core.schema,SchemaDescriptor,getPointId,4,2,0
eclipse.pde.ui-20120217-1437,org.eclipse.pde.internal.core.schema,SchemaDescriptor,getSchema,8,3,1
eclipse.pde.ui-20120217-1437,org.eclipse.pde.internal.core.schema,SchemaDescriptor,getSchemaURL,3,1,0
eclipse.pde.ui-20120217-1437,org.eclipse.pde.internal.core.schema,SchemaDescriptor,isStandalone,3,1,0
eclipse.pde.ui-20120217-1437,org.eclipse.pde.internal.core.schema,SchemaDescriptor,getLastModified,3,1,0
eclipse.pde.ui-20120217-1437,org.eclipse.pde.internal.core.schema,SchemaElement,SchemaElement,3,1,2
eclipse.pde.ui-20120217-1437,org.eclipse.pde.internal.core.schema,SchemaElement,calculateChildRepresentation,29,9,2
eclipse.pde.ui-20120217-1437,org.eclipse.pde.internal.core.schema,SchemaElement,calculateCompositorRepresentation,17,7,2
eclipse.pde.ui-20120217-1437,org.eclipse.pde.internal.core.schema,SchemaElement,getAttribute,6,2,1
eclipse.pde.ui-20120217-1437,org.eclipse.pde.internal.core.schema,SchemaElement,getAttributeCount,6,2,0
eclipse.pde.ui-20120217-1437,org.eclipse.pde.internal.core.schema,SchemaElement,getAttributes,6,2,0
eclipse.pde.ui-20120217-1437,org.eclipse.pde.internal.core.schema,SchemaElement,getAttributeNames,6,2,0
eclipse.pde.ui-20120217-1437,org.eclipse.pde.internal.core.schema,SchemaElement,getDTDRepresentation,17,8,1
eclipse.pde.ui-20120217-1437,org.eclipse.pde.internal.core.schema,SchemaElement,getIconProperty,8,4,0
eclipse.pde.ui-20120217-1437,org.eclipse.pde.internal.core.schema,SchemaElement,getLabelProperty,8,4,0
eclipse.pde.ui-20120217-1437,org.eclipse.pde.internal.core.schema,SchemaElement,isValidLabelProperty,3,1,1
eclipse.pde.ui-20120217-1437,org.eclipse.pde.internal.core.schema,SchemaElement,isValidIconProperty,3,1,1
eclipse.pde.ui-20120217-1437,org.eclipse.pde.internal.core.schema,SchemaElement,getType,3,1,0
eclipse.pde.ui-20120217-1437,org.eclipse.pde.internal.core.schema,SchemaElement,setParent,18,6,1
eclipse.pde.ui-20120217-1437,org.eclipse.pde.internal.core.schema,SchemaElement,setIconProperty,5,1,1
eclipse.pde.ui-20120217-1437,org.eclipse.pde.internal.core.schema,SchemaElement,setTranslatableProperty,5,1,1
eclipse.pde.ui-20120217-1437,org.eclipse.pde.internal.core.schema,SchemaElement,setDeprecatedProperty,5,1,1
eclipse.pde.ui-20120217-1437,org.eclipse.pde.internal.core.schema,SchemaElement,setLabelProperty,5,1,1
eclipse.pde.ui-20120217-1437,org.eclipse.pde.internal.core.schema,SchemaElement,setType,5,1,1
eclipse.pde.ui-20120217-1437,org.eclipse.pde.internal.core.schema,SchemaElement,write,39,13,2
eclipse.pde.ui-20120217-1437,org.eclipse.pde.internal.core.schema,SchemaElement,hasTranslatableContent,3,1,0
eclipse.pde.ui-20120217-1437,org.eclipse.pde.internal.core.schema,SchemaElement,isDeprecated,3,1,0
eclipse.pde.ui-20120217-1437,org.eclipse.pde.internal.core.schema,SchemaElement,getExtendedAttributes,3,1,0
eclipse.pde.ui-20120217-1437,org.eclipse.pde.internal.core.schema,SchemaElement,getDescription,18,4,0
eclipse.pde.ui-20120217-1437,org.eclipse.pde.internal.core.schema,SchemaElement,compareTo,4,2,1
eclipse.pde.ui-20120217-1437,org.eclipse.pde.internal.core.schema,SchemaElementHandler,SchemaElementHandler,4,1,1
eclipse.pde.ui-20120217-1437,org.eclipse.pde.internal.core.schema,SchemaElementHandler,setTargetElementName,3,1,1
eclipse.pde.ui-20120217-1437,org.eclipse.pde.internal.core.schema,SchemaElementHandler,reset,5,1,0
eclipse.pde.ui-20120217-1437,org.eclipse.pde.internal.core.schema,SchemaElementHandler,startElement,6,2,4
eclipse.pde.ui-20120217-1437,org.eclipse.pde.internal.core.schema,SchemaElementHandler,characters,7,3,3
eclipse.pde.ui-20120217-1437,org.eclipse.pde.internal.core.schema,SchemaElementHandler,onTarget,15,5,0
eclipse.pde.ui-20120217-1437,org.eclipse.pde.internal.core.schema,SchemaElementHandler,getDescription,3,1,0
eclipse.pde.ui-20120217-1437,org.eclipse.pde.internal.core.schema,SchemaElementReference,SchemaElementReference,4,1,2
eclipse.pde.ui-20120217-1437,org.eclipse.pde.internal.core.schema,SchemaElementReference,getAttribute,4,2,1
eclipse.pde.ui-20120217-1437,org.eclipse.pde.internal.core.schema,SchemaElementReference,getAttributeCount,4,2,0
eclipse.pde.ui-20120217-1437,org.eclipse.pde.internal.core.schema,SchemaElementReference,getAttributes,4,2,0
eclipse.pde.ui-20120217-1437,org.eclipse.pde.internal.core.schema,SchemaElementReference,getAttributeNames,4,2,0
eclipse.pde.ui-20120217-1437,org.eclipse.pde.internal.core.schema,SchemaElementReference,getCompositor,3,1,0
eclipse.pde.ui-20120217-1437,org.eclipse.pde.internal.core.schema,SchemaElementReference,getDescription,4,2,0
eclipse.pde.ui-20120217-1437,org.eclipse.pde.internal.core.schema,SchemaElementReference,getDTDRepresentation,4,2,1
eclipse.pde.ui-20120217-1437,org.eclipse.pde.internal.core.schema,SchemaElementReference,getIconProperty,4,2,0
eclipse.pde.ui-20120217-1437,org.eclipse.pde.internal.core.schema,SchemaElementReference,getLabelProperty,4,2,0
eclipse.pde.ui-20120217-1437,org.eclipse.pde.internal.core.schema,SchemaElementReference,getMaxOccurs,3,1,0
eclipse.pde.ui-20120217-1437,org.eclipse.pde.internal.core.schema,SchemaElementReference,getMinOccurs,3,1,0
eclipse.pde.ui-20120217-1437,org.eclipse.pde.internal.core.schema,SchemaElementReference,getName,3,1,0
eclipse.pde.ui-20120217-1437,org.eclipse.pde.internal.core.schema,SchemaElementReference,getParent,3,1,0
eclipse.pde.ui-20120217-1437,org.eclipse.pde.internal.core.schema,SchemaElementReference,setParent,2,1,1
eclipse.pde.ui-20120217-1437,org.eclipse.pde.internal.core.schema,SchemaElementReference,getReferencedElement,3,1,0
eclipse.pde.ui-20120217-1437,org.eclipse.pde.internal.core.schema,SchemaElementReference,getReferencedObject,3,1,0
eclipse.pde.ui-20120217-1437,org.eclipse.pde.internal.core.schema,SchemaElementReference,getReferencedObjectClass,3,1,0
eclipse.pde.ui-20120217-1437,org.eclipse.pde.internal.core.schema,SchemaElementReference,getReferenceName,3,1,0
eclipse.pde.ui-20120217-1437,org.eclipse.pde.internal.core.schema,SchemaElementReference,getSchema,10,4,0
eclipse.pde.ui-20120217-1437,org.eclipse.pde.internal.core.schema,SchemaElementReference,getCompositorsSchema,4,2,0
eclipse.pde.ui-20120217-1437,org.eclipse.pde.internal.core.schema,SchemaElementReference,getType,4,2,0
eclipse.pde.ui-20120217-1437,org.eclipse.pde.internal.core.schema,SchemaElementReference,isLinked,3,1,0
eclipse.pde.ui-20120217-1437,org.eclipse.pde.internal.core.schema,SchemaElementReference,setCompositor,3,1,1
eclipse.pde.ui-20120217-1437,org.eclipse.pde.internal.core.schema,SchemaElementReference,setMaxOccurs,6,2,1
eclipse.pde.ui-20120217-1437,org.eclipse.pde.internal.core.schema,SchemaElementReference,setMinOccurs,6,2,1
eclipse.pde.ui-20120217-1437,org.eclipse.pde.internal.core.schema,SchemaElementReference,setReferencedObject,4,2,1
eclipse.pde.ui-20120217-1437,org.eclipse.pde.internal.core.schema,SchemaElementReference,setReferenceName,6,2,1
eclipse.pde.ui-20120217-1437,org.eclipse.pde.internal.core.schema,SchemaElementReference,write,11,2,2
eclipse.pde.ui-20120217-1437,org.eclipse.pde.internal.core.schema,SchemaElementReference,addComments,3,1,1
eclipse.pde.ui-20120217-1437,org.eclipse.pde.internal.core.schema,SchemaElementReference,addComments,12,5,2
eclipse.pde.ui-20120217-1437,org.eclipse.pde.internal.core.schema,SchemaElementReference,writeComments,3,1,1
eclipse.pde.ui-20120217-1437,org.eclipse.pde.internal.core.schema,SchemaElementReference,writeComments,7,3,2
eclipse.pde.ui-20120217-1437,org.eclipse.pde.internal.core.schema,SchemaElementReference,getStartLine,3,1,0
eclipse.pde.ui-20120217-1437,org.eclipse.pde.internal.core.schema,SchemaElementReference,getStopLine,3,1,0
eclipse.pde.ui-20120217-1437,org.eclipse.pde.internal.core.schema,SchemaElementReference,bindSourceLocation,7,3,2
eclipse.pde.ui-20120217-1437,org.eclipse.pde.internal.core.schema,SchemaElementReference,hasTranslatableContent,3,1,0
eclipse.pde.ui-20120217-1437,org.eclipse.pde.internal.core.schema,SchemaElementReference,isDeprecated,3,1,0
eclipse.pde.ui-20120217-1437,org.eclipse.pde.internal.core.schema,SchemaElementReference,compareTo,9,3,1
eclipse.pde.ui-20120217-1437,org.eclipse.pde.internal.core.schema,SchemaEnumeration,SchemaEnumeration,3,1,2
eclipse.pde.ui-20120217-1437,org.eclipse.pde.internal.core.schema,SchemaEnumeration,write,15,3,2
eclipse.pde.ui-20120217-1437,org.eclipse.pde.internal.core.schema,SchemaInclude,SchemaInclude,5,1,3
eclipse.pde.ui-20120217-1437,org.eclipse.pde.internal.core.schema,SchemaInclude,getLocation,3,1,0
eclipse.pde.ui-20120217-1437,org.eclipse.pde.internal.core.schema,SchemaInclude,setLocation,6,1,1
eclipse.pde.ui-20120217-1437,org.eclipse.pde.internal.core.schema,SchemaInclude,write,4,1,2
eclipse.pde.ui-20120217-1437,org.eclipse.pde.internal.core.schema,SchemaInclude,getIncludedSchema,11,3,0
eclipse.pde.ui-20120217-1437,org.eclipse.pde.internal.core.schema,SchemaInclude,createInternalSchema,12,2,2
eclipse.pde.ui-20120217-1437,org.eclipse.pde.internal.core.schema,SchemaInclude,dispose,6,2,0
eclipse.pde.ui-20120217-1437,org.eclipse.pde.internal.core.schema,SchemaInclude,equals,8,3,1
eclipse.pde.ui-20120217-1437,org.eclipse.pde.internal.core.schema,SchemaObject,SchemaObject,4,1,2
eclipse.pde.ui-20120217-1437,org.eclipse.pde.internal.core.schema,SchemaObject,getDescription,3,1,0
eclipse.pde.ui-20120217-1437,org.eclipse.pde.internal.core.schema,SchemaObject,getName,3,1,0
eclipse.pde.ui-20120217-1437,org.eclipse.pde.internal.core.schema,SchemaObject,getParent,3,1,0
eclipse.pde.ui-20120217-1437,org.eclipse.pde.internal.core.schema,SchemaObject,setParent,3,1,1
eclipse.pde.ui-20120217-1437,org.eclipse.pde.internal.core.schema,SchemaObject,getSchema,7,2,0
eclipse.pde.ui-20120217-1437,org.eclipse.pde.internal.core.schema,SchemaObject,getWritableDescription,6,1,0
eclipse.pde.ui-20120217-1437,org.eclipse.pde.internal.core.schema,SchemaObject,setDescription,5,1,1
eclipse.pde.ui-20120217-1437,org.eclipse.pde.internal.core.schema,SchemaObject,setName,5,1,1
eclipse.pde.ui-20120217-1437,org.eclipse.pde.internal.core.schema,SchemaObject,toString,4,2,0
eclipse.pde.ui-20120217-1437,org.eclipse.pde.internal.core.schema,SchemaRegistry,getSchema,15,5,1
eclipse.pde.ui-20120217-1437,org.eclipse.pde.internal.core.schema,SchemaRegistry,getIncludedSchema,15,3,2
eclipse.pde.ui-20120217-1437,org.eclipse.pde.internal.core.schema,SchemaRegistry,getExistingDescriptor,8,3,2
eclipse.pde.ui-20120217-1437,org.eclipse.pde.internal.core.schema,SchemaRegistry,getSchemaURL,11,3,2
eclipse.pde.ui-20120217-1437,org.eclipse.pde.internal.core.schema,SchemaRegistry,getSchemaURL,8,3,1
eclipse.pde.ui-20120217-1437,org.eclipse.pde.internal.core.schema,SchemaRegistry,getSchemaFromSourceExtension,4,1,2
eclipse.pde.ui-20120217-1437,org.eclipse.pde.internal.core.schema,SchemaRegistry,getSchemaURL,20,8,2
eclipse.pde.ui-20120217-1437,org.eclipse.pde.internal.core.schema,SchemaRegistry,getSchemaURL,18,6,2
eclipse.pde.ui-20120217-1437,org.eclipse.pde.internal.core.schema,SchemaRegistry,hasSchemaChanged,5,2,2
eclipse.pde.ui-20120217-1437,org.eclipse.pde.internal.core.schema,SchemaRegistry,shutdown,3,1,0
eclipse.pde.ui-20120217-1437,org.eclipse.pde.internal.core.schema,SchemaRegistry,getId,15,5,2
eclipse.pde.ui-20120217-1437,org.eclipse.pde.internal.core.schema,SchemaRootElement,SchemaRootElement,3,1,2
eclipse.pde.ui-20120217-1437,org.eclipse.pde.internal.core.schema,SchemaRootElement,setDeprecatedSuggestion,5,1,1
eclipse.pde.ui-20120217-1437,org.eclipse.pde.internal.core.schema,SchemaRootElement,getDeprecatedSuggestion,3,1,0
eclipse.pde.ui-20120217-1437,org.eclipse.pde.internal.core.schema,SchemaRootElement,getExtendedAttributes,7,3,0
eclipse.pde.ui-20120217-1437,org.eclipse.pde.internal.core.schema,SchemaRootElement,isInternal,3,1,0
eclipse.pde.ui-20120217-1437,org.eclipse.pde.internal.core.schema,SchemaRootElement,setInternal,5,1,1
eclipse.pde.ui-20120217-1437,org.eclipse.pde.internal.core.schema,SchemaSimpleType,SchemaSimpleType,3,1,2
eclipse.pde.ui-20120217-1437,org.eclipse.pde.internal.core.schema,SchemaSimpleType,SchemaSimpleType,10,3,1
eclipse.pde.ui-20120217-1437,org.eclipse.pde.internal.core.schema,SchemaSimpleType,getRestriction,3,1,0
eclipse.pde.ui-20120217-1437,org.eclipse.pde.internal.core.schema,SchemaSimpleType,setSchema,4,2,1
eclipse.pde.ui-20120217-1437,org.eclipse.pde.internal.core.schema,SchemaSimpleType,setRestriction,6,2,1
eclipse.pde.ui-20120217-1437,org.eclipse.pde.internal.core.schema,SchemaSimpleType,write,7,2,2
eclipse.pde.ui-20120217-1437,org.eclipse.pde.internal.core.schema,SchemaType,SchemaType,4,1,2
eclipse.pde.ui-20120217-1437,org.eclipse.pde.internal.core.schema,SchemaType,getName,3,1,0
eclipse.pde.ui-20120217-1437,org.eclipse.pde.internal.core.schema,SchemaType,getSchema,3,1,0
eclipse.pde.ui-20120217-1437,org.eclipse.pde.internal.core.schema,SchemaType,setSchema,3,1,1
eclipse.pde.ui-20120217-1437,org.eclipse.pde.internal.core.schema,SchemaType,toString,3,1,0
eclipse.pde.ui-20120217-1437,org.eclipse.pde.internal.core.schema,StorageSchemaDescriptor,StorageSchemaDescriptor,3,1,1
eclipse.pde.ui-20120217-1437,org.eclipse.pde.internal.core.schema,StorageSchemaDescriptor,getSchemaURL,3,1,0
eclipse.pde.ui-20120217-1437,org.eclipse.pde.internal.core.schema,StorageSchemaDescriptor,getPointId,3,1,0
eclipse.pde.ui-20120217-1437,org.eclipse.pde.internal.core.schema,StorageSchemaDescriptor,loadSchema,14,1,1
eclipse.pde.ui-20120217-1437,org.eclipse.pde.internal.core.schema,StorageSchemaDescriptor,reload,5,2,0
eclipse.pde.ui-20120217-1437,org.eclipse.pde.internal.core.schema,StorageSchemaDescriptor,isEnabled,3,1,0
eclipse.pde.ui-20120217-1437,org.eclipse.pde.internal.core.schema,StorageSchemaDescriptor,getSchema,4,2,1
eclipse.pde.ui-20120217-1437,org.eclipse.pde.internal.core.schema,StorageSchemaDescriptor,isStandalone,3,1,0
eclipse.pde.ui-20120217-1437,org.eclipse.pde.internal.core.schema,StorageSchemaDescriptor,getLastModified,3,1,0
eclipse.pde.ui-20120217-1437,org.eclipse.pde.internal.core.search,ExtensionPluginSearchScope,ExtensionPluginSearchScope,4,1,1
eclipse.pde.ui-20120217-1437,org.eclipse.pde.internal.core.search,ExtensionPluginSearchScope,ExtensionPluginSearchScope,4,1,4
eclipse.pde.ui-20120217-1437,org.eclipse.pde.internal.core.search,ExtensionPluginSearchScope,getMatchingModels,14,3,0
eclipse.pde.ui-20120217-1437,org.eclipse.pde.internal.core.search,ISearchResultCollector,accept,0,1,1
eclipse.pde.ui-20120217-1437,org.eclipse.pde.internal.core.search,PluginJavaSearchUtil,getPluginImports,3,1,1
eclipse.pde.ui-20120217-1437,org.eclipse.pde.internal.core.search,PluginJavaSearchUtil,getPluginImports,5,1,1
eclipse.pde.ui-20120217-1437,org.eclipse.pde.internal.core.search,PluginJavaSearchUtil,collectAllPrerequisites,10,5,2
eclipse.pde.ui-20120217-1437,org.eclipse.pde.internal.core.search,PluginJavaSearchUtil,collectPackageFragments,27,7,3
eclipse.pde.ui-20120217-1437,org.eclipse.pde.internal.core.search,PluginJavaSearchUtil,extractPackageFragments,11,3,3
eclipse.pde.ui-20120217-1437,org.eclipse.pde.internal.core.search,PluginJavaSearchUtil,addLibraryPaths,27,7,2
eclipse.pde.ui-20120217-1437,org.eclipse.pde.internal.core.search,PluginJavaSearchUtil,findLibraryInFragments,9,3,3
eclipse.pde.ui-20120217-1437,org.eclipse.pde.internal.core.search,PluginJavaSearchUtil,createSeachScope,10,3,1
eclipse.pde.ui-20120217-1437,org.eclipse.pde.internal.core.search,PluginSearchInput,getSearchString,3,1,0
eclipse.pde.ui-20120217-1437,org.eclipse.pde.internal.core.search,PluginSearchInput,isCaseSensitive,3,1,0
eclipse.pde.ui-20120217-1437,org.eclipse.pde.internal.core.search,PluginSearchInput,setCaseSensitive,3,1,1
eclipse.pde.ui-20120217-1437,org.eclipse.pde.internal.core.search,PluginSearchInput,setSearchString,3,1,1
eclipse.pde.ui-20120217-1437,org.eclipse.pde.internal.core.search,PluginSearchInput,getSearchElement,3,1,0
eclipse.pde.ui-20120217-1437,org.eclipse.pde.internal.core.search,PluginSearchInput,setSearchElement,3,1,1
eclipse.pde.ui-20120217-1437,org.eclipse.pde.internal.core.search,PluginSearchInput,getSearchLimit,3,1,0
eclipse.pde.ui-20120217-1437,org.eclipse.pde.internal.core.search,PluginSearchInput,setSearchLimit,3,1,1
eclipse.pde.ui-20120217-1437,org.eclipse.pde.internal.core.search,PluginSearchInput,getSearchScope,3,1,0
eclipse.pde.ui-20120217-1437,org.eclipse.pde.internal.core.search,PluginSearchInput,setSearchScope,3,1,1
eclipse.pde.ui-20120217-1437,org.eclipse.pde.internal.core.search,PluginSearchOperation,PluginSearchOperation,5,1,2
eclipse.pde.ui-20120217-1437,org.eclipse.pde.internal.core.search,PluginSearchOperation,execute,14,2,1
eclipse.pde.ui-20120217-1437,org.eclipse.pde.internal.core.search,PluginSearchOperation,visit,6,2,1
eclipse.pde.ui-20120217-1437,org.eclipse.pde.internal.core.search,PluginSearchOperation,findMatch,18,8,1
eclipse.pde.ui-20120217-1437,org.eclipse.pde.internal.core.search,PluginSearchOperation,findFragmentDeclaration,6,2,2
eclipse.pde.ui-20120217-1437,org.eclipse.pde.internal.core.search,PluginSearchOperation,findPluginDeclaration,4,2,2
eclipse.pde.ui-20120217-1437,org.eclipse.pde.internal.core.search,PluginSearchOperation,findPluginReferences,10,5,2
eclipse.pde.ui-20120217-1437,org.eclipse.pde.internal.core.search,PluginSearchOperation,findExtensionPointDeclarations,6,3,2
eclipse.pde.ui-20120217-1437,org.eclipse.pde.internal.core.search,PluginSearchOperation,findExtensionPointReferences,6,3,2
eclipse.pde.ui-20120217-1437,org.eclipse.pde.internal.core.search,PluginSearchScope,PluginSearchScope,5,1,3
eclipse.pde.ui-20120217-1437,org.eclipse.pde.internal.core.search,PluginSearchScope,PluginSearchScope,3,1,0
eclipse.pde.ui-20120217-1437,org.eclipse.pde.internal.core.search,PluginSearchScope,addExternalModel,4,3,2
eclipse.pde.ui-20120217-1437,org.eclipse.pde.internal.core.search,PluginSearchScope,addWorkspaceModel,8,3,2
eclipse.pde.ui-20120217-1437,org.eclipse.pde.internal.core.search,PluginSearchScope,getMatchingModels,3,1,0
eclipse.pde.ui-20120217-1437,org.eclipse.pde.internal.core.search,PluginSearchScope,addRelevantModels,12,3,1
eclipse.pde.ui-20120217-1437,org.eclipse.pde.internal.core.site,AbstractSiteModel,AbstractSiteModel,3,1,0
eclipse.pde.ui-20120217-1437,org.eclipse.pde.internal.core.site,AbstractSiteModel,getSite,8,2,0
eclipse.pde.ui-20120217-1437,org.eclipse.pde.internal.core.site,AbstractSiteModel,getFactory,4,2,0
eclipse.pde.ui-20120217-1437,org.eclipse.pde.internal.core.site,AbstractSiteModel,getInstallLocation,3,1,0
eclipse.pde.ui-20120217-1437,org.eclipse.pde.internal.core.site,AbstractSiteModel,isEditable,3,1,0
eclipse.pde.ui-20120217-1437,org.eclipse.pde.internal.core.site,AbstractSiteModel,isEnabled,3,1,0
eclipse.pde.ui-20120217-1437,org.eclipse.pde.internal.core.site,AbstractSiteModel,isValid,4,2,0
eclipse.pde.ui-20120217-1437,org.eclipse.pde.internal.core.site,AbstractSiteModel,load,15,3,2
eclipse.pde.ui-20120217-1437,org.eclipse.pde.internal.core.site,AbstractSiteModel,processDocument,11,2,1
eclipse.pde.ui-20120217-1437,org.eclipse.pde.internal.core.site,AbstractSiteModel,reload,5,2,2
eclipse.pde.ui-20120217-1437,org.eclipse.pde.internal.core.site,AbstractSiteModel,setEnabled,3,1,1
eclipse.pde.ui-20120217-1437,org.eclipse.pde.internal.core.site,ExternalSiteModel,updateTimeStamp,2,1,0
eclipse.pde.ui-20120217-1437,org.eclipse.pde.internal.core.site,ExternalSiteModel,isInSync,3,1,0
eclipse.pde.ui-20120217-1437,org.eclipse.pde.internal.core.site,ExternalSiteModel,isEditable,3,1,0
eclipse.pde.ui-20120217-1437,org.eclipse.pde.internal.core.site,ExternalSiteModel,load,2,1,0
eclipse.pde.ui-20120217-1437,org.eclipse.pde.internal.core.site,IdentifiableObject,getId,3,1,0
eclipse.pde.ui-20120217-1437,org.eclipse.pde.internal.core.site,IdentifiableObject,parse,4,1,1
eclipse.pde.ui-20120217-1437,org.eclipse.pde.internal.core.site,IdentifiableObject,isValid,3,1,0
eclipse.pde.ui-20120217-1437,org.eclipse.pde.internal.core.site,IdentifiableObject,setId,6,1,1
eclipse.pde.ui-20120217-1437,org.eclipse.pde.internal.core.site,IdentifiableObject,restoreProperty,6,2,3
eclipse.pde.ui-20120217-1437,org.eclipse.pde.internal.core.site,IdentifiableObject,reset,4,1,0
eclipse.pde.ui-20120217-1437,org.eclipse.pde.internal.core.site,Site,setType,6,1,1
eclipse.pde.ui-20120217-1437,org.eclipse.pde.internal.core.site,Site,getType,3,1,0
eclipse.pde.ui-20120217-1437,org.eclipse.pde.internal.core.site,Site,setURL,6,1,1
eclipse.pde.ui-20120217-1437,org.eclipse.pde.internal.core.site,Site,getURL,3,1,0
eclipse.pde.ui-20120217-1437,org.eclipse.pde.internal.core.site,Site,setDigestURL,6,1,1
eclipse.pde.ui-20120217-1437,org.eclipse.pde.internal.core.site,Site,getDigestURL,3,1,0
eclipse.pde.ui-20120217-1437,org.eclipse.pde.internal.core.site,Site,setAssociateSitesURL,6,1,1
eclipse.pde.ui-20120217-1437,org.eclipse.pde.internal.core.site,Site,getAssociateSitesURL,3,1,0
eclipse.pde.ui-20120217-1437,org.eclipse.pde.internal.core.site,Site,setMirrorsURL,6,1,1
eclipse.pde.ui-20120217-1437,org.eclipse.pde.internal.core.site,Site,getMirrorsURL,3,1,0
eclipse.pde.ui-20120217-1437,org.eclipse.pde.internal.core.site,Site,getDescription,3,1,0
eclipse.pde.ui-20120217-1437,org.eclipse.pde.internal.core.site,Site,setDescription,6,1,1
eclipse.pde.ui-20120217-1437,org.eclipse.pde.internal.core.site,Site,addFeatures,9,2,1
eclipse.pde.ui-20120217-1437,org.eclipse.pde.internal.core.site,Site,addArchives,9,2,1
eclipse.pde.ui-20120217-1437,org.eclipse.pde.internal.core.site,Site,addCategoryDefinitions,9,2,1
eclipse.pde.ui-20120217-1437,org.eclipse.pde.internal.core.site,Site,removeFeatures,9,2,1
eclipse.pde.ui-20120217-1437,org.eclipse.pde.internal.core.site,Site,removeArchives,9,2,1
eclipse.pde.ui-20120217-1437,org.eclipse.pde.internal.core.site,Site,removeCategoryDefinitions,9,2,1
eclipse.pde.ui-20120217-1437,org.eclipse.pde.internal.core.site,Site,getFeatures,3,1,0
eclipse.pde.ui-20120217-1437,org.eclipse.pde.internal.core.site,Site,getArchives,3,1,0
eclipse.pde.ui-20120217-1437,org.eclipse.pde.internal.core.site,Site,getCategoryDefinitions,3,1,0
eclipse.pde.ui-20120217-1437,org.eclipse.pde.internal.core.site,Site,reset,11,1,0
eclipse.pde.ui-20120217-1437,org.eclipse.pde.internal.core.site,Site,parse,14,3,1
eclipse.pde.ui-20120217-1437,org.eclipse.pde.internal.core.site,Site,parseChild,27,6,1
eclipse.pde.ui-20120217-1437,org.eclipse.pde.internal.core.site,Site,restoreProperty,21,7,3
eclipse.pde.ui-20120217-1437,org.eclipse.pde.internal.core.site,Site,write,18,2,2
eclipse.pde.ui-20120217-1437,org.eclipse.pde.internal.core.site,Site,isValid,15,7,0
eclipse.pde.ui-20120217-1437,org.eclipse.pde.internal.core.site,Site,writeChildren,6,2,3
eclipse.pde.ui-20120217-1437,org.eclipse.pde.internal.core.site,Site,writeIfDefined,5,2,4
eclipse.pde.ui-20120217-1437,org.eclipse.pde.internal.core.site,SiteArchive,isValid,3,1,0
eclipse.pde.ui-20120217-1437,org.eclipse.pde.internal.core.site,SiteArchive,getURL,3,1,0
eclipse.pde.ui-20120217-1437,org.eclipse.pde.internal.core.site,SiteArchive,setURL,6,1,1
eclipse.pde.ui-20120217-1437,org.eclipse.pde.internal.core.site,SiteArchive,getPath,3,1,0
eclipse.pde.ui-20120217-1437,org.eclipse.pde.internal.core.site,SiteArchive,setPath,6,1,1
eclipse.pde.ui-20120217-1437,org.eclipse.pde.internal.core.site,SiteArchive,reset,5,1,0
eclipse.pde.ui-20120217-1437,org.eclipse.pde.internal.core.site,SiteArchive,parse,5,1,1
eclipse.pde.ui-20120217-1437,org.eclipse.pde.internal.core.site,SiteArchive,write,7,3,2
eclipse.pde.ui-20120217-1437,org.eclipse.pde.internal.core.site,SiteArchive,restoreProperty,9,3,3
eclipse.pde.ui-20120217-1437,org.eclipse.pde.internal.core.site,SiteCategory,getName,3,1,0
eclipse.pde.ui-20120217-1437,org.eclipse.pde.internal.core.site,SiteCategory,isValid,3,1,0
eclipse.pde.ui-20120217-1437,org.eclipse.pde.internal.core.site,SiteCategory,parse,3,1,1
eclipse.pde.ui-20120217-1437,org.eclipse.pde.internal.core.site,SiteCategory,reset,3,1,0
eclipse.pde.ui-20120217-1437,org.eclipse.pde.internal.core.site,SiteCategory,setName,6,1,1
eclipse.pde.ui-20120217-1437,org.eclipse.pde.internal.core.site,SiteCategory,write,6,2,2
eclipse.pde.ui-20120217-1437,org.eclipse.pde.internal.core.site,SiteCategory,restoreProperty,6,2,3
eclipse.pde.ui-20120217-1437,org.eclipse.pde.internal.core.site,SiteCategory,getDefinition,9,3,0
eclipse.pde.ui-20120217-1437,org.eclipse.pde.internal.core.site,SiteCategoryDefinition,getName,3,1,0
eclipse.pde.ui-20120217-1437,org.eclipse.pde.internal.core.site,SiteCategoryDefinition,isValid,3,1,0
eclipse.pde.ui-20120217-1437,org.eclipse.pde.internal.core.site,SiteCategoryDefinition,setName,6,1,1
eclipse.pde.ui-20120217-1437,org.eclipse.pde.internal.core.site,SiteCategoryDefinition,getDescription,3,1,0
eclipse.pde.ui-20120217-1437,org.eclipse.pde.internal.core.site,SiteCategoryDefinition,setDescription,6,1,1
eclipse.pde.ui-20120217-1437,org.eclipse.pde.internal.core.site,SiteCategoryDefinition,reset,5,1,0
eclipse.pde.ui-20120217-1437,org.eclipse.pde.internal.core.site,SiteCategoryDefinition,parse,14,3,1
eclipse.pde.ui-20120217-1437,org.eclipse.pde.internal.core.site,SiteCategoryDefinition,restoreProperty,9,3,3
eclipse.pde.ui-20120217-1437,org.eclipse.pde.internal.core.site,SiteCategoryDefinition,write,12,4,2
eclipse.pde.ui-20120217-1437,org.eclipse.pde.internal.core.site,SiteDescription,getName,3,1,0
eclipse.pde.ui-20120217-1437,org.eclipse.pde.internal.core.site,SiteDescription,getURL,3,1,0
eclipse.pde.ui-20120217-1437,org.eclipse.pde.internal.core.site,SiteDescription,getText,3,1,0
eclipse.pde.ui-20120217-1437,org.eclipse.pde.internal.core.site,SiteDescription,setName,6,1,1
eclipse.pde.ui-20120217-1437,org.eclipse.pde.internal.core.site,SiteDescription,setURL,6,1,1
eclipse.pde.ui-20120217-1437,org.eclipse.pde.internal.core.site,SiteDescription,setText,6,1,1
eclipse.pde.ui-20120217-1437,org.eclipse.pde.internal.core.site,SiteDescription,reset,5,1,0
eclipse.pde.ui-20120217-1437,org.eclipse.pde.internal.core.site,SiteDescription,parse,13,4,1
eclipse.pde.ui-20120217-1437,org.eclipse.pde.internal.core.site,SiteDescription,restoreProperty,12,4,3
eclipse.pde.ui-20120217-1437,org.eclipse.pde.internal.core.site,SiteDescription,write,14,5,2
eclipse.pde.ui-20120217-1437,org.eclipse.pde.internal.core.site,SiteDescription,isValid,3,1,0
eclipse.pde.ui-20120217-1437,org.eclipse.pde.internal.core.site,SiteFeature,isValid,8,4,0
eclipse.pde.ui-20120217-1437,org.eclipse.pde.internal.core.site,SiteFeature,addCategories,9,2,1
eclipse.pde.ui-20120217-1437,org.eclipse.pde.internal.core.site,SiteFeature,removeCategories,9,2,1
eclipse.pde.ui-20120217-1437,org.eclipse.pde.internal.core.site,SiteFeature,getCategories,3,1,0
eclipse.pde.ui-20120217-1437,org.eclipse.pde.internal.core.site,SiteFeature,getType,3,1,0
eclipse.pde.ui-20120217-1437,org.eclipse.pde.internal.core.site,SiteFeature,getURL,3,1,0
eclipse.pde.ui-20120217-1437,org.eclipse.pde.internal.core.site,SiteFeature,setType,6,1,1
eclipse.pde.ui-20120217-1437,org.eclipse.pde.internal.core.site,SiteFeature,setURL,6,1,1
eclipse.pde.ui-20120217-1437,org.eclipse.pde.internal.core.site,SiteFeature,parse,21,3,1
eclipse.pde.ui-20120217-1437,org.eclipse.pde.internal.core.site,SiteFeature,reset,11,1,0
eclipse.pde.ui-20120217-1437,org.eclipse.pde.internal.core.site,SiteFeature,restoreProperty,26,8,3
eclipse.pde.ui-20120217-1437,org.eclipse.pde.internal.core.site,SiteFeature,write,24,13,2
eclipse.pde.ui-20120217-1437,org.eclipse.pde.internal.core.site,SiteFeature,getArchiveFile,9,4,0
eclipse.pde.ui-20120217-1437,org.eclipse.pde.internal.core.site,SiteFeature,getOS,3,1,0
eclipse.pde.ui-20120217-1437,org.eclipse.pde.internal.core.site,SiteFeature,getNL,3,1,0
eclipse.pde.ui-20120217-1437,org.eclipse.pde.internal.core.site,SiteFeature,getArch,3,1,0
eclipse.pde.ui-20120217-1437,org.eclipse.pde.internal.core.site,SiteFeature,getWS,3,1,0
eclipse.pde.ui-20120217-1437,org.eclipse.pde.internal.core.site,SiteFeature,setOS,6,1,1
eclipse.pde.ui-20120217-1437,org.eclipse.pde.internal.core.site,SiteFeature,setWS,6,1,1
eclipse.pde.ui-20120217-1437,org.eclipse.pde.internal.core.site,SiteFeature,setArch,6,1,1
eclipse.pde.ui-20120217-1437,org.eclipse.pde.internal.core.site,SiteFeature,setNL,6,1,1
eclipse.pde.ui-20120217-1437,org.eclipse.pde.internal.core.site,SiteFeature,isPatch,3,1,0
eclipse.pde.ui-20120217-1437,org.eclipse.pde.internal.core.site,SiteFeature,setIsPatch,6,1,1
eclipse.pde.ui-20120217-1437,org.eclipse.pde.internal.core.site,SiteModelFactory,SiteModelFactory,3,1,1
eclipse.pde.ui-20120217-1437,org.eclipse.pde.internal.core.site,SiteModelFactory,createSite,6,1,0
eclipse.pde.ui-20120217-1437,org.eclipse.pde.internal.core.site,SiteModelFactory,createFeature,6,1,0
eclipse.pde.ui-20120217-1437,org.eclipse.pde.internal.core.site,SiteModelFactory,createCategory,6,1,1
eclipse.pde.ui-20120217-1437,org.eclipse.pde.internal.core.site,SiteModelFactory,createCategoryDefinition,6,1,0
eclipse.pde.ui-20120217-1437,org.eclipse.pde.internal.core.site,SiteModelFactory,createDescription,6,1,1
eclipse.pde.ui-20120217-1437,org.eclipse.pde.internal.core.site,SiteModelFactory,createArchive,6,1,0
eclipse.pde.ui-20120217-1437,org.eclipse.pde.internal.core.site,SiteObject,setInTheModel,3,1,1
eclipse.pde.ui-20120217-1437,org.eclipse.pde.internal.core.site,SiteObject,isInTheModel,3,1,0
eclipse.pde.ui-20120217-1437,org.eclipse.pde.internal.core.site,SiteObject,ensureModelEditable,5,2,0
eclipse.pde.ui-20120217-1437,org.eclipse.pde.internal.core.site,SiteObject,firePropertyChanged,3,1,3
eclipse.pde.ui-20120217-1437,org.eclipse.pde.internal.core.site,SiteObject,firePropertyChanged,5,2,4
eclipse.pde.ui-20120217-1437,org.eclipse.pde.internal.core.site,SiteObject,fireStructureChanged,3,1,2
eclipse.pde.ui-20120217-1437,org.eclipse.pde.internal.core.site,SiteObject,fireStructureChanged,6,2,2
eclipse.pde.ui-20120217-1437,org.eclipse.pde.internal.core.site,SiteObject,getSite,3,1,0
eclipse.pde.ui-20120217-1437,org.eclipse.pde.internal.core.site,SiteObject,getLabel,3,1,0
eclipse.pde.ui-20120217-1437,org.eclipse.pde.internal.core.site,SiteObject,getTranslatableLabel,4,2,0
eclipse.pde.ui-20120217-1437,org.eclipse.pde.internal.core.site,SiteObject,getModel,3,1,0
eclipse.pde.ui-20120217-1437,org.eclipse.pde.internal.core.site,SiteObject,getNodeAttribute,7,3,2
eclipse.pde.ui-20120217-1437,org.eclipse.pde.internal.core.site,SiteObject,getIntegerAttribute,11,2,2
eclipse.pde.ui-20120217-1437,org.eclipse.pde.internal.core.site,SiteObject,getBooleanAttribute,7,2,2
eclipse.pde.ui-20120217-1437,org.eclipse.pde.internal.core.site,SiteObject,getNormalizedText,5,1,1
eclipse.pde.ui-20120217-1437,org.eclipse.pde.internal.core.site,SiteObject,getParent,3,1,0
eclipse.pde.ui-20120217-1437,org.eclipse.pde.internal.core.site,SiteObject,parse,3,1,1
eclipse.pde.ui-20120217-1437,org.eclipse.pde.internal.core.site,SiteObject,reset,3,1,0
eclipse.pde.ui-20120217-1437,org.eclipse.pde.internal.core.site,SiteObject,setLabel,6,1,1
eclipse.pde.ui-20120217-1437,org.eclipse.pde.internal.core.site,SiteObject,throwCoreException,6,1,1
eclipse.pde.ui-20120217-1437,org.eclipse.pde.internal.core.site,SiteObject,getWritableString,28,8,1
eclipse.pde.ui-20120217-1437,org.eclipse.pde.internal.core.site,SiteObject,restoreProperty,5,2,3
eclipse.pde.ui-20120217-1437,org.eclipse.pde.internal.core.site,SiteObject,write,2,1,2
eclipse.pde.ui-20120217-1437,org.eclipse.pde.internal.core.site,SiteObject,setModel,3,1,1
eclipse.pde.ui-20120217-1437,org.eclipse.pde.internal.core.site,SiteObject,setParent,3,1,1
eclipse.pde.ui-20120217-1437,org.eclipse.pde.internal.core.site,VersionableObject,getVersion,3,1,0
eclipse.pde.ui-20120217-1437,org.eclipse.pde.internal.core.site,VersionableObject,parse,4,1,1
eclipse.pde.ui-20120217-1437,org.eclipse.pde.internal.core.site,VersionableObject,setVersion,6,1,1
eclipse.pde.ui-20120217-1437,org.eclipse.pde.internal.core.site,VersionableObject,restoreProperty,6,2,3
eclipse.pde.ui-20120217-1437,org.eclipse.pde.internal.core.site,VersionableObject,reset,4,1,0
eclipse.pde.ui-20120217-1437,org.eclipse.pde.internal.core.site,WorkspaceSiteModel,WorkspaceSiteModel,3,1,1
eclipse.pde.ui-20120217-1437,org.eclipse.pde.internal.core.site,WorkspaceSiteModel,fireModelChanged,4,1,1
eclipse.pde.ui-20120217-1437,org.eclipse.pde.internal.core.site,WorkspaceSiteModel,createNLResourceHelper,14,2,0
eclipse.pde.ui-20120217-1437,org.eclipse.pde.internal.core.site,WorkspaceSiteModel,getContents,13,1,0
eclipse.pde.ui-20120217-1437,org.eclipse.pde.internal.core.site,WorkspaceSiteModel,getFile,3,1,0
eclipse.pde.ui-20120217-1437,org.eclipse.pde.internal.core.site,WorkspaceSiteModel,getInstallLocation,3,1,0
eclipse.pde.ui-20120217-1437,org.eclipse.pde.internal.core.site,WorkspaceSiteModel,getUnderlyingResource,3,1,0
eclipse.pde.ui-20120217-1437,org.eclipse.pde.internal.core.site,WorkspaceSiteModel,isDirty,3,1,0
eclipse.pde.ui-20120217-1437,org.eclipse.pde.internal.core.site,WorkspaceSiteModel,isEditable,3,1,0
eclipse.pde.ui-20120217-1437,org.eclipse.pde.internal.core.site,WorkspaceSiteModel,isInSync,3,1,0
eclipse.pde.ui-20120217-1437,org.eclipse.pde.internal.core.site,WorkspaceSiteModel,updateTimeStamp,3,1,0
eclipse.pde.ui-20120217-1437,org.eclipse.pde.internal.core.site,WorkspaceSiteModel,load,30,4,0
eclipse.pde.ui-20120217-1437,org.eclipse.pde.internal.core.site,WorkspaceSiteModel,save,18,2,0
eclipse.pde.ui-20120217-1437,org.eclipse.pde.internal.core.site,WorkspaceSiteModel,save,7,2,1
eclipse.pde.ui-20120217-1437,org.eclipse.pde.internal.core.site,WorkspaceSiteModel,setDirty,3,1,1
eclipse.pde.ui-20120217-1437,org.eclipse.pde.internal.core.site,WorkspaceSiteModel,setEditable,3,1,1
eclipse.pde.ui-20120217-1437,org.eclipse.pde.internal.core.target,AbstractBundleContainer,resolveVariables,4,1,1
eclipse.pde.ui-20120217-1437,org.eclipse.pde.internal.core.target,AbstractBundleContainer,isResolved,3,1,0
eclipse.pde.ui-20120217-1437,org.eclipse.pde.internal.core.target,AbstractBundleContainer,resolve,24,3,2
eclipse.pde.ui-20120217-1437,org.eclipse.pde.internal.core.target,AbstractBundleContainer,getStatus,6,2,0
eclipse.pde.ui-20120217-1437,org.eclipse.pde.internal.core.target,AbstractBundleContainer,getBundles,6,2,0
eclipse.pde.ui-20120217-1437,org.eclipse.pde.internal.core.target,AbstractBundleContainer,getFeatures,6,2,0
eclipse.pde.ui-20120217-1437,org.eclipse.pde.internal.core.target,AbstractBundleContainer,resolveBundles,0,1,2
eclipse.pde.ui-20120217-1437,org.eclipse.pde.internal.core.target,AbstractBundleContainer,resolveFeatures,0,1,2
eclipse.pde.ui-20120217-1437,org.eclipse.pde.internal.core.target,AbstractBundleContainer,getType,0,1,0
eclipse.pde.ui-20120217-1437,org.eclipse.pde.internal.core.target,AbstractBundleContainer,getLocation,0,1,1
eclipse.pde.ui-20120217-1437,org.eclipse.pde.internal.core.target,AbstractBundleContainer,isContentEqual,0,1,1
eclipse.pde.ui-20120217-1437,org.eclipse.pde.internal.core.target,AbstractBundleContainer,clearResolutionStatus,3,1,0
eclipse.pde.ui-20120217-1437,org.eclipse.pde.internal.core.target,AbstractBundleContainer,getVMArguments,41,7,0
eclipse.pde.ui-20120217-1437,org.eclipse.pde.internal.core.target,AbstractBundleContainer,associateWithTarget,2,1,1
eclipse.pde.ui-20120217-1437,org.eclipse.pde.internal.core.target,AbstractBundleContainer,serialize,3,1,0
eclipse.pde.ui-20120217-1437,org.eclipse.pde.internal.core.target,AbstractTargetHandle,getTargetDefinition,7,2,0
eclipse.pde.ui-20120217-1437,org.eclipse.pde.internal.core.target,AbstractTargetHandle,getInputStream,0,1,0
eclipse.pde.ui-20120217-1437,org.eclipse.pde.internal.core.target,AbstractTargetHandle,delete,0,1,0
eclipse.pde.ui-20120217-1437,org.eclipse.pde.internal.core.target,AbstractTargetHandle,save,0,1,1
eclipse.pde.ui-20120217-1437,org.eclipse.pde.internal.core.target,DirectoryBundleContainer,DirectoryBundleContainer,3,1,1
eclipse.pde.ui-20120217-1437,org.eclipse.pde.internal.core.target,DirectoryBundleContainer,getLocation,6,2,1
eclipse.pde.ui-20120217-1437,org.eclipse.pde.internal.core.target,DirectoryBundleContainer,getType,3,1,0
eclipse.pde.ui-20120217-1437,org.eclipse.pde.internal.core.target,DirectoryBundleContainer,resolveBundles,26,5,2
eclipse.pde.ui-20120217-1437,org.eclipse.pde.internal.core.target,DirectoryBundleContainer,resolveFeatures,6,2,2
eclipse.pde.ui-20120217-1437,org.eclipse.pde.internal.core.target,DirectoryBundleContainer,getDirectory,4,1,0
eclipse.pde.ui-20120217-1437,org.eclipse.pde.internal.core.target,DirectoryBundleContainer,isContentEqual,7,2,1
eclipse.pde.ui-20120217-1437,org.eclipse.pde.internal.core.target,DirectoryBundleContainer,toString,3,1,0
eclipse.pde.ui-20120217-1437,org.eclipse.pde.internal.core.target,DirectoryBundleContainer,getSite,7,2,1
eclipse.pde.ui-20120217-1437,org.eclipse.pde.internal.core.target,ExportTargetJob,ExportTargetJob,6,1,3
eclipse.pde.ui-20120217-1437,org.eclipse.pde.internal.core.target,ExportTargetJob,run,24,3,1
eclipse.pde.ui-20120217-1437,org.eclipse.pde.internal.core.target,ExportTargetJob,constructFilter,16,4,1
eclipse.pde.ui-20120217-1437,org.eclipse.pde.internal.core.target,ExportTargetJob,setupDestination,16,3,1
eclipse.pde.ui-20120217-1437,org.eclipse.pde.internal.core.target,ExportTargetJob,shouldExport,10,5,1
eclipse.pde.ui-20120217-1437,org.eclipse.pde.internal.core.target,ExportTargetJob,shouldExport,5,2,1
eclipse.pde.ui-20120217-1437,org.eclipse.pde.internal.core.target,ExportTargetJob,shouldExport,5,2,1
eclipse.pde.ui-20120217-1437,org.eclipse.pde.internal.core.target,ExportTargetJob,shouldExport,18,6,1
eclipse.pde.ui-20120217-1437,org.eclipse.pde.internal.core.target,ExportTargetJob,getCapability,7,3,2
eclipse.pde.ui-20120217-1437,org.eclipse.pde.internal.core.target,ExportTargetJob,exportContainer,16,7,6
eclipse.pde.ui-20120217-1437,org.eclipse.pde.internal.core.target,ExportTargetJob,copy,15,3,4
eclipse.pde.ui-20120217-1437,org.eclipse.pde.internal.core.target,ExportTargetJob,createRepoDescriptor,8,2,3
eclipse.pde.ui-20120217-1437,org.eclipse.pde.internal.core.target,ExportTargetJob,exportProfile,14,3,3
eclipse.pde.ui-20120217-1437,org.eclipse.pde.internal.core.target,ExternalFileTargetHandle,restoreHandle,3,1,1
eclipse.pde.ui-20120217-1437,org.eclipse.pde.internal.core.target,ExternalFileTargetHandle,ExternalFileTargetHandle,4,1,1
eclipse.pde.ui-20120217-1437,org.eclipse.pde.internal.core.target,ExternalFileTargetHandle,delete,2,1,0
eclipse.pde.ui-20120217-1437,org.eclipse.pde.internal.core.target,ExternalFileTargetHandle,getInputStream,10,1,0
eclipse.pde.ui-20120217-1437,org.eclipse.pde.internal.core.target,ExternalFileTargetHandle,save,10,1,1
eclipse.pde.ui-20120217-1437,org.eclipse.pde.internal.core.target,ExternalFileTargetHandle,exists,3,1,0
eclipse.pde.ui-20120217-1437,org.eclipse.pde.internal.core.target,ExternalFileTargetHandle,getMemento,3,1,0
eclipse.pde.ui-20120217-1437,org.eclipse.pde.internal.core.target,ExternalFileTargetHandle,equals,7,2,1
eclipse.pde.ui-20120217-1437,org.eclipse.pde.internal.core.target,ExternalFileTargetHandle,getLocation,3,1,0
eclipse.pde.ui-20120217-1437,org.eclipse.pde.internal.core.target,ExternalFileTargetHandle,toString,3,1,0
eclipse.pde.ui-20120217-1437,org.eclipse.pde.internal.core.target,FeatureBundleContainer,FeatureBundleContainer,5,1,3
eclipse.pde.ui-20120217-1437,org.eclipse.pde.internal.core.target,FeatureBundleContainer,getLocation,6,2,1
eclipse.pde.ui-20120217-1437,org.eclipse.pde.internal.core.target,FeatureBundleContainer,getType,3,1,0
eclipse.pde.ui-20120217-1437,org.eclipse.pde.internal.core.target,FeatureBundleContainer,getFeatureId,3,1,0
eclipse.pde.ui-20120217-1437,org.eclipse.pde.internal.core.target,FeatureBundleContainer,getFeatureVersion,3,1,0
eclipse.pde.ui-20120217-1437,org.eclipse.pde.internal.core.target,FeatureBundleContainer,resolveHomeLocation,3,1,0
eclipse.pde.ui-20120217-1437,org.eclipse.pde.internal.core.target,FeatureBundleContainer,resolveBundles,53,12,2
eclipse.pde.ui-20120217-1437,org.eclipse.pde.internal.core.target,FeatureBundleContainer,resolveFeatures,13,5,2
eclipse.pde.ui-20120217-1437,org.eclipse.pde.internal.core.target,FeatureBundleContainer,isMatch,9,3,3
eclipse.pde.ui-20120217-1437,org.eclipse.pde.internal.core.target,FeatureBundleContainer,isContentEqual,7,2,1
eclipse.pde.ui-20120217-1437,org.eclipse.pde.internal.core.target,FeatureBundleContainer,isNullOrEqual,9,3,2
eclipse.pde.ui-20120217-1437,org.eclipse.pde.internal.core.target,FeatureBundleContainer,toString,3,1,0
eclipse.pde.ui-20120217-1437,org.eclipse.pde.internal.core.target,FeatureBundleContainer,getVMArguments,3,1,0
eclipse.pde.ui-20120217-1437,org.eclipse.pde.internal.core.target,IUBundleContainer,IUBundleContainer,14,3,4
eclipse.pde.ui-20120217-1437,org.eclipse.pde.internal.core.target,IUBundleContainer,IUBundleContainer,15,3,3
eclipse.pde.ui-20120217-1437,org.eclipse.pde.internal.core.target,IUBundleContainer,getLocation,3,1,1
eclipse.pde.ui-20120217-1437,org.eclipse.pde.internal.core.target,IUBundleContainer,getType,3,1,0
eclipse.pde.ui-20120217-1437,org.eclipse.pde.internal.core.target,IUBundleContainer,resolveFeatures,5,1,2
eclipse.pde.ui-20120217-1437,org.eclipse.pde.internal.core.target,IUBundleContainer,getTarget,3,1,0
eclipse.pde.ui-20120217-1437,org.eclipse.pde.internal.core.target,IUBundleContainer,cacheFeatures,29,7,1
eclipse.pde.ui-20120217-1437,org.eclipse.pde.internal.core.target,IUBundleContainer,resolveBundles,5,1,2
eclipse.pde.ui-20120217-1437,org.eclipse.pde.internal.core.target,IUBundleContainer,cacheIUs,12,3,1
eclipse.pde.ui-20120217-1437,org.eclipse.pde.internal.core.target,IUBundleContainer,cacheBundles,31,6,1
eclipse.pde.ui-20120217-1437,org.eclipse.pde.internal.core.target,IUBundleContainer,synchronizerChanged,5,1,1
eclipse.pde.ui-20120217-1437,org.eclipse.pde.internal.core.target,IUBundleContainer,update,24,7,2
eclipse.pde.ui-20120217-1437,org.eclipse.pde.internal.core.target,IUBundleContainer,clearResolutionStatus,4,1,0
eclipse.pde.ui-20120217-1437,org.eclipse.pde.internal.core.target,IUBundleContainer,generateResolvedBundles,17,4,3
eclipse.pde.ui-20120217-1437,org.eclipse.pde.internal.core.target,IUBundleContainer,generateBundle,12,4,3
eclipse.pde.ui-20120217-1437,org.eclipse.pde.internal.core.target,IUBundleContainer,isContentEqual,11,2,1
eclipse.pde.ui-20120217-1437,org.eclipse.pde.internal.core.target,IUBundleContainer,isEqualOrNull,17,6,2
eclipse.pde.ui-20120217-1437,org.eclipse.pde.internal.core.target,IUBundleContainer,getRepositories,3,1,0
eclipse.pde.ui-20120217-1437,org.eclipse.pde.internal.core.target,IUBundleContainer,removeInstallableUnit,13,3,1
eclipse.pde.ui-20120217-1437,org.eclipse.pde.internal.core.target,IUBundleContainer,getIncludeAllRequired,4,2,0
eclipse.pde.ui-20120217-1437,org.eclipse.pde.internal.core.target,IUBundleContainer,getIncludeAllEnvironments,4,2,0
eclipse.pde.ui-20120217-1437,org.eclipse.pde.internal.core.target,IUBundleContainer,getIncludeSource,4,2,0
eclipse.pde.ui-20120217-1437,org.eclipse.pde.internal.core.target,IUBundleContainer,getInstallableUnits,4,2,0
eclipse.pde.ui-20120217-1437,org.eclipse.pde.internal.core.target,IUBundleContainer,getIds,3,1,0
eclipse.pde.ui-20120217-1437,org.eclipse.pde.internal.core.target,IUBundleContainer,getVersions,3,1,0
eclipse.pde.ui-20120217-1437,org.eclipse.pde.internal.core.target,IUBundleContainer,getSynchronizer,7,3,1
eclipse.pde.ui-20120217-1437,org.eclipse.pde.internal.core.target,IUBundleContainer,setSynchronizer,3,1,1
eclipse.pde.ui-20120217-1437,org.eclipse.pde.internal.core.target,IUBundleContainer,associateWithTarget,8,1,1
eclipse.pde.ui-20120217-1437,org.eclipse.pde.internal.core.target,IUBundleContainer,serialize,44,4,0
eclipse.pde.ui-20120217-1437,org.eclipse.pde.internal.core.target,IULocationFactory,getTargetLocation,64,12,2
eclipse.pde.ui-20120217-1437,org.eclipse.pde.internal.core.target,InvalidTargetBundle,InvalidTargetBundle,4,1,2
eclipse.pde.ui-20120217-1437,org.eclipse.pde.internal.core.target,InvalidTargetBundle,getStatus,3,1,0
eclipse.pde.ui-20120217-1437,org.eclipse.pde.internal.core.target,LocalTargetHandle,nextTimeStamp,8,2,0
eclipse.pde.ui-20120217-1437,org.eclipse.pde.internal.core.target,LocalTargetHandle,restoreHandle,16,2,1
eclipse.pde.ui-20120217-1437,org.eclipse.pde.internal.core.target,LocalTargetHandle,LocalTargetHandle,3,1,0
eclipse.pde.ui-20120217-1437,org.eclipse.pde.internal.core.target,LocalTargetHandle,LocalTargetHandle,3,1,1
eclipse.pde.ui-20120217-1437,org.eclipse.pde.internal.core.target,LocalTargetHandle,getInputStream,8,1,0
eclipse.pde.ui-20120217-1437,org.eclipse.pde.internal.core.target,LocalTargetHandle,getMemento,9,1,0
eclipse.pde.ui-20120217-1437,org.eclipse.pde.internal.core.target,LocalTargetHandle,exists,3,1,0
eclipse.pde.ui-20120217-1437,org.eclipse.pde.internal.core.target,LocalTargetHandle,getFile,7,1,0
eclipse.pde.ui-20120217-1437,org.eclipse.pde.internal.core.target,LocalTargetHandle,equals,7,2,1
eclipse.pde.ui-20120217-1437,org.eclipse.pde.internal.core.target,LocalTargetHandle,hashCode,3,1,0
eclipse.pde.ui-20120217-1437,org.eclipse.pde.internal.core.target,LocalTargetHandle,delete,10,3,0
eclipse.pde.ui-20120217-1437,org.eclipse.pde.internal.core.target,LocalTargetHandle,getOutputStream,16,2,0
eclipse.pde.ui-20120217-1437,org.eclipse.pde.internal.core.target,LocalTargetHandle,save,10,1,1
eclipse.pde.ui-20120217-1437,org.eclipse.pde.internal.core.target,LocalTargetHandle,toString,3,1,0
eclipse.pde.ui-20120217-1437,org.eclipse.pde.internal.core.target,Messages,Messages,2,1,0
eclipse.pde.ui-20120217-1437,org.eclipse.pde.internal.core.target,P2TargetUtils,P2TargetUtils,7,1,1
eclipse.pde.ui-20120217-1437,org.eclipse.pde.internal.core.target,P2TargetUtils,cleanOrphanedTargetDefinitionProfiles,21,5,0
eclipse.pde.ui-20120217-1437,org.eclipse.pde.internal.core.target,P2TargetUtils,delete,11,3,1
eclipse.pde.ui-20120217-1437,org.eclipse.pde.internal.core.target,P2TargetUtils,deleteProfile,16,5,1
eclipse.pde.ui-20120217-1437,org.eclipse.pde.internal.core.target,P2TargetUtils,garbageCollect,13,3,0
eclipse.pde.ui-20120217-1437,org.eclipse.pde.internal.core.target,P2TargetUtils,generateEnvironmentProperties,24,4,1
eclipse.pde.ui-20120217-1437,org.eclipse.pde.internal.core.target,P2TargetUtils,generateNLProperty,7,2,1
eclipse.pde.ui-20120217-1437,org.eclipse.pde.internal.core.target,P2TargetUtils,getAgent,34,6,0
eclipse.pde.ui-20120217-1437,org.eclipse.pde.internal.core.target,P2TargetUtils,getGlobalAgent,5,2,0
eclipse.pde.ui-20120217-1437,org.eclipse.pde.internal.core.target,P2TargetUtils,getAgentLocation,5,2,0
eclipse.pde.ui-20120217-1437,org.eclipse.pde.internal.core.target,P2TargetUtils,getArtifactRepositoryManager,7,2,0
eclipse.pde.ui-20120217-1437,org.eclipse.pde.internal.core.target,P2TargetUtils,getBundlePool,12,2,0
eclipse.pde.ui-20120217-1437,org.eclipse.pde.internal.core.target,P2TargetUtils,getEngine,7,2,0
eclipse.pde.ui-20120217-1437,org.eclipse.pde.internal.core.target,P2TargetUtils,getGarbageCollector,7,2,0
eclipse.pde.ui-20120217-1437,org.eclipse.pde.internal.core.target,P2TargetUtils,getPlanner,7,2,0
eclipse.pde.ui-20120217-1437,org.eclipse.pde.internal.core.target,P2TargetUtils,getPreferences,3,1,0
eclipse.pde.ui-20120217-1437,org.eclipse.pde.internal.core.target,P2TargetUtils,checkProfile,65,18,1
eclipse.pde.ui-20120217-1437,org.eclipse.pde.internal.core.target,P2TargetUtils,setIncludeAllRequired,3,1,1
eclipse.pde.ui-20120217-1437,org.eclipse.pde.internal.core.target,P2TargetUtils,getIncludeAllRequired,3,1,0
eclipse.pde.ui-20120217-1437,org.eclipse.pde.internal.core.target,P2TargetUtils,setIncludeAllEnvironments,3,1,1
eclipse.pde.ui-20120217-1437,org.eclipse.pde.internal.core.target,P2TargetUtils,getIncludeAllEnvironments,3,1,0
eclipse.pde.ui-20120217-1437,org.eclipse.pde.internal.core.target,P2TargetUtils,setIncludeSource,3,1,1
eclipse.pde.ui-20120217-1437,org.eclipse.pde.internal.core.target,P2TargetUtils,getIncludeSource,3,1,0
eclipse.pde.ui-20120217-1437,org.eclipse.pde.internal.core.target,P2TargetUtils,isResolved,10,2,1
eclipse.pde.ui-20120217-1437,org.eclipse.pde.internal.core.target,P2TargetUtils,getSynchronizer,13,2,1
eclipse.pde.ui-20120217-1437,org.eclipse.pde.internal.core.target,P2TargetUtils,getIUs,6,2,2
eclipse.pde.ui-20120217-1437,org.eclipse.pde.internal.core.target,P2TargetUtils,synchronize,16,5,2
eclipse.pde.ui-20120217-1437,org.eclipse.pde.internal.core.target,P2TargetUtils,createProfile,17,2,1
eclipse.pde.ui-20120217-1437,org.eclipse.pde.internal.core.target,P2TargetUtils,notify,12,4,2
eclipse.pde.ui-20120217-1437,org.eclipse.pde.internal.core.target,P2TargetUtils,getProfileId,6,1,1
eclipse.pde.ui-20120217-1437,org.eclipse.pde.internal.core.target,P2TargetUtils,getProfileId,8,1,1
eclipse.pde.ui-20120217-1437,org.eclipse.pde.internal.core.target,P2TargetUtils,getProfileRegistry,7,2,0
eclipse.pde.ui-20120217-1437,org.eclipse.pde.internal.core.target,P2TargetUtils,getProvisionMode,3,1,1
eclipse.pde.ui-20120217-1437,org.eclipse.pde.internal.core.target,P2TargetUtils,getRepoManager,7,2,0
eclipse.pde.ui-20120217-1437,org.eclipse.pde.internal.core.target,P2TargetUtils,getQueryableMetadata,27,5,2
eclipse.pde.ui-20120217-1437,org.eclipse.pde.internal.core.target,P2TargetUtils,resolveWithPlanner,51,9,2
eclipse.pde.ui-20120217-1437,org.eclipse.pde.internal.core.target,P2TargetUtils,setPlanProperties,6,1,3
eclipse.pde.ui-20120217-1437,org.eclipse.pde.internal.core.target,P2TargetUtils,createPhaseSet,10,1,0
eclipse.pde.ui-20120217-1437,org.eclipse.pde.internal.core.target,P2TargetUtils,computeRemovals,9,3,3
eclipse.pde.ui-20120217-1437,org.eclipse.pde.internal.core.target,P2TargetUtils,planInSourceBundles,35,7,3
eclipse.pde.ui-20120217-1437,org.eclipse.pde.internal.core.target,P2TargetUtils,createSourceIU,23,3,2
eclipse.pde.ui-20120217-1437,org.eclipse.pde.internal.core.target,P2TargetUtils,getCurrentSourceIU,7,2,1
eclipse.pde.ui-20120217-1437,org.eclipse.pde.internal.core.target,P2TargetUtils,resolveWithSlicer,56,11,2
eclipse.pde.ui-20120217-1437,org.eclipse.pde.internal.core.target,P2TargetUtils,slice,29,6,4
eclipse.pde.ui-20120217-1437,org.eclipse.pde.internal.core.target,P2TargetUtils,getArtifactRepositories,21,5,1
eclipse.pde.ui-20120217-1437,org.eclipse.pde.internal.core.target,P2TargetUtils,useAdditionalLocalArtifacts,3,1,0
eclipse.pde.ui-20120217-1437,org.eclipse.pde.internal.core.target,P2TargetUtils,findWorkspaceRepos,13,5,1
eclipse.pde.ui-20120217-1437,org.eclipse.pde.internal.core.target,P2TargetUtils,findProfileRepos,23,6,1
eclipse.pde.ui-20120217-1437,org.eclipse.pde.internal.core.target,P2TargetUtils,getRootIUs,20,5,1
eclipse.pde.ui-20120217-1437,org.eclipse.pde.internal.core.target,P2TargetUtils,getMetadataRepositories,16,4,1
eclipse.pde.ui-20120217-1437,org.eclipse.pde.internal.core.target,P2TargetUtils,execute,22,4,1
eclipse.pde.ui-20120217-1437,org.eclipse.pde.internal.core.target,P2TargetUtils,undo,3,1,1
eclipse.pde.ui-20120217-1437,org.eclipse.pde.internal.core.target,P2TargetUtils,CollectNativesPhase,3,1,1
eclipse.pde.ui-20120217-1437,org.eclipse.pde.internal.core.target,P2TargetUtils,getActions,7,2,1
eclipse.pde.ui-20120217-1437,org.eclipse.pde.internal.core.target,P2TargetUtils,initializePhase,5,1,3
eclipse.pde.ui-20120217-1437,org.eclipse.pde.internal.core.target,P2TargetUtils,completePhase,10,2,3
eclipse.pde.ui-20120217-1437,org.eclipse.pde.internal.core.target,P2TargetUtils,getProfile,3,1,0
eclipse.pde.ui-20120217-1437,org.eclipse.pde.internal.core.target,P2TargetUtils,markDirty,3,1,0
eclipse.pde.ui-20120217-1437,org.eclipse.pde.internal.core.target,CollectNativesAction,execute,22,4,1
eclipse.pde.ui-20120217-1437,org.eclipse.pde.internal.core.target,CollectNativesAction,undo,3,1,1
eclipse.pde.ui-20120217-1437,org.eclipse.pde.internal.core.target,CollectNativesPhase,CollectNativesPhase,3,1,1
eclipse.pde.ui-20120217-1437,org.eclipse.pde.internal.core.target,CollectNativesPhase,getActions,7,2,1
eclipse.pde.ui-20120217-1437,org.eclipse.pde.internal.core.target,CollectNativesPhase,initializePhase,5,1,3
eclipse.pde.ui-20120217-1437,org.eclipse.pde.internal.core.target,CollectNativesPhase,completePhase,10,2,3
eclipse.pde.ui-20120217-1437,org.eclipse.pde.internal.core.target,ProfileBundleContainer,ProfileBundleContainer,4,1,2
eclipse.pde.ui-20120217-1437,org.eclipse.pde.internal.core.target,ProfileBundleContainer,getLocation,6,2,1
eclipse.pde.ui-20120217-1437,org.eclipse.pde.internal.core.target,ProfileBundleContainer,getType,3,1,0
eclipse.pde.ui-20120217-1437,org.eclipse.pde.internal.core.target,ProfileBundleContainer,getConfigurationLocation,3,1,0
eclipse.pde.ui-20120217-1437,org.eclipse.pde.internal.core.target,ProfileBundleContainer,resolveBundles,57,12,2
eclipse.pde.ui-20120217-1437,org.eclipse.pde.internal.core.target,ProfileBundleContainer,resolveFeatures,6,2,2
eclipse.pde.ui-20120217-1437,org.eclipse.pde.internal.core.target,ProfileBundleContainer,resolvePlatformXML,23,5,3
eclipse.pde.ui-20120217-1437,org.eclipse.pde.internal.core.target,ProfileBundleContainer,resolveHomeLocation,3,1,0
eclipse.pde.ui-20120217-1437,org.eclipse.pde.internal.core.target,ProfileBundleContainer,getConfigurationArea,23,4,0
eclipse.pde.ui-20120217-1437,org.eclipse.pde.internal.core.target,ProfileBundleContainer,isContentEqual,7,2,1
eclipse.pde.ui-20120217-1437,org.eclipse.pde.internal.core.target,ProfileBundleContainer,getProfileFileLocation,69,13,0
eclipse.pde.ui-20120217-1437,org.eclipse.pde.internal.core.target,ProfileBundleContainer,substituteVar,5,2,5
eclipse.pde.ui-20120217-1437,org.eclipse.pde.internal.core.target,ProfileBundleContainer,isNullOrEqual,9,3,2
eclipse.pde.ui-20120217-1437,org.eclipse.pde.internal.core.target,ProfileBundleContainer,toString,3,1,0
eclipse.pde.ui-20120217-1437,org.eclipse.pde.internal.core.target,TargetDefinition,TargetDefinition,3,1,1
eclipse.pde.ui-20120217-1437,org.eclipse.pde.internal.core.target,TargetDefinition,getArch,3,1,0
eclipse.pde.ui-20120217-1437,org.eclipse.pde.internal.core.target,TargetDefinition,getTargetLocations,3,1,0
eclipse.pde.ui-20120217-1437,org.eclipse.pde.internal.core.target,TargetDefinition,getNL,3,1,0
eclipse.pde.ui-20120217-1437,org.eclipse.pde.internal.core.target,TargetDefinition,getName,3,1,0
eclipse.pde.ui-20120217-1437,org.eclipse.pde.internal.core.target,TargetDefinition,getOS,3,1,0
eclipse.pde.ui-20120217-1437,org.eclipse.pde.internal.core.target,TargetDefinition,getProgramArguments,3,1,0
eclipse.pde.ui-20120217-1437,org.eclipse.pde.internal.core.target,TargetDefinition,getVMArguments,3,1,0
eclipse.pde.ui-20120217-1437,org.eclipse.pde.internal.core.target,TargetDefinition,getWS,3,1,0
eclipse.pde.ui-20120217-1437,org.eclipse.pde.internal.core.target,TargetDefinition,setArch,4,1,1
eclipse.pde.ui-20120217-1437,org.eclipse.pde.internal.core.target,TargetDefinition,setNL,4,1,1
eclipse.pde.ui-20120217-1437,org.eclipse.pde.internal.core.target,TargetDefinition,setName,3,1,1
eclipse.pde.ui-20120217-1437,org.eclipse.pde.internal.core.target,TargetDefinition,setOS,4,1,1
eclipse.pde.ui-20120217-1437,org.eclipse.pde.internal.core.target,TargetDefinition,setProgramArguments,6,2,1
eclipse.pde.ui-20120217-1437,org.eclipse.pde.internal.core.target,TargetDefinition,setVMArguments,6,2,1
eclipse.pde.ui-20120217-1437,org.eclipse.pde.internal.core.target,TargetDefinition,setWS,4,1,1
eclipse.pde.ui-20120217-1437,org.eclipse.pde.internal.core.target,TargetDefinition,setTargetLocations,19,5,1
eclipse.pde.ui-20120217-1437,org.eclipse.pde.internal.core.target,TargetDefinition,flushCaches,13,3,1
eclipse.pde.ui-20120217-1437,org.eclipse.pde.internal.core.target,TargetDefinition,resolve,33,8,1
eclipse.pde.ui-20120217-1437,org.eclipse.pde.internal.core.target,TargetDefinition,isResolved,12,4,0
eclipse.pde.ui-20120217-1437,org.eclipse.pde.internal.core.target,TargetDefinition,getStatus,27,8,0
eclipse.pde.ui-20120217-1437,org.eclipse.pde.internal.core.target,TargetDefinition,setIncluded,3,1,1
eclipse.pde.ui-20120217-1437,org.eclipse.pde.internal.core.target,TargetDefinition,getIncluded,3,1,0
eclipse.pde.ui-20120217-1437,org.eclipse.pde.internal.core.target,TargetDefinition,getBundles,3,1,0
eclipse.pde.ui-20120217-1437,org.eclipse.pde.internal.core.target,TargetDefinition,getAllBundles,3,1,0
eclipse.pde.ui-20120217-1437,org.eclipse.pde.internal.core.target,TargetDefinition,getBundles,25,7,1
eclipse.pde.ui-20120217-1437,org.eclipse.pde.internal.core.target,TargetDefinition,filterBundles,62,17,2
eclipse.pde.ui-20120217-1437,org.eclipse.pde.internal.core.target,TargetDefinition,getMatchingBundles,26,6,3
eclipse.pde.ui-20120217-1437,org.eclipse.pde.internal.core.target,TargetDefinition,resolveBundle,49,8,3
eclipse.pde.ui-20120217-1437,org.eclipse.pde.internal.core.target,TargetDefinition,compare,13,1,2
eclipse.pde.ui-20120217-1437,org.eclipse.pde.internal.core.target,TargetDefinition,getHandle,3,1,0
eclipse.pde.ui-20120217-1437,org.eclipse.pde.internal.core.target,TargetDefinition,setContents,25,1,1
eclipse.pde.ui-20120217-1437,org.eclipse.pde.internal.core.target,TargetDefinition,write,17,1,1
eclipse.pde.ui-20120217-1437,org.eclipse.pde.internal.core.target,TargetDefinition,abort,3,1,2
eclipse.pde.ui-20120217-1437,org.eclipse.pde.internal.core.target,TargetDefinition,getImplicitDependencies,3,1,0
eclipse.pde.ui-20120217-1437,org.eclipse.pde.internal.core.target,TargetDefinition,setImplicitDependencies,6,2,1
eclipse.pde.ui-20120217-1437,org.eclipse.pde.internal.core.target,TargetDefinition,getJREContainer,3,1,0
eclipse.pde.ui-20120217-1437,org.eclipse.pde.internal.core.target,TargetDefinition,setJREContainer,3,1,1
eclipse.pde.ui-20120217-1437,org.eclipse.pde.internal.core.target,TargetDefinition,isContentEqual,12,4,1
eclipse.pde.ui-20120217-1437,org.eclipse.pde.internal.core.target,TargetDefinition,isContentEquivalent,12,4,1
eclipse.pde.ui-20120217-1437,org.eclipse.pde.internal.core.target,TargetDefinition,isNullOrEqual,9,3,2
eclipse.pde.ui-20120217-1437,org.eclipse.pde.internal.core.target,TargetDefinition,isNullOrEqual,17,6,2
eclipse.pde.ui-20120217-1437,org.eclipse.pde.internal.core.target,TargetDefinition,isArgsNullOrEqual,19,6,2
eclipse.pde.ui-20120217-1437,org.eclipse.pde.internal.core.target,TargetDefinition,areContainersEqual,19,6,2
eclipse.pde.ui-20120217-1437,org.eclipse.pde.internal.core.target,TargetDefinition,toString,18,3,0
eclipse.pde.ui-20120217-1437,org.eclipse.pde.internal.core.target,TargetDefinition,resolveFeatures,20,4,2
eclipse.pde.ui-20120217-1437,org.eclipse.pde.internal.core.target,TargetDefinition,getAllFeatures,24,7,0
eclipse.pde.ui-20120217-1437,org.eclipse.pde.internal.core.target,TargetDefinition,getOtherBundles,23,6,0
eclipse.pde.ui-20120217-1437,org.eclipse.pde.internal.core.target,TargetDefinition,getFeaturesAndBundles,32,10,0
eclipse.pde.ui-20120217-1437,org.eclipse.pde.internal.core.target,TargetDefinition,getUIMode,3,1,0
eclipse.pde.ui-20120217-1437,org.eclipse.pde.internal.core.target,TargetDefinition,setUIMode,3,1,1
eclipse.pde.ui-20120217-1437,org.eclipse.pde.internal.core.target,TargetDefinition,getSequenceNumber,3,1,0
eclipse.pde.ui-20120217-1437,org.eclipse.pde.internal.core.target,TargetDefinition,incrementSequenceNumber,3,1,0
eclipse.pde.ui-20120217-1437,org.eclipse.pde.internal.core.target,TargetDefinition,setSequenceNumber,3,1,1
eclipse.pde.ui-20120217-1437,org.eclipse.pde.internal.core.target,TargetDefinitionPersistenceHelper,persistXML,97,19,2
eclipse.pde.ui-20120217-1437,org.eclipse.pde.internal.core.target,TargetDefinitionPersistenceHelper,initFromXML,41,11,2
eclipse.pde.ui-20120217-1437,org.eclipse.pde.internal.core.target,TargetDefinitionPersistenceHelper,getTargetPlatformService,9,3,0
eclipse.pde.ui-20120217-1437,org.eclipse.pde.internal.core.target,TargetDefinitionPersistenceHelper,getTextContent,11,3,1
eclipse.pde.ui-20120217-1437,org.eclipse.pde.internal.core.target,TargetDefinitionPersistenceHelper,serializeBundleContainer,40,8,3
eclipse.pde.ui-20120217-1437,org.eclipse.pde.internal.core.target,TargetDefinitionPersistenceHelper,serializeBundles,22,5,3
eclipse.pde.ui-20120217-1437,org.eclipse.pde.internal.core.target,TargetDefinitionPersistenceHelper,setTextContent,10,3,2
eclipse.pde.ui-20120217-1437,org.eclipse.pde.internal.core.target,TargetLocationTypeManager,TargetLocationTypeManager,5,1,0
eclipse.pde.ui-20120217-1437,org.eclipse.pde.internal.core.target,TargetLocationTypeManager,getInstance,6,2,0
eclipse.pde.ui-20120217-1437,org.eclipse.pde.internal.core.target,TargetLocationTypeManager,getTargetLocationFactory,14,4,1
eclipse.pde.ui-20120217-1437,org.eclipse.pde.internal.core.target,TargetLocationTypeManager,createExecutableExtension,8,1,1
eclipse.pde.ui-20120217-1437,org.eclipse.pde.internal.core.target,TargetLocationTypeManager,readExtentions,15,5,0
eclipse.pde.ui-20120217-1437,org.eclipse.pde.internal.core.target,TargetMetadataCollector,getMetadataRepositories,34,11,1
eclipse.pde.ui-20120217-1437,org.eclipse.pde.internal.core.target,TargetPersistence34Helper,initFromDoc,109,32,2
eclipse.pde.ui-20120217-1437,org.eclipse.pde.internal.core.target,TargetPersistence34Helper,deserializeBundleContainer,29,6,1
eclipse.pde.ui-20120217-1437,org.eclipse.pde.internal.core.target,TargetPersistence34Helper,deserializeBundleContainersFromOldStyleElement,62,19,4
eclipse.pde.ui-20120217-1437,org.eclipse.pde.internal.core.target,TargetPersistence35Helper,initFromDoc,85,26,2
eclipse.pde.ui-20120217-1437,org.eclipse.pde.internal.core.target,TargetPersistence35Helper,deserializeBundleContainer,94,21,2
eclipse.pde.ui-20120217-1437,org.eclipse.pde.internal.core.target,TargetPersistence35Helper,deserializeBundles,16,4,1
eclipse.pde.ui-20120217-1437,org.eclipse.pde.internal.core.target,TargetPersistence36Helper,initFromDoc,130,34,2
eclipse.pde.ui-20120217-1437,org.eclipse.pde.internal.core.target,TargetPersistence36Helper,deserializeBundleContainer,72,16,1
eclipse.pde.ui-20120217-1437,org.eclipse.pde.internal.core.target,TargetPersistence38Helper,initFromDoc,138,35,2
eclipse.pde.ui-20120217-1437,org.eclipse.pde.internal.core.target,TargetPersistence38Helper,deserializeBundleContainer,47,7,1
eclipse.pde.ui-20120217-1437,org.eclipse.pde.internal.core.target,TargetPlatformService,ResourceProxyVisitor,3,1,1
eclipse.pde.ui-20120217-1437,org.eclipse.pde.internal.core.target,TargetPlatformService,visit,9,3,1
eclipse.pde.ui-20120217-1437,org.eclipse.pde.internal.core.target,TargetPlatformService,TargetPlatformService,2,1,0
eclipse.pde.ui-20120217-1437,org.eclipse.pde.internal.core.target,TargetPlatformService,getDefault,6,2,0
eclipse.pde.ui-20120217-1437,org.eclipse.pde.internal.core.target,TargetPlatformService,deleteTarget,4,2,1
eclipse.pde.ui-20120217-1437,org.eclipse.pde.internal.core.target,TargetPlatformService,getTarget,3,1,1
eclipse.pde.ui-20120217-1437,org.eclipse.pde.internal.core.target,TargetPlatformService,getTarget,19,4,1
eclipse.pde.ui-20120217-1437,org.eclipse.pde.internal.core.target,TargetPlatformService,getTarget,9,3,1
eclipse.pde.ui-20120217-1437,org.eclipse.pde.internal.core.target,TargetPlatformService,getTargets,29,6,1
eclipse.pde.ui-20120217-1437,org.eclipse.pde.internal.core.target,TargetPlatformService,findLocalTargetDefinitions,23,3,0
eclipse.pde.ui-20120217-1437,org.eclipse.pde.internal.core.target,TargetPlatformService,accept,3,1,2
eclipse.pde.ui-20120217-1437,org.eclipse.pde.internal.core.target,TargetPlatformService,findWorkspaceTargetDefinitions,18,2,0
eclipse.pde.ui-20120217-1437,org.eclipse.pde.internal.core.target,TargetPlatformService,newDirectoryLocation,3,1,1
eclipse.pde.ui-20120217-1437,org.eclipse.pde.internal.core.target,TargetPlatformService,newProfileLocation,3,1,2
eclipse.pde.ui-20120217-1437,org.eclipse.pde.internal.core.target,TargetPlatformService,newTarget,3,1,0
eclipse.pde.ui-20120217-1437,org.eclipse.pde.internal.core.target,TargetPlatformService,saveTargetDefinition,3,1,1
eclipse.pde.ui-20120217-1437,org.eclipse.pde.internal.core.target,TargetPlatformService,newFeatureLocation,3,1,3
eclipse.pde.ui-20120217-1437,org.eclipse.pde.internal.core.target,TargetPlatformService,getWorkspaceTargetHandle,12,3,0
eclipse.pde.ui-20120217-1437,org.eclipse.pde.internal.core.target,TargetPlatformService,copyTargetDefinition,6,1,2
eclipse.pde.ui-20120217-1437,org.eclipse.pde.internal.core.target,TargetPlatformService,loadTargetDefinition,20,3,2
eclipse.pde.ui-20120217-1437,org.eclipse.pde.internal.core.target,TargetPlatformService,loadTargetDefinitionFromPreferences,10,1,1
eclipse.pde.ui-20120217-1437,org.eclipse.pde.internal.core.target,TargetPlatformService,getValueOrNull,9,3,1
eclipse.pde.ui-20120217-1437,org.eclipse.pde.internal.core.target,TargetPlatformService,initializeArgumentsInfo,17,4,2
eclipse.pde.ui-20120217-1437,org.eclipse.pde.internal.core.target,TargetPlatformService,initializeEnvironmentInfo,6,1,2
eclipse.pde.ui-20120217-1437,org.eclipse.pde.internal.core.target,TargetPlatformService,initializeImplicitInfo,13,3,2
eclipse.pde.ui-20120217-1437,org.eclipse.pde.internal.core.target,TargetPlatformService,initializeLocationInfo,42,9,2
eclipse.pde.ui-20120217-1437,org.eclipse.pde.internal.core.target,TargetPlatformService,initializeAdditionalLocsInfo,14,3,2
eclipse.pde.ui-20120217-1437,org.eclipse.pde.internal.core.target,TargetPlatformService,initializeJREInfo,3,1,1
eclipse.pde.ui-20120217-1437,org.eclipse.pde.internal.core.target,TargetPlatformService,initializePluginContent,33,10,2
eclipse.pde.ui-20120217-1437,org.eclipse.pde.internal.core.target,TargetPlatformService,newDefaultTarget,48,10,0
eclipse.pde.ui-20120217-1437,org.eclipse.pde.internal.core.target,TargetPlatformService,compareWithTargetPlatform,44,9,1
eclipse.pde.ui-20120217-1437,org.eclipse.pde.internal.core.target,TargetPlatformService,newIULocation,3,1,3
eclipse.pde.ui-20120217-1437,org.eclipse.pde.internal.core.target,TargetPlatformService,newIULocation,3,1,4
eclipse.pde.ui-20120217-1437,org.eclipse.pde.internal.core.target,ResourceProxyVisitor,ResourceProxyVisitor,3,1,1
eclipse.pde.ui-20120217-1437,org.eclipse.pde.internal.core.target,ResourceProxyVisitor,visit,9,3,1
eclipse.pde.ui-20120217-1437,org.eclipse.pde.internal.core.target,WorkspaceFileTargetHandle,restoreHandle,6,1,1
eclipse.pde.ui-20120217-1437,org.eclipse.pde.internal.core.target,WorkspaceFileTargetHandle,WorkspaceFileTargetHandle,3,1,1
eclipse.pde.ui-20120217-1437,org.eclipse.pde.internal.core.target,WorkspaceFileTargetHandle,getMemento,9,1,0
eclipse.pde.ui-20120217-1437,org.eclipse.pde.internal.core.target,WorkspaceFileTargetHandle,getInputStream,3,1,0
eclipse.pde.ui-20120217-1437,org.eclipse.pde.internal.core.target,WorkspaceFileTargetHandle,exists,3,1,0
eclipse.pde.ui-20120217-1437,org.eclipse.pde.internal.core.target,WorkspaceFileTargetHandle,equals,7,2,1
eclipse.pde.ui-20120217-1437,org.eclipse.pde.internal.core.target,WorkspaceFileTargetHandle,hashCode,3,1,0
eclipse.pde.ui-20120217-1437,org.eclipse.pde.internal.core.target,WorkspaceFileTargetHandle,delete,6,2,0
eclipse.pde.ui-20120217-1437,org.eclipse.pde.internal.core.target,WorkspaceFileTargetHandle,save,17,4,1
eclipse.pde.ui-20120217-1437,org.eclipse.pde.internal.core.target,WorkspaceFileTargetHandle,toString,3,1,0
eclipse.pde.ui-20120217-1437,org.eclipse.pde.internal.core.target,WorkspaceFileTargetHandle,getTargetFile,3,1,0
eclipse.pde.ui-20120217-1437,org.eclipse.pde.internal.core.util,CoreUtility,readFile,22,2,2
eclipse.pde.ui-20120217-1437,org.eclipse.pde.internal.core.util,CoreUtility,addNatureToProject,9,1,3
eclipse.pde.ui-20120217-1437,org.eclipse.pde.internal.core.util,CoreUtility,createFolder,9,3,1
eclipse.pde.ui-20120217-1437,org.eclipse.pde.internal.core.util,CoreUtility,createProject,8,2,3
eclipse.pde.ui-20120217-1437,org.eclipse.pde.internal.core.util,CoreUtility,normalize,5,2,1
eclipse.pde.ui-20120217-1437,org.eclipse.pde.internal.core.util,CoreUtility,deleteContent,13,5,1
eclipse.pde.ui-20120217-1437,org.eclipse.pde.internal.core.util,CoreUtility,guessUnpack,49,17,1
eclipse.pde.ui-20120217-1437,org.eclipse.pde.internal.core.util,CoreUtility,jarContainsResource,23,3,3
eclipse.pde.ui-20120217-1437,org.eclipse.pde.internal.core.util,CoreUtility,copyFile,28,5,3
eclipse.pde.ui-20120217-1437,org.eclipse.pde.internal.core.util,CoreUtility,getTextDocument,32,6,2
eclipse.pde.ui-20120217-1437,org.eclipse.pde.internal.core.util,CoreUtility,getTextDocument,36,4,1
eclipse.pde.ui-20120217-1437,org.eclipse.pde.internal.core.util,HeaderMap,compare,5,1,2
eclipse.pde.ui-20120217-1437,org.eclipse.pde.internal.core.util,HeaderMap,HeaderMap,3,1,0
eclipse.pde.ui-20120217-1437,org.eclipse.pde.internal.core.util,HeaderComparator,compare,5,1,2
eclipse.pde.ui-20120217-1437,org.eclipse.pde.internal.core.util,Headers,Headers,5,1,1
eclipse.pde.ui-20120217-1437,org.eclipse.pde.internal.core.util,Headers,Headers,8,2,1
eclipse.pde.ui-20120217-1437,org.eclipse.pde.internal.core.util,Headers,keys,3,1,0
eclipse.pde.ui-20120217-1437,org.eclipse.pde.internal.core.util,Headers,elements,3,1,0
eclipse.pde.ui-20120217-1437,org.eclipse.pde.internal.core.util,Headers,getIndex,12,5,1
eclipse.pde.ui-20120217-1437,org.eclipse.pde.internal.core.util,Headers,remove,15,4,1
eclipse.pde.ui-20120217-1437,org.eclipse.pde.internal.core.util,Headers,add,13,2,2
eclipse.pde.ui-20120217-1437,org.eclipse.pde.internal.core.util,Headers,get,5,2,1
eclipse.pde.ui-20120217-1437,org.eclipse.pde.internal.core.util,Headers,set,18,7,3
eclipse.pde.ui-20120217-1437,org.eclipse.pde.internal.core.util,Headers,set,3,1,2
eclipse.pde.ui-20120217-1437,org.eclipse.pde.internal.core.util,Headers,setReadOnly,3,1,0
eclipse.pde.ui-20120217-1437,org.eclipse.pde.internal.core.util,Headers,size,3,1,0
eclipse.pde.ui-20120217-1437,org.eclipse.pde.internal.core.util,Headers,isEmpty,3,1,0
eclipse.pde.ui-20120217-1437,org.eclipse.pde.internal.core.util,Headers,put,4,2,2
eclipse.pde.ui-20120217-1437,org.eclipse.pde.internal.core.util,Headers,remove,3,1,1
eclipse.pde.ui-20120217-1437,org.eclipse.pde.internal.core.util,Headers,toString,3,1,0
eclipse.pde.ui-20120217-1437,org.eclipse.pde.internal.core.util,Headers,ArrayEnumeration,4,1,2
eclipse.pde.ui-20120217-1437,org.eclipse.pde.internal.core.util,Headers,hasMoreElements,3,1,0
eclipse.pde.ui-20120217-1437,org.eclipse.pde.internal.core.util,Headers,nextElement,3,1,0
eclipse.pde.ui-20120217-1437,org.eclipse.pde.internal.core.util,Headers,clear,3,2,0
eclipse.pde.ui-20120217-1437,org.eclipse.pde.internal.core.util,Headers,containsKey,3,1,1
eclipse.pde.ui-20120217-1437,org.eclipse.pde.internal.core.util,Headers,containsValue,3,1,1
eclipse.pde.ui-20120217-1437,org.eclipse.pde.internal.core.util,Headers,entrySet,3,1,0
eclipse.pde.ui-20120217-1437,org.eclipse.pde.internal.core.util,Headers,keySet,3,1,0
eclipse.pde.ui-20120217-1437,org.eclipse.pde.internal.core.util,Headers,putAll,3,1,1
eclipse.pde.ui-20120217-1437,org.eclipse.pde.internal.core.util,Headers,values,3,1,0
eclipse.pde.ui-20120217-1437,org.eclipse.pde.internal.core.util,ArrayEnumeration,ArrayEnumeration,4,1,2
eclipse.pde.ui-20120217-1437,org.eclipse.pde.internal.core.util,ArrayEnumeration,hasMoreElements,3,1,0
eclipse.pde.ui-20120217-1437,org.eclipse.pde.internal.core.util,ArrayEnumeration,nextElement,3,1,0
eclipse.pde.ui-20120217-1437,org.eclipse.pde.internal.core.util,IdUtil,isValidCompositeID,14,5,1
eclipse.pde.ui-20120217-1437,org.eclipse.pde.internal.core.util,IdUtil,isValidCompositeID3_0,14,5,1
eclipse.pde.ui-20120217-1437,org.eclipse.pde.internal.core.util,IdUtil,isValidSimpleID,12,4,1
eclipse.pde.ui-20120217-1437,org.eclipse.pde.internal.core.util,IdUtil,getValidId,3,1,1
eclipse.pde.ui-20120217-1437,org.eclipse.pde.internal.core.util,IdUtil,getValidName,11,3,1
eclipse.pde.ui-20120217-1437,org.eclipse.pde.internal.core.util,IdUtil,getValidProvider,6,2,1
eclipse.pde.ui-20120217-1437,org.eclipse.pde.internal.core.util,IdUtil,getFullId,10,4,1
eclipse.pde.ui-20120217-1437,org.eclipse.pde.internal.core.util,IdUtil,getFullId,17,6,2
eclipse.pde.ui-20120217-1437,org.eclipse.pde.internal.core.util,IdUtil,isInterestingExtensionPoint,3,1,1
eclipse.pde.ui-20120217-1437,org.eclipse.pde.internal.core.util,ManifestUtils,ManifestUtils,2,1,0
eclipse.pde.ui-20120217-1437,org.eclipse.pde.internal.core.util,ManifestUtils,findPackageFragmentRoots,43,10,2
eclipse.pde.ui-20120217-1437,org.eclipse.pde.internal.core.util,ManifestUtils,getBuild,8,2,1
eclipse.pde.ui-20120217-1437,org.eclipse.pde.internal.core.util,ManifestUtils,isImmediateRoot,4,1,1
eclipse.pde.ui-20120217-1437,org.eclipse.pde.internal.core.util,ManifestUtils,loadManifest,67,13,1
eclipse.pde.ui-20120217-1437,org.eclipse.pde.internal.core.util,ManifestUtils,loadPluginXML,21,4,1
eclipse.pde.ui-20120217-1437,org.eclipse.pde.internal.core.util,ManifestUtils,closeZipFileAndStream,18,3,2
eclipse.pde.ui-20120217-1437,org.eclipse.pde.internal.core.util,PDEHTMLHelper,stripTags,47,12,1
eclipse.pde.ui-20120217-1437,org.eclipse.pde.internal.core.util,PDEHTMLHelper,isAllWhitespace,12,4,1
eclipse.pde.ui-20120217-1437,org.eclipse.pde.internal.core.util,PDEJavaHelper,isDiscouraged,25,7,3
eclipse.pde.ui-20120217-1437,org.eclipse.pde.internal.core.util,PDEJavaHelper,isOnClasspath,10,2,2
eclipse.pde.ui-20120217-1437,org.eclipse.pde.internal.core.util,PDEJavaHelper,getSearchScope,3,1,1
eclipse.pde.ui-20120217-1437,org.eclipse.pde.internal.core.util,PDEJavaHelper,getSearchScope,3,1,1
eclipse.pde.ui-20120217-1437,org.eclipse.pde.internal.core.util,PDEJavaHelper,getNonJRERoots,14,3,1
eclipse.pde.ui-20120217-1437,org.eclipse.pde.internal.core.util,PDEJavaHelper,isJRELibrary,11,2,1
eclipse.pde.ui-20120217-1437,org.eclipse.pde.internal.core.util,PDEJavaHelper,getPackageFragment,16,5,3
eclipse.pde.ui-20120217-1437,org.eclipse.pde.internal.core.util,PDEJavaHelper,getExternalPackageFragment,54,19,2
eclipse.pde.ui-20120217-1437,org.eclipse.pde.internal.core.util,PDEJavaHelper,searchWorkspaceForPackage,31,9,2
eclipse.pde.ui-20120217-1437,org.eclipse.pde.internal.core.util,PDEJavaHelper,getPackageFragments,4,1,3
eclipse.pde.ui-20120217-1437,org.eclipse.pde.internal.core.util,PDEJavaHelper,getPackageFragmentsHash,20,6,3
eclipse.pde.ui-20120217-1437,org.eclipse.pde.internal.core.util,PDEJavaHelper,getRoots,14,3,1
eclipse.pde.ui-20120217-1437,org.eclipse.pde.internal.core.util,PDEJavaHelper,getJavaSourceLevel,3,1,1
eclipse.pde.ui-20120217-1437,org.eclipse.pde.internal.core.util,PDEJavaHelper,getJavaComplianceLevel,3,1,1
eclipse.pde.ui-20120217-1437,org.eclipse.pde.internal.core.util,PDEJavaHelper,getJavaLevel,19,5,2
eclipse.pde.ui-20120217-1437,org.eclipse.pde.internal.core.util,PDESchemaHelper,getValidAttributes,17,5,1
eclipse.pde.ui-20120217-1437,org.eclipse.pde.internal.core.util,PDESchemaHelper,getReferenceIdentifier,5,1,1
eclipse.pde.ui-20120217-1437,org.eclipse.pde.internal.core.util,PDESchemaHelper,gatherAttributes,42,12,2
eclipse.pde.ui-20120217-1437,org.eclipse.pde.internal.core.util,PDESchemaHelper,keepGoing,3,1,2
eclipse.pde.ui-20120217-1437,org.eclipse.pde.internal.core.util,PDESchemaHelper,buildBasedOnValue,16,5,1
eclipse.pde.ui-20120217-1437,org.eclipse.pde.internal.core.util,PDETextHelper,truncateAndTrailOffText,13,3,2
eclipse.pde.ui-20120217-1437,org.eclipse.pde.internal.core.util,PDETextHelper,isDefined,6,2,1
eclipse.pde.ui-20120217-1437,org.eclipse.pde.internal.core.util,PDETextHelper,isDefinedAfterTrim,10,3,1
eclipse.pde.ui-20120217-1437,org.eclipse.pde.internal.core.util,PDETextHelper,translateReadText,31,7,1
eclipse.pde.ui-20120217-1437,org.eclipse.pde.internal.core.util,PDETextHelper,translateWriteText,3,1,2
eclipse.pde.ui-20120217-1437,org.eclipse.pde.internal.core.util,PDETextHelper,translateWriteText,30,8,3
eclipse.pde.ui-20120217-1437,org.eclipse.pde.internal.core.util,PDETextHelper,processSubstituteChars,11,3,3
eclipse.pde.ui-20120217-1437,org.eclipse.pde.internal.core.util,PDETextHelper,processTagExceptions,20,5,7
eclipse.pde.ui-20120217-1437,org.eclipse.pde.internal.core.util,PDETextHelper,processTagExceptionCharacters,42,9,3
eclipse.pde.ui-20120217-1437,org.eclipse.pde.internal.core.util,PDETextHelper,isValidTagException,7,2,2
eclipse.pde.ui-20120217-1437,org.eclipse.pde.internal.core.util,PDETextHelper,isValidTagAttributeList,6,1,1
eclipse.pde.ui-20120217-1437,org.eclipse.pde.internal.core.util,PDETextHelper,getTagName,11,3,1
eclipse.pde.ui-20120217-1437,org.eclipse.pde.internal.core.util,PDETextHelper,determineMaxLength,11,3,1
eclipse.pde.ui-20120217-1437,org.eclipse.pde.internal.core.util,PDETextHelper,IntegerPointer,3,1,1
eclipse.pde.ui-20120217-1437,org.eclipse.pde.internal.core.util,PDETextHelper,getInteger,3,1,0
eclipse.pde.ui-20120217-1437,org.eclipse.pde.internal.core.util,PDETextHelper,setInteger,3,1,1
eclipse.pde.ui-20120217-1437,org.eclipse.pde.internal.core.util,PDETextHelper,increment,3,1,0
eclipse.pde.ui-20120217-1437,org.eclipse.pde.internal.core.util,IntegerPointer,IntegerPointer,3,1,1
eclipse.pde.ui-20120217-1437,org.eclipse.pde.internal.core.util,IntegerPointer,getInteger,3,1,0
eclipse.pde.ui-20120217-1437,org.eclipse.pde.internal.core.util,IntegerPointer,setInteger,3,1,1
eclipse.pde.ui-20120217-1437,org.eclipse.pde.internal.core.util,IntegerPointer,increment,3,1,0
eclipse.pde.ui-20120217-1437,org.eclipse.pde.internal.core.util,PDEXMLHelper,PDEXMLHelper,8,1,0
eclipse.pde.ui-20120217-1437,org.eclipse.pde.internal.core.util,PDEXMLHelper,getDefaultSAXParser,16,3,0
eclipse.pde.ui-20120217-1437,org.eclipse.pde.internal.core.util,PDEXMLHelper,getDefaultDOMParser,16,3,0
eclipse.pde.ui-20120217-1437,org.eclipse.pde.internal.core.util,PDEXMLHelper,Instance,6,2,0
eclipse.pde.ui-20120217-1437,org.eclipse.pde.internal.core.util,PDEXMLHelper,recycleSAXParser,6,2,1
eclipse.pde.ui-20120217-1437,org.eclipse.pde.internal.core.util,PDEXMLHelper,recycleDOMParser,6,2,1
eclipse.pde.ui-20120217-1437,org.eclipse.pde.internal.core.util,PDEXMLHelper,getWritableString,28,8,1
eclipse.pde.ui-20120217-1437,org.eclipse.pde.internal.core.util,PDEXMLHelper,getWritableAttributeString,37,10,1
eclipse.pde.ui-20120217-1437,org.eclipse.pde.internal.core.util,PDEXMLHelper,getSAXPoolLimit,3,1,0
eclipse.pde.ui-20120217-1437,org.eclipse.pde.internal.core.util,PDEXMLHelper,setSAXPoolLimit,3,1,1
eclipse.pde.ui-20120217-1437,org.eclipse.pde.internal.core.util,PDEXMLHelper,getDOMPoolLimit,3,1,0
eclipse.pde.ui-20120217-1437,org.eclipse.pde.internal.core.util,PDEXMLHelper,setDOMPoolLimit,3,1,1
eclipse.pde.ui-20120217-1437,org.eclipse.pde.internal.core.util,PackageFragmentRootPropertyTester,test,17,4,4
eclipse.pde.ui-20120217-1437,org.eclipse.pde.internal.core.util,PatternConstructor,asRegEx,10,2,2
eclipse.pde.ui-20120217-1437,org.eclipse.pde.internal.core.util,PatternConstructor,createPattern,4,2,2
eclipse.pde.ui-20120217-1437,org.eclipse.pde.internal.core.util,PatternConstructor,createGroupedPattern,4,2,2
eclipse.pde.ui-20120217-1437,org.eclipse.pde.internal.core.util,PatternConstructor,PatternConstructor,2,1,0
eclipse.pde.ui-20120217-1437,org.eclipse.pde.internal.core.util,PropertiesUtil,createWritableName,14,4,1
eclipse.pde.ui-20120217-1437,org.eclipse.pde.internal.core.util,PropertiesUtil,createEscapedValue,22,4,1
eclipse.pde.ui-20120217-1437,org.eclipse.pde.internal.core.util,PropertiesUtil,windEscapeChars,78,34,1
eclipse.pde.ui-20120217-1437,org.eclipse.pde.internal.core.util,PropertiesUtil,writeKeyValuePair,5,1,4
eclipse.pde.ui-20120217-1437,org.eclipse.pde.internal.core.util,PropertiesUtil,writeKeyValuePair,20,5,4
eclipse.pde.ui-20120217-1437,org.eclipse.pde.internal.core.util,PropertiesUtil,getInsertOffset,14,3,1
eclipse.pde.ui-20120217-1437,org.eclipse.pde.internal.core.util,PropertiesUtil,isNewlineNeeded,4,1,1
eclipse.pde.ui-20120217-1437,org.eclipse.pde.internal.core.util,SAXParserWrapper,SAXParserWrapper,4,1,0
eclipse.pde.ui-20120217-1437,org.eclipse.pde.internal.core.util,SAXParserWrapper,dispose,6,2,0
eclipse.pde.ui-20120217-1437,org.eclipse.pde.internal.core.util,SAXParserWrapper,parse,3,1,2
eclipse.pde.ui-20120217-1437,org.eclipse.pde.internal.core.util,SAXParserWrapper,parse,3,1,2
eclipse.pde.ui-20120217-1437,org.eclipse.pde.internal.core.util,SAXParserWrapper,parse,3,1,2
eclipse.pde.ui-20120217-1437,org.eclipse.pde.internal.core.util,SAXParserWrapper,finalize,4,1,0
eclipse.pde.ui-20120217-1437,org.eclipse.pde.internal.core.util,SchemaUtil,getURLConnection,10,3,1
eclipse.pde.ui-20120217-1437,org.eclipse.pde.internal.core.util,SchemaUtil,parseURL,33,3,2
eclipse.pde.ui-20120217-1437,org.eclipse.pde.internal.core.util,VMUtil,getAllVMInstances,11,3,0
eclipse.pde.ui-20120217-1437,org.eclipse.pde.internal.core.util,VMUtil,getVMInstallNames,8,2,0
eclipse.pde.ui-20120217-1437,org.eclipse.pde.internal.core.util,VMUtil,getDefaultVMInstallName,5,2,0
eclipse.pde.ui-20120217-1437,org.eclipse.pde.internal.core.util,VMUtil,getDefaultVMInstallLocation,5,2,0
eclipse.pde.ui-20120217-1437,org.eclipse.pde.internal.core.util,VMUtil,getVMInstall,9,4,1
eclipse.pde.ui-20120217-1437,org.eclipse.pde.internal.core.util,VMUtil,getExecutionEnvironments,4,1,0
eclipse.pde.ui-20120217-1437,org.eclipse.pde.internal.core.util,VMUtil,getExecutionEnvironment,4,1,1
eclipse.pde.ui-20120217-1437,org.eclipse.pde.internal.core.util,VMUtil,getVMInstallName,6,2,1
eclipse.pde.ui-20120217-1437,org.eclipse.pde.internal.core.util,VMUtil,createErrorStatus,3,1,1
eclipse.pde.ui-20120217-1437,org.eclipse.pde.internal.core.util,VersionUtil,validateVersion,9,2,1
eclipse.pde.ui-20120217-1437,org.eclipse.pde.internal.core.util,VersionUtil,validateVersionRange,9,1,1
eclipse.pde.ui-20120217-1437,org.eclipse.pde.internal.core.util,VersionUtil,compare,21,7,5
eclipse.pde.ui-20120217-1437,org.eclipse.pde.internal.core.util,VersionUtil,isEmptyVersion,5,2,1
eclipse.pde.ui-20120217-1437,org.eclipse.pde.internal.core.util,VersionUtil,isCompatibleWith,8,6,2
eclipse.pde.ui-20120217-1437,org.eclipse.pde.internal.core.util,VersionUtil,isEquivalentTo,6,4,2
eclipse.pde.ui-20120217-1437,org.eclipse.pde.internal.core.util,VersionUtil,isGreaterOrEqualTo,11,7,2
eclipse.pde.ui-20120217-1437,org.eclipse.pde.internal.core.util,VersionUtil,compareMacroMinorMicro,8,3,2
eclipse.pde.ui-20120217-1437,org.eclipse.pde.internal.core.util,VersionUtil,computeInitialPluginVersion,7,2,1
eclipse.pde.ui-20120217-1437,org.eclipse.pde.internal.core.util,XMLComponentRegistry,XMLComponentRegistry,5,1,0
eclipse.pde.ui-20120217-1437,org.eclipse.pde.internal.core.util,XMLComponentRegistry,Instance,6,2,0
eclipse.pde.ui-20120217-1437,org.eclipse.pde.internal.core.util,XMLComponentRegistry,dispose,11,4,0
eclipse.pde.ui-20120217-1437,org.eclipse.pde.internal.core.util,XMLComponentRegistry,putDescription,3,1,3
eclipse.pde.ui-20120217-1437,org.eclipse.pde.internal.core.util,XMLComponentRegistry,putName,3,1,3
eclipse.pde.ui-20120217-1437,org.eclipse.pde.internal.core.util,XMLComponentRegistry,getTargetMap,13,4,1
eclipse.pde.ui-20120217-1437,org.eclipse.pde.internal.core.util,XMLComponentRegistry,putValue,17,4,4
eclipse.pde.ui-20120217-1437,org.eclipse.pde.internal.core.util,XMLComponentRegistry,put,9,3,3
eclipse.pde.ui-20120217-1437,org.eclipse.pde.internal.core.util,XMLComponentRegistry,get,7,2,2
eclipse.pde.ui-20120217-1437,org.eclipse.pde.internal.core.util,XMLComponentRegistry,getValue,9,3,3
eclipse.pde.ui-20120217-1437,org.eclipse.pde.internal.core.util,XMLComponentRegistry,getDescription,3,1,2
eclipse.pde.ui-20120217-1437,org.eclipse.pde.internal.core.util,XMLComponentRegistry,getName,3,1,2
eclipse.pde.ui-20120217-1437,org.eclipse.pde.internal.core.util,XMLComponentRegistry,connect,5,2,1
eclipse.pde.ui-20120217-1437,org.eclipse.pde.internal.core.util,XMLComponentRegistry,disconnect,6,2,1
eclipse.pde.ui-20120217-1437,org.eclipse.pde.internal.core.variables,TargetHomeDynamicVariableResolver,resolveValue,3,1,2
eclipse.pde.ui-20120217-1437,org.eclipse.pde.internal.core.variables,TargetNLVariableResolver,resolveValue,3,1,2
eclipse.pde.ui-20120217-1437,org.eclipse.pde.internal.core.variables,TargetOSArchVariableResolver,resolveValue,3,1,2
eclipse.pde.ui-20120217-1437,org.eclipse.pde.internal.core.variables,TargetOSVariableResolver,resolveValue,3,1,2
eclipse.pde.ui-20120217-1437,org.eclipse.pde.internal.core.variables,TargetWSVariableResolver,resolveValue,3,1,2
eclipse.pde.ui-20120217-1437,org.eclipse.pde.internal.core.ant,BaseExportTask,BaseExportTask,2,1,0
eclipse.pde.ui-20120217-1437,org.eclipse.pde.internal.core.ant,BaseExportTask,execute,14,4,0
eclipse.pde.ui-20120217-1437,org.eclipse.pde.internal.core.ant,BaseExportTask,setExportType,3,1,1
eclipse.pde.ui-20120217-1437,org.eclipse.pde.internal.core.ant,BaseExportTask,setUseJARFormat,3,1,1
eclipse.pde.ui-20120217-1437,org.eclipse.pde.internal.core.ant,BaseExportTask,setExportSource,3,1,1
eclipse.pde.ui-20120217-1437,org.eclipse.pde.internal.core.ant,BaseExportTask,setDestination,3,1,1
eclipse.pde.ui-20120217-1437,org.eclipse.pde.internal.core.ant,BaseExportTask,setFilename,3,1,1
eclipse.pde.ui-20120217-1437,org.eclipse.pde.internal.core.ant,BaseExportTask,setQualifier,3,1,1
eclipse.pde.ui-20120217-1437,org.eclipse.pde.internal.core.ant,BaseExportTask,setAllowBinaryCycles,3,1,1
eclipse.pde.ui-20120217-1437,org.eclipse.pde.internal.core.ant,BaseExportTask,setUseWorkspaceCompiledClasses,3,1,1
eclipse.pde.ui-20120217-1437,org.eclipse.pde.internal.core.ant,BaseExportTask,isAntRunner,7,3,0
eclipse.pde.ui-20120217-1437,org.eclipse.pde.internal.core.ant,BaseExportTask,getExportJob,0,1,1
eclipse.pde.ui-20120217-1437,org.eclipse.pde.internal.core.ant,ConvertSchemaToHTML,execute,43,12,0
eclipse.pde.ui-20120217-1437,org.eclipse.pde.internal.core.ant,ConvertSchemaToHTML,getPluginID,17,4,0
eclipse.pde.ui-20120217-1437,org.eclipse.pde.internal.core.ant,ConvertSchemaToHTML,setManifest,3,1,1
eclipse.pde.ui-20120217-1437,org.eclipse.pde.internal.core.ant,ConvertSchemaToHTML,setDestination,3,1,1
eclipse.pde.ui-20120217-1437,org.eclipse.pde.internal.core.ant,ConvertSchemaToHTML,getCSSURL,3,1,0
eclipse.pde.ui-20120217-1437,org.eclipse.pde.internal.core.ant,ConvertSchemaToHTML,setCSSURL,8,1,1
eclipse.pde.ui-20120217-1437,org.eclipse.pde.internal.core.ant,ConvertSchemaToHTML,setCSSURL,3,1,1
eclipse.pde.ui-20120217-1437,org.eclipse.pde.internal.core.ant,ConvertSchemaToHTML,readManifestFile,32,6,0
eclipse.pde.ui-20120217-1437,org.eclipse.pde.internal.core.ant,ConvertSchemaToHTML,validateDestination,12,3,0
eclipse.pde.ui-20120217-1437,org.eclipse.pde.internal.core.ant,ExportBuildListener,buildStarted,2,1,1
eclipse.pde.ui-20120217-1437,org.eclipse.pde.internal.core.ant,ExportBuildListener,buildFinished,2,1,1
eclipse.pde.ui-20120217-1437,org.eclipse.pde.internal.core.ant,ExportBuildListener,targetStarted,2,1,1
eclipse.pde.ui-20120217-1437,org.eclipse.pde.internal.core.ant,ExportBuildListener,targetFinished,2,1,1
eclipse.pde.ui-20120217-1437,org.eclipse.pde.internal.core.ant,ExportBuildListener,taskStarted,2,1,1
eclipse.pde.ui-20120217-1437,org.eclipse.pde.internal.core.ant,ExportBuildListener,taskFinished,12,4,1
eclipse.pde.ui-20120217-1437,org.eclipse.pde.internal.core.ant,ExportBuildListener,messageLogged,5,2,1
eclipse.pde.ui-20120217-1437,org.eclipse.pde.internal.core.ant,FeatureExportTask,getExportJob,17,2,1
eclipse.pde.ui-20120217-1437,org.eclipse.pde.internal.core.ant,FeatureExportTask,setFeatures,11,3,1
eclipse.pde.ui-20120217-1437,org.eclipse.pde.internal.core.ant,PluginExportTask,getExportJob,17,2,1
eclipse.pde.ui-20120217-1437,org.eclipse.pde.internal.core.ant,PluginExportTask,setPlugins,10,3,1
eclipse.pde.ui-20120217-1437,org.eclipse.pde.internal.core.ant,TargetPlatformProvisionTask,execute,12,1,0
eclipse.pde.ui-20120217-1437,org.eclipse.pde.internal.core.ant,TargetPlatformProvisionTask,export,11,1,1
eclipse.pde.ui-20120217-1437,org.eclipse.pde.internal.core.ant,TargetPlatformProvisionTask,resolve,20,1,1
eclipse.pde.ui-20120217-1437,org.eclipse.pde.internal.core.ant,TargetPlatformProvisionTask,run,4,1,1
eclipse.pde.ui-20120217-1437,org.eclipse.pde.internal.core.ant,TargetPlatformProvisionTask,run,14,6,0
eclipse.pde.ui-20120217-1437,org.eclipse.pde.internal.core.ant,TargetPlatformProvisionTask,setClearDestination,3,1,1
eclipse.pde.ui-20120217-1437,org.eclipse.pde.internal.core.ant,TargetPlatformProvisionTask,setDestinationDirectory,3,1,1
eclipse.pde.ui-20120217-1437,org.eclipse.pde.internal.core.ant,TargetPlatformProvisionTask,setTargetFile,3,1,1
eclipse.pde.ui-20120217-1437,org.eclipse.pde.internal.core.text,AbstractEditingModel,AbstractEditingModel,4,1,2
eclipse.pde.ui-20120217-1437,org.eclipse.pde.internal.core.text,AbstractEditingModel,dispose,8,2,0
eclipse.pde.ui-20120217-1437,org.eclipse.pde.internal.core.text,AbstractEditingModel,getResourceString,4,2,1
eclipse.pde.ui-20120217-1437,org.eclipse.pde.internal.core.text,AbstractEditingModel,createNLResourceHelper,0,1,0
eclipse.pde.ui-20120217-1437,org.eclipse.pde.internal.core.text,AbstractEditingModel,getNLResourceHelper,4,2,0
eclipse.pde.ui-20120217-1437,org.eclipse.pde.internal.core.text,AbstractEditingModel,isDisposed,3,1,0
eclipse.pde.ui-20120217-1437,org.eclipse.pde.internal.core.text,AbstractEditingModel,isEditable,3,1,0
eclipse.pde.ui-20120217-1437,org.eclipse.pde.internal.core.text,AbstractEditingModel,isLoaded,3,1,0
eclipse.pde.ui-20120217-1437,org.eclipse.pde.internal.core.text,AbstractEditingModel,setLoaded,3,1,1
eclipse.pde.ui-20120217-1437,org.eclipse.pde.internal.core.text,AbstractEditingModel,isInSync,3,1,0
eclipse.pde.ui-20120217-1437,org.eclipse.pde.internal.core.text,AbstractEditingModel,isValid,3,1,0
eclipse.pde.ui-20120217-1437,org.eclipse.pde.internal.core.text,AbstractEditingModel,getTimeStamp,3,1,0
eclipse.pde.ui-20120217-1437,org.eclipse.pde.internal.core.text,AbstractEditingModel,load,7,1,0
eclipse.pde.ui-20120217-1437,org.eclipse.pde.internal.core.text,AbstractEditingModel,reload,4,1,2
eclipse.pde.ui-20120217-1437,org.eclipse.pde.internal.core.text,AbstractEditingModel,isReconcilingModel,3,1,0
eclipse.pde.ui-20120217-1437,org.eclipse.pde.internal.core.text,AbstractEditingModel,getDocument,3,1,0
eclipse.pde.ui-20120217-1437,org.eclipse.pde.internal.core.text,AbstractEditingModel,reconciled,18,4,1
eclipse.pde.ui-20120217-1437,org.eclipse.pde.internal.core.text,AbstractEditingModel,adjustOffsets,0,1,1
eclipse.pde.ui-20120217-1437,org.eclipse.pde.internal.core.text,AbstractEditingModel,getInputStream,3,1,1
eclipse.pde.ui-20120217-1437,org.eclipse.pde.internal.core.text,AbstractEditingModel,getCharset,3,1,0
eclipse.pde.ui-20120217-1437,org.eclipse.pde.internal.core.text,AbstractEditingModel,setCharset,3,1,1
eclipse.pde.ui-20120217-1437,org.eclipse.pde.internal.core.text,AbstractEditingModel,addModelChangedListener,3,2,1
eclipse.pde.ui-20120217-1437,org.eclipse.pde.internal.core.text,AbstractEditingModel,transferListenersTo,10,3,2
eclipse.pde.ui-20120217-1437,org.eclipse.pde.internal.core.text,AbstractEditingModel,fireModelChanged,7,3,1
eclipse.pde.ui-20120217-1437,org.eclipse.pde.internal.core.text,AbstractEditingModel,fireModelObjectChanged,3,1,4
eclipse.pde.ui-20120217-1437,org.eclipse.pde.internal.core.text,AbstractEditingModel,removeModelChangedListener,3,1,1
eclipse.pde.ui-20120217-1437,org.eclipse.pde.internal.core.text,AbstractEditingModel,isDirty,3,1,0
eclipse.pde.ui-20120217-1437,org.eclipse.pde.internal.core.text,AbstractEditingModel,save,2,1,1
eclipse.pde.ui-20120217-1437,org.eclipse.pde.internal.core.text,AbstractEditingModel,setDirty,3,1,1
eclipse.pde.ui-20120217-1437,org.eclipse.pde.internal.core.text,AbstractEditingModel,isStale,3,1,0
eclipse.pde.ui-20120217-1437,org.eclipse.pde.internal.core.text,AbstractEditingModel,setStale,3,1,1
eclipse.pde.ui-20120217-1437,org.eclipse.pde.internal.core.text,AbstractEditingModel,getUnderlyingResource,3,1,0
eclipse.pde.ui-20120217-1437,org.eclipse.pde.internal.core.text,AbstractEditingModel,setUnderlyingResource,3,1,1
eclipse.pde.ui-20120217-1437,org.eclipse.pde.internal.core.text,AbstractEditingModel,getInstallLocation,7,2,0
eclipse.pde.ui-20120217-1437,org.eclipse.pde.internal.core.text,AbstractEditingModel,setInstallLocation,3,1,1
eclipse.pde.ui-20120217-1437,org.eclipse.pde.internal.core.text,AbstractEditingModel,getLastTextChangeListener,7,3,0
eclipse.pde.ui-20120217-1437,org.eclipse.pde.internal.core.text,AbstractKeyValueTextChangeListener,AbstractKeyValueTextChangeListener,4,2,2
eclipse.pde.ui-20120217-1437,org.eclipse.pde.internal.core.text,AbstractKeyValueTextChangeListener,getTextOperations,4,2,0
eclipse.pde.ui-20120217-1437,org.eclipse.pde.internal.core.text,AbstractKeyValueTextChangeListener,insertKey,6,2,2
eclipse.pde.ui-20120217-1437,org.eclipse.pde.internal.core.text,AbstractKeyValueTextChangeListener,deleteKey,7,3,2
eclipse.pde.ui-20120217-1437,org.eclipse.pde.internal.core.text,AbstractKeyValueTextChangeListener,modifyKey,8,3,2
eclipse.pde.ui-20120217-1437,org.eclipse.pde.internal.core.text,AbstractKeyValueTextChangeListener,getReadableName,4,2,1
eclipse.pde.ui-20120217-1437,org.eclipse.pde.internal.core.text,AbstractTextChangeListener,AbstractTextChangeListener,4,1,1
eclipse.pde.ui-20120217-1437,org.eclipse.pde.internal.core.text,DocumentAttributeNode,DocumentAttributeNode,9,1,0
eclipse.pde.ui-20120217-1437,org.eclipse.pde.internal.core.text,DocumentAttributeNode,getAttributeName,3,1,0
eclipse.pde.ui-20120217-1437,org.eclipse.pde.internal.core.text,DocumentAttributeNode,getAttributeValue,3,1,0
eclipse.pde.ui-20120217-1437,org.eclipse.pde.internal.core.text,DocumentAttributeNode,getEnclosingElement,3,1,0
eclipse.pde.ui-20120217-1437,org.eclipse.pde.internal.core.text,DocumentAttributeNode,getNameLength,3,1,0
eclipse.pde.ui-20120217-1437,org.eclipse.pde.internal.core.text,DocumentAttributeNode,getNameOffset,3,1,0
eclipse.pde.ui-20120217-1437,org.eclipse.pde.internal.core.text,DocumentAttributeNode,getValueLength,3,1,0
eclipse.pde.ui-20120217-1437,org.eclipse.pde.internal.core.text,DocumentAttributeNode,getValueOffset,3,1,0
eclipse.pde.ui-20120217-1437,org.eclipse.pde.internal.core.text,DocumentAttributeNode,setAttributeName,3,1,1
eclipse.pde.ui-20120217-1437,org.eclipse.pde.internal.core.text,DocumentAttributeNode,setAttributeValue,3,1,1
eclipse.pde.ui-20120217-1437,org.eclipse.pde.internal.core.text,DocumentAttributeNode,setEnclosingElement,3,1,1
eclipse.pde.ui-20120217-1437,org.eclipse.pde.internal.core.text,DocumentAttributeNode,setNameLength,3,1,1
eclipse.pde.ui-20120217-1437,org.eclipse.pde.internal.core.text,DocumentAttributeNode,setNameOffset,3,1,1
eclipse.pde.ui-20120217-1437,org.eclipse.pde.internal.core.text,DocumentAttributeNode,setValueLength,3,1,1
eclipse.pde.ui-20120217-1437,org.eclipse.pde.internal.core.text,DocumentAttributeNode,setValueOffset,3,1,1
eclipse.pde.ui-20120217-1437,org.eclipse.pde.internal.core.text,DocumentAttributeNode,write,3,1,0
eclipse.pde.ui-20120217-1437,org.eclipse.pde.internal.core.text,DocumentAttributeNode,reconnect,7,1,1
eclipse.pde.ui-20120217-1437,org.eclipse.pde.internal.core.text,DocumentAttributeNode,getLength,7,1,0
eclipse.pde.ui-20120217-1437,org.eclipse.pde.internal.core.text,DocumentAttributeNode,getOffset,3,1,0
eclipse.pde.ui-20120217-1437,org.eclipse.pde.internal.core.text,DocumentAttributeNode,getXMLType,3,1,0
eclipse.pde.ui-20120217-1437,org.eclipse.pde.internal.core.text,DocumentElementNode,DocumentElementNode,12,1,0
eclipse.pde.ui-20120217-1437,org.eclipse.pde.internal.core.text,DocumentElementNode,getChildNodesList,3,1,0
eclipse.pde.ui-20120217-1437,org.eclipse.pde.internal.core.text,DocumentElementNode,getNodeAttributesMap,3,1,0
eclipse.pde.ui-20120217-1437,org.eclipse.pde.internal.core.text,DocumentElementNode,writeShallow,31,6,1
eclipse.pde.ui-20120217-1437,org.eclipse.pde.internal.core.text,DocumentElementNode,isLeafNode,3,1,0
eclipse.pde.ui-20120217-1437,org.eclipse.pde.internal.core.text,DocumentElementNode,canTerminateStartTag,6,2,0
eclipse.pde.ui-20120217-1437,org.eclipse.pde.internal.core.text,DocumentElementNode,write,35,8,1
eclipse.pde.ui-20120217-1437,org.eclipse.pde.internal.core.text,DocumentElementNode,writeXMLContent,8,2,0
eclipse.pde.ui-20120217-1437,org.eclipse.pde.internal.core.text,DocumentElementNode,writeAttributes,11,3,0
eclipse.pde.ui-20120217-1437,org.eclipse.pde.internal.core.text,DocumentElementNode,getChildNodes,3,1,0
eclipse.pde.ui-20120217-1437,org.eclipse.pde.internal.core.text,DocumentElementNode,indexOf,3,1,1
eclipse.pde.ui-20120217-1437,org.eclipse.pde.internal.core.text,DocumentElementNode,getChildAt,4,2,1
eclipse.pde.ui-20120217-1437,org.eclipse.pde.internal.core.text,DocumentElementNode,getParentNode,3,1,0
eclipse.pde.ui-20120217-1437,org.eclipse.pde.internal.core.text,DocumentElementNode,setParentNode,3,1,1
eclipse.pde.ui-20120217-1437,org.eclipse.pde.internal.core.text,DocumentElementNode,addChildNode,3,1,1
eclipse.pde.ui-20120217-1437,org.eclipse.pde.internal.core.text,DocumentElementNode,addChildNode,5,1,2
eclipse.pde.ui-20120217-1437,org.eclipse.pde.internal.core.text,DocumentElementNode,removeChildNode,12,3,1
eclipse.pde.ui-20120217-1437,org.eclipse.pde.internal.core.text,DocumentElementNode,removeChildNode,16,4,1
eclipse.pde.ui-20120217-1437,org.eclipse.pde.internal.core.text,DocumentElementNode,isErrorNode,3,1,0
eclipse.pde.ui-20120217-1437,org.eclipse.pde.internal.core.text,DocumentElementNode,setIsErrorNode,3,1,1
eclipse.pde.ui-20120217-1437,org.eclipse.pde.internal.core.text,DocumentElementNode,setOffset,3,1,1
eclipse.pde.ui-20120217-1437,org.eclipse.pde.internal.core.text,DocumentElementNode,setLength,3,1,1
eclipse.pde.ui-20120217-1437,org.eclipse.pde.internal.core.text,DocumentElementNode,getOffset,3,1,0
eclipse.pde.ui-20120217-1437,org.eclipse.pde.internal.core.text,DocumentElementNode,getLength,3,1,0
eclipse.pde.ui-20120217-1437,org.eclipse.pde.internal.core.text,DocumentElementNode,setXMLAttribute,3,1,1
eclipse.pde.ui-20120217-1437,org.eclipse.pde.internal.core.text,DocumentElementNode,getXMLAttributeValue,7,2,1
eclipse.pde.ui-20120217-1437,org.eclipse.pde.internal.core.text,DocumentElementNode,setXMLTagName,3,1,1
eclipse.pde.ui-20120217-1437,org.eclipse.pde.internal.core.text,DocumentElementNode,getXMLTagName,3,1,0
eclipse.pde.ui-20120217-1437,org.eclipse.pde.internal.core.text,DocumentElementNode,getDocumentAttribute,3,1,1
eclipse.pde.ui-20120217-1437,org.eclipse.pde.internal.core.text,DocumentElementNode,getLineIndent,3,1,0
eclipse.pde.ui-20120217-1437,org.eclipse.pde.internal.core.text,DocumentElementNode,setLineIndent,3,1,1
eclipse.pde.ui-20120217-1437,org.eclipse.pde.internal.core.text,DocumentElementNode,getNodeAttributes,6,2,0
eclipse.pde.ui-20120217-1437,org.eclipse.pde.internal.core.text,DocumentElementNode,getPreviousSibling,3,1,0
eclipse.pde.ui-20120217-1437,org.eclipse.pde.internal.core.text,DocumentElementNode,setPreviousSibling,3,1,1
eclipse.pde.ui-20120217-1437,org.eclipse.pde.internal.core.text,DocumentElementNode,getIndent,7,2,0
eclipse.pde.ui-20120217-1437,org.eclipse.pde.internal.core.text,DocumentElementNode,swap,10,3,2
eclipse.pde.ui-20120217-1437,org.eclipse.pde.internal.core.text,DocumentElementNode,addTextNode,3,1,1
eclipse.pde.ui-20120217-1437,org.eclipse.pde.internal.core.text,DocumentElementNode,getTextNode,3,1,0
eclipse.pde.ui-20120217-1437,org.eclipse.pde.internal.core.text,DocumentElementNode,removeTextNode,3,1,0
eclipse.pde.ui-20120217-1437,org.eclipse.pde.internal.core.text,DocumentElementNode,removeDocumentAttribute,3,1,1
eclipse.pde.ui-20120217-1437,org.eclipse.pde.internal.core.text,DocumentElementNode,reconnect,8,1,2
eclipse.pde.ui-20120217-1437,org.eclipse.pde.internal.core.text,DocumentElementNode,reconnectAttributes,8,2,0
eclipse.pde.ui-20120217-1437,org.eclipse.pde.internal.core.text,DocumentElementNode,reconnectChildren,6,2,1
eclipse.pde.ui-20120217-1437,org.eclipse.pde.internal.core.text,DocumentElementNode,reconnectDocument,6,1,0
eclipse.pde.ui-20120217-1437,org.eclipse.pde.internal.core.text,DocumentElementNode,reconnectParent,3,1,1
eclipse.pde.ui-20120217-1437,org.eclipse.pde.internal.core.text,DocumentElementNode,reconnectPreviousSibling,3,1,0
eclipse.pde.ui-20120217-1437,org.eclipse.pde.internal.core.text,DocumentElementNode,linkNodeWithSiblings,20,5,1
eclipse.pde.ui-20120217-1437,org.eclipse.pde.internal.core.text,DocumentElementNode,reconnectText,5,2,0
eclipse.pde.ui-20120217-1437,org.eclipse.pde.internal.core.text,DocumentElementNode,getChildCount,3,1,0
eclipse.pde.ui-20120217-1437,org.eclipse.pde.internal.core.text,DocumentElementNode,isRoot,3,1,0
eclipse.pde.ui-20120217-1437,org.eclipse.pde.internal.core.text,DocumentElementNode,getFileEncoding,3,1,0
eclipse.pde.ui-20120217-1437,org.eclipse.pde.internal.core.text,DocumentElementNode,writeXMLDecl,8,1,0
eclipse.pde.ui-20120217-1437,org.eclipse.pde.internal.core.text,DocumentElementNode,getAttributeIndent,3,1,0
eclipse.pde.ui-20120217-1437,org.eclipse.pde.internal.core.text,DocumentElementNode,getContentIndent,3,1,0
eclipse.pde.ui-20120217-1437,org.eclipse.pde.internal.core.text,DocumentElementNode,getTerminateIndent,3,1,0
eclipse.pde.ui-20120217-1437,org.eclipse.pde.internal.core.text,DocumentElementNode,getLineDelimiter,3,1,0
eclipse.pde.ui-20120217-1437,org.eclipse.pde.internal.core.text,DocumentElementNode,isDefined,9,3,1
eclipse.pde.ui-20120217-1437,org.eclipse.pde.internal.core.text,DocumentElementNode,isDefined,6,2,1
eclipse.pde.ui-20120217-1437,org.eclipse.pde.internal.core.text,DocumentElementNode,hasXMLChildren,6,2,0
eclipse.pde.ui-20120217-1437,org.eclipse.pde.internal.core.text,DocumentElementNode,hasXMLContent,6,2,0
eclipse.pde.ui-20120217-1437,org.eclipse.pde.internal.core.text,DocumentElementNode,getNodeAttributesCount,11,3,0
eclipse.pde.ui-20120217-1437,org.eclipse.pde.internal.core.text,DocumentElementNode,hasXMLAttributes,6,2,0
eclipse.pde.ui-20120217-1437,org.eclipse.pde.internal.core.text,DocumentElementNode,setXMLAttribute,26,5,2
eclipse.pde.ui-20120217-1437,org.eclipse.pde.internal.core.text,DocumentElementNode,setXMLContent,13,3,1
eclipse.pde.ui-20120217-1437,org.eclipse.pde.internal.core.text,DocumentElementNode,getXMLContent,7,2,0
eclipse.pde.ui-20120217-1437,org.eclipse.pde.internal.core.text,DocumentElementNode,write,3,1,0
eclipse.pde.ui-20120217-1437,org.eclipse.pde.internal.core.text,DocumentElementNode,getXMLType,3,1,0
eclipse.pde.ui-20120217-1437,org.eclipse.pde.internal.core.text,DocumentElementNode,isContentCollapsed,3,1,0
eclipse.pde.ui-20120217-1437,org.eclipse.pde.internal.core.text,DocumentElementNode,createDocumentAttributeNode,3,1,0
eclipse.pde.ui-20120217-1437,org.eclipse.pde.internal.core.text,DocumentElementNode,createDocumentTextNode,3,1,0
eclipse.pde.ui-20120217-1437,org.eclipse.pde.internal.core.text,DocumentElementNode,getNamespace,3,1,0
eclipse.pde.ui-20120217-1437,org.eclipse.pde.internal.core.text,DocumentElementNode,getNamespacePrefix,3,1,0
eclipse.pde.ui-20120217-1437,org.eclipse.pde.internal.core.text,DocumentElementNode,setNamespace,3,1,1
eclipse.pde.ui-20120217-1437,org.eclipse.pde.internal.core.text,DocumentElementNode,setNamespacePrefix,3,1,1
eclipse.pde.ui-20120217-1437,org.eclipse.pde.internal.core.text,DocumentHandler,DocumentHandler,3,1,1
eclipse.pde.ui-20120217-1437,org.eclipse.pde.internal.core.text,DocumentHandler,startDocument,5,1,0
eclipse.pde.ui-20120217-1437,org.eclipse.pde.internal.core.text,DocumentHandler,getLastParsedDocumentNode,6,2,0
eclipse.pde.ui-20120217-1437,org.eclipse.pde.internal.core.text,DocumentHandler,startElement,47,9,4
eclipse.pde.ui-20120217-1437,org.eclipse.pde.internal.core.text,DocumentHandler,getDocumentNode,0,1,2
eclipse.pde.ui-20120217-1437,org.eclipse.pde.internal.core.text,DocumentHandler,getDocumentAttribute,0,1,3
eclipse.pde.ui-20120217-1437,org.eclipse.pde.internal.core.text,DocumentHandler,getDocumentTextNode,0,1,2
eclipse.pde.ui-20120217-1437,org.eclipse.pde.internal.core.text,DocumentHandler,getStartOffset,41,12,1
eclipse.pde.ui-20120217-1437,org.eclipse.pde.internal.core.text,DocumentHandler,getElementLength,21,3,3
eclipse.pde.ui-20120217-1437,org.eclipse.pde.internal.core.text,DocumentHandler,getAttributeRegion,9,3,3
eclipse.pde.ui-20120217-1437,org.eclipse.pde.internal.core.text,DocumentHandler,endElement,11,2,3
eclipse.pde.ui-20120217-1437,org.eclipse.pde.internal.core.text,DocumentHandler,setTextNodeOffset,24,7,1
eclipse.pde.ui-20120217-1437,org.eclipse.pde.internal.core.text,DocumentHandler,fatalError,3,1,1
eclipse.pde.ui-20120217-1437,org.eclipse.pde.internal.core.text,DocumentHandler,generateErrorElementHierarchy,9,3,0
eclipse.pde.ui-20120217-1437,org.eclipse.pde.internal.core.text,DocumentHandler,error,3,1,1
eclipse.pde.ui-20120217-1437,org.eclipse.pde.internal.core.text,DocumentHandler,setDocumentLocator,3,1,1
eclipse.pde.ui-20120217-1437,org.eclipse.pde.internal.core.text,DocumentHandler,getDocument,0,1,0
eclipse.pde.ui-20120217-1437,org.eclipse.pde.internal.core.text,DocumentHandler,resolveEntity,3,1,2
eclipse.pde.ui-20120217-1437,org.eclipse.pde.internal.core.text,DocumentHandler,getLastErrorNode,3,1,0
eclipse.pde.ui-20120217-1437,org.eclipse.pde.internal.core.text,DocumentHandler,characters,7,2,3
eclipse.pde.ui-20120217-1437,org.eclipse.pde.internal.core.text,DocumentHandler,removeOrphanAttributes,8,4,1
eclipse.pde.ui-20120217-1437,org.eclipse.pde.internal.core.text,DocumentHandler,removeOrphanElements,10,4,1
eclipse.pde.ui-20120217-1437,org.eclipse.pde.internal.core.text,DocumentHandler,isReconciling,3,1,0
eclipse.pde.ui-20120217-1437,org.eclipse.pde.internal.core.text,DocumentNodeFactory,DocumentNodeFactory,2,1,0
eclipse.pde.ui-20120217-1437,org.eclipse.pde.internal.core.text,DocumentNodeFactory,createAttribute,11,1,3
eclipse.pde.ui-20120217-1437,org.eclipse.pde.internal.core.text,DocumentNodeFactory,createDocumentTextNode,7,1,2
eclipse.pde.ui-20120217-1437,org.eclipse.pde.internal.core.text,DocumentNodeFactory,createDocumentNode,3,1,2
eclipse.pde.ui-20120217-1437,org.eclipse.pde.internal.core.text,DocumentNodeFactory,createGeneric,3,1,1
eclipse.pde.ui-20120217-1437,org.eclipse.pde.internal.core.text,DocumentObject,DocumentObject,6,1,2
eclipse.pde.ui-20120217-1437,org.eclipse.pde.internal.core.text,DocumentObject,setSharedModel,3,1,1
eclipse.pde.ui-20120217-1437,org.eclipse.pde.internal.core.text,DocumentObject,getSharedModel,3,1,0
eclipse.pde.ui-20120217-1437,org.eclipse.pde.internal.core.text,DocumentObject,reset,4,1,0
eclipse.pde.ui-20120217-1437,org.eclipse.pde.internal.core.text,DocumentObject,isInTheModel,3,1,0
eclipse.pde.ui-20120217-1437,org.eclipse.pde.internal.core.text,DocumentObject,setInTheModel,3,1,1
eclipse.pde.ui-20120217-1437,org.eclipse.pde.internal.core.text,DocumentObject,isEditable,3,1,0
eclipse.pde.ui-20120217-1437,org.eclipse.pde.internal.core.text,DocumentObject,shouldFireEvent,6,2,0
eclipse.pde.ui-20120217-1437,org.eclipse.pde.internal.core.text,DocumentObject,getLineDelimiter,7,2,0
eclipse.pde.ui-20120217-1437,org.eclipse.pde.internal.core.text,DocumentObject,reconnect,5,1,2
eclipse.pde.ui-20120217-1437,org.eclipse.pde.internal.core.text,DocumentObject,firePropertyChanged,3,1,3
eclipse.pde.ui-20120217-1437,org.eclipse.pde.internal.core.text,DocumentObject,firePropertyChanged,6,2,4
eclipse.pde.ui-20120217-1437,org.eclipse.pde.internal.core.text,DocumentObject,fireStructureChanged,3,1,2
eclipse.pde.ui-20120217-1437,org.eclipse.pde.internal.core.text,DocumentObject,fireStructureChanged,7,2,2
eclipse.pde.ui-20120217-1437,org.eclipse.pde.internal.core.text,DocumentObject,addChildNode,6,2,1
eclipse.pde.ui-20120217-1437,org.eclipse.pde.internal.core.text,DocumentObject,addChildNode,9,3,2
eclipse.pde.ui-20120217-1437,org.eclipse.pde.internal.core.text,DocumentObject,addChildNode,6,2,3
eclipse.pde.ui-20120217-1437,org.eclipse.pde.internal.core.text,DocumentObject,addChildNode,6,2,2
eclipse.pde.ui-20120217-1437,org.eclipse.pde.internal.core.text,DocumentObject,removeChildNode,7,2,1
eclipse.pde.ui-20120217-1437,org.eclipse.pde.internal.core.text,DocumentObject,removeChildNode,7,2,1
eclipse.pde.ui-20120217-1437,org.eclipse.pde.internal.core.text,DocumentObject,removeChildNode,7,2,2
eclipse.pde.ui-20120217-1437,org.eclipse.pde.internal.core.text,DocumentObject,removeChildNode,7,2,3
eclipse.pde.ui-20120217-1437,org.eclipse.pde.internal.core.text,DocumentObject,removeChildNode,7,2,2
eclipse.pde.ui-20120217-1437,org.eclipse.pde.internal.core.text,DocumentObject,write,3,1,2
eclipse.pde.ui-20120217-1437,org.eclipse.pde.internal.core.text,DocumentObject,setChildNode,16,4,2
eclipse.pde.ui-20120217-1437,org.eclipse.pde.internal.core.text,DocumentObject,replaceChildNode,8,2,3
eclipse.pde.ui-20120217-1437,org.eclipse.pde.internal.core.text,DocumentObject,getChildNode,11,3,1
eclipse.pde.ui-20120217-1437,org.eclipse.pde.internal.core.text,DocumentObject,getChildNodeCount,12,3,1
eclipse.pde.ui-20120217-1437,org.eclipse.pde.internal.core.text,DocumentObject,getChildNodesList,3,1,2
eclipse.pde.ui-20120217-1437,org.eclipse.pde.internal.core.text,DocumentObject,getChildNodesList,16,4,2
eclipse.pde.ui-20120217-1437,org.eclipse.pde.internal.core.text,DocumentObject,getNextSibling,14,4,2
eclipse.pde.ui-20120217-1437,org.eclipse.pde.internal.core.text,DocumentObject,getPreviousSibling,13,4,2
eclipse.pde.ui-20120217-1437,org.eclipse.pde.internal.core.text,DocumentObject,hasChildNodes,11,3,1
eclipse.pde.ui-20120217-1437,org.eclipse.pde.internal.core.text,DocumentObject,isFirstChildNode,15,5,2
eclipse.pde.ui-20120217-1437,org.eclipse.pde.internal.core.text,DocumentObject,isLastChildNode,16,5,2
eclipse.pde.ui-20120217-1437,org.eclipse.pde.internal.core.text,DocumentObject,swap,6,2,3
eclipse.pde.ui-20120217-1437,org.eclipse.pde.internal.core.text,DocumentObject,moveChildNode,25,6,3
eclipse.pde.ui-20120217-1437,org.eclipse.pde.internal.core.text,DocumentObject,clone,23,1,1
eclipse.pde.ui-20120217-1437,org.eclipse.pde.internal.core.text,DocumentObject,getBooleanAttributeValue,13,4,2
eclipse.pde.ui-20120217-1437,org.eclipse.pde.internal.core.text,DocumentObject,setBooleanAttributeValue,4,1,2
eclipse.pde.ui-20120217-1437,org.eclipse.pde.internal.core.text,DocumentObject,setXMLAttribute,8,2,2
eclipse.pde.ui-20120217-1437,org.eclipse.pde.internal.core.text,DocumentObject,setXMLContent,20,4,1
eclipse.pde.ui-20120217-1437,org.eclipse.pde.internal.core.text,DocumentObject,getFileEncoding,6,2,0
eclipse.pde.ui-20120217-1437,org.eclipse.pde.internal.core.text,DocumentTextNode,DocumentTextNode,5,1,0
eclipse.pde.ui-20120217-1437,org.eclipse.pde.internal.core.text,DocumentTextNode,setEnclosingElement,3,1,1
eclipse.pde.ui-20120217-1437,org.eclipse.pde.internal.core.text,DocumentTextNode,getEnclosingElement,3,1,0
eclipse.pde.ui-20120217-1437,org.eclipse.pde.internal.core.text,DocumentTextNode,setText,3,1,1
eclipse.pde.ui-20120217-1437,org.eclipse.pde.internal.core.text,DocumentTextNode,getText,3,1,0
eclipse.pde.ui-20120217-1437,org.eclipse.pde.internal.core.text,DocumentTextNode,setOffset,3,1,1
eclipse.pde.ui-20120217-1437,org.eclipse.pde.internal.core.text,DocumentTextNode,getOffset,3,1,0
eclipse.pde.ui-20120217-1437,org.eclipse.pde.internal.core.text,DocumentTextNode,getLength,3,1,0
eclipse.pde.ui-20120217-1437,org.eclipse.pde.internal.core.text,DocumentTextNode,setLength,3,1,1
eclipse.pde.ui-20120217-1437,org.eclipse.pde.internal.core.text,DocumentTextNode,reconnect,5,1,1
eclipse.pde.ui-20120217-1437,org.eclipse.pde.internal.core.text,DocumentTextNode,write,4,1,0
eclipse.pde.ui-20120217-1437,org.eclipse.pde.internal.core.text,DocumentTextNode,getXMLType,3,1,0
eclipse.pde.ui-20120217-1437,org.eclipse.pde.internal.core.text,DocumentXMLNode,DocumentXMLNode,2,1,0
eclipse.pde.ui-20120217-1437,org.eclipse.pde.internal.core.text,DocumentXMLNode,toString,3,1,0
eclipse.pde.ui-20120217-1437,org.eclipse.pde.internal.core.text,DocumentXMLNode,write,0,1,0
eclipse.pde.ui-20120217-1437,org.eclipse.pde.internal.core.text,IDocumentAttributeNode,setEnclosingElement,0,1,1
eclipse.pde.ui-20120217-1437,org.eclipse.pde.internal.core.text,IDocumentAttributeNode,getEnclosingElement,0,1,0
eclipse.pde.ui-20120217-1437,org.eclipse.pde.internal.core.text,IDocumentAttributeNode,setNameOffset,0,1,1
eclipse.pde.ui-20120217-1437,org.eclipse.pde.internal.core.text,IDocumentAttributeNode,getNameOffset,0,1,0
eclipse.pde.ui-20120217-1437,org.eclipse.pde.internal.core.text,IDocumentAttributeNode,setNameLength,0,1,1
eclipse.pde.ui-20120217-1437,org.eclipse.pde.internal.core.text,IDocumentAttributeNode,getNameLength,0,1,0
eclipse.pde.ui-20120217-1437,org.eclipse.pde.internal.core.text,IDocumentAttributeNode,setValueOffset,0,1,1
eclipse.pde.ui-20120217-1437,org.eclipse.pde.internal.core.text,IDocumentAttributeNode,getValueOffset,0,1,0
eclipse.pde.ui-20120217-1437,org.eclipse.pde.internal.core.text,IDocumentAttributeNode,setValueLength,0,1,1
eclipse.pde.ui-20120217-1437,org.eclipse.pde.internal.core.text,IDocumentAttributeNode,getValueLength,0,1,0
eclipse.pde.ui-20120217-1437,org.eclipse.pde.internal.core.text,IDocumentAttributeNode,getAttributeName,0,1,0
eclipse.pde.ui-20120217-1437,org.eclipse.pde.internal.core.text,IDocumentAttributeNode,getAttributeValue,0,1,0
eclipse.pde.ui-20120217-1437,org.eclipse.pde.internal.core.text,IDocumentAttributeNode,setAttributeName,0,1,1
eclipse.pde.ui-20120217-1437,org.eclipse.pde.internal.core.text,IDocumentAttributeNode,setAttributeValue,0,1,1
eclipse.pde.ui-20120217-1437,org.eclipse.pde.internal.core.text,IDocumentAttributeNode,write,0,1,0
eclipse.pde.ui-20120217-1437,org.eclipse.pde.internal.core.text,IDocumentAttributeNode,reconnect,0,1,1
eclipse.pde.ui-20120217-1437,org.eclipse.pde.internal.core.text,IDocumentElementNode,getParentNode,0,1,0
eclipse.pde.ui-20120217-1437,org.eclipse.pde.internal.core.text,IDocumentElementNode,setParentNode,0,1,1
eclipse.pde.ui-20120217-1437,org.eclipse.pde.internal.core.text,IDocumentElementNode,addChildNode,0,1,1
eclipse.pde.ui-20120217-1437,org.eclipse.pde.internal.core.text,IDocumentElementNode,addChildNode,0,1,2
eclipse.pde.ui-20120217-1437,org.eclipse.pde.internal.core.text,IDocumentElementNode,removeChildNode,0,1,1
eclipse.pde.ui-20120217-1437,org.eclipse.pde.internal.core.text,IDocumentElementNode,removeChildNode,0,1,1
eclipse.pde.ui-20120217-1437,org.eclipse.pde.internal.core.text,IDocumentElementNode,getChildNodes,0,1,0
eclipse.pde.ui-20120217-1437,org.eclipse.pde.internal.core.text,IDocumentElementNode,addTextNode,0,1,1
eclipse.pde.ui-20120217-1437,org.eclipse.pde.internal.core.text,IDocumentElementNode,getTextNode,0,1,0
eclipse.pde.ui-20120217-1437,org.eclipse.pde.internal.core.text,IDocumentElementNode,removeTextNode,0,1,0
eclipse.pde.ui-20120217-1437,org.eclipse.pde.internal.core.text,IDocumentElementNode,indexOf,0,1,1
eclipse.pde.ui-20120217-1437,org.eclipse.pde.internal.core.text,IDocumentElementNode,getChildAt,0,1,1
eclipse.pde.ui-20120217-1437,org.eclipse.pde.internal.core.text,IDocumentElementNode,getPreviousSibling,0,1,0
eclipse.pde.ui-20120217-1437,org.eclipse.pde.internal.core.text,IDocumentElementNode,setPreviousSibling,0,1,1
eclipse.pde.ui-20120217-1437,org.eclipse.pde.internal.core.text,IDocumentElementNode,swap,0,1,2
eclipse.pde.ui-20120217-1437,org.eclipse.pde.internal.core.text,IDocumentElementNode,setXMLTagName,0,1,1
eclipse.pde.ui-20120217-1437,org.eclipse.pde.internal.core.text,IDocumentElementNode,getXMLTagName,0,1,0
eclipse.pde.ui-20120217-1437,org.eclipse.pde.internal.core.text,IDocumentElementNode,setXMLAttribute,0,1,1
eclipse.pde.ui-20120217-1437,org.eclipse.pde.internal.core.text,IDocumentElementNode,setXMLAttribute,0,1,2
eclipse.pde.ui-20120217-1437,org.eclipse.pde.internal.core.text,IDocumentElementNode,getXMLAttributeValue,0,1,1
eclipse.pde.ui-20120217-1437,org.eclipse.pde.internal.core.text,IDocumentElementNode,getDocumentAttribute,0,1,1
eclipse.pde.ui-20120217-1437,org.eclipse.pde.internal.core.text,IDocumentElementNode,getNodeAttributes,0,1,0
eclipse.pde.ui-20120217-1437,org.eclipse.pde.internal.core.text,IDocumentElementNode,removeDocumentAttribute,0,1,1
eclipse.pde.ui-20120217-1437,org.eclipse.pde.internal.core.text,IDocumentElementNode,isErrorNode,0,1,0
eclipse.pde.ui-20120217-1437,org.eclipse.pde.internal.core.text,IDocumentElementNode,setIsErrorNode,0,1,1
eclipse.pde.ui-20120217-1437,org.eclipse.pde.internal.core.text,IDocumentElementNode,isRoot,0,1,0
eclipse.pde.ui-20120217-1437,org.eclipse.pde.internal.core.text,IDocumentElementNode,setOffset,0,1,1
eclipse.pde.ui-20120217-1437,org.eclipse.pde.internal.core.text,IDocumentElementNode,setLength,0,1,1
eclipse.pde.ui-20120217-1437,org.eclipse.pde.internal.core.text,IDocumentElementNode,setLineIndent,0,1,1
eclipse.pde.ui-20120217-1437,org.eclipse.pde.internal.core.text,IDocumentElementNode,getLineIndent,0,1,0
eclipse.pde.ui-20120217-1437,org.eclipse.pde.internal.core.text,IDocumentElementNode,getNamespace,0,1,0
eclipse.pde.ui-20120217-1437,org.eclipse.pde.internal.core.text,IDocumentElementNode,getNamespacePrefix,0,1,0
eclipse.pde.ui-20120217-1437,org.eclipse.pde.internal.core.text,IDocumentElementNode,setNamespace,0,1,1
eclipse.pde.ui-20120217-1437,org.eclipse.pde.internal.core.text,IDocumentElementNode,setNamespacePrefix,0,1,1
eclipse.pde.ui-20120217-1437,org.eclipse.pde.internal.core.text,IDocumentElementNode,getIndent,0,1,0
eclipse.pde.ui-20120217-1437,org.eclipse.pde.internal.core.text,IDocumentElementNode,write,0,1,1
eclipse.pde.ui-20120217-1437,org.eclipse.pde.internal.core.text,IDocumentElementNode,writeShallow,0,1,1
eclipse.pde.ui-20120217-1437,org.eclipse.pde.internal.core.text,IDocumentElementNode,canTerminateStartTag,0,1,0
eclipse.pde.ui-20120217-1437,org.eclipse.pde.internal.core.text,IDocumentElementNode,getChildCount,0,1,0
eclipse.pde.ui-20120217-1437,org.eclipse.pde.internal.core.text,IDocumentElementNode,getNodeAttributesCount,0,1,0
eclipse.pde.ui-20120217-1437,org.eclipse.pde.internal.core.text,IDocumentElementNode,getNodeAttributesMap,0,1,0
eclipse.pde.ui-20120217-1437,org.eclipse.pde.internal.core.text,IDocumentElementNode,getChildNodesList,0,1,0
eclipse.pde.ui-20120217-1437,org.eclipse.pde.internal.core.text,IDocumentElementNode,reconnect,0,1,2
eclipse.pde.ui-20120217-1437,org.eclipse.pde.internal.core.text,IDocumentElementNode,setXMLContent,0,1,1
eclipse.pde.ui-20120217-1437,org.eclipse.pde.internal.core.text,IDocumentElementNode,getXMLContent,0,1,0
eclipse.pde.ui-20120217-1437,org.eclipse.pde.internal.core.text,IDocumentElementNode,isContentCollapsed,0,1,0
eclipse.pde.ui-20120217-1437,org.eclipse.pde.internal.core.text,IDocumentElementNode,isLeafNode,0,1,0
eclipse.pde.ui-20120217-1437,org.eclipse.pde.internal.core.text,IDocumentElementNode,hasXMLChildren,0,1,0
eclipse.pde.ui-20120217-1437,org.eclipse.pde.internal.core.text,IDocumentElementNode,hasXMLContent,0,1,0
eclipse.pde.ui-20120217-1437,org.eclipse.pde.internal.core.text,IDocumentElementNode,hasXMLAttributes,0,1,0
eclipse.pde.ui-20120217-1437,org.eclipse.pde.internal.core.text,IDocumentKey,setName,0,1,1
eclipse.pde.ui-20120217-1437,org.eclipse.pde.internal.core.text,IDocumentKey,getName,0,1,0
eclipse.pde.ui-20120217-1437,org.eclipse.pde.internal.core.text,IDocumentKey,setOffset,0,1,1
eclipse.pde.ui-20120217-1437,org.eclipse.pde.internal.core.text,IDocumentKey,setLength,0,1,1
eclipse.pde.ui-20120217-1437,org.eclipse.pde.internal.core.text,IDocumentKey,write,0,1,0
eclipse.pde.ui-20120217-1437,org.eclipse.pde.internal.core.text,IDocumentNodeFactory,createAttribute,0,1,3
eclipse.pde.ui-20120217-1437,org.eclipse.pde.internal.core.text,IDocumentNodeFactory,createDocumentNode,0,1,2
eclipse.pde.ui-20120217-1437,org.eclipse.pde.internal.core.text,IDocumentNodeFactory,createDocumentTextNode,0,1,2
eclipse.pde.ui-20120217-1437,org.eclipse.pde.internal.core.text,IDocumentObject,getSharedModel,0,1,0
eclipse.pde.ui-20120217-1437,org.eclipse.pde.internal.core.text,IDocumentObject,setSharedModel,0,1,1
eclipse.pde.ui-20120217-1437,org.eclipse.pde.internal.core.text,IDocumentObject,reset,0,1,0
eclipse.pde.ui-20120217-1437,org.eclipse.pde.internal.core.text,IDocumentObject,isInTheModel,0,1,0
eclipse.pde.ui-20120217-1437,org.eclipse.pde.internal.core.text,IDocumentObject,setInTheModel,0,1,1
eclipse.pde.ui-20120217-1437,org.eclipse.pde.internal.core.text,IDocumentObject,isEditable,0,1,0
eclipse.pde.ui-20120217-1437,org.eclipse.pde.internal.core.text,IDocumentObject,addChildNode,0,1,2
eclipse.pde.ui-20120217-1437,org.eclipse.pde.internal.core.text,IDocumentObject,addChildNode,0,1,3
eclipse.pde.ui-20120217-1437,org.eclipse.pde.internal.core.text,IDocumentObject,clone,0,1,1
eclipse.pde.ui-20120217-1437,org.eclipse.pde.internal.core.text,IDocumentObject,getBooleanAttributeValue,0,1,2
eclipse.pde.ui-20120217-1437,org.eclipse.pde.internal.core.text,IDocumentObject,getChildNode,0,1,1
eclipse.pde.ui-20120217-1437,org.eclipse.pde.internal.core.text,IDocumentObject,getChildNodeCount,0,1,1
eclipse.pde.ui-20120217-1437,org.eclipse.pde.internal.core.text,IDocumentObject,getChildNodesList,0,1,2
eclipse.pde.ui-20120217-1437,org.eclipse.pde.internal.core.text,IDocumentObject,getChildNodesList,0,1,2
eclipse.pde.ui-20120217-1437,org.eclipse.pde.internal.core.text,IDocumentObject,getNextSibling,0,1,2
eclipse.pde.ui-20120217-1437,org.eclipse.pde.internal.core.text,IDocumentObject,getPreviousSibling,0,1,2
eclipse.pde.ui-20120217-1437,org.eclipse.pde.internal.core.text,IDocumentObject,hasChildNodes,0,1,1
eclipse.pde.ui-20120217-1437,org.eclipse.pde.internal.core.text,IDocumentObject,isFirstChildNode,0,1,2
eclipse.pde.ui-20120217-1437,org.eclipse.pde.internal.core.text,IDocumentObject,isLastChildNode,0,1,2
eclipse.pde.ui-20120217-1437,org.eclipse.pde.internal.core.text,IDocumentObject,moveChildNode,0,1,3
eclipse.pde.ui-20120217-1437,org.eclipse.pde.internal.core.text,IDocumentObject,removeChildNode,0,1,2
eclipse.pde.ui-20120217-1437,org.eclipse.pde.internal.core.text,IDocumentObject,removeChildNode,0,1,2
eclipse.pde.ui-20120217-1437,org.eclipse.pde.internal.core.text,IDocumentObject,removeChildNode,0,1,3
eclipse.pde.ui-20120217-1437,org.eclipse.pde.internal.core.text,IDocumentObject,setBooleanAttributeValue,0,1,2
eclipse.pde.ui-20120217-1437,org.eclipse.pde.internal.core.text,IDocumentObject,setChildNode,0,1,2
eclipse.pde.ui-20120217-1437,org.eclipse.pde.internal.core.text,IDocumentObject,swap,0,1,3
eclipse.pde.ui-20120217-1437,org.eclipse.pde.internal.core.text,IDocumentRange,getOffset,0,1,0
eclipse.pde.ui-20120217-1437,org.eclipse.pde.internal.core.text,IDocumentRange,getLength,0,1,0
eclipse.pde.ui-20120217-1437,org.eclipse.pde.internal.core.text,IDocumentTextNode,setEnclosingElement,0,1,1
eclipse.pde.ui-20120217-1437,org.eclipse.pde.internal.core.text,IDocumentTextNode,getEnclosingElement,0,1,0
eclipse.pde.ui-20120217-1437,org.eclipse.pde.internal.core.text,IDocumentTextNode,setText,0,1,1
eclipse.pde.ui-20120217-1437,org.eclipse.pde.internal.core.text,IDocumentTextNode,getText,0,1,0
eclipse.pde.ui-20120217-1437,org.eclipse.pde.internal.core.text,IDocumentTextNode,setOffset,0,1,1
eclipse.pde.ui-20120217-1437,org.eclipse.pde.internal.core.text,IDocumentTextNode,setLength,0,1,1
eclipse.pde.ui-20120217-1437,org.eclipse.pde.internal.core.text,IDocumentTextNode,reconnect,0,1,1
eclipse.pde.ui-20120217-1437,org.eclipse.pde.internal.core.text,IDocumentTextNode,write,0,1,0
eclipse.pde.ui-20120217-1437,org.eclipse.pde.internal.core.text,IDocumentXMLNode,getXMLType,0,1,0
eclipse.pde.ui-20120217-1437,org.eclipse.pde.internal.core.text,IEditingModel,getDocument,0,1,0
eclipse.pde.ui-20120217-1437,org.eclipse.pde.internal.core.text,IEditingModel,setStale,0,1,1
eclipse.pde.ui-20120217-1437,org.eclipse.pde.internal.core.text,IEditingModel,isStale,0,1,0
eclipse.pde.ui-20120217-1437,org.eclipse.pde.internal.core.text,IEditingModel,getCharset,0,1,0
eclipse.pde.ui-20120217-1437,org.eclipse.pde.internal.core.text,IEditingModel,setCharset,0,1,1
eclipse.pde.ui-20120217-1437,org.eclipse.pde.internal.core.text,IModelTextChangeListener,getTextOperations,0,1,0
eclipse.pde.ui-20120217-1437,org.eclipse.pde.internal.core.text,IModelTextChangeListener,getReadableName,0,1,1
eclipse.pde.ui-20120217-1437,org.eclipse.pde.internal.core.text,IReconcilingParticipant,reconciled,0,1,1
eclipse.pde.ui-20120217-1437,org.eclipse.pde.internal.core.text,NodeDocumentHandler,NodeDocumentHandler,4,1,2
eclipse.pde.ui-20120217-1437,org.eclipse.pde.internal.core.text,NodeDocumentHandler,getFactory,3,1,0
eclipse.pde.ui-20120217-1437,org.eclipse.pde.internal.core.text,NodeDocumentHandler,getDocument,0,1,0
eclipse.pde.ui-20120217-1437,org.eclipse.pde.internal.core.text,NodeDocumentHandler,getDocumentAttribute,15,4,3
eclipse.pde.ui-20120217-1437,org.eclipse.pde.internal.core.text,NodeDocumentHandler,getRootNode,0,1,0
eclipse.pde.ui-20120217-1437,org.eclipse.pde.internal.core.text,NodeDocumentHandler,getDocumentNode,39,10,2
eclipse.pde.ui-20120217-1437,org.eclipse.pde.internal.core.text,NodeDocumentHandler,getDocumentTextNode,13,3,2
eclipse.pde.ui-20120217-1437,org.eclipse.pde.internal.core.text,NodeDocumentHandler,setCollapsibleParentName,3,1,1
eclipse.pde.ui-20120217-1437,org.eclipse.pde.internal.core.text,NodeDocumentHandler,getCollapsibleParentName,3,1,0
eclipse.pde.ui-20120217-1437,org.eclipse.pde.internal.core.text,NodeDocumentHandler,processCollapsedEndElement,13,2,2
eclipse.pde.ui-20120217-1437,org.eclipse.pde.internal.core.text,NodeDocumentHandler,processCollapsedStartElement,14,3,3
eclipse.pde.ui-20120217-1437,org.eclipse.pde.internal.core.text,NodeDocumentHandler,startElement,10,2,4
eclipse.pde.ui-20120217-1437,org.eclipse.pde.internal.core.text,NodeDocumentHandler,endElement,12,3,3
eclipse.pde.ui-20120217-1437,org.eclipse.pde.internal.core.text,XMLEditingModel,XMLEditingModel,3,1,2
eclipse.pde.ui-20120217-1437,org.eclipse.pde.internal.core.text,XMLEditingModel,load,21,1,2
eclipse.pde.ui-20120217-1437,org.eclipse.pde.internal.core.text,XMLEditingModel,getStatus,3,1,0
eclipse.pde.ui-20120217-1437,org.eclipse.pde.internal.core.text,XMLEditingModel,createDocumentHandler,0,1,2
eclipse.pde.ui-20120217-1437,org.eclipse.pde.internal.core.text,XMLEditingModel,adjustOffsets,14,1,1
eclipse.pde.ui-20120217-1437,org.eclipse.pde.internal.core.text,XMLEditingModel,isResourceFile,9,3,0
eclipse.pde.ui-20120217-1437,org.eclipse.pde.internal.core.text,XMLEditingModel,save,22,3,0
eclipse.pde.ui-20120217-1437,org.eclipse.pde.internal.core.text,XMLEditingModel,reload,16,3,0
eclipse.pde.ui-20120217-1437,org.eclipse.pde.internal.core.text,XMLEditingModel,reload,14,1,1
eclipse.pde.ui-20120217-1437,org.eclipse.pde.internal.core.text,XMLEditingModel,getContents,13,1,0
eclipse.pde.ui-20120217-1437,org.eclipse.pde.internal.core.text,XMLEditingModel,save,6,2,1
eclipse.pde.ui-20120217-1437,org.eclipse.pde.internal.core.text,XMLEditingModel,createNLResourceHelper,3,1,0
eclipse.pde.ui-20120217-1437,org.eclipse.pde.internal.core.text,XMLEditingModel,getRoot,0,1,0
eclipse.pde.ui-20120217-1437,org.eclipse.pde.internal.core.text.build,Build,Build,3,1,1
eclipse.pde.ui-20120217-1437,org.eclipse.pde.internal.core.text.build,Build,add,4,1,1
eclipse.pde.ui-20120217-1437,org.eclipse.pde.internal.core.text.build,Build,getBuildEntries,3,1,0
eclipse.pde.ui-20120217-1437,org.eclipse.pde.internal.core.text.build,Build,getEntry,3,1,1
eclipse.pde.ui-20120217-1437,org.eclipse.pde.internal.core.text.build,Build,remove,3,2,1
eclipse.pde.ui-20120217-1437,org.eclipse.pde.internal.core.text.build,Build,write,2,1,2
eclipse.pde.ui-20120217-1437,org.eclipse.pde.internal.core.text.build,Build,load,13,2,1
eclipse.pde.ui-20120217-1437,org.eclipse.pde.internal.core.text.build,Build,adjustOffsets,59,14,1
eclipse.pde.ui-20120217-1437,org.eclipse.pde.internal.core.text.build,Build,getModel,3,1,0
eclipse.pde.ui-20120217-1437,org.eclipse.pde.internal.core.text.build,BuildEntry,BuildEntry,5,1,2
eclipse.pde.ui-20120217-1437,org.eclipse.pde.internal.core.text.build,BuildEntry,setLineDelimiter,9,2,0
eclipse.pde.ui-20120217-1437,org.eclipse.pde.internal.core.text.build,BuildEntry,addToken,4,3,1
eclipse.pde.ui-20120217-1437,org.eclipse.pde.internal.core.text.build,BuildEntry,getName,3,1,0
eclipse.pde.ui-20120217-1437,org.eclipse.pde.internal.core.text.build,BuildEntry,getTokens,3,1,0
eclipse.pde.ui-20120217-1437,org.eclipse.pde.internal.core.text.build,BuildEntry,contains,3,1,1
eclipse.pde.ui-20120217-1437,org.eclipse.pde.internal.core.text.build,BuildEntry,removeToken,3,2,1
eclipse.pde.ui-20120217-1437,org.eclipse.pde.internal.core.text.build,BuildEntry,renameToken,7,2,2
eclipse.pde.ui-20120217-1437,org.eclipse.pde.internal.core.text.build,BuildEntry,setName,16,2,1
eclipse.pde.ui-20120217-1437,org.eclipse.pde.internal.core.text.build,BuildEntry,getOffset,3,1,0
eclipse.pde.ui-20120217-1437,org.eclipse.pde.internal.core.text.build,BuildEntry,setOffset,3,1,1
eclipse.pde.ui-20120217-1437,org.eclipse.pde.internal.core.text.build,BuildEntry,getLength,3,1,0
eclipse.pde.ui-20120217-1437,org.eclipse.pde.internal.core.text.build,BuildEntry,setLength,3,1,1
eclipse.pde.ui-20120217-1437,org.eclipse.pde.internal.core.text.build,BuildEntry,write,2,1,2
eclipse.pde.ui-20120217-1437,org.eclipse.pde.internal.core.text.build,BuildEntry,getModel,3,1,0
eclipse.pde.ui-20120217-1437,org.eclipse.pde.internal.core.text.build,BuildEntry,processEntry,9,2,1
eclipse.pde.ui-20120217-1437,org.eclipse.pde.internal.core.text.build,BuildEntry,write,21,4,0
eclipse.pde.ui-20120217-1437,org.eclipse.pde.internal.core.text.build,BuildEntry,swap,6,1,2
eclipse.pde.ui-20120217-1437,org.eclipse.pde.internal.core.text.build,BuildEntry,getPreviousToken,14,4,1
eclipse.pde.ui-20120217-1437,org.eclipse.pde.internal.core.text.build,BuildEntry,getNextToken,15,4,1
eclipse.pde.ui-20120217-1437,org.eclipse.pde.internal.core.text.build,BuildEntry,getIndexOf,3,1,1
eclipse.pde.ui-20120217-1437,org.eclipse.pde.internal.core.text.build,BuildEntry,addToken,13,4,2
eclipse.pde.ui-20120217-1437,org.eclipse.pde.internal.core.text.build,BuildEntry,getRootPath,15,5,0
eclipse.pde.ui-20120217-1437,org.eclipse.pde.internal.core.text.build,BuildEntry,toRelative,6,2,2
eclipse.pde.ui-20120217-1437,org.eclipse.pde.internal.core.text.build,BuildEntry,fromRelative,6,2,2
eclipse.pde.ui-20120217-1437,org.eclipse.pde.internal.core.text.build,BuildModel,BuildModel,3,1,2
eclipse.pde.ui-20120217-1437,org.eclipse.pde.internal.core.text.build,BuildModel,createNLResourceHelper,3,1,0
eclipse.pde.ui-20120217-1437,org.eclipse.pde.internal.core.text.build,BuildModel,load,9,1,2
eclipse.pde.ui-20120217-1437,org.eclipse.pde.internal.core.text.build,BuildModel,adjustOffsets,3,1,1
eclipse.pde.ui-20120217-1437,org.eclipse.pde.internal.core.text.build,BuildModel,getBuild,4,2,0
eclipse.pde.ui-20120217-1437,org.eclipse.pde.internal.core.text.build,BuildModel,getFactory,4,2,0
eclipse.pde.ui-20120217-1437,org.eclipse.pde.internal.core.text.build,BuildModelFactory,BuildModelFactory,3,1,1
eclipse.pde.ui-20120217-1437,org.eclipse.pde.internal.core.text.build,BuildModelFactory,createEntry,3,1,1
eclipse.pde.ui-20120217-1437,org.eclipse.pde.internal.core.text.build,PropertiesTextChangeListener,PropertiesTextChangeListener,3,1,1
eclipse.pde.ui-20120217-1437,org.eclipse.pde.internal.core.text.build,PropertiesTextChangeListener,PropertiesTextChangeListener,3,1,2
eclipse.pde.ui-20120217-1437,org.eclipse.pde.internal.core.text.build,PropertiesTextChangeListener,modelChanged,19,6,1
eclipse.pde.ui-20120217-1437,org.eclipse.pde.internal.core.text.bundle,BasePackageHeader,BasePackageHeader,3,1,4
eclipse.pde.ui-20120217-1437,org.eclipse.pde.internal.core.text.bundle,BasePackageHeader,getVersionAttribute,4,1,0
eclipse.pde.ui-20120217-1437,org.eclipse.pde.internal.core.text.bundle,BasePackageHeader,addPackage,3,1,1
eclipse.pde.ui-20120217-1437,org.eclipse.pde.internal.core.text.bundle,BasePackageHeader,removePackage,3,1,1
eclipse.pde.ui-20120217-1437,org.eclipse.pde.internal.core.text.bundle,BasePackageHeader,hasPackage,3,1,1
eclipse.pde.ui-20120217-1437,org.eclipse.pde.internal.core.text.bundle,BasePackageHeader,removePackage,3,1,1
eclipse.pde.ui-20120217-1437,org.eclipse.pde.internal.core.text.bundle,BasePackageHeader,renamePackage,9,2,2
eclipse.pde.ui-20120217-1437,org.eclipse.pde.internal.core.text.bundle,BasePackageHeader,processValue,20,4,1
eclipse.pde.ui-20120217-1437,org.eclipse.pde.internal.core.text.bundle,Bundle,Bundle,3,1,1
eclipse.pde.ui-20120217-1437,org.eclipse.pde.internal.core.text.bundle,Bundle,clearHeaders,3,1,0
eclipse.pde.ui-20120217-1437,org.eclipse.pde.internal.core.text.bundle,Bundle,load,21,5,1
eclipse.pde.ui-20120217-1437,org.eclipse.pde.internal.core.text.bundle,Bundle,clearOffsets,8,2,0
eclipse.pde.ui-20120217-1437,org.eclipse.pde.internal.core.text.bundle,Bundle,adjustOffsets,34,6,1
eclipse.pde.ui-20120217-1437,org.eclipse.pde.internal.core.text.bundle,Bundle,setHeader,13,2,2
eclipse.pde.ui-20120217-1437,org.eclipse.pde.internal.core.text.bundle,Bundle,getHeader,4,1,1
eclipse.pde.ui-20120217-1437,org.eclipse.pde.internal.core.text.bundle,Bundle,getManifestHeader,3,1,1
eclipse.pde.ui-20120217-1437,org.eclipse.pde.internal.core.text.bundle,Bundle,getHeaders,3,1,0
eclipse.pde.ui-20120217-1437,org.eclipse.pde.internal.core.text.bundle,Bundle,getModel,3,1,0
eclipse.pde.ui-20120217-1437,org.eclipse.pde.internal.core.text.bundle,Bundle,getLocalization,4,1,0
eclipse.pde.ui-20120217-1437,org.eclipse.pde.internal.core.text.bundle,Bundle,setLocalization,3,1,1
eclipse.pde.ui-20120217-1437,org.eclipse.pde.internal.core.text.bundle,Bundle,renameHeader,8,2,2
eclipse.pde.ui-20120217-1437,org.eclipse.pde.internal.core.text.bundle,BundleActivationPolicyHeader,BundleActivationPolicyHeader,3,1,4
eclipse.pde.ui-20120217-1437,org.eclipse.pde.internal.core.text.bundle,BundleActivationPolicyHeader,isLazyStart,3,1,0
eclipse.pde.ui-20120217-1437,org.eclipse.pde.internal.core.text.bundle,BundleActivationPolicyHeader,setLazyStart,3,1,1
eclipse.pde.ui-20120217-1437,org.eclipse.pde.internal.core.text.bundle,BundleActivationPolicyHeader,write,4,2,0
eclipse.pde.ui-20120217-1437,org.eclipse.pde.internal.core.text.bundle,BundleActivatorHeader,BundleActivatorHeader,3,1,4
eclipse.pde.ui-20120217-1437,org.eclipse.pde.internal.core.text.bundle,BundleActivatorHeader,setClassName,3,1,1
eclipse.pde.ui-20120217-1437,org.eclipse.pde.internal.core.text.bundle,BundleActivatorHeader,getClassName,3,1,0
eclipse.pde.ui-20120217-1437,org.eclipse.pde.internal.core.text.bundle,BundleClasspathHeader,BundleClasspathHeader,3,1,4
eclipse.pde.ui-20120217-1437,org.eclipse.pde.internal.core.text.bundle,BundleClasspathHeader,addLibrary,3,1,1
eclipse.pde.ui-20120217-1437,org.eclipse.pde.internal.core.text.bundle,BundleClasspathHeader,addLibrary,3,1,2
eclipse.pde.ui-20120217-1437,org.eclipse.pde.internal.core.text.bundle,BundleClasspathHeader,removeLibrary,3,1,1
eclipse.pde.ui-20120217-1437,org.eclipse.pde.internal.core.text.bundle,BundleLocalizationHeader,BundleLocalizationHeader,3,1,4
eclipse.pde.ui-20120217-1437,org.eclipse.pde.internal.core.text.bundle,BundleLocalizationHeader,setLocalization,3,1,1
eclipse.pde.ui-20120217-1437,org.eclipse.pde.internal.core.text.bundle,BundleLocalizationHeader,getLocalization,3,1,0
eclipse.pde.ui-20120217-1437,org.eclipse.pde.internal.core.text.bundle,BundleModel,BundleModel,4,1,2
eclipse.pde.ui-20120217-1437,org.eclipse.pde.internal.core.text.bundle,BundleModel,createNLResourceHelper,3,1,0
eclipse.pde.ui-20120217-1437,org.eclipse.pde.internal.core.text.bundle,BundleModel,isFragmentModel,3,1,0
eclipse.pde.ui-20120217-1437,org.eclipse.pde.internal.core.text.bundle,BundleModel,load,13,1,2
eclipse.pde.ui-20120217-1437,org.eclipse.pde.internal.core.text.bundle,BundleModel,adjustOffsets,4,1,1
eclipse.pde.ui-20120217-1437,org.eclipse.pde.internal.core.text.bundle,BundleModel,getBundle,3,1,0
eclipse.pde.ui-20120217-1437,org.eclipse.pde.internal.core.text.bundle,BundleModel,getFactory,4,2,0
eclipse.pde.ui-20120217-1437,org.eclipse.pde.internal.core.text.bundle,BundleModelFactory,BundleModelFactory,3,1,1
eclipse.pde.ui-20120217-1437,org.eclipse.pde.internal.core.text.bundle,BundleModelFactory,createHeader,3,1,0
eclipse.pde.ui-20120217-1437,org.eclipse.pde.internal.core.text.bundle,BundleModelFactory,createHeader,53,16,2
eclipse.pde.ui-20120217-1437,org.eclipse.pde.internal.core.text.bundle,BundleNameHeader,BundleNameHeader,3,1,4
eclipse.pde.ui-20120217-1437,org.eclipse.pde.internal.core.text.bundle,BundleNameHeader,getBundleName,3,1,0
eclipse.pde.ui-20120217-1437,org.eclipse.pde.internal.core.text.bundle,BundleNameHeader,setBundleName,3,1,1
eclipse.pde.ui-20120217-1437,org.eclipse.pde.internal.core.text.bundle,BundleSymbolicNameHeader,BundleSymbolicNameHeader,3,1,4
eclipse.pde.ui-20120217-1437,org.eclipse.pde.internal.core.text.bundle,BundleSymbolicNameHeader,setId,3,1,1
eclipse.pde.ui-20120217-1437,org.eclipse.pde.internal.core.text.bundle,BundleSymbolicNameHeader,getId,3,1,0
eclipse.pde.ui-20120217-1437,org.eclipse.pde.internal.core.text.bundle,BundleSymbolicNameHeader,setSingleton,10,4,1
eclipse.pde.ui-20120217-1437,org.eclipse.pde.internal.core.text.bundle,BundleSymbolicNameHeader,isSingleton,4,1,0
eclipse.pde.ui-20120217-1437,org.eclipse.pde.internal.core.text.bundle,BundleSymbolicNameHeader,fixUnsupportedDirective,7,2,0
eclipse.pde.ui-20120217-1437,org.eclipse.pde.internal.core.text.bundle,BundleTextChangeListener,BundleTextChangeListener,3,1,1
eclipse.pde.ui-20120217-1437,org.eclipse.pde.internal.core.text.bundle,BundleTextChangeListener,BundleTextChangeListener,3,1,2
eclipse.pde.ui-20120217-1437,org.eclipse.pde.internal.core.text.bundle,BundleTextChangeListener,getTextOperations,13,3,0
eclipse.pde.ui-20120217-1437,org.eclipse.pde.internal.core.text.bundle,BundleTextChangeListener,insertKey,15,3,2
eclipse.pde.ui-20120217-1437,org.eclipse.pde.internal.core.text.bundle,BundleTextChangeListener,modelChanged,21,7,1
eclipse.pde.ui-20120217-1437,org.eclipse.pde.internal.core.text.bundle,BundleVendorHeader,BundleVendorHeader,3,1,4
eclipse.pde.ui-20120217-1437,org.eclipse.pde.internal.core.text.bundle,BundleVendorHeader,setVendor,3,1,1
eclipse.pde.ui-20120217-1437,org.eclipse.pde.internal.core.text.bundle,BundleVendorHeader,getVendor,3,1,0
eclipse.pde.ui-20120217-1437,org.eclipse.pde.internal.core.text.bundle,BundleVersionHeader,BundleVersionHeader,3,1,4
eclipse.pde.ui-20120217-1437,org.eclipse.pde.internal.core.text.bundle,BundleVersionHeader,setVersionRange,3,1,1
eclipse.pde.ui-20120217-1437,org.eclipse.pde.internal.core.text.bundle,BundleVersionHeader,getVersionRange,3,1,0
eclipse.pde.ui-20120217-1437,org.eclipse.pde.internal.core.text.bundle,CompositeManifestHeader,CompositeManifestHeader,3,1,4
eclipse.pde.ui-20120217-1437,org.eclipse.pde.internal.core.text.bundle,CompositeManifestHeader,CompositeManifestHeader,9,1,5
eclipse.pde.ui-20120217-1437,org.eclipse.pde.internal.core.text.bundle,CompositeManifestHeader,processValue,8,2,1
eclipse.pde.ui-20120217-1437,org.eclipse.pde.internal.core.text.bundle,CompositeManifestHeader,createElement,3,1,1
eclipse.pde.ui-20120217-1437,org.eclipse.pde.internal.core.text.bundle,CompositeManifestHeader,update,3,1,0
eclipse.pde.ui-20120217-1437,org.eclipse.pde.internal.core.text.bundle,CompositeManifestHeader,update,15,4,1
eclipse.pde.ui-20120217-1437,org.eclipse.pde.internal.core.text.bundle,CompositeManifestHeader,addManifestElement,3,1,1
eclipse.pde.ui-20120217-1437,org.eclipse.pde.internal.core.text.bundle,CompositeManifestHeader,addManifestElement,4,1,2
eclipse.pde.ui-20120217-1437,org.eclipse.pde.internal.core.text.bundle,CompositeManifestHeader,addManifestElement,3,1,1
eclipse.pde.ui-20120217-1437,org.eclipse.pde.internal.core.text.bundle,CompositeManifestHeader,addManifestElements,5,2,1
eclipse.pde.ui-20120217-1437,org.eclipse.pde.internal.core.text.bundle,CompositeManifestHeader,addManifestElement,16,5,2
eclipse.pde.ui-20120217-1437,org.eclipse.pde.internal.core.text.bundle,CompositeManifestHeader,removeManifestElement,3,1,1
eclipse.pde.ui-20120217-1437,org.eclipse.pde.internal.core.text.bundle,CompositeManifestHeader,removeManifestElement,17,7,1
eclipse.pde.ui-20120217-1437,org.eclipse.pde.internal.core.text.bundle,CompositeManifestHeader,getElements,5,3,0
eclipse.pde.ui-20120217-1437,org.eclipse.pde.internal.core.text.bundle,CompositeManifestHeader,isEmpty,4,2,0
eclipse.pde.ui-20120217-1437,org.eclipse.pde.internal.core.text.bundle,CompositeManifestHeader,hasElement,10,5,1
eclipse.pde.ui-20120217-1437,org.eclipse.pde.internal.core.text.bundle,CompositeManifestHeader,getElementNames,8,2,0
eclipse.pde.ui-20120217-1437,org.eclipse.pde.internal.core.text.bundle,CompositeManifestHeader,swap,11,3,2
eclipse.pde.ui-20120217-1437,org.eclipse.pde.internal.core.text.bundle,CompositeManifestHeader,getElementAt,4,2,1
eclipse.pde.ui-20120217-1437,org.eclipse.pde.internal.core.text.bundle,CompositeManifestHeader,getPreviousElement,20,6,1
eclipse.pde.ui-20120217-1437,org.eclipse.pde.internal.core.text.bundle,CompositeManifestHeader,getNextElement,21,6,1
eclipse.pde.ui-20120217-1437,org.eclipse.pde.internal.core.text.bundle,CompositeManifestHeader,addManifestElement,28,7,3
eclipse.pde.ui-20120217-1437,org.eclipse.pde.internal.core.text.bundle,CompositeManifestHeader,indexOf,9,3,1
eclipse.pde.ui-20120217-1437,org.eclipse.pde.internal.core.text.bundle,CompositeManifestHeader,removeManifestElement,21,6,2
eclipse.pde.ui-20120217-1437,org.eclipse.pde.internal.core.text.bundle,ExecutionEnvironment,ExecutionEnvironment,3,1,2
eclipse.pde.ui-20120217-1437,org.eclipse.pde.internal.core.text.bundle,ExecutionEnvironment,getName,3,1,0
eclipse.pde.ui-20120217-1437,org.eclipse.pde.internal.core.text.bundle,ExecutionEnvironment,toString,3,1,0
eclipse.pde.ui-20120217-1437,org.eclipse.pde.internal.core.text.bundle,ExportPackageHeader,ExportPackageHeader,3,1,4
eclipse.pde.ui-20120217-1437,org.eclipse.pde.internal.core.text.bundle,ExportPackageHeader,createElement,3,1,1
eclipse.pde.ui-20120217-1437,org.eclipse.pde.internal.core.text.bundle,ExportPackageHeader,getPackageNames,3,1,0
eclipse.pde.ui-20120217-1437,org.eclipse.pde.internal.core.text.bundle,ExportPackageHeader,getPackage,3,1,1
eclipse.pde.ui-20120217-1437,org.eclipse.pde.internal.core.text.bundle,ExportPackageHeader,getPackages,6,1,0
eclipse.pde.ui-20120217-1437,org.eclipse.pde.internal.core.text.bundle,ExportPackageHeader,addPackage,5,1,1
eclipse.pde.ui-20120217-1437,org.eclipse.pde.internal.core.text.bundle,ExportPackageObject,ExportPackageObject,4,1,3
eclipse.pde.ui-20120217-1437,org.eclipse.pde.internal.core.text.bundle,ExportPackageObject,ExportPackageObject,3,1,3
eclipse.pde.ui-20120217-1437,org.eclipse.pde.internal.core.text.bundle,ExportPackageObject,ExportPackageObject,3,1,4
eclipse.pde.ui-20120217-1437,org.eclipse.pde.internal.core.text.bundle,ExportPackageObject,processFriends,8,3,0
eclipse.pde.ui-20120217-1437,org.eclipse.pde.internal.core.text.bundle,ExportPackageObject,isInternal,3,1,0
eclipse.pde.ui-20120217-1437,org.eclipse.pde.internal.core.text.bundle,ExportPackageObject,removeInternalDirective,4,1,0
eclipse.pde.ui-20120217-1437,org.eclipse.pde.internal.core.text.bundle,ExportPackageObject,setInternal,16,4,1
eclipse.pde.ui-20120217-1437,org.eclipse.pde.internal.core.text.bundle,ExportPackageObject,getFriends,3,1,0
eclipse.pde.ui-20120217-1437,org.eclipse.pde.internal.core.text.bundle,ExportPackageObject,addFriend,9,1,1
eclipse.pde.ui-20120217-1437,org.eclipse.pde.internal.core.text.bundle,ExportPackageObject,removeFriend,16,4,1
eclipse.pde.ui-20120217-1437,org.eclipse.pde.internal.core.text.bundle,ExportPackageObject,hasFriend,3,1,1
eclipse.pde.ui-20120217-1437,org.eclipse.pde.internal.core.text.bundle,ExportPackageObject,hasSameVisibility,9,5,1
eclipse.pde.ui-20120217-1437,org.eclipse.pde.internal.core.text.bundle,ExportPackageObject,setUsesDirective,6,1,1
eclipse.pde.ui-20120217-1437,org.eclipse.pde.internal.core.text.bundle,ExportPackageObject,getUsesDirective,3,1,0
eclipse.pde.ui-20120217-1437,org.eclipse.pde.internal.core.text.bundle,ExportPackageObject,appendValuesToBuffer,26,7,2
eclipse.pde.ui-20120217-1437,org.eclipse.pde.internal.core.text.bundle,ExportPackageObject,formatDirective,57,13,4
eclipse.pde.ui-20120217-1437,org.eclipse.pde.internal.core.text.bundle,ExportPackageObject,write,3,1,2
eclipse.pde.ui-20120217-1437,org.eclipse.pde.internal.core.text.bundle,ExportPackageObject,reconnect,4,1,3
eclipse.pde.ui-20120217-1437,org.eclipse.pde.internal.core.text.bundle,ExportPackageObject,reconnectFriends,8,2,0
eclipse.pde.ui-20120217-1437,org.eclipse.pde.internal.core.text.bundle,FragmentHostHeader,FragmentHostHeader,3,1,4
eclipse.pde.ui-20120217-1437,org.eclipse.pde.internal.core.text.bundle,FragmentHostHeader,setHostId,3,1,1
eclipse.pde.ui-20120217-1437,org.eclipse.pde.internal.core.text.bundle,FragmentHostHeader,getHostId,3,1,0
eclipse.pde.ui-20120217-1437,org.eclipse.pde.internal.core.text.bundle,FragmentHostHeader,setHostRange,3,1,1
eclipse.pde.ui-20120217-1437,org.eclipse.pde.internal.core.text.bundle,FragmentHostHeader,getHostRange,3,1,0
eclipse.pde.ui-20120217-1437,org.eclipse.pde.internal.core.text.bundle,ImportPackageHeader,ImportPackageHeader,3,1,4
eclipse.pde.ui-20120217-1437,org.eclipse.pde.internal.core.text.bundle,ImportPackageHeader,createElement,3,1,1
eclipse.pde.ui-20120217-1437,org.eclipse.pde.internal.core.text.bundle,ImportPackageHeader,getPackage,3,1,1
eclipse.pde.ui-20120217-1437,org.eclipse.pde.internal.core.text.bundle,ImportPackageHeader,getPackages,6,1,0
eclipse.pde.ui-20120217-1437,org.eclipse.pde.internal.core.text.bundle,ImportPackageHeader,addPackage,5,1,1
eclipse.pde.ui-20120217-1437,org.eclipse.pde.internal.core.text.bundle,ImportPackageObject,getVersion,5,2,1
eclipse.pde.ui-20120217-1437,org.eclipse.pde.internal.core.text.bundle,ImportPackageObject,ImportPackageObject,3,1,3
eclipse.pde.ui-20120217-1437,org.eclipse.pde.internal.core.text.bundle,ImportPackageObject,ImportPackageObject,3,1,3
eclipse.pde.ui-20120217-1437,org.eclipse.pde.internal.core.text.bundle,ImportPackageObject,ImportPackageObject,3,1,4
eclipse.pde.ui-20120217-1437,org.eclipse.pde.internal.core.text.bundle,ImportPackageObject,isOptional,5,2,0
eclipse.pde.ui-20120217-1437,org.eclipse.pde.internal.core.text.bundle,ImportPackageObject,setOptional,14,3,1
eclipse.pde.ui-20120217-1437,org.eclipse.pde.internal.core.text.bundle,ImportPackageObject,reconnect,3,1,3
eclipse.pde.ui-20120217-1437,org.eclipse.pde.internal.core.text.bundle,ImportPackageObject,write,3,1,2
eclipse.pde.ui-20120217-1437,org.eclipse.pde.internal.core.text.bundle,ImportPackageObject,restoreProperty,8,3,3
eclipse.pde.ui-20120217-1437,org.eclipse.pde.internal.core.text.bundle,LazyStartHeader,LazyStartHeader,3,1,4
eclipse.pde.ui-20120217-1437,org.eclipse.pde.internal.core.text.bundle,LazyStartHeader,isLazyStart,3,1,0
eclipse.pde.ui-20120217-1437,org.eclipse.pde.internal.core.text.bundle,LazyStartHeader,setLazyStart,3,1,1
eclipse.pde.ui-20120217-1437,org.eclipse.pde.internal.core.text.bundle,ManifestHeader,ManifestHeader,2,1,0
eclipse.pde.ui-20120217-1437,org.eclipse.pde.internal.core.text.bundle,ManifestHeader,ManifestHeader,7,1,4
eclipse.pde.ui-20120217-1437,org.eclipse.pde.internal.core.text.bundle,ManifestHeader,processValue,3,1,1
eclipse.pde.ui-20120217-1437,org.eclipse.pde.internal.core.text.bundle,ManifestHeader,getLineLimiter,3,1,0
eclipse.pde.ui-20120217-1437,org.eclipse.pde.internal.core.text.bundle,ManifestHeader,setName,3,1,1
eclipse.pde.ui-20120217-1437,org.eclipse.pde.internal.core.text.bundle,ManifestHeader,getName,3,1,0
eclipse.pde.ui-20120217-1437,org.eclipse.pde.internal.core.text.bundle,ManifestHeader,getValue,3,1,0
eclipse.pde.ui-20120217-1437,org.eclipse.pde.internal.core.text.bundle,ManifestHeader,setValue,5,1,1
eclipse.pde.ui-20120217-1437,org.eclipse.pde.internal.core.text.bundle,ManifestHeader,setOffset,3,1,1
eclipse.pde.ui-20120217-1437,org.eclipse.pde.internal.core.text.bundle,ManifestHeader,getOffset,3,1,0
eclipse.pde.ui-20120217-1437,org.eclipse.pde.internal.core.text.bundle,ManifestHeader,setLength,3,1,1
eclipse.pde.ui-20120217-1437,org.eclipse.pde.internal.core.text.bundle,ManifestHeader,getLength,3,1,0
eclipse.pde.ui-20120217-1437,org.eclipse.pde.internal.core.text.bundle,ManifestHeader,write,23,4,0
eclipse.pde.ui-20120217-1437,org.eclipse.pde.internal.core.text.bundle,ManifestHeader,write,2,1,2
eclipse.pde.ui-20120217-1437,org.eclipse.pde.internal.core.text.bundle,ManifestHeader,setBundle,3,1,1
eclipse.pde.ui-20120217-1437,org.eclipse.pde.internal.core.text.bundle,ManifestHeader,getBundle,3,1,0
eclipse.pde.ui-20120217-1437,org.eclipse.pde.internal.core.text.bundle,ManifestHeader,getKey,3,1,0
eclipse.pde.ui-20120217-1437,org.eclipse.pde.internal.core.text.bundle,ManifestHeader,setKey,3,1,1
eclipse.pde.ui-20120217-1437,org.eclipse.pde.internal.core.text.bundle,ManifestHeader,getManifestVersion,3,1,0
eclipse.pde.ui-20120217-1437,org.eclipse.pde.internal.core.text.bundle,ManifestHeader,update,2,1,0
eclipse.pde.ui-20120217-1437,org.eclipse.pde.internal.core.text.bundle,ManifestHeader,update,2,1,1
eclipse.pde.ui-20120217-1437,org.eclipse.pde.internal.core.text.bundle,PDEManifestElement,PDEManifestElement,5,1,2
eclipse.pde.ui-20120217-1437,org.eclipse.pde.internal.core.text.bundle,PDEManifestElement,PDEManifestElement,5,1,2
eclipse.pde.ui-20120217-1437,org.eclipse.pde.internal.core.text.bundle,PDEManifestElement,getValueComponents,3,1,0
eclipse.pde.ui-20120217-1437,org.eclipse.pde.internal.core.text.bundle,PDEManifestElement,setValueComponents,3,1,1
eclipse.pde.ui-20120217-1437,org.eclipse.pde.internal.core.text.bundle,PDEManifestElement,getAttributes,3,1,1
eclipse.pde.ui-20120217-1437,org.eclipse.pde.internal.core.text.bundle,PDEManifestElement,getAttribute,3,1,1
eclipse.pde.ui-20120217-1437,org.eclipse.pde.internal.core.text.bundle,PDEManifestElement,getKeys,3,1,0
eclipse.pde.ui-20120217-1437,org.eclipse.pde.internal.core.text.bundle,PDEManifestElement,addAttribute,3,1,2
eclipse.pde.ui-20120217-1437,org.eclipse.pde.internal.core.text.bundle,PDEManifestElement,setAttribute,3,1,2
eclipse.pde.ui-20120217-1437,org.eclipse.pde.internal.core.text.bundle,PDEManifestElement,getDirective,3,1,1
eclipse.pde.ui-20120217-1437,org.eclipse.pde.internal.core.text.bundle,PDEManifestElement,getDirectives,3,1,1
eclipse.pde.ui-20120217-1437,org.eclipse.pde.internal.core.text.bundle,PDEManifestElement,getDirectiveKeys,3,1,0
eclipse.pde.ui-20120217-1437,org.eclipse.pde.internal.core.text.bundle,PDEManifestElement,addDirective,3,1,2
eclipse.pde.ui-20120217-1437,org.eclipse.pde.internal.core.text.bundle,PDEManifestElement,setDirective,3,1,2
eclipse.pde.ui-20120217-1437,org.eclipse.pde.internal.core.text.bundle,PDEManifestElement,getTableValue,8,4,2
eclipse.pde.ui-20120217-1437,org.eclipse.pde.internal.core.text.bundle,PDEManifestElement,getTableValues,8,4,2
eclipse.pde.ui-20120217-1437,org.eclipse.pde.internal.core.text.bundle,PDEManifestElement,getTableKeys,4,2,1
eclipse.pde.ui-20120217-1437,org.eclipse.pde.internal.core.text.bundle,PDEManifestElement,addTableValue,22,4,3
eclipse.pde.ui-20120217-1437,org.eclipse.pde.internal.core.text.bundle,PDEManifestElement,setTableValue,10,3,3
eclipse.pde.ui-20120217-1437,org.eclipse.pde.internal.core.text.bundle,PDEManifestElement,setValue,12,3,1
eclipse.pde.ui-20120217-1437,org.eclipse.pde.internal.core.text.bundle,PDEManifestElement,init,19,7,1
eclipse.pde.ui-20120217-1437,org.eclipse.pde.internal.core.text.bundle,PDEManifestElement,write,6,1,0
eclipse.pde.ui-20120217-1437,org.eclipse.pde.internal.core.text.bundle,PDEManifestElement,getValue,9,4,0
eclipse.pde.ui-20120217-1437,org.eclipse.pde.internal.core.text.bundle,PDEManifestElement,appendValuesToBuffer,28,12,2
eclipse.pde.ui-20120217-1437,org.eclipse.pde.internal.core.text.bundle,PDEManifestElement,shouldWrap,3,1,1
eclipse.pde.ui-20120217-1437,org.eclipse.pde.internal.core.text.bundle,PDEManifestElement,getHeader,3,1,0
eclipse.pde.ui-20120217-1437,org.eclipse.pde.internal.core.text.bundle,PDEManifestElement,setHeader,3,1,1
eclipse.pde.ui-20120217-1437,org.eclipse.pde.internal.core.text.bundle,PDEManifestElement,reconnect,4,1,2
eclipse.pde.ui-20120217-1437,org.eclipse.pde.internal.core.text.bundle,PackageFriend,PackageFriend,4,1,2
eclipse.pde.ui-20120217-1437,org.eclipse.pde.internal.core.text.bundle,PackageFriend,getName,3,1,0
eclipse.pde.ui-20120217-1437,org.eclipse.pde.internal.core.text.bundle,PackageFriend,toString,3,1,0
eclipse.pde.ui-20120217-1437,org.eclipse.pde.internal.core.text.bundle,PackageFriend,getHeader,3,1,0
eclipse.pde.ui-20120217-1437,org.eclipse.pde.internal.core.text.bundle,PackageFriend,reconnect,3,1,1
eclipse.pde.ui-20120217-1437,org.eclipse.pde.internal.core.text.bundle,PackageFriend,writeDelimeter,3,1,1
eclipse.pde.ui-20120217-1437,org.eclipse.pde.internal.core.text.bundle,PackageObject,PackageObject,4,1,3
eclipse.pde.ui-20120217-1437,org.eclipse.pde.internal.core.text.bundle,PackageObject,PackageObject,5,2,4
eclipse.pde.ui-20120217-1437,org.eclipse.pde.internal.core.text.bundle,PackageObject,toString,12,4,0
eclipse.pde.ui-20120217-1437,org.eclipse.pde.internal.core.text.bundle,PackageObject,getVersion,6,3,0
eclipse.pde.ui-20120217-1437,org.eclipse.pde.internal.core.text.bundle,PackageObject,getName,3,1,0
eclipse.pde.ui-20120217-1437,org.eclipse.pde.internal.core.text.bundle,PackageObject,setName,3,1,1
eclipse.pde.ui-20120217-1437,org.eclipse.pde.internal.core.text.bundle,PackageObject,setVersion,6,1,1
eclipse.pde.ui-20120217-1437,org.eclipse.pde.internal.core.text.bundle,PackageObject,reconnect,4,1,3
eclipse.pde.ui-20120217-1437,org.eclipse.pde.internal.core.text.bundle,RequireBundleHeader,RequireBundleHeader,3,1,4
eclipse.pde.ui-20120217-1437,org.eclipse.pde.internal.core.text.bundle,RequireBundleHeader,addBundle,3,1,1
eclipse.pde.ui-20120217-1437,org.eclipse.pde.internal.core.text.bundle,RequireBundleHeader,addBundle,9,1,2
eclipse.pde.ui-20120217-1437,org.eclipse.pde.internal.core.text.bundle,RequireBundleHeader,addBundle,3,1,1
eclipse.pde.ui-20120217-1437,org.eclipse.pde.internal.core.text.bundle,RequireBundleHeader,addBundle,5,1,4
eclipse.pde.ui-20120217-1437,org.eclipse.pde.internal.core.text.bundle,RequireBundleHeader,configureBundle,8,6,4
eclipse.pde.ui-20120217-1437,org.eclipse.pde.internal.core.text.bundle,RequireBundleHeader,removeBundle,3,1,1
eclipse.pde.ui-20120217-1437,org.eclipse.pde.internal.core.text.bundle,RequireBundleHeader,removeBundle,3,1,1
eclipse.pde.ui-20120217-1437,org.eclipse.pde.internal.core.text.bundle,RequireBundleHeader,createElement,3,1,1
eclipse.pde.ui-20120217-1437,org.eclipse.pde.internal.core.text.bundle,RequireBundleHeader,updateBundle,26,9,2
eclipse.pde.ui-20120217-1437,org.eclipse.pde.internal.core.text.bundle,RequireBundleHeader,getRequiredBundles,6,1,0
eclipse.pde.ui-20120217-1437,org.eclipse.pde.internal.core.text.bundle,RequireBundleObject,RequireBundleObject,3,1,2
eclipse.pde.ui-20120217-1437,org.eclipse.pde.internal.core.text.bundle,RequireBundleObject,RequireBundleObject,3,1,2
eclipse.pde.ui-20120217-1437,org.eclipse.pde.internal.core.text.bundle,RequireBundleObject,setId,6,1,1
eclipse.pde.ui-20120217-1437,org.eclipse.pde.internal.core.text.bundle,RequireBundleObject,getId,3,1,0
eclipse.pde.ui-20120217-1437,org.eclipse.pde.internal.core.text.bundle,RequireBundleObject,setVersion,12,3,1
eclipse.pde.ui-20120217-1437,org.eclipse.pde.internal.core.text.bundle,RequireBundleObject,getVersion,19,5,0
eclipse.pde.ui-20120217-1437,org.eclipse.pde.internal.core.text.bundle,RequireBundleObject,setOptional,14,4,1
eclipse.pde.ui-20120217-1437,org.eclipse.pde.internal.core.text.bundle,RequireBundleObject,isOptional,5,2,0
eclipse.pde.ui-20120217-1437,org.eclipse.pde.internal.core.text.bundle,RequireBundleObject,setReexported,14,4,1
eclipse.pde.ui-20120217-1437,org.eclipse.pde.internal.core.text.bundle,RequireBundleObject,isReexported,5,2,0
eclipse.pde.ui-20120217-1437,org.eclipse.pde.internal.core.text.bundle,RequiredExecutionEnvironmentHeader,RequiredExecutionEnvironmentHeader,3,1,4
eclipse.pde.ui-20120217-1437,org.eclipse.pde.internal.core.text.bundle,RequiredExecutionEnvironmentHeader,createElement,3,1,1
eclipse.pde.ui-20120217-1437,org.eclipse.pde.internal.core.text.bundle,RequiredExecutionEnvironmentHeader,hasExecutionEnvironment,3,1,1
eclipse.pde.ui-20120217-1437,org.eclipse.pde.internal.core.text.bundle,RequiredExecutionEnvironmentHeader,addExecutionEnvironment,3,1,1
eclipse.pde.ui-20120217-1437,org.eclipse.pde.internal.core.text.bundle,RequiredExecutionEnvironmentHeader,addExecutionEnvironment,3,1,2
eclipse.pde.ui-20120217-1437,org.eclipse.pde.internal.core.text.bundle,RequiredExecutionEnvironmentHeader,addExecutionEnvironments,14,6,1
eclipse.pde.ui-20120217-1437,org.eclipse.pde.internal.core.text.bundle,RequiredExecutionEnvironmentHeader,addExecutionEnvironments,3,1,1
eclipse.pde.ui-20120217-1437,org.eclipse.pde.internal.core.text.bundle,RequiredExecutionEnvironmentHeader,removeExecutionEnvironment,3,1,1
eclipse.pde.ui-20120217-1437,org.eclipse.pde.internal.core.text.bundle,RequiredExecutionEnvironmentHeader,removeExecutionEnvironmentUnique,3,1,1
eclipse.pde.ui-20120217-1437,org.eclipse.pde.internal.core.text.bundle,RequiredExecutionEnvironmentHeader,getEnvironments,6,1,0
eclipse.pde.ui-20120217-1437,org.eclipse.pde.internal.core.text.bundle,SingleManifestHeader,SingleManifestHeader,3,1,4
eclipse.pde.ui-20120217-1437,org.eclipse.pde.internal.core.text.bundle,SingleManifestHeader,processValue,10,3,1
eclipse.pde.ui-20120217-1437,org.eclipse.pde.internal.core.text.bundle,SingleManifestHeader,setAttribute,4,1,2
eclipse.pde.ui-20120217-1437,org.eclipse.pde.internal.core.text.bundle,SingleManifestHeader,setDirective,4,1,2
eclipse.pde.ui-20120217-1437,org.eclipse.pde.internal.core.text.bundle,SingleManifestHeader,setMainComponent,5,2,1
eclipse.pde.ui-20120217-1437,org.eclipse.pde.internal.core.text.bundle,SingleManifestHeader,getAttribute,3,1,1
eclipse.pde.ui-20120217-1437,org.eclipse.pde.internal.core.text.bundle,SingleManifestHeader,getDirective,3,1,1
eclipse.pde.ui-20120217-1437,org.eclipse.pde.internal.core.text.bundle,SingleManifestHeader,getMainComponent,3,1,0
eclipse.pde.ui-20120217-1437,org.eclipse.pde.internal.core.text.bundle,SingleManifestHeader,update,3,1,0
eclipse.pde.ui-20120217-1437,org.eclipse.pde.internal.core.text.bundle,SingleManifestHeader,update,5,2,1
eclipse.pde.ui-20120217-1437,org.eclipse.pde.internal.core.text.plugin,DocumentGenericNode,DocumentGenericNode,3,1,1
eclipse.pde.ui-20120217-1437,org.eclipse.pde.internal.core.text.plugin,FragmentModel,FragmentModel,3,1,2
eclipse.pde.ui-20120217-1437,org.eclipse.pde.internal.core.text.plugin,FragmentModel,getFragment,3,1,0
eclipse.pde.ui-20120217-1437,org.eclipse.pde.internal.core.text.plugin,FragmentModel,isFragmentModel,3,1,0
eclipse.pde.ui-20120217-1437,org.eclipse.pde.internal.core.text.plugin,FragmentModel,getBundleDescription,3,1,0
eclipse.pde.ui-20120217-1437,org.eclipse.pde.internal.core.text.plugin,FragmentModel,setBundleDescription,2,1,1
eclipse.pde.ui-20120217-1437,org.eclipse.pde.internal.core.text.plugin,FragmentNode,getPluginId,3,1,0
eclipse.pde.ui-20120217-1437,org.eclipse.pde.internal.core.text.plugin,FragmentNode,getPluginVersion,3,1,0
eclipse.pde.ui-20120217-1437,org.eclipse.pde.internal.core.text.plugin,FragmentNode,getRule,8,5,0
eclipse.pde.ui-20120217-1437,org.eclipse.pde.internal.core.text.plugin,FragmentNode,setPluginId,3,1,1
eclipse.pde.ui-20120217-1437,org.eclipse.pde.internal.core.text.plugin,FragmentNode,setPluginVersion,3,1,1
eclipse.pde.ui-20120217-1437,org.eclipse.pde.internal.core.text.plugin,FragmentNode,setRule,17,5,1
eclipse.pde.ui-20120217-1437,org.eclipse.pde.internal.core.text.plugin,FragmentNode,getSpecificAttributes,10,4,0
eclipse.pde.ui-20120217-1437,org.eclipse.pde.internal.core.text.plugin,PluginAttribute,PluginAttribute,5,1,0
eclipse.pde.ui-20120217-1437,org.eclipse.pde.internal.core.text.plugin,PluginAttribute,getValue,3,1,0
eclipse.pde.ui-20120217-1437,org.eclipse.pde.internal.core.text.plugin,PluginAttribute,setValue,3,1,1
eclipse.pde.ui-20120217-1437,org.eclipse.pde.internal.core.text.plugin,PluginAttribute,setEnclosingElement,3,1,1
eclipse.pde.ui-20120217-1437,org.eclipse.pde.internal.core.text.plugin,PluginAttribute,getEnclosingElement,3,1,0
eclipse.pde.ui-20120217-1437,org.eclipse.pde.internal.core.text.plugin,PluginAttribute,setNameOffset,3,1,1
eclipse.pde.ui-20120217-1437,org.eclipse.pde.internal.core.text.plugin,PluginAttribute,getNameOffset,3,1,0
eclipse.pde.ui-20120217-1437,org.eclipse.pde.internal.core.text.plugin,PluginAttribute,setNameLength,3,1,1
eclipse.pde.ui-20120217-1437,org.eclipse.pde.internal.core.text.plugin,PluginAttribute,getNameLength,3,1,0
eclipse.pde.ui-20120217-1437,org.eclipse.pde.internal.core.text.plugin,PluginAttribute,setValueOffset,3,1,1
eclipse.pde.ui-20120217-1437,org.eclipse.pde.internal.core.text.plugin,PluginAttribute,getValueOffset,3,1,0
eclipse.pde.ui-20120217-1437,org.eclipse.pde.internal.core.text.plugin,PluginAttribute,setValueLength,3,1,1
eclipse.pde.ui-20120217-1437,org.eclipse.pde.internal.core.text.plugin,PluginAttribute,getValueLength,3,1,0
eclipse.pde.ui-20120217-1437,org.eclipse.pde.internal.core.text.plugin,PluginAttribute,getAttributeName,3,1,0
eclipse.pde.ui-20120217-1437,org.eclipse.pde.internal.core.text.plugin,PluginAttribute,getAttributeValue,3,1,0
eclipse.pde.ui-20120217-1437,org.eclipse.pde.internal.core.text.plugin,PluginAttribute,write,3,1,0
eclipse.pde.ui-20120217-1437,org.eclipse.pde.internal.core.text.plugin,PluginAttribute,getWritableString,3,1,1
eclipse.pde.ui-20120217-1437,org.eclipse.pde.internal.core.text.plugin,PluginAttribute,setAttributeName,3,1,1
eclipse.pde.ui-20120217-1437,org.eclipse.pde.internal.core.text.plugin,PluginAttribute,setAttributeValue,3,1,1
eclipse.pde.ui-20120217-1437,org.eclipse.pde.internal.core.text.plugin,PluginAttribute,reconnect,4,1,1
eclipse.pde.ui-20120217-1437,org.eclipse.pde.internal.core.text.plugin,PluginAttribute,write,3,1,2
eclipse.pde.ui-20120217-1437,org.eclipse.pde.internal.core.text.plugin,PluginBaseNode,add,9,2,1
eclipse.pde.ui-20120217-1437,org.eclipse.pde.internal.core.text.plugin,PluginBaseNode,add,8,2,1
eclipse.pde.ui-20120217-1437,org.eclipse.pde.internal.core.text.plugin,PluginBaseNode,add,10,3,1
eclipse.pde.ui-20120217-1437,org.eclipse.pde.internal.core.text.plugin,PluginBaseNode,remove,8,2,1
eclipse.pde.ui-20120217-1437,org.eclipse.pde.internal.core.text.plugin,PluginBaseNode,remove,10,3,1
eclipse.pde.ui-20120217-1437,org.eclipse.pde.internal.core.text.plugin,PluginBaseNode,getLibraries,11,4,0
eclipse.pde.ui-20120217-1437,org.eclipse.pde.internal.core.text.plugin,PluginBaseNode,getEnclosingElement,31,8,2
eclipse.pde.ui-20120217-1437,org.eclipse.pde.internal.core.text.plugin,PluginBaseNode,getImports,11,4,0
eclipse.pde.ui-20120217-1437,org.eclipse.pde.internal.core.text.plugin,PluginBaseNode,getProviderName,3,1,0
eclipse.pde.ui-20120217-1437,org.eclipse.pde.internal.core.text.plugin,PluginBaseNode,getVersion,3,1,0
eclipse.pde.ui-20120217-1437,org.eclipse.pde.internal.core.text.plugin,PluginBaseNode,remove,8,2,1
eclipse.pde.ui-20120217-1437,org.eclipse.pde.internal.core.text.plugin,PluginBaseNode,setProviderName,3,1,1
eclipse.pde.ui-20120217-1437,org.eclipse.pde.internal.core.text.plugin,PluginBaseNode,setVersion,3,1,1
eclipse.pde.ui-20120217-1437,org.eclipse.pde.internal.core.text.plugin,PluginBaseNode,swap,7,2,2
eclipse.pde.ui-20120217-1437,org.eclipse.pde.internal.core.text.plugin,PluginBaseNode,getSchemaVersion,3,1,0
eclipse.pde.ui-20120217-1437,org.eclipse.pde.internal.core.text.plugin,PluginBaseNode,setSchemaVersion,3,1,1
eclipse.pde.ui-20120217-1437,org.eclipse.pde.internal.core.text.plugin,PluginBaseNode,add,8,2,1
eclipse.pde.ui-20120217-1437,org.eclipse.pde.internal.core.text.plugin,PluginBaseNode,add,12,3,2
eclipse.pde.ui-20120217-1437,org.eclipse.pde.internal.core.text.plugin,PluginBaseNode,add,22,5,1
eclipse.pde.ui-20120217-1437,org.eclipse.pde.internal.core.text.plugin,PluginBaseNode,getExtensionPoints,8,3,0
eclipse.pde.ui-20120217-1437,org.eclipse.pde.internal.core.text.plugin,PluginBaseNode,getExtensions,8,3,0
eclipse.pde.ui-20120217-1437,org.eclipse.pde.internal.core.text.plugin,PluginBaseNode,getIndexOf,7,3,1
eclipse.pde.ui-20120217-1437,org.eclipse.pde.internal.core.text.plugin,PluginBaseNode,remove,7,2,1
eclipse.pde.ui-20120217-1437,org.eclipse.pde.internal.core.text.plugin,PluginBaseNode,remove,7,2,1
eclipse.pde.ui-20120217-1437,org.eclipse.pde.internal.core.text.plugin,PluginBaseNode,remove,7,2,1
eclipse.pde.ui-20120217-1437,org.eclipse.pde.internal.core.text.plugin,PluginBaseNode,swap,4,1,2
eclipse.pde.ui-20120217-1437,org.eclipse.pde.internal.core.text.plugin,PluginBaseNode,swap,7,2,2
eclipse.pde.ui-20120217-1437,org.eclipse.pde.internal.core.text.plugin,PluginBaseNode,getId,3,1,0
eclipse.pde.ui-20120217-1437,org.eclipse.pde.internal.core.text.plugin,PluginBaseNode,setId,3,1,1
eclipse.pde.ui-20120217-1437,org.eclipse.pde.internal.core.text.plugin,PluginBaseNode,getName,3,1,0
eclipse.pde.ui-20120217-1437,org.eclipse.pde.internal.core.text.plugin,PluginBaseNode,setName,3,1,1
eclipse.pde.ui-20120217-1437,org.eclipse.pde.internal.core.text.plugin,PluginBaseNode,write,31,5,1
eclipse.pde.ui-20120217-1437,org.eclipse.pde.internal.core.text.plugin,PluginBaseNode,writeShallow,21,7,1
eclipse.pde.ui-20120217-1437,org.eclipse.pde.internal.core.text.plugin,PluginBaseNode,getSpecificAttributes,0,1,0
eclipse.pde.ui-20120217-1437,org.eclipse.pde.internal.core.text.plugin,PluginBaseNode,isRoot,3,1,0
eclipse.pde.ui-20120217-1437,org.eclipse.pde.internal.core.text.plugin,PluginDocumentHandler,PluginDocumentHandler,5,1,2
eclipse.pde.ui-20120217-1437,org.eclipse.pde.internal.core.text.plugin,PluginDocumentHandler,getDocument,3,1,0
eclipse.pde.ui-20120217-1437,org.eclipse.pde.internal.core.text.plugin,PluginDocumentHandler,endDocument,8,2,0
eclipse.pde.ui-20120217-1437,org.eclipse.pde.internal.core.text.plugin,PluginDocumentHandler,processingInstruction,10,3,2
eclipse.pde.ui-20120217-1437,org.eclipse.pde.internal.core.text.plugin,PluginDocumentHandler,startDocument,4,1,0
eclipse.pde.ui-20120217-1437,org.eclipse.pde.internal.core.text.plugin,PluginDocumentHandler,getModel,3,1,0
eclipse.pde.ui-20120217-1437,org.eclipse.pde.internal.core.text.plugin,PluginDocumentHandler,getDocumentNode,39,10,2
eclipse.pde.ui-20120217-1437,org.eclipse.pde.internal.core.text.plugin,PluginDocumentHandler,getDocumentAttribute,15,4,3
eclipse.pde.ui-20120217-1437,org.eclipse.pde.internal.core.text.plugin,PluginDocumentHandler,getDocumentTextNode,13,3,2
eclipse.pde.ui-20120217-1437,org.eclipse.pde.internal.core.text.plugin,PluginDocumentNodeFactory,PluginDocumentNodeFactory,3,1,1
eclipse.pde.ui-20120217-1437,org.eclipse.pde.internal.core.text.plugin,PluginDocumentNodeFactory,createDocumentNode,28,11,2
eclipse.pde.ui-20120217-1437,org.eclipse.pde.internal.core.text.plugin,PluginDocumentNodeFactory,createAttribute,13,1,3
eclipse.pde.ui-20120217-1437,org.eclipse.pde.internal.core.text.plugin,PluginDocumentNodeFactory,createPluginBase,3,1,1
eclipse.pde.ui-20120217-1437,org.eclipse.pde.internal.core.text.plugin,PluginDocumentNodeFactory,createImport,6,1,0
eclipse.pde.ui-20120217-1437,org.eclipse.pde.internal.core.text.plugin,PluginDocumentNodeFactory,createImport,6,1,1
eclipse.pde.ui-20120217-1437,org.eclipse.pde.internal.core.text.plugin,PluginDocumentNodeFactory,createLibrary,6,1,0
eclipse.pde.ui-20120217-1437,org.eclipse.pde.internal.core.text.plugin,PluginDocumentNodeFactory,createAttribute,3,1,1
eclipse.pde.ui-20120217-1437,org.eclipse.pde.internal.core.text.plugin,PluginDocumentNodeFactory,createElement,5,1,1
eclipse.pde.ui-20120217-1437,org.eclipse.pde.internal.core.text.plugin,PluginDocumentNodeFactory,createExtension,6,1,0
eclipse.pde.ui-20120217-1437,org.eclipse.pde.internal.core.text.plugin,PluginDocumentNodeFactory,createExtensionPoint,6,1,0
eclipse.pde.ui-20120217-1437,org.eclipse.pde.internal.core.text.plugin,PluginDocumentNodeFactory,createDocumentTextNode,7,1,2
eclipse.pde.ui-20120217-1437,org.eclipse.pde.internal.core.text.plugin,PluginElementNode,createCopy,3,1,0
eclipse.pde.ui-20120217-1437,org.eclipse.pde.internal.core.text.plugin,PluginElementNode,getAttribute,3,1,1
eclipse.pde.ui-20120217-1437,org.eclipse.pde.internal.core.text.plugin,PluginElementNode,getAttributes,3,1,0
eclipse.pde.ui-20120217-1437,org.eclipse.pde.internal.core.text.plugin,PluginElementNode,getAttributeCount,3,1,0
eclipse.pde.ui-20120217-1437,org.eclipse.pde.internal.core.text.plugin,PluginElementNode,getText,4,1,0
eclipse.pde.ui-20120217-1437,org.eclipse.pde.internal.core.text.plugin,PluginElementNode,setAttribute,3,1,2
eclipse.pde.ui-20120217-1437,org.eclipse.pde.internal.core.text.plugin,PluginElementNode,setText,11,2,1
eclipse.pde.ui-20120217-1437,org.eclipse.pde.internal.core.text.plugin,PluginElementNode,write,25,7,1
eclipse.pde.ui-20120217-1437,org.eclipse.pde.internal.core.text.plugin,PluginElementNode,writeShallow,11,4,1
eclipse.pde.ui-20120217-1437,org.eclipse.pde.internal.core.text.plugin,PluginElementNode,getName,3,1,0
eclipse.pde.ui-20120217-1437,org.eclipse.pde.internal.core.text.plugin,PluginElementNode,setName,3,1,1
eclipse.pde.ui-20120217-1437,org.eclipse.pde.internal.core.text.plugin,PluginElementNode,getElementInfo,17,6,0
eclipse.pde.ui-20120217-1437,org.eclipse.pde.internal.core.text.plugin,PluginElementNode,reconnect,4,1,2
eclipse.pde.ui-20120217-1437,org.eclipse.pde.internal.core.text.plugin,PluginElementNode,write,3,1,2
eclipse.pde.ui-20120217-1437,org.eclipse.pde.internal.core.text.plugin,PluginExtensionNode,getPoint,3,1,0
eclipse.pde.ui-20120217-1437,org.eclipse.pde.internal.core.text.plugin,PluginExtensionNode,setPoint,3,1,1
eclipse.pde.ui-20120217-1437,org.eclipse.pde.internal.core.text.plugin,PluginExtensionNode,setName,3,1,1
eclipse.pde.ui-20120217-1437,org.eclipse.pde.internal.core.text.plugin,PluginExtensionNode,getName,3,1,0
eclipse.pde.ui-20120217-1437,org.eclipse.pde.internal.core.text.plugin,PluginExtensionNode,getTranslatedName,7,2,0
eclipse.pde.ui-20120217-1437,org.eclipse.pde.internal.core.text.plugin,PluginExtensionNode,getId,3,1,0
eclipse.pde.ui-20120217-1437,org.eclipse.pde.internal.core.text.plugin,PluginExtensionNode,setId,3,1,1
eclipse.pde.ui-20120217-1437,org.eclipse.pde.internal.core.text.plugin,PluginExtensionNode,write,13,3,1
eclipse.pde.ui-20120217-1437,org.eclipse.pde.internal.core.text.plugin,PluginExtensionNode,write,3,1,2
eclipse.pde.ui-20120217-1437,org.eclipse.pde.internal.core.text.plugin,PluginExtensionNode,writeShallow,14,5,1
eclipse.pde.ui-20120217-1437,org.eclipse.pde.internal.core.text.plugin,PluginExtensionNode,getSchema,10,3,0
eclipse.pde.ui-20120217-1437,org.eclipse.pde.internal.core.text.plugin,PluginExtensionNode,reconnect,4,1,2
eclipse.pde.ui-20120217-1437,org.eclipse.pde.internal.core.text.plugin,PluginExtensionPointNode,getFullId,7,2,0
eclipse.pde.ui-20120217-1437,org.eclipse.pde.internal.core.text.plugin,PluginExtensionPointNode,getSchema,3,1,0
eclipse.pde.ui-20120217-1437,org.eclipse.pde.internal.core.text.plugin,PluginExtensionPointNode,setSchema,3,1,1
eclipse.pde.ui-20120217-1437,org.eclipse.pde.internal.core.text.plugin,PluginExtensionPointNode,getId,3,1,0
eclipse.pde.ui-20120217-1437,org.eclipse.pde.internal.core.text.plugin,PluginExtensionPointNode,setId,3,1,1
eclipse.pde.ui-20120217-1437,org.eclipse.pde.internal.core.text.plugin,PluginExtensionPointNode,setName,3,1,1
eclipse.pde.ui-20120217-1437,org.eclipse.pde.internal.core.text.plugin,PluginExtensionPointNode,getName,3,1,0
eclipse.pde.ui-20120217-1437,org.eclipse.pde.internal.core.text.plugin,PluginExtensionPointNode,write,3,1,1
eclipse.pde.ui-20120217-1437,org.eclipse.pde.internal.core.text.plugin,PluginExtensionPointNode,writeShallow,9,2,1
eclipse.pde.ui-20120217-1437,org.eclipse.pde.internal.core.text.plugin,PluginExtensionPointNode,reconnect,3,1,2
eclipse.pde.ui-20120217-1437,org.eclipse.pde.internal.core.text.plugin,PluginExtensionPointNode,write,3,1,2
eclipse.pde.ui-20120217-1437,org.eclipse.pde.internal.core.text.plugin,PluginExtensionPointNode,writeDelimeter,3,1,1
eclipse.pde.ui-20120217-1437,org.eclipse.pde.internal.core.text.plugin,PluginImportNode,PluginImportNode,14,2,1
eclipse.pde.ui-20120217-1437,org.eclipse.pde.internal.core.text.plugin,PluginImportNode,PluginImportNode,3,1,0
eclipse.pde.ui-20120217-1437,org.eclipse.pde.internal.core.text.plugin,PluginImportNode,isReexported,4,1,0
eclipse.pde.ui-20120217-1437,org.eclipse.pde.internal.core.text.plugin,PluginImportNode,isOptional,4,1,0
eclipse.pde.ui-20120217-1437,org.eclipse.pde.internal.core.text.plugin,PluginImportNode,setReexported,3,1,1
eclipse.pde.ui-20120217-1437,org.eclipse.pde.internal.core.text.plugin,PluginImportNode,setOptional,3,1,1
eclipse.pde.ui-20120217-1437,org.eclipse.pde.internal.core.text.plugin,PluginImportNode,getMatch,8,5,0
eclipse.pde.ui-20120217-1437,org.eclipse.pde.internal.core.text.plugin,PluginImportNode,getVersion,3,1,0
eclipse.pde.ui-20120217-1437,org.eclipse.pde.internal.core.text.plugin,PluginImportNode,setMatch,18,5,1
eclipse.pde.ui-20120217-1437,org.eclipse.pde.internal.core.text.plugin,PluginImportNode,setVersion,3,1,1
eclipse.pde.ui-20120217-1437,org.eclipse.pde.internal.core.text.plugin,PluginImportNode,getId,3,1,0
eclipse.pde.ui-20120217-1437,org.eclipse.pde.internal.core.text.plugin,PluginImportNode,setId,3,1,1
eclipse.pde.ui-20120217-1437,org.eclipse.pde.internal.core.text.plugin,PluginImportNode,write,3,1,1
eclipse.pde.ui-20120217-1437,org.eclipse.pde.internal.core.text.plugin,PluginImportNode,writeShallow,11,2,1
eclipse.pde.ui-20120217-1437,org.eclipse.pde.internal.core.text.plugin,PluginLibraryNode,getContentFilters,16,5,0
eclipse.pde.ui-20120217-1437,org.eclipse.pde.internal.core.text.plugin,PluginLibraryNode,getPackages,3,1,0
eclipse.pde.ui-20120217-1437,org.eclipse.pde.internal.core.text.plugin,PluginLibraryNode,isExported,8,3,0
eclipse.pde.ui-20120217-1437,org.eclipse.pde.internal.core.text.plugin,PluginLibraryNode,isFullyExported,11,4,0
eclipse.pde.ui-20120217-1437,org.eclipse.pde.internal.core.text.plugin,PluginLibraryNode,getType,4,1,0
eclipse.pde.ui-20120217-1437,org.eclipse.pde.internal.core.text.plugin,PluginLibraryNode,setContentFilters,2,1,1
eclipse.pde.ui-20120217-1437,org.eclipse.pde.internal.core.text.plugin,PluginLibraryNode,addContentFilter,8,1,1
eclipse.pde.ui-20120217-1437,org.eclipse.pde.internal.core.text.plugin,PluginLibraryNode,addContentFilter,7,2,1
eclipse.pde.ui-20120217-1437,org.eclipse.pde.internal.core.text.plugin,PluginLibraryNode,removeContentFilter,9,4,1
eclipse.pde.ui-20120217-1437,org.eclipse.pde.internal.core.text.plugin,PluginLibraryNode,removeContentFilter,7,2,1
eclipse.pde.ui-20120217-1437,org.eclipse.pde.internal.core.text.plugin,PluginLibraryNode,setPackages,2,1,1
eclipse.pde.ui-20120217-1437,org.eclipse.pde.internal.core.text.plugin,PluginLibraryNode,setExported,20,6,1
eclipse.pde.ui-20120217-1437,org.eclipse.pde.internal.core.text.plugin,PluginLibraryNode,setType,2,1,1
eclipse.pde.ui-20120217-1437,org.eclipse.pde.internal.core.text.plugin,PluginLibraryNode,getName,3,1,0
eclipse.pde.ui-20120217-1437,org.eclipse.pde.internal.core.text.plugin,PluginLibraryNode,setName,3,1,1
eclipse.pde.ui-20120217-1437,org.eclipse.pde.internal.core.text.plugin,PluginLibraryNode,write,18,4,1
eclipse.pde.ui-20120217-1437,org.eclipse.pde.internal.core.text.plugin,PluginLibraryNode,writeShallow,10,3,1
eclipse.pde.ui-20120217-1437,org.eclipse.pde.internal.core.text.plugin,PluginLibraryNode,toString,3,1,0
eclipse.pde.ui-20120217-1437,org.eclipse.pde.internal.core.text.plugin,PluginModel,PluginModel,3,1,2
eclipse.pde.ui-20120217-1437,org.eclipse.pde.internal.core.text.plugin,PluginModel,getPlugin,3,1,0
eclipse.pde.ui-20120217-1437,org.eclipse.pde.internal.core.text.plugin,PluginModel,isFragmentModel,3,1,0
eclipse.pde.ui-20120217-1437,org.eclipse.pde.internal.core.text.plugin,PluginModel,getBundleDescription,3,1,0
eclipse.pde.ui-20120217-1437,org.eclipse.pde.internal.core.text.plugin,PluginModel,setBundleDescription,2,1,1
eclipse.pde.ui-20120217-1437,org.eclipse.pde.internal.core.text.plugin,PluginModelBase,PluginModelBase,5,1,2
eclipse.pde.ui-20120217-1437,org.eclipse.pde.internal.core.text.plugin,PluginModelBase,createPluginBase,13,2,1
eclipse.pde.ui-20120217-1437,org.eclipse.pde.internal.core.text.plugin,PluginModelBase,getRoot,3,1,0
eclipse.pde.ui-20120217-1437,org.eclipse.pde.internal.core.text.plugin,PluginModelBase,createPluginBase,3,1,0
eclipse.pde.ui-20120217-1437,org.eclipse.pde.internal.core.text.plugin,PluginModelBase,getBuildModel,3,1,0
eclipse.pde.ui-20120217-1437,org.eclipse.pde.internal.core.text.plugin,PluginModelBase,getPluginBase,3,1,0
eclipse.pde.ui-20120217-1437,org.eclipse.pde.internal.core.text.plugin,PluginModelBase,getExtensions,3,1,0
eclipse.pde.ui-20120217-1437,org.eclipse.pde.internal.core.text.plugin,PluginModelBase,getPluginBase,14,2,1
eclipse.pde.ui-20120217-1437,org.eclipse.pde.internal.core.text.plugin,PluginModelBase,getExtensions,3,1,1
eclipse.pde.ui-20120217-1437,org.eclipse.pde.internal.core.text.plugin,PluginModelBase,isEnabled,3,1,0
eclipse.pde.ui-20120217-1437,org.eclipse.pde.internal.core.text.plugin,PluginModelBase,setEnabled,3,1,1
eclipse.pde.ui-20120217-1437,org.eclipse.pde.internal.core.text.plugin,PluginModelBase,getPluginFactory,3,1,0
eclipse.pde.ui-20120217-1437,org.eclipse.pde.internal.core.text.plugin,PluginModelBase,getNLLookupLocation,9,1,0
eclipse.pde.ui-20120217-1437,org.eclipse.pde.internal.core.text.plugin,PluginModelBase,getFactory,3,1,0
eclipse.pde.ui-20120217-1437,org.eclipse.pde.internal.core.text.plugin,PluginModelBase,createNLResourceHelper,4,1,0
eclipse.pde.ui-20120217-1437,org.eclipse.pde.internal.core.text.plugin,PluginModelBase,createDocumentHandler,4,2,2
eclipse.pde.ui-20120217-1437,org.eclipse.pde.internal.core.text.plugin,PluginModelBase,getLastErrorNode,4,2,0
eclipse.pde.ui-20120217-1437,org.eclipse.pde.internal.core.text.plugin,PluginModelBase,setLocalization,3,1,1
eclipse.pde.ui-20120217-1437,org.eclipse.pde.internal.core.text.plugin,PluginModelBase,dispose,4,1,0
eclipse.pde.ui-20120217-1437,org.eclipse.pde.internal.core.text.plugin,PluginModelBase,documentChanged,3,1,1
eclipse.pde.ui-20120217-1437,org.eclipse.pde.internal.core.text.plugin,PluginModelBase,documentAboutToBeChanged,2,1,1
eclipse.pde.ui-20120217-1437,org.eclipse.pde.internal.core.text.plugin,PluginNode,getClassName,3,1,0
eclipse.pde.ui-20120217-1437,org.eclipse.pde.internal.core.text.plugin,PluginNode,setClassName,3,1,1
eclipse.pde.ui-20120217-1437,org.eclipse.pde.internal.core.text.plugin,PluginNode,getSpecificAttributes,5,2,0
eclipse.pde.ui-20120217-1437,org.eclipse.pde.internal.core.text.plugin,PluginNode,hasExtensibleAPI,3,1,0
eclipse.pde.ui-20120217-1437,org.eclipse.pde.internal.core.text.plugin,PluginObjectNode,PluginObjectNode,3,1,0
eclipse.pde.ui-20120217-1437,org.eclipse.pde.internal.core.text.plugin,PluginObjectNode,getModel,3,1,0
eclipse.pde.ui-20120217-1437,org.eclipse.pde.internal.core.text.plugin,PluginObjectNode,getPluginModel,3,1,0
eclipse.pde.ui-20120217-1437,org.eclipse.pde.internal.core.text.plugin,PluginObjectNode,getName,3,1,0
eclipse.pde.ui-20120217-1437,org.eclipse.pde.internal.core.text.plugin,PluginObjectNode,isInTheModel,3,1,0
eclipse.pde.ui-20120217-1437,org.eclipse.pde.internal.core.text.plugin,PluginObjectNode,getTranslatedName,3,1,0
eclipse.pde.ui-20120217-1437,org.eclipse.pde.internal.core.text.plugin,PluginObjectNode,getParent,3,1,0
eclipse.pde.ui-20120217-1437,org.eclipse.pde.internal.core.text.plugin,PluginObjectNode,getPluginBase,3,1,0
eclipse.pde.ui-20120217-1437,org.eclipse.pde.internal.core.text.plugin,PluginObjectNode,getResourceString,3,1,1
eclipse.pde.ui-20120217-1437,org.eclipse.pde.internal.core.text.plugin,PluginObjectNode,setName,3,1,1
eclipse.pde.ui-20120217-1437,org.eclipse.pde.internal.core.text.plugin,PluginObjectNode,isValid,3,1,0
eclipse.pde.ui-20120217-1437,org.eclipse.pde.internal.core.text.plugin,PluginObjectNode,write,2,1,2
eclipse.pde.ui-20120217-1437,org.eclipse.pde.internal.core.text.plugin,PluginObjectNode,getAdapter,3,1,1
eclipse.pde.ui-20120217-1437,org.eclipse.pde.internal.core.text.plugin,PluginObjectNode,setInTheModel,3,1,1
eclipse.pde.ui-20120217-1437,org.eclipse.pde.internal.core.text.plugin,PluginObjectNode,setModel,3,1,1
eclipse.pde.ui-20120217-1437,org.eclipse.pde.internal.core.text.plugin,PluginObjectNode,setXMLAttribute,20,5,2
eclipse.pde.ui-20120217-1437,org.eclipse.pde.internal.core.text.plugin,PluginObjectNode,firePropertyChanged,5,2,4
eclipse.pde.ui-20120217-1437,org.eclipse.pde.internal.core.text.plugin,PluginObjectNode,fireStructureChanged,7,2,2
eclipse.pde.ui-20120217-1437,org.eclipse.pde.internal.core.text.plugin,PluginObjectNode,fireStructureChanged,7,2,2
eclipse.pde.ui-20120217-1437,org.eclipse.pde.internal.core.text.plugin,PluginObjectNode,fireModelChanged,7,2,1
eclipse.pde.ui-20120217-1437,org.eclipse.pde.internal.core.text.plugin,PluginObjectNode,getWritableString,3,1,1
eclipse.pde.ui-20120217-1437,org.eclipse.pde.internal.core.text.plugin,PluginObjectNode,appendAttribute,3,1,2
eclipse.pde.ui-20120217-1437,org.eclipse.pde.internal.core.text.plugin,PluginObjectNode,appendAttribute,7,3,3
eclipse.pde.ui-20120217-1437,org.eclipse.pde.internal.core.text.plugin,PluginObjectNode,getLineDelimiter,5,1,0
eclipse.pde.ui-20120217-1437,org.eclipse.pde.internal.core.text.plugin,PluginObjectNode,addChildNode,4,1,2
eclipse.pde.ui-20120217-1437,org.eclipse.pde.internal.core.text.plugin,PluginObjectNode,toString,3,1,0
eclipse.pde.ui-20120217-1437,org.eclipse.pde.internal.core.text.plugin,PluginObjectNode,reconnect,7,2,2
eclipse.pde.ui-20120217-1437,org.eclipse.pde.internal.core.text.plugin,PluginObjectNode,writeDelimeter,2,1,1
eclipse.pde.ui-20120217-1437,org.eclipse.pde.internal.core.text.plugin,PluginObjectNode,getXMLAttributeValue,4,1,1
eclipse.pde.ui-20120217-1437,org.eclipse.pde.internal.core.text.plugin,PluginObjectNode,write,3,1,1
eclipse.pde.ui-20120217-1437,org.eclipse.pde.internal.core.text.plugin,PluginObjectNode,writeShallow,3,1,1
eclipse.pde.ui-20120217-1437,org.eclipse.pde.internal.core.text.plugin,PluginObjectNode,getFileEncoding,6,2,0
eclipse.pde.ui-20120217-1437,org.eclipse.pde.internal.core.text.plugin,PluginParentNode,add,4,1,2
eclipse.pde.ui-20120217-1437,org.eclipse.pde.internal.core.text.plugin,PluginParentNode,add,5,1,1
eclipse.pde.ui-20120217-1437,org.eclipse.pde.internal.core.text.plugin,PluginParentNode,getChildCount,3,1,0
eclipse.pde.ui-20120217-1437,org.eclipse.pde.internal.core.text.plugin,PluginParentNode,getIndexOf,3,1,1
eclipse.pde.ui-20120217-1437,org.eclipse.pde.internal.core.text.plugin,PluginParentNode,swap,4,1,2
eclipse.pde.ui-20120217-1437,org.eclipse.pde.internal.core.text.plugin,PluginParentNode,getChildren,6,2,0
eclipse.pde.ui-20120217-1437,org.eclipse.pde.internal.core.text.plugin,PluginParentNode,remove,5,1,1
eclipse.pde.ui-20120217-1437,org.eclipse.pde.internal.core.text.plugin,XMLTextChangeListener,XMLTextChangeListener,3,1,1
eclipse.pde.ui-20120217-1437,org.eclipse.pde.internal.core.text.plugin,XMLTextChangeListener,XMLTextChangeListener,4,2,2
eclipse.pde.ui-20120217-1437,org.eclipse.pde.internal.core.text.plugin,XMLTextChangeListener,getTextOperations,4,2,0
eclipse.pde.ui-20120217-1437,org.eclipse.pde.internal.core.text.plugin,XMLTextChangeListener,insert,28,8,2
eclipse.pde.ui-20120217-1437,org.eclipse.pde.internal.core.text.plugin,XMLTextChangeListener,covers,12,3,2
eclipse.pde.ui-20120217-1437,org.eclipse.pde.internal.core.text.plugin,XMLTextChangeListener,deleteNode,17,6,1
eclipse.pde.ui-20120217-1437,org.eclipse.pde.internal.core.text.plugin,XMLTextChangeListener,insertNode,23,6,1
eclipse.pde.ui-20120217-1437,org.eclipse.pde.internal.core.text.plugin,XMLTextChangeListener,insertAfterSibling,12,4,1
eclipse.pde.ui-20120217-1437,org.eclipse.pde.internal.core.text.plugin,XMLTextChangeListener,insertAsFirstChild,6,1,1
eclipse.pde.ui-20120217-1437,org.eclipse.pde.internal.core.text.plugin,XMLTextChangeListener,modifyNode,24,5,2
eclipse.pde.ui-20120217-1437,org.eclipse.pde.internal.core.text.plugin,XMLTextChangeListener,getMoveRegion,17,3,1
eclipse.pde.ui-20120217-1437,org.eclipse.pde.internal.core.text.plugin,XMLTextChangeListener,addAttributeOperation,34,9,2
eclipse.pde.ui-20120217-1437,org.eclipse.pde.internal.core.text.plugin,XMLTextChangeListener,addElementContentOperation,36,6,1
eclipse.pde.ui-20120217-1437,org.eclipse.pde.internal.core.text.plugin,XMLTextChangeListener,shouldTerminateElement,8,1,2
eclipse.pde.ui-20120217-1437,org.eclipse.pde.internal.core.text.plugin,XMLTextChangeListener,getNextPosition,11,3,3
eclipse.pde.ui-20120217-1437,org.eclipse.pde.internal.core.text.plugin,XMLTextChangeListener,getAttributeDeleteEditOperation,14,3,2
eclipse.pde.ui-20120217-1437,org.eclipse.pde.internal.core.text.plugin,XMLTextChangeListener,getDeleteNodeOperation,31,7,1
eclipse.pde.ui-20120217-1437,org.eclipse.pde.internal.core.text.plugin,XMLTextChangeListener,printDeletionRange,17,6,2
eclipse.pde.ui-20120217-1437,org.eclipse.pde.internal.core.text.plugin,XMLTextChangeListener,getHighestNodeToBeWritten,14,3,1
eclipse.pde.ui-20120217-1437,org.eclipse.pde.internal.core.text.plugin,XMLTextChangeListener,getWritableString,3,1,1
eclipse.pde.ui-20120217-1437,org.eclipse.pde.internal.core.text.plugin,XMLTextChangeListener,modelChanged,32,11,1
eclipse.pde.ui-20120217-1437,org.eclipse.pde.internal.core.text.plugin,XMLTextChangeListener,getReadableName,4,2,1
eclipse.pde.ui-20120217-1437,org.eclipse.pde.internal.junit.runtime,CoreTestApplication,run,4,1,1
eclipse.pde.ui-20120217-1437,org.eclipse.pde.internal.junit.runtime,LegacyUITestApplication,run,7,1,1
eclipse.pde.ui-20120217-1437,org.eclipse.pde.internal.junit.runtime,LegacyUITestApplication,getApplication,13,4,1
eclipse.pde.ui-20120217-1437,org.eclipse.pde.internal.junit.runtime,LegacyUITestApplication,getApplicationToRun,8,4,1
eclipse.pde.ui-20120217-1437,org.eclipse.pde.internal.junit.runtime,LegacyUITestApplication,runTests,10,1,0
eclipse.pde.ui-20120217-1437,org.eclipse.pde.internal.junit.runtime,LegacyUITestApplication,run,3,1,0
eclipse.pde.ui-20120217-1437,org.eclipse.pde.internal.junit.runtime,NonUIThreadTestApplication,start,10,2,1
eclipse.pde.ui-20120217-1437,org.eclipse.pde.internal.junit.runtime,NonUIThreadTestApplication,runApp,7,2,3
eclipse.pde.ui-20120217-1437,org.eclipse.pde.internal.junit.runtime,NonUIThreadTestApplication,installPlatformUITestHarness,9,1,0
eclipse.pde.ui-20120217-1437,org.eclipse.pde.internal.junit.runtime,NonUIThreadTestApplication,stop,4,3,0
eclipse.pde.ui-20120217-1437,org.eclipse.pde.internal.junit.runtime,NonUIThreadTestApplication,getApplication,13,4,1
eclipse.pde.ui-20120217-1437,org.eclipse.pde.internal.junit.runtime,NonUIThreadTestApplication,getApplicationToRun,8,4,1
eclipse.pde.ui-20120217-1437,org.eclipse.pde.internal.junit.runtime,NonUIThreadTestApplication,getDefaultApplicationId,3,1,0
eclipse.pde.ui-20120217-1437,org.eclipse.pde.internal.junit.runtime,PlatformUITestHarness,PlatformUITestHarness,5,1,2
eclipse.pde.ui-20120217-1437,org.eclipse.pde.internal.junit.runtime,PlatformUITestHarness,runTests,32,2,0
eclipse.pde.ui-20120217-1437,org.eclipse.pde.internal.junit.runtime,PlatformUITestHarness,run,3,1,0
eclipse.pde.ui-20120217-1437,org.eclipse.pde.internal.junit.runtime,PlatformUITestHarness,run,3,1,0
eclipse.pde.ui-20120217-1437,org.eclipse.pde.internal.junit.runtime,RemotePluginTestRunner,BundleClassLoader,3,1,1
eclipse.pde.ui-20120217-1437,org.eclipse.pde.internal.junit.runtime,RemotePluginTestRunner,findClass,3,1,1
eclipse.pde.ui-20120217-1437,org.eclipse.pde.internal.junit.runtime,RemotePluginTestRunner,findResource,3,1,1
eclipse.pde.ui-20120217-1437,org.eclipse.pde.internal.junit.runtime,RemotePluginTestRunner,findResources,3,1,1
eclipse.pde.ui-20120217-1437,org.eclipse.pde.internal.junit.runtime,RemotePluginTestRunner,main,5,1,1
eclipse.pde.ui-20120217-1437,org.eclipse.pde.internal.junit.runtime,RemotePluginTestRunner,getTestClassLoader,4,1,0
eclipse.pde.ui-20120217-1437,org.eclipse.pde.internal.junit.runtime,RemotePluginTestRunner,getClassLoader,7,2,1
eclipse.pde.ui-20120217-1437,org.eclipse.pde.internal.junit.runtime,RemotePluginTestRunner,init,4,1,1
eclipse.pde.ui-20120217-1437,org.eclipse.pde.internal.junit.runtime,RemotePluginTestRunner,readPluginArgs,8,6,1
eclipse.pde.ui-20120217-1437,org.eclipse.pde.internal.junit.runtime,RemotePluginTestRunner,loadTestLoaderClass,3,1,1
eclipse.pde.ui-20120217-1437,org.eclipse.pde.internal.junit.runtime,RemotePluginTestRunner,isFlag,4,1,3
eclipse.pde.ui-20120217-1437,org.eclipse.pde.internal.junit.runtime,BundleClassLoader,BundleClassLoader,3,1,1
eclipse.pde.ui-20120217-1437,org.eclipse.pde.internal.junit.runtime,BundleClassLoader,findClass,3,1,1
eclipse.pde.ui-20120217-1437,org.eclipse.pde.internal.junit.runtime,BundleClassLoader,findResource,3,1,1
eclipse.pde.ui-20120217-1437,org.eclipse.pde.internal.junit.runtime,BundleClassLoader,findResources,3,1,1
eclipse.pde.ui-20120217-1437,org.eclipse.pde.internal.junit.runtime,UITestApplication,getDefaultApplicationId,3,1,0
eclipse.pde.ui-20120217-1437,org.eclipse.pde.internal.junit.runtime,UITestApplication,runApp,4,1,3
eclipse.pde.ui-20120217-1437,org.eclipse.pde.internal.launching,PDELaunchingPlugin,PDELaunchingPlugin,3,1,0
eclipse.pde.ui-20120217-1437,org.eclipse.pde.internal.launching,PDELaunchingPlugin,getPreferenceManager,6,2,0
eclipse.pde.ui-20120217-1437,org.eclipse.pde.internal.launching,PDELaunchingPlugin,getInstallURL,3,1,0
eclipse.pde.ui-20120217-1437,org.eclipse.pde.internal.launching,PDELaunchingPlugin,getDefault,3,1,0
eclipse.pde.ui-20120217-1437,org.eclipse.pde.internal.launching,PDELaunchingPlugin,getDefaultNameCounters,4,2,0
eclipse.pde.ui-20120217-1437,org.eclipse.pde.internal.launching,PDELaunchingPlugin,getPluginId,3,1,0
eclipse.pde.ui-20120217-1437,org.eclipse.pde.internal.launching,PDELaunchingPlugin,getWorkspace,3,1,0
eclipse.pde.ui-20120217-1437,org.eclipse.pde.internal.launching,PDELaunchingPlugin,log,3,1,1
eclipse.pde.ui-20120217-1437,org.eclipse.pde.internal.launching,PDELaunchingPlugin,logErrorMessage,3,1,1
eclipse.pde.ui-20120217-1437,org.eclipse.pde.internal.launching,PDELaunchingPlugin,log,7,3,1
eclipse.pde.ui-20120217-1437,org.eclipse.pde.internal.launching,PDELaunchingPlugin,start,5,1,1
eclipse.pde.ui-20120217-1437,org.eclipse.pde.internal.launching,PDELaunchingPlugin,setupLaunchConfigurationListener,21,4,0
eclipse.pde.ui-20120217-1437,org.eclipse.pde.internal.launching,PDELaunchingPlugin,bundleChanged,7,2,1
eclipse.pde.ui-20120217-1437,org.eclipse.pde.internal.launching,PDELaunchingPlugin,getBundleContext,3,1,0
eclipse.pde.ui-20120217-1437,org.eclipse.pde.internal.launching,PDELaunchingPlugin,stop,8,3,1
eclipse.pde.ui-20120217-1437,org.eclipse.pde.internal.launching,PDELaunchingPlugin,getLaunchListener,4,2,0
eclipse.pde.ui-20120217-1437,org.eclipse.pde.internal.launching,PDELaunchingPlugin,getOSGiFrameworkManager,4,2,0
eclipse.pde.ui-20120217-1437,org.eclipse.pde.internal.launching,PDELaunchingPlugin,addListener,6,2,0
eclipse.pde.ui-20120217-1437,org.eclipse.pde.internal.launching,PDELaunchingPlugin,removeListener,6,2,0
eclipse.pde.ui-20120217-1437,org.eclipse.pde.internal.launching,DebugPluginUtil,addListener,6,2,0
eclipse.pde.ui-20120217-1437,org.eclipse.pde.internal.launching,DebugPluginUtil,removeListener,6,2,0
eclipse.pde.ui-20120217-1437,org.eclipse.pde.internal.launching,PreferenceInitializer,initializeDefaultPreferences,27,3,0
eclipse.pde.ui-20120217-1437,org.eclipse.pde.internal.launching.launcher,BundleLauncherHelper,getWorkspaceBundleMap,3,1,1
eclipse.pde.ui-20120217-1437,org.eclipse.pde.internal.launching.launcher,BundleLauncherHelper,getTargetBundleMap,3,1,1
eclipse.pde.ui-20120217-1437,org.eclipse.pde.internal.launching.launcher,BundleLauncherHelper,getMergedBundleMap,136,38,2
eclipse.pde.ui-20120217-1437,org.eclipse.pde.internal.launching.launcher,BundleLauncherHelper,findModel,13,4,3
eclipse.pde.ui-20120217-1437,org.eclipse.pde.internal.launching.launcher,BundleLauncherHelper,isSingleton,6,2,1
eclipse.pde.ui-20120217-1437,org.eclipse.pde.internal.launching.launcher,BundleLauncherHelper,getBestCandidateModel,35,10,2
eclipse.pde.ui-20120217-1437,org.eclipse.pde.internal.launching.launcher,BundleLauncherHelper,getMergedBundles,4,1,2
eclipse.pde.ui-20120217-1437,org.eclipse.pde.internal.launching.launcher,BundleLauncherHelper,getWorkspaceBundleMap,43,14,3
eclipse.pde.ui-20120217-1437,org.eclipse.pde.internal.launching.launcher,BundleLauncherHelper,resolveSystemRunLevelText,28,8,1
eclipse.pde.ui-20120217-1437,org.eclipse.pde.internal.launching.launcher,BundleLauncherHelper,resolveSystemAutoText,28,8,1
eclipse.pde.ui-20120217-1437,org.eclipse.pde.internal.launching.launcher,BundleLauncherHelper,addBundleToMap,17,3,3
eclipse.pde.ui-20120217-1437,org.eclipse.pde.internal.launching.launcher,BundleLauncherHelper,getTargetBundleMap,29,8,3
eclipse.pde.ui-20120217-1437,org.eclipse.pde.internal.launching.launcher,BundleLauncherHelper,writeBundleEntry,17,6,3
eclipse.pde.ui-20120217-1437,org.eclipse.pde.internal.launching.launcher,BundleLauncherHelper,checkBackwardCompatibility,76,22,2
eclipse.pde.ui-20120217-1437,org.eclipse.pde.internal.launching.launcher,BundleLauncherHelper,writeAdditionalPluginsEntry,12,1,3
eclipse.pde.ui-20120217-1437,org.eclipse.pde.internal.launching.launcher,BundleLauncherHelper,getAdditionalPlugins,28,7,2
eclipse.pde.ui-20120217-1437,org.eclipse.pde.internal.launching.launcher,EclipsePluginValidationOperation,EclipsePluginValidationOperation,3,1,1
eclipse.pde.ui-20120217-1437,org.eclipse.pde.internal.launching.launcher,EclipsePluginValidationOperation,getModels,3,1,0
eclipse.pde.ui-20120217-1437,org.eclipse.pde.internal.launching.launcher,EclipsePluginValidationOperation,run,5,2,1
eclipse.pde.ui-20120217-1437,org.eclipse.pde.internal.launching.launcher,EclipsePluginValidationOperation,validateExtensions,20,4,0
eclipse.pde.ui-20120217-1437,org.eclipse.pde.internal.launching.launcher,EclipsePluginValidationOperation,hasErrors,3,1,0
eclipse.pde.ui-20120217-1437,org.eclipse.pde.internal.launching.launcher,EclipsePluginValidationOperation,getInput,5,1,0
eclipse.pde.ui-20120217-1437,org.eclipse.pde.internal.launching.launcher,EquinoxInitializer,initialize,6,1,1
eclipse.pde.ui-20120217-1437,org.eclipse.pde.internal.launching.launcher,EquinoxInitializer,initializeProgramArguments,13,3,1
eclipse.pde.ui-20120217-1437,org.eclipse.pde.internal.launching.launcher,EquinoxInitializer,initializeVMArguments,13,4,1
eclipse.pde.ui-20120217-1437,org.eclipse.pde.internal.launching.launcher,EquinoxInitializer,initializeTracing,3,1,1
eclipse.pde.ui-20120217-1437,org.eclipse.pde.internal.launching.launcher,EquinoxInitializer,initializeBundleState,4,1,1
eclipse.pde.ui-20120217-1437,org.eclipse.pde.internal.launching.launcher,EquinoxInitializer,getAutoStart,7,2,1
eclipse.pde.ui-20120217-1437,org.eclipse.pde.internal.launching.launcher,EquinoxInitializer,getStartLevel,7,2,1
eclipse.pde.ui-20120217-1437,org.eclipse.pde.internal.launching.launcher,EquinoxInitializer,initializeBundleState,18,6,0
eclipse.pde.ui-20120217-1437,org.eclipse.pde.internal.launching.launcher,EquinoxInitializer,getStartValue,17,3,1
eclipse.pde.ui-20120217-1437,org.eclipse.pde.internal.launching.launcher,LaunchArgumentsHelper,getWorkspaceLocation,19,4,1
eclipse.pde.ui-20120217-1437,org.eclipse.pde.internal.launching.launcher,LaunchArgumentsHelper,getUserProgramArgumentArray,4,1,1
eclipse.pde.ui-20120217-1437,org.eclipse.pde.internal.launching.launcher,LaunchArgumentsHelper,getUserProgramArguments,19,4,1
eclipse.pde.ui-20120217-1437,org.eclipse.pde.internal.launching.launcher,LaunchArgumentsHelper,getUserVMArguments,19,4,1
eclipse.pde.ui-20120217-1437,org.eclipse.pde.internal.launching.launcher,LaunchArgumentsHelper,getInitialVMArguments,21,4,0
eclipse.pde.ui-20120217-1437,org.eclipse.pde.internal.launching.launcher,LaunchArgumentsHelper,getInitialProgramArguments,10,2,0
eclipse.pde.ui-20120217-1437,org.eclipse.pde.internal.launching.launcher,LaunchArgumentsHelper,getWorkingDirectory,12,2,1
eclipse.pde.ui-20120217-1437,org.eclipse.pde.internal.launching.launcher,LaunchArgumentsHelper,getVMSpecificAttributesMap,20,6,1
eclipse.pde.ui-20120217-1437,org.eclipse.pde.internal.launching.launcher,LaunchArgumentsHelper,getTracingFileArgument,22,4,2
eclipse.pde.ui-20120217-1437,org.eclipse.pde.internal.launching.launcher,LaunchArgumentsHelper,constructClasspath,12,4,1
eclipse.pde.ui-20120217-1437,org.eclipse.pde.internal.launching.launcher,LaunchArgumentsHelper,getEquinoxStartupPath,47,14,1
eclipse.pde.ui-20120217-1437,org.eclipse.pde.internal.launching.launcher,LaunchArgumentsHelper,getStartupJarPath,20,7,0
eclipse.pde.ui-20120217-1437,org.eclipse.pde.internal.launching.launcher,LaunchArgumentsHelper,getSubstitutedString,5,2,1
eclipse.pde.ui-20120217-1437,org.eclipse.pde.internal.launching.launcher,LaunchArgumentsHelper,getDefaultWorkspaceLocation,3,1,1
eclipse.pde.ui-20120217-1437,org.eclipse.pde.internal.launching.launcher,LaunchArgumentsHelper,getDefaultWorkspaceLocation,8,2,2
eclipse.pde.ui-20120217-1437,org.eclipse.pde.internal.launching.launcher,LaunchArgumentsHelper,getDefaultJUnitWorkspaceIsContainer,4,1,0
eclipse.pde.ui-20120217-1437,org.eclipse.pde.internal.launching.launcher,LaunchArgumentsHelper,getDefaultJUnitConfigurationLocation,3,1,0
eclipse.pde.ui-20120217-1437,org.eclipse.pde.internal.launching.launcher,LaunchConfigurationHelper,synchronizeManifests,12,3,2
eclipse.pde.ui-20120217-1437,org.eclipse.pde.internal.launching.launcher,LaunchConfigurationHelper,getConfigurationArea,5,2,1
eclipse.pde.ui-20120217-1437,org.eclipse.pde.internal.launching.launcher,LaunchConfigurationHelper,getConfigurationLocation,17,3,1
eclipse.pde.ui-20120217-1437,org.eclipse.pde.internal.launching.launcher,LaunchConfigurationHelper,getSubstitutedString,5,2,1
eclipse.pde.ui-20120217-1437,org.eclipse.pde.internal.launching.launcher,LaunchConfigurationHelper,createConfigIniFile,71,17,5
eclipse.pde.ui-20120217-1437,org.eclipse.pde.internal.launching.launcher,LaunchConfigurationHelper,addRequiredProperties,9,8,4
eclipse.pde.ui-20120217-1437,org.eclipse.pde.internal.launching.launcher,LaunchConfigurationHelper,computeOSGiBundles,33,10,3
eclipse.pde.ui-20120217-1437,org.eclipse.pde.internal.launching.launcher,LaunchConfigurationHelper,loadFromTemplate,25,4,1
eclipse.pde.ui-20120217-1437,org.eclipse.pde.internal.launching.launcher,LaunchConfigurationHelper,addSplashLocation,20,5,3
eclipse.pde.ui-20120217-1437,org.eclipse.pde.internal.launching.launcher,LaunchConfigurationHelper,resolveLocationPath,6,2,3
eclipse.pde.ui-20120217-1437,org.eclipse.pde.internal.launching.launcher,LaunchConfigurationHelper,resolveLocationPath,14,6,3
eclipse.pde.ui-20120217-1437,org.eclipse.pde.internal.launching.launcher,LaunchConfigurationHelper,getBundleURL,4,1,3
eclipse.pde.ui-20120217-1437,org.eclipse.pde.internal.launching.launcher,LaunchConfigurationHelper,getBundleURL,10,3,2
eclipse.pde.ui-20120217-1437,org.eclipse.pde.internal.launching.launcher,LaunchConfigurationHelper,setBundleLocations,39,12,3
eclipse.pde.ui-20120217-1437,org.eclipse.pde.internal.launching.launcher,LaunchConfigurationHelper,getStartData,17,7,2
eclipse.pde.ui-20120217-1437,org.eclipse.pde.internal.launching.launcher,LaunchConfigurationHelper,save,11,1,2
eclipse.pde.ui-20120217-1437,org.eclipse.pde.internal.launching.launcher,LaunchConfigurationHelper,getContributingPlugin,5,2,1
eclipse.pde.ui-20120217-1437,org.eclipse.pde.internal.launching.launcher,LaunchConfigurationHelper,getProductID,16,7,1
eclipse.pde.ui-20120217-1437,org.eclipse.pde.internal.launching.launcher,LaunchConfigurationListener,launchConfigurationAdded,2,1,1
eclipse.pde.ui-20120217-1437,org.eclipse.pde.internal.launching.launcher,LaunchConfigurationListener,launchConfigurationChanged,2,1,1
eclipse.pde.ui-20120217-1437,org.eclipse.pde.internal.launching.launcher,LaunchConfigurationListener,launchConfigurationRemoved,21,4,1
eclipse.pde.ui-20120217-1437,org.eclipse.pde.internal.launching.launcher,LaunchConfigurationListener,run,4,1,1
eclipse.pde.ui-20120217-1437,org.eclipse.pde.internal.launching.launcher,LaunchListener,LaunchListener,3,1,0
eclipse.pde.ui-20120217-1437,org.eclipse.pde.internal.launching.launcher,LaunchListener,manage,4,3,1
eclipse.pde.ui-20120217-1437,org.eclipse.pde.internal.launching.launcher,LaunchListener,launchRemoved,3,1,1
eclipse.pde.ui-20120217-1437,org.eclipse.pde.internal.launching.launcher,LaunchListener,launchAdded,2,1,1
eclipse.pde.ui-20120217-1437,org.eclipse.pde.internal.launching.launcher,LaunchListener,launchChanged,2,1,1
eclipse.pde.ui-20120217-1437,org.eclipse.pde.internal.launching.launcher,LaunchListener,update,10,4,2
eclipse.pde.ui-20120217-1437,org.eclipse.pde.internal.launching.launcher,LaunchListener,hookListener,12,2,1
eclipse.pde.ui-20120217-1437,org.eclipse.pde.internal.launching.launcher,LaunchListener,doRestart,21,2,1
eclipse.pde.ui-20120217-1437,org.eclipse.pde.internal.launching.launcher,LaunchListener,shutdown,3,1,0
eclipse.pde.ui-20120217-1437,org.eclipse.pde.internal.launching.launcher,LaunchListener,handleDebugEvents,20,4,1
eclipse.pde.ui-20120217-1437,org.eclipse.pde.internal.launching.launcher,LaunchListener,launchTerminated,27,7,2
eclipse.pde.ui-20120217-1437,org.eclipse.pde.internal.launching.launcher,LaunchListener,getMostRecentLogFile,18,7,1
eclipse.pde.ui-20120217-1437,org.eclipse.pde.internal.launching.launcher,LaunchPluginValidator,getSelectedWorkspacePlugins,10,2,1
eclipse.pde.ui-20120217-1437,org.eclipse.pde.internal.launching.launcher,LaunchPluginValidator,parsePlugins,37,10,2
eclipse.pde.ui-20120217-1437,org.eclipse.pde.internal.launching.launcher,LaunchPluginValidator,getAffectedProjects,15,5,1
eclipse.pde.ui-20120217-1437,org.eclipse.pde.internal.launching.launcher,LaunchPluginValidator,runValidationOperation,10,3,2
eclipse.pde.ui-20120217-1437,org.eclipse.pde.internal.launching.launcher,LaunchValidationOperation,LaunchValidationOperation,3,1,1
eclipse.pde.ui-20120217-1437,org.eclipse.pde.internal.launching.launcher,LaunchValidationOperation,run,4,1,1
eclipse.pde.ui-20120217-1437,org.eclipse.pde.internal.launching.launcher,LaunchValidationOperation,getModels,0,1,0
eclipse.pde.ui-20120217-1437,org.eclipse.pde.internal.launching.launcher,LaunchValidationOperation,getPlatformProperties,18,7,0
eclipse.pde.ui-20120217-1437,org.eclipse.pde.internal.launching.launcher,LaunchValidationOperation,getMatchingEnvironments,18,5,0
eclipse.pde.ui-20120217-1437,org.eclipse.pde.internal.launching.launcher,LaunchValidationOperation,getJavaProfileProperties,44,8,1
eclipse.pde.ui-20120217-1437,org.eclipse.pde.internal.launching.launcher,LaunchValidationOperation,hasErrors,3,1,0
eclipse.pde.ui-20120217-1437,org.eclipse.pde.internal.launching.launcher,LaunchValidationOperation,getInput,3,1,0
eclipse.pde.ui-20120217-1437,org.eclipse.pde.internal.launching.launcher,LaunchValidationOperation,isEmpty,3,1,0
eclipse.pde.ui-20120217-1437,org.eclipse.pde.internal.launching.launcher,LaunchValidationOperation,getState,3,1,0
eclipse.pde.ui-20120217-1437,org.eclipse.pde.internal.launching.launcher,LauncherUtils,clearWorkspace,75,15,3
eclipse.pde.ui-20120217-1437,org.eclipse.pde.internal.launching.launcher,LauncherUtils,generateConfigIni,5,1,0
eclipse.pde.ui-20120217-1437,org.eclipse.pde.internal.launching.launcher,LauncherUtils,validateProjectDependencies,28,7,2
eclipse.pde.ui-20120217-1437,org.eclipse.pde.internal.launching.launcher,LauncherUtils,getTimeStamp,42,13,1
eclipse.pde.ui-20120217-1437,org.eclipse.pde.internal.launching.launcher,LauncherUtils,handleUseDefault,8,4,2
eclipse.pde.ui-20120217-1437,org.eclipse.pde.internal.launching.launcher,LauncherUtils,handleSelectedPlugins,13,4,3
eclipse.pde.ui-20120217-1437,org.eclipse.pde.internal.launching.launcher,LauncherUtils,handleDeselectedPlugins,11,5,3
eclipse.pde.ui-20120217-1437,org.eclipse.pde.internal.launching.launcher,LauncherUtils,shutdown,20,3,0
eclipse.pde.ui-20120217-1437,org.eclipse.pde.internal.launching.launcher,LauncherUtils,getDirectory,6,2,0
eclipse.pde.ui-20120217-1437,org.eclipse.pde.internal.launching.launcher,LauncherUtils,getLastRun,25,4,0
eclipse.pde.ui-20120217-1437,org.eclipse.pde.internal.launching.launcher,LauncherUtils,shouldAdd,5,2,3
eclipse.pde.ui-20120217-1437,org.eclipse.pde.internal.launching.launcher,LauncherUtils,requiresUI,18,4,1
eclipse.pde.ui-20120217-1437,org.eclipse.pde.internal.launching.launcher,LauncherUtils,clearWorkspaceLog,7,2,1
eclipse.pde.ui-20120217-1437,org.eclipse.pde.internal.launching.launcher,LauncherUtils,createErrorStatus,3,1,1
eclipse.pde.ui-20120217-1437,org.eclipse.pde.internal.launching.launcher,LauncherUtils,setLastLaunchMode,3,1,1
eclipse.pde.ui-20120217-1437,org.eclipse.pde.internal.launching.launcher,OSGiFrameworkManager,getFrameworks,4,2,0
eclipse.pde.ui-20120217-1437,org.eclipse.pde.internal.launching.launcher,OSGiFrameworkManager,getSortedFrameworks,4,1,0
eclipse.pde.ui-20120217-1437,org.eclipse.pde.internal.launching.launcher,OSGiFrameworkManager,loadElements,10,3,0
eclipse.pde.ui-20120217-1437,org.eclipse.pde.internal.launching.launcher,OSGiFrameworkManager,orderElements,12,2,1
eclipse.pde.ui-20120217-1437,org.eclipse.pde.internal.launching.launcher,OSGiFrameworkManager,compare,6,2,2
eclipse.pde.ui-20120217-1437,org.eclipse.pde.internal.launching.launcher,OSGiFrameworkManager,registryChanged,2,1,1
eclipse.pde.ui-20120217-1437,org.eclipse.pde.internal.launching.launcher,OSGiFrameworkManager,getDefaultFramework,4,1,0
eclipse.pde.ui-20120217-1437,org.eclipse.pde.internal.launching.launcher,OSGiFrameworkManager,getDefaultInitializer,3,1,0
eclipse.pde.ui-20120217-1437,org.eclipse.pde.internal.launching.launcher,OSGiFrameworkManager,getInitializer,15,5,1
eclipse.pde.ui-20120217-1437,org.eclipse.pde.internal.launching.launcher,OSGiFrameworkManager,getFrameworkLauncher,13,4,1
eclipse.pde.ui-20120217-1437,org.eclipse.pde.internal.launching.launcher,OSGiFrameworkManager,getFrameworkName,8,3,1
eclipse.pde.ui-20120217-1437,org.eclipse.pde.internal.launching.launcher,OSGiFrameworkManager,getFramework,6,2,1
eclipse.pde.ui-20120217-1437,org.eclipse.pde.internal.launching.launcher,OSGiMigrationDelegate,isCandidate,3,1,1
eclipse.pde.ui-20120217-1437,org.eclipse.pde.internal.launching.launcher,OSGiMigrationDelegate,migrate,15,5,1
eclipse.pde.ui-20120217-1437,org.eclipse.pde.internal.launching.launcher,OSGiValidationOperation,OSGiValidationOperation,3,1,1
eclipse.pde.ui-20120217-1437,org.eclipse.pde.internal.launching.launcher,OSGiValidationOperation,getModels,3,1,0
eclipse.pde.ui-20120217-1437,org.eclipse.pde.internal.launching.launcher,PDEMigrationDelegate,isCandidate,3,1,1
eclipse.pde.ui-20120217-1437,org.eclipse.pde.internal.launching.launcher,PDEMigrationDelegate,migrate,5,1,1
eclipse.pde.ui-20120217-1437,org.eclipse.pde.internal.launching.launcher,PDEMigrationDelegate,migrate,23,6,1
eclipse.pde.ui-20120217-1437,org.eclipse.pde.internal.launching.launcher,ProductValidationOperation,ProductValidationOperation,4,1,1
eclipse.pde.ui-20120217-1437,org.eclipse.pde.internal.launching.launcher,ProductValidationOperation,getModels,3,1,0
eclipse.pde.ui-20120217-1437,org.eclipse.pde.internal.launching.launcher,ProductValidationOperation,getMatchingEnvironments,17,4,0
eclipse.pde.ui-20120217-1437,org.eclipse.pde.internal.launching.launcher,RequirementHelper,getApplicationRequirements,31,8,1
eclipse.pde.ui-20120217-1437,org.eclipse.pde.internal.launching.launcher,RequirementHelper,getProductRequirements,17,5,2
eclipse.pde.ui-20120217-1437,org.eclipse.pde.internal.launching.launcher,RequirementHelper,getApplicationRequirements,10,3,2
eclipse.pde.ui-20120217-1437,org.eclipse.pde.internal.launching.launcher,VMHelper,getDefaultVMInstallName,11,3,1
eclipse.pde.ui-20120217-1437,org.eclipse.pde.internal.launching.launcher,VMHelper,getVMInstall,27,6,1
eclipse.pde.ui-20120217-1437,org.eclipse.pde.internal.launching.launcher,VMHelper,getVMInstall,9,4,1
eclipse.pde.ui-20120217-1437,org.eclipse.pde.internal.launching.launcher,VMHelper,createLauncher,5,2,1
eclipse.pde.ui-20120217-1437,org.eclipse.pde.internal.launching.sourcelookup,PDESourceLookupDirector,initializeParticipants,3,1,0
eclipse.pde.ui-20120217-1437,org.eclipse.pde.internal.launching.sourcelookup,PDESourceLookupDirector,supportsSourceContainerType,3,1,1
eclipse.pde.ui-20120217-1437,org.eclipse.pde.internal.launching.sourcelookup,PDESourceLookupDirector,getSourceElement,6,1,1
eclipse.pde.ui-20120217-1437,org.eclipse.pde.internal.launching.sourcelookup,PDESourceLookupDirector,findSourceElements,10,3,1
eclipse.pde.ui-20120217-1437,org.eclipse.pde.internal.launching.sourcelookup,PDESourceLookupDirector,getSourceContainers,46,12,2
eclipse.pde.ui-20120217-1437,org.eclipse.pde.internal.launching.sourcelookup,PDESourceLookupDirector,isPerfectMatch,3,1,2
eclipse.pde.ui-20120217-1437,org.eclipse.pde.internal.launching.sourcelookup,PDESourceLookupDirector,convertClasspathEntry,11,3,1
eclipse.pde.ui-20120217-1437,org.eclipse.pde.internal.launching.sourcelookup,PDESourceLookupDirector,getArchiveSourceContainer,19,6,1
eclipse.pde.ui-20120217-1437,org.eclipse.pde.internal.launching.sourcelookup,PDESourceLookupDirector,addProjectSourceContainers,17,6,2
eclipse.pde.ui-20120217-1437,org.eclipse.pde.internal.launching.sourcelookup,PDESourceLookupDirector,dispose,11,3,0
eclipse.pde.ui-20120217-1437,org.eclipse.pde.internal.launching.sourcelookup,PDESourceLookupDirector,getOSGiRuntimeVersion,6,2,0
eclipse.pde.ui-20120217-1437,org.eclipse.pde.internal.launching.sourcelookup,PDESourceLookupQuery,PDESourceLookupQuery,4,1,2
eclipse.pde.ui-20120217-1437,org.eclipse.pde.internal.launching.sourcelookup,PDESourceLookupQuery,handleException,2,1,1
eclipse.pde.ui-20120217-1437,org.eclipse.pde.internal.launching.sourcelookup,PDESourceLookupQuery,run,49,15,0
eclipse.pde.ui-20120217-1437,org.eclipse.pde.internal.launching.sourcelookup,PDESourceLookupQuery,getResult,3,1,0
eclipse.pde.ui-20120217-1437,org.eclipse.pde.internal.launching.sourcelookup,PDESourceLookupQuery,getValue,4,1,2
eclipse.pde.ui-20120217-1437,org.eclipse.pde.internal.launching.sourcelookup,PDESourceLookupQuery,findSourceElement34,12,3,2
eclipse.pde.ui-20120217-1437,org.eclipse.pde.internal.launching.sourcelookup,PDESourceLookupQuery,findSourceElement,26,8,2
eclipse.pde.ui-20120217-1437,org.eclipse.pde.internal.launching.sourcelookup,PDESourceLookupQuery,searchClasspathEntries,24,7,2
eclipse.pde.ui-20120217-1437,org.eclipse.pde.internal.launching.sourcelookup,PDESourceLookupQuery,getObject,8,3,3
eclipse.pde.ui-20120217-1437,org.eclipse.pde.internal.launching.sourcelookup,PDESourceLookupQuery,findSourceElement_legacy,9,2,2
eclipse.pde.ui-20120217-1437,org.eclipse.pde.internal.launching.sourcelookup,PDESourceLookupQuery,getSourceElement,20,7,4
eclipse.pde.ui-20120217-1437,org.eclipse.pde.internal.launching.sourcelookup,PDESourceLookupQuery,findSourceElement,7,3,2
eclipse.pde.ui-20120217-1437,org.eclipse.pde.internal.launching.sourcelookup,PDESourceLookupQuery,getSourceContainers,3,1,2
eclipse.pde.ui-20120217-1437,org.eclipse.pde.internal.launching.sourcelookup,PDESourceLookupQuery,generateSourceName,5,2,1
eclipse.pde.ui-20120217-1437,org.eclipse.pde.launching,AbstractPDELaunchConfiguration,isLaunchProblem,3,1,1
eclipse.pde.ui-20120217-1437,org.eclipse.pde.launching,AbstractPDELaunchConfiguration,launch,33,3,4
eclipse.pde.ui-20120217-1437,org.eclipse.pde.launching,AbstractPDELaunchConfiguration,getVMRunner,4,1,2
eclipse.pde.ui-20120217-1437,org.eclipse.pde.launching,AbstractPDELaunchConfiguration,setDefaultSourceLocator,14,3,1
eclipse.pde.ui-20120217-1437,org.eclipse.pde.launching,AbstractPDELaunchConfiguration,getClasspath,8,2,1
eclipse.pde.ui-20120217-1437,org.eclipse.pde.launching,AbstractPDELaunchConfiguration,getEnvironment,3,1,1
eclipse.pde.ui-20120217-1437,org.eclipse.pde.launching,AbstractPDELaunchConfiguration,getWorkingDirectory,3,1,1
eclipse.pde.ui-20120217-1437,org.eclipse.pde.launching,AbstractPDELaunchConfiguration,getVMSpecificAttributesMap,3,1,1
eclipse.pde.ui-20120217-1437,org.eclipse.pde.launching,AbstractPDELaunchConfiguration,getVMArguments,17,4,1
eclipse.pde.ui-20120217-1437,org.eclipse.pde.launching,AbstractPDELaunchConfiguration,getProgramArguments,31,9,1
eclipse.pde.ui-20120217-1437,org.eclipse.pde.launching,AbstractPDELaunchConfiguration,preLaunchCheck,10,2,3
eclipse.pde.ui-20120217-1437,org.eclipse.pde.launching,AbstractPDELaunchConfiguration,getConfigDir,4,2,1
eclipse.pde.ui-20120217-1437,org.eclipse.pde.launching,AbstractPDELaunchConfiguration,getBuildOrder,3,1,2
eclipse.pde.ui-20120217-1437,org.eclipse.pde.launching,AbstractPDELaunchConfiguration,getProjectsForProblemSearch,3,1,2
eclipse.pde.ui-20120217-1437,org.eclipse.pde.launching,AbstractPDELaunchConfiguration,getMainClass,4,2,0
eclipse.pde.ui-20120217-1437,org.eclipse.pde.launching,AbstractPDELaunchConfiguration,manageLaunch,3,1,1
eclipse.pde.ui-20120217-1437,org.eclipse.pde.launching,AbstractPDELaunchConfiguration,synchronizeManifests,4,1,2
eclipse.pde.ui-20120217-1437,org.eclipse.pde.launching,AbstractPDELaunchConfiguration,validateProjectDependencies,3,1,2
eclipse.pde.ui-20120217-1437,org.eclipse.pde.launching,AbstractPDELaunchConfiguration,clear,2,1,2
eclipse.pde.ui-20120217-1437,org.eclipse.pde.launching,AbstractPDELaunchConfiguration,validatePluginDependencies,4,1,2
eclipse.pde.ui-20120217-1437,org.eclipse.pde.launching,EclipseApplicationLaunchConfiguration,getProgramArguments,80,13,1
eclipse.pde.ui-20120217-1437,org.eclipse.pde.launching,EclipseApplicationLaunchConfiguration,validateFeatures,13,3,0
eclipse.pde.ui-20120217-1437,org.eclipse.pde.launching,EclipseApplicationLaunchConfiguration,getProductPath,3,1,0
eclipse.pde.ui-20120217-1437,org.eclipse.pde.launching,EclipseApplicationLaunchConfiguration,computeShowsplashArgument,5,1,0
eclipse.pde.ui-20120217-1437,org.eclipse.pde.launching,EclipseApplicationLaunchConfiguration,ensureProductFilesExist,10,4,1
eclipse.pde.ui-20120217-1437,org.eclipse.pde.launching,EclipseApplicationLaunchConfiguration,getConfigDir,19,4,1
eclipse.pde.ui-20120217-1437,org.eclipse.pde.launching,EclipseApplicationLaunchConfiguration,clear,7,4,2
eclipse.pde.ui-20120217-1437,org.eclipse.pde.launching,EclipseApplicationLaunchConfiguration,preLaunchCheck,12,2,3
eclipse.pde.ui-20120217-1437,org.eclipse.pde.launching,EclipseApplicationLaunchConfiguration,validateConfigIni,11,4,1
eclipse.pde.ui-20120217-1437,org.eclipse.pde.launching,EclipseApplicationLaunchConfiguration,getVMArguments,11,2,1
eclipse.pde.ui-20120217-1437,org.eclipse.pde.launching,EquinoxLaunchConfiguration,getProgramArguments,13,2,1
eclipse.pde.ui-20120217-1437,org.eclipse.pde.launching,EquinoxLaunchConfiguration,saveConfigurationFile,40,8,1
eclipse.pde.ui-20120217-1437,org.eclipse.pde.launching,EquinoxLaunchConfiguration,getBundles,16,5,1
eclipse.pde.ui-20120217-1437,org.eclipse.pde.launching,EquinoxLaunchConfiguration,appendStartData,14,6,3
eclipse.pde.ui-20120217-1437,org.eclipse.pde.launching,EquinoxLaunchConfiguration,preLaunchCheck,21,4,3
eclipse.pde.ui-20120217-1437,org.eclipse.pde.launching,EquinoxLaunchConfiguration,validatePluginDependencies,4,1,2
eclipse.pde.ui-20120217-1437,org.eclipse.pde.launching,EquinoxLaunchConfiguration,clear,3,2,2
eclipse.pde.ui-20120217-1437,org.eclipse.pde.launching,JUnitLaunchConfigurationDelegate,getVMRunner,4,1,2
eclipse.pde.ui-20120217-1437,org.eclipse.pde.launching,JUnitLaunchConfigurationDelegate,verifyMainTypeName,4,2,1
eclipse.pde.ui-20120217-1437,org.eclipse.pde.launching,JUnitLaunchConfigurationDelegate,getTestPluginId,7,3,1
eclipse.pde.ui-20120217-1437,org.eclipse.pde.launching,JUnitLaunchConfigurationDelegate,abort,3,1,3
eclipse.pde.ui-20120217-1437,org.eclipse.pde.launching,JUnitLaunchConfigurationDelegate,collectExecutionArguments,66,15,3
eclipse.pde.ui-20120217-1437,org.eclipse.pde.launching,JUnitLaunchConfigurationDelegate,getApplication,30,6,1
eclipse.pde.ui-20120217-1437,org.eclipse.pde.launching,JUnitLaunchConfigurationDelegate,findPlugin,6,3,1
eclipse.pde.ui-20120217-1437,org.eclipse.pde.launching,JUnitLaunchConfigurationDelegate,getProgramArguments,3,1,1
eclipse.pde.ui-20120217-1437,org.eclipse.pde.launching,JUnitLaunchConfigurationDelegate,getVMArguments,13,4,1
eclipse.pde.ui-20120217-1437,org.eclipse.pde.launching,JUnitLaunchConfigurationDelegate,concatArg,4,2,2
eclipse.pde.ui-20120217-1437,org.eclipse.pde.launching,JUnitLaunchConfigurationDelegate,getEnvironment,3,1,1
eclipse.pde.ui-20120217-1437,org.eclipse.pde.launching,JUnitLaunchConfigurationDelegate,getClasspath,7,2,1
eclipse.pde.ui-20120217-1437,org.eclipse.pde.launching,JUnitLaunchConfigurationDelegate,getWorkingDirectory,3,1,1
eclipse.pde.ui-20120217-1437,org.eclipse.pde.launching,JUnitLaunchConfigurationDelegate,getVMSpecificAttributesMap,3,1,1
eclipse.pde.ui-20120217-1437,org.eclipse.pde.launching,JUnitLaunchConfigurationDelegate,setDefaultSourceLocator,15,3,2
eclipse.pde.ui-20120217-1437,org.eclipse.pde.launching,JUnitLaunchConfigurationDelegate,getConfigurationDirectory,4,2,1
eclipse.pde.ui-20120217-1437,org.eclipse.pde.launching,JUnitLaunchConfigurationDelegate,getBuildOrder,3,1,2
eclipse.pde.ui-20120217-1437,org.eclipse.pde.launching,JUnitLaunchConfigurationDelegate,getProjectsForProblemSearch,3,1,2
eclipse.pde.ui-20120217-1437,org.eclipse.pde.launching,JUnitLaunchConfigurationDelegate,manageLaunch,3,1,1
eclipse.pde.ui-20120217-1437,org.eclipse.pde.launching,JUnitLaunchConfigurationDelegate,preLaunchCheck,27,5,3
eclipse.pde.ui-20120217-1437,org.eclipse.pde.launching,JUnitLaunchConfigurationDelegate,getRequiredPlugins,5,2,1
eclipse.pde.ui-20120217-1437,org.eclipse.pde.launching,JUnitLaunchConfigurationDelegate,synchronizeManifests,4,1,2
eclipse.pde.ui-20120217-1437,org.eclipse.pde.launching,JUnitLaunchConfigurationDelegate,clear,10,4,2
eclipse.pde.ui-20120217-1437,org.eclipse.pde.launching,JUnitLaunchConfigurationDelegate,validateProjectDependencies,3,1,2
eclipse.pde.ui-20120217-1437,org.eclipse.pde.launching,JUnitLaunchConfigurationDelegate,validatePluginDependencies,4,1,2
eclipse.pde.ui-20120217-1437,org.eclipse.pde.launching,OSGiLaunchConfigurationDelegate,launch,15,3,4
eclipse.pde.ui-20120217-1437,org.eclipse.pde.launching,OSGiLaunchConfigurationDelegate,getBuildOrder,3,1,2
eclipse.pde.ui-20120217-1437,org.eclipse.pde.launching,OSGiLaunchConfigurationInitializer,initialize,5,1,1
eclipse.pde.ui-20120217-1437,org.eclipse.pde.launching,OSGiLaunchConfigurationInitializer,initializeSourcePathProvider,3,1,1
eclipse.pde.ui-20120217-1437,org.eclipse.pde.launching,OSGiLaunchConfigurationInitializer,initializeFrameworkDefaults,4,1,1
eclipse.pde.ui-20120217-1437,org.eclipse.pde.launching,OSGiLaunchConfigurationInitializer,initializeBundleState,12,2,1
eclipse.pde.ui-20120217-1437,org.eclipse.pde.launching,OSGiLaunchConfigurationInitializer,appendBundle,6,2,2
eclipse.pde.ui-20120217-1437,org.eclipse.pde.launching,OSGiLaunchConfigurationInitializer,getStartLevel,3,1,1
eclipse.pde.ui-20120217-1437,org.eclipse.pde.launching,OSGiLaunchConfigurationInitializer,getAutoStart,3,1,1
eclipse.pde.ui-20120217-1437,org.eclipse.pde.launching,PDESourcePathProvider,computeUnresolvedClasspath,9,2,1
eclipse.pde.ui-20120217-1437,org.eclipse.pde.launching,PDESourcePathProvider,getJREEntry,7,1,1
eclipse.pde.ui-20120217-1437,org.eclipse.pde.launching,PDESourcePathProvider,getJavaProjects,4,1,1
eclipse.pde.ui-20120217-1437,org.eclipse.pde.launching,PDESourcePathProvider,resolveClasspath,19,5,2
eclipse.pde.ui-20120217-1437,org.eclipse.pde.launching,PDESourcePathProvider,addBinaryPackageFragmentRoots,14,5,2
eclipse.pde.ui-20120217-1437,org.eclipse.pde.internal.runtime,MessageHelper,getResolutionFailureMessage,9,5,1
eclipse.pde.ui-20120217-1437,org.eclipse.pde.internal.runtime,MessageHelper,toString,5,2,1
eclipse.pde.ui-20120217-1437,org.eclipse.pde.internal.runtime,OverlayIcon,OverlayIcon,6,2,2
eclipse.pde.ui-20120217-1437,org.eclipse.pde.internal.runtime,OverlayIcon,OverlayIcon,6,2,3
eclipse.pde.ui-20120217-1437,org.eclipse.pde.internal.runtime,OverlayIcon,drawBottomLeft,12,4,1
eclipse.pde.ui-20120217-1437,org.eclipse.pde.internal.runtime,OverlayIcon,drawBottomRight,12,4,1
eclipse.pde.ui-20120217-1437,org.eclipse.pde.internal.runtime,OverlayIcon,drawCompositeImage,10,6,2
eclipse.pde.ui-20120217-1437,org.eclipse.pde.internal.runtime,OverlayIcon,drawTopLeft,12,4,1
eclipse.pde.ui-20120217-1437,org.eclipse.pde.internal.runtime,OverlayIcon,drawTopRight,12,4,1
eclipse.pde.ui-20120217-1437,org.eclipse.pde.internal.runtime,OverlayIcon,getSize,3,1,0
eclipse.pde.ui-20120217-1437,org.eclipse.pde.internal.runtime,PDERuntimePlugin,PDERuntimePlugin,3,1,0
eclipse.pde.ui-20120217-1437,org.eclipse.pde.internal.runtime,PDERuntimePlugin,isBundleAvailable,4,1,1
eclipse.pde.ui-20120217-1437,org.eclipse.pde.internal.runtime,PDERuntimePlugin,getActivePage,3,1,0
eclipse.pde.ui-20120217-1437,org.eclipse.pde.internal.runtime,PDERuntimePlugin,getActiveWorkbenchShell,3,1,0
eclipse.pde.ui-20120217-1437,org.eclipse.pde.internal.runtime,PDERuntimePlugin,getActiveWorkbenchWindow,3,1,0
eclipse.pde.ui-20120217-1437,org.eclipse.pde.internal.runtime,PDERuntimePlugin,getPackageAdmin,6,2,0
eclipse.pde.ui-20120217-1437,org.eclipse.pde.internal.runtime,PDERuntimePlugin,getPlatformAdmin,6,2,0
eclipse.pde.ui-20120217-1437,org.eclipse.pde.internal.runtime,PDERuntimePlugin,getDefault,3,1,0
eclipse.pde.ui-20120217-1437,org.eclipse.pde.internal.runtime,PDERuntimePlugin,getPluginId,3,1,0
eclipse.pde.ui-20120217-1437,org.eclipse.pde.internal.runtime,PDERuntimePlugin,internalGetActivePage,3,1,0
eclipse.pde.ui-20120217-1437,org.eclipse.pde.internal.runtime,PDERuntimePlugin,start,8,1,1
eclipse.pde.ui-20120217-1437,org.eclipse.pde.internal.runtime,PDERuntimePlugin,getBundleContext,3,1,0
eclipse.pde.ui-20120217-1437,org.eclipse.pde.internal.runtime,PDERuntimePlugin,getState,3,1,0
eclipse.pde.ui-20120217-1437,org.eclipse.pde.internal.runtime,PDERuntimePlugin,log,11,5,1
eclipse.pde.ui-20120217-1437,org.eclipse.pde.internal.runtime,PDERuntimePlugin,stop,11,3,1
eclipse.pde.ui-20120217-1437,org.eclipse.pde.internal.runtime,PDERuntimePluginImages,initialize,13,1,0
eclipse.pde.ui-20120217-1437,org.eclipse.pde.internal.runtime,PDERuntimePluginImages,create,3,1,2
eclipse.pde.ui-20120217-1437,org.eclipse.pde.internal.runtime,PDERuntimePluginImages,get,4,2,1
eclipse.pde.ui-20120217-1437,org.eclipse.pde.internal.runtime,PDERuntimePluginImages,makeIconURL,4,1,2
eclipse.pde.ui-20120217-1437,org.eclipse.pde.internal.runtime,PDERuntimePluginImages,manage,5,1,2
eclipse.pde.ui-20120217-1437,org.eclipse.pde.internal.runtime.registry,DiagnosticsDialog,DiagnosticsDialog,3,1,5
eclipse.pde.ui-20120217-1437,org.eclipse.pde.internal.runtime.registry,DiagnosticsDialog,createDialogArea,5,1,1
eclipse.pde.ui-20120217-1437,org.eclipse.pde.internal.runtime.registry,DiagnosticsDialog,createButtonsForButtonBar,3,1,1
eclipse.pde.ui-20120217-1437,org.eclipse.pde.internal.runtime.registry,RegistryBrowser,GroupByAction,4,1,2
eclipse.pde.ui-20120217-1437,org.eclipse.pde.internal.runtime.registry,RegistryBrowser,run,6,2,0
eclipse.pde.ui-20120217-1437,org.eclipse.pde.internal.runtime.registry,RegistryBrowser,select,6,4,3
eclipse.pde.ui-20120217-1437,org.eclipse.pde.internal.runtime.registry,RegistryBrowser,select,6,2,3
eclipse.pde.ui-20120217-1437,org.eclipse.pde.internal.runtime.registry,RegistryBrowser,RegistryDrillDownAdapter,3,1,1
eclipse.pde.ui-20120217-1437,org.eclipse.pde.internal.runtime.registry,RegistryBrowser,goInto,5,1,0
eclipse.pde.ui-20120217-1437,org.eclipse.pde.internal.runtime.registry,RegistryBrowser,goBack,5,1,0
eclipse.pde.ui-20120217-1437,org.eclipse.pde.internal.runtime.registry,RegistryBrowser,goHome,5,1,0
eclipse.pde.ui-20120217-1437,org.eclipse.pde.internal.runtime.registry,RegistryBrowser,goInto,5,1,1
eclipse.pde.ui-20120217-1437,org.eclipse.pde.internal.runtime.registry,RegistryBrowser,initializeModel,15,1,0
eclipse.pde.ui-20120217-1437,org.eclipse.pde.internal.runtime.registry,RegistryBrowser,run,5,1,1
eclipse.pde.ui-20120217-1437,org.eclipse.pde.internal.runtime.registry,RegistryBrowser,init,6,2,2
eclipse.pde.ui-20120217-1437,org.eclipse.pde.internal.runtime.registry,RegistryBrowser,initializeMemento,6,5,0
eclipse.pde.ui-20120217-1437,org.eclipse.pde.internal.runtime.registry,RegistryBrowser,dispose,11,3,0
eclipse.pde.ui-20120217-1437,org.eclipse.pde.internal.runtime.registry,RegistryBrowser,createPartControl,11,1,1
eclipse.pde.ui-20120217-1437,org.eclipse.pde.internal.runtime.registry,RegistryBrowser,createTreeViewer,50,6,1
eclipse.pde.ui-20120217-1437,org.eclipse.pde.internal.runtime.registry,RegistryBrowser,compare,13,4,3
eclipse.pde.ui-20120217-1437,org.eclipse.pde.internal.runtime.registry,RegistryBrowser,menuAboutToShow,3,1,1
eclipse.pde.ui-20120217-1437,org.eclipse.pde.internal.runtime.registry,RegistryBrowser,fillToolBar,21,1,0
eclipse.pde.ui-20120217-1437,org.eclipse.pde.internal.runtime.registry,RegistryBrowser,fillContextMenu,20,7,1
eclipse.pde.ui-20120217-1437,org.eclipse.pde.internal.runtime.registry,RegistryBrowser,saveState,7,2,1
eclipse.pde.ui-20120217-1437,org.eclipse.pde.internal.runtime.registry,RegistryBrowser,setFocus,6,2,0
eclipse.pde.ui-20120217-1437,org.eclipse.pde.internal.runtime.registry,RegistryBrowser,makeActions,147,11,0
eclipse.pde.ui-20120217-1437,org.eclipse.pde.internal.runtime.registry,RegistryBrowser,run,8,1,0
eclipse.pde.ui-20120217-1437,org.eclipse.pde.internal.runtime.registry,RegistryBrowser,run,3,1,0
eclipse.pde.ui-20120217-1437,org.eclipse.pde.internal.runtime.registry,RegistryBrowser,run,9,2,0
eclipse.pde.ui-20120217-1437,org.eclipse.pde.internal.runtime.registry,RegistryBrowser,run,9,2,0
eclipse.pde.ui-20120217-1437,org.eclipse.pde.internal.runtime.registry,RegistryBrowser,run,10,3,0
eclipse.pde.ui-20120217-1437,org.eclipse.pde.internal.runtime.registry,RegistryBrowser,run,2,1,0
eclipse.pde.ui-20120217-1437,org.eclipse.pde.internal.runtime.registry,RegistryBrowser,run,12,2,0
eclipse.pde.ui-20120217-1437,org.eclipse.pde.internal.runtime.registry,RegistryBrowser,run,12,2,0
eclipse.pde.ui-20120217-1437,org.eclipse.pde.internal.runtime.registry,RegistryBrowser,run,7,2,0
eclipse.pde.ui-20120217-1437,org.eclipse.pde.internal.runtime.registry,RegistryBrowser,run,7,2,0
eclipse.pde.ui-20120217-1437,org.eclipse.pde.internal.runtime.registry,RegistryBrowser,run,15,3,0
eclipse.pde.ui-20120217-1437,org.eclipse.pde.internal.runtime.registry,RegistryBrowser,run,3,1,0
eclipse.pde.ui-20120217-1437,org.eclipse.pde.internal.runtime.registry,RegistryBrowser,getGroupBy,3,1,0
eclipse.pde.ui-20120217-1437,org.eclipse.pde.internal.runtime.registry,RegistryBrowser,updateTitle,3,1,0
eclipse.pde.ui-20120217-1437,org.eclipse.pde.internal.runtime.registry,RegistryBrowser,getUndisposedTree,4,2,0
eclipse.pde.ui-20120217-1437,org.eclipse.pde.internal.runtime.registry,RegistryBrowser,getTitleSummary,22,5,0
eclipse.pde.ui-20120217-1437,org.eclipse.pde.internal.runtime.registry,RegistryBrowser,isBundleSelected,12,4,0
eclipse.pde.ui-20120217-1437,org.eclipse.pde.internal.runtime.registry,RegistryBrowser,getSelectedBundles,13,4,0
eclipse.pde.ui-20120217-1437,org.eclipse.pde.internal.runtime.registry,RegistryBrowser,selectedBundlesStarted,8,3,0
eclipse.pde.ui-20120217-1437,org.eclipse.pde.internal.runtime.registry,RegistryBrowser,selectedBundlesStopped,8,3,0
eclipse.pde.ui-20120217-1437,org.eclipse.pde.internal.runtime.registry,RegistryBrowser,selectedBundlesDisabled,8,3,0
eclipse.pde.ui-20120217-1437,org.eclipse.pde.internal.runtime.registry,RegistryBrowser,selectedBundlesEnabled,8,3,0
eclipse.pde.ui-20120217-1437,org.eclipse.pde.internal.runtime.registry,RegistryBrowser,add,9,2,1
eclipse.pde.ui-20120217-1437,org.eclipse.pde.internal.runtime.registry,RegistryBrowser,add,6,3,2
eclipse.pde.ui-20120217-1437,org.eclipse.pde.internal.runtime.registry,RegistryBrowser,remove,6,3,1
eclipse.pde.ui-20120217-1437,org.eclipse.pde.internal.runtime.registry,RegistryBrowser,filtersEnabled,3,1,0
eclipse.pde.ui-20120217-1437,org.eclipse.pde.internal.runtime.registry,RegistryBrowser,deferredRefresh,35,5,0
eclipse.pde.ui-20120217-1437,org.eclipse.pde.internal.runtime.registry,RegistryBrowser,run,19,3,0
eclipse.pde.ui-20120217-1437,org.eclipse.pde.internal.runtime.registry,RegistryBrowser,run,6,2,0
eclipse.pde.ui-20120217-1437,org.eclipse.pde.internal.runtime.registry,RegistryBrowser,refresh,12,4,1
eclipse.pde.ui-20120217-1437,org.eclipse.pde.internal.runtime.registry,RegistryBrowser,refresh,10,3,1
eclipse.pde.ui-20120217-1437,org.eclipse.pde.internal.runtime.registry,RegistryBrowser,getAdapter,9,3,1
eclipse.pde.ui-20120217-1437,org.eclipse.pde.internal.runtime.registry,GroupByAction,GroupByAction,4,1,2
eclipse.pde.ui-20120217-1437,org.eclipse.pde.internal.runtime.registry,GroupByAction,run,6,2,0
eclipse.pde.ui-20120217-1437,org.eclipse.pde.internal.runtime.registry,RegistryDrillDownAdapter,RegistryDrillDownAdapter,3,1,1
eclipse.pde.ui-20120217-1437,org.eclipse.pde.internal.runtime.registry,RegistryDrillDownAdapter,goInto,5,1,0
eclipse.pde.ui-20120217-1437,org.eclipse.pde.internal.runtime.registry,RegistryDrillDownAdapter,goBack,5,1,0
eclipse.pde.ui-20120217-1437,org.eclipse.pde.internal.runtime.registry,RegistryDrillDownAdapter,goHome,5,1,0
eclipse.pde.ui-20120217-1437,org.eclipse.pde.internal.runtime.registry,RegistryDrillDownAdapter,goInto,5,1,1
eclipse.pde.ui-20120217-1437,org.eclipse.pde.internal.runtime.registry,RegistryBrowserContentProvider,RegistryBrowserContentProvider,3,1,1
eclipse.pde.ui-20120217-1437,org.eclipse.pde.internal.runtime.registry,RegistryBrowserContentProvider,dispose,2,1,0
eclipse.pde.ui-20120217-1437,org.eclipse.pde.internal.runtime.registry,RegistryBrowserContentProvider,getElements,3,1,1
eclipse.pde.ui-20120217-1437,org.eclipse.pde.internal.runtime.registry,RegistryBrowserContentProvider,getChildren,71,29,1
eclipse.pde.ui-20120217-1437,org.eclipse.pde.internal.runtime.registry,RegistryBrowserContentProvider,getParent,9,3,1
eclipse.pde.ui-20120217-1437,org.eclipse.pde.internal.runtime.registry,RegistryBrowserContentProvider,hasChildren,6,3,1
eclipse.pde.ui-20120217-1437,org.eclipse.pde.internal.runtime.registry,RegistryBrowserContentProvider,inputChanged,2,1,3
eclipse.pde.ui-20120217-1437,org.eclipse.pde.internal.runtime.registry,RegistryBrowserLabelProvider,RegistryBrowserLabelProvider,32,1,1
eclipse.pde.ui-20120217-1437,org.eclipse.pde.internal.runtime.registry,RegistryBrowserLabelProvider,dispose,26,1,0
eclipse.pde.ui-20120217-1437,org.eclipse.pde.internal.runtime.registry,RegistryBrowserLabelProvider,getImage,80,34,1
eclipse.pde.ui-20120217-1437,org.eclipse.pde.internal.runtime.registry,RegistryBrowserLabelProvider,getStyledText,132,33,1
eclipse.pde.ui-20120217-1437,org.eclipse.pde.internal.runtime.registry,RegistryBrowserLabelProvider,update,7,1,1
eclipse.pde.ui-20120217-1437,org.eclipse.pde.internal.runtime.registry,RegistryBrowserLabelProvider,getText,3,1,1
eclipse.pde.ui-20120217-1437,org.eclipse.pde.internal.runtime.registry,RegistryBrowserModelChangeListener,RegistryBrowserModelChangeListener,3,1,1
eclipse.pde.ui-20120217-1437,org.eclipse.pde.internal.runtime.registry,RegistryBrowserModelChangeListener,modelChanged,8,1,1
eclipse.pde.ui-20120217-1437,org.eclipse.pde.internal.runtime.registry,RegistryBrowserModelChangeListener,run,3,1,0
eclipse.pde.ui-20120217-1437,org.eclipse.pde.internal.runtime.registry,RegistryBrowserModelChangeListener,topLevelElement,11,4,1
eclipse.pde.ui-20120217-1437,org.eclipse.pde.internal.runtime.registry,RegistryBrowserModelChangeListener,getTopLevelElement,50,14,1
eclipse.pde.ui-20120217-1437,org.eclipse.pde.internal.runtime.registry,RegistryBrowserModelChangeListener,refreshTopLevelElements,11,3,1
eclipse.pde.ui-20120217-1437,org.eclipse.pde.internal.runtime.registry,RegistryBrowserModelChangeListener,update,36,12,1
eclipse.pde.ui-20120217-1437,org.eclipse.pde.internal.runtime.registry,RegistryFilteredTree,RegistryFilteredTree,4,1,4
eclipse.pde.ui-20120217-1437,org.eclipse.pde.internal.runtime.registry,RegistryFilteredTree,createControl,23,2,2
eclipse.pde.ui-20120217-1437,org.eclipse.pde.internal.runtime.registry,RegistryFilteredTree,updateToolbar,4,1,1
eclipse.pde.ui-20120217-1437,org.eclipse.pde.internal.runtime.registry.model,Attribute,Attribute,2,1,0
eclipse.pde.ui-20120217-1437,org.eclipse.pde.internal.runtime.registry.model,Attribute,Attribute,4,1,2
eclipse.pde.ui-20120217-1437,org.eclipse.pde.internal.runtime.registry.model,Attribute,getValue,3,1,0
eclipse.pde.ui-20120217-1437,org.eclipse.pde.internal.runtime.registry.model,Attribute,getName,3,1,0
eclipse.pde.ui-20120217-1437,org.eclipse.pde.internal.runtime.registry.model,Attribute,setName,3,1,1
eclipse.pde.ui-20120217-1437,org.eclipse.pde.internal.runtime.registry.model,Attribute,setValue,3,1,1
eclipse.pde.ui-20120217-1437,org.eclipse.pde.internal.runtime.registry.model,BackendChangeListener,addBundle,0,1,1
eclipse.pde.ui-20120217-1437,org.eclipse.pde.internal.runtime.registry.model,BackendChangeListener,removeBundle,0,1,1
eclipse.pde.ui-20120217-1437,org.eclipse.pde.internal.runtime.registry.model,BackendChangeListener,updateBundle,0,1,2
eclipse.pde.ui-20120217-1437,org.eclipse.pde.internal.runtime.registry.model,BackendChangeListener,addService,0,1,1
eclipse.pde.ui-20120217-1437,org.eclipse.pde.internal.runtime.registry.model,BackendChangeListener,removeService,0,1,1
eclipse.pde.ui-20120217-1437,org.eclipse.pde.internal.runtime.registry.model,BackendChangeListener,updateService,0,1,1
eclipse.pde.ui-20120217-1437,org.eclipse.pde.internal.runtime.registry.model,BackendChangeListener,addExtensions,0,1,1
eclipse.pde.ui-20120217-1437,org.eclipse.pde.internal.runtime.registry.model,BackendChangeListener,removeExtensions,0,1,1
eclipse.pde.ui-20120217-1437,org.eclipse.pde.internal.runtime.registry.model,BackendChangeListener,addExtensionPoints,0,1,1
eclipse.pde.ui-20120217-1437,org.eclipse.pde.internal.runtime.registry.model,BackendChangeListener,removeExtensionPoints,0,1,1
eclipse.pde.ui-20120217-1437,org.eclipse.pde.internal.runtime.registry.model,Bundle,setFragmentHost,3,1,1
eclipse.pde.ui-20120217-1437,org.eclipse.pde.internal.runtime.registry.model,Bundle,getFragmentHost,3,1,0
eclipse.pde.ui-20120217-1437,org.eclipse.pde.internal.runtime.registry.model,Bundle,getFragmentHostVersion,3,1,0
eclipse.pde.ui-20120217-1437,org.eclipse.pde.internal.runtime.registry.model,Bundle,setFragmentHostVersion,3,1,1
eclipse.pde.ui-20120217-1437,org.eclipse.pde.internal.runtime.registry.model,Bundle,setSymbolicName,3,1,1
eclipse.pde.ui-20120217-1437,org.eclipse.pde.internal.runtime.registry.model,Bundle,setLocation,3,1,1
eclipse.pde.ui-20120217-1437,org.eclipse.pde.internal.runtime.registry.model,Bundle,setImports,4,2,1
eclipse.pde.ui-20120217-1437,org.eclipse.pde.internal.runtime.registry.model,Bundle,setVersion,3,1,1
eclipse.pde.ui-20120217-1437,org.eclipse.pde.internal.runtime.registry.model,Bundle,setState,3,1,1
eclipse.pde.ui-20120217-1437,org.eclipse.pde.internal.runtime.registry.model,Bundle,setId,3,1,1
eclipse.pde.ui-20120217-1437,org.eclipse.pde.internal.runtime.registry.model,Bundle,setEnabled,3,1,1
eclipse.pde.ui-20120217-1437,org.eclipse.pde.internal.runtime.registry.model,Bundle,setLibraries,4,2,1
eclipse.pde.ui-20120217-1437,org.eclipse.pde.internal.runtime.registry.model,Bundle,getSymbolicName,3,1,0
eclipse.pde.ui-20120217-1437,org.eclipse.pde.internal.runtime.registry.model,Bundle,isEnabled,3,1,0
eclipse.pde.ui-20120217-1437,org.eclipse.pde.internal.runtime.registry.model,Bundle,getImports,3,1,0
eclipse.pde.ui-20120217-1437,org.eclipse.pde.internal.runtime.registry.model,Bundle,getLibraries,3,1,0
eclipse.pde.ui-20120217-1437,org.eclipse.pde.internal.runtime.registry.model,Bundle,getLocation,3,1,0
eclipse.pde.ui-20120217-1437,org.eclipse.pde.internal.runtime.registry.model,Bundle,getVersion,3,1,0
eclipse.pde.ui-20120217-1437,org.eclipse.pde.internal.runtime.registry.model,Bundle,getState,3,1,0
eclipse.pde.ui-20120217-1437,org.eclipse.pde.internal.runtime.registry.model,Bundle,getId,3,1,0
eclipse.pde.ui-20120217-1437,org.eclipse.pde.internal.runtime.registry.model,Bundle,start,4,2,0
eclipse.pde.ui-20120217-1437,org.eclipse.pde.internal.runtime.registry.model,Bundle,stop,4,2,0
eclipse.pde.ui-20120217-1437,org.eclipse.pde.internal.runtime.registry.model,Bundle,enable,4,2,0
eclipse.pde.ui-20120217-1437,org.eclipse.pde.internal.runtime.registry.model,Bundle,disable,4,2,0
eclipse.pde.ui-20120217-1437,org.eclipse.pde.internal.runtime.registry.model,Bundle,diagnose,4,2,0
eclipse.pde.ui-20120217-1437,org.eclipse.pde.internal.runtime.registry.model,Bundle,getExtensionPoints,9,4,0
eclipse.pde.ui-20120217-1437,org.eclipse.pde.internal.runtime.registry.model,Bundle,getExtensions,12,5,0
eclipse.pde.ui-20120217-1437,org.eclipse.pde.internal.runtime.registry.model,Bundle,getRegisteredServices,9,4,0
eclipse.pde.ui-20120217-1437,org.eclipse.pde.internal.runtime.registry.model,Bundle,getServicesInUse,12,6,0
eclipse.pde.ui-20120217-1437,org.eclipse.pde.internal.runtime.registry.model,Bundle,equals,3,1,1
eclipse.pde.ui-20120217-1437,org.eclipse.pde.internal.runtime.registry.model,Bundle,hashCode,3,1,0
eclipse.pde.ui-20120217-1437,org.eclipse.pde.internal.runtime.registry.model,Bundle,getFragments,4,2,0
eclipse.pde.ui-20120217-1437,org.eclipse.pde.internal.runtime.registry.model,Bundle,setImportedPackages,3,1,1
eclipse.pde.ui-20120217-1437,org.eclipse.pde.internal.runtime.registry.model,Bundle,getImportedPackages,3,1,0
eclipse.pde.ui-20120217-1437,org.eclipse.pde.internal.runtime.registry.model,Bundle,setExportedPackages,3,1,1
eclipse.pde.ui-20120217-1437,org.eclipse.pde.internal.runtime.registry.model,Bundle,getExportedPackages,3,1,0
eclipse.pde.ui-20120217-1437,org.eclipse.pde.internal.runtime.registry.model,BundleLibrary,getLibrary,3,1,0
eclipse.pde.ui-20120217-1437,org.eclipse.pde.internal.runtime.registry.model,BundleLibrary,setLibrary,3,1,1
eclipse.pde.ui-20120217-1437,org.eclipse.pde.internal.runtime.registry.model,BundlePrerequisite,setPackage,3,1,1
eclipse.pde.ui-20120217-1437,org.eclipse.pde.internal.runtime.registry.model,BundlePrerequisite,isPackage,3,1,0
eclipse.pde.ui-20120217-1437,org.eclipse.pde.internal.runtime.registry.model,BundlePrerequisite,setExported,3,1,1
eclipse.pde.ui-20120217-1437,org.eclipse.pde.internal.runtime.registry.model,BundlePrerequisite,setName,3,1,1
eclipse.pde.ui-20120217-1437,org.eclipse.pde.internal.runtime.registry.model,BundlePrerequisite,setVersion,3,1,1
eclipse.pde.ui-20120217-1437,org.eclipse.pde.internal.runtime.registry.model,BundlePrerequisite,isExported,3,1,0
eclipse.pde.ui-20120217-1437,org.eclipse.pde.internal.runtime.registry.model,BundlePrerequisite,getName,3,1,0
eclipse.pde.ui-20120217-1437,org.eclipse.pde.internal.runtime.registry.model,BundlePrerequisite,getVersion,3,1,0
eclipse.pde.ui-20120217-1437,org.eclipse.pde.internal.runtime.registry.model,ConfigurationElement,setElements,4,2,1
eclipse.pde.ui-20120217-1437,org.eclipse.pde.internal.runtime.registry.model,ConfigurationElement,getElements,3,1,0
eclipse.pde.ui-20120217-1437,org.eclipse.pde.internal.runtime.registry.model,Extension,setNamespaceIdentifier,3,1,1
eclipse.pde.ui-20120217-1437,org.eclipse.pde.internal.runtime.registry.model,Extension,setLabel,3,1,1
eclipse.pde.ui-20120217-1437,org.eclipse.pde.internal.runtime.registry.model,Extension,setExtensionPointUniqueIdentifier,3,1,1
eclipse.pde.ui-20120217-1437,org.eclipse.pde.internal.runtime.registry.model,Extension,setConfigurationElements,4,2,1
eclipse.pde.ui-20120217-1437,org.eclipse.pde.internal.runtime.registry.model,Extension,setContributor,3,1,1
eclipse.pde.ui-20120217-1437,org.eclipse.pde.internal.runtime.registry.model,Extension,getConfigurationElements,3,1,0
eclipse.pde.ui-20120217-1437,org.eclipse.pde.internal.runtime.registry.model,Extension,getExtensionPointUniqueIdentifier,3,1,0
eclipse.pde.ui-20120217-1437,org.eclipse.pde.internal.runtime.registry.model,Extension,getLabel,3,1,0
eclipse.pde.ui-20120217-1437,org.eclipse.pde.internal.runtime.registry.model,Extension,getNamespaceIdentifier,3,1,0
eclipse.pde.ui-20120217-1437,org.eclipse.pde.internal.runtime.registry.model,Extension,getContributorId,3,1,0
eclipse.pde.ui-20120217-1437,org.eclipse.pde.internal.runtime.registry.model,Extension,equals,23,16,1
eclipse.pde.ui-20120217-1437,org.eclipse.pde.internal.runtime.registry.model,Extension,hashCode,9,1,0
eclipse.pde.ui-20120217-1437,org.eclipse.pde.internal.runtime.registry.model,Extension,getExtensionPoint,4,2,0
eclipse.pde.ui-20120217-1437,org.eclipse.pde.internal.runtime.registry.model,Extension,getContributor,4,2,0
eclipse.pde.ui-20120217-1437,org.eclipse.pde.internal.runtime.registry.model,ExtensionPoint,setLabel,3,1,1
eclipse.pde.ui-20120217-1437,org.eclipse.pde.internal.runtime.registry.model,ExtensionPoint,setUniqueIdentifier,3,1,1
eclipse.pde.ui-20120217-1437,org.eclipse.pde.internal.runtime.registry.model,ExtensionPoint,setNamespaceIdentifier,3,1,1
eclipse.pde.ui-20120217-1437,org.eclipse.pde.internal.runtime.registry.model,ExtensionPoint,setContributor,3,1,1
eclipse.pde.ui-20120217-1437,org.eclipse.pde.internal.runtime.registry.model,ExtensionPoint,setExtensions,3,1,1
eclipse.pde.ui-20120217-1437,org.eclipse.pde.internal.runtime.registry.model,ExtensionPoint,getExtensions,3,1,0
eclipse.pde.ui-20120217-1437,org.eclipse.pde.internal.runtime.registry.model,ExtensionPoint,getLabel,3,1,0
eclipse.pde.ui-20120217-1437,org.eclipse.pde.internal.runtime.registry.model,ExtensionPoint,getUniqueIdentifier,3,1,0
eclipse.pde.ui-20120217-1437,org.eclipse.pde.internal.runtime.registry.model,ExtensionPoint,getNamespaceIdentifier,3,1,0
eclipse.pde.ui-20120217-1437,org.eclipse.pde.internal.runtime.registry.model,ExtensionPoint,getContributorId,3,1,0
eclipse.pde.ui-20120217-1437,org.eclipse.pde.internal.runtime.registry.model,ExtensionPoint,getContributor,4,2,0
eclipse.pde.ui-20120217-1437,org.eclipse.pde.internal.runtime.registry.model,ExtensionPoint,hashCode,6,1,0
eclipse.pde.ui-20120217-1437,org.eclipse.pde.internal.runtime.registry.model,ExtensionPoint,equals,11,7,1
eclipse.pde.ui-20120217-1437,org.eclipse.pde.internal.runtime.registry.model,Folder,Folder,4,1,2
eclipse.pde.ui-20120217-1437,org.eclipse.pde.internal.runtime.registry.model,Folder,getId,3,1,0
eclipse.pde.ui-20120217-1437,org.eclipse.pde.internal.runtime.registry.model,Folder,getParent,3,1,0
eclipse.pde.ui-20120217-1437,org.eclipse.pde.internal.runtime.registry.model,Folder,getChildren,27,12,0
eclipse.pde.ui-20120217-1437,org.eclipse.pde.internal.runtime.registry.model,Folder,hashCode,7,1,0
eclipse.pde.ui-20120217-1437,org.eclipse.pde.internal.runtime.registry.model,Folder,equals,3,1,1
eclipse.pde.ui-20120217-1437,org.eclipse.pde.internal.runtime.registry.model,LocalRegistryBackend,setRegistryListener,3,1,1
eclipse.pde.ui-20120217-1437,org.eclipse.pde.internal.runtime.registry.model,LocalRegistryBackend,connect,6,2,1
eclipse.pde.ui-20120217-1437,org.eclipse.pde.internal.runtime.registry.model,LocalRegistryBackend,disconnect,5,1,0
eclipse.pde.ui-20120217-1437,org.eclipse.pde.internal.runtime.registry.model,LocalRegistryBackend,isRegisteredService,3,1,2
eclipse.pde.ui-20120217-1437,org.eclipse.pde.internal.runtime.registry.model,LocalRegistryBackend,isServiceInUse,4,1,2
eclipse.pde.ui-20120217-1437,org.eclipse.pde.internal.runtime.registry.model,LocalRegistryBackend,start,3,1,1
eclipse.pde.ui-20120217-1437,org.eclipse.pde.internal.runtime.registry.model,LocalRegistryBackend,stop,3,1,1
eclipse.pde.ui-20120217-1437,org.eclipse.pde.internal.runtime.registry.model,LocalRegistryBackend,diagnose,19,4,1
eclipse.pde.ui-20120217-1437,org.eclipse.pde.internal.runtime.registry.model,LocalRegistryBackend,initializeBundles,9,4,1
eclipse.pde.ui-20120217-1437,org.eclipse.pde.internal.runtime.registry.model,LocalRegistryBackend,initializeExtensionPoints,10,4,1
eclipse.pde.ui-20120217-1437,org.eclipse.pde.internal.runtime.registry.model,LocalRegistryBackend,initializeServices,17,5,1
eclipse.pde.ui-20120217-1437,org.eclipse.pde.internal.runtime.registry.model,LocalRegistryBackend,createBundleAdapter,36,8,1
eclipse.pde.ui-20120217-1437,org.eclipse.pde.internal.runtime.registry.model,LocalRegistryBackend,createExtensionAdapter,16,3,1
eclipse.pde.ui-20120217-1437,org.eclipse.pde.internal.runtime.registry.model,LocalRegistryBackend,createConfigurationElement,7,2,1
eclipse.pde.ui-20120217-1437,org.eclipse.pde.internal.runtime.registry.model,LocalRegistryBackend,getBundleId,4,1,1
eclipse.pde.ui-20120217-1437,org.eclipse.pde.internal.runtime.registry.model,LocalRegistryBackend,createExtensionPointAdapter,10,1,1
eclipse.pde.ui-20120217-1437,org.eclipse.pde.internal.runtime.registry.model,LocalRegistryBackend,createServiceReferenceAdapter,31,7,1
eclipse.pde.ui-20120217-1437,org.eclipse.pde.internal.runtime.registry.model,LocalRegistryBackend,getIsEnabled,6,1,1
eclipse.pde.ui-20120217-1437,org.eclipse.pde.internal.runtime.registry.model,LocalRegistryBackend,createLocation,19,3,1
eclipse.pde.ui-20120217-1437,org.eclipse.pde.internal.runtime.registry.model,LocalRegistryBackend,getManifestHeaderArray,38,7,2
eclipse.pde.ui-20120217-1437,org.eclipse.pde.internal.runtime.registry.model,LocalRegistryBackend,createConfigurationElementAttributes,15,4,1
eclipse.pde.ui-20120217-1437,org.eclipse.pde.internal.runtime.registry.model,LocalRegistryBackend,createName,10,4,1
eclipse.pde.ui-20120217-1437,org.eclipse.pde.internal.runtime.registry.model,LocalRegistryBackend,createExtensionAdapters,7,2,1
eclipse.pde.ui-20120217-1437,org.eclipse.pde.internal.runtime.registry.model,LocalRegistryBackend,bundleChanged,34,10,1
eclipse.pde.ui-20120217-1437,org.eclipse.pde.internal.runtime.registry.model,LocalRegistryBackend,serviceChanged,16,4,1
eclipse.pde.ui-20120217-1437,org.eclipse.pde.internal.runtime.registry.model,LocalRegistryBackend,createExtensionPointAdapters,7,2,1
eclipse.pde.ui-20120217-1437,org.eclipse.pde.internal.runtime.registry.model,LocalRegistryBackend,added,3,1,1
eclipse.pde.ui-20120217-1437,org.eclipse.pde.internal.runtime.registry.model,LocalRegistryBackend,removed,3,1,1
eclipse.pde.ui-20120217-1437,org.eclipse.pde.internal.runtime.registry.model,LocalRegistryBackend,added,3,1,1
eclipse.pde.ui-20120217-1437,org.eclipse.pde.internal.runtime.registry.model,LocalRegistryBackend,removed,3,1,1
eclipse.pde.ui-20120217-1437,org.eclipse.pde.internal.runtime.registry.model,LocalRegistryBackend,setEnabled,19,3,2
eclipse.pde.ui-20120217-1437,org.eclipse.pde.internal.runtime.registry.model,ModelChangeDelta,ModelChangeDelta,4,1,2
eclipse.pde.ui-20120217-1437,org.eclipse.pde.internal.runtime.registry.model,ModelChangeDelta,getModelObject,3,1,0
eclipse.pde.ui-20120217-1437,org.eclipse.pde.internal.runtime.registry.model,ModelChangeDelta,getFlag,3,1,0
eclipse.pde.ui-20120217-1437,org.eclipse.pde.internal.runtime.registry.model,ModelChangeListener,modelChanged,0,1,1
eclipse.pde.ui-20120217-1437,org.eclipse.pde.internal.runtime.registry.model,ModelObject,setModel,3,1,1
eclipse.pde.ui-20120217-1437,org.eclipse.pde.internal.runtime.registry.model,Property,Property,2,1,0
eclipse.pde.ui-20120217-1437,org.eclipse.pde.internal.runtime.registry.model,Property,Property,4,1,2
eclipse.pde.ui-20120217-1437,org.eclipse.pde.internal.runtime.registry.model,Property,getValue,3,1,0
eclipse.pde.ui-20120217-1437,org.eclipse.pde.internal.runtime.registry.model,Property,getName,3,1,0
eclipse.pde.ui-20120217-1437,org.eclipse.pde.internal.runtime.registry.model,Property,setName,3,1,1
eclipse.pde.ui-20120217-1437,org.eclipse.pde.internal.runtime.registry.model,Property,setValue,3,1,1
eclipse.pde.ui-20120217-1437,org.eclipse.pde.internal.runtime.registry.model,Property,compareTo,33,10,1
eclipse.pde.ui-20120217-1437,org.eclipse.pde.internal.runtime.registry.model,RegistryBackend,connect,0,1,1
eclipse.pde.ui-20120217-1437,org.eclipse.pde.internal.runtime.registry.model,RegistryBackend,disconnect,0,1,0
eclipse.pde.ui-20120217-1437,org.eclipse.pde.internal.runtime.registry.model,RegistryBackend,setEnabled,0,1,2
eclipse.pde.ui-20120217-1437,org.eclipse.pde.internal.runtime.registry.model,RegistryBackend,start,0,1,1
eclipse.pde.ui-20120217-1437,org.eclipse.pde.internal.runtime.registry.model,RegistryBackend,stop,0,1,1
eclipse.pde.ui-20120217-1437,org.eclipse.pde.internal.runtime.registry.model,RegistryBackend,diagnose,0,1,1
eclipse.pde.ui-20120217-1437,org.eclipse.pde.internal.runtime.registry.model,RegistryBackend,initializeBundles,0,1,1
eclipse.pde.ui-20120217-1437,org.eclipse.pde.internal.runtime.registry.model,RegistryBackend,initializeExtensionPoints,0,1,1
eclipse.pde.ui-20120217-1437,org.eclipse.pde.internal.runtime.registry.model,RegistryBackend,setRegistryListener,0,1,1
eclipse.pde.ui-20120217-1437,org.eclipse.pde.internal.runtime.registry.model,RegistryBackend,initializeServices,0,1,1
eclipse.pde.ui-20120217-1437,org.eclipse.pde.internal.runtime.registry.model,RegistryModel,addBundle,15,3,1
eclipse.pde.ui-20120217-1437,org.eclipse.pde.internal.runtime.registry.model,RegistryModel,removeBundle,15,3,1
eclipse.pde.ui-20120217-1437,org.eclipse.pde.internal.runtime.registry.model,RegistryModel,updateBundle,9,2,2
eclipse.pde.ui-20120217-1437,org.eclipse.pde.internal.runtime.registry.model,RegistryModel,addService,18,3,1
eclipse.pde.ui-20120217-1437,org.eclipse.pde.internal.runtime.registry.model,RegistryModel,removeService,18,3,1
eclipse.pde.ui-20120217-1437,org.eclipse.pde.internal.runtime.registry.model,RegistryModel,updateService,6,1,1
eclipse.pde.ui-20120217-1437,org.eclipse.pde.internal.runtime.registry.model,RegistryModel,addExtensions,13,3,1
eclipse.pde.ui-20120217-1437,org.eclipse.pde.internal.runtime.registry.model,RegistryModel,removeExtensions,15,4,1
eclipse.pde.ui-20120217-1437,org.eclipse.pde.internal.runtime.registry.model,RegistryModel,addExtensionPoints,11,3,1
eclipse.pde.ui-20120217-1437,org.eclipse.pde.internal.runtime.registry.model,RegistryModel,removeExtensionPoints,13,4,1
eclipse.pde.ui-20120217-1437,org.eclipse.pde.internal.runtime.registry.model,RegistryModel,RegistryModel,9,1,1
eclipse.pde.ui-20120217-1437,org.eclipse.pde.internal.runtime.registry.model,RegistryModel,addFragment,11,3,1
eclipse.pde.ui-20120217-1437,org.eclipse.pde.internal.runtime.registry.model,RegistryModel,removeFragment,7,2,1
eclipse.pde.ui-20120217-1437,org.eclipse.pde.internal.runtime.registry.model,RegistryModel,connect,6,2,2
eclipse.pde.ui-20120217-1437,org.eclipse.pde.internal.runtime.registry.model,RegistryModel,initialize,5,1,1
eclipse.pde.ui-20120217-1437,org.eclipse.pde.internal.runtime.registry.model,RegistryModel,disconnect,3,1,0
eclipse.pde.ui-20120217-1437,org.eclipse.pde.internal.runtime.registry.model,RegistryModel,getBundles,3,1,0
eclipse.pde.ui-20120217-1437,org.eclipse.pde.internal.runtime.registry.model,RegistryModel,getExtensionPoints,3,1,0
eclipse.pde.ui-20120217-1437,org.eclipse.pde.internal.runtime.registry.model,RegistryModel,getServices,3,1,0
eclipse.pde.ui-20120217-1437,org.eclipse.pde.internal.runtime.registry.model,RegistryModel,getServiceNames,3,1,0
eclipse.pde.ui-20120217-1437,org.eclipse.pde.internal.runtime.registry.model,RegistryModel,getServices,8,3,1
eclipse.pde.ui-20120217-1437,org.eclipse.pde.internal.runtime.registry.model,RegistryModel,addModelChangeListener,3,1,1
eclipse.pde.ui-20120217-1437,org.eclipse.pde.internal.runtime.registry.model,RegistryModel,removeModelChangeListener,3,1,1
eclipse.pde.ui-20120217-1437,org.eclipse.pde.internal.runtime.registry.model,RegistryModel,fireModelChangeEvent,6,2,1
eclipse.pde.ui-20120217-1437,org.eclipse.pde.internal.runtime.registry.model,RegistryModel,getBundle,3,1,1
eclipse.pde.ui-20120217-1437,org.eclipse.pde.internal.runtime.registry.model,RegistryModel,getBundle,9,4,2
eclipse.pde.ui-20120217-1437,org.eclipse.pde.internal.runtime.registry.model,RegistryModel,getExtensionPoint,3,1,1
eclipse.pde.ui-20120217-1437,org.eclipse.pde.internal.runtime.registry.model,RegistryModel,getFragments,12,4,1
eclipse.pde.ui-20120217-1437,org.eclipse.pde.internal.runtime.registry.model,RegistryModel,versionMatches,9,1,2
eclipse.pde.ui-20120217-1437,org.eclipse.pde.internal.runtime.registry.model,RegistryModel,versionMatches,18,4,2
eclipse.pde.ui-20120217-1437,org.eclipse.pde.internal.runtime.registry.model,RegistryModelFactory,getRegistryModel,3,1,1
eclipse.pde.ui-20120217-1437,org.eclipse.pde.internal.runtime.registry.model,ServiceName,ServiceName,3,1,1
eclipse.pde.ui-20120217-1437,org.eclipse.pde.internal.runtime.registry.model,ServiceName,getClasses,3,1,0
eclipse.pde.ui-20120217-1437,org.eclipse.pde.internal.runtime.registry.model,ServiceName,getChildren,6,2,0
eclipse.pde.ui-20120217-1437,org.eclipse.pde.internal.runtime.registry.model,ServiceName,hashCode,9,3,1
eclipse.pde.ui-20120217-1437,org.eclipse.pde.internal.runtime.registry.model,ServiceName,hashCode,4,1,0
eclipse.pde.ui-20120217-1437,org.eclipse.pde.internal.runtime.registry.model,ServiceName,equals,6,3,1
eclipse.pde.ui-20120217-1437,org.eclipse.pde.internal.runtime.registry.model,ServiceName,compareTo,9,2,1
eclipse.pde.ui-20120217-1437,org.eclipse.pde.internal.runtime.registry.model,ServiceRegistration,setId,3,1,1
eclipse.pde.ui-20120217-1437,org.eclipse.pde.internal.runtime.registry.model,ServiceRegistration,setBundle,3,1,1
eclipse.pde.ui-20120217-1437,org.eclipse.pde.internal.runtime.registry.model,ServiceRegistration,setUsingBundles,4,2,1
eclipse.pde.ui-20120217-1437,org.eclipse.pde.internal.runtime.registry.model,ServiceRegistration,setName,4,2,1
eclipse.pde.ui-20120217-1437,org.eclipse.pde.internal.runtime.registry.model,ServiceRegistration,setProperties,4,2,1
eclipse.pde.ui-20120217-1437,org.eclipse.pde.internal.runtime.registry.model,ServiceRegistration,getId,3,1,0
eclipse.pde.ui-20120217-1437,org.eclipse.pde.internal.runtime.registry.model,ServiceRegistration,getName,3,1,0
eclipse.pde.ui-20120217-1437,org.eclipse.pde.internal.runtime.registry.model,ServiceRegistration,getBundle,3,1,0
eclipse.pde.ui-20120217-1437,org.eclipse.pde.internal.runtime.registry.model,ServiceRegistration,getUsingBundleIds,3,1,0
eclipse.pde.ui-20120217-1437,org.eclipse.pde.internal.runtime.registry.model,ServiceRegistration,getUsingBundles,11,4,0
eclipse.pde.ui-20120217-1437,org.eclipse.pde.internal.runtime.registry.model,ServiceRegistration,getProperties,3,1,0
eclipse.pde.ui-20120217-1437,org.eclipse.pde.internal.runtime.registry.model,ServiceRegistration,getProperty,9,3,1
eclipse.pde.ui-20120217-1437,org.eclipse.pde.internal.runtime.registry.model,ServiceRegistration,toString,17,4,1
eclipse.pde.ui-20120217-1437,org.eclipse.pde.internal.runtime.registry.model,ServiceRegistration,appendString,17,5,2
eclipse.pde.ui-20120217-1437,org.eclipse.pde.internal.runtime.registry.model,ServiceRegistration,equals,3,1,1
eclipse.pde.ui-20120217-1437,org.eclipse.pde.internal.runtime.registry.model,ServiceRegistration,hashCode,3,1,0
eclipse.pde.ui-20120217-1437,org.eclipse.pde.internal.runtime.registry.model,ServiceRegistration,compareTo,7,2,1
eclipse.pde.ui-20120217-1437,org.eclipse.pde.internal.runtime.spy,SpyFormToolkit,SpyHyperlinkAdapter,3,1,1
eclipse.pde.ui-20120217-1437,org.eclipse.pde.internal.runtime.spy,SpyFormToolkit,linkActivated,14,3,1
eclipse.pde.ui-20120217-1437,org.eclipse.pde.internal.runtime.spy,SpyFormToolkit,SaveImageAction,3,1,1
eclipse.pde.ui-20120217-1437,org.eclipse.pde.internal.runtime.spy,SpyFormToolkit,run,15,3,0
eclipse.pde.ui-20120217-1437,org.eclipse.pde.internal.runtime.spy,SpyFormToolkit,determineFileType,8,5,1
eclipse.pde.ui-20120217-1437,org.eclipse.pde.internal.runtime.spy,SpyFormToolkit,SpyFormToolkit,4,1,1
eclipse.pde.ui-20120217-1437,org.eclipse.pde.internal.runtime.spy,SpyFormToolkit,createFormText,8,2,2
eclipse.pde.ui-20120217-1437,org.eclipse.pde.internal.runtime.spy,SpyFormToolkit,addCopyQNameMenuItem,29,3,1
eclipse.pde.ui-20120217-1437,org.eclipse.pde.internal.runtime.spy,SpyFormToolkit,widgetSelected,12,3,1
eclipse.pde.ui-20120217-1437,org.eclipse.pde.internal.runtime.spy,SpyFormToolkit,menuShown,4,1,1
eclipse.pde.ui-20120217-1437,org.eclipse.pde.internal.runtime.spy,SpyFormToolkit,createInterfaceSection,16,3,3
eclipse.pde.ui-20120217-1437,org.eclipse.pde.internal.runtime.spy,SpyFormToolkit,createClassSection,16,3,3
eclipse.pde.ui-20120217-1437,org.eclipse.pde.internal.runtime.spy,SpyFormToolkit,createIdentifierSection,16,3,3
eclipse.pde.ui-20120217-1437,org.eclipse.pde.internal.runtime.spy,SpyFormToolkit,createHelpIdentifierSection,3,1,1
eclipse.pde.ui-20120217-1437,org.eclipse.pde.internal.runtime.spy,SpyFormToolkit,createHelpIdentifierSection,4,2,1
eclipse.pde.ui-20120217-1437,org.eclipse.pde.internal.runtime.spy,SpyFormToolkit,createHelpIdentifierSection,9,2,1
eclipse.pde.ui-20120217-1437,org.eclipse.pde.internal.runtime.spy,SpyFormToolkit,createClassReference,10,2,2
eclipse.pde.ui-20120217-1437,org.eclipse.pde.internal.runtime.spy,SpyFormToolkit,generatePluginDetailsText,33,5,5
eclipse.pde.ui-20120217-1437,org.eclipse.pde.internal.runtime.spy,SpyFormToolkit,getSimpleName,7,2,1
eclipse.pde.ui-20120217-1437,org.eclipse.pde.internal.runtime.spy,SpyFormToolkit,createSectionToolbar,21,3,1
eclipse.pde.ui-20120217-1437,org.eclipse.pde.internal.runtime.spy,SpyFormToolkit,widgetDisposed,5,2,1
eclipse.pde.ui-20120217-1437,org.eclipse.pde.internal.runtime.spy,SpyFormToolkit,createImageAction,9,2,2
eclipse.pde.ui-20120217-1437,org.eclipse.pde.internal.runtime.spy,SpyHyperlinkAdapter,SpyHyperlinkAdapter,3,1,1
eclipse.pde.ui-20120217-1437,org.eclipse.pde.internal.runtime.spy,SpyHyperlinkAdapter,linkActivated,14,3,1
eclipse.pde.ui-20120217-1437,org.eclipse.pde.internal.runtime.spy,SaveImageAction,SaveImageAction,3,1,1
eclipse.pde.ui-20120217-1437,org.eclipse.pde.internal.runtime.spy,SaveImageAction,run,15,3,0
eclipse.pde.ui-20120217-1437,org.eclipse.pde.internal.runtime.spy,SaveImageAction,determineFileType,8,5,1
eclipse.pde.ui-20120217-1437,org.eclipse.pde.internal.runtime.spy,SpyIDEUtil,openClass,23,4,2
eclipse.pde.ui-20120217-1437,org.eclipse.pde.internal.runtime.spy,SpyIDEUtil,openInEditor,12,1,2
eclipse.pde.ui-20120217-1437,org.eclipse.pde.internal.runtime.spy,SpyIDEUtil,openBundleManifest,3,1,1
eclipse.pde.ui-20120217-1437,org.eclipse.pde.internal.runtime.spy.dialogs,MenuSpyDialog,getImageDescriptor,3,1,0
eclipse.pde.ui-20120217-1437,org.eclipse.pde.internal.runtime.spy.dialogs,MenuSpyDialog,getToolTipText,3,1,0
eclipse.pde.ui-20120217-1437,org.eclipse.pde.internal.runtime.spy.dialogs,MenuSpyDialog,run,3,1,0
eclipse.pde.ui-20120217-1437,org.eclipse.pde.internal.runtime.spy.dialogs,MenuSpyDialog,MenuSpyDialog,6,1,3
eclipse.pde.ui-20120217-1437,org.eclipse.pde.internal.runtime.spy.dialogs,MenuSpyDialog,configureShell,4,1,1
eclipse.pde.ui-20120217-1437,org.eclipse.pde.internal.runtime.spy.dialogs,MenuSpyDialog,createContents,5,1,1
eclipse.pde.ui-20120217-1437,org.eclipse.pde.internal.runtime.spy.dialogs,MenuSpyDialog,createDialogArea,20,1,1
eclipse.pde.ui-20120217-1437,org.eclipse.pde.internal.runtime.spy.dialogs,MenuSpyDialog,getInitialLocation,14,4,1
eclipse.pde.ui-20120217-1437,org.eclipse.pde.internal.runtime.spy.dialogs,MenuSpyDialog,close,5,2,0
eclipse.pde.ui-20120217-1437,org.eclipse.pde.internal.runtime.spy.dialogs,MenuSpyDialog,getFocusControl,3,1,0
eclipse.pde.ui-20120217-1437,org.eclipse.pde.internal.runtime.spy.dialogs,CloseAction,getImageDescriptor,3,1,0
eclipse.pde.ui-20120217-1437,org.eclipse.pde.internal.runtime.spy.dialogs,CloseAction,getToolTipText,3,1,0
eclipse.pde.ui-20120217-1437,org.eclipse.pde.internal.runtime.spy.dialogs,CloseAction,run,3,1,0
eclipse.pde.ui-20120217-1437,org.eclipse.pde.internal.runtime.spy.dialogs,SpyDialog,getImageDescriptor,3,1,0
eclipse.pde.ui-20120217-1437,org.eclipse.pde.internal.runtime.spy.dialogs,SpyDialog,getToolTipText,3,1,0
eclipse.pde.ui-20120217-1437,org.eclipse.pde.internal.runtime.spy.dialogs,SpyDialog,run,3,1,0
eclipse.pde.ui-20120217-1437,org.eclipse.pde.internal.runtime.spy.dialogs,SpyDialog,SpyDialog,6,1,3
eclipse.pde.ui-20120217-1437,org.eclipse.pde.internal.runtime.spy.dialogs,SpyDialog,configureShell,4,1,1
eclipse.pde.ui-20120217-1437,org.eclipse.pde.internal.runtime.spy.dialogs,SpyDialog,createContents,5,1,1
eclipse.pde.ui-20120217-1437,org.eclipse.pde.internal.runtime.spy.dialogs,SpyDialog,createDialogArea,32,1,1
eclipse.pde.ui-20120217-1437,org.eclipse.pde.internal.runtime.spy.dialogs,SpyDialog,getInitialLocation,14,4,1
eclipse.pde.ui-20120217-1437,org.eclipse.pde.internal.runtime.spy.dialogs,SpyDialog,close,5,2,0
eclipse.pde.ui-20120217-1437,org.eclipse.pde.internal.runtime.spy.dialogs,SpyDialog,getFocusControl,3,1,0
eclipse.pde.ui-20120217-1437,org.eclipse.pde.internal.runtime.spy.dialogs,CloseAction,getImageDescriptor,3,1,0
eclipse.pde.ui-20120217-1437,org.eclipse.pde.internal.runtime.spy.dialogs,CloseAction,getToolTipText,3,1,0
eclipse.pde.ui-20120217-1437,org.eclipse.pde.internal.runtime.spy.dialogs,CloseAction,run,3,1,0
eclipse.pde.ui-20120217-1437,org.eclipse.pde.internal.runtime.spy.handlers,MenuSpyHandler,MenuSpyHandler,2,1,0
eclipse.pde.ui-20120217-1437,org.eclipse.pde.internal.runtime.spy.handlers,MenuSpyHandler,execute,21,5,1
eclipse.pde.ui-20120217-1437,org.eclipse.pde.internal.runtime.spy.handlers,MenuSpyHandler,handleEvent,34,9,1
eclipse.pde.ui-20120217-1437,org.eclipse.pde.internal.runtime.spy.handlers,SpyHandler,SpyHandler,2,1,0
eclipse.pde.ui-20120217-1437,org.eclipse.pde.internal.runtime.spy.handlers,SpyHandler,execute,13,3,1
eclipse.pde.ui-20120217-1437,org.eclipse.pde.internal.runtime.spy.sections,ActiveDialogPageSection,build,37,5,3
eclipse.pde.ui-20120217-1437,org.eclipse.pde.internal.runtime.spy.sections,ActiveFormEditorSection,build,23,3,3
eclipse.pde.ui-20120217-1437,org.eclipse.pde.internal.runtime.spy.sections,ActiveHelpSection,build,42,5,3
eclipse.pde.ui-20120217-1437,org.eclipse.pde.internal.runtime.spy.sections,ActiveHelpSection,processHelp,3,1,2
eclipse.pde.ui-20120217-1437,org.eclipse.pde.internal.runtime.spy.sections,ActiveHelpSection,processChildren,10,3,2
eclipse.pde.ui-20120217-1437,org.eclipse.pde.internal.runtime.spy.sections,ActiveHelpSection,processControlHelp,61,18,2
eclipse.pde.ui-20120217-1437,org.eclipse.pde.internal.runtime.spy.sections,ActiveMenuSection,build,29,5,3
eclipse.pde.ui-20120217-1437,org.eclipse.pde.internal.runtime.spy.sections,ActiveMenuSection,createLocationURI,26,7,5
eclipse.pde.ui-20120217-1437,org.eclipse.pde.internal.runtime.spy.sections,ActiveMenuSection,scan,19,5,4
eclipse.pde.ui-20120217-1437,org.eclipse.pde.internal.runtime.spy.sections,ActiveMenuSection,createActionContributionItemText,20,3,4
eclipse.pde.ui-20120217-1437,org.eclipse.pde.internal.runtime.spy.sections,ActiveMenuSection,createActionContributionItemText,32,5,6
eclipse.pde.ui-20120217-1437,org.eclipse.pde.internal.runtime.spy.sections,ActiveMenuSection,build,2,1,3
eclipse.pde.ui-20120217-1437,org.eclipse.pde.internal.runtime.spy.sections,ActivePartSection,build,68,8,3
eclipse.pde.ui-20120217-1437,org.eclipse.pde.internal.runtime.spy.sections,ActiveSelectionSection,build,37,6,3
eclipse.pde.ui-20120217-1437,org.eclipse.pde.internal.runtime.spy.sections,ActiveShellSection,build,20,2,3
eclipse.pde.ui-20120217-1437,org.eclipse.pde.internal.runtime.spy.sections,ActiveWizardSection,build,29,3,3
eclipse.pde.ui-20120217-1437,org.eclipse.pde.internal.runtime.spy.sections,ISpySection,build,0,1,3
eclipse.pde.ui-20120217-1437,org.eclipse.pde.internal.ui.templates,Activator,getInstallURL,3,1,0
eclipse.pde.ui-20120217-1437,org.eclipse.pde.internal.ui.templates,Activator,getDefault,3,1,0
eclipse.pde.ui-20120217-1437,org.eclipse.pde.internal.ui.templates,Activator,getPluginId,3,1,0
eclipse.pde.ui-20120217-1437,org.eclipse.pde.internal.ui.templates,Activator,start,4,1,1
eclipse.pde.ui-20120217-1437,org.eclipse.pde.internal.ui.templates,Activator,stop,4,1,1
eclipse.pde.ui-20120217-1437,org.eclipse.pde.internal.ui.templates,PDETemplateSection,getPluginResourceBundle,4,1,0
eclipse.pde.ui-20120217-1437,org.eclipse.pde.internal.ui.templates,PDETemplateSection,getInstallURL,3,1,0
eclipse.pde.ui-20120217-1437,org.eclipse.pde.internal.ui.templates,PDETemplateSection,getTemplateLocation,14,3,0
eclipse.pde.ui-20120217-1437,org.eclipse.pde.internal.ui.templates,PDETemplateSection,getDirectoryCandidates,12,8,0
eclipse.pde.ui-20120217-1437,org.eclipse.pde.internal.ui.templates,PDETemplateSection,getNewFiles,3,1,0
eclipse.pde.ui-20120217-1437,org.eclipse.pde.internal.ui.templates,PDETemplateSection,getFormattedPackageName,13,5,1
eclipse.pde.ui-20120217-1437,org.eclipse.pde.internal.ui.templates,PDETemplateSection,generateFiles,6,2,1
eclipse.pde.ui-20120217-1437,org.eclipse.pde.internal.ui.templates,PDETemplateSection,copyBrandingDirectory,3,1,0
eclipse.pde.ui-20120217-1437,org.eclipse.pde.internal.ui.templates,PDETemplateSection,createBrandingOptions,3,1,0
eclipse.pde.ui-20120217-1437,org.eclipse.pde.internal.ui.templates.ide,BaseEditorTemplate,getUsedExtensionPoint,3,1,0
eclipse.pde.ui-20120217-1437,org.eclipse.pde.internal.ui.templates.ide,BaseEditorTemplate,getNewFiles,3,1,0
eclipse.pde.ui-20120217-1437,org.eclipse.pde.internal.ui.templates.ide,BuilderNewWizard,BuilderNewWizard,3,1,0
eclipse.pde.ui-20120217-1437,org.eclipse.pde.internal.ui.templates.ide,BuilderNewWizard,init,4,1,1
eclipse.pde.ui-20120217-1437,org.eclipse.pde.internal.ui.templates.ide,BuilderNewWizard,createTemplateSections,3,1,0
eclipse.pde.ui-20120217-1437,org.eclipse.pde.internal.ui.templates.ide,BuilderTemplate,BuilderTemplate,4,1,0
eclipse.pde.ui-20120217-1437,org.eclipse.pde.internal.ui.templates.ide,BuilderTemplate,getSectionId,3,1,0
eclipse.pde.ui-20120217-1437,org.eclipse.pde.internal.ui.templates.ide,BuilderTemplate,getNumberOfWorkUnits,3,1,0
eclipse.pde.ui-20120217-1437,org.eclipse.pde.internal.ui.templates.ide,BuilderTemplate,createOptions,10,1,0
eclipse.pde.ui-20120217-1437,org.eclipse.pde.internal.ui.templates.ide,BuilderTemplate,addPages,7,1,1
eclipse.pde.ui-20120217-1437,org.eclipse.pde.internal.ui.templates.ide,BuilderTemplate,isDependentOnParentWizard,3,1,0
eclipse.pde.ui-20120217-1437,org.eclipse.pde.internal.ui.templates.ide,BuilderTemplate,initializeFields,4,1,1
eclipse.pde.ui-20120217-1437,org.eclipse.pde.internal.ui.templates.ide,BuilderTemplate,initializeFields,4,1,1
eclipse.pde.ui-20120217-1437,org.eclipse.pde.internal.ui.templates.ide,BuilderTemplate,getUsedExtensionPoint,3,1,0
eclipse.pde.ui-20120217-1437,org.eclipse.pde.internal.ui.templates.ide,BuilderTemplate,updateModel,62,6,1
eclipse.pde.ui-20120217-1437,org.eclipse.pde.internal.ui.templates.ide,BuilderTemplate,getDependencies,7,3,1
eclipse.pde.ui-20120217-1437,org.eclipse.pde.internal.ui.templates.ide,BuilderTemplate,getFormattedPackageName,5,2,1
eclipse.pde.ui-20120217-1437,org.eclipse.pde.internal.ui.templates.ide,BuilderTemplate,isOkToCreateFile,7,2,1
eclipse.pde.ui-20120217-1437,org.eclipse.pde.internal.ui.templates.ide,BuilderTemplate,getLabel,3,1,0
eclipse.pde.ui-20120217-1437,org.eclipse.pde.internal.ui.templates.ide,BuilderTemplate,getDescription,3,1,0
eclipse.pde.ui-20120217-1437,org.eclipse.pde.internal.ui.templates.ide,CommonNavigatorTemplate,CommonNavigatorTemplate,4,1,0
eclipse.pde.ui-20120217-1437,org.eclipse.pde.internal.ui.templates.ide,CommonNavigatorTemplate,createOptions,5,1,0
eclipse.pde.ui-20120217-1437,org.eclipse.pde.internal.ui.templates.ide,CommonNavigatorTemplate,getSectionId,3,1,0
eclipse.pde.ui-20120217-1437,org.eclipse.pde.internal.ui.templates.ide,CommonNavigatorTemplate,updateModel,10,2,1
eclipse.pde.ui-20120217-1437,org.eclipse.pde.internal.ui.templates.ide,CommonNavigatorTemplate,createAddToPerspective,15,2,0
eclipse.pde.ui-20120217-1437,org.eclipse.pde.internal.ui.templates.ide,CommonNavigatorTemplate,createViewer,6,2,0
eclipse.pde.ui-20120217-1437,org.eclipse.pde.internal.ui.templates.ide,CommonNavigatorTemplate,createContentBinding,13,1,1
eclipse.pde.ui-20120217-1437,org.eclipse.pde.internal.ui.templates.ide,CommonNavigatorTemplate,createActionBinding,10,1,1
eclipse.pde.ui-20120217-1437,org.eclipse.pde.internal.ui.templates.ide,CommonNavigatorTemplate,createChild,6,1,4
eclipse.pde.ui-20120217-1437,org.eclipse.pde.internal.ui.templates.ide,CommonNavigatorTemplate,createView,11,2,0
eclipse.pde.ui-20120217-1437,org.eclipse.pde.internal.ui.templates.ide,CommonNavigatorTemplate,getNewFiles,3,1,0
eclipse.pde.ui-20120217-1437,org.eclipse.pde.internal.ui.templates.ide,CommonNavigatorTemplate,getUsedExtensionPoint,3,1,0
eclipse.pde.ui-20120217-1437,org.eclipse.pde.internal.ui.templates.ide,CommonNavigatorTemplate,addPages,7,1,1
eclipse.pde.ui-20120217-1437,org.eclipse.pde.internal.ui.templates.ide,CommonNavigatorTemplate,getDependencies,7,1,1
eclipse.pde.ui-20120217-1437,org.eclipse.pde.internal.ui.templates.ide,DecoratorTemplate,DecoratorTemplate,5,1,0
eclipse.pde.ui-20120217-1437,org.eclipse.pde.internal.ui.templates.ide,DecoratorTemplate,getDependencies,8,2,1
eclipse.pde.ui-20120217-1437,org.eclipse.pde.internal.ui.templates.ide,DecoratorTemplate,getSectionId,3,1,0
eclipse.pde.ui-20120217-1437,org.eclipse.pde.internal.ui.templates.ide,DecoratorTemplate,getNumberOfWorkUnits,3,1,0
eclipse.pde.ui-20120217-1437,org.eclipse.pde.internal.ui.templates.ide,DecoratorTemplate,createOptions,8,1,0
eclipse.pde.ui-20120217-1437,org.eclipse.pde.internal.ui.templates.ide,DecoratorTemplate,addPages,8,1,1
eclipse.pde.ui-20120217-1437,org.eclipse.pde.internal.ui.templates.ide,DecoratorTemplate,alterOptionStates,5,1,0
eclipse.pde.ui-20120217-1437,org.eclipse.pde.internal.ui.templates.ide,DecoratorTemplate,isOkToCreateFolder,8,2,1
eclipse.pde.ui-20120217-1437,org.eclipse.pde.internal.ui.templates.ide,DecoratorTemplate,isOkToCreateFile,14,4,1
eclipse.pde.ui-20120217-1437,org.eclipse.pde.internal.ui.templates.ide,DecoratorTemplate,validateOptions,6,2,1
eclipse.pde.ui-20120217-1437,org.eclipse.pde.internal.ui.templates.ide,DecoratorTemplate,isDependentOnParentWizard,3,1,0
eclipse.pde.ui-20120217-1437,org.eclipse.pde.internal.ui.templates.ide,DecoratorTemplate,initializeFields,4,1,1
eclipse.pde.ui-20120217-1437,org.eclipse.pde.internal.ui.templates.ide,DecoratorTemplate,initializeFields,4,1,1
eclipse.pde.ui-20120217-1437,org.eclipse.pde.internal.ui.templates.ide,DecoratorTemplate,updateModel,48,5,1
eclipse.pde.ui-20120217-1437,org.eclipse.pde.internal.ui.templates.ide,DecoratorTemplate,getNewFiles,3,1,0
eclipse.pde.ui-20120217-1437,org.eclipse.pde.internal.ui.templates.ide,DecoratorTemplate,getFormattedPackageName,5,2,1
eclipse.pde.ui-20120217-1437,org.eclipse.pde.internal.ui.templates.ide,DecoratorTemplate,getUsedExtensionPoint,3,1,0
eclipse.pde.ui-20120217-1437,org.eclipse.pde.internal.ui.templates.ide,DecoratorTemplate,fromCommaSeparated,10,2,1
eclipse.pde.ui-20120217-1437,org.eclipse.pde.internal.ui.templates.ide,EditorNewWizard,EditorNewWizard,3,1,0
eclipse.pde.ui-20120217-1437,org.eclipse.pde.internal.ui.templates.ide,EditorNewWizard,init,4,1,1
eclipse.pde.ui-20120217-1437,org.eclipse.pde.internal.ui.templates.ide,EditorNewWizard,createTemplateSections,3,1,0
eclipse.pde.ui-20120217-1437,org.eclipse.pde.internal.ui.templates.ide,EditorTemplate,EditorTemplate,4,1,0
eclipse.pde.ui-20120217-1437,org.eclipse.pde.internal.ui.templates.ide,EditorTemplate,getDependencies,11,2,1
eclipse.pde.ui-20120217-1437,org.eclipse.pde.internal.ui.templates.ide,EditorTemplate,addPages,7,1,1
eclipse.pde.ui-20120217-1437,org.eclipse.pde.internal.ui.templates.ide,EditorTemplate,createOptions,6,1,0
eclipse.pde.ui-20120217-1437,org.eclipse.pde.internal.ui.templates.ide,EditorTemplate,getSectionId,3,1,0
eclipse.pde.ui-20120217-1437,org.eclipse.pde.internal.ui.templates.ide,EditorTemplate,getNumberOfWorkUnits,3,1,0
eclipse.pde.ui-20120217-1437,org.eclipse.pde.internal.ui.templates.ide,EditorTemplate,initializeFields,4,1,1
eclipse.pde.ui-20120217-1437,org.eclipse.pde.internal.ui.templates.ide,EditorTemplate,initializeFields,4,1,1
eclipse.pde.ui-20120217-1437,org.eclipse.pde.internal.ui.templates.ide,EditorTemplate,isDependentOnParentWizard,3,1,0
eclipse.pde.ui-20120217-1437,org.eclipse.pde.internal.ui.templates.ide,EditorTemplate,validateOptions,8,2,1
eclipse.pde.ui-20120217-1437,org.eclipse.pde.internal.ui.templates.ide,EditorTemplate,validateContainerPage,11,3,1
eclipse.pde.ui-20120217-1437,org.eclipse.pde.internal.ui.templates.ide,EditorTemplate,updateModel,15,2,1
eclipse.pde.ui-20120217-1437,org.eclipse.pde.internal.ui.templates.ide,EditorTemplate,getFormattedPackageName,5,2,1
eclipse.pde.ui-20120217-1437,org.eclipse.pde.internal.ui.templates.ide,HelloWorldCmdNewWizard,HelloWorldCmdNewWizard,3,1,0
eclipse.pde.ui-20120217-1437,org.eclipse.pde.internal.ui.templates.ide,HelloWorldCmdNewWizard,init,4,1,1
eclipse.pde.ui-20120217-1437,org.eclipse.pde.internal.ui.templates.ide,HelloWorldCmdNewWizard,createTemplateSections,3,1,0
eclipse.pde.ui-20120217-1437,org.eclipse.pde.internal.ui.templates.ide,HelloWorldCmdTemplate,HelloWorldCmdTemplate,4,1,0
eclipse.pde.ui-20120217-1437,org.eclipse.pde.internal.ui.templates.ide,HelloWorldCmdTemplate,getSectionId,3,1,0
eclipse.pde.ui-20120217-1437,org.eclipse.pde.internal.ui.templates.ide,HelloWorldCmdTemplate,getNumberOfWorkUnits,3,1,0
eclipse.pde.ui-20120217-1437,org.eclipse.pde.internal.ui.templates.ide,HelloWorldCmdTemplate,createOptions,5,1,0
eclipse.pde.ui-20120217-1437,org.eclipse.pde.internal.ui.templates.ide,HelloWorldCmdTemplate,addPages,7,1,1
eclipse.pde.ui-20120217-1437,org.eclipse.pde.internal.ui.templates.ide,HelloWorldCmdTemplate,isDependentOnParentWizard,3,1,0
eclipse.pde.ui-20120217-1437,org.eclipse.pde.internal.ui.templates.ide,HelloWorldCmdTemplate,initializeFields,4,1,1
eclipse.pde.ui-20120217-1437,org.eclipse.pde.internal.ui.templates.ide,HelloWorldCmdTemplate,initializeFields,4,1,1
eclipse.pde.ui-20120217-1437,org.eclipse.pde.internal.ui.templates.ide,HelloWorldCmdTemplate,getUsedExtensionPoint,3,1,0
eclipse.pde.ui-20120217-1437,org.eclipse.pde.internal.ui.templates.ide,HelloWorldCmdTemplate,updateModel,79,5,1
eclipse.pde.ui-20120217-1437,org.eclipse.pde.internal.ui.templates.ide,HelloWorldCmdTemplate,getNewFiles,3,1,0
eclipse.pde.ui-20120217-1437,org.eclipse.pde.internal.ui.templates.ide,HelloWorldCmdTemplate,getFormattedPackageName,5,2,1
eclipse.pde.ui-20120217-1437,org.eclipse.pde.internal.ui.templates.ide,HelloWorldNewWizard,HelloWorldNewWizard,3,1,0
eclipse.pde.ui-20120217-1437,org.eclipse.pde.internal.ui.templates.ide,HelloWorldNewWizard,init,4,1,1
eclipse.pde.ui-20120217-1437,org.eclipse.pde.internal.ui.templates.ide,HelloWorldNewWizard,createTemplateSections,3,1,0
eclipse.pde.ui-20120217-1437,org.eclipse.pde.internal.ui.templates.ide,HelloWorldTemplate,HelloWorldTemplate,4,1,0
eclipse.pde.ui-20120217-1437,org.eclipse.pde.internal.ui.templates.ide,HelloWorldTemplate,getSectionId,3,1,0
eclipse.pde.ui-20120217-1437,org.eclipse.pde.internal.ui.templates.ide,HelloWorldTemplate,getNumberOfWorkUnits,3,1,0
eclipse.pde.ui-20120217-1437,org.eclipse.pde.internal.ui.templates.ide,HelloWorldTemplate,createOptions,5,1,0
eclipse.pde.ui-20120217-1437,org.eclipse.pde.internal.ui.templates.ide,HelloWorldTemplate,addPages,7,1,1
eclipse.pde.ui-20120217-1437,org.eclipse.pde.internal.ui.templates.ide,HelloWorldTemplate,isDependentOnParentWizard,3,1,0
eclipse.pde.ui-20120217-1437,org.eclipse.pde.internal.ui.templates.ide,HelloWorldTemplate,initializeFields,4,1,1
eclipse.pde.ui-20120217-1437,org.eclipse.pde.internal.ui.templates.ide,HelloWorldTemplate,initializeFields,4,1,1
eclipse.pde.ui-20120217-1437,org.eclipse.pde.internal.ui.templates.ide,HelloWorldTemplate,getUsedExtensionPoint,3,1,0
eclipse.pde.ui-20120217-1437,org.eclipse.pde.internal.ui.templates.ide,HelloWorldTemplate,updateModel,32,2,1
eclipse.pde.ui-20120217-1437,org.eclipse.pde.internal.ui.templates.ide,HelloWorldTemplate,getNewFiles,3,1,0
eclipse.pde.ui-20120217-1437,org.eclipse.pde.internal.ui.templates.ide,HelloWorldTemplate,getFormattedPackageName,5,2,1
eclipse.pde.ui-20120217-1437,org.eclipse.pde.internal.ui.templates.ide,HelpNewWizard,init,4,1,1
eclipse.pde.ui-20120217-1437,org.eclipse.pde.internal.ui.templates.ide,HelpNewWizard,createTemplateSections,3,1,0
eclipse.pde.ui-20120217-1437,org.eclipse.pde.internal.ui.templates.ide,HelpTemplate,HelpTemplate,5,1,0
eclipse.pde.ui-20120217-1437,org.eclipse.pde.internal.ui.templates.ide,HelpTemplate,addPages,7,1,1
eclipse.pde.ui-20120217-1437,org.eclipse.pde.internal.ui.templates.ide,HelpTemplate,alterOptionStates,8,1,0
eclipse.pde.ui-20120217-1437,org.eclipse.pde.internal.ui.templates.ide,HelpTemplate,createOptions,10,1,0
eclipse.pde.ui-20120217-1437,org.eclipse.pde.internal.ui.templates.ide,HelpTemplate,getSectionId,3,1,0
eclipse.pde.ui-20120217-1437,org.eclipse.pde.internal.ui.templates.ide,HelpTemplate,isOkToCreateFolder,20,6,1
eclipse.pde.ui-20120217-1437,org.eclipse.pde.internal.ui.templates.ide,HelpTemplate,isOkToCreateFile,26,8,1
eclipse.pde.ui-20120217-1437,org.eclipse.pde.internal.ui.templates.ide,HelpTemplate,validateOptions,13,4,1
eclipse.pde.ui-20120217-1437,org.eclipse.pde.internal.ui.templates.ide,HelpTemplate,updateModel,23,4,1
eclipse.pde.ui-20120217-1437,org.eclipse.pde.internal.ui.templates.ide,HelpTemplate,addNonPrimaryTopic,8,2,3
eclipse.pde.ui-20120217-1437,org.eclipse.pde.internal.ui.templates.ide,HelpTemplate,getUsedExtensionPoint,3,1,0
eclipse.pde.ui-20120217-1437,org.eclipse.pde.internal.ui.templates.ide,HelpTemplate,getDependencies,3,1,1
eclipse.pde.ui-20120217-1437,org.eclipse.pde.internal.ui.templates.ide,HelpTemplate,getNewFiles,3,1,0
eclipse.pde.ui-20120217-1437,org.eclipse.pde.internal.ui.templates.ide,ImportWizardTemplate,ImportWizardTemplate,4,1,0
eclipse.pde.ui-20120217-1437,org.eclipse.pde.internal.ui.templates.ide,ImportWizardTemplate,getDependencies,9,2,1
eclipse.pde.ui-20120217-1437,org.eclipse.pde.internal.ui.templates.ide,ImportWizardTemplate,getSectionId,3,1,0
eclipse.pde.ui-20120217-1437,org.eclipse.pde.internal.ui.templates.ide,ImportWizardTemplate,getNumberOfWorkUnits,3,1,0
eclipse.pde.ui-20120217-1437,org.eclipse.pde.internal.ui.templates.ide,ImportWizardTemplate,createOptions,11,1,0
eclipse.pde.ui-20120217-1437,org.eclipse.pde.internal.ui.templates.ide,ImportWizardTemplate,addPages,8,1,1
eclipse.pde.ui-20120217-1437,org.eclipse.pde.internal.ui.templates.ide,ImportWizardTemplate,isDependentOnParentWizard,3,1,0
eclipse.pde.ui-20120217-1437,org.eclipse.pde.internal.ui.templates.ide,ImportWizardTemplate,initializeFields,4,1,1
eclipse.pde.ui-20120217-1437,org.eclipse.pde.internal.ui.templates.ide,ImportWizardTemplate,initializeFields,4,1,1
eclipse.pde.ui-20120217-1437,org.eclipse.pde.internal.ui.templates.ide,ImportWizardTemplate,updateModel,23,2,1
eclipse.pde.ui-20120217-1437,org.eclipse.pde.internal.ui.templates.ide,ImportWizardTemplate,getNewFiles,3,1,0
eclipse.pde.ui-20120217-1437,org.eclipse.pde.internal.ui.templates.ide,ImportWizardTemplate,getFormattedPackageName,5,2,1
eclipse.pde.ui-20120217-1437,org.eclipse.pde.internal.ui.templates.ide,ImportWizardTemplate,getUsedExtensionPoint,3,1,0
eclipse.pde.ui-20120217-1437,org.eclipse.pde.internal.ui.templates.ide,ImportWizardTemplate,fromCommaSeparated,10,2,1
eclipse.pde.ui-20120217-1437,org.eclipse.pde.internal.ui.templates.ide,MultiPageEditorNewWizard,MultiPageEditorNewWizard,3,1,0
eclipse.pde.ui-20120217-1437,org.eclipse.pde.internal.ui.templates.ide,MultiPageEditorNewWizard,init,4,1,1
eclipse.pde.ui-20120217-1437,org.eclipse.pde.internal.ui.templates.ide,MultiPageEditorNewWizard,createTemplateSections,3,1,0
eclipse.pde.ui-20120217-1437,org.eclipse.pde.internal.ui.templates.ide,MultiPageEditorTemplate,MultiPageEditorTemplate,4,1,0
eclipse.pde.ui-20120217-1437,org.eclipse.pde.internal.ui.templates.ide,MultiPageEditorTemplate,getSectionId,3,1,0
eclipse.pde.ui-20120217-1437,org.eclipse.pde.internal.ui.templates.ide,MultiPageEditorTemplate,getDependencies,13,2,1
eclipse.pde.ui-20120217-1437,org.eclipse.pde.internal.ui.templates.ide,MultiPageEditorTemplate,getNumberOfWorkUnits,3,1,0
eclipse.pde.ui-20120217-1437,org.eclipse.pde.internal.ui.templates.ide,MultiPageEditorTemplate,createOptions,7,1,0
eclipse.pde.ui-20120217-1437,org.eclipse.pde.internal.ui.templates.ide,MultiPageEditorTemplate,initializeFields,4,1,1
eclipse.pde.ui-20120217-1437,org.eclipse.pde.internal.ui.templates.ide,MultiPageEditorTemplate,initializeFields,4,1,1
eclipse.pde.ui-20120217-1437,org.eclipse.pde.internal.ui.templates.ide,MultiPageEditorTemplate,isDependentOnParentWizard,3,1,0
eclipse.pde.ui-20120217-1437,org.eclipse.pde.internal.ui.templates.ide,MultiPageEditorTemplate,addPages,7,1,1
eclipse.pde.ui-20120217-1437,org.eclipse.pde.internal.ui.templates.ide,MultiPageEditorTemplate,validateOptions,8,2,1
eclipse.pde.ui-20120217-1437,org.eclipse.pde.internal.ui.templates.ide,MultiPageEditorTemplate,validateContainerPage,11,3,1
eclipse.pde.ui-20120217-1437,org.eclipse.pde.internal.ui.templates.ide,MultiPageEditorTemplate,updateModel,17,2,1
eclipse.pde.ui-20120217-1437,org.eclipse.pde.internal.ui.templates.ide,MultiPageEditorTemplate,getFormattedPackageName,5,2,1
eclipse.pde.ui-20120217-1437,org.eclipse.pde.internal.ui.templates.ide,NewWizardTemplate,NewWizardTemplate,4,1,0
eclipse.pde.ui-20120217-1437,org.eclipse.pde.internal.ui.templates.ide,NewWizardTemplate,getSectionId,3,1,0
eclipse.pde.ui-20120217-1437,org.eclipse.pde.internal.ui.templates.ide,NewWizardTemplate,getNumberOfWorkUnits,3,1,0
eclipse.pde.ui-20120217-1437,org.eclipse.pde.internal.ui.templates.ide,NewWizardTemplate,createOptions,10,1,0
eclipse.pde.ui-20120217-1437,org.eclipse.pde.internal.ui.templates.ide,NewWizardTemplate,initializeFields,5,1,1
eclipse.pde.ui-20120217-1437,org.eclipse.pde.internal.ui.templates.ide,NewWizardTemplate,initializeFields,5,1,1
eclipse.pde.ui-20120217-1437,org.eclipse.pde.internal.ui.templates.ide,NewWizardTemplate,getDependencies,10,2,1
eclipse.pde.ui-20120217-1437,org.eclipse.pde.internal.ui.templates.ide,NewWizardTemplate,isDependentOnParentWizard,3,1,0
eclipse.pde.ui-20120217-1437,org.eclipse.pde.internal.ui.templates.ide,NewWizardTemplate,addPages,7,1,1
eclipse.pde.ui-20120217-1437,org.eclipse.pde.internal.ui.templates.ide,NewWizardTemplate,getUsedExtensionPoint,3,1,0
eclipse.pde.ui-20120217-1437,org.eclipse.pde.internal.ui.templates.ide,NewWizardTemplate,updateModel,17,2,1
eclipse.pde.ui-20120217-1437,org.eclipse.pde.internal.ui.templates.ide,NewWizardTemplate,createCategory,18,5,2
eclipse.pde.ui-20120217-1437,org.eclipse.pde.internal.ui.templates.ide,NewWizardTemplate,getNewFiles,3,1,0
eclipse.pde.ui-20120217-1437,org.eclipse.pde.internal.ui.templates.ide,NewWizardTemplate,getFormattedPackageName,5,2,1
eclipse.pde.ui-20120217-1437,org.eclipse.pde.internal.ui.templates.ide,PerspectiveTemplate,PerspectiveTemplate,4,1,0
eclipse.pde.ui-20120217-1437,org.eclipse.pde.internal.ui.templates.ide,PerspectiveTemplate,getDependencies,9,2,1
eclipse.pde.ui-20120217-1437,org.eclipse.pde.internal.ui.templates.ide,PerspectiveTemplate,getSectionId,3,1,0
eclipse.pde.ui-20120217-1437,org.eclipse.pde.internal.ui.templates.ide,PerspectiveTemplate,getNumberOfWorkUnits,3,1,0
eclipse.pde.ui-20120217-1437,org.eclipse.pde.internal.ui.templates.ide,PerspectiveTemplate,createOptions,10,1,0
eclipse.pde.ui-20120217-1437,org.eclipse.pde.internal.ui.templates.ide,PerspectiveTemplate,addPages,8,1,1
eclipse.pde.ui-20120217-1437,org.eclipse.pde.internal.ui.templates.ide,PerspectiveTemplate,isDependentOnParentWizard,3,1,0
eclipse.pde.ui-20120217-1437,org.eclipse.pde.internal.ui.templates.ide,PerspectiveTemplate,initializeFields,4,1,1
eclipse.pde.ui-20120217-1437,org.eclipse.pde.internal.ui.templates.ide,PerspectiveTemplate,initializeFields,4,1,1
eclipse.pde.ui-20120217-1437,org.eclipse.pde.internal.ui.templates.ide,PerspectiveTemplate,updateModel,13,2,1
eclipse.pde.ui-20120217-1437,org.eclipse.pde.internal.ui.templates.ide,PerspectiveTemplate,getNewFiles,3,1,0
eclipse.pde.ui-20120217-1437,org.eclipse.pde.internal.ui.templates.ide,PerspectiveTemplate,getFormattedPackageName,5,2,1
eclipse.pde.ui-20120217-1437,org.eclipse.pde.internal.ui.templates.ide,PerspectiveTemplate,getUsedExtensionPoint,3,1,0
eclipse.pde.ui-20120217-1437,org.eclipse.pde.internal.ui.templates.ide,PopupMenuNewWizard,PopupMenuNewWizard,3,1,0
eclipse.pde.ui-20120217-1437,org.eclipse.pde.internal.ui.templates.ide,PopupMenuNewWizard,init,4,1,1
eclipse.pde.ui-20120217-1437,org.eclipse.pde.internal.ui.templates.ide,PopupMenuNewWizard,createTemplateSections,3,1,0
eclipse.pde.ui-20120217-1437,org.eclipse.pde.internal.ui.templates.ide,PopupMenuTemplate,PopupMenuTemplate,4,1,0
eclipse.pde.ui-20120217-1437,org.eclipse.pde.internal.ui.templates.ide,PopupMenuTemplate,addPages,7,1,1
eclipse.pde.ui-20120217-1437,org.eclipse.pde.internal.ui.templates.ide,PopupMenuTemplate,createOptions,8,1,0
eclipse.pde.ui-20120217-1437,org.eclipse.pde.internal.ui.templates.ide,PopupMenuTemplate,getSectionId,3,1,0
eclipse.pde.ui-20120217-1437,org.eclipse.pde.internal.ui.templates.ide,PopupMenuTemplate,isDependentOnParentWizard,3,1,0
eclipse.pde.ui-20120217-1437,org.eclipse.pde.internal.ui.templates.ide,PopupMenuTemplate,initializeFields,4,1,1
eclipse.pde.ui-20120217-1437,org.eclipse.pde.internal.ui.templates.ide,PopupMenuTemplate,initializeFields,4,1,1
eclipse.pde.ui-20120217-1437,org.eclipse.pde.internal.ui.templates.ide,PopupMenuTemplate,updateModel,29,2,1
eclipse.pde.ui-20120217-1437,org.eclipse.pde.internal.ui.templates.ide,PopupMenuTemplate,getUsedExtensionPoint,3,1,0
eclipse.pde.ui-20120217-1437,org.eclipse.pde.internal.ui.templates.ide,PopupMenuTemplate,getFormattedPackageName,5,2,1
eclipse.pde.ui-20120217-1437,org.eclipse.pde.internal.ui.templates.ide,PopupMenuTemplate,getDependencies,6,1,1
eclipse.pde.ui-20120217-1437,org.eclipse.pde.internal.ui.templates.ide,PreferencePageTemplate,PreferencePageTemplate,4,1,0
eclipse.pde.ui-20120217-1437,org.eclipse.pde.internal.ui.templates.ide,PreferencePageTemplate,getSectionId,3,1,0
eclipse.pde.ui-20120217-1437,org.eclipse.pde.internal.ui.templates.ide,PreferencePageTemplate,getNumberOfWorkUnits,3,1,0
eclipse.pde.ui-20120217-1437,org.eclipse.pde.internal.ui.templates.ide,PreferencePageTemplate,createOptions,5,1,0
eclipse.pde.ui-20120217-1437,org.eclipse.pde.internal.ui.templates.ide,PreferencePageTemplate,initializeFields,4,1,1
eclipse.pde.ui-20120217-1437,org.eclipse.pde.internal.ui.templates.ide,PreferencePageTemplate,initializeFields,4,1,1
eclipse.pde.ui-20120217-1437,org.eclipse.pde.internal.ui.templates.ide,PreferencePageTemplate,getTemplateDirectory,4,1,0
eclipse.pde.ui-20120217-1437,org.eclipse.pde.internal.ui.templates.ide,PreferencePageTemplate,isDependentOnParentWizard,3,1,0
eclipse.pde.ui-20120217-1437,org.eclipse.pde.internal.ui.templates.ide,PreferencePageTemplate,getDependencies,7,2,1
eclipse.pde.ui-20120217-1437,org.eclipse.pde.internal.ui.templates.ide,PreferencePageTemplate,addPages,7,1,1
eclipse.pde.ui-20120217-1437,org.eclipse.pde.internal.ui.templates.ide,PreferencePageTemplate,getUsedExtensionPoint,3,1,0
eclipse.pde.ui-20120217-1437,org.eclipse.pde.internal.ui.templates.ide,PreferencePageTemplate,updateModel,19,3,1
eclipse.pde.ui-20120217-1437,org.eclipse.pde.internal.ui.templates.ide,PreferencePageTemplate,getFormattedPackageName,5,2,1
eclipse.pde.ui-20120217-1437,org.eclipse.pde.internal.ui.templates.ide,PropertyPageNewWizard,PropertyPageNewWizard,3,1,0
eclipse.pde.ui-20120217-1437,org.eclipse.pde.internal.ui.templates.ide,PropertyPageNewWizard,init,4,1,1
eclipse.pde.ui-20120217-1437,org.eclipse.pde.internal.ui.templates.ide,PropertyPageNewWizard,createTemplateSections,3,1,0
eclipse.pde.ui-20120217-1437,org.eclipse.pde.internal.ui.templates.ide,PropertyPageTemplate,PropertyPageTemplate,4,1,0
eclipse.pde.ui-20120217-1437,org.eclipse.pde.internal.ui.templates.ide,PropertyPageTemplate,addPages,7,1,1
eclipse.pde.ui-20120217-1437,org.eclipse.pde.internal.ui.templates.ide,PropertyPageTemplate,createOptions,7,1,0
eclipse.pde.ui-20120217-1437,org.eclipse.pde.internal.ui.templates.ide,PropertyPageTemplate,getSectionId,3,1,0
eclipse.pde.ui-20120217-1437,org.eclipse.pde.internal.ui.templates.ide,PropertyPageTemplate,isDependentOnParentWizard,3,1,0
eclipse.pde.ui-20120217-1437,org.eclipse.pde.internal.ui.templates.ide,PropertyPageTemplate,initializeFields,4,1,1
eclipse.pde.ui-20120217-1437,org.eclipse.pde.internal.ui.templates.ide,PropertyPageTemplate,initializeFields,4,1,1
eclipse.pde.ui-20120217-1437,org.eclipse.pde.internal.ui.templates.ide,PropertyPageTemplate,updateModel,25,3,1
eclipse.pde.ui-20120217-1437,org.eclipse.pde.internal.ui.templates.ide,PropertyPageTemplate,getUsedExtensionPoint,3,1,0
eclipse.pde.ui-20120217-1437,org.eclipse.pde.internal.ui.templates.ide,PropertyPageTemplate,getDependencies,7,2,1
eclipse.pde.ui-20120217-1437,org.eclipse.pde.internal.ui.templates.ide,PropertyPageTemplate,getFormattedPackageName,5,2,1
eclipse.pde.ui-20120217-1437,org.eclipse.pde.internal.ui.templates.ide,SplashHandlersTemplate,SplashHandlersTemplate,3,1,0
eclipse.pde.ui-20120217-1437,org.eclipse.pde.internal.ui.templates.ide,SplashHandlersTemplate,initialize,9,1,0
eclipse.pde.ui-20120217-1437,org.eclipse.pde.internal.ui.templates.ide,SplashHandlersTemplate,addPages,7,1,1
eclipse.pde.ui-20120217-1437,org.eclipse.pde.internal.ui.templates.ide,SplashHandlersTemplate,getFormattedPackageName,7,2,1
eclipse.pde.ui-20120217-1437,org.eclipse.pde.internal.ui.templates.ide,SplashHandlersTemplate,getNewFiles,6,2,0
eclipse.pde.ui-20120217-1437,org.eclipse.pde.internal.ui.templates.ide,SplashHandlersTemplate,isSplashFieldSelected,6,2,0
eclipse.pde.ui-20120217-1437,org.eclipse.pde.internal.ui.templates.ide,SplashHandlersTemplate,getNumberOfWorkUnits,3,1,0
eclipse.pde.ui-20120217-1437,org.eclipse.pde.internal.ui.templates.ide,SplashHandlersTemplate,initializeFields,4,1,1
eclipse.pde.ui-20120217-1437,org.eclipse.pde.internal.ui.templates.ide,SplashHandlersTemplate,initializeFields,4,1,1
eclipse.pde.ui-20120217-1437,org.eclipse.pde.internal.ui.templates.ide,SplashHandlersTemplate,isDependentOnParentWizard,3,1,0
eclipse.pde.ui-20120217-1437,org.eclipse.pde.internal.ui.templates.ide,SplashHandlersTemplate,validateOptions,6,2,1
eclipse.pde.ui-20120217-1437,org.eclipse.pde.internal.ui.templates.ide,SplashHandlersTemplate,updateUIFieldClass,9,3,0
eclipse.pde.ui-20120217-1437,org.eclipse.pde.internal.ui.templates.ide,SplashHandlersTemplate,createUI,7,1,0
eclipse.pde.ui-20120217-1437,org.eclipse.pde.internal.ui.templates.ide,SplashHandlersTemplate,createUIFieldSplash,3,1,0
eclipse.pde.ui-20120217-1437,org.eclipse.pde.internal.ui.templates.ide,SplashHandlersTemplate,createUIFieldClass,4,1,0
eclipse.pde.ui-20120217-1437,org.eclipse.pde.internal.ui.templates.ide,SplashHandlersTemplate,createUIFieldPackage,3,1,0
eclipse.pde.ui-20120217-1437,org.eclipse.pde.internal.ui.templates.ide,SplashHandlersTemplate,createUIFieldTemplate,3,1,0
eclipse.pde.ui-20120217-1437,org.eclipse.pde.internal.ui.templates.ide,SplashHandlersTemplate,createUIFieldProductID,20,4,0
eclipse.pde.ui-20120217-1437,org.eclipse.pde.internal.ui.templates.ide,SplashHandlersTemplate,getDependencies,11,2,1
eclipse.pde.ui-20120217-1437,org.eclipse.pde.internal.ui.templates.ide,SplashHandlersTemplate,getSectionId,3,1,0
eclipse.pde.ui-20120217-1437,org.eclipse.pde.internal.ui.templates.ide,SplashHandlersTemplate,updateModel,14,1,1
eclipse.pde.ui-20120217-1437,org.eclipse.pde.internal.ui.templates.ide,SplashHandlersTemplate,createAttributeValueID,3,1,0
eclipse.pde.ui-20120217-1437,org.eclipse.pde.internal.ui.templates.ide,SplashHandlersTemplate,createAttributeValueClass,3,1,0
eclipse.pde.ui-20120217-1437,org.eclipse.pde.internal.ui.templates.ide,SplashHandlersTemplate,getUsedExtensionPoint,3,1,0
eclipse.pde.ui-20120217-1437,org.eclipse.pde.internal.ui.templates.ide,SplashHandlersTemplate,isOkToCreateFile,9,2,1
eclipse.pde.ui-20120217-1437,org.eclipse.pde.internal.ui.templates.ide,SplashHandlersTemplate,copyBrandingDirectory,3,1,0
eclipse.pde.ui-20120217-1437,org.eclipse.pde.internal.ui.templates.ide,SplashHandlersTemplate,isOkToCreateFolder,11,3,1
eclipse.pde.ui-20120217-1437,org.eclipse.pde.internal.ui.templates.ide,SplashHandlersTemplate,getLabel,3,1,0
eclipse.pde.ui-20120217-1437,org.eclipse.pde.internal.ui.templates.ide,SplashHandlersTemplate,getDescription,3,1,0
eclipse.pde.ui-20120217-1437,org.eclipse.pde.internal.ui.templates.ide,UniversalWelcomeTemplate,UniversalWelcomeTemplate,4,1,0
eclipse.pde.ui-20120217-1437,org.eclipse.pde.internal.ui.templates.ide,UniversalWelcomeTemplate,createOptions,5,1,0
eclipse.pde.ui-20120217-1437,org.eclipse.pde.internal.ui.templates.ide,UniversalWelcomeTemplate,addPages,7,1,1
eclipse.pde.ui-20120217-1437,org.eclipse.pde.internal.ui.templates.ide,UniversalWelcomeTemplate,isDependentOnParentWizard,3,1,0
eclipse.pde.ui-20120217-1437,org.eclipse.pde.internal.ui.templates.ide,UniversalWelcomeTemplate,getSectionId,3,1,0
eclipse.pde.ui-20120217-1437,org.eclipse.pde.internal.ui.templates.ide,UniversalWelcomeTemplate,initializeFields,3,1,1
eclipse.pde.ui-20120217-1437,org.eclipse.pde.internal.ui.templates.ide,UniversalWelcomeTemplate,initializeFields,3,1,1
eclipse.pde.ui-20120217-1437,org.eclipse.pde.internal.ui.templates.ide,UniversalWelcomeTemplate,updateModel,10,2,1
eclipse.pde.ui-20120217-1437,org.eclipse.pde.internal.ui.templates.ide,UniversalWelcomeTemplate,isOkToCreateFolder,3,1,1
eclipse.pde.ui-20120217-1437,org.eclipse.pde.internal.ui.templates.ide,UniversalWelcomeTemplate,isOkToCreateFile,3,1,1
eclipse.pde.ui-20120217-1437,org.eclipse.pde.internal.ui.templates.ide,UniversalWelcomeTemplate,getUsedExtensionPoint,3,1,0
eclipse.pde.ui-20120217-1437,org.eclipse.pde.internal.ui.templates.ide,UniversalWelcomeTemplate,getDependencies,7,1,1
eclipse.pde.ui-20120217-1437,org.eclipse.pde.internal.ui.templates.ide,UniversalWelcomeTemplate,getNumberOfWorkUnits,3,1,0
eclipse.pde.ui-20120217-1437,org.eclipse.pde.internal.ui.templates.ide,UniversalWelcomeTemplate,getStringOption,9,3,1
eclipse.pde.ui-20120217-1437,org.eclipse.pde.internal.ui.templates.ide,UniversalWelcomeTemplate,stripNonAlphanumeric,10,3,1
eclipse.pde.ui-20120217-1437,org.eclipse.pde.internal.ui.templates.ide,UniversalWelcomeTemplate,getNewFiles,3,1,0
eclipse.pde.ui-20120217-1437,org.eclipse.pde.internal.ui.templates.ide,ViewNewWizard,ViewNewWizard,3,1,0
eclipse.pde.ui-20120217-1437,org.eclipse.pde.internal.ui.templates.ide,ViewNewWizard,init,4,1,1
eclipse.pde.ui-20120217-1437,org.eclipse.pde.internal.ui.templates.ide,ViewNewWizard,createTemplateSections,3,1,0
eclipse.pde.ui-20120217-1437,org.eclipse.pde.internal.ui.templates.ide,ViewTemplate,ViewTemplate,4,1,0
eclipse.pde.ui-20120217-1437,org.eclipse.pde.internal.ui.templates.ide,ViewTemplate,getSectionId,3,1,0
eclipse.pde.ui-20120217-1437,org.eclipse.pde.internal.ui.templates.ide,ViewTemplate,getNumberOfWorkUnits,3,1,0
eclipse.pde.ui-20120217-1437,org.eclipse.pde.internal.ui.templates.ide,ViewTemplate,createOptions,11,1,0
eclipse.pde.ui-20120217-1437,org.eclipse.pde.internal.ui.templates.ide,ViewTemplate,initializeFields,3,1,1
eclipse.pde.ui-20120217-1437,org.eclipse.pde.internal.ui.templates.ide,ViewTemplate,initializeFields,3,1,1
eclipse.pde.ui-20120217-1437,org.eclipse.pde.internal.ui.templates.ide,ViewTemplate,initializeFields,4,1,1
eclipse.pde.ui-20120217-1437,org.eclipse.pde.internal.ui.templates.ide,ViewTemplate,isDependentOnParentWizard,3,1,0
eclipse.pde.ui-20120217-1437,org.eclipse.pde.internal.ui.templates.ide,ViewTemplate,addPages,7,1,1
eclipse.pde.ui-20120217-1437,org.eclipse.pde.internal.ui.templates.ide,ViewTemplate,isOkToCreateFile,8,2,1
eclipse.pde.ui-20120217-1437,org.eclipse.pde.internal.ui.templates.ide,ViewTemplate,getUsedExtensionPoint,3,1,0
eclipse.pde.ui-20120217-1437,org.eclipse.pde.internal.ui.templates.ide,ViewTemplate,updateModel,40,6,1
eclipse.pde.ui-20120217-1437,org.eclipse.pde.internal.ui.templates.ide,ViewTemplate,createCategory,18,5,2
eclipse.pde.ui-20120217-1437,org.eclipse.pde.internal.ui.templates.ide,ViewTemplate,getNewFiles,4,2,0
eclipse.pde.ui-20120217-1437,org.eclipse.pde.internal.ui.templates.ide,ViewTemplate,getDependencies,6,2,1
eclipse.pde.ui-20120217-1437,org.eclipse.pde.internal.ui.templates.ide,ViewTemplate,getFormattedPackageName,5,2,1
eclipse.pde.ui-20120217-1437,org.eclipse.pde.internal.ui.templates.ide,ViewTemplate,getValue,4,2,1
eclipse.pde.ui-20120217-1437,org.eclipse.pde.internal.ui.templates.osgi,HelloOSGiNewWizard,init,4,1,1
eclipse.pde.ui-20120217-1437,org.eclipse.pde.internal.ui.templates.osgi,HelloOSGiNewWizard,createTemplateSections,3,1,0
eclipse.pde.ui-20120217-1437,org.eclipse.pde.internal.ui.templates.osgi,HelloOSGiNewWizard,getImportPackages,3,1,0
eclipse.pde.ui-20120217-1437,org.eclipse.pde.internal.ui.templates.osgi,HelloOSGiServiceNewWizard,init,4,1,1
eclipse.pde.ui-20120217-1437,org.eclipse.pde.internal.ui.templates.osgi,HelloOSGiServiceNewWizard,createTemplateSections,3,1,0
eclipse.pde.ui-20120217-1437,org.eclipse.pde.internal.ui.templates.osgi,HelloOSGiServiceNewWizard,getImportPackages,3,1,0
eclipse.pde.ui-20120217-1437,org.eclipse.pde.internal.ui.templates.osgi,HelloOSGiServiceTemplate,HelloOSGiServiceTemplate,7,1,0
eclipse.pde.ui-20120217-1437,org.eclipse.pde.internal.ui.templates.osgi,HelloOSGiServiceTemplate,addPages,7,1,1
eclipse.pde.ui-20120217-1437,org.eclipse.pde.internal.ui.templates.osgi,HelloOSGiServiceTemplate,getSectionId,3,1,0
eclipse.pde.ui-20120217-1437,org.eclipse.pde.internal.ui.templates.osgi,HelloOSGiServiceTemplate,updateModel,2,1,1
eclipse.pde.ui-20120217-1437,org.eclipse.pde.internal.ui.templates.osgi,HelloOSGiServiceTemplate,getUsedExtensionPoint,3,1,0
eclipse.pde.ui-20120217-1437,org.eclipse.pde.internal.ui.templates.osgi,HelloOSGiServiceTemplate,isDependentOnParentWizard,3,1,0
eclipse.pde.ui-20120217-1437,org.eclipse.pde.internal.ui.templates.osgi,HelloOSGiServiceTemplate,getNumberOfWorkUnits,3,1,0
eclipse.pde.ui-20120217-1437,org.eclipse.pde.internal.ui.templates.osgi,HelloOSGiServiceTemplate,getDependencies,3,1,1
eclipse.pde.ui-20120217-1437,org.eclipse.pde.internal.ui.templates.osgi,HelloOSGiTemplate,HelloOSGiTemplate,5,1,0
eclipse.pde.ui-20120217-1437,org.eclipse.pde.internal.ui.templates.osgi,HelloOSGiTemplate,addPages,7,1,1
eclipse.pde.ui-20120217-1437,org.eclipse.pde.internal.ui.templates.osgi,HelloOSGiTemplate,getSectionId,3,1,0
eclipse.pde.ui-20120217-1437,org.eclipse.pde.internal.ui.templates.osgi,HelloOSGiTemplate,updateModel,2,1,1
eclipse.pde.ui-20120217-1437,org.eclipse.pde.internal.ui.templates.osgi,HelloOSGiTemplate,getUsedExtensionPoint,3,1,0
eclipse.pde.ui-20120217-1437,org.eclipse.pde.internal.ui.templates.osgi,HelloOSGiTemplate,isDependentOnParentWizard,3,1,0
eclipse.pde.ui-20120217-1437,org.eclipse.pde.internal.ui.templates.osgi,HelloOSGiTemplate,getNumberOfWorkUnits,3,1,0
eclipse.pde.ui-20120217-1437,org.eclipse.pde.internal.ui.templates.osgi,HelloOSGiTemplate,getDependencies,3,1,1
eclipse.pde.ui-20120217-1437,org.eclipse.pde.internal.ui.templates.osgi,HelloServiceComponentTemplate,HelloServiceComponentTemplate,7,1,0
eclipse.pde.ui-20120217-1437,org.eclipse.pde.internal.ui.templates.osgi,HelloServiceComponentTemplate,addPages,7,1,1
eclipse.pde.ui-20120217-1437,org.eclipse.pde.internal.ui.templates.osgi,HelloServiceComponentTemplate,getSectionId,3,1,0
eclipse.pde.ui-20120217-1437,org.eclipse.pde.internal.ui.templates.osgi,HelloServiceComponentTemplate,updateModel,3,1,1
eclipse.pde.ui-20120217-1437,org.eclipse.pde.internal.ui.templates.osgi,HelloServiceComponentTemplate,getUsedExtensionPoint,3,1,0
eclipse.pde.ui-20120217-1437,org.eclipse.pde.internal.ui.templates.osgi,HelloServiceComponentTemplate,isDependentOnParentWizard,3,1,0
eclipse.pde.ui-20120217-1437,org.eclipse.pde.internal.ui.templates.osgi,HelloServiceComponentTemplate,getNumberOfWorkUnits,3,1,0
eclipse.pde.ui-20120217-1437,org.eclipse.pde.internal.ui.templates.osgi,HelloServiceComponentTemplate,getDependencies,3,1,1
eclipse.pde.ui-20120217-1437,org.eclipse.pde.internal.ui.templates.osgi,HelloServiceComponentTemplate,initializeFields,5,1,1
eclipse.pde.ui-20120217-1437,org.eclipse.pde.internal.ui.templates.osgi,HelloServiceComponentTemplate,initializeFields,6,1,1
eclipse.pde.ui-20120217-1437,org.eclipse.pde.internal.ui.templates.osgi,HelloServiceComponentTemplate,getStringOption,6,2,1
eclipse.pde.ui-20120217-1437,org.eclipse.pde.internal.ui.templates.osgi,HelloServiceComponentTemplateWizard,init,4,1,1
eclipse.pde.ui-20120217-1437,org.eclipse.pde.internal.ui.templates.osgi,HelloServiceComponentTemplateWizard,createTemplateSections,3,1,0
eclipse.pde.ui-20120217-1437,org.eclipse.pde.internal.ui.templates.osgi,HelloServiceComponentTemplateWizard,getImportPackages,3,1,0
eclipse.pde.ui-20120217-1437,org.eclipse.pde.internal.ui.templates.osgi,HelloServiceComponentTemplateWizard,getDependencies,3,1,1
eclipse.pde.ui-20120217-1437,org.eclipse.pde.internal.ui.templates.osgi,OSGiEventAdminTemplate,OSGiEventAdminTemplate,4,1,0
eclipse.pde.ui-20120217-1437,org.eclipse.pde.internal.ui.templates.osgi,OSGiEventAdminTemplate,addPages,7,1,1
eclipse.pde.ui-20120217-1437,org.eclipse.pde.internal.ui.templates.osgi,OSGiEventAdminTemplate,getSectionId,3,1,0
eclipse.pde.ui-20120217-1437,org.eclipse.pde.internal.ui.templates.osgi,OSGiEventAdminTemplate,updateModel,3,1,1
eclipse.pde.ui-20120217-1437,org.eclipse.pde.internal.ui.templates.osgi,OSGiEventAdminTemplate,getUsedExtensionPoint,3,1,0
eclipse.pde.ui-20120217-1437,org.eclipse.pde.internal.ui.templates.osgi,OSGiEventAdminTemplate,isDependentOnParentWizard,3,1,0
eclipse.pde.ui-20120217-1437,org.eclipse.pde.internal.ui.templates.osgi,OSGiEventAdminTemplate,getNumberOfWorkUnits,3,1,0
eclipse.pde.ui-20120217-1437,org.eclipse.pde.internal.ui.templates.osgi,OSGiEventAdminTemplate,getDependencies,3,1,1
eclipse.pde.ui-20120217-1437,org.eclipse.pde.internal.ui.templates.osgi,OSGiEventAdminTemplate,initializeFields,5,1,1
eclipse.pde.ui-20120217-1437,org.eclipse.pde.internal.ui.templates.osgi,OSGiEventAdminTemplate,initializeFields,6,1,1
eclipse.pde.ui-20120217-1437,org.eclipse.pde.internal.ui.templates.osgi,OSGiEventAdminTemplate,getStringOption,6,2,1
eclipse.pde.ui-20120217-1437,org.eclipse.pde.internal.ui.templates.osgi,OSGiEventAdminTemplateWizard,init,4,1,1
eclipse.pde.ui-20120217-1437,org.eclipse.pde.internal.ui.templates.osgi,OSGiEventAdminTemplateWizard,createTemplateSections,3,1,0
eclipse.pde.ui-20120217-1437,org.eclipse.pde.internal.ui.templates.osgi,OSGiEventAdminTemplateWizard,getImportPackages,3,1,0
eclipse.pde.ui-20120217-1437,org.eclipse.pde.internal.ui.templates.osgi,OSGiEventAdminTemplateWizard,getDependencies,3,1,1
eclipse.pde.ui-20120217-1437,org.eclipse.pde.internal.ui.templates.osgi,OSGiPreferencesServiceNewWizard,init,4,1,1
eclipse.pde.ui-20120217-1437,org.eclipse.pde.internal.ui.templates.osgi,OSGiPreferencesServiceNewWizard,createTemplateSections,3,1,0
eclipse.pde.ui-20120217-1437,org.eclipse.pde.internal.ui.templates.osgi,OSGiPreferencesServiceNewWizard,getImportPackages,3,1,0
eclipse.pde.ui-20120217-1437,org.eclipse.pde.internal.ui.templates.osgi,OSGiPreferencesServiceTemplate,OSGiPreferencesServiceTemplate,4,1,0
eclipse.pde.ui-20120217-1437,org.eclipse.pde.internal.ui.templates.osgi,OSGiPreferencesServiceTemplate,addPages,7,1,1
eclipse.pde.ui-20120217-1437,org.eclipse.pde.internal.ui.templates.osgi,OSGiPreferencesServiceTemplate,getSectionId,3,1,0
eclipse.pde.ui-20120217-1437,org.eclipse.pde.internal.ui.templates.osgi,OSGiPreferencesServiceTemplate,updateModel,2,1,1
eclipse.pde.ui-20120217-1437,org.eclipse.pde.internal.ui.templates.osgi,OSGiPreferencesServiceTemplate,getUsedExtensionPoint,3,1,0
eclipse.pde.ui-20120217-1437,org.eclipse.pde.internal.ui.templates.osgi,OSGiPreferencesServiceTemplate,isDependentOnParentWizard,3,1,0
eclipse.pde.ui-20120217-1437,org.eclipse.pde.internal.ui.templates.osgi,OSGiPreferencesServiceTemplate,getNumberOfWorkUnits,3,1,0
eclipse.pde.ui-20120217-1437,org.eclipse.pde.internal.ui.templates.osgi,OSGiPreferencesServiceTemplate,getDependencies,3,1,1
eclipse.pde.ui-20120217-1437,org.eclipse.pde.internal.ui.templates.osgi,OSGiSimpleLogServiceNewWizard,init,4,1,1
eclipse.pde.ui-20120217-1437,org.eclipse.pde.internal.ui.templates.osgi,OSGiSimpleLogServiceNewWizard,createTemplateSections,3,1,0
eclipse.pde.ui-20120217-1437,org.eclipse.pde.internal.ui.templates.osgi,OSGiSimpleLogServiceNewWizard,getImportPackages,3,1,0
eclipse.pde.ui-20120217-1437,org.eclipse.pde.internal.ui.templates.osgi,OSGiSimpleLogServiceTemplate,OSGiSimpleLogServiceTemplate,5,1,0
eclipse.pde.ui-20120217-1437,org.eclipse.pde.internal.ui.templates.osgi,OSGiSimpleLogServiceTemplate,addPages,7,1,1
eclipse.pde.ui-20120217-1437,org.eclipse.pde.internal.ui.templates.osgi,OSGiSimpleLogServiceTemplate,getSectionId,3,1,0
eclipse.pde.ui-20120217-1437,org.eclipse.pde.internal.ui.templates.osgi,OSGiSimpleLogServiceTemplate,updateModel,2,1,1
eclipse.pde.ui-20120217-1437,org.eclipse.pde.internal.ui.templates.osgi,OSGiSimpleLogServiceTemplate,getUsedExtensionPoint,3,1,0
eclipse.pde.ui-20120217-1437,org.eclipse.pde.internal.ui.templates.osgi,OSGiSimpleLogServiceTemplate,isDependentOnParentWizard,3,1,0
eclipse.pde.ui-20120217-1437,org.eclipse.pde.internal.ui.templates.osgi,OSGiSimpleLogServiceTemplate,getNumberOfWorkUnits,3,1,0
eclipse.pde.ui-20120217-1437,org.eclipse.pde.internal.ui.templates.osgi,OSGiSimpleLogServiceTemplate,getDependencies,3,1,1
eclipse.pde.ui-20120217-1437,org.eclipse.pde.internal.ui.templates.rcp,HelloNonUIRCPNewWizard,init,4,1,1
eclipse.pde.ui-20120217-1437,org.eclipse.pde.internal.ui.templates.rcp,HelloNonUIRCPNewWizard,createTemplateSections,3,1,0
eclipse.pde.ui-20120217-1437,org.eclipse.pde.internal.ui.templates.rcp,HelloNonUIRCPTemplate,HelloNonUIRCPTemplate,4,1,0
eclipse.pde.ui-20120217-1437,org.eclipse.pde.internal.ui.templates.rcp,HelloNonUIRCPTemplate,addPages,7,1,1
eclipse.pde.ui-20120217-1437,org.eclipse.pde.internal.ui.templates.rcp,HelloNonUIRCPTemplate,createOptions,5,1,0
eclipse.pde.ui-20120217-1437,org.eclipse.pde.internal.ui.templates.rcp,HelloNonUIRCPTemplate,initializeFields,4,1,1
eclipse.pde.ui-20120217-1437,org.eclipse.pde.internal.ui.templates.rcp,HelloNonUIRCPTemplate,initializeFields,4,1,1
eclipse.pde.ui-20120217-1437,org.eclipse.pde.internal.ui.templates.rcp,HelloNonUIRCPTemplate,getSectionId,3,1,0
eclipse.pde.ui-20120217-1437,org.eclipse.pde.internal.ui.templates.rcp,HelloNonUIRCPTemplate,updateModel,3,1,1
eclipse.pde.ui-20120217-1437,org.eclipse.pde.internal.ui.templates.rcp,HelloNonUIRCPTemplate,createApplicationExtension,13,2,0
eclipse.pde.ui-20120217-1437,org.eclipse.pde.internal.ui.templates.rcp,HelloNonUIRCPTemplate,getUsedExtensionPoint,3,1,0
eclipse.pde.ui-20120217-1437,org.eclipse.pde.internal.ui.templates.rcp,HelloNonUIRCPTemplate,isDependentOnParentWizard,3,1,0
eclipse.pde.ui-20120217-1437,org.eclipse.pde.internal.ui.templates.rcp,HelloNonUIRCPTemplate,getNumberOfWorkUnits,3,1,0
eclipse.pde.ui-20120217-1437,org.eclipse.pde.internal.ui.templates.rcp,HelloNonUIRCPTemplate,getDependencies,5,1,1
eclipse.pde.ui-20120217-1437,org.eclipse.pde.internal.ui.templates.rcp,HelloRCPNewWizard,init,4,1,1
eclipse.pde.ui-20120217-1437,org.eclipse.pde.internal.ui.templates.rcp,HelloRCPNewWizard,createTemplateSections,3,1,0
eclipse.pde.ui-20120217-1437,org.eclipse.pde.internal.ui.templates.rcp,HelloRCPTemplate,HelloRCPTemplate,4,1,0
eclipse.pde.ui-20120217-1437,org.eclipse.pde.internal.ui.templates.rcp,HelloRCPTemplate,addPages,7,1,1
eclipse.pde.ui-20120217-1437,org.eclipse.pde.internal.ui.templates.rcp,HelloRCPTemplate,createOptions,6,1,0
eclipse.pde.ui-20120217-1437,org.eclipse.pde.internal.ui.templates.rcp,HelloRCPTemplate,initializeFields,4,1,1
eclipse.pde.ui-20120217-1437,org.eclipse.pde.internal.ui.templates.rcp,HelloRCPTemplate,initializeFields,4,1,1
eclipse.pde.ui-20120217-1437,org.eclipse.pde.internal.ui.templates.rcp,HelloRCPTemplate,getSectionId,3,1,0
eclipse.pde.ui-20120217-1437,org.eclipse.pde.internal.ui.templates.rcp,HelloRCPTemplate,updateModel,5,2,1
eclipse.pde.ui-20120217-1437,org.eclipse.pde.internal.ui.templates.rcp,HelloRCPTemplate,createApplicationExtension,13,2,0
eclipse.pde.ui-20120217-1437,org.eclipse.pde.internal.ui.templates.rcp,HelloRCPTemplate,createPerspectiveExtension,11,2,0
eclipse.pde.ui-20120217-1437,org.eclipse.pde.internal.ui.templates.rcp,HelloRCPTemplate,createProductExtension,17,2,0
eclipse.pde.ui-20120217-1437,org.eclipse.pde.internal.ui.templates.rcp,HelloRCPTemplate,getUsedExtensionPoint,3,1,0
eclipse.pde.ui-20120217-1437,org.eclipse.pde.internal.ui.templates.rcp,HelloRCPTemplate,isDependentOnParentWizard,3,1,0
eclipse.pde.ui-20120217-1437,org.eclipse.pde.internal.ui.templates.rcp,HelloRCPTemplate,getNumberOfWorkUnits,3,1,0
eclipse.pde.ui-20120217-1437,org.eclipse.pde.internal.ui.templates.rcp,HelloRCPTemplate,getDependencies,6,1,1
eclipse.pde.ui-20120217-1437,org.eclipse.pde.internal.ui.templates.rcp,HelloRCPTemplate,getNewFiles,4,2,0
eclipse.pde.ui-20120217-1437,org.eclipse.pde.internal.ui.templates.rcp,IntroNewWizard,init,4,1,1
eclipse.pde.ui-20120217-1437,org.eclipse.pde.internal.ui.templates.rcp,IntroNewWizard,createTemplateSections,3,1,0
eclipse.pde.ui-20120217-1437,org.eclipse.pde.internal.ui.templates.rcp,IntroTemplate,IntroTemplate,5,1,0
eclipse.pde.ui-20120217-1437,org.eclipse.pde.internal.ui.templates.rcp,IntroTemplate,createOptions,4,1,0
eclipse.pde.ui-20120217-1437,org.eclipse.pde.internal.ui.templates.rcp,IntroTemplate,addPages,7,1,1
eclipse.pde.ui-20120217-1437,org.eclipse.pde.internal.ui.templates.rcp,IntroTemplate,isDependentOnParentWizard,3,1,0
eclipse.pde.ui-20120217-1437,org.eclipse.pde.internal.ui.templates.rcp,IntroTemplate,getSectionId,3,1,0
eclipse.pde.ui-20120217-1437,org.eclipse.pde.internal.ui.templates.rcp,IntroTemplate,initializeFields,6,1,1
eclipse.pde.ui-20120217-1437,org.eclipse.pde.internal.ui.templates.rcp,IntroTemplate,initializeFields,6,1,1
eclipse.pde.ui-20120217-1437,org.eclipse.pde.internal.ui.templates.rcp,IntroTemplate,updateModel,62,8,1
eclipse.pde.ui-20120217-1437,org.eclipse.pde.internal.ui.templates.rcp,IntroTemplate,createProductExtension,17,2,0
eclipse.pde.ui-20120217-1437,org.eclipse.pde.internal.ui.templates.rcp,IntroTemplate,isOkToCreateFolder,3,1,1
eclipse.pde.ui-20120217-1437,org.eclipse.pde.internal.ui.templates.rcp,IntroTemplate,isOkToCreateFile,6,2,1
eclipse.pde.ui-20120217-1437,org.eclipse.pde.internal.ui.templates.rcp,IntroTemplate,getUsedExtensionPoint,3,1,0
eclipse.pde.ui-20120217-1437,org.eclipse.pde.internal.ui.templates.rcp,IntroTemplate,getDependencies,11,2,1
eclipse.pde.ui-20120217-1437,org.eclipse.pde.internal.ui.templates.rcp,IntroTemplate,getNumberOfWorkUnits,3,1,0
eclipse.pde.ui-20120217-1437,org.eclipse.pde.internal.ui.templates.rcp,IntroTemplate,getValue,6,2,1
eclipse.pde.ui-20120217-1437,org.eclipse.pde.internal.ui.templates.rcp,IntroTemplate,getStringOption,6,2,1
eclipse.pde.ui-20120217-1437,org.eclipse.pde.internal.ui.templates.rcp,IntroTemplate,getNewFiles,6,2,0
eclipse.pde.ui-20120217-1437,org.eclipse.pde.internal.ui.templates.rcp,IntroTemplate,copyBrandingDirectory,3,1,0
eclipse.pde.ui-20120217-1437,org.eclipse.pde.internal.ui.templates.rcp,MailNewWizard,init,4,1,1
eclipse.pde.ui-20120217-1437,org.eclipse.pde.internal.ui.templates.rcp,MailNewWizard,createTemplateSections,3,1,0
eclipse.pde.ui-20120217-1437,org.eclipse.pde.internal.ui.templates.rcp,MailTemplate,MailTemplate,4,1,0
eclipse.pde.ui-20120217-1437,org.eclipse.pde.internal.ui.templates.rcp,MailTemplate,addPages,7,1,1
eclipse.pde.ui-20120217-1437,org.eclipse.pde.internal.ui.templates.rcp,MailTemplate,createOptions,5,1,0
eclipse.pde.ui-20120217-1437,org.eclipse.pde.internal.ui.templates.rcp,MailTemplate,initializeFields,4,1,1
eclipse.pde.ui-20120217-1437,org.eclipse.pde.internal.ui.templates.rcp,MailTemplate,initializeFields,4,1,1
eclipse.pde.ui-20120217-1437,org.eclipse.pde.internal.ui.templates.rcp,MailTemplate,getSectionId,3,1,0
eclipse.pde.ui-20120217-1437,org.eclipse.pde.internal.ui.templates.rcp,MailTemplate,updateModel,13,2,1
eclipse.pde.ui-20120217-1437,org.eclipse.pde.internal.ui.templates.rcp,MailTemplate,createApplicationExtension,13,2,0
eclipse.pde.ui-20120217-1437,org.eclipse.pde.internal.ui.templates.rcp,MailTemplate,createPerspectiveExtension,11,2,0
eclipse.pde.ui-20120217-1437,org.eclipse.pde.internal.ui.templates.rcp,MailTemplate,createViewExtension,22,2,0
eclipse.pde.ui-20120217-1437,org.eclipse.pde.internal.ui.templates.rcp,MailTemplate,createCommandExtension,51,3,1
eclipse.pde.ui-20120217-1437,org.eclipse.pde.internal.ui.templates.rcp,MailTemplate,createBindingsExtension,24,2,0
eclipse.pde.ui-20120217-1437,org.eclipse.pde.internal.ui.templates.rcp,MailTemplate,createProductExtension,28,2,0
eclipse.pde.ui-20120217-1437,org.eclipse.pde.internal.ui.templates.rcp,MailTemplate,getUsedExtensionPoint,3,1,0
eclipse.pde.ui-20120217-1437,org.eclipse.pde.internal.ui.templates.rcp,MailTemplate,isDependentOnParentWizard,3,1,0
eclipse.pde.ui-20120217-1437,org.eclipse.pde.internal.ui.templates.rcp,MailTemplate,getNumberOfWorkUnits,3,1,0
eclipse.pde.ui-20120217-1437,org.eclipse.pde.internal.ui.templates.rcp,MailTemplate,getDependencies,6,1,1
eclipse.pde.ui-20120217-1437,org.eclipse.pde.internal.ui.templates.rcp,MailTemplate,getNewFiles,3,1,0
eclipse.pde.ui-20120217-1437,org.eclipse.pde.internal.ui.templates.rcp,MailTemplate,copyBrandingDirectory,3,1,0
eclipse.pde.ui-20120217-1437,org.eclipse.pde.internal.ui.templates.rcp,ViewRCPNewWizard,init,4,1,1
eclipse.pde.ui-20120217-1437,org.eclipse.pde.internal.ui.templates.rcp,ViewRCPNewWizard,createTemplateSections,3,1,0
eclipse.pde.ui-20120217-1437,org.eclipse.pde.internal.ui.templates.rcp,ViewRCPTemplate,ViewRCPTemplate,4,1,0
eclipse.pde.ui-20120217-1437,org.eclipse.pde.internal.ui.templates.rcp,ViewRCPTemplate,addPages,7,1,1
eclipse.pde.ui-20120217-1437,org.eclipse.pde.internal.ui.templates.rcp,ViewRCPTemplate,createOptions,6,1,0
eclipse.pde.ui-20120217-1437,org.eclipse.pde.internal.ui.templates.rcp,ViewRCPTemplate,initializeFields,4,1,1
eclipse.pde.ui-20120217-1437,org.eclipse.pde.internal.ui.templates.rcp,ViewRCPTemplate,initializeFields,4,1,1
eclipse.pde.ui-20120217-1437,org.eclipse.pde.internal.ui.templates.rcp,ViewRCPTemplate,getSectionId,3,1,0
eclipse.pde.ui-20120217-1437,org.eclipse.pde.internal.ui.templates.rcp,ViewRCPTemplate,updateModel,8,2,1
eclipse.pde.ui-20120217-1437,org.eclipse.pde.internal.ui.templates.rcp,ViewRCPTemplate,createApplicationExtension,13,2,0
eclipse.pde.ui-20120217-1437,org.eclipse.pde.internal.ui.templates.rcp,ViewRCPTemplate,createPerspectiveExtension,11,2,0
eclipse.pde.ui-20120217-1437,org.eclipse.pde.internal.ui.templates.rcp,ViewRCPTemplate,createViewExtension,12,2,0
eclipse.pde.ui-20120217-1437,org.eclipse.pde.internal.ui.templates.rcp,ViewRCPTemplate,createPerspectiveViewExtension,18,2,0
eclipse.pde.ui-20120217-1437,org.eclipse.pde.internal.ui.templates.rcp,ViewRCPTemplate,createMenuExtension,18,2,0
eclipse.pde.ui-20120217-1437,org.eclipse.pde.internal.ui.templates.rcp,ViewRCPTemplate,createProductExtension,17,2,0
eclipse.pde.ui-20120217-1437,org.eclipse.pde.internal.ui.templates.rcp,ViewRCPTemplate,getUsedExtensionPoint,3,1,0
eclipse.pde.ui-20120217-1437,org.eclipse.pde.internal.ui.templates.rcp,ViewRCPTemplate,isDependentOnParentWizard,3,1,0
eclipse.pde.ui-20120217-1437,org.eclipse.pde.internal.ui.templates.rcp,ViewRCPTemplate,getNumberOfWorkUnits,3,1,0
eclipse.pde.ui-20120217-1437,org.eclipse.pde.internal.ui.templates.rcp,ViewRCPTemplate,getDependencies,6,1,1
eclipse.pde.ui-20120217-1437,org.eclipse.pde.internal.ui.templates.rcp,ViewRCPTemplate,getNewFiles,4,2,0
eclipse.pde.ui-20120217-1437,$packageName$,$activator$,start,8,1,1
eclipse.pde.ui-20120217-1437,$packageName$,$activator$,stop,5,1,1
eclipse.pde.ui-20120217-1437,$packageName$,$activator$,start,7,2,1
eclipse.pde.ui-20120217-1437,$packageName$,$activator$,stop,6,2,1
eclipse.pde.ui-20120217-1437,$packageName$,SimpleLogService,log,0,1,1
eclipse.pde.ui-20120217-1437,$packageName$,SimpleLogServiceImpl,log,3,1,1
eclipse.pde.ui-20120217-1437,$packageName$,$builderClassName$,visit,14,4,1
eclipse.pde.ui-20120217-1437,$packageName$,$builderClassName$,visit,4,1,1
eclipse.pde.ui-20120217-1437,$packageName$,$builderClassName$,XMLErrorHandler,3,1,1
eclipse.pde.ui-20120217-1437,$packageName$,$builderClassName$,addMarker,3,1,2
eclipse.pde.ui-20120217-1437,$packageName$,$builderClassName$,error,3,1,1
eclipse.pde.ui-20120217-1437,$packageName$,$builderClassName$,fatalError,3,1,1
eclipse.pde.ui-20120217-1437,$packageName$,$builderClassName$,warning,3,1,1
eclipse.pde.ui-20120217-1437,$packageName$,$builderClassName$,addMarker,13,2,4
eclipse.pde.ui-20120217-1437,$packageName$,$builderClassName$,build,15,3,3
eclipse.pde.ui-20120217-1437,$packageName$,$builderClassName$,checkXML,12,2,1
eclipse.pde.ui-20120217-1437,$packageName$,$builderClassName$,deleteMarkers,7,1,1
eclipse.pde.ui-20120217-1437,$packageName$,$builderClassName$,fullBuild,7,1,1
eclipse.pde.ui-20120217-1437,$packageName$,$builderClassName$,getParser,6,2,0
eclipse.pde.ui-20120217-1437,$packageName$,$builderClassName$,incrementalBuild,3,1,2
eclipse.pde.ui-20120217-1437,$packageName$,SampleDeltaVisitor,visit,14,4,1
eclipse.pde.ui-20120217-1437,$packageName$,SampleResourceVisitor,visit,4,1,1
eclipse.pde.ui-20120217-1437,$packageName$,XMLErrorHandler,XMLErrorHandler,3,1,1
eclipse.pde.ui-20120217-1437,$packageName$,XMLErrorHandler,addMarker,3,1,2
eclipse.pde.ui-20120217-1437,$packageName$,XMLErrorHandler,error,3,1,1
eclipse.pde.ui-20120217-1437,$packageName$,XMLErrorHandler,fatalError,3,1,1
eclipse.pde.ui-20120217-1437,$packageName$,XMLErrorHandler,warning,3,1,1
eclipse.pde.ui-20120217-1437,$packageName$,$natureClassName$,configure,16,3,0
eclipse.pde.ui-20120217-1437,$packageName$,$natureClassName$,deconfigure,14,3,0
eclipse.pde.ui-20120217-1437,$packageName$,$natureClassName$,getProject,3,1,0
eclipse.pde.ui-20120217-1437,$packageName$,$natureClassName$,setProject,3,1,1
eclipse.pde.ui-20120217-1437,$packageName$,ToggleNatureAction,run,17,6,1
eclipse.pde.ui-20120217-1437,$packageName$,ToggleNatureAction,selectionChanged,3,1,2
eclipse.pde.ui-20120217-1437,$packageName$,ToggleNatureAction,setActivePart,2,1,2
eclipse.pde.ui-20120217-1437,$packageName$,ToggleNatureAction,toggleNature,23,3,1
eclipse.pde.ui-20120217-1437,$packageName$,$decoratorClassName$,decorate,21,3,2
eclipse.pde.ui-20120217-1437,$packageName$,$decoratorClassName$,addListener,2,1,1
eclipse.pde.ui-20120217-1437,$packageName$,$decoratorClassName$,dispose,2,1,0
eclipse.pde.ui-20120217-1437,$packageName$,$decoratorClassName$,isLabelProperty,3,1,2
eclipse.pde.ui-20120217-1437,$packageName$,$decoratorClassName$,removeListener,2,1,1
eclipse.pde.ui-20120217-1437,$packageName$,$editorClass$,$editorClass$,6,1,0
eclipse.pde.ui-20120217-1437,$packageName$,$editorClass$,dispose,4,1,0
eclipse.pde.ui-20120217-1437,$packageName$,ColorManager,dispose,4,2,0
eclipse.pde.ui-20120217-1437,$packageName$,ColorManager,getColor,8,2,1
eclipse.pde.ui-20120217-1437,$packageName$,NonRuleBasedDamagerRepairer,NonRuleBasedDamagerRepairer,4,1,1
eclipse.pde.ui-20120217-1437,$packageName$,NonRuleBasedDamagerRepairer,setDocument,3,1,1
eclipse.pde.ui-20120217-1437,$packageName$,NonRuleBasedDamagerRepairer,endOfLineOf,12,2,1
eclipse.pde.ui-20120217-1437,$packageName$,NonRuleBasedDamagerRepairer,getDamageRegion,18,3,3
eclipse.pde.ui-20120217-1437,$packageName$,NonRuleBasedDamagerRepairer,createPresentation,3,1,2
eclipse.pde.ui-20120217-1437,$packageName$,NonRuleBasedDamagerRepairer,addRange,3,2,4
eclipse.pde.ui-20120217-1437,$packageName$,TagRule,TagRule,3,1,1
eclipse.pde.ui-20120217-1437,$packageName$,TagRule,sequenceDetected,17,5,3
eclipse.pde.ui-20120217-1437,$packageName$,XMLConfiguration,XMLConfiguration,3,1,1
eclipse.pde.ui-20120217-1437,$packageName$,XMLConfiguration,getConfiguredContentTypes,3,1,1
eclipse.pde.ui-20120217-1437,$packageName$,XMLConfiguration,getDoubleClickStrategy,4,2,2
eclipse.pde.ui-20120217-1437,$packageName$,XMLConfiguration,getXMLScanner,7,2,0
eclipse.pde.ui-20120217-1437,$packageName$,XMLConfiguration,getXMLTagScanner,7,2,0
eclipse.pde.ui-20120217-1437,$packageName$,XMLConfiguration,getPresentationReconciler,13,1,1
eclipse.pde.ui-20120217-1437,$packageName$,XMLDocumentProvider,createDocument,9,2,1
eclipse.pde.ui-20120217-1437,$packageName$,XMLDoubleClickStrategy,doubleClicked,8,3,1
eclipse.pde.ui-20120217-1437,$packageName$,XMLDoubleClickStrategy,selectComment,36,8,1
eclipse.pde.ui-20120217-1437,$packageName$,XMLDoubleClickStrategy,selectWord,27,5,1
eclipse.pde.ui-20120217-1437,$packageName$,XMLDoubleClickStrategy,selectRange,5,1,2
eclipse.pde.ui-20120217-1437,$packageName$,XMLPartitionScanner,XMLPartitionScanner,8,1,0
eclipse.pde.ui-20120217-1437,$packageName$,XMLScanner,XMLScanner,7,1,1
eclipse.pde.ui-20120217-1437,$packageName$,XMLTagScanner,XMLTagScanner,8,1,1
eclipse.pde.ui-20120217-1437,$packageName$,XMLWhitespaceDetector,isWhitespace,3,1,1
eclipse.pde.ui-20120217-1437,$packageName$,$applicationClass$,run,4,1,1
eclipse.pde.ui-20120217-1437,$packageName$,$activator$,start,3,1,1
eclipse.pde.ui-20120217-1437,$packageName$,$activator$,stop,3,1,1
eclipse.pde.ui-20120217-1437,$packageName$,$activator$,start,11,1,1
eclipse.pde.ui-20120217-1437,$packageName$,$activator$,stop,6,1,1
eclipse.pde.ui-20120217-1437,$packageName$,$activator$,serviceChanged,17,3,1
eclipse.pde.ui-20120217-1437,$packageName$,Dictionary,getLanguage,0,1,0
eclipse.pde.ui-20120217-1437,$packageName$,Dictionary,check,0,1,1
eclipse.pde.ui-20120217-1437,$packageName$,DictionaryImpl,getLanguage,3,1,0
eclipse.pde.ui-20120217-1437,$packageName$,DictionaryImpl,check,3,1,1
eclipse.pde.ui-20120217-1437,$packageName$,DictionaryImpl,toString,3,1,0
eclipse.pde.ui-20120217-1437,$packageName$,DictionaryService,registerDictionary,0,1,1
eclipse.pde.ui-20120217-1437,$packageName$,DictionaryService,unregisterDictionary,0,1,1
eclipse.pde.ui-20120217-1437,$packageName$,DictionaryService,check,0,1,1
eclipse.pde.ui-20120217-1437,$packageName$,DictionaryServiceImpl,registerDictionary,3,1,1
eclipse.pde.ui-20120217-1437,$packageName$,DictionaryServiceImpl,unregisterDictionary,3,1,1
eclipse.pde.ui-20120217-1437,$packageName$,DictionaryServiceImpl,check,7,3,1
eclipse.pde.ui-20120217-1437,$packageName$,$activator$,start,10,1,1
eclipse.pde.ui-20120217-1437,$packageName$,$activator$,stop,6,1,1
eclipse.pde.ui-20120217-1437,$packageName$,$activator$,serviceChanged,17,3,1
eclipse.pde.ui-20120217-1437,$packageName$,Dictionary,getLanguage,0,1,0
eclipse.pde.ui-20120217-1437,$packageName$,Dictionary,check,0,1,1
eclipse.pde.ui-20120217-1437,$packageName$,DictionaryImpl,getLanguage,3,1,0
eclipse.pde.ui-20120217-1437,$packageName$,DictionaryImpl,check,3,1,1
eclipse.pde.ui-20120217-1437,$packageName$,DictionaryImpl,toString,3,1,0
eclipse.pde.ui-20120217-1437,$packageName$,DictionaryService,registerDictionary,0,1,1
eclipse.pde.ui-20120217-1437,$packageName$,DictionaryService,unregisterDictionary,0,1,1
eclipse.pde.ui-20120217-1437,$packageName$,DictionaryService,check,0,1,1
eclipse.pde.ui-20120217-1437,$packageName$,DictionaryService,getLanguages,0,1,0
eclipse.pde.ui-20120217-1437,$packageName$,DictionaryServiceImpl,registerDictionary,3,1,1
eclipse.pde.ui-20120217-1437,$packageName$,DictionaryServiceImpl,unregisterDictionary,3,1,1
eclipse.pde.ui-20120217-1437,$packageName$,DictionaryServiceImpl,check,7,3,1
eclipse.pde.ui-20120217-1437,$packageName$,DictionaryServiceImpl,getLanguages,8,2,0
eclipse.pde.ui-20120217-1437,$packageName$,ServiceComponent,_$command$,22,6,1
eclipse.pde.ui-20120217-1437,$packageName$,ServiceComponent,getHelp,7,1,0
eclipse.pde.ui-20120217-1437,$packageName$,ServiceComponent,setDictionary,3,1,1
eclipse.pde.ui-20120217-1437,$packageName$,ServiceComponent,unsetDictionary,3,1,1
eclipse.pde.ui-20120217-1437,$packageName$,$applicationClass$,run,13,2,1
eclipse.pde.ui-20120217-1437,$packageName$,ApplicationWorkbenchAdvisor,getInitialWindowPerspectiveId,3,1,0
eclipse.pde.ui-20120217-1437,$packageName$,ApplicationWorkbenchAdvisor,preWindowOpen,2,1,1
eclipse.pde.ui-20120217-1437,$packageName$,Perspective,createInitialLayout,2,1,1
eclipse.pde.ui-20120217-1437,$packageName$,$className$,$className$,2,1,0
eclipse.pde.ui-20120217-1437,$packageName$,$className$,run,3,1,1
eclipse.pde.ui-20120217-1437,$packageName$,$className$,selectionChanged,2,1,2
eclipse.pde.ui-20120217-1437,$packageName$,$className$,dispose,2,1,0
eclipse.pde.ui-20120217-1437,$packageName$,$className$,init,3,1,1
eclipse.pde.ui-20120217-1437,$packageName$,$wizardClassName$,$wizardClassName$,3,1,0
eclipse.pde.ui-20120217-1437,$packageName$,$wizardClassName$,performFinish,5,2,0
eclipse.pde.ui-20120217-1437,$packageName$,$wizardClassName$,init,5,1,2
eclipse.pde.ui-20120217-1437,$packageName$,$wizardClassName$,addPages,4,1,0
eclipse.pde.ui-20120217-1437,$packageName$,$wizardPageClassName$,$wizardPageClassName$,5,1,2
eclipse.pde.ui-20120217-1437,$packageName$,$wizardPageClassName$,createAdvancedControls,30,1,1
eclipse.pde.ui-20120217-1437,$packageName$,$wizardPageClassName$,modifyText,4,1,1
eclipse.pde.ui-20120217-1437,$packageName$,$wizardPageClassName$,createLinkTarget,2,1,0
eclipse.pde.ui-20120217-1437,$packageName$,$wizardPageClassName$,getInitialContents,8,1,0
eclipse.pde.ui-20120217-1437,$packageName$,$wizardPageClassName$,getNewFileLabel,3,1,0
eclipse.pde.ui-20120217-1437,$packageName$,$wizardPageClassName$,validateLinkedResource,3,1,0
eclipse.pde.ui-20120217-1437,$packageName$,Application,run,13,2,1
eclipse.pde.ui-20120217-1437,$packageName$,ApplicationWorkbenchAdvisor,initialize,4,1,1
eclipse.pde.ui-20120217-1437,$packageName$,ApplicationWorkbenchAdvisor,getInitialWindowPerspectiveId,3,1,0
eclipse.pde.ui-20120217-1437,$packageName$,ApplicationWorkbenchAdvisor,preWindowOpen,6,1,1
eclipse.pde.ui-20120217-1437,$packageName$,ApplicationWorkbenchAdvisor,fillActionBars,15,3,3
eclipse.pde.ui-20120217-1437,$packageName$,DynamicContentProvider,init,2,1,1
eclipse.pde.ui-20120217-1437,$packageName$,DynamicContentProvider,createContent,5,1,2
eclipse.pde.ui-20120217-1437,$packageName$,DynamicContentProvider,createContent,5,1,3
eclipse.pde.ui-20120217-1437,$packageName$,DynamicContentProvider,getCurrentTimeString,6,1,0
eclipse.pde.ui-20120217-1437,$packageName$,DynamicContentProvider,dispose,2,1,0
eclipse.pde.ui-20120217-1437,$packageName$,Perspective,createInitialLayout,2,1,1
eclipse.pde.ui-20120217-1437,$packageName$,$contributorClassName$,$contributorClassName$,4,1,0
eclipse.pde.ui-20120217-1437,$packageName$,$contributorClassName$,getAction,3,1,2
eclipse.pde.ui-20120217-1437,$packageName$,$contributorClassName$,setActivePage,18,3,1
eclipse.pde.ui-20120217-1437,$packageName$,$contributorClassName$,createActions,11,1,0
eclipse.pde.ui-20120217-1437,$packageName$,$contributorClassName$,run,3,1,0
eclipse.pde.ui-20120217-1437,$packageName$,$contributorClassName$,contributeToMenu,5,1,1
eclipse.pde.ui-20120217-1437,$packageName$,$contributorClassName$,contributeToToolBar,4,1,1
eclipse.pde.ui-20120217-1437,$packageName$,$editorClassName$,$editorClassName$,4,1,0
eclipse.pde.ui-20120217-1437,$packageName$,$editorClassName$,createPage0,10,1,0
eclipse.pde.ui-20120217-1437,$packageName$,$editorClassName$,createPage1,19,1,0
eclipse.pde.ui-20120217-1437,$packageName$,$editorClassName$,widgetSelected,3,1,1
eclipse.pde.ui-20120217-1437,$packageName$,$editorClassName$,createPage2,9,1,0
eclipse.pde.ui-20120217-1437,$packageName$,$editorClassName$,createPages,5,1,0
eclipse.pde.ui-20120217-1437,$packageName$,$editorClassName$,dispose,4,1,0
eclipse.pde.ui-20120217-1437,$packageName$,$editorClassName$,doSave,3,1,1
eclipse.pde.ui-20120217-1437,$packageName$,$editorClassName$,doSaveAs,6,1,0
eclipse.pde.ui-20120217-1437,$packageName$,$editorClassName$,gotoMarker,4,1,1
eclipse.pde.ui-20120217-1437,$packageName$,$editorClassName$,init,4,2,2
eclipse.pde.ui-20120217-1437,$packageName$,$editorClassName$,isSaveAsAllowed,3,1,0
eclipse.pde.ui-20120217-1437,$packageName$,$editorClassName$,pageChange,6,2,1
eclipse.pde.ui-20120217-1437,$packageName$,$editorClassName$,resourceChanged,16,4,1
eclipse.pde.ui-20120217-1437,$packageName$,$editorClassName$,run,9,3,0
eclipse.pde.ui-20120217-1437,$packageName$,$editorClassName$,setFont,10,3,0
eclipse.pde.ui-20120217-1437,$packageName$,$editorClassName$,sortWords,15,3,0
eclipse.pde.ui-20120217-1437,$packageName$,$wizardClassName$,$wizardClassName$,4,1,0
eclipse.pde.ui-20120217-1437,$packageName$,$wizardClassName$,addPages,4,1,0
eclipse.pde.ui-20120217-1437,$packageName$,$wizardClassName$,performFinish,30,1,0
eclipse.pde.ui-20120217-1437,$packageName$,$wizardClassName$,run,11,1,1
eclipse.pde.ui-20120217-1437,$packageName$,$wizardClassName$,doFinish,36,3,3
eclipse.pde.ui-20120217-1437,$packageName$,$wizardClassName$,run,8,1,0
eclipse.pde.ui-20120217-1437,$packageName$,$wizardClassName$,openContentStream,4,1,0
eclipse.pde.ui-20120217-1437,$packageName$,$wizardClassName$,throwCoreException,4,1,1
eclipse.pde.ui-20120217-1437,$packageName$,$wizardClassName$,init,3,1,2
eclipse.pde.ui-20120217-1437,$packageName$,$wizardPageClassName$,$wizardPageClassName$,6,1,1
eclipse.pde.ui-20120217-1437,$packageName$,$wizardPageClassName$,createControl,40,1,1
eclipse.pde.ui-20120217-1437,$packageName$,$wizardPageClassName$,modifyText,3,1,1
eclipse.pde.ui-20120217-1437,$packageName$,$wizardPageClassName$,widgetSelected,3,1,1
eclipse.pde.ui-20120217-1437,$packageName$,$wizardPageClassName$,modifyText,3,1,1
eclipse.pde.ui-20120217-1437,$packageName$,$wizardPageClassName$,initialize,14,5,0
eclipse.pde.ui-20120217-1437,$packageName$,$wizardPageClassName$,handleBrowse,9,3,0
eclipse.pde.ui-20120217-1437,$packageName$,$wizardPageClassName$,dialogChanged,33,8,0
eclipse.pde.ui-20120217-1437,$packageName$,$wizardPageClassName$,updateStatus,4,1,1
eclipse.pde.ui-20120217-1437,$packageName$,$wizardPageClassName$,getContainerName,3,1,0
eclipse.pde.ui-20120217-1437,$packageName$,$wizardPageClassName$,getFileName,3,1,0
eclipse.pde.ui-20120217-1437,$packageName$,$perspectiveClassName$,$perspectiveClassName$,3,1,0
eclipse.pde.ui-20120217-1437,$packageName$,$perspectiveClassName$,createInitialLayout,2,1,1
eclipse.pde.ui-20120217-1437,$packageName$,$perspectiveClassName$,addViews,11,1,0
eclipse.pde.ui-20120217-1437,$packageName$,$perspectiveClassName$,addActionSets,13,1,0
eclipse.pde.ui-20120217-1437,$packageName$,$perspectiveClassName$,addPerspectiveShortcuts,5,1,0
eclipse.pde.ui-20120217-1437,$packageName$,$perspectiveClassName$,addNewWizardShortcuts,5,1,0
eclipse.pde.ui-20120217-1437,$packageName$,$perspectiveClassName$,addViewShortcuts,12,1,0
eclipse.pde.ui-20120217-1437,$packageName$,$actionClass$,$actionClass$,3,1,0
eclipse.pde.ui-20120217-1437,$packageName$,$actionClass$,setActivePart,3,1,2
eclipse.pde.ui-20120217-1437,$packageName$,$actionClass$,run,3,1,1
eclipse.pde.ui-20120217-1437,$packageName$,$actionClass$,selectionChanged,2,1,2
eclipse.pde.ui-20120217-1437,$packageName$,$pageClassName$,$pageClassName$,5,1,0
eclipse.pde.ui-20120217-1437,$packageName$,$pageClassName$,createFieldEditors,6,1,0
eclipse.pde.ui-20120217-1437,$packageName$,$pageClassName$,init,2,1,1
eclipse.pde.ui-20120217-1437,$packageName$,PreferenceInitializer,initializeDefaultPreferences,6,1,0
eclipse.pde.ui-20120217-1437,$packageName$,$className$,$className$,3,1,0
eclipse.pde.ui-20120217-1437,$packageName$,$className$,addFirstSection,7,1,1
eclipse.pde.ui-20120217-1437,$packageName$,$className$,addSeparator,7,1,1
eclipse.pde.ui-20120217-1437,$packageName$,$className$,addSecondSection,16,1,1
eclipse.pde.ui-20120217-1437,$packageName$,$className$,createContents,12,1,1
eclipse.pde.ui-20120217-1437,$packageName$,$className$,createDefaultComposite,11,1,1
eclipse.pde.ui-20120217-1437,$packageName$,$className$,performDefaults,4,1,0
eclipse.pde.ui-20120217-1437,$packageName$,$className$,performOk,9,1,0
eclipse.pde.ui-20120217-1437,$packageName$,$className$,inputChanged,2,1,3
eclipse.pde.ui-20120217-1437,$packageName$,$className$,dispose,2,1,0
eclipse.pde.ui-20120217-1437,$packageName$,$className$,getElements,3,1,1
eclipse.pde.ui-20120217-1437,$packageName$,$className$,TreeObject,3,1,1
eclipse.pde.ui-20120217-1437,$packageName$,$className$,getName,3,1,0
eclipse.pde.ui-20120217-1437,$packageName$,$className$,setParent,3,1,1
eclipse.pde.ui-20120217-1437,$packageName$,$className$,getParent,3,1,0
eclipse.pde.ui-20120217-1437,$packageName$,$className$,toString,3,1,0
eclipse.pde.ui-20120217-1437,$packageName$,$className$,getAdapter,3,1,1
eclipse.pde.ui-20120217-1437,$packageName$,$className$,TreeParent,4,1,1
eclipse.pde.ui-20120217-1437,$packageName$,$className$,addChild,4,1,1
eclipse.pde.ui-20120217-1437,$packageName$,$className$,removeChild,4,1,1
eclipse.pde.ui-20120217-1437,$packageName$,$className$,getChildren,3,1,0
eclipse.pde.ui-20120217-1437,$packageName$,$className$,hasChildren,3,1,0
eclipse.pde.ui-20120217-1437,$packageName$,$className$,inputChanged,2,1,3
eclipse.pde.ui-20120217-1437,$packageName$,$className$,dispose,2,1,0
eclipse.pde.ui-20120217-1437,$packageName$,$className$,getElements,7,3,1
eclipse.pde.ui-20120217-1437,$packageName$,$className$,getParent,6,2,1
eclipse.pde.ui-20120217-1437,$packageName$,$className$,getChildren,6,2,1
eclipse.pde.ui-20120217-1437,$packageName$,$className$,hasChildren,4,2,1
eclipse.pde.ui-20120217-1437,$packageName$,$className$,initialize,17,1,0
eclipse.pde.ui-20120217-1437,$packageName$,$className$,getColumnText,3,1,2
eclipse.pde.ui-20120217-1437,$packageName$,$className$,getColumnImage,3,1,2
eclipse.pde.ui-20120217-1437,$packageName$,$className$,getImage,3,1,1
eclipse.pde.ui-20120217-1437,$packageName$,$className$,getText,3,1,1
eclipse.pde.ui-20120217-1437,$packageName$,$className$,getImage,5,2,1
eclipse.pde.ui-20120217-1437,$packageName$,$className$,$className$,2,1,0
eclipse.pde.ui-20120217-1437,$packageName$,$className$,createPartControl,17,1,1
eclipse.pde.ui-20120217-1437,$packageName$,$className$,hookContextMenu,13,1,0
eclipse.pde.ui-20120217-1437,$packageName$,$className$,menuAboutToShow,3,1,1
eclipse.pde.ui-20120217-1437,$packageName$,$className$,contributeToActionBars,5,1,0
eclipse.pde.ui-20120217-1437,$packageName$,$className$,fillLocalPullDown,5,1,1
eclipse.pde.ui-20120217-1437,$packageName$,$className$,fillContextMenu,8,1,1
eclipse.pde.ui-20120217-1437,$packageName$,$className$,fillLocalToolBar,2,1,1
eclipse.pde.ui-20120217-1437,$packageName$,$className$,makeActions,28,1,0
eclipse.pde.ui-20120217-1437,$packageName$,$className$,run,3,1,0
eclipse.pde.ui-20120217-1437,$packageName$,$className$,run,3,1,0
eclipse.pde.ui-20120217-1437,$packageName$,$className$,run,5,1,0
eclipse.pde.ui-20120217-1437,$packageName$,$className$,hookDoubleClickAction,8,1,0
eclipse.pde.ui-20120217-1437,$packageName$,$className$,doubleClick,3,1,1
eclipse.pde.ui-20120217-1437,$packageName$,$className$,showMessage,3,1,1
eclipse.pde.ui-20120217-1437,$packageName$,$className$,setFocus,3,1,0
eclipse.pde.ui-20120217-1437,$packageName$,ViewContentProvider,inputChanged,2,1,3
eclipse.pde.ui-20120217-1437,$packageName$,ViewContentProvider,dispose,2,1,0
eclipse.pde.ui-20120217-1437,$packageName$,ViewContentProvider,getElements,3,1,1
eclipse.pde.ui-20120217-1437,$packageName$,TreeObject,TreeObject,3,1,1
eclipse.pde.ui-20120217-1437,$packageName$,TreeObject,getName,3,1,0
eclipse.pde.ui-20120217-1437,$packageName$,TreeObject,setParent,3,1,1
eclipse.pde.ui-20120217-1437,$packageName$,TreeObject,getParent,3,1,0
eclipse.pde.ui-20120217-1437,$packageName$,TreeObject,toString,3,1,0
eclipse.pde.ui-20120217-1437,$packageName$,TreeObject,getAdapter,3,1,1
eclipse.pde.ui-20120217-1437,$packageName$,TreeParent,TreeParent,4,1,1
eclipse.pde.ui-20120217-1437,$packageName$,TreeParent,addChild,4,1,1
eclipse.pde.ui-20120217-1437,$packageName$,TreeParent,removeChild,4,1,1
eclipse.pde.ui-20120217-1437,$packageName$,TreeParent,getChildren,3,1,0
eclipse.pde.ui-20120217-1437,$packageName$,TreeParent,hasChildren,3,1,0
eclipse.pde.ui-20120217-1437,$packageName$,ViewContentProvider,inputChanged,2,1,3
eclipse.pde.ui-20120217-1437,$packageName$,ViewContentProvider,dispose,2,1,0
eclipse.pde.ui-20120217-1437,$packageName$,ViewContentProvider,getElements,7,3,1
eclipse.pde.ui-20120217-1437,$packageName$,ViewContentProvider,getParent,6,2,1
eclipse.pde.ui-20120217-1437,$packageName$,ViewContentProvider,getChildren,6,2,1
eclipse.pde.ui-20120217-1437,$packageName$,ViewContentProvider,hasChildren,4,2,1
eclipse.pde.ui-20120217-1437,$packageName$,ViewContentProvider,initialize,17,1,0
eclipse.pde.ui-20120217-1437,$packageName$,ViewLabelProvider,getColumnText,3,1,2
eclipse.pde.ui-20120217-1437,$packageName$,ViewLabelProvider,getColumnImage,3,1,2
eclipse.pde.ui-20120217-1437,$packageName$,ViewLabelProvider,getImage,3,1,1
eclipse.pde.ui-20120217-1437,$packageName$,ViewLabelProvider,getText,3,1,1
eclipse.pde.ui-20120217-1437,$packageName$,ViewLabelProvider,getImage,5,2,1
eclipse.pde.ui-20120217-1437,$packageName$,$applicationClass$,run,13,2,1
eclipse.pde.ui-20120217-1437,$packageName$,ApplicationWorkbenchAdvisor,getInitialWindowPerspectiveId,3,1,0
eclipse.pde.ui-20120217-1437,$packageName$,ApplicationWorkbenchAdvisor,preWindowOpen,2,1,1
eclipse.pde.ui-20120217-1437,$packageName$,ApplicationWorkbenchAdvisor,fillActionBars,6,2,3
eclipse.pde.ui-20120217-1437,$packageName$,ApplicationWorkbenchAdvisor,fillMenuBar,4,1,2
eclipse.pde.ui-20120217-1437,$packageName$,ApplicationWorkbenchAdvisor,createFileMenu,8,1,1
eclipse.pde.ui-20120217-1437,$packageName$,Perspective,createInitialLayout,6,1,1
eclipse.pde.ui-20120217-1437,$packageName$,View,inputChanged,2,1,3
eclipse.pde.ui-20120217-1437,$packageName$,View,dispose,2,1,0
eclipse.pde.ui-20120217-1437,$packageName$,View,getElements,3,1,1
eclipse.pde.ui-20120217-1437,$packageName$,View,getColumnText,3,1,2
eclipse.pde.ui-20120217-1437,$packageName$,View,getColumnImage,3,1,2
eclipse.pde.ui-20120217-1437,$packageName$,View,getImage,3,1,1
eclipse.pde.ui-20120217-1437,$packageName$,View,createPartControl,6,1,1
eclipse.pde.ui-20120217-1437,$packageName$,View,setFocus,3,1,0
eclipse.pde.ui-20120217-1437,$packageName$,ViewContentProvider,inputChanged,2,1,3
eclipse.pde.ui-20120217-1437,$packageName$,ViewContentProvider,dispose,2,1,0
eclipse.pde.ui-20120217-1437,$packageName$,ViewContentProvider,getElements,3,1,1
eclipse.pde.ui-20120217-1437,$packageName$,ViewLabelProvider,getColumnText,3,1,2
eclipse.pde.ui-20120217-1437,$packageName$,ViewLabelProvider,getColumnImage,3,1,2
eclipse.pde.ui-20120217-1437,$packageName$,ViewLabelProvider,getImage,3,1,1
eclipse.pde.ui-20120217-1437,$packageName$,$editorClass$,$editorClass$,6,1,0
eclipse.pde.ui-20120217-1437,$packageName$,$editorClass$,dispose,4,1,0
eclipse.pde.ui-20120217-1437,$packageName$,ColorManager,dispose,4,2,0
eclipse.pde.ui-20120217-1437,$packageName$,ColorManager,getColor,8,2,1
eclipse.pde.ui-20120217-1437,$packageName$,NonRuleBasedDamagerRepairer,NonRuleBasedDamagerRepairer,4,1,1
eclipse.pde.ui-20120217-1437,$packageName$,NonRuleBasedDamagerRepairer,setDocument,3,1,1
eclipse.pde.ui-20120217-1437,$packageName$,NonRuleBasedDamagerRepairer,endOfLineOf,12,2,1
eclipse.pde.ui-20120217-1437,$packageName$,NonRuleBasedDamagerRepairer,getDamageRegion,18,3,3
eclipse.pde.ui-20120217-1437,$packageName$,NonRuleBasedDamagerRepairer,createPresentation,3,1,2
eclipse.pde.ui-20120217-1437,$packageName$,NonRuleBasedDamagerRepairer,addRange,3,2,4
eclipse.pde.ui-20120217-1437,$packageName$,TagRule,TagRule,3,1,1
eclipse.pde.ui-20120217-1437,$packageName$,TagRule,sequenceDetected,17,5,3
eclipse.pde.ui-20120217-1437,$packageName$,XMLConfiguration,XMLConfiguration,3,1,1
eclipse.pde.ui-20120217-1437,$packageName$,XMLConfiguration,getConfiguredContentTypes,3,1,1
eclipse.pde.ui-20120217-1437,$packageName$,XMLConfiguration,getDoubleClickStrategy,4,2,2
eclipse.pde.ui-20120217-1437,$packageName$,XMLConfiguration,getXMLScanner,7,2,0
eclipse.pde.ui-20120217-1437,$packageName$,XMLConfiguration,getXMLTagScanner,7,2,0
eclipse.pde.ui-20120217-1437,$packageName$,XMLConfiguration,getPresentationReconciler,13,1,1
eclipse.pde.ui-20120217-1437,$packageName$,XMLDocumentProvider,createDocument,9,2,1
eclipse.pde.ui-20120217-1437,$packageName$,XMLDoubleClickStrategy,doubleClicked,8,3,1
eclipse.pde.ui-20120217-1437,$packageName$,XMLDoubleClickStrategy,selectComment,36,8,1
eclipse.pde.ui-20120217-1437,$packageName$,XMLDoubleClickStrategy,selectWord,27,5,1
eclipse.pde.ui-20120217-1437,$packageName$,XMLDoubleClickStrategy,selectRange,5,1,2
eclipse.pde.ui-20120217-1437,$packageName$,XMLPartitionScanner,XMLPartitionScanner,8,1,0
eclipse.pde.ui-20120217-1437,$packageName$,XMLScanner,XMLScanner,7,1,1
eclipse.pde.ui-20120217-1437,$packageName$,XMLTagScanner,XMLTagScanner,8,1,1
eclipse.pde.ui-20120217-1437,$packageName$,XMLWhitespaceDetector,isWhitespace,3,1,1
eclipse.pde.ui-20120217-1437,$packageName$,$applicationClass$,run,13,2,1
eclipse.pde.ui-20120217-1437,$packageName$,ApplicationActionBarAdvisor,ApplicationActionBarAdvisor,3,1,1
eclipse.pde.ui-20120217-1437,$packageName$,ApplicationActionBarAdvisor,makeActions,2,1,1
eclipse.pde.ui-20120217-1437,$packageName$,ApplicationActionBarAdvisor,fillMenuBar,2,1,1
eclipse.pde.ui-20120217-1437,$packageName$,ApplicationWorkbenchAdvisor,createWorkbenchWindowAdvisor,3,1,1
eclipse.pde.ui-20120217-1437,$packageName$,ApplicationWorkbenchAdvisor,getInitialWindowPerspectiveId,3,1,0
eclipse.pde.ui-20120217-1437,$packageName$,ApplicationWorkbenchWindowAdvisor,ApplicationWorkbenchWindowAdvisor,3,1,1
eclipse.pde.ui-20120217-1437,$packageName$,ApplicationWorkbenchWindowAdvisor,createActionBarAdvisor,3,1,1
eclipse.pde.ui-20120217-1437,$packageName$,ApplicationWorkbenchWindowAdvisor,preWindowOpen,2,1,0
eclipse.pde.ui-20120217-1437,$packageName$,Perspective,createInitialLayout,2,1,1
eclipse.pde.ui-20120217-1437,$packageName$,Application,run,13,2,1
eclipse.pde.ui-20120217-1437,$packageName$,ApplicationActionBarAdvisor,ApplicationActionBarAdvisor,3,1,1
eclipse.pde.ui-20120217-1437,$packageName$,ApplicationActionBarAdvisor,makeActions,4,1,1
eclipse.pde.ui-20120217-1437,$packageName$,ApplicationActionBarAdvisor,fillMenuBar,5,1,1
eclipse.pde.ui-20120217-1437,$packageName$,ApplicationWorkbenchAdvisor,createWorkbenchWindowAdvisor,3,1,1
eclipse.pde.ui-20120217-1437,$packageName$,ApplicationWorkbenchAdvisor,initialize,4,1,1
eclipse.pde.ui-20120217-1437,$packageName$,ApplicationWorkbenchAdvisor,getInitialWindowPerspectiveId,3,1,0
eclipse.pde.ui-20120217-1437,$packageName$,ApplicationWorkbenchWindowAdvisor,ApplicationWorkbenchWindowAdvisor,3,1,1
eclipse.pde.ui-20120217-1437,$packageName$,ApplicationWorkbenchWindowAdvisor,createActionBarAdvisor,3,1,1
eclipse.pde.ui-20120217-1437,$packageName$,ApplicationWorkbenchWindowAdvisor,preWindowOpen,7,1,0
eclipse.pde.ui-20120217-1437,$packageName$,DynamicContentProvider,init,2,1,1
eclipse.pde.ui-20120217-1437,$packageName$,DynamicContentProvider,createContent,2,1,2
eclipse.pde.ui-20120217-1437,$packageName$,DynamicContentProvider,createContent,2,1,3
eclipse.pde.ui-20120217-1437,$packageName$,DynamicContentProvider,getCurrentTimeString,6,1,0
eclipse.pde.ui-20120217-1437,$packageName$,DynamicContentProvider,createContent,7,1,2
eclipse.pde.ui-20120217-1437,$packageName$,DynamicContentProvider,dispose,2,1,0
eclipse.pde.ui-20120217-1437,$packageName$,Perspective,createInitialLayout,2,1,1
eclipse.pde.ui-20120217-1437,$packageName$,$applicationClass$,run,13,2,1
eclipse.pde.ui-20120217-1437,$packageName$,ApplicationActionBarAdvisor,ApplicationActionBarAdvisor,3,1,1
eclipse.pde.ui-20120217-1437,$packageName$,ApplicationActionBarAdvisor,makeActions,12,1,1
eclipse.pde.ui-20120217-1437,$packageName$,ApplicationActionBarAdvisor,fillMenuBar,14,1,1
eclipse.pde.ui-20120217-1437,$packageName$,ApplicationActionBarAdvisor,fillCoolBar,6,1,1
eclipse.pde.ui-20120217-1437,$packageName$,ApplicationWorkbenchAdvisor,createWorkbenchWindowAdvisor,3,1,1
eclipse.pde.ui-20120217-1437,$packageName$,ApplicationWorkbenchAdvisor,getInitialWindowPerspectiveId,3,1,0
eclipse.pde.ui-20120217-1437,$packageName$,ApplicationWorkbenchWindowAdvisor,ApplicationWorkbenchWindowAdvisor,3,1,1
eclipse.pde.ui-20120217-1437,$packageName$,ApplicationWorkbenchWindowAdvisor,createActionBarAdvisor,3,1,1
eclipse.pde.ui-20120217-1437,$packageName$,ApplicationWorkbenchWindowAdvisor,preWindowOpen,6,1,0
eclipse.pde.ui-20120217-1437,$packageName$,MessagePopupAction,MessagePopupAction,7,1,2
eclipse.pde.ui-20120217-1437,$packageName$,MessagePopupAction,run,3,1,0
eclipse.pde.ui-20120217-1437,$packageName$,NavigationView,TreeObject,3,1,1
eclipse.pde.ui-20120217-1437,$packageName$,NavigationView,getName,3,1,0
eclipse.pde.ui-20120217-1437,$packageName$,NavigationView,setParent,3,1,1
eclipse.pde.ui-20120217-1437,$packageName$,NavigationView,getParent,3,1,0
eclipse.pde.ui-20120217-1437,$packageName$,NavigationView,toString,3,1,0
eclipse.pde.ui-20120217-1437,$packageName$,NavigationView,TreeParent,4,1,1
eclipse.pde.ui-20120217-1437,$packageName$,NavigationView,addChild,4,1,1
eclipse.pde.ui-20120217-1437,$packageName$,NavigationView,removeChild,4,1,1
eclipse.pde.ui-20120217-1437,$packageName$,NavigationView,getChildren,3,1,0
eclipse.pde.ui-20120217-1437,$packageName$,NavigationView,hasChildren,3,1,0
eclipse.pde.ui-20120217-1437,$packageName$,NavigationView,inputChanged,2,1,3
eclipse.pde.ui-20120217-1437,$packageName$,NavigationView,dispose,2,1,0
eclipse.pde.ui-20120217-1437,$packageName$,NavigationView,getElements,3,1,1
eclipse.pde.ui-20120217-1437,$packageName$,NavigationView,getParent,6,2,1
eclipse.pde.ui-20120217-1437,$packageName$,NavigationView,getChildren,6,2,1
eclipse.pde.ui-20120217-1437,$packageName$,NavigationView,hasChildren,4,2,1
eclipse.pde.ui-20120217-1437,$packageName$,NavigationView,getText,3,1,1
eclipse.pde.ui-20120217-1437,$packageName$,NavigationView,getImage,5,2,1
eclipse.pde.ui-20120217-1437,$packageName$,NavigationView,createDummyModel,16,1,0
eclipse.pde.ui-20120217-1437,$packageName$,NavigationView,createPartControl,6,1,1
eclipse.pde.ui-20120217-1437,$packageName$,NavigationView,setFocus,3,1,0
eclipse.pde.ui-20120217-1437,$packageName$,TreeObject,TreeObject,3,1,1
eclipse.pde.ui-20120217-1437,$packageName$,TreeObject,getName,3,1,0
eclipse.pde.ui-20120217-1437,$packageName$,TreeObject,setParent,3,1,1
eclipse.pde.ui-20120217-1437,$packageName$,TreeObject,getParent,3,1,0
eclipse.pde.ui-20120217-1437,$packageName$,TreeObject,toString,3,1,0
eclipse.pde.ui-20120217-1437,$packageName$,TreeParent,TreeParent,4,1,1
eclipse.pde.ui-20120217-1437,$packageName$,TreeParent,addChild,4,1,1
eclipse.pde.ui-20120217-1437,$packageName$,TreeParent,removeChild,4,1,1
eclipse.pde.ui-20120217-1437,$packageName$,TreeParent,getChildren,3,1,0
eclipse.pde.ui-20120217-1437,$packageName$,TreeParent,hasChildren,3,1,0
eclipse.pde.ui-20120217-1437,$packageName$,ViewContentProvider,inputChanged,2,1,3
eclipse.pde.ui-20120217-1437,$packageName$,ViewContentProvider,dispose,2,1,0
eclipse.pde.ui-20120217-1437,$packageName$,ViewContentProvider,getElements,3,1,1
eclipse.pde.ui-20120217-1437,$packageName$,ViewContentProvider,getParent,6,2,1
eclipse.pde.ui-20120217-1437,$packageName$,ViewContentProvider,getChildren,6,2,1
eclipse.pde.ui-20120217-1437,$packageName$,ViewContentProvider,hasChildren,4,2,1
eclipse.pde.ui-20120217-1437,$packageName$,ViewLabelProvider,getText,3,1,1
eclipse.pde.ui-20120217-1437,$packageName$,ViewLabelProvider,getImage,5,2,1
eclipse.pde.ui-20120217-1437,$packageName$,OpenViewAction,OpenViewAction,8,1,3
eclipse.pde.ui-20120217-1437,$packageName$,OpenViewAction,run,10,2,0
eclipse.pde.ui-20120217-1437,$packageName$,Perspective,createInitialLayout,9,1,1
eclipse.pde.ui-20120217-1437,$packageName$,View,createPartControl,39,1,1
eclipse.pde.ui-20120217-1437,$packageName$,View,widgetSelected,3,1,1
eclipse.pde.ui-20120217-1437,$packageName$,View,setFocus,3,1,0
eclipse.pde.ui-20120217-1437,$packageName$,$applicationClass$,run,13,2,1
eclipse.pde.ui-20120217-1437,$packageName$,ApplicationActionBarAdvisor,ApplicationActionBarAdvisor,3,1,1
eclipse.pde.ui-20120217-1437,$packageName$,ApplicationActionBarAdvisor,makeActions,4,1,1
eclipse.pde.ui-20120217-1437,$packageName$,ApplicationActionBarAdvisor,fillMenuBar,5,1,1
eclipse.pde.ui-20120217-1437,$packageName$,ApplicationWorkbenchAdvisor,createWorkbenchWindowAdvisor,3,1,1
eclipse.pde.ui-20120217-1437,$packageName$,ApplicationWorkbenchAdvisor,getInitialWindowPerspectiveId,3,1,0
eclipse.pde.ui-20120217-1437,$packageName$,ApplicationWorkbenchWindowAdvisor,ApplicationWorkbenchWindowAdvisor,3,1,1
eclipse.pde.ui-20120217-1437,$packageName$,ApplicationWorkbenchWindowAdvisor,createActionBarAdvisor,3,1,1
eclipse.pde.ui-20120217-1437,$packageName$,ApplicationWorkbenchWindowAdvisor,preWindowOpen,2,1,0
eclipse.pde.ui-20120217-1437,$packageName$,Perspective,createInitialLayout,6,1,1
eclipse.pde.ui-20120217-1437,$packageName$,View,inputChanged,2,1,3
eclipse.pde.ui-20120217-1437,$packageName$,View,dispose,2,1,0
eclipse.pde.ui-20120217-1437,$packageName$,View,getElements,3,1,1
eclipse.pde.ui-20120217-1437,$packageName$,View,getColumnText,3,1,2
eclipse.pde.ui-20120217-1437,$packageName$,View,getColumnImage,3,1,2
eclipse.pde.ui-20120217-1437,$packageName$,View,getImage,3,1,1
eclipse.pde.ui-20120217-1437,$packageName$,View,createPartControl,6,1,1
eclipse.pde.ui-20120217-1437,$packageName$,View,setFocus,3,1,0
eclipse.pde.ui-20120217-1437,$packageName$,ViewContentProvider,inputChanged,2,1,3
eclipse.pde.ui-20120217-1437,$packageName$,ViewContentProvider,dispose,2,1,0
eclipse.pde.ui-20120217-1437,$packageName$,ViewContentProvider,getElements,3,1,1
eclipse.pde.ui-20120217-1437,$packageName$,ViewLabelProvider,getColumnText,3,1,2
eclipse.pde.ui-20120217-1437,$packageName$,ViewLabelProvider,getColumnImage,3,1,2
eclipse.pde.ui-20120217-1437,$packageName$,ViewLabelProvider,getImage,3,1,1
eclipse.pde.ui-20120217-1437,$packageName$,$applicationClass$,start,4,1,1
eclipse.pde.ui-20120217-1437,$packageName$,$applicationClass$,stop,2,1,0
eclipse.pde.ui-20120217-1437,$packageName$,$applicationClass$,start,11,2,1
eclipse.pde.ui-20120217-1437,$packageName$,$applicationClass$,stop,11,3,0
eclipse.pde.ui-20120217-1437,$packageName$,$applicationClass$,run,3,2,0
eclipse.pde.ui-20120217-1437,$packageName$,ApplicationActionBarAdvisor,ApplicationActionBarAdvisor,3,1,1
eclipse.pde.ui-20120217-1437,$packageName$,ApplicationActionBarAdvisor,makeActions,2,1,1
eclipse.pde.ui-20120217-1437,$packageName$,ApplicationActionBarAdvisor,fillMenuBar,2,1,1
eclipse.pde.ui-20120217-1437,$packageName$,ApplicationWorkbenchAdvisor,createWorkbenchWindowAdvisor,3,1,1
eclipse.pde.ui-20120217-1437,$packageName$,ApplicationWorkbenchAdvisor,getInitialWindowPerspectiveId,3,1,0
eclipse.pde.ui-20120217-1437,$packageName$,ApplicationWorkbenchWindowAdvisor,ApplicationWorkbenchWindowAdvisor,3,1,1
eclipse.pde.ui-20120217-1437,$packageName$,ApplicationWorkbenchWindowAdvisor,createActionBarAdvisor,3,1,1
eclipse.pde.ui-20120217-1437,$packageName$,ApplicationWorkbenchWindowAdvisor,preWindowOpen,2,1,0
eclipse.pde.ui-20120217-1437,$packageName$,Perspective,createInitialLayout,2,1,1
eclipse.pde.ui-20120217-1437,$packageName$,$className$,$className$,2,1,0
eclipse.pde.ui-20120217-1437,$packageName$,$className$,execute,5,1,1
eclipse.pde.ui-20120217-1437,$packageName$,Application,start,13,2,1
eclipse.pde.ui-20120217-1437,$packageName$,Application,stop,11,3,0
eclipse.pde.ui-20120217-1437,$packageName$,Application,run,3,2,0
eclipse.pde.ui-20120217-1437,$packageName$,ApplicationActionBarAdvisor,ApplicationActionBarAdvisor,3,1,1
eclipse.pde.ui-20120217-1437,$packageName$,ApplicationActionBarAdvisor,makeActions,4,1,1
eclipse.pde.ui-20120217-1437,$packageName$,ApplicationActionBarAdvisor,fillMenuBar,5,1,1
eclipse.pde.ui-20120217-1437,$packageName$,ApplicationWorkbenchAdvisor,createWorkbenchWindowAdvisor,3,1,1
eclipse.pde.ui-20120217-1437,$packageName$,ApplicationWorkbenchAdvisor,initialize,4,1,1
eclipse.pde.ui-20120217-1437,$packageName$,ApplicationWorkbenchAdvisor,getInitialWindowPerspectiveId,3,1,0
eclipse.pde.ui-20120217-1437,$packageName$,ApplicationWorkbenchWindowAdvisor,ApplicationWorkbenchWindowAdvisor,3,1,1
eclipse.pde.ui-20120217-1437,$packageName$,ApplicationWorkbenchWindowAdvisor,createActionBarAdvisor,3,1,1
eclipse.pde.ui-20120217-1437,$packageName$,ApplicationWorkbenchWindowAdvisor,preWindowOpen,7,1,0
eclipse.pde.ui-20120217-1437,$packageName$,DynamicContentProvider,init,2,1,1
eclipse.pde.ui-20120217-1437,$packageName$,DynamicContentProvider,createContent,2,1,2
eclipse.pde.ui-20120217-1437,$packageName$,DynamicContentProvider,createContent,2,1,3
eclipse.pde.ui-20120217-1437,$packageName$,DynamicContentProvider,getCurrentTimeString,6,1,0
eclipse.pde.ui-20120217-1437,$packageName$,DynamicContentProvider,createContent,7,1,2
eclipse.pde.ui-20120217-1437,$packageName$,DynamicContentProvider,dispose,2,1,0
eclipse.pde.ui-20120217-1437,$packageName$,Perspective,createInitialLayout,2,1,1
eclipse.pde.ui-20120217-1437,$packageName$,$applicationClass$,start,13,2,1
eclipse.pde.ui-20120217-1437,$packageName$,$applicationClass$,stop,11,3,0
eclipse.pde.ui-20120217-1437,$packageName$,$applicationClass$,run,3,2,0
eclipse.pde.ui-20120217-1437,$packageName$,ApplicationActionBarAdvisor,ApplicationActionBarAdvisor,3,1,1
eclipse.pde.ui-20120217-1437,$packageName$,ApplicationActionBarAdvisor,makeActions,12,1,1
eclipse.pde.ui-20120217-1437,$packageName$,ApplicationActionBarAdvisor,fillMenuBar,14,1,1
eclipse.pde.ui-20120217-1437,$packageName$,ApplicationActionBarAdvisor,fillCoolBar,6,1,1
eclipse.pde.ui-20120217-1437,$packageName$,ApplicationWorkbenchAdvisor,createWorkbenchWindowAdvisor,3,1,1
eclipse.pde.ui-20120217-1437,$packageName$,ApplicationWorkbenchAdvisor,getInitialWindowPerspectiveId,3,1,0
eclipse.pde.ui-20120217-1437,$packageName$,ApplicationWorkbenchWindowAdvisor,ApplicationWorkbenchWindowAdvisor,3,1,1
eclipse.pde.ui-20120217-1437,$packageName$,ApplicationWorkbenchWindowAdvisor,createActionBarAdvisor,3,1,1
eclipse.pde.ui-20120217-1437,$packageName$,ApplicationWorkbenchWindowAdvisor,preWindowOpen,6,1,0
eclipse.pde.ui-20120217-1437,$packageName$,MessagePopupAction,MessagePopupAction,7,1,2
eclipse.pde.ui-20120217-1437,$packageName$,MessagePopupAction,run,3,1,0
eclipse.pde.ui-20120217-1437,$packageName$,NavigationView,TreeObject,3,1,1
eclipse.pde.ui-20120217-1437,$packageName$,NavigationView,getName,3,1,0
eclipse.pde.ui-20120217-1437,$packageName$,NavigationView,setParent,3,1,1
eclipse.pde.ui-20120217-1437,$packageName$,NavigationView,getParent,3,1,0
eclipse.pde.ui-20120217-1437,$packageName$,NavigationView,toString,3,1,0
eclipse.pde.ui-20120217-1437,$packageName$,NavigationView,TreeParent,4,1,1
eclipse.pde.ui-20120217-1437,$packageName$,NavigationView,addChild,4,1,1
eclipse.pde.ui-20120217-1437,$packageName$,NavigationView,removeChild,4,1,1
eclipse.pde.ui-20120217-1437,$packageName$,NavigationView,getChildren,3,1,0
eclipse.pde.ui-20120217-1437,$packageName$,NavigationView,hasChildren,3,1,0
eclipse.pde.ui-20120217-1437,$packageName$,NavigationView,inputChanged,2,1,3
eclipse.pde.ui-20120217-1437,$packageName$,NavigationView,dispose,2,1,0
eclipse.pde.ui-20120217-1437,$packageName$,NavigationView,getElements,3,1,1
eclipse.pde.ui-20120217-1437,$packageName$,NavigationView,getParent,6,2,1
eclipse.pde.ui-20120217-1437,$packageName$,NavigationView,getChildren,6,2,1
eclipse.pde.ui-20120217-1437,$packageName$,NavigationView,hasChildren,4,2,1
eclipse.pde.ui-20120217-1437,$packageName$,NavigationView,getText,3,1,1
eclipse.pde.ui-20120217-1437,$packageName$,NavigationView,getImage,5,2,1
eclipse.pde.ui-20120217-1437,$packageName$,NavigationView,createDummyModel,16,1,0
eclipse.pde.ui-20120217-1437,$packageName$,NavigationView,createPartControl,6,1,1
eclipse.pde.ui-20120217-1437,$packageName$,NavigationView,setFocus,3,1,0
eclipse.pde.ui-20120217-1437,$packageName$,TreeObject,TreeObject,3,1,1
eclipse.pde.ui-20120217-1437,$packageName$,TreeObject,getName,3,1,0
eclipse.pde.ui-20120217-1437,$packageName$,TreeObject,setParent,3,1,1
eclipse.pde.ui-20120217-1437,$packageName$,TreeObject,getParent,3,1,0
eclipse.pde.ui-20120217-1437,$packageName$,TreeObject,toString,3,1,0
eclipse.pde.ui-20120217-1437,$packageName$,TreeParent,TreeParent,4,1,1
eclipse.pde.ui-20120217-1437,$packageName$,TreeParent,addChild,4,1,1
eclipse.pde.ui-20120217-1437,$packageName$,TreeParent,removeChild,4,1,1
eclipse.pde.ui-20120217-1437,$packageName$,TreeParent,getChildren,3,1,0
eclipse.pde.ui-20120217-1437,$packageName$,TreeParent,hasChildren,3,1,0
eclipse.pde.ui-20120217-1437,$packageName$,ViewContentProvider,inputChanged,2,1,3
eclipse.pde.ui-20120217-1437,$packageName$,ViewContentProvider,dispose,2,1,0
eclipse.pde.ui-20120217-1437,$packageName$,ViewContentProvider,getElements,3,1,1
eclipse.pde.ui-20120217-1437,$packageName$,ViewContentProvider,getParent,6,2,1
eclipse.pde.ui-20120217-1437,$packageName$,ViewContentProvider,getChildren,6,2,1
eclipse.pde.ui-20120217-1437,$packageName$,ViewContentProvider,hasChildren,4,2,1
eclipse.pde.ui-20120217-1437,$packageName$,ViewLabelProvider,getText,3,1,1
eclipse.pde.ui-20120217-1437,$packageName$,ViewLabelProvider,getImage,5,2,1
eclipse.pde.ui-20120217-1437,$packageName$,OpenViewAction,OpenViewAction,8,1,3
eclipse.pde.ui-20120217-1437,$packageName$,OpenViewAction,run,10,2,0
eclipse.pde.ui-20120217-1437,$packageName$,Perspective,createInitialLayout,9,1,1
eclipse.pde.ui-20120217-1437,$packageName$,View,createPartControl,39,1,1
eclipse.pde.ui-20120217-1437,$packageName$,View,widgetSelected,3,1,1
eclipse.pde.ui-20120217-1437,$packageName$,View,setFocus,3,1,0
eclipse.pde.ui-20120217-1437,$packageName$,BrowserSplashHandler,BrowserSplashHandler,5,1,0
eclipse.pde.ui-20120217-1437,$packageName$,BrowserSplashHandler,init,8,1,1
eclipse.pde.ui-20120217-1437,$packageName$,BrowserSplashHandler,doEventLoop,8,3,0
eclipse.pde.ui-20120217-1437,$packageName$,BrowserSplashHandler,createUIListeners,4,1,0
eclipse.pde.ui-20120217-1437,$packageName$,BrowserSplashHandler,createUIListenersButton,10,1,0
eclipse.pde.ui-20120217-1437,$packageName$,BrowserSplashHandler,widgetDefaultSelected,2,1,1
eclipse.pde.ui-20120217-1437,$packageName$,BrowserSplashHandler,widgetSelected,3,1,1
eclipse.pde.ui-20120217-1437,$packageName$,BrowserSplashHandler,createUIListenersBrowser,11,1,0
eclipse.pde.ui-20120217-1437,$packageName$,BrowserSplashHandler,changed,2,1,1
eclipse.pde.ui-20120217-1437,$packageName$,BrowserSplashHandler,completed,4,1,1
eclipse.pde.ui-20120217-1437,$packageName$,BrowserSplashHandler,createUI,4,1,0
eclipse.pde.ui-20120217-1437,$packageName$,BrowserSplashHandler,createUIButton,10,1,0
eclipse.pde.ui-20120217-1437,$packageName$,BrowserSplashHandler,configureUIButtonBounds,8,1,0
eclipse.pde.ui-20120217-1437,$packageName$,BrowserSplashHandler,createUIBrowser,7,1,0
eclipse.pde.ui-20120217-1437,$packageName$,BrowserSplashHandler,configureUISplash,4,1,0
eclipse.pde.ui-20120217-1437,$packageName$,ExtensibleSplashHandler,ExtensibleSplashHandler,5,1,0
eclipse.pde.ui-20120217-1437,$packageName$,ExtensibleSplashHandler,init,11,2,1
eclipse.pde.ui-20120217-1437,$packageName$,ExtensibleSplashHandler,hasSplashExtensions,8,2,0
eclipse.pde.ui-20120217-1437,$packageName$,ExtensibleSplashHandler,createUI,4,1,0
eclipse.pde.ui-20120217-1437,$packageName$,ExtensibleSplashHandler,createUIImages,12,2,0
eclipse.pde.ui-20120217-1437,$packageName$,ExtensibleSplashHandler,createUILabel,5,1,2
eclipse.pde.ui-20120217-1437,$packageName$,ExtensibleSplashHandler,createUICompositeIconPanel,12,1,0
eclipse.pde.ui-20120217-1437,$packageName$,ExtensibleSplashHandler,configureUICompositeIconPanelBounds,8,1,0
eclipse.pde.ui-20120217-1437,$packageName$,ExtensibleSplashHandler,getUsableSplashScreenWidth,3,1,0
eclipse.pde.ui-20120217-1437,$packageName$,ExtensibleSplashHandler,loadSplashExtensions,6,2,0
eclipse.pde.ui-20120217-1437,$packageName$,ExtensibleSplashHandler,processSplashExtension,6,2,1
eclipse.pde.ui-20120217-1437,$packageName$,ExtensibleSplashHandler,processSplashElements,4,1,1
eclipse.pde.ui-20120217-1437,$packageName$,ExtensibleSplashHandler,processSplashElementTooltip,9,2,1
eclipse.pde.ui-20120217-1437,$packageName$,ExtensibleSplashHandler,processSplashElementIcon,19,5,1
eclipse.pde.ui-20120217-1437,$packageName$,ExtensibleSplashHandler,configureUISplash,5,1,0
eclipse.pde.ui-20120217-1437,$packageName$,ExtensibleSplashHandler,doEventLoop,6,2,0
eclipse.pde.ui-20120217-1437,$packageName$,ExtensibleSplashHandler,dispose,11,3,0
eclipse.pde.ui-20120217-1437,$packageName$,InteractiveSplashHandler,InteractiveSplashHandler,8,1,0
eclipse.pde.ui-20120217-1437,$packageName$,InteractiveSplashHandler,init,8,1,1
eclipse.pde.ui-20120217-1437,$packageName$,InteractiveSplashHandler,doEventLoop,8,3,0
eclipse.pde.ui-20120217-1437,$packageName$,InteractiveSplashHandler,createUIListeners,4,1,0
eclipse.pde.ui-20120217-1437,$packageName$,InteractiveSplashHandler,createUIListenersButtonCancel,8,1,0
eclipse.pde.ui-20120217-1437,$packageName$,InteractiveSplashHandler,widgetSelected,3,1,1
eclipse.pde.ui-20120217-1437,$packageName$,InteractiveSplashHandler,handleButtonCancelWidgetSelected,4,1,0
eclipse.pde.ui-20120217-1437,$packageName$,InteractiveSplashHandler,createUIListenersButtonOK,8,1,0
eclipse.pde.ui-20120217-1437,$packageName$,InteractiveSplashHandler,widgetSelected,3,1,1
eclipse.pde.ui-20120217-1437,$packageName$,InteractiveSplashHandler,handleButtonOKWidgetSelected,10,2,0
eclipse.pde.ui-20120217-1437,$packageName$,InteractiveSplashHandler,createUI,11,1,0
eclipse.pde.ui-20120217-1437,$packageName$,InteractiveSplashHandler,createUIButtonCancel,8,1,0
eclipse.pde.ui-20120217-1437,$packageName$,InteractiveSplashHandler,createUIButtonOK,8,1,0
eclipse.pde.ui-20120217-1437,$packageName$,InteractiveSplashHandler,createUILabelBlank,4,1,0
eclipse.pde.ui-20120217-1437,$packageName$,InteractiveSplashHandler,createUITextPassword,8,1,0
eclipse.pde.ui-20120217-1437,$packageName$,InteractiveSplashHandler,createUILabelPassword,7,1,0
eclipse.pde.ui-20120217-1437,$packageName$,InteractiveSplashHandler,createUITextUserName,7,1,0
eclipse.pde.ui-20120217-1437,$packageName$,InteractiveSplashHandler,createUILabelUserName,7,1,0
eclipse.pde.ui-20120217-1437,$packageName$,InteractiveSplashHandler,createUICompositeBlank,6,1,0
eclipse.pde.ui-20120217-1437,$packageName$,InteractiveSplashHandler,createUICompositeLogin,5,1,0
eclipse.pde.ui-20120217-1437,$packageName$,InteractiveSplashHandler,configureUISplash,5,1,0
eclipse.pde.ui-20120217-1437,$packageName$,$applicationClass$,start,13,2,1
eclipse.pde.ui-20120217-1437,$packageName$,$applicationClass$,stop,11,3,0
eclipse.pde.ui-20120217-1437,$packageName$,$applicationClass$,run,3,2,0
eclipse.pde.ui-20120217-1437,$packageName$,ApplicationActionBarAdvisor,ApplicationActionBarAdvisor,3,1,1
eclipse.pde.ui-20120217-1437,$packageName$,ApplicationWorkbenchAdvisor,createWorkbenchWindowAdvisor,3,1,1
eclipse.pde.ui-20120217-1437,$packageName$,ApplicationWorkbenchAdvisor,getInitialWindowPerspectiveId,3,1,0
eclipse.pde.ui-20120217-1437,$packageName$,ApplicationWorkbenchWindowAdvisor,ApplicationWorkbenchWindowAdvisor,3,1,1
eclipse.pde.ui-20120217-1437,$packageName$,ApplicationWorkbenchWindowAdvisor,createActionBarAdvisor,3,1,1
eclipse.pde.ui-20120217-1437,$packageName$,ApplicationWorkbenchWindowAdvisor,preWindowOpen,2,1,0
eclipse.pde.ui-20120217-1437,$packageName$,Perspective,createInitialLayout,4,1,1
eclipse.pde.ui-20120217-1437,$packageName$,View,inputChanged,2,1,3
eclipse.pde.ui-20120217-1437,$packageName$,View,dispose,2,1,0
eclipse.pde.ui-20120217-1437,$packageName$,View,getElements,6,2,1
eclipse.pde.ui-20120217-1437,$packageName$,View,getColumnText,3,1,2
eclipse.pde.ui-20120217-1437,$packageName$,View,getColumnImage,3,1,2
eclipse.pde.ui-20120217-1437,$packageName$,View,getImage,3,1,1
eclipse.pde.ui-20120217-1437,$packageName$,View,createPartControl,6,1,1
eclipse.pde.ui-20120217-1437,$packageName$,View,setFocus,3,1,0
eclipse.pde.ui-20120217-1437,$packageName$,ViewContentProvider,inputChanged,2,1,3
eclipse.pde.ui-20120217-1437,$packageName$,ViewContentProvider,dispose,2,1,0
eclipse.pde.ui-20120217-1437,$packageName$,ViewContentProvider,getElements,6,2,1
eclipse.pde.ui-20120217-1437,$packageName$,ViewLabelProvider,getColumnText,3,1,2
eclipse.pde.ui-20120217-1437,$packageName$,ViewLabelProvider,getColumnImage,3,1,2
eclipse.pde.ui-20120217-1437,$packageName$,ViewLabelProvider,getImage,3,1,1
eclipse.pde.ui-20120217-1437,$packageName$,ServiceComponent,handleEvent,3,1,1
eclipse.pde.ui-20120217-1437,org.eclipse.pde.internal.ui.tests.macro,AbstractStructuredCommand,AbstractStructuredCommand,4,1,1
eclipse.pde.ui-20120217-1437,org.eclipse.pde.internal.ui.tests.macro,AbstractStructuredCommand,mergeEvent,5,1,1
eclipse.pde.ui-20120217-1437,org.eclipse.pde.internal.ui.tests.macro,AbstractStructuredCommand,getItemsForEvent,7,4,1
eclipse.pde.ui-20120217-1437,org.eclipse.pde.internal.ui.tests.macro,AbstractStructuredCommand,processEvent,9,4,1
eclipse.pde.ui-20120217-1437,org.eclipse.pde.internal.ui.tests.macro,AbstractStructuredCommand,getItemId,8,3,1
eclipse.pde.ui-20120217-1437,org.eclipse.pde.internal.ui.tests.macro,AbstractStructuredCommand,load,11,4,2
eclipse.pde.ui-20120217-1437,org.eclipse.pde.internal.ui.tests.macro,AbstractStructuredCommand,writeAdditionalAttributes,2,1,1
eclipse.pde.ui-20120217-1437,org.eclipse.pde.internal.ui.tests.macro,AbstractStructuredCommand,write,20,2,2
eclipse.pde.ui-20120217-1437,org.eclipse.pde.internal.ui.tests.macro,AbstractStructuredCommand,playTreeCommand,0,1,2
eclipse.pde.ui-20120217-1437,org.eclipse.pde.internal.ui.tests.macro,AbstractStructuredCommand,playTableCommand,0,1,2
eclipse.pde.ui-20120217-1437,org.eclipse.pde.internal.ui.tests.macro,AbstractStructuredCommand,playTableTreeCommand,0,1,2
eclipse.pde.ui-20120217-1437,org.eclipse.pde.internal.ui.tests.macro,AbstractStructuredCommand,playback,21,6,3
eclipse.pde.ui-20120217-1437,org.eclipse.pde.internal.ui.tests.macro,AbstractStructuredCommand,findMatches,10,3,1
eclipse.pde.ui-20120217-1437,org.eclipse.pde.internal.ui.tests.macro,AbstractStructuredCommand,findMatches,10,3,1
eclipse.pde.ui-20120217-1437,org.eclipse.pde.internal.ui.tests.macro,AbstractStructuredCommand,findMatches,10,3,1
eclipse.pde.ui-20120217-1437,org.eclipse.pde.internal.ui.tests.macro,AbstractStructuredCommand,findTreeItem,13,5,2
eclipse.pde.ui-20120217-1437,org.eclipse.pde.internal.ui.tests.macro,AbstractStructuredCommand,findTableItem,8,3,2
eclipse.pde.ui-20120217-1437,org.eclipse.pde.internal.ui.tests.macro,AbstractStructuredCommand,findTableTreeItem,13,5,2
eclipse.pde.ui-20120217-1437,org.eclipse.pde.internal.ui.tests.macro,BooleanSelectionCommand,BooleanSelectionCommand,3,1,1
eclipse.pde.ui-20120217-1437,org.eclipse.pde.internal.ui.tests.macro,BooleanSelectionCommand,getType,3,1,0
eclipse.pde.ui-20120217-1437,org.eclipse.pde.internal.ui.tests.macro,BooleanSelectionCommand,processEvent,6,2,1
eclipse.pde.ui-20120217-1437,org.eclipse.pde.internal.ui.tests.macro,BooleanSelectionCommand,getSelection,7,5,1
eclipse.pde.ui-20120217-1437,org.eclipse.pde.internal.ui.tests.macro,BooleanSelectionCommand,getPath,15,4,1
eclipse.pde.ui-20120217-1437,org.eclipse.pde.internal.ui.tests.macro,BooleanSelectionCommand,load,15,5,2
eclipse.pde.ui-20120217-1437,org.eclipse.pde.internal.ui.tests.macro,BooleanSelectionCommand,write,28,4,2
eclipse.pde.ui-20120217-1437,org.eclipse.pde.internal.ui.tests.macro,BooleanSelectionCommand,playback,11,4,3
eclipse.pde.ui-20120217-1437,org.eclipse.pde.internal.ui.tests.macro,BooleanSelectionCommand,doClick,6,1,1
eclipse.pde.ui-20120217-1437,org.eclipse.pde.internal.ui.tests.macro,BooleanSelectionCommand,createMouseEvent,7,1,2
eclipse.pde.ui-20120217-1437,org.eclipse.pde.internal.ui.tests.macro,BooleanSelectionCommand,doSelect,5,4,1
eclipse.pde.ui-20120217-1437,org.eclipse.pde.internal.ui.tests.macro,CheckCommand,CheckCommand,3,1,1
eclipse.pde.ui-20120217-1437,org.eclipse.pde.internal.ui.tests.macro,CheckCommand,getType,3,1,0
eclipse.pde.ui-20120217-1437,org.eclipse.pde.internal.ui.tests.macro,CheckCommand,processEvent,7,4,1
eclipse.pde.ui-20120217-1437,org.eclipse.pde.internal.ui.tests.macro,CheckCommand,playTreeCommand,5,2,2
eclipse.pde.ui-20120217-1437,org.eclipse.pde.internal.ui.tests.macro,CheckCommand,playTableCommand,5,2,2
eclipse.pde.ui-20120217-1437,org.eclipse.pde.internal.ui.tests.macro,CheckCommand,playTableTreeCommand,5,2,2
eclipse.pde.ui-20120217-1437,org.eclipse.pde.internal.ui.tests.macro,ChoiceSelectionCommand,ChoiceSelectionCommand,3,1,1
eclipse.pde.ui-20120217-1437,org.eclipse.pde.internal.ui.tests.macro,ChoiceSelectionCommand,getType,3,1,0
eclipse.pde.ui-20120217-1437,org.eclipse.pde.internal.ui.tests.macro,ChoiceSelectionCommand,processEvent,3,1,1
eclipse.pde.ui-20120217-1437,org.eclipse.pde.internal.ui.tests.macro,ChoiceSelectionCommand,computeChoiceId,26,6,2
eclipse.pde.ui-20120217-1437,org.eclipse.pde.internal.ui.tests.macro,ChoiceSelectionCommand,getPositionId,3,1,1
eclipse.pde.ui-20120217-1437,org.eclipse.pde.internal.ui.tests.macro,ChoiceSelectionCommand,load,4,1,2
eclipse.pde.ui-20120217-1437,org.eclipse.pde.internal.ui.tests.macro,ChoiceSelectionCommand,write,16,2,2
eclipse.pde.ui-20120217-1437,org.eclipse.pde.internal.ui.tests.macro,ChoiceSelectionCommand,playback,11,6,3
eclipse.pde.ui-20120217-1437,org.eclipse.pde.internal.ui.tests.macro,ChoiceSelectionCommand,doSelect,11,3,1
eclipse.pde.ui-20120217-1437,org.eclipse.pde.internal.ui.tests.macro,ChoiceSelectionCommand,doSelect,11,3,1
eclipse.pde.ui-20120217-1437,org.eclipse.pde.internal.ui.tests.macro,ChoiceSelectionCommand,doSelect,4,2,1
eclipse.pde.ui-20120217-1437,org.eclipse.pde.internal.ui.tests.macro,ChoiceSelectionCommand,doSelect,4,2,1
eclipse.pde.ui-20120217-1437,org.eclipse.pde.internal.ui.tests.macro,ChoiceSelectionCommand,getIndexFromChoice,10,2,0
eclipse.pde.ui-20120217-1437,org.eclipse.pde.internal.ui.tests.macro,CommandTarget,CommandTarget,4,1,2
eclipse.pde.ui-20120217-1437,org.eclipse.pde.internal.ui.tests.macro,CommandTarget,ensureVisible,2,1,0
eclipse.pde.ui-20120217-1437,org.eclipse.pde.internal.ui.tests.macro,CommandTarget,getWidget,3,1,0
eclipse.pde.ui-20120217-1437,org.eclipse.pde.internal.ui.tests.macro,CommandTarget,getContext,3,1,0
eclipse.pde.ui-20120217-1437,org.eclipse.pde.internal.ui.tests.macro,CommandTarget,setFocus,8,3,0
eclipse.pde.ui-20120217-1437,org.eclipse.pde.internal.ui.tests.macro,EditorCommandTarget,EditorCommandTarget,3,1,2
eclipse.pde.ui-20120217-1437,org.eclipse.pde.internal.ui.tests.macro,EditorCommandTarget,getEditor,3,1,0
eclipse.pde.ui-20120217-1437,org.eclipse.pde.internal.ui.tests.macro,EditorCommandTarget,ensureVisible,5,1,0
eclipse.pde.ui-20120217-1437,org.eclipse.pde.internal.ui.tests.macro,ExpansionCommand,ExpansionCommand,3,1,1
eclipse.pde.ui-20120217-1437,org.eclipse.pde.internal.ui.tests.macro,ExpansionCommand,processEvent,6,3,1
eclipse.pde.ui-20120217-1437,org.eclipse.pde.internal.ui.tests.macro,ExpansionCommand,playTreeCommand,6,2,2
eclipse.pde.ui-20120217-1437,org.eclipse.pde.internal.ui.tests.macro,ExpansionCommand,fireEvent,7,1,2
eclipse.pde.ui-20120217-1437,org.eclipse.pde.internal.ui.tests.macro,ExpansionCommand,playTableCommand,2,1,2
eclipse.pde.ui-20120217-1437,org.eclipse.pde.internal.ui.tests.macro,ExpansionCommand,playTableTreeCommand,6,2,2
eclipse.pde.ui-20120217-1437,org.eclipse.pde.internal.ui.tests.macro,ExpansionCommand,getType,3,1,0
eclipse.pde.ui-20120217-1437,org.eclipse.pde.internal.ui.tests.macro,FocusCommand,FocusCommand,3,1,1
eclipse.pde.ui-20120217-1437,org.eclipse.pde.internal.ui.tests.macro,FocusCommand,mergeEvent,3,1,1
eclipse.pde.ui-20120217-1437,org.eclipse.pde.internal.ui.tests.macro,FocusCommand,getType,3,1,0
eclipse.pde.ui-20120217-1437,org.eclipse.pde.internal.ui.tests.macro,FocusCommand,processEvent,2,1,1
eclipse.pde.ui-20120217-1437,org.eclipse.pde.internal.ui.tests.macro,FocusCommand,write,11,1,2
eclipse.pde.ui-20120217-1437,org.eclipse.pde.internal.ui.tests.macro,FocusCommand,playback,6,3,3
eclipse.pde.ui-20120217-1437,org.eclipse.pde.internal.ui.tests.macro,IIndexHandler,processIndex,0,1,2
eclipse.pde.ui-20120217-1437,org.eclipse.pde.internal.ui.tests.macro,IPlayable,playback,0,1,3
eclipse.pde.ui-20120217-1437,org.eclipse.pde.internal.ui.tests.macro,IRecorderListener,recordingStarted,0,1,0
eclipse.pde.ui-20120217-1437,org.eclipse.pde.internal.ui.tests.macro,IRecorderListener,recordingStopped,0,1,0
eclipse.pde.ui-20120217-1437,org.eclipse.pde.internal.ui.tests.macro,IRecorderListener,recordingInterrupted,0,1,1
eclipse.pde.ui-20120217-1437,org.eclipse.pde.internal.ui.tests.macro,IWidgetResolver,getUniqueId,0,1,1
eclipse.pde.ui-20120217-1437,org.eclipse.pde.internal.ui.tests.macro,IWritable,write,0,1,2
eclipse.pde.ui-20120217-1437,org.eclipse.pde.internal.ui.tests.macro,KeyCommand,KeyCommand,4,1,2
eclipse.pde.ui-20120217-1437,org.eclipse.pde.internal.ui.tests.macro,KeyCommand,getType,3,1,0
eclipse.pde.ui-20120217-1437,org.eclipse.pde.internal.ui.tests.macro,KeyCommand,processEvent,2,1,1
eclipse.pde.ui-20120217-1437,org.eclipse.pde.internal.ui.tests.macro,KeyCommand,write,12,1,2
eclipse.pde.ui-20120217-1437,org.eclipse.pde.internal.ui.tests.macro,KeyCommand,playback,19,3,3
eclipse.pde.ui-20120217-1437,org.eclipse.pde.internal.ui.tests.macro,Macro,Macro,3,1,0
eclipse.pde.ui-20120217-1437,org.eclipse.pde.internal.ui.tests.macro,Macro,Macro,4,1,1
eclipse.pde.ui-20120217-1437,org.eclipse.pde.internal.ui.tests.macro,Macro,addShell,6,1,2
eclipse.pde.ui-20120217-1437,org.eclipse.pde.internal.ui.tests.macro,Macro,initializeForRecording,8,1,1
eclipse.pde.ui-20120217-1437,org.eclipse.pde.internal.ui.tests.macro,Macro,createCommandShell,5,2,1
eclipse.pde.ui-20120217-1437,org.eclipse.pde.internal.ui.tests.macro,Macro,isCurrent,5,2,1
eclipse.pde.ui-20120217-1437,org.eclipse.pde.internal.ui.tests.macro,Macro,stopRecording,3,1,0
eclipse.pde.ui-20120217-1437,org.eclipse.pde.internal.ui.tests.macro,Macro,addEvent,23,7,1
eclipse.pde.ui-20120217-1437,org.eclipse.pde.internal.ui.tests.macro,Macro,isIgnorableEvent,8,3,1
eclipse.pde.ui-20120217-1437,org.eclipse.pde.internal.ui.tests.macro,Macro,addPause,3,1,0
eclipse.pde.ui-20120217-1437,org.eclipse.pde.internal.ui.tests.macro,Macro,addIndex,3,1,1
eclipse.pde.ui-20120217-1437,org.eclipse.pde.internal.ui.tests.macro,Macro,getTopShell,4,2,0
eclipse.pde.ui-20120217-1437,org.eclipse.pde.internal.ui.tests.macro,Macro,activateShell,19,5,1
eclipse.pde.ui-20120217-1437,org.eclipse.pde.internal.ui.tests.macro,Macro,popStack,5,2,0
eclipse.pde.ui-20120217-1437,org.eclipse.pde.internal.ui.tests.macro,Macro,closeShell,6,3,1
eclipse.pde.ui-20120217-1437,org.eclipse.pde.internal.ui.tests.macro,Macro,updateStack,7,3,0
eclipse.pde.ui-20120217-1437,org.eclipse.pde.internal.ui.tests.macro,Macro,closeSecondaryShells,2,1,0
eclipse.pde.ui-20120217-1437,org.eclipse.pde.internal.ui.tests.macro,Macro,getExistingIndices,8,2,0
eclipse.pde.ui-20120217-1437,org.eclipse.pde.internal.ui.tests.macro,Macro,playback,25,3,3
eclipse.pde.ui-20120217-1437,org.eclipse.pde.internal.ui.tests.macro,Macro,run,3,1,0
eclipse.pde.ui-20120217-1437,org.eclipse.pde.internal.ui.tests.macro,Macro,reset,3,1,0
eclipse.pde.ui-20120217-1437,org.eclipse.pde.internal.ui.tests.macro,Macro,write,12,2,2
eclipse.pde.ui-20120217-1437,org.eclipse.pde.internal.ui.tests.macro,Macro,getIndexHandler,3,1,0
eclipse.pde.ui-20120217-1437,org.eclipse.pde.internal.ui.tests.macro,Macro,setIndexHandler,3,1,1
eclipse.pde.ui-20120217-1437,org.eclipse.pde.internal.ui.tests.macro,Macro,getName,3,1,0
eclipse.pde.ui-20120217-1437,org.eclipse.pde.internal.ui.tests.macro,MacroCommand,MacroCommand,3,1,1
eclipse.pde.ui-20120217-1437,org.eclipse.pde.internal.ui.tests.macro,MacroCommand,getType,0,1,0
eclipse.pde.ui-20120217-1437,org.eclipse.pde.internal.ui.tests.macro,MacroCommand,processEvent,0,1,1
eclipse.pde.ui-20120217-1437,org.eclipse.pde.internal.ui.tests.macro,MacroCommand,load,6,2,2
eclipse.pde.ui-20120217-1437,org.eclipse.pde.internal.ui.tests.macro,MacroCommand,bindSourceLocation,8,2,2
eclipse.pde.ui-20120217-1437,org.eclipse.pde.internal.ui.tests.macro,MacroCommand,getStartLine,4,2,0
eclipse.pde.ui-20120217-1437,org.eclipse.pde.internal.ui.tests.macro,MacroCommand,getStopLine,4,2,0
eclipse.pde.ui-20120217-1437,org.eclipse.pde.internal.ui.tests.macro,MacroCommand,mergeEvent,3,1,1
eclipse.pde.ui-20120217-1437,org.eclipse.pde.internal.ui.tests.macro,MacroCommand,getWidgetId,3,1,0
eclipse.pde.ui-20120217-1437,org.eclipse.pde.internal.ui.tests.macro,MacroCommand,toString,3,1,0
eclipse.pde.ui-20120217-1437,org.eclipse.pde.internal.ui.tests.macro,MacroCommandShell,NestedShell,5,1,3
eclipse.pde.ui-20120217-1437,org.eclipse.pde.internal.ui.tests.macro,MacroCommandShell,handleEvent,13,3,1
eclipse.pde.ui-20120217-1437,org.eclipse.pde.internal.ui.tests.macro,MacroCommandShell,getResult,3,1,0
eclipse.pde.ui-20120217-1437,org.eclipse.pde.internal.ui.tests.macro,MacroCommandShell,isReleased,3,1,0
eclipse.pde.ui-20120217-1437,org.eclipse.pde.internal.ui.tests.macro,MacroCommandShell,run,9,2,0
eclipse.pde.ui-20120217-1437,org.eclipse.pde.internal.ui.tests.macro,MacroCommandShell,getException,3,1,0
eclipse.pde.ui-20120217-1437,org.eclipse.pde.internal.ui.tests.macro,MacroCommandShell,MacroCommandShell,3,1,0
eclipse.pde.ui-20120217-1437,org.eclipse.pde.internal.ui.tests.macro,MacroCommandShell,MacroCommandShell,6,1,2
eclipse.pde.ui-20120217-1437,org.eclipse.pde.internal.ui.tests.macro,MacroCommandShell,hookWindow,11,3,1
eclipse.pde.ui-20120217-1437,org.eclipse.pde.internal.ui.tests.macro,MacroCommandShell,run,3,1,0
eclipse.pde.ui-20120217-1437,org.eclipse.pde.internal.ui.tests.macro,MacroCommandShell,doHookWindow,4,2,0
eclipse.pde.ui-20120217-1437,org.eclipse.pde.internal.ui.tests.macro,MacroCommandShell,load,21,7,2
eclipse.pde.ui-20120217-1437,org.eclipse.pde.internal.ui.tests.macro,MacroCommandShell,processCommand,20,11,2
eclipse.pde.ui-20120217-1437,org.eclipse.pde.internal.ui.tests.macro,MacroCommandShell,processShell,5,1,2
eclipse.pde.ui-20120217-1437,org.eclipse.pde.internal.ui.tests.macro,MacroCommandShell,processIndex,5,1,2
eclipse.pde.ui-20120217-1437,org.eclipse.pde.internal.ui.tests.macro,MacroCommandShell,addCommandShell,3,1,1
eclipse.pde.ui-20120217-1437,org.eclipse.pde.internal.ui.tests.macro,MacroCommandShell,write,15,3,2
eclipse.pde.ui-20120217-1437,org.eclipse.pde.internal.ui.tests.macro,MacroCommandShell,addEvent,15,5,1
eclipse.pde.ui-20120217-1437,org.eclipse.pde.internal.ui.tests.macro,MacroCommandShell,addPause,5,2,0
eclipse.pde.ui-20120217-1437,org.eclipse.pde.internal.ui.tests.macro,MacroCommandShell,addIndex,3,1,1
eclipse.pde.ui-20120217-1437,org.eclipse.pde.internal.ui.tests.macro,MacroCommandShell,extractExpectedReturnCode,3,2,0
eclipse.pde.ui-20120217-1437,org.eclipse.pde.internal.ui.tests.macro,MacroCommandShell,matchesReturnCode,6,2,0
eclipse.pde.ui-20120217-1437,org.eclipse.pde.internal.ui.tests.macro,MacroCommandShell,isFocusCommand,3,1,1
eclipse.pde.ui-20120217-1437,org.eclipse.pde.internal.ui.tests.macro,MacroCommandShell,createCommand,29,12,1
eclipse.pde.ui-20120217-1437,org.eclipse.pde.internal.ui.tests.macro,MacroCommandShell,isEditable,10,6,1
eclipse.pde.ui-20120217-1437,org.eclipse.pde.internal.ui.tests.macro,MacroCommandShell,createSelectionCommand,16,8,2
eclipse.pde.ui-20120217-1437,org.eclipse.pde.internal.ui.tests.macro,MacroCommandShell,findKeyBinding,16,5,2
eclipse.pde.ui-20120217-1437,org.eclipse.pde.internal.ui.tests.macro,MacroCommandShell,getLastCommand,7,3,0
eclipse.pde.ui-20120217-1437,org.eclipse.pde.internal.ui.tests.macro,MacroCommandShell,isDisposed,3,1,0
eclipse.pde.ui-20120217-1437,org.eclipse.pde.internal.ui.tests.macro,MacroCommandShell,close,3,2,0
eclipse.pde.ui-20120217-1437,org.eclipse.pde.internal.ui.tests.macro,MacroCommandShell,tracks,4,2,1
eclipse.pde.ui-20120217-1437,org.eclipse.pde.internal.ui.tests.macro,MacroCommandShell,playback,60,13,3
eclipse.pde.ui-20120217-1437,org.eclipse.pde.internal.ui.tests.macro,MacroCommandShell,run,3,1,0
eclipse.pde.ui-20120217-1437,org.eclipse.pde.internal.ui.tests.macro,MacroCommandShell,run,3,1,0
eclipse.pde.ui-20120217-1437,org.eclipse.pde.internal.ui.tests.macro,MacroCommandShell,addExistingIndices,11,4,1
eclipse.pde.ui-20120217-1437,org.eclipse.pde.internal.ui.tests.macro,MacroCommandShell,playInGUIThread,34,3,4
eclipse.pde.ui-20120217-1437,org.eclipse.pde.internal.ui.tests.macro,MacroCommandShell,run,18,1,0
eclipse.pde.ui-20120217-1437,org.eclipse.pde.internal.ui.tests.macro,MacroCommandShell,getIndexHandler,3,1,0
eclipse.pde.ui-20120217-1437,org.eclipse.pde.internal.ui.tests.macro,MacroCommandShell,setIndexHandler,10,3,1
eclipse.pde.ui-20120217-1437,org.eclipse.pde.internal.ui.tests.macro,MacroCommandShell,createPlaybackException,4,1,2
eclipse.pde.ui-20120217-1437,org.eclipse.pde.internal.ui.tests.macro,NestedShell,NestedShell,5,1,3
eclipse.pde.ui-20120217-1437,org.eclipse.pde.internal.ui.tests.macro,NestedShell,handleEvent,13,3,1
eclipse.pde.ui-20120217-1437,org.eclipse.pde.internal.ui.tests.macro,NestedShell,getResult,3,1,0
eclipse.pde.ui-20120217-1437,org.eclipse.pde.internal.ui.tests.macro,NestedShell,isReleased,3,1,0
eclipse.pde.ui-20120217-1437,org.eclipse.pde.internal.ui.tests.macro,NestedShell,run,9,2,0
eclipse.pde.ui-20120217-1437,org.eclipse.pde.internal.ui.tests.macro,NestedShell,getException,3,1,0
eclipse.pde.ui-20120217-1437,org.eclipse.pde.internal.ui.tests.macro,MacroIndex,MacroIndex,3,1,0
eclipse.pde.ui-20120217-1437,org.eclipse.pde.internal.ui.tests.macro,MacroIndex,MacroIndex,3,1,1
eclipse.pde.ui-20120217-1437,org.eclipse.pde.internal.ui.tests.macro,MacroIndex,write,6,1,2
eclipse.pde.ui-20120217-1437,org.eclipse.pde.internal.ui.tests.macro,MacroInstruction,MacroInstruction,3,1,1
eclipse.pde.ui-20120217-1437,org.eclipse.pde.internal.ui.tests.macro,MacroInstruction,getId,3,1,0
eclipse.pde.ui-20120217-1437,org.eclipse.pde.internal.ui.tests.macro,MacroInstruction,load,4,1,2
eclipse.pde.ui-20120217-1437,org.eclipse.pde.internal.ui.tests.macro,MacroInstruction,bindSourceLocation,8,2,2
eclipse.pde.ui-20120217-1437,org.eclipse.pde.internal.ui.tests.macro,MacroInstruction,getStartLine,4,2,0
eclipse.pde.ui-20120217-1437,org.eclipse.pde.internal.ui.tests.macro,MacroInstruction,getStopLine,4,2,0
eclipse.pde.ui-20120217-1437,org.eclipse.pde.internal.ui.tests.macro,MacroInstruction,playback,3,1,3
eclipse.pde.ui-20120217-1437,org.eclipse.pde.internal.ui.tests.macro,MacroManager,handleEvent,3,1,1
eclipse.pde.ui-20120217-1437,org.eclipse.pde.internal.ui.tests.macro,MacroManager,running,3,2,1
eclipse.pde.ui-20120217-1437,org.eclipse.pde.internal.ui.tests.macro,MacroManager,done,3,2,1
eclipse.pde.ui-20120217-1437,org.eclipse.pde.internal.ui.tests.macro,MacroManager,reset,3,1,0
eclipse.pde.ui-20120217-1437,org.eclipse.pde.internal.ui.tests.macro,MacroManager,getState,3,1,0
eclipse.pde.ui-20120217-1437,org.eclipse.pde.internal.ui.tests.macro,MacroManager,MacroManager,5,1,0
eclipse.pde.ui-20120217-1437,org.eclipse.pde.internal.ui.tests.macro,MacroManager,addRecorderListener,3,2,1
eclipse.pde.ui-20120217-1437,org.eclipse.pde.internal.ui.tests.macro,MacroManager,addIndex,5,2,1
eclipse.pde.ui-20120217-1437,org.eclipse.pde.internal.ui.tests.macro,MacroManager,removeRecorderListener,3,2,1
eclipse.pde.ui-20120217-1437,org.eclipse.pde.internal.ui.tests.macro,MacroManager,isRecording,3,1,0
eclipse.pde.ui-20120217-1437,org.eclipse.pde.internal.ui.tests.macro,MacroManager,startRecording,10,2,0
eclipse.pde.ui-20120217-1437,org.eclipse.pde.internal.ui.tests.macro,MacroManager,getExistingIndices,6,2,0
eclipse.pde.ui-20120217-1437,org.eclipse.pde.internal.ui.tests.macro,MacroManager,stopRecording,12,2,0
eclipse.pde.ui-20120217-1437,org.eclipse.pde.internal.ui.tests.macro,MacroManager,hookListeners,13,1,1
eclipse.pde.ui-20120217-1437,org.eclipse.pde.internal.ui.tests.macro,MacroManager,unhookListeners,13,1,1
eclipse.pde.ui-20120217-1437,org.eclipse.pde.internal.ui.tests.macro,MacroManager,shutdown,8,2,0
eclipse.pde.ui-20120217-1437,org.eclipse.pde.internal.ui.tests.macro,MacroManager,play,42,3,4
eclipse.pde.ui-20120217-1437,org.eclipse.pde.internal.ui.tests.macro,MacroManager,run,14,1,1
eclipse.pde.ui-20120217-1437,org.eclipse.pde.internal.ui.tests.macro,MacroManager,createMacroDocument,22,1,1
eclipse.pde.ui-20120217-1437,org.eclipse.pde.internal.ui.tests.macro,MacroManager,getParser,14,2,0
eclipse.pde.ui-20120217-1437,org.eclipse.pde.internal.ui.tests.macro,MacroManager,onEvent,23,8,1
eclipse.pde.ui-20120217-1437,org.eclipse.pde.internal.ui.tests.macro,MacroManager,notifyInterrupt,6,2,1
eclipse.pde.ui-20120217-1437,org.eclipse.pde.internal.ui.tests.macro,MacroManager,resolveWidget,9,4,1
eclipse.pde.ui-20120217-1437,org.eclipse.pde.internal.ui.tests.macro,MacroManager,loadWidgetResolvers,15,4,0
eclipse.pde.ui-20120217-1437,org.eclipse.pde.internal.ui.tests.macro,MacroManager,getIndexHandler,3,1,0
eclipse.pde.ui-20120217-1437,org.eclipse.pde.internal.ui.tests.macro,MacroManager,setIndexHandler,3,1,1
eclipse.pde.ui-20120217-1437,org.eclipse.pde.internal.ui.tests.macro,DisplayListener,handleEvent,3,1,1
eclipse.pde.ui-20120217-1437,org.eclipse.pde.internal.ui.tests.macro,JobListener,running,3,2,1
eclipse.pde.ui-20120217-1437,org.eclipse.pde.internal.ui.tests.macro,JobListener,done,3,2,1
eclipse.pde.ui-20120217-1437,org.eclipse.pde.internal.ui.tests.macro,JobListener,reset,3,1,0
eclipse.pde.ui-20120217-1437,org.eclipse.pde.internal.ui.tests.macro,JobListener,getState,3,1,0
eclipse.pde.ui-20120217-1437,org.eclipse.pde.internal.ui.tests.macro,MacroPlugin,MacroPlugin,5,1,0
eclipse.pde.ui-20120217-1437,org.eclipse.pde.internal.ui.tests.macro,MacroPlugin,getMacroManager,3,1,0
eclipse.pde.ui-20120217-1437,org.eclipse.pde.internal.ui.tests.macro,MacroPlugin,start,4,1,1
eclipse.pde.ui-20120217-1437,org.eclipse.pde.internal.ui.tests.macro,MacroPlugin,stop,5,1,1
eclipse.pde.ui-20120217-1437,org.eclipse.pde.internal.ui.tests.macro,MacroPlugin,getDefault,3,1,0
eclipse.pde.ui-20120217-1437,org.eclipse.pde.internal.ui.tests.macro,MacroPlugin,logException,3,1,1
eclipse.pde.ui-20120217-1437,org.eclipse.pde.internal.ui.tests.macro,MacroPlugin,logException,22,6,3
eclipse.pde.ui-20120217-1437,org.eclipse.pde.internal.ui.tests.macro,MacroPlugin,run,3,1,0
eclipse.pde.ui-20120217-1437,org.eclipse.pde.internal.ui.tests.macro,MacroPlugin,getBundleContext,3,1,0
eclipse.pde.ui-20120217-1437,org.eclipse.pde.internal.ui.tests.macro,MacroPlugin,getPackageAdmin,3,1,0
eclipse.pde.ui-20120217-1437,org.eclipse.pde.internal.ui.tests.macro,MacroUtil,getWidgetIdentifier,30,9,1
eclipse.pde.ui-20120217-1437,org.eclipse.pde.internal.ui.tests.macro,MacroUtil,getShellId,11,3,1
eclipse.pde.ui-20120217-1437,org.eclipse.pde.internal.ui.tests.macro,MacroUtil,getControlIdentifier,44,10,1
eclipse.pde.ui-20120217-1437,org.eclipse.pde.internal.ui.tests.macro,MacroUtil,computeRelativePath,8,2,3
eclipse.pde.ui-20120217-1437,org.eclipse.pde.internal.ui.tests.macro,MacroUtil,getControlId,6,2,2
eclipse.pde.ui-20120217-1437,org.eclipse.pde.internal.ui.tests.macro,MacroUtil,computeControlToken,19,8,4
eclipse.pde.ui-20120217-1437,org.eclipse.pde.internal.ui.tests.macro,MacroUtil,isInputControl,3,1,1
eclipse.pde.ui-20120217-1437,org.eclipse.pde.internal.ui.tests.macro,MacroUtil,onMenubar,9,2,1
eclipse.pde.ui-20120217-1437,org.eclipse.pde.internal.ui.tests.macro,MacroUtil,onToolbar,22,7,1
eclipse.pde.ui-20120217-1437,org.eclipse.pde.internal.ui.tests.macro,MacroUtil,getActionId,10,3,1
eclipse.pde.ui-20120217-1437,org.eclipse.pde.internal.ui.tests.macro,MacroUtil,getDisplayName,11,3,1
eclipse.pde.ui-20120217-1437,org.eclipse.pde.internal.ui.tests.macro,MacroUtil,getDisplayName,6,2,1
eclipse.pde.ui-20120217-1437,org.eclipse.pde.internal.ui.tests.macro,MacroUtil,getDisplayName,7,2,1
eclipse.pde.ui-20120217-1437,org.eclipse.pde.internal.ui.tests.macro,MacroUtil,getContribId,10,3,1
eclipse.pde.ui-20120217-1437,org.eclipse.pde.internal.ui.tests.macro,MacroUtil,getActionId,10,3,1
eclipse.pde.ui-20120217-1437,org.eclipse.pde.internal.ui.tests.macro,MacroUtil,getActionId,10,3,1
eclipse.pde.ui-20120217-1437,org.eclipse.pde.internal.ui.tests.macro,MacroUtil,getActionId,24,7,1
eclipse.pde.ui-20120217-1437,org.eclipse.pde.internal.ui.tests.macro,MacroUtil,getDefaultValue,3,1,1
eclipse.pde.ui-20120217-1437,org.eclipse.pde.internal.ui.tests.macro,MacroUtil,getMenuItem,15,4,2
eclipse.pde.ui-20120217-1437,org.eclipse.pde.internal.ui.tests.macro,MacroUtil,getMenuItem,10,3,2
eclipse.pde.ui-20120217-1437,org.eclipse.pde.internal.ui.tests.macro,MacroUtil,removeChar,10,2,2
eclipse.pde.ui-20120217-1437,org.eclipse.pde.internal.ui.tests.macro,MacroUtil,getAttribute,5,2,2
eclipse.pde.ui-20120217-1437,org.eclipse.pde.internal.ui.tests.macro,MacroUtil,getNormalizedText,6,2,1
eclipse.pde.ui-20120217-1437,org.eclipse.pde.internal.ui.tests.macro,MacroUtil,getWritableText,27,7,1
eclipse.pde.ui-20120217-1437,org.eclipse.pde.internal.ui.tests.macro,MacroUtil,locateCommandTarget,3,1,3
eclipse.pde.ui-20120217-1437,org.eclipse.pde.internal.ui.tests.macro,MacroUtil,locateCommandTarget,20,10,4
eclipse.pde.ui-20120217-1437,org.eclipse.pde.internal.ui.tests.macro,MacroUtil,locateMenuBarItem,16,3,4
eclipse.pde.ui-20120217-1437,org.eclipse.pde.internal.ui.tests.macro,MacroUtil,locateMenuItem,16,5,3
eclipse.pde.ui-20120217-1437,org.eclipse.pde.internal.ui.tests.macro,MacroUtil,locateMenuItem,27,8,4
eclipse.pde.ui-20120217-1437,org.eclipse.pde.internal.ui.tests.macro,MacroUtil,forceMenuOpen,7,1,2
eclipse.pde.ui-20120217-1437,org.eclipse.pde.internal.ui.tests.macro,MacroUtil,forceMenuClosed,7,1,1
eclipse.pde.ui-20120217-1437,org.eclipse.pde.internal.ui.tests.macro,MacroUtil,processDisplayEvents,5,3,1
eclipse.pde.ui-20120217-1437,org.eclipse.pde.internal.ui.tests.macro,MacroUtil,locatePopupMenuItem,20,4,4
eclipse.pde.ui-20120217-1437,org.eclipse.pde.internal.ui.tests.macro,MacroUtil,locateToolItem,17,5,3
eclipse.pde.ui-20120217-1437,org.eclipse.pde.internal.ui.tests.macro,MacroUtil,locateToolItem,12,4,3
eclipse.pde.ui-20120217-1437,org.eclipse.pde.internal.ui.tests.macro,MacroUtil,locateToolItem,3,1,3
eclipse.pde.ui-20120217-1437,org.eclipse.pde.internal.ui.tests.macro,MacroUtil,locateToolItem,9,3,3
eclipse.pde.ui-20120217-1437,org.eclipse.pde.internal.ui.tests.macro,MacroUtil,locateLocalToolItem,21,5,3
eclipse.pde.ui-20120217-1437,org.eclipse.pde.internal.ui.tests.macro,MacroUtil,locateWizardControl,9,3,3
eclipse.pde.ui-20120217-1437,org.eclipse.pde.internal.ui.tests.macro,MacroUtil,locateShellControl,7,3,3
eclipse.pde.ui-20120217-1437,org.eclipse.pde.internal.ui.tests.macro,MacroUtil,locateWizardPageControl,15,5,4
eclipse.pde.ui-20120217-1437,org.eclipse.pde.internal.ui.tests.macro,MacroUtil,locateView,13,3,3
eclipse.pde.ui-20120217-1437,org.eclipse.pde.internal.ui.tests.macro,MacroUtil,getPartControl,4,1,1
eclipse.pde.ui-20120217-1437,org.eclipse.pde.internal.ui.tests.macro,MacroUtil,locateViewControl,13,3,4
eclipse.pde.ui-20120217-1437,org.eclipse.pde.internal.ui.tests.macro,MacroUtil,locateEditorControl,31,9,5
eclipse.pde.ui-20120217-1437,org.eclipse.pde.internal.ui.tests.macro,MacroUtil,locateVisibleChild,9,2,3
eclipse.pde.ui-20120217-1437,org.eclipse.pde.internal.ui.tests.macro,MacroUtil,locateVisibleChild,21,9,5
eclipse.pde.ui-20120217-1437,org.eclipse.pde.internal.ui.tests.macro,MacroUtil,throwCoreException,3,1,2
eclipse.pde.ui-20120217-1437,org.eclipse.pde.internal.ui.tests.macro,MacroUtil,throwCoreException,5,2,3
eclipse.pde.ui-20120217-1437,org.eclipse.pde.internal.ui.tests.macro,MacroUtil,generatePossibleKeyStrokes,20,5,1
eclipse.pde.ui-20120217-1437,org.eclipse.pde.internal.ui.tests.macro,ModifyCommand,ModifyCommand,3,1,1
eclipse.pde.ui-20120217-1437,org.eclipse.pde.internal.ui.tests.macro,ModifyCommand,getType,3,1,0
eclipse.pde.ui-20120217-1437,org.eclipse.pde.internal.ui.tests.macro,ModifyCommand,mergeEvent,3,1,1
eclipse.pde.ui-20120217-1437,org.eclipse.pde.internal.ui.tests.macro,ModifyCommand,processEvent,3,1,1
eclipse.pde.ui-20120217-1437,org.eclipse.pde.internal.ui.tests.macro,ModifyCommand,load,11,3,2
eclipse.pde.ui-20120217-1437,org.eclipse.pde.internal.ui.tests.macro,ModifyCommand,doProcessEvent,8,2,1
eclipse.pde.ui-20120217-1437,org.eclipse.pde.internal.ui.tests.macro,ModifyCommand,extractText,7,5,1
eclipse.pde.ui-20120217-1437,org.eclipse.pde.internal.ui.tests.macro,ModifyCommand,write,17,2,2
eclipse.pde.ui-20120217-1437,org.eclipse.pde.internal.ui.tests.macro,ModifyCommand,playback,13,7,3
eclipse.pde.ui-20120217-1437,org.eclipse.pde.internal.ui.tests.macro,StructuredSelectionCommand,StructuredSelectionCommand,5,1,2
eclipse.pde.ui-20120217-1437,org.eclipse.pde.internal.ui.tests.macro,StructuredSelectionCommand,mergeEvent,6,2,1
eclipse.pde.ui-20120217-1437,org.eclipse.pde.internal.ui.tests.macro,StructuredSelectionCommand,getType,3,1,0
eclipse.pde.ui-20120217-1437,org.eclipse.pde.internal.ui.tests.macro,StructuredSelectionCommand,getItemsForEvent,12,4,1
eclipse.pde.ui-20120217-1437,org.eclipse.pde.internal.ui.tests.macro,StructuredSelectionCommand,playTreeCommand,4,1,2
eclipse.pde.ui-20120217-1437,org.eclipse.pde.internal.ui.tests.macro,StructuredSelectionCommand,fireEvent,7,1,2
eclipse.pde.ui-20120217-1437,org.eclipse.pde.internal.ui.tests.macro,StructuredSelectionCommand,playTableCommand,4,1,2
eclipse.pde.ui-20120217-1437,org.eclipse.pde.internal.ui.tests.macro,StructuredSelectionCommand,playTableTreeCommand,4,1,2
eclipse.pde.ui-20120217-1437,org.eclipse.pde.internal.ui.tests.macro,ToggleStructuredCommand,ToggleStructuredCommand,3,1,1
eclipse.pde.ui-20120217-1437,org.eclipse.pde.internal.ui.tests.macro,ToggleStructuredCommand,mergeEvent,3,1,1
eclipse.pde.ui-20120217-1437,org.eclipse.pde.internal.ui.tests.macro,ToggleStructuredCommand,load,5,1,2
eclipse.pde.ui-20120217-1437,org.eclipse.pde.internal.ui.tests.macro,ToggleStructuredCommand,writeAdditionalAttributes,5,1,1
eclipse.pde.ui-20120217-1437,org.eclipse.pde.internal.ui.tests.macro,ToggleStructuredCommand,getValue,3,1,0
eclipse.pde.ui-20120217-1437,org.eclipse.pde.internal.ui.tests.macro,ViewCommandTarget,ViewCommandTarget,3,1,2
eclipse.pde.ui-20120217-1437,org.eclipse.pde.internal.ui.tests.macro,ViewCommandTarget,getView,3,1,0
eclipse.pde.ui-20120217-1437,org.eclipse.pde.internal.ui.tests.macro,ViewCommandTarget,ensureVisible,5,1,0
eclipse.pde.ui-20120217-1437,org.eclipse.pde.internal.ui.tests.macro,WaitCommand,JobListener,5,1,3
eclipse.pde.ui-20120217-1437,org.eclipse.pde.internal.ui.tests.macro,WaitCommand,change,9,2,1
eclipse.pde.ui-20120217-1437,org.eclipse.pde.internal.ui.tests.macro,WaitCommand,running,4,2,1
eclipse.pde.ui-20120217-1437,org.eclipse.pde.internal.ui.tests.macro,WaitCommand,done,4,2,1
eclipse.pde.ui-20120217-1437,org.eclipse.pde.internal.ui.tests.macro,WaitCommand,WaitCommand,3,1,0
eclipse.pde.ui-20120217-1437,org.eclipse.pde.internal.ui.tests.macro,WaitCommand,getType,3,1,0
eclipse.pde.ui-20120217-1437,org.eclipse.pde.internal.ui.tests.macro,WaitCommand,processEvent,2,1,1
eclipse.pde.ui-20120217-1437,org.eclipse.pde.internal.ui.tests.macro,WaitCommand,write,7,1,2
eclipse.pde.ui-20120217-1437,org.eclipse.pde.internal.ui.tests.macro,WaitCommand,playback,17,3,3
eclipse.pde.ui-20120217-1437,org.eclipse.pde.internal.ui.tests.macro,WaitCommand,getNumberOfRunningJobs,8,3,1
eclipse.pde.ui-20120217-1437,org.eclipse.pde.internal.ui.tests.macro,JobListener,JobListener,5,1,3
eclipse.pde.ui-20120217-1437,org.eclipse.pde.internal.ui.tests.macro,JobListener,change,9,2,1
eclipse.pde.ui-20120217-1437,org.eclipse.pde.internal.ui.tests.macro,JobListener,running,4,2,1
eclipse.pde.ui-20120217-1437,org.eclipse.pde.internal.ui.tests.macro,JobListener,done,4,2,1
eclipse.pde.ui-20120217-1437,org.eclipse.pde.internal.ui.tests.macro,WidgetIdentifier,WidgetIdentifier,4,1,2
eclipse.pde.ui-20120217-1437,org.eclipse.pde.internal.ui.tests.macro,WidgetIdentifier,getContextId,3,1,0
eclipse.pde.ui-20120217-1437,org.eclipse.pde.internal.ui.tests.macro,WidgetIdentifier,getWidgetId,3,1,0
eclipse.pde.ui-20120217-1437,org.eclipse.pde.internal.ui.tests.macro,WidgetIdentifier,getFullyQualifiedPath,3,1,0
eclipse.pde.ui-20120217-1437,org.eclipse.pde.internal.ui.tests.macro,WidgetIdentifier,getFullyQualifiedId,3,1,0
eclipse.pde.ui-20120217-1437,org.eclipse.pde.internal.ui.tests.macro,WidgetIdentifier,equals,9,4,1
eclipse.pde.ui-20120217-1437,org.eclipse.pde.internal.ui.tests.macro,WindowCommandTarget,WindowCommandTarget,3,1,2
eclipse.pde.ui-20120217-1437,org.eclipse.pde.internal.ui.tests.macro,WindowCommandTarget,getWindow,3,1,0
eclipse.pde.ui-20120217-1437,org.eclipse.pde.internal.ui.tests.macro,WindowCommandTarget,ensureVisible,4,1,0
eclipse.pde.ui-20120217-1437,org.eclipse.pde.internal.ui.tests.macro,WizardCommandTarget,WizardCommandTarget,3,1,2
eclipse.pde.ui-20120217-1437,org.eclipse.pde.internal.ui.tests.macro,WizardCommandTarget,getWizardDialog,3,1,0
eclipse.pde.ui-20120217-1437,org.eclipse.pde.internal.ui.tests.macro,XMLDefaultHandler,XMLDefaultHandler,3,1,0
eclipse.pde.ui-20120217-1437,org.eclipse.pde.internal.ui.tests.macro,XMLDefaultHandler,startElement,12,3,4
eclipse.pde.ui-20120217-1437,org.eclipse.pde.internal.ui.tests.macro,XMLDefaultHandler,endElement,4,1,3
eclipse.pde.ui-20120217-1437,org.eclipse.pde.internal.ui.tests.macro,XMLDefaultHandler,setDocumentLocator,3,1,1
eclipse.pde.ui-20120217-1437,org.eclipse.pde.internal.ui.tests.macro,XMLDefaultHandler,startDocument,8,1,0
eclipse.pde.ui-20120217-1437,org.eclipse.pde.internal.ui.tests.macro,XMLDefaultHandler,endDocument,3,1,0
eclipse.pde.ui-20120217-1437,org.eclipse.pde.internal.ui.tests.macro,XMLDefaultHandler,processingInstruction,3,1,2
eclipse.pde.ui-20120217-1437,org.eclipse.pde.internal.ui.tests.macro,XMLDefaultHandler,characters,9,3,3
eclipse.pde.ui-20120217-1437,org.eclipse.pde.internal.ui.tests.macro,XMLDefaultHandler,getDocumentElement,4,1,0
eclipse.pde.ui-20120217-1437,org.eclipse.pde.internal.ui.tests.macro,XMLDefaultHandler,getDocument,4,1,0
eclipse.pde.ui-20120217-1437,org.eclipse.pde.internal.ui.tests.macro,XMLDefaultHandler,getLineTable,3,1,0
eclipse.pde.ui-20120217-1437,org.eclipse.pde.internal.ui.tests.macro,DefaultIndexHandler,DefaultIndexHandler,2,1,0
eclipse.pde.ui-20120217-1437,org.eclipse.pde.internal.ui.tests.macro,DefaultIndexHandler,processIndex,12,1,2
eclipse.pde.ui-20120217-1437,org.eclipse.pde.internal.ui.tests.macro,DefaultIndexHandler,run,4,1,0
eclipse.pde.ui-20120217-1437,org.eclipse.pde.internal.ui.tests.macro,DefaultWidgetResolver,getUniqueId,18,12,1
eclipse.pde.ui-20120217-1437,org.eclipse.pde.internal.ui.tests.macro,IndexAction,IndexAction,4,1,0
eclipse.pde.ui-20120217-1437,org.eclipse.pde.internal.ui.tests.macro,IndexAction,run,9,2,1
eclipse.pde.ui-20120217-1437,org.eclipse.pde.internal.ui.tests.macro,IndexAction,selectionChanged,2,1,2
eclipse.pde.ui-20120217-1437,org.eclipse.pde.internal.ui.tests.macro,IndexAction,recordingStarted,3,2,0
eclipse.pde.ui-20120217-1437,org.eclipse.pde.internal.ui.tests.macro,IndexAction,recordingStopped,3,2,0
eclipse.pde.ui-20120217-1437,org.eclipse.pde.internal.ui.tests.macro,IndexAction,recordingInterrupted,2,1,1
eclipse.pde.ui-20120217-1437,org.eclipse.pde.internal.ui.tests.macro,IndexAction,dispose,5,1,0
eclipse.pde.ui-20120217-1437,org.eclipse.pde.internal.ui.tests.macro,IndexAction,init,3,1,1
eclipse.pde.ui-20120217-1437,org.eclipse.pde.internal.ui.tests.macro,IndexPage,getElements,3,1,1
eclipse.pde.ui-20120217-1437,org.eclipse.pde.internal.ui.tests.macro,IndexPage,dispose,2,1,0
eclipse.pde.ui-20120217-1437,org.eclipse.pde.internal.ui.tests.macro,IndexPage,inputChanged,2,1,3
eclipse.pde.ui-20120217-1437,org.eclipse.pde.internal.ui.tests.macro,IndexPage,IndexPage,6,1,1
eclipse.pde.ui-20120217-1437,org.eclipse.pde.internal.ui.tests.macro,IndexPage,createControl,32,2,1
eclipse.pde.ui-20120217-1437,org.eclipse.pde.internal.ui.tests.macro,IndexPage,modifyText,3,1,1
eclipse.pde.ui-20120217-1437,org.eclipse.pde.internal.ui.tests.macro,IndexPage,selectionChanged,5,2,1
eclipse.pde.ui-20120217-1437,org.eclipse.pde.internal.ui.tests.macro,IndexPage,setVisible,4,2,1
eclipse.pde.ui-20120217-1437,org.eclipse.pde.internal.ui.tests.macro,IndexPage,updateStatus,20,6,0
eclipse.pde.ui-20120217-1437,org.eclipse.pde.internal.ui.tests.macro,IndexPage,getIndexId,3,1,0
eclipse.pde.ui-20120217-1437,org.eclipse.pde.internal.ui.tests.macro,ExistingProvider,getElements,3,1,1
eclipse.pde.ui-20120217-1437,org.eclipse.pde.internal.ui.tests.macro,ExistingProvider,dispose,2,1,0
eclipse.pde.ui-20120217-1437,org.eclipse.pde.internal.ui.tests.macro,ExistingProvider,inputChanged,2,1,3
eclipse.pde.ui-20120217-1437,org.eclipse.pde.internal.ui.tests.macro,IndexWizard,IndexWizard,4,1,1
eclipse.pde.ui-20120217-1437,org.eclipse.pde.internal.ui.tests.macro,IndexWizard,addPages,4,1,0
eclipse.pde.ui-20120217-1437,org.eclipse.pde.internal.ui.tests.macro,IndexWizard,performFinish,7,2,0
eclipse.pde.ui-20120217-1437,org.eclipse.pde.internal.ui.tests.macro,NewMacroWizard,NewMacroPage,5,1,1
eclipse.pde.ui-20120217-1437,org.eclipse.pde.internal.ui.tests.macro,NewMacroWizard,getInitialContents,9,1,0
eclipse.pde.ui-20120217-1437,org.eclipse.pde.internal.ui.tests.macro,NewMacroWizard,NewMacroWizard,4,1,1
eclipse.pde.ui-20120217-1437,org.eclipse.pde.internal.ui.tests.macro,NewMacroWizard,addPages,9,2,0
eclipse.pde.ui-20120217-1437,org.eclipse.pde.internal.ui.tests.macro,NewMacroWizard,performFinish,4,1,0
eclipse.pde.ui-20120217-1437,org.eclipse.pde.internal.ui.tests.macro,NewMacroPage,NewMacroPage,5,1,1
eclipse.pde.ui-20120217-1437,org.eclipse.pde.internal.ui.tests.macro,NewMacroPage,getInitialContents,9,1,0
eclipse.pde.ui-20120217-1437,org.eclipse.pde.internal.ui.tests.macro,PlaybackAction,PlaybackAction,2,1,0
eclipse.pde.ui-20120217-1437,org.eclipse.pde.internal.ui.tests.macro,PlaybackAction,run,12,3,1
eclipse.pde.ui-20120217-1437,org.eclipse.pde.internal.ui.tests.macro,PlaybackAction,runFile,12,1,1
eclipse.pde.ui-20120217-1437,org.eclipse.pde.internal.ui.tests.macro,PlaybackAction,selectionChanged,2,1,2
eclipse.pde.ui-20120217-1437,org.eclipse.pde.internal.ui.tests.macro,PlaybackAction,dispose,2,1,0
eclipse.pde.ui-20120217-1437,org.eclipse.pde.internal.ui.tests.macro,PlaybackAction,init,3,1,1
eclipse.pde.ui-20120217-1437,org.eclipse.pde.internal.ui.tests.macro,RecordAction,RecordAction,4,1,0
eclipse.pde.ui-20120217-1437,org.eclipse.pde.internal.ui.tests.macro,RecordAction,run,9,2,1
eclipse.pde.ui-20120217-1437,org.eclipse.pde.internal.ui.tests.macro,RecordAction,selectionChanged,2,1,2
eclipse.pde.ui-20120217-1437,org.eclipse.pde.internal.ui.tests.macro,RecordAction,dispose,5,1,0
eclipse.pde.ui-20120217-1437,org.eclipse.pde.internal.ui.tests.macro,RecordAction,recordingStarted,3,1,0
eclipse.pde.ui-20120217-1437,org.eclipse.pde.internal.ui.tests.macro,RecordAction,recordingStopped,3,1,0
eclipse.pde.ui-20120217-1437,org.eclipse.pde.internal.ui.tests.macro,RecordAction,recordingInterrupted,2,1,1
eclipse.pde.ui-20120217-1437,org.eclipse.pde.internal.ui.tests.macro,RecordAction,init,3,1,1
eclipse.pde.ui-20120217-1437,org.eclipse.pde.internal.ui.tests.macro,RecordBlock,RecordBlock,2,1,0
eclipse.pde.ui-20120217-1437,org.eclipse.pde.internal.ui.tests.macro,RecordBlock,getInstance,6,2,0
eclipse.pde.ui-20120217-1437,org.eclipse.pde.internal.ui.tests.macro,RecordBlock,init,5,2,1
eclipse.pde.ui-20120217-1437,org.eclipse.pde.internal.ui.tests.macro,RecordBlock,internalInit,5,1,1
eclipse.pde.ui-20120217-1437,org.eclipse.pde.internal.ui.tests.macro,RecordBlock,dispose,6,2,0
eclipse.pde.ui-20120217-1437,org.eclipse.pde.internal.ui.tests.macro,RecordBlock,internalDispose,4,1,0
eclipse.pde.ui-20120217-1437,org.eclipse.pde.internal.ui.tests.macro,RecordBlock,startRecording,4,1,0
eclipse.pde.ui-20120217-1437,org.eclipse.pde.internal.ui.tests.macro,RecordBlock,stopRecording,19,1,0
eclipse.pde.ui-20120217-1437,org.eclipse.pde.internal.ui.tests.macro,RecordBlock,recordingStarted,2,1,0
eclipse.pde.ui-20120217-1437,org.eclipse.pde.internal.ui.tests.macro,RecordBlock,recordingStopped,2,1,0
eclipse.pde.ui-20120217-1437,org.eclipse.pde.internal.ui.tests.macro,RecordBlock,recordingInterrupted,4,3,1
eclipse.pde.ui-20120217-1437,org.eclipse.pde.internal.ui.tests.macro,RecordBlock,insertIndex,9,1,0
eclipse.pde.ui-20120217-1437,org.eclipse.pde.internal.ui.tests.macro,StopAction,StopAction,4,1,0
eclipse.pde.ui-20120217-1437,org.eclipse.pde.internal.ui.tests.macro,StopAction,run,9,2,1
eclipse.pde.ui-20120217-1437,org.eclipse.pde.internal.ui.tests.macro,StopAction,selectionChanged,2,1,2
eclipse.pde.ui-20120217-1437,org.eclipse.pde.internal.ui.tests.macro,StopAction,recordingStarted,3,2,0
eclipse.pde.ui-20120217-1437,org.eclipse.pde.internal.ui.tests.macro,StopAction,recordingStopped,3,2,0
eclipse.pde.ui-20120217-1437,org.eclipse.pde.internal.ui.tests.macro,StopAction,recordingInterrupted,2,1,1
eclipse.pde.ui-20120217-1437,org.eclipse.pde.internal.ui.tests.macro,StopAction,dispose,5,1,0
eclipse.pde.ui-20120217-1437,org.eclipse.pde.internal.ui.tests.macro,StopAction,init,3,1,1
eclipse.pde.ui-20120217-1437,org.eclipse.pde.ui.tests,AllPDETests,suite,20,1,0
eclipse.pde.ui-20120217-1437,org.eclipse.pde.ui.tests,PDETestCase,tearDown,11,2,0
eclipse.pde.ui-20120217-1437,org.eclipse.pde.ui.tests.build.properties,AbstractBuildValidationTest,setUp,26,4,0
eclipse.pde.ui-20120217-1437,org.eclipse.pde.ui.tests.build.properties,AbstractBuildValidationTest,accept,7,2,1
eclipse.pde.ui-20120217-1437,org.eclipse.pde.ui.tests.build.properties,AbstractBuildValidationTest,verifyQuickFixes,14,3,2
eclipse.pde.ui-20120217-1437,org.eclipse.pde.ui.tests.build.properties,AbstractBuildValidationTest,verifyBuildPropertiesMarkers,47,5,3
eclipse.pde.ui-20120217-1437,org.eclipse.pde.ui.tests.build.properties,AbstractBuildValidationTest,getIntAttribute,11,2,2
eclipse.pde.ui-20120217-1437,org.eclipse.pde.ui.tests.build.properties,AbstractBuildValidationTest,getStringAttribute,11,2,2
eclipse.pde.ui-20120217-1437,org.eclipse.pde.ui.tests.build.properties,AbstractBuildValidationTest,getProperty,11,2,2
eclipse.pde.ui-20120217-1437,org.eclipse.pde.ui.tests.build.properties,AbstractBuildValidationTest,getProperty,3,1,3
eclipse.pde.ui-20120217-1437,org.eclipse.pde.ui.tests.build.properties,AbstractBuildValidationTest,doUnZip,25,3,2
eclipse.pde.ui-20120217-1437,org.eclipse.pde.ui.tests.build.properties,AbstractBuildValidationTest,buildProject,19,2,1
eclipse.pde.ui-20120217-1437,org.eclipse.pde.ui.tests.build.properties,AbstractBuildValidationTest,setPreferences,13,1,2
eclipse.pde.ui-20120217-1437,org.eclipse.pde.ui.tests.build.properties,AbstractBuildValidationTest,setPreference,7,1,4
eclipse.pde.ui-20120217-1437,org.eclipse.pde.ui.tests.build.properties,AbstractBuildValidationTest,findProject,10,3,1
eclipse.pde.ui-20120217-1437,org.eclipse.pde.ui.tests.build.properties,AllValidatorTests,suite,5,1,0
eclipse.pde.ui-20120217-1437,org.eclipse.pde.ui.tests.build.properties,BuildPropertiesValidationTest,suite,3,1,0
eclipse.pde.ui-20120217-1437,org.eclipse.pde.ui.tests.build.properties,BuildPropertiesValidationTest,setUp,5,2,0
eclipse.pde.ui-20120217-1437,org.eclipse.pde.ui.tests.build.properties,BuildPropertiesValidationTest,testSourceFolder,15,3,0
eclipse.pde.ui-20120217-1437,org.eclipse.pde.ui.tests.build.properties,BuildPropertiesValidationTest,testJavacEntries,13,2,0
eclipse.pde.ui-20120217-1437,org.eclipse.pde.ui.tests.build.properties,BuildPropertiesValidationTest,testJreCompliance,13,2,0
eclipse.pde.ui-20120217-1437,org.eclipse.pde.ui.tests.build.properties,BuildPropertiesValidationTest,testSimpleProject,13,2,0
eclipse.pde.ui-20120217-1437,org.eclipse.pde.ui.tests.build.properties,BuildPropertiesValidationTest,testSrcExcludeQuickFix,13,2,0
eclipse.pde.ui-20120217-1437,org.eclipse.pde.ui.tests.build.properties,BuildPropertiesValidationTest,testOsgiInf,13,2,0
eclipse.pde.ui-20120217-1437,org.eclipse.pde.ui.tests.classpathresolver,ClasspathResolverTest,suite,5,1,0
eclipse.pde.ui-20120217-1437,org.eclipse.pde.ui.tests.classpathresolver,ClasspathResolverTest,setUp,3,1,0
eclipse.pde.ui-20120217-1437,org.eclipse.pde.ui.tests.classpathresolver,ClasspathResolverTest,tearDown,3,1,0
eclipse.pde.ui-20120217-1437,org.eclipse.pde.ui.tests.classpathresolver,ClasspathResolverTest,_PDESourceLookupQuery,3,1,2
eclipse.pde.ui-20120217-1437,org.eclipse.pde.ui.tests.classpathresolver,ClasspathResolverTest,getSourceContainers,3,1,2
eclipse.pde.ui-20120217-1437,org.eclipse.pde.ui.tests.classpathresolver,ClasspathResolverTest,testDevProperties,13,1,0
eclipse.pde.ui-20120217-1437,org.eclipse.pde.ui.tests.classpathresolver,ClasspathResolverTest,testSourceLookupPath,8,1,0
eclipse.pde.ui-20120217-1437,org.eclipse.pde.ui.tests.classpathresolver,ClasspathResolverTest,importProject,17,1,1
eclipse.pde.ui-20120217-1437,org.eclipse.pde.ui.tests.classpathresolver,ClasspathResolverTest,copyFile,3,1,3
eclipse.pde.ui-20120217-1437,org.eclipse.pde.ui.tests.classpathresolver,ClasspathResolverTest,copyFile,13,2,2
eclipse.pde.ui-20120217-1437,org.eclipse.pde.ui.tests.classpathresolver,_PDESourceLookupQuery,_PDESourceLookupQuery,3,1,2
eclipse.pde.ui-20120217-1437,org.eclipse.pde.ui.tests.classpathresolver,_PDESourceLookupQuery,getSourceContainers,3,1,2
eclipse.pde.ui-20120217-1437,org.eclipse.pde.ui.tests.classpathresolver,TestBundleClasspathResolver,getAdditionalClasspathEntries,7,1,1
eclipse.pde.ui-20120217-1437,org.eclipse.pde.ui.tests.classpathresolver,TestBundleClasspathResolver,getAdditionalSourceEntries,7,1,1
eclipse.pde.ui-20120217-1437,org.eclipse.pde.ui.tests.classpathresolver,TestProjectNature,configure,2,1,0
eclipse.pde.ui-20120217-1437,org.eclipse.pde.ui.tests.classpathresolver,TestProjectNature,deconfigure,2,1,0
eclipse.pde.ui-20120217-1437,org.eclipse.pde.ui.tests.classpathresolver,TestProjectNature,getProject,3,1,0
eclipse.pde.ui-20120217-1437,org.eclipse.pde.ui.tests.classpathresolver,TestProjectNature,setProject,3,1,1
eclipse.pde.ui-20120217-1437,org.eclipse.pde.ui.tests.ee,EnvironmentAnalyzerDelegate,analyze,19,6,2
eclipse.pde.ui-20120217-1437,org.eclipse.pde.ui.tests.ee,ExecutionEnvironmentTests,suite,3,1,0
eclipse.pde.ui-20120217-1437,org.eclipse.pde.ui.tests.ee,ExecutionEnvironmentTests,deleteProject,6,2,1
eclipse.pde.ui-20120217-1437,org.eclipse.pde.ui.tests.ee,ExecutionEnvironmentTests,waitForBuild,17,2,0
eclipse.pde.ui-20120217-1437,org.eclipse.pde.ui.tests.ee,ExecutionEnvironmentTests,validateOption,4,1,3
eclipse.pde.ui-20120217-1437,org.eclipse.pde.ui.tests.ee,ExecutionEnvironmentTests,validateSystemLibrary,14,4,2
eclipse.pde.ui-20120217-1437,org.eclipse.pde.ui.tests.ee,ExecutionEnvironmentTests,validateTargetLevel,4,1,2
eclipse.pde.ui-20120217-1437,org.eclipse.pde.ui.tests.ee,ExecutionEnvironmentTests,testCustomEnvironment,21,1,0
eclipse.pde.ui-20120217-1437,org.eclipse.pde.ui.tests.ee,ExecutionEnvironmentTests,testJava4Environment,21,1,0
eclipse.pde.ui-20120217-1437,org.eclipse.pde.ui.tests.ee,ExecutionEnvironmentTests,testNoEnvironment,16,1,0
eclipse.pde.ui-20120217-1437,org.eclipse.pde.ui.tests.ee,ExecutionEnvironmentTests,testMinimumComplianceOverwrite,29,1,0
eclipse.pde.ui-20120217-1437,org.eclipse.pde.ui.tests.ee,ExecutionEnvironmentTests,testMinimumComplianceNoOverwrite,29,1,0
eclipse.pde.ui-20120217-1437,org.eclipse.pde.ui.tests.ee,ExportBundleTests,suite,3,1,0
eclipse.pde.ui-20120217-1437,org.eclipse.pde.ui.tests.ee,ExportBundleTests,deleteProject,6,2,1
eclipse.pde.ui-20120217-1437,org.eclipse.pde.ui.tests.ee,ExportBundleTests,validateTargetLevel,4,1,3
eclipse.pde.ui-20120217-1437,org.eclipse.pde.ui.tests.ee,ExportBundleTests,testExportCustomEnvironment,32,2,0
eclipse.pde.ui-20120217-1437,org.eclipse.pde.ui.tests.ee,ExportBundleTests,testExport14Environment,32,2,0
eclipse.pde.ui-20120217-1437,org.eclipse.pde.ui.tests.imports,AllImportTests,suite,8,1,0
eclipse.pde.ui-20120217-1437,org.eclipse.pde.ui.tests.imports,BaseImportTestCase,getType,0,1,0
eclipse.pde.ui-20120217-1437,org.eclipse.pde.ui.tests.imports,BaseImportTestCase,verifyProject,0,1,2
eclipse.pde.ui-20120217-1437,org.eclipse.pde.ui.tests.imports,BaseImportTestCase,testImportJAR,3,1,0
eclipse.pde.ui-20120217-1437,org.eclipse.pde.ui.tests.imports,BaseImportTestCase,testImportFlat,3,1,0
eclipse.pde.ui-20120217-1437,org.eclipse.pde.ui.tests.imports,BaseImportTestCase,testImportNotJavaFlat,3,1,0
eclipse.pde.ui-20120217-1437,org.eclipse.pde.ui.tests.imports,BaseImportTestCase,testImportNotJavaJARd,4,1,0
eclipse.pde.ui-20120217-1437,org.eclipse.pde.ui.tests.imports,BaseImportTestCase,testImportJUnit3,3,1,0
eclipse.pde.ui-20120217-1437,org.eclipse.pde.ui.tests.imports,BaseImportTestCase,testImportICU,3,1,0
eclipse.pde.ui-20120217-1437,org.eclipse.pde.ui.tests.imports,BaseImportTestCase,testImportLinksMultiple,7,2,0
eclipse.pde.ui-20120217-1437,org.eclipse.pde.ui.tests.imports,BaseImportTestCase,doSingleImport,6,1,2
eclipse.pde.ui-20120217-1437,org.eclipse.pde.ui.tests.imports,BaseImportTestCase,doSingleImport,16,3,3
eclipse.pde.ui-20120217-1437,org.eclipse.pde.ui.tests.imports,BaseImportTestCase,runOperation,16,2,2
eclipse.pde.ui-20120217-1437,org.eclipse.pde.ui.tests.imports,BaseImportTestCase,getModels,9,2,1
eclipse.pde.ui-20120217-1437,org.eclipse.pde.ui.tests.imports,BaseImportTestCase,verifyProject,4,1,2
eclipse.pde.ui-20120217-1437,org.eclipse.pde.ui.tests.imports,BaseImportTestCase,verifyProject,6,1,1
eclipse.pde.ui-20120217-1437,org.eclipse.pde.ui.tests.imports,BaseImportTestCase,checkSourceAttached,9,4,1
eclipse.pde.ui-20120217-1437,org.eclipse.pde.ui.tests.imports,ImportAsBinaryTestCase,suite,3,1,0
eclipse.pde.ui-20120217-1437,org.eclipse.pde.ui.tests.imports,ImportAsBinaryTestCase,getType,3,1,0
eclipse.pde.ui-20120217-1437,org.eclipse.pde.ui.tests.imports,ImportAsBinaryTestCase,testImportAnt,3,1,0
eclipse.pde.ui-20120217-1437,org.eclipse.pde.ui.tests.imports,ImportAsBinaryTestCase,testImportJUnit4,3,1,0
eclipse.pde.ui-20120217-1437,org.eclipse.pde.ui.tests.imports,ImportAsBinaryTestCase,verifyProject,16,2,2
eclipse.pde.ui-20120217-1437,org.eclipse.pde.ui.tests.imports,ImportAsBinaryTestCase,checkLibraryEntry,7,3,1
eclipse.pde.ui-20120217-1437,org.eclipse.pde.ui.tests.imports,ImportAsSourceTestCase,suite,3,1,0
eclipse.pde.ui-20120217-1437,org.eclipse.pde.ui.tests.imports,ImportAsSourceTestCase,getType,3,1,0
eclipse.pde.ui-20120217-1437,org.eclipse.pde.ui.tests.imports,ImportAsSourceTestCase,verifyProject,15,2,2
eclipse.pde.ui-20120217-1437,org.eclipse.pde.ui.tests.imports,ImportAsSourceTestCase,checkSourceFolder,7,3,1
eclipse.pde.ui-20120217-1437,org.eclipse.pde.ui.tests.imports,ImportFeatureProjectsTestCase,suite,3,1,0
eclipse.pde.ui-20120217-1437,org.eclipse.pde.ui.tests.imports,ImportFeatureProjectsTestCase,tearDown,4,1,0
eclipse.pde.ui-20120217-1437,org.eclipse.pde.ui.tests.imports,ImportFeatureProjectsTestCase,getProjectName,3,1,0
eclipse.pde.ui-20120217-1437,org.eclipse.pde.ui.tests.imports,ImportFeatureProjectsTestCase,lookingAtProject,11,3,1
eclipse.pde.ui-20120217-1437,org.eclipse.pde.ui.tests.imports,ImportFeatureProjectsTestCase,importFeature,13,2,2
eclipse.pde.ui-20120217-1437,org.eclipse.pde.ui.tests.imports,ImportFeatureProjectsTestCase,verifyNatures,10,2,0
eclipse.pde.ui-20120217-1437,org.eclipse.pde.ui.tests.imports,ImportFeatureProjectsTestCase,verifyFeature,11,2,1
eclipse.pde.ui-20120217-1437,org.eclipse.pde.ui.tests.imports,ImportFeatureProjectsTestCase,verifyProjectExistence,7,2,0
eclipse.pde.ui-20120217-1437,org.eclipse.pde.ui.tests.imports,ImportFeatureProjectsTestCase,testImportFeature,9,2,0
eclipse.pde.ui-20120217-1437,org.eclipse.pde.ui.tests.imports,ImportFeatureProjectsTestCase,testImportBinaryFeature,9,2,0
eclipse.pde.ui-20120217-1437,org.eclipse.pde.ui.tests.imports,ImportFeatureProjectsTestCase,testImportMulitpleFeatures,11,2,0
eclipse.pde.ui-20120217-1437,org.eclipse.pde.ui.tests.imports,ImportFeatureProjectsTestCase,testFeaturePlugins,17,3,0
eclipse.pde.ui-20120217-1437,org.eclipse.pde.ui.tests.imports,ImportFeatureProjectsTestCase,getFeaturePluginsFrom,4,3,2
eclipse.pde.ui-20120217-1437,org.eclipse.pde.ui.tests.imports,ImportFromRepoTestCase,ImportFromRepoTestCase,3,1,1
eclipse.pde.ui-20120217-1437,org.eclipse.pde.ui.tests.imports,ImportFromRepoTestCase,suite,6,1,0
eclipse.pde.ui-20120217-1437,org.eclipse.pde.ui.tests.imports,ImportFromRepoTestCase,setUp,22,1,0
eclipse.pde.ui-20120217-1437,org.eclipse.pde.ui.tests.imports,ImportFromRepoTestCase,getType,3,1,0
eclipse.pde.ui-20120217-1437,org.eclipse.pde.ui.tests.imports,ImportFromRepoTestCase,testImportOrgEclipsePdeUaUi,3,1,0
eclipse.pde.ui-20120217-1437,org.eclipse.pde.ui.tests.imports,ImportFromRepoTestCase,testImportOrgEclipseRcp,3,1,0
eclipse.pde.ui-20120217-1437,org.eclipse.pde.ui.tests.imports,ImportFromRepoTestCase,runOperation,21,2,2
eclipse.pde.ui-20120217-1437,org.eclipse.pde.ui.tests.imports,ImportFromRepoTestCase,verifyProject,15,2,2
eclipse.pde.ui-20120217-1437,org.eclipse.pde.ui.tests.imports,ImportFromRepoTestCase,checkSourceFolder,7,3,1
eclipse.pde.ui-20120217-1437,org.eclipse.pde.ui.tests.imports,ImportFromRepoTestCase,promptForUserInfo,2,1,3
eclipse.pde.ui-20120217-1437,org.eclipse.pde.ui.tests.imports,ImportFromRepoTestCase,prompt,3,1,6
eclipse.pde.ui-20120217-1437,org.eclipse.pde.ui.tests.imports,ImportFromRepoTestCase,promptForKeyboradInteractive,3,1,6
eclipse.pde.ui-20120217-1437,org.eclipse.pde.ui.tests.imports,ImportFromRepoTestCase,promptForHostKeyChange,3,1,1
eclipse.pde.ui-20120217-1437,org.eclipse.pde.ui.tests.imports,ImportFromRepoTestCase,promptToConfigureRepositoryLocations,3,1,1
eclipse.pde.ui-20120217-1437,org.eclipse.pde.ui.tests.imports,TestsUserAuthenticator,promptForUserInfo,2,1,3
eclipse.pde.ui-20120217-1437,org.eclipse.pde.ui.tests.imports,TestsUserAuthenticator,prompt,3,1,6
eclipse.pde.ui-20120217-1437,org.eclipse.pde.ui.tests.imports,TestsUserAuthenticator,promptForKeyboradInteractive,3,1,6
eclipse.pde.ui-20120217-1437,org.eclipse.pde.ui.tests.imports,TestsUserAuthenticator,promptForHostKeyChange,3,1,1
eclipse.pde.ui-20120217-1437,org.eclipse.pde.ui.tests.imports,TestsUserAuthenticator,promptToConfigureRepositoryLocations,3,1,1
eclipse.pde.ui-20120217-1437,org.eclipse.pde.ui.tests.imports,ImportWithLinksTestCase,suite,3,1,0
eclipse.pde.ui-20120217-1437,org.eclipse.pde.ui.tests.imports,ImportWithLinksTestCase,getType,3,1,0
eclipse.pde.ui-20120217-1437,org.eclipse.pde.ui.tests.imports,ImportWithLinksTestCase,testImportAnt,3,1,0
eclipse.pde.ui-20120217-1437,org.eclipse.pde.ui.tests.imports,ImportWithLinksTestCase,verifyProject,17,2,2
eclipse.pde.ui-20120217-1437,org.eclipse.pde.ui.tests.imports,ImportWithLinksTestCase,checkLibraryEntry,7,3,1
eclipse.pde.ui-20120217-1437,org.eclipse.pde.ui.tests.launcher,AllLauncherTests,suite,5,1,0
eclipse.pde.ui-20120217-1437,org.eclipse.pde.ui.tests.launcher,LaunchConfigurationHelperTestCase,suite,3,1,0
eclipse.pde.ui-20120217-1437,org.eclipse.pde.ui.tests.launcher,LaunchConfigurationHelperTestCase,testgetStartData,16,1,0
eclipse.pde.ui-20120217-1437,org.eclipse.pde.ui.tests.model.bundle,AllBundleModelTests,suite,17,1,0
eclipse.pde.ui-20120217-1437,org.eclipse.pde.ui.tests.model.bundle,BundleActivatorTestCase,suite,3,1,0
eclipse.pde.ui-20120217-1437,org.eclipse.pde.ui.tests.model.bundle,BundleActivatorTestCase,BundleActivatorTestCase,3,1,0
eclipse.pde.ui-20120217-1437,org.eclipse.pde.ui.tests.model.bundle,BundleActivatorTestCase,testGetActivator,13,1,0
eclipse.pde.ui-20120217-1437,org.eclipse.pde.ui.tests.model.bundle,BundleActivatorTestCase,testSetActivator,19,1,0
eclipse.pde.ui-20120217-1437,org.eclipse.pde.ui.tests.model.bundle,BundleActivatorTestCase,testChangeExistingActivator,21,1,0
eclipse.pde.ui-20120217-1437,org.eclipse.pde.ui.tests.model.bundle,BundleClasspathTestCase,suite,3,1,0
eclipse.pde.ui-20120217-1437,org.eclipse.pde.ui.tests.model.bundle,BundleClasspathTestCase,BundleClasspathTestCase,3,1,0
eclipse.pde.ui-20120217-1437,org.eclipse.pde.ui.tests.model.bundle,BundleClasspathTestCase,testAddLibrary,20,1,0
eclipse.pde.ui-20120217-1437,org.eclipse.pde.ui.tests.model.bundle,BundleClasspathTestCase,testRemoveLibrary,21,1,0
eclipse.pde.ui-20120217-1437,org.eclipse.pde.ui.tests.model.bundle,BundleClasspathTestCase,testRemoveOnlyLibrary,18,1,0
eclipse.pde.ui-20120217-1437,org.eclipse.pde.ui.tests.model.bundle,BundleLocalizationTestCase,suite,3,1,0
eclipse.pde.ui-20120217-1437,org.eclipse.pde.ui.tests.model.bundle,BundleLocalizationTestCase,BundleLocalizationTestCase,3,1,0
eclipse.pde.ui-20120217-1437,org.eclipse.pde.ui.tests.model.bundle,BundleLocalizationTestCase,testGetLocalizationDefault,9,1,0
eclipse.pde.ui-20120217-1437,org.eclipse.pde.ui.tests.model.bundle,BundleLocalizationTestCase,testGetLocalization,13,1,0
eclipse.pde.ui-20120217-1437,org.eclipse.pde.ui.tests.model.bundle,BundleLocalizationTestCase,testSetLocalization,19,1,0
eclipse.pde.ui-20120217-1437,org.eclipse.pde.ui.tests.model.bundle,BundleLocalizationTestCase,testChangeExistingLocalization,21,1,0
eclipse.pde.ui-20120217-1437,org.eclipse.pde.ui.tests.model.bundle,BundleModelTestCase,BundleModelTestCase,3,1,1
eclipse.pde.ui-20120217-1437,org.eclipse.pde.ui.tests.model.bundle,BundleModelTestCase,setUp,3,1,0
eclipse.pde.ui-20120217-1437,org.eclipse.pde.ui.tests.model.bundle,BundleModelTestCase,load,3,1,0
eclipse.pde.ui-20120217-1437,org.eclipse.pde.ui.tests.model.bundle,BundleModelTestCase,load,14,3,1
eclipse.pde.ui-20120217-1437,org.eclipse.pde.ui.tests.model.bundle,BundleModelTestCase,testAbsentHeader,9,1,0
eclipse.pde.ui-20120217-1437,org.eclipse.pde.ui.tests.model.bundle,BundleModelTestCase,testPresentHeader,11,1,0
eclipse.pde.ui-20120217-1437,org.eclipse.pde.ui.tests.model.bundle,BundleModelTestCase,testHeaderOffset1,12,1,0
eclipse.pde.ui-20120217-1437,org.eclipse.pde.ui.tests.model.bundle,BundleModelTestCase,testHeaderOffset2,12,1,0
eclipse.pde.ui-20120217-1437,org.eclipse.pde.ui.tests.model.bundle,BundleModelTestCase,testHeaderLength,12,1,0
eclipse.pde.ui-20120217-1437,org.eclipse.pde.ui.tests.model.bundle,BundleModelTestCase,testHeaderLengthWithWindowsDelimiter,12,1,0
eclipse.pde.ui-20120217-1437,org.eclipse.pde.ui.tests.model.bundle,BundleNameTestCase,suite,3,1,0
eclipse.pde.ui-20120217-1437,org.eclipse.pde.ui.tests.model.bundle,BundleNameTestCase,BundleNameTestCase,3,1,0
eclipse.pde.ui-20120217-1437,org.eclipse.pde.ui.tests.model.bundle,BundleNameTestCase,testGetName,13,1,0
eclipse.pde.ui-20120217-1437,org.eclipse.pde.ui.tests.model.bundle,BundleNameTestCase,testSetName,19,1,0
eclipse.pde.ui-20120217-1437,org.eclipse.pde.ui.tests.model.bundle,BundleNameTestCase,testChangeExistingName,21,1,0
eclipse.pde.ui-20120217-1437,org.eclipse.pde.ui.tests.model.bundle,BundleSymbolicNameTestCase,BundleSymbolicNameTestCase,3,1,0
eclipse.pde.ui-20120217-1437,org.eclipse.pde.ui.tests.model.bundle,BundleSymbolicNameTestCase,suite,3,1,0
eclipse.pde.ui-20120217-1437,org.eclipse.pde.ui.tests.model.bundle,BundleSymbolicNameTestCase,testAbsentHeader,8,1,0
eclipse.pde.ui-20120217-1437,org.eclipse.pde.ui.tests.model.bundle,BundleSymbolicNameTestCase,testPresentHeader,9,1,0
eclipse.pde.ui-20120217-1437,org.eclipse.pde.ui.tests.model.bundle,BundleSymbolicNameTestCase,testHeaderOffset1,10,1,0
eclipse.pde.ui-20120217-1437,org.eclipse.pde.ui.tests.model.bundle,BundleSymbolicNameTestCase,testHeaderOffset2,11,1,0
eclipse.pde.ui-20120217-1437,org.eclipse.pde.ui.tests.model.bundle,BundleSymbolicNameTestCase,testHeaderLength,10,1,0
eclipse.pde.ui-20120217-1437,org.eclipse.pde.ui.tests.model.bundle,BundleSymbolicNameTestCase,testHeaderLengthWithWindowsDelimiter,10,1,0
eclipse.pde.ui-20120217-1437,org.eclipse.pde.ui.tests.model.bundle,BundleSymbolicNameTestCase,testAddBundleSymbolicName,16,1,0
eclipse.pde.ui-20120217-1437,org.eclipse.pde.ui.tests.model.bundle,BundleSymbolicNameTestCase,testRemoveBundleSymbolicName,16,1,0
eclipse.pde.ui-20120217-1437,org.eclipse.pde.ui.tests.model.bundle,BundleSymbolicNameTestCase,testChangeBundleSymbolicName,19,1,0
eclipse.pde.ui-20120217-1437,org.eclipse.pde.ui.tests.model.bundle,BundleSymbolicNameTestCase,testReadSingletonDirective,12,1,0
eclipse.pde.ui-20120217-1437,org.eclipse.pde.ui.tests.model.bundle,BundleSymbolicNameTestCase,testAddSingletonDirective,20,1,0
eclipse.pde.ui-20120217-1437,org.eclipse.pde.ui.tests.model.bundle,BundleSymbolicNameTestCase,testRemoveSingletonDirective,20,1,0
eclipse.pde.ui-20120217-1437,org.eclipse.pde.ui.tests.model.bundle,BundleVendorTestCase,BundleVendorTestCase,3,1,0
eclipse.pde.ui-20120217-1437,org.eclipse.pde.ui.tests.model.bundle,BundleVendorTestCase,suite,3,1,0
eclipse.pde.ui-20120217-1437,org.eclipse.pde.ui.tests.model.bundle,BundleVendorTestCase,testAddBundleVendor,16,1,0
eclipse.pde.ui-20120217-1437,org.eclipse.pde.ui.tests.model.bundle,BundleVendorTestCase,testRemoveBundleVendor,17,1,0
eclipse.pde.ui-20120217-1437,org.eclipse.pde.ui.tests.model.bundle,BundleVendorTestCase,testChangeBundleVendor,21,1,0
eclipse.pde.ui-20120217-1437,org.eclipse.pde.ui.tests.model.bundle,BundleVersionTestCase,BundleVersionTestCase,3,1,0
eclipse.pde.ui-20120217-1437,org.eclipse.pde.ui.tests.model.bundle,BundleVersionTestCase,suite,3,1,0
eclipse.pde.ui-20120217-1437,org.eclipse.pde.ui.tests.model.bundle,BundleVersionTestCase,testAddVersion,16,1,0
eclipse.pde.ui-20120217-1437,org.eclipse.pde.ui.tests.model.bundle,BundleVersionTestCase,testRemoveVersion,16,1,0
eclipse.pde.ui-20120217-1437,org.eclipse.pde.ui.tests.model.bundle,BundleVersionTestCase,testChangeVersion,19,1,0
eclipse.pde.ui-20120217-1437,org.eclipse.pde.ui.tests.model.bundle,ExecutionEnvironmentTestCase,ExecutionEnvironmentTestCase,3,1,0
eclipse.pde.ui-20120217-1437,org.eclipse.pde.ui.tests.model.bundle,ExecutionEnvironmentTestCase,suite,3,1,0
eclipse.pde.ui-20120217-1437,org.eclipse.pde.ui.tests.model.bundle,ExecutionEnvironmentTestCase,testAddExecutionEnvironmentHeader,16,1,0
eclipse.pde.ui-20120217-1437,org.eclipse.pde.ui.tests.model.bundle,ExecutionEnvironmentTestCase,testRemoveExistingExecutionEnvironment,17,1,0
eclipse.pde.ui-20120217-1437,org.eclipse.pde.ui.tests.model.bundle,ExecutionEnvironmentTestCase,testAddExecutionEnvironment,22,1,0
eclipse.pde.ui-20120217-1437,org.eclipse.pde.ui.tests.model.bundle,ExecutionEnvironmentTestCase,testAddMulitplieExecutionEnvironmnets,29,1,0
eclipse.pde.ui-20120217-1437,org.eclipse.pde.ui.tests.model.bundle,ExecutionEnvironmentTestCase,testRemoveExecutionEnvironment,24,1,0
eclipse.pde.ui-20120217-1437,org.eclipse.pde.ui.tests.model.bundle,ExecutionEnvironmentTestCase,testRemoveMultipleExecutionEnvironments,23,1,0
eclipse.pde.ui-20120217-1437,org.eclipse.pde.ui.tests.model.bundle,ExecutionEnvironmentTestCase,testPreserveSpacing,24,1,0
eclipse.pde.ui-20120217-1437,org.eclipse.pde.ui.tests.model.bundle,ExportPackageTestCase,ExportPackageTestCase,3,1,0
eclipse.pde.ui-20120217-1437,org.eclipse.pde.ui.tests.model.bundle,ExportPackageTestCase,suite,3,1,0
eclipse.pde.ui-20120217-1437,org.eclipse.pde.ui.tests.model.bundle,ExportPackageTestCase,addPackage,4,1,2
eclipse.pde.ui-20120217-1437,org.eclipse.pde.ui.tests.model.bundle,ExportPackageTestCase,getPackage,3,1,2
eclipse.pde.ui-20120217-1437,org.eclipse.pde.ui.tests.model.bundle,ExportPackageTestCase,testReadInternalPackage,15,1,0
eclipse.pde.ui-20120217-1437,org.eclipse.pde.ui.tests.model.bundle,ExportPackageTestCase,testReadOneFriend,17,1,0
eclipse.pde.ui-20120217-1437,org.eclipse.pde.ui.tests.model.bundle,ExportPackageTestCase,testReadMultipleFriend,19,1,0
eclipse.pde.ui-20120217-1437,org.eclipse.pde.ui.tests.model.bundle,ExportPackageTestCase,testSetPackageInternal,22,1,0
eclipse.pde.ui-20120217-1437,org.eclipse.pde.ui.tests.model.bundle,ExportPackageTestCase,testAddPackageFriend,22,1,0
eclipse.pde.ui-20120217-1437,org.eclipse.pde.ui.tests.model.bundle,ExportPackageTestCase,testAddPackageFriends,23,1,0
eclipse.pde.ui-20120217-1437,org.eclipse.pde.ui.tests.model.bundle,FragmentHostTestCase,FragmentHostTestCase,3,1,0
eclipse.pde.ui-20120217-1437,org.eclipse.pde.ui.tests.model.bundle,FragmentHostTestCase,suite,3,1,0
eclipse.pde.ui-20120217-1437,org.eclipse.pde.ui.tests.model.bundle,FragmentHostTestCase,testAddFragmentHost,16,1,0
eclipse.pde.ui-20120217-1437,org.eclipse.pde.ui.tests.model.bundle,FragmentHostTestCase,testRemoveFragmentHost,17,1,0
eclipse.pde.ui-20120217-1437,org.eclipse.pde.ui.tests.model.bundle,FragmentHostTestCase,testChangeFragmentHost,21,1,0
eclipse.pde.ui-20120217-1437,org.eclipse.pde.ui.tests.model.bundle,ImportPackageTestCase,ImportPackageTestCase,3,1,0
eclipse.pde.ui-20120217-1437,org.eclipse.pde.ui.tests.model.bundle,ImportPackageTestCase,suite,3,1,0
eclipse.pde.ui-20120217-1437,org.eclipse.pde.ui.tests.model.bundle,ImportPackageTestCase,testReadOptionalPackage,14,1,0
eclipse.pde.ui-20120217-1437,org.eclipse.pde.ui.tests.model.bundle,ImportPackageTestCase,testMakePackageOptional,22,1,0
eclipse.pde.ui-20120217-1437,org.eclipse.pde.ui.tests.model.bundle,ImportPackageTestCase,testRemoveOptionalDirective,22,1,0
eclipse.pde.ui-20120217-1437,org.eclipse.pde.ui.tests.model.bundle,ImportPackageTestCase,addPackage,3,1,2
eclipse.pde.ui-20120217-1437,org.eclipse.pde.ui.tests.model.bundle,ImportPackageTestCase,getPackage,3,1,2
eclipse.pde.ui-20120217-1437,org.eclipse.pde.ui.tests.model.bundle,LazyStartTestCase,LazyStartTestCase,3,1,1
eclipse.pde.ui-20120217-1437,org.eclipse.pde.ui.tests.model.bundle,LazyStartTestCase,suite,3,1,0
eclipse.pde.ui-20120217-1437,org.eclipse.pde.ui.tests.model.bundle,LazyStartTestCase,testGetAutoStart,13,1,0
eclipse.pde.ui-20120217-1437,org.eclipse.pde.ui.tests.model.bundle,LazyStartTestCase,testGetAutoStart2,13,1,0
eclipse.pde.ui-20120217-1437,org.eclipse.pde.ui.tests.model.bundle,LazyStartTestCase,testSetLazyStart,19,1,0
eclipse.pde.ui-20120217-1437,org.eclipse.pde.ui.tests.model.bundle,LazyStartTestCase,testChangeExistingLazyStart,21,1,0
eclipse.pde.ui-20120217-1437,org.eclipse.pde.ui.tests.model.bundle,MultiLineHeaderTestCase,MultiLineHeaderTestCase,3,1,1
eclipse.pde.ui-20120217-1437,org.eclipse.pde.ui.tests.model.bundle,MultiLineHeaderTestCase,testHeaderLengthMultiLines1,13,1,0
eclipse.pde.ui-20120217-1437,org.eclipse.pde.ui.tests.model.bundle,MultiLineHeaderTestCase,testHeaderLengthMultiLines2,13,1,0
eclipse.pde.ui-20120217-1437,org.eclipse.pde.ui.tests.model.bundle,PackageHeaderTestCase,PackageHeaderTestCase,3,1,1
eclipse.pde.ui-20120217-1437,org.eclipse.pde.ui.tests.model.bundle,PackageHeaderTestCase,testAddExportPackageHeader,16,1,0
eclipse.pde.ui-20120217-1437,org.eclipse.pde.ui.tests.model.bundle,PackageHeaderTestCase,testRemoveExistingExportPackageHeader,17,1,0
eclipse.pde.ui-20120217-1437,org.eclipse.pde.ui.tests.model.bundle,PackageHeaderTestCase,testAddPackage,22,1,0
eclipse.pde.ui-20120217-1437,org.eclipse.pde.ui.tests.model.bundle,PackageHeaderTestCase,testAddImportPackageHeader,16,1,0
eclipse.pde.ui-20120217-1437,org.eclipse.pde.ui.tests.model.bundle,PackageHeaderTestCase,testAddMultiplePackages,26,1,0
eclipse.pde.ui-20120217-1437,org.eclipse.pde.ui.tests.model.bundle,PackageHeaderTestCase,testRemovePackage,24,1,0
eclipse.pde.ui-20120217-1437,org.eclipse.pde.ui.tests.model.bundle,PackageHeaderTestCase,testRemoveMultiplePackages,23,1,0
eclipse.pde.ui-20120217-1437,org.eclipse.pde.ui.tests.model.bundle,PackageHeaderTestCase,testReadPackageWithVersion,15,1,0
eclipse.pde.ui-20120217-1437,org.eclipse.pde.ui.tests.model.bundle,PackageHeaderTestCase,testAddVersionToPackage,23,1,0
eclipse.pde.ui-20120217-1437,org.eclipse.pde.ui.tests.model.bundle,PackageHeaderTestCase,testRemoveVersionFromPackage,23,1,0
eclipse.pde.ui-20120217-1437,org.eclipse.pde.ui.tests.model.bundle,PackageHeaderTestCase,testAddPackageWithWindowsDelimiter,22,1,0
eclipse.pde.ui-20120217-1437,org.eclipse.pde.ui.tests.model.bundle,PackageHeaderTestCase,testRemovePackageWithWindowsDelimiter,24,1,0
eclipse.pde.ui-20120217-1437,org.eclipse.pde.ui.tests.model.bundle,PackageHeaderTestCase,testPreserveSpacing,24,1,0
eclipse.pde.ui-20120217-1437,org.eclipse.pde.ui.tests.model.bundle,PackageHeaderTestCase,addPackage,0,1,2
eclipse.pde.ui-20120217-1437,org.eclipse.pde.ui.tests.model.bundle,PackageHeaderTestCase,getPackage,0,1,2
eclipse.pde.ui-20120217-1437,org.eclipse.pde.ui.tests.model.bundle,RequireBundleTestCase,RequireBundleTestCase,3,1,0
eclipse.pde.ui-20120217-1437,org.eclipse.pde.ui.tests.model.bundle,RequireBundleTestCase,suite,3,1,0
eclipse.pde.ui-20120217-1437,org.eclipse.pde.ui.tests.model.bundle,RequireBundleTestCase,testAddRequireBundleHeader,16,1,0
eclipse.pde.ui-20120217-1437,org.eclipse.pde.ui.tests.model.bundle,RequireBundleTestCase,testRemoveExistingRequireBundleHeader,16,1,0
eclipse.pde.ui-20120217-1437,org.eclipse.pde.ui.tests.model.bundle,RequireBundleTestCase,testAddBundle,21,1,0
eclipse.pde.ui-20120217-1437,org.eclipse.pde.ui.tests.model.bundle,RequireBundleTestCase,testAddMultipleBundles,25,1,0
eclipse.pde.ui-20120217-1437,org.eclipse.pde.ui.tests.model.bundle,RequireBundleTestCase,testRemoveBundle,23,1,0
eclipse.pde.ui-20120217-1437,org.eclipse.pde.ui.tests.model.bundle,RequireBundleTestCase,testRemoveMultipleBundles,22,1,0
eclipse.pde.ui-20120217-1437,org.eclipse.pde.ui.tests.model.bundle,RequireBundleTestCase,testReadOptionalBundle,14,1,0
eclipse.pde.ui-20120217-1437,org.eclipse.pde.ui.tests.model.bundle,RequireBundleTestCase,testSetGetVersion,16,1,0
eclipse.pde.ui-20120217-1437,org.eclipse.pde.ui.tests.model.bundle,RequireBundleTestCase,testReadBundleWithVersion,14,1,0
eclipse.pde.ui-20120217-1437,org.eclipse.pde.ui.tests.model.bundle,RequireBundleTestCase,testMakeBundleOptional,22,1,0
eclipse.pde.ui-20120217-1437,org.eclipse.pde.ui.tests.model.bundle,RequireBundleTestCase,testRemoveOptionalDirective,22,1,0
eclipse.pde.ui-20120217-1437,org.eclipse.pde.ui.tests.model.bundle,RequireBundleTestCase,testAddVersionToBundle,22,1,0
eclipse.pde.ui-20120217-1437,org.eclipse.pde.ui.tests.model.bundle,RequireBundleTestCase,testRemoveVersionFromBundle,22,1,0
eclipse.pde.ui-20120217-1437,org.eclipse.pde.ui.tests.model.bundle,RequireBundleTestCase,testAddBundleWithWindowsDelimiter,21,1,0
eclipse.pde.ui-20120217-1437,org.eclipse.pde.ui.tests.model.bundle,RequireBundleTestCase,testRemoveBundleWithWindowsDelimiter,23,1,0
eclipse.pde.ui-20120217-1437,org.eclipse.pde.ui.tests.model.bundle,RequireBundleTestCase,testPreserveSpacing,23,1,0
eclipse.pde.ui-20120217-1437,org.eclipse.pde.ui.tests.model.bundle,RequireBundleTestCase,testReadBundleReExport,14,1,0
eclipse.pde.ui-20120217-1437,org.eclipse.pde.ui.tests.model.bundle,RequireBundleTestCase,testMakeBundleReExport,22,1,0
eclipse.pde.ui-20120217-1437,org.eclipse.pde.ui.tests.model.bundle,RequireBundleTestCase,testRemoveReExport,22,1,0
eclipse.pde.ui-20120217-1437,org.eclipse.pde.ui.tests.model.bundle,RequireBundleTestCase,getBundle,5,3,2
eclipse.pde.ui-20120217-1437,org.eclipse.pde.ui.tests.model.schema,AllSchemaModelTests,suite,4,1,0
eclipse.pde.ui-20120217-1437,org.eclipse.pde.ui.tests.model.xml,AllXMLModelTests,suite,9,1,0
eclipse.pde.ui-20120217-1437,org.eclipse.pde.ui.tests.model.xml,BasicXMLTestCase,suite,3,1,0
eclipse.pde.ui-20120217-1437,org.eclipse.pde.ui.tests.model.xml,BasicXMLTestCase,testReadSimpleExtension,11,1,0
eclipse.pde.ui-20120217-1437,org.eclipse.pde.ui.tests.model.xml,BasicXMLTestCase,testReadSimpleExtensionOneLine,8,1,0
eclipse.pde.ui-20120217-1437,org.eclipse.pde.ui.tests.model.xml,BasicXMLTestCase,testReadMultilineSimpleExtension,17,1,0
eclipse.pde.ui-20120217-1437,org.eclipse.pde.ui.tests.model.xml,BasicXMLTestCase,testAddSimpleExtension,19,1,0
eclipse.pde.ui-20120217-1437,org.eclipse.pde.ui.tests.model.xml,BasicXMLTestCase,testRemoveSimpleExtension,12,1,0
eclipse.pde.ui-20120217-1437,org.eclipse.pde.ui.tests.model.xml,BasicXMLTestCase,testRemoveChildNode,15,1,0
eclipse.pde.ui-20120217-1437,org.eclipse.pde.ui.tests.model.xml,BasicXMLTestCase,testSingleQuoteAttribute,11,1,0
eclipse.pde.ui-20120217-1437,org.eclipse.pde.ui.tests.model.xml,ExtensionAttributeTestCase,suite,3,1,0
eclipse.pde.ui-20120217-1437,org.eclipse.pde.ui.tests.model.xml,ExtensionAttributeTestCase,testAddNewExtensionAttribute1LF,3,1,0
eclipse.pde.ui-20120217-1437,org.eclipse.pde.ui.tests.model.xml,ExtensionAttributeTestCase,testAddNewExtensionAttribute2LF,3,1,0
eclipse.pde.ui-20120217-1437,org.eclipse.pde.ui.tests.model.xml,ExtensionAttributeTestCase,testAddNewExtensionAttribute3LF,3,1,0
eclipse.pde.ui-20120217-1437,org.eclipse.pde.ui.tests.model.xml,ExtensionAttributeTestCase,testAddNewExtensionAttribute1CRLF,3,1,0
eclipse.pde.ui-20120217-1437,org.eclipse.pde.ui.tests.model.xml,ExtensionAttributeTestCase,testAddNewExtensionAttribute2CRLF,3,1,0
eclipse.pde.ui-20120217-1437,org.eclipse.pde.ui.tests.model.xml,ExtensionAttributeTestCase,testAddNewExtensionAttribute3CRLF,3,1,0
eclipse.pde.ui-20120217-1437,org.eclipse.pde.ui.tests.model.xml,ExtensionAttributeTestCase,testAddNewExtensionAttribute1,4,1,1
eclipse.pde.ui-20120217-1437,org.eclipse.pde.ui.tests.model.xml,ExtensionAttributeTestCase,testAddNewExtensionAttribute2,8,1,1
eclipse.pde.ui-20120217-1437,org.eclipse.pde.ui.tests.model.xml,ExtensionAttributeTestCase,testAddNewExtensionAttribute3,8,1,1
eclipse.pde.ui-20120217-1437,org.eclipse.pde.ui.tests.model.xml,ExtensionAttributeTestCase,testAddExtensionAttribute1LF,3,1,0
eclipse.pde.ui-20120217-1437,org.eclipse.pde.ui.tests.model.xml,ExtensionAttributeTestCase,testAddExtensionAttribute2LF,3,1,0
eclipse.pde.ui-20120217-1437,org.eclipse.pde.ui.tests.model.xml,ExtensionAttributeTestCase,testAddExtensionAttribute3LF,3,1,0
eclipse.pde.ui-20120217-1437,org.eclipse.pde.ui.tests.model.xml,ExtensionAttributeTestCase,testAddExtensionAttribute1CRLF,3,1,0
eclipse.pde.ui-20120217-1437,org.eclipse.pde.ui.tests.model.xml,ExtensionAttributeTestCase,testAddExtensionAttribute2CRLF,3,1,0
eclipse.pde.ui-20120217-1437,org.eclipse.pde.ui.tests.model.xml,ExtensionAttributeTestCase,testAddExtensionAttribute3CRLF,3,1,0
eclipse.pde.ui-20120217-1437,org.eclipse.pde.ui.tests.model.xml,ExtensionAttributeTestCase,testAddExtensionAttribute1,5,1,1
eclipse.pde.ui-20120217-1437,org.eclipse.pde.ui.tests.model.xml,ExtensionAttributeTestCase,testAddExtensionAttribute2,8,1,1
eclipse.pde.ui-20120217-1437,org.eclipse.pde.ui.tests.model.xml,ExtensionAttributeTestCase,testAddExtensionAttribute3,8,1,1
eclipse.pde.ui-20120217-1437,org.eclipse.pde.ui.tests.model.xml,ExtensionAttributeTestCase,testAddNewMultipleAttributes1LF,3,1,0
eclipse.pde.ui-20120217-1437,org.eclipse.pde.ui.tests.model.xml,ExtensionAttributeTestCase,testAddNewMultipleAttributes2LF,3,1,0
eclipse.pde.ui-20120217-1437,org.eclipse.pde.ui.tests.model.xml,ExtensionAttributeTestCase,testAddNewMultipleAttributes3LF,3,1,0
eclipse.pde.ui-20120217-1437,org.eclipse.pde.ui.tests.model.xml,ExtensionAttributeTestCase,testAddNewMultipleAttributes1CRLF,3,1,0
eclipse.pde.ui-20120217-1437,org.eclipse.pde.ui.tests.model.xml,ExtensionAttributeTestCase,testAddNewMultipleAttributes2CRLF,3,1,0
eclipse.pde.ui-20120217-1437,org.eclipse.pde.ui.tests.model.xml,ExtensionAttributeTestCase,testAddNewMultipleAttributes3CRLF,3,1,0
eclipse.pde.ui-20120217-1437,org.eclipse.pde.ui.tests.model.xml,ExtensionAttributeTestCase,testAddNewMultipleAttributes1,4,1,1
eclipse.pde.ui-20120217-1437,org.eclipse.pde.ui.tests.model.xml,ExtensionAttributeTestCase,testAddNewMultipleAttributes2,8,1,1
eclipse.pde.ui-20120217-1437,org.eclipse.pde.ui.tests.model.xml,ExtensionAttributeTestCase,testAddNewMultipleAttributes3,8,1,1
eclipse.pde.ui-20120217-1437,org.eclipse.pde.ui.tests.model.xml,ExtensionAttributeTestCase,testRemoveExtensionAttribute1LF,3,1,0
eclipse.pde.ui-20120217-1437,org.eclipse.pde.ui.tests.model.xml,ExtensionAttributeTestCase,testRemoveExtensionAttribute2LF,3,1,0
eclipse.pde.ui-20120217-1437,org.eclipse.pde.ui.tests.model.xml,ExtensionAttributeTestCase,testRemoveExtensionAttribute3LF,3,1,0
eclipse.pde.ui-20120217-1437,org.eclipse.pde.ui.tests.model.xml,ExtensionAttributeTestCase,testRemoveExtensionAttribute1CRLF,3,1,0
eclipse.pde.ui-20120217-1437,org.eclipse.pde.ui.tests.model.xml,ExtensionAttributeTestCase,testRemoveExtensionAttribute2CRLF,3,1,0
eclipse.pde.ui-20120217-1437,org.eclipse.pde.ui.tests.model.xml,ExtensionAttributeTestCase,testRemoveExtensionAttribute3CRLF,3,1,0
eclipse.pde.ui-20120217-1437,org.eclipse.pde.ui.tests.model.xml,ExtensionAttributeTestCase,testRemoveExtensionAttribute1,5,1,1
eclipse.pde.ui-20120217-1437,org.eclipse.pde.ui.tests.model.xml,ExtensionAttributeTestCase,testRemoveExtensionAttribute2,8,1,1
eclipse.pde.ui-20120217-1437,org.eclipse.pde.ui.tests.model.xml,ExtensionAttributeTestCase,testRemoveExtensionAttribute3,8,1,1
eclipse.pde.ui-20120217-1437,org.eclipse.pde.ui.tests.model.xml,ExtensionAttributeTestCase,testRemoveMultipleExtensionAttributes1LF,3,1,0
eclipse.pde.ui-20120217-1437,org.eclipse.pde.ui.tests.model.xml,ExtensionAttributeTestCase,testRemoveMultipleExtensionAttributes2LF,3,1,0
eclipse.pde.ui-20120217-1437,org.eclipse.pde.ui.tests.model.xml,ExtensionAttributeTestCase,testRemoveMultipleExtensionAttributes3LF,3,1,0
eclipse.pde.ui-20120217-1437,org.eclipse.pde.ui.tests.model.xml,ExtensionAttributeTestCase,testRemoveMultipleExtensionAttributes1CRLF,3,1,0
eclipse.pde.ui-20120217-1437,org.eclipse.pde.ui.tests.model.xml,ExtensionAttributeTestCase,testRemoveMultipleExtensionAttributes2CRLF,3,1,0
eclipse.pde.ui-20120217-1437,org.eclipse.pde.ui.tests.model.xml,ExtensionAttributeTestCase,testRemoveMultipleExtensionAttributes3CRLF,3,1,0
eclipse.pde.ui-20120217-1437,org.eclipse.pde.ui.tests.model.xml,ExtensionAttributeTestCase,testRemoveMultipleExtensionAttributes1,5,1,1
eclipse.pde.ui-20120217-1437,org.eclipse.pde.ui.tests.model.xml,ExtensionAttributeTestCase,testRemoveMultipleExtensionAttributes2,8,1,1
eclipse.pde.ui-20120217-1437,org.eclipse.pde.ui.tests.model.xml,ExtensionAttributeTestCase,testRemoveMultipleExtensionAttributes3,8,1,1
eclipse.pde.ui-20120217-1437,org.eclipse.pde.ui.tests.model.xml,ExtensionAttributeTestCase,testChangeExtensionAttribute1LF,3,1,0
eclipse.pde.ui-20120217-1437,org.eclipse.pde.ui.tests.model.xml,ExtensionAttributeTestCase,testChangeExtensionAttribute2LF,3,1,0
eclipse.pde.ui-20120217-1437,org.eclipse.pde.ui.tests.model.xml,ExtensionAttributeTestCase,testChangeExtensionAttribute3LF,3,1,0
eclipse.pde.ui-20120217-1437,org.eclipse.pde.ui.tests.model.xml,ExtensionAttributeTestCase,testChangeExtensionAttribute1CRLF,3,1,0
eclipse.pde.ui-20120217-1437,org.eclipse.pde.ui.tests.model.xml,ExtensionAttributeTestCase,testChangeExtensionAttribute2CRLF,3,1,0
eclipse.pde.ui-20120217-1437,org.eclipse.pde.ui.tests.model.xml,ExtensionAttributeTestCase,testChangeExtensionAttribute3CRLF,3,1,0
eclipse.pde.ui-20120217-1437,org.eclipse.pde.ui.tests.model.xml,ExtensionAttributeTestCase,testChangeExtensionAttribute1,5,1,1
eclipse.pde.ui-20120217-1437,org.eclipse.pde.ui.tests.model.xml,ExtensionAttributeTestCase,testChangeExtensionAttribute2,8,1,1
eclipse.pde.ui-20120217-1437,org.eclipse.pde.ui.tests.model.xml,ExtensionAttributeTestCase,testChangeExtensionAttribute3,8,1,1
eclipse.pde.ui-20120217-1437,org.eclipse.pde.ui.tests.model.xml,ExtensionAttributeTestCase,testAddNewExtensionAttribute,17,1,2
eclipse.pde.ui-20120217-1437,org.eclipse.pde.ui.tests.model.xml,ExtensionAttributeTestCase,testAddExtensionAttribute,19,1,2
eclipse.pde.ui-20120217-1437,org.eclipse.pde.ui.tests.model.xml,ExtensionAttributeTestCase,testAddNewMultipleExtensionAttributes,18,1,2
eclipse.pde.ui-20120217-1437,org.eclipse.pde.ui.tests.model.xml,ExtensionAttributeTestCase,testRemoveExtensionAttribute,17,1,2
eclipse.pde.ui-20120217-1437,org.eclipse.pde.ui.tests.model.xml,ExtensionAttributeTestCase,testRemoveMultipleExtensionAttributes,21,1,2
eclipse.pde.ui-20120217-1437,org.eclipse.pde.ui.tests.model.xml,ExtensionAttributeTestCase,testChangeExtensionAttribute,20,1,2
eclipse.pde.ui-20120217-1437,org.eclipse.pde.ui.tests.model.xml,ExtensionElementTestCase,suite,3,1,0
eclipse.pde.ui-20120217-1437,org.eclipse.pde.ui.tests.model.xml,ExtensionElementTestCase,testAddNewExtensionElement1LF,3,1,0
eclipse.pde.ui-20120217-1437,org.eclipse.pde.ui.tests.model.xml,ExtensionElementTestCase,testAddNewExtensionElement2LF,3,1,0
eclipse.pde.ui-20120217-1437,org.eclipse.pde.ui.tests.model.xml,ExtensionElementTestCase,testAddNewExtensionElement3LF,3,1,0
eclipse.pde.ui-20120217-1437,org.eclipse.pde.ui.tests.model.xml,ExtensionElementTestCase,testAddNewExtensionElement1CRLF,3,1,0
eclipse.pde.ui-20120217-1437,org.eclipse.pde.ui.tests.model.xml,ExtensionElementTestCase,testAddNewExtensionElement2CRLF,3,1,0
eclipse.pde.ui-20120217-1437,org.eclipse.pde.ui.tests.model.xml,ExtensionElementTestCase,testAddNewExtensionElement3CRLF,3,1,0
eclipse.pde.ui-20120217-1437,org.eclipse.pde.ui.tests.model.xml,ExtensionElementTestCase,testAddNewExtensionElement1,4,1,1
eclipse.pde.ui-20120217-1437,org.eclipse.pde.ui.tests.model.xml,ExtensionElementTestCase,testAddNewExtensionElement2,6,1,1
eclipse.pde.ui-20120217-1437,org.eclipse.pde.ui.tests.model.xml,ExtensionElementTestCase,testAddNewExtensionElement3,6,1,1
eclipse.pde.ui-20120217-1437,org.eclipse.pde.ui.tests.model.xml,ExtensionElementTestCase,testAddExtensionElement1LF,4,1,0
eclipse.pde.ui-20120217-1437,org.eclipse.pde.ui.tests.model.xml,ExtensionElementTestCase,testAddExtensionElement2LF,4,1,0
eclipse.pde.ui-20120217-1437,org.eclipse.pde.ui.tests.model.xml,ExtensionElementTestCase,testAddExtensionElement3LF,4,1,0
eclipse.pde.ui-20120217-1437,org.eclipse.pde.ui.tests.model.xml,ExtensionElementTestCase,testAddExtensionElement1CRLF,4,1,0
eclipse.pde.ui-20120217-1437,org.eclipse.pde.ui.tests.model.xml,ExtensionElementTestCase,testAddExtensionElement2CRLF,4,1,0
eclipse.pde.ui-20120217-1437,org.eclipse.pde.ui.tests.model.xml,ExtensionElementTestCase,testAddExtensionElement3CRLF,4,1,0
eclipse.pde.ui-20120217-1437,org.eclipse.pde.ui.tests.model.xml,ExtensionElementTestCase,getSingleElementBuffer1,3,1,1
eclipse.pde.ui-20120217-1437,org.eclipse.pde.ui.tests.model.xml,ExtensionElementTestCase,getSingleElementBuffer2,7,1,1
eclipse.pde.ui-20120217-1437,org.eclipse.pde.ui.tests.model.xml,ExtensionElementTestCase,getSingleElementBuffer3,7,1,1
eclipse.pde.ui-20120217-1437,org.eclipse.pde.ui.tests.model.xml,ExtensionElementTestCase,testAddNewMultipleExtensionElements1LF,3,1,0
eclipse.pde.ui-20120217-1437,org.eclipse.pde.ui.tests.model.xml,ExtensionElementTestCase,testAddNewMultipleExtensionElements2LF,3,1,0
eclipse.pde.ui-20120217-1437,org.eclipse.pde.ui.tests.model.xml,ExtensionElementTestCase,testAddNewMultipleExtensionElements3LF,3,1,0
eclipse.pde.ui-20120217-1437,org.eclipse.pde.ui.tests.model.xml,ExtensionElementTestCase,testAddNewMultipleExtensionElements1CRLF,3,1,0
eclipse.pde.ui-20120217-1437,org.eclipse.pde.ui.tests.model.xml,ExtensionElementTestCase,testAddNewMultipleExtensionElements2CRLF,3,1,0
eclipse.pde.ui-20120217-1437,org.eclipse.pde.ui.tests.model.xml,ExtensionElementTestCase,testAddNewMultipleExtensionElements3CRLF,3,1,0
eclipse.pde.ui-20120217-1437,org.eclipse.pde.ui.tests.model.xml,ExtensionElementTestCase,testAddNewMultipleExtensionElements1,4,1,1
eclipse.pde.ui-20120217-1437,org.eclipse.pde.ui.tests.model.xml,ExtensionElementTestCase,testAddNewMultipleExtensionElements2,6,1,1
eclipse.pde.ui-20120217-1437,org.eclipse.pde.ui.tests.model.xml,ExtensionElementTestCase,testAddNewMultipleExtensionElements3,6,1,1
eclipse.pde.ui-20120217-1437,org.eclipse.pde.ui.tests.model.xml,ExtensionElementTestCase,testAddMultipleExtensionElements1LF,4,1,0
eclipse.pde.ui-20120217-1437,org.eclipse.pde.ui.tests.model.xml,ExtensionElementTestCase,testAddMultipleExtensionElements2LF,4,1,0
eclipse.pde.ui-20120217-1437,org.eclipse.pde.ui.tests.model.xml,ExtensionElementTestCase,testAddMultipleExtensionElements3LF,4,1,0
eclipse.pde.ui-20120217-1437,org.eclipse.pde.ui.tests.model.xml,ExtensionElementTestCase,testAddMultipleExtensionElements1CRLF,4,1,0
eclipse.pde.ui-20120217-1437,org.eclipse.pde.ui.tests.model.xml,ExtensionElementTestCase,testAddMultipleExtensionElements2CRLF,4,1,0
eclipse.pde.ui-20120217-1437,org.eclipse.pde.ui.tests.model.xml,ExtensionElementTestCase,testAddMultipleExtensionElements3CRLF,4,1,0
eclipse.pde.ui-20120217-1437,org.eclipse.pde.ui.tests.model.xml,ExtensionElementTestCase,testRemoveExtensionElement1LF,4,1,0
eclipse.pde.ui-20120217-1437,org.eclipse.pde.ui.tests.model.xml,ExtensionElementTestCase,testRemoveExtensionElement2LF,4,1,0
eclipse.pde.ui-20120217-1437,org.eclipse.pde.ui.tests.model.xml,ExtensionElementTestCase,testRemoveExtensionElement3LF,4,1,0
eclipse.pde.ui-20120217-1437,org.eclipse.pde.ui.tests.model.xml,ExtensionElementTestCase,testRemoveExtensionElement1CRLF,4,1,0
eclipse.pde.ui-20120217-1437,org.eclipse.pde.ui.tests.model.xml,ExtensionElementTestCase,testRemoveExtensionElement2CRLF,4,1,0
eclipse.pde.ui-20120217-1437,org.eclipse.pde.ui.tests.model.xml,ExtensionElementTestCase,testRemoveExtensionElement3CRLF,4,1,0
eclipse.pde.ui-20120217-1437,org.eclipse.pde.ui.tests.model.xml,ExtensionElementTestCase,testRemoveMultipleExtensionElements1LF,3,1,0
eclipse.pde.ui-20120217-1437,org.eclipse.pde.ui.tests.model.xml,ExtensionElementTestCase,testRemoveMultipleExtensionElements2LF,3,1,0
eclipse.pde.ui-20120217-1437,org.eclipse.pde.ui.tests.model.xml,ExtensionElementTestCase,testRemoveMultipleExtensionElements3LF,3,1,0
eclipse.pde.ui-20120217-1437,org.eclipse.pde.ui.tests.model.xml,ExtensionElementTestCase,testRemoveMultipleExtensionElements1CRLF,3,1,0
eclipse.pde.ui-20120217-1437,org.eclipse.pde.ui.tests.model.xml,ExtensionElementTestCase,testRemoveMultipleExtensionElements2CRLF,3,1,0
eclipse.pde.ui-20120217-1437,org.eclipse.pde.ui.tests.model.xml,ExtensionElementTestCase,testRemoveMultipleExtensionElements3CRLF,3,1,0
eclipse.pde.ui-20120217-1437,org.eclipse.pde.ui.tests.model.xml,ExtensionElementTestCase,testRemoveMultipleExtensionElements1,5,1,1
eclipse.pde.ui-20120217-1437,org.eclipse.pde.ui.tests.model.xml,ExtensionElementTestCase,testRemoveMultipleExtensionElements2,12,1,1
eclipse.pde.ui-20120217-1437,org.eclipse.pde.ui.tests.model.xml,ExtensionElementTestCase,testRemoveMultipleExtensionElements3,10,1,1
eclipse.pde.ui-20120217-1437,org.eclipse.pde.ui.tests.model.xml,ExtensionElementTestCase,testAddNewExtensionElement,14,1,2
eclipse.pde.ui-20120217-1437,org.eclipse.pde.ui.tests.model.xml,ExtensionElementTestCase,testAddExtensionElement,12,1,2
eclipse.pde.ui-20120217-1437,org.eclipse.pde.ui.tests.model.xml,ExtensionElementTestCase,testAddNewMultipleExtensionElements,13,1,2
eclipse.pde.ui-20120217-1437,org.eclipse.pde.ui.tests.model.xml,ExtensionElementTestCase,testAddMultipleExtensionElements,15,1,2
eclipse.pde.ui-20120217-1437,org.eclipse.pde.ui.tests.model.xml,ExtensionElementTestCase,testRemoveExtensionElement,12,1,2
eclipse.pde.ui-20120217-1437,org.eclipse.pde.ui.tests.model.xml,ExtensionElementTestCase,testRemoveMulitpleExtensionElements,18,1,2
eclipse.pde.ui-20120217-1437,org.eclipse.pde.ui.tests.model.xml,ExtensionElementTestCase,createElement,5,1,2
eclipse.pde.ui-20120217-1437,org.eclipse.pde.ui.tests.model.xml,ExtensionTestCase,reloadModel,7,1,0
eclipse.pde.ui-20120217-1437,org.eclipse.pde.ui.tests.model.xml,ManifestEditorSpellCheckTestCase,suite,3,1,0
eclipse.pde.ui-20120217-1437,org.eclipse.pde.ui.tests.model.xml,ManifestEditorSpellCheckTestCase,setUp,13,2,0
eclipse.pde.ui-20120217-1437,org.eclipse.pde.ui.tests.model.xml,ManifestEditorSpellCheckTestCase,testNoSpellingAnnotation,27,3,0
eclipse.pde.ui-20120217-1437,org.eclipse.pde.ui.tests.model.xml,ManifestEditorSpellCheckTestCase,createAndOpenFile,27,2,2
eclipse.pde.ui-20120217-1437,org.eclipse.pde.ui.tests.model.xml,StructureXMLModelTestCase,suite,3,1,0
eclipse.pde.ui-20120217-1437,org.eclipse.pde.ui.tests.model.xml,StructureXMLModelTestCase,testStructureAddExtensionLF,3,1,0
eclipse.pde.ui-20120217-1437,org.eclipse.pde.ui.tests.model.xml,StructureXMLModelTestCase,testStructureAddExtensionCRLF,3,1,0
eclipse.pde.ui-20120217-1437,org.eclipse.pde.ui.tests.model.xml,StructureXMLModelTestCase,testStructureAddElementLF,3,1,0
eclipse.pde.ui-20120217-1437,org.eclipse.pde.ui.tests.model.xml,StructureXMLModelTestCase,testStructureAddElementCRLF,3,1,0
eclipse.pde.ui-20120217-1437,org.eclipse.pde.ui.tests.model.xml,StructureXMLModelTestCase,testStructureAddAttributeLF,3,1,0
eclipse.pde.ui-20120217-1437,org.eclipse.pde.ui.tests.model.xml,StructureXMLModelTestCase,testStructureAddAttributeCRLF,3,1,0
eclipse.pde.ui-20120217-1437,org.eclipse.pde.ui.tests.model.xml,StructureXMLModelTestCase,testStructureBreakOpenElementLF,3,1,0
eclipse.pde.ui-20120217-1437,org.eclipse.pde.ui.tests.model.xml,StructureXMLModelTestCase,testStructureBreakOpenElementCRLF,3,1,0
eclipse.pde.ui-20120217-1437,org.eclipse.pde.ui.tests.model.xml,StructureXMLModelTestCase,testStructurePreserveCommentInRootLF,3,1,0
eclipse.pde.ui-20120217-1437,org.eclipse.pde.ui.tests.model.xml,StructureXMLModelTestCase,testStructurePreserveCommentInRootCRLF,3,1,0
eclipse.pde.ui-20120217-1437,org.eclipse.pde.ui.tests.model.xml,StructureXMLModelTestCase,testStructurePreserveCommentInExtensionLF,3,1,0
eclipse.pde.ui-20120217-1437,org.eclipse.pde.ui.tests.model.xml,StructureXMLModelTestCase,testStructurePreserveCommentInExtensionCRLF,3,1,0
eclipse.pde.ui-20120217-1437,org.eclipse.pde.ui.tests.model.xml,StructureXMLModelTestCase,addExtension,41,1,1
eclipse.pde.ui-20120217-1437,org.eclipse.pde.ui.tests.model.xml,StructureXMLModelTestCase,addElement,37,1,1
eclipse.pde.ui-20120217-1437,org.eclipse.pde.ui.tests.model.xml,StructureXMLModelTestCase,addAttributesToElement,53,1,1
eclipse.pde.ui-20120217-1437,org.eclipse.pde.ui.tests.model.xml,StructureXMLModelTestCase,breakOpenElement,53,1,1
eclipse.pde.ui-20120217-1437,org.eclipse.pde.ui.tests.model.xml,StructureXMLModelTestCase,preserveCommentAddExtension,15,1,1
eclipse.pde.ui-20120217-1437,org.eclipse.pde.ui.tests.model.xml,StructureXMLModelTestCase,preserveContainedCommentAddElement,22,1,1
eclipse.pde.ui-20120217-1437,org.eclipse.pde.ui.tests.model.xml,SwapXMLModelTestCase,suite,3,1,0
eclipse.pde.ui-20120217-1437,org.eclipse.pde.ui.tests.model.xml,SwapXMLModelTestCase,testSwapTwoChildren,8,1,0
eclipse.pde.ui-20120217-1437,org.eclipse.pde.ui.tests.model.xml,SwapXMLModelTestCase,testSwapTwoChildren2,12,1,0
eclipse.pde.ui-20120217-1437,org.eclipse.pde.ui.tests.model.xml,SwapXMLModelTestCase,testSwapTwoChildren3,12,1,0
eclipse.pde.ui-20120217-1437,org.eclipse.pde.ui.tests.model.xml,SwapXMLModelTestCase,testSwapTwoChildren4,10,1,0
eclipse.pde.ui-20120217-1437,org.eclipse.pde.ui.tests.model.xml,SwapXMLModelTestCase,testSwapTwoChildren5,11,1,0
eclipse.pde.ui-20120217-1437,org.eclipse.pde.ui.tests.model.xml,SwapXMLModelTestCase,twoChildSwap,21,1,0
eclipse.pde.ui-20120217-1437,org.eclipse.pde.ui.tests.model.xml,XMLModelTestCase,setUp,3,1,0
eclipse.pde.ui-20120217-1437,org.eclipse.pde.ui.tests.model.xml,XMLModelTestCase,load,3,1,0
eclipse.pde.ui-20120217-1437,org.eclipse.pde.ui.tests.model.xml,XMLModelTestCase,load,14,3,1
eclipse.pde.ui-20120217-1437,org.eclipse.pde.ui.tests.model.xml,XMLModelTestCase,setXMLContents,14,2,2
eclipse.pde.ui-20120217-1437,org.eclipse.pde.ui.tests.model.xml,XMLModelTestCase,reload,16,2,0
eclipse.pde.ui-20120217-1437,org.eclipse.pde.ui.tests.nls,AllNLSTests,suite,5,1,0
eclipse.pde.ui-20120217-1437,org.eclipse.pde.ui.tests.nls,StringHelperTestCase,suite,3,1,0
eclipse.pde.ui-20120217-1437,org.eclipse.pde.ui.tests.nls,StringHelperTestCase,testSimpleLines,9,1,0
eclipse.pde.ui-20120217-1437,org.eclipse.pde.ui.tests.nls,StringHelperTestCase,testSpaces,12,1,0
eclipse.pde.ui-20120217-1437,org.eclipse.pde.ui.tests.nls,StringHelperTestCase,testSideEffects,9,1,0
eclipse.pde.ui-20120217-1437,org.eclipse.pde.ui.tests.performance,PDEPerformanceTests,suite,8,1,0
eclipse.pde.ui-20120217-1437,org.eclipse.pde.ui.tests.performance.parts,AbstractSchemaPerfTest,setUp,5,1,0
eclipse.pde.ui-20120217-1437,org.eclipse.pde.ui.tests.performance.parts,AbstractSchemaPerfTest,setUpIterations,5,1,0
eclipse.pde.ui-20120217-1437,org.eclipse.pde.ui.tests.performance.parts,AbstractSchemaPerfTest,setUpSchemaFile,11,5,0
eclipse.pde.ui-20120217-1437,org.eclipse.pde.ui.tests.performance.parts,AbstractSchemaPerfTest,executeTestRun,14,4,0
eclipse.pde.ui-20120217-1437,org.eclipse.pde.ui.tests.performance.parts,AbstractSchemaPerfTest,executeTest,0,1,0
eclipse.pde.ui-20120217-1437,org.eclipse.pde.ui.tests.performance.parts,InitializeModelsPerfTest,suite,3,1,0
eclipse.pde.ui-20120217-1437,org.eclipse.pde.ui.tests.performance.parts,InitializeModelsPerfTest,setUp,5,1,0
eclipse.pde.ui-20120217-1437,org.eclipse.pde.ui.tests.performance.parts,InitializeModelsPerfTest,testModels,9,1,0
eclipse.pde.ui-20120217-1437,org.eclipse.pde.ui.tests.performance.parts,InitializeModelsPerfTest,testCachedModels,10,1,0
eclipse.pde.ui-20120217-1437,org.eclipse.pde.ui.tests.performance.parts,InitializeModelsPerfTest,tearDown,3,1,0
eclipse.pde.ui-20120217-1437,org.eclipse.pde.ui.tests.performance.parts,InitializeModelsPerfTest,deleteContent,13,5,1
eclipse.pde.ui-20120217-1437,org.eclipse.pde.ui.tests.performance.parts,InitializeModelsPerfTest,getURLs,6,1,0
eclipse.pde.ui-20120217-1437,org.eclipse.pde.ui.tests.performance.parts,OpenManifestEditorPerfTest,suite,3,1,0
eclipse.pde.ui-20120217-1437,org.eclipse.pde.ui.tests.performance.parts,OpenManifestEditorPerfTest,setUp,8,1,0
eclipse.pde.ui-20120217-1437,org.eclipse.pde.ui.tests.performance.parts,OpenManifestEditorPerfTest,disableCodeFoldingFeature,7,2,0
eclipse.pde.ui-20120217-1437,org.eclipse.pde.ui.tests.performance.parts,OpenManifestEditorPerfTest,getBundle,11,3,0
eclipse.pde.ui-20120217-1437,org.eclipse.pde.ui.tests.performance.parts,OpenManifestEditorPerfTest,getFile,11,3,2
eclipse.pde.ui-20120217-1437,org.eclipse.pde.ui.tests.performance.parts,OpenManifestEditorPerfTest,testEditorOpenXML,4,1,0
eclipse.pde.ui-20120217-1437,org.eclipse.pde.ui.tests.performance.parts,OpenManifestEditorPerfTest,testEditorOpenMF,4,1,0
eclipse.pde.ui-20120217-1437,org.eclipse.pde.ui.tests.performance.parts,OpenManifestEditorPerfTest,executeTestRun,16,3,1
eclipse.pde.ui-20120217-1437,org.eclipse.pde.ui.tests.performance.parts,OpenManifestEditorPerfTest,openEditor,3,1,1
eclipse.pde.ui-20120217-1437,org.eclipse.pde.ui.tests.performance.parts,OpenManifestEditorPerfTest,closeEditor,3,1,1
eclipse.pde.ui-20120217-1437,org.eclipse.pde.ui.tests.performance.parts,SchemaLoaderPerfTest,suite,3,1,0
eclipse.pde.ui-20120217-1437,org.eclipse.pde.ui.tests.performance.parts,SchemaLoaderPerfTest,testSchemaUnabbreviated,7,1,0
eclipse.pde.ui-20120217-1437,org.eclipse.pde.ui.tests.performance.parts,SchemaLoaderPerfTest,testSchemaAbbreviated,7,1,0
eclipse.pde.ui-20120217-1437,org.eclipse.pde.ui.tests.performance.parts,SchemaLoaderPerfTest,executeTest,7,2,0
eclipse.pde.ui-20120217-1437,org.eclipse.pde.ui.tests.performance.parts,SchemaTraversePerfTest,suite,3,1,0
eclipse.pde.ui-20120217-1437,org.eclipse.pde.ui.tests.performance.parts,SchemaTraversePerfTest,setUpIterations,5,1,0
eclipse.pde.ui-20120217-1437,org.eclipse.pde.ui.tests.performance.parts,SchemaTraversePerfTest,testSchemaTraverse,3,1,0
eclipse.pde.ui-20120217-1437,org.eclipse.pde.ui.tests.performance.parts,SchemaTraversePerfTest,executeTest,21,3,0
eclipse.pde.ui-20120217-1437,org.eclipse.pde.ui.tests.performance.parts,TargetPlatformPerfTest,suite,3,1,0
eclipse.pde.ui-20120217-1437,org.eclipse.pde.ui.tests.performance.parts,TargetPlatformPerfTest,testResolveTargetDefinition,21,3,0
eclipse.pde.ui-20120217-1437,org.eclipse.pde.ui.tests.performance.parts,TargetPlatformPerfTest,testSearchModelRegistry,41,5,0
eclipse.pde.ui-20120217-1437,org.eclipse.pde.ui.tests.performance.parts,TargetPlatformPerfTest,executeSearchTest,18,1,0
eclipse.pde.ui-20120217-1437,org.eclipse.pde.ui.tests.performance.parts,TargetPlatformPerfTest,openRequiredBundles,11,3,2
eclipse.pde.ui-20120217-1437,org.eclipse.pde.ui.tests.performance.parts,TargetPlatformPerfTest,extractTargetPerfTestPlugins,8,2,0
eclipse.pde.ui-20120217-1437,org.eclipse.pde.ui.tests.performance.parts,TargetPlatformPerfTest,doUnZip,25,3,2
eclipse.pde.ui-20120217-1437,org.eclipse.pde.ui.tests.preferences,AllPreferenceTests,suite,5,1,0
eclipse.pde.ui-20120217-1437,org.eclipse.pde.ui.tests.preferences,PDEPreferencesTestCase,PDEPreferencesTestCase,3,1,0
eclipse.pde.ui-20120217-1437,org.eclipse.pde.ui.tests.preferences,PDEPreferencesTestCase,initPreferences,10,1,0
eclipse.pde.ui-20120217-1437,org.eclipse.pde.ui.tests.preferences,PDEPreferencesTestCase,suite,3,1,0
eclipse.pde.ui-20120217-1437,org.eclipse.pde.ui.tests.preferences,PDEPreferencesTestCase,testInstanceScopePDEPreferences,6,1,0
eclipse.pde.ui-20120217-1437,org.eclipse.pde.ui.tests.preferences,PDEPreferencesTestCase,testDefaultPDEPreferences,6,1,0
eclipse.pde.ui-20120217-1437,org.eclipse.pde.ui.tests.preferences,PDEPreferencesTestCase,testPreferenceChangeListener1,16,2,0
eclipse.pde.ui-20120217-1437,org.eclipse.pde.ui.tests.preferences,PDEPreferencesTestCase,preferenceChange,4,1,1
eclipse.pde.ui-20120217-1437,org.eclipse.pde.ui.tests.preferences,PDEPreferencesTestCase,testPreferenceChangeListner2,17,2,0
eclipse.pde.ui-20120217-1437,org.eclipse.pde.ui.tests.preferences,PDEPreferencesTestCase,preferenceChange,5,1,1
eclipse.pde.ui-20120217-1437,org.eclipse.pde.ui.tests.preferences,PDEPreferencesTestCase,testPDECoreDefaultPreferences,7,1,0
eclipse.pde.ui-20120217-1437,org.eclipse.pde.ui.tests.preferences,PDEPreferencesTestCase,testCompilerPreferences,6,1,0
eclipse.pde.ui-20120217-1437,org.eclipse.pde.ui.tests.preferences,PDEPreferencesTestCase,testPreferencesCompatability,7,1,0
eclipse.pde.ui-20120217-1437,org.eclipse.pde.ui.tests.preferences,PDEPreferencesTestCase,testCompatibilityWithPreferenceStore,7,1,0
eclipse.pde.ui-20120217-1437,org.eclipse.pde.ui.tests.project,BundleImporterTests,suite,3,1,0
eclipse.pde.ui-20120217-1437,org.eclipse.pde.ui.tests.project,BundleImporterTests,testGetImportDescriptions,19,1,0
eclipse.pde.ui-20120217-1437,org.eclipse.pde.ui.tests.project,BundleImporterTests,testBundleImporters,6,1,0
eclipse.pde.ui-20120217-1437,org.eclipse.pde.ui.tests.project,BundleRootTests,suite,3,1,0
eclipse.pde.ui-20120217-1437,org.eclipse.pde.ui.tests.project,BundleRootTests,getBundleProjectService,3,1,0
eclipse.pde.ui-20120217-1437,org.eclipse.pde.ui.tests.project,BundleRootTests,createProject,9,1,0
eclipse.pde.ui-20120217-1437,org.eclipse.pde.ui.tests.project,BundleRootTests,newProject,9,1,0
eclipse.pde.ui-20120217-1437,org.eclipse.pde.ui.tests.project,BundleRootTests,testSetGetLocation,11,1,0
eclipse.pde.ui-20120217-1437,org.eclipse.pde.ui.tests.project,BundleRootTests,testServiceSetGetLocation,13,1,0
eclipse.pde.ui-20120217-1437,org.eclipse.pde.ui.tests.project,BundleRootTests,testGetOnNonExistantProject,5,1,0
eclipse.pde.ui-20120217-1437,org.eclipse.pde.ui.tests.project,BundleRootTests,testPluginModelInstallLocation,14,1,0
eclipse.pde.ui-20120217-1437,org.eclipse.pde.ui.tests.project,BundleRootTests,testBundleRoot,42,1,0
eclipse.pde.ui-20120217-1437,org.eclipse.pde.ui.tests.project,BundleRootTests,testAssignRootToExistingProject,48,1,0
eclipse.pde.ui-20120217-1437,org.eclipse.pde.ui.tests.project,ClasspathContainerInitializer,ClasspathContainerInitializer,2,1,0
eclipse.pde.ui-20120217-1437,org.eclipse.pde.ui.tests.project,ClasspathContainerInitializer,initialize,3,1,2
eclipse.pde.ui-20120217-1437,org.eclipse.pde.ui.tests.project,ClasspathContainerInitializer,ClasspathContainer,3,1,1
eclipse.pde.ui-20120217-1437,org.eclipse.pde.ui.tests.project,ClasspathContainerInitializer,getClasspathEntries,3,1,0
eclipse.pde.ui-20120217-1437,org.eclipse.pde.ui.tests.project,ClasspathContainerInitializer,getDescription,3,1,0
eclipse.pde.ui-20120217-1437,org.eclipse.pde.ui.tests.project,ClasspathContainerInitializer,getKind,3,1,0
eclipse.pde.ui-20120217-1437,org.eclipse.pde.ui.tests.project,ClasspathContainerInitializer,getPath,3,1,0
eclipse.pde.ui-20120217-1437,org.eclipse.pde.ui.tests.project,ClasspathContainer,ClasspathContainer,3,1,1
eclipse.pde.ui-20120217-1437,org.eclipse.pde.ui.tests.project,ClasspathContainer,getClasspathEntries,3,1,0
eclipse.pde.ui-20120217-1437,org.eclipse.pde.ui.tests.project,ClasspathContainer,getDescription,3,1,0
eclipse.pde.ui-20120217-1437,org.eclipse.pde.ui.tests.project,ClasspathContainer,getKind,3,1,0
eclipse.pde.ui-20120217-1437,org.eclipse.pde.ui.tests.project,ClasspathContainer,getPath,3,1,0
eclipse.pde.ui-20120217-1437,org.eclipse.pde.ui.tests.project,PluginRegistryTests,suite,3,1,0
eclipse.pde.ui-20120217-1437,org.eclipse.pde.ui.tests.project,PluginRegistryTests,testMatchNone,5,1,0
eclipse.pde.ui-20120217-1437,org.eclipse.pde.ui.tests.project,PluginRegistryTests,testMatchGreaterOrEqual,5,1,0
eclipse.pde.ui-20120217-1437,org.eclipse.pde.ui.tests.project,PluginRegistryTests,testMatchPerfect,4,1,0
eclipse.pde.ui-20120217-1437,org.eclipse.pde.ui.tests.project,PluginRegistryTests,testMatchCompatible,5,1,0
eclipse.pde.ui-20120217-1437,org.eclipse.pde.ui.tests.project,PluginRegistryTests,testMatchCompatibleNone,4,1,0
eclipse.pde.ui-20120217-1437,org.eclipse.pde.ui.tests.project,PluginRegistryTests,testMatchEquivalent,5,1,0
eclipse.pde.ui-20120217-1437,org.eclipse.pde.ui.tests.project,PluginRegistryTests,testMatchPrefix,4,1,0
eclipse.pde.ui-20120217-1437,org.eclipse.pde.ui.tests.project,PluginRegistryTests,testRangeNone,5,1,0
eclipse.pde.ui-20120217-1437,org.eclipse.pde.ui.tests.project,PluginRegistryTests,testOverlapRange,5,1,0
eclipse.pde.ui-20120217-1437,org.eclipse.pde.ui.tests.project,PluginRegistryTests,testMinRange,5,1,0
eclipse.pde.ui-20120217-1437,org.eclipse.pde.ui.tests.project,PluginRegistryTests,testUnmatchedRange,4,1,0
eclipse.pde.ui-20120217-1437,org.eclipse.pde.ui.tests.project,PluginRegistryTests,testRangeWithFilterMatch,18,3,0
eclipse.pde.ui-20120217-1437,org.eclipse.pde.ui.tests.project,PluginRegistryTests,accept,10,3,1
eclipse.pde.ui-20120217-1437,org.eclipse.pde.ui.tests.project,PluginRegistryTests,testRangeWithFilterNoMatch,17,3,0
eclipse.pde.ui-20120217-1437,org.eclipse.pde.ui.tests.project,PluginRegistryTests,accept,10,3,1
eclipse.pde.ui-20120217-1437,org.eclipse.pde.ui.tests.project,PluginRegistryTests,testSingleRangeMatch,6,1,0
eclipse.pde.ui-20120217-1437,org.eclipse.pde.ui.tests.project,PluginRegistryTests,testMutliMatches,7,1,0
eclipse.pde.ui-20120217-1437,org.eclipse.pde.ui.tests.project,PluginRegistryTests,testWorkspaceOverTarget,22,2,0
eclipse.pde.ui-20120217-1437,org.eclipse.pde.ui.tests.project,PluginRegistryTests,waitForBuild,17,2,0
eclipse.pde.ui-20120217-1437,org.eclipse.pde.ui.tests.project,ProjectCreationTests,getBundleProjectService,3,1,0
eclipse.pde.ui-20120217-1437,org.eclipse.pde.ui.tests.project,ProjectCreationTests,suite,3,1,0
eclipse.pde.ui-20120217-1437,org.eclipse.pde.ui.tests.project,ProjectCreationTests,waitForBuild,17,2,0
eclipse.pde.ui-20120217-1437,org.eclipse.pde.ui.tests.project,ProjectCreationTests,newProject,9,1,0
eclipse.pde.ui-20120217-1437,org.eclipse.pde.ui.tests.project,ProjectCreationTests,testBundle,40,1,0
eclipse.pde.ui-20120217-1437,org.eclipse.pde.ui.tests.project,ProjectCreationTests,testEmptyHeader,44,1,0
eclipse.pde.ui-20120217-1437,org.eclipse.pde.ui.tests.project,ProjectCreationTests,testEmptyPackageImportHeader,17,1,0
eclipse.pde.ui-20120217-1437,org.eclipse.pde.ui.tests.project,ProjectCreationTests,testFragment,40,1,0
eclipse.pde.ui-20120217-1437,org.eclipse.pde.ui.tests.project,ProjectCreationTests,testFragmentSrc,44,1,0
eclipse.pde.ui-20120217-1437,org.eclipse.pde.ui.tests.project,ProjectCreationTests,testTwoSourceFoldersOneJar,49,1,0
eclipse.pde.ui-20120217-1437,org.eclipse.pde.ui.tests.project,ProjectCreationTests,testTwoSourceFoldersTwoJars,43,1,0
eclipse.pde.ui-20120217-1437,org.eclipse.pde.ui.tests.project,ProjectCreationTests,testSingleton,39,1,0
eclipse.pde.ui-20120217-1437,org.eclipse.pde.ui.tests.project,ProjectCreationTests,testBundleSrc,54,1,0
eclipse.pde.ui-20120217-1437,org.eclipse.pde.ui.tests.project,ProjectCreationTests,testBundleToFrag,47,1,0
eclipse.pde.ui-20120217-1437,org.eclipse.pde.ui.tests.project,ProjectCreationTests,testPlugin,70,1,0
eclipse.pde.ui-20120217-1437,org.eclipse.pde.ui.tests.project,ProjectCreationTests,testModifyBundle,63,1,0
eclipse.pde.ui-20120217-1437,org.eclipse.pde.ui.tests.project,ProjectCreationTests,testFragToBundle,47,1,0
eclipse.pde.ui-20120217-1437,org.eclipse.pde.ui.tests.project,ProjectCreationTests,testJarsAsBundle,56,1,0
eclipse.pde.ui-20120217-1437,org.eclipse.pde.ui.tests.project,ProjectCreationTests,createBogusJar,14,3,1
eclipse.pde.ui-20120217-1437,org.eclipse.pde.ui.tests.project,ProjectCreationTests,testClassFolders,56,1,0
eclipse.pde.ui-20120217-1437,org.eclipse.pde.ui.tests.project,ProjectCreationTests,testExportWizardLaunchShortcuts,42,1,0
eclipse.pde.ui-20120217-1437,org.eclipse.pde.ui.tests.project,ProjectCreationTests,testLazyAutostart,72,1,0
eclipse.pde.ui-20120217-1437,org.eclipse.pde.ui.tests.project,ProjectCreationTests,createHeader,8,2,2
eclipse.pde.ui-20120217-1437,org.eclipse.pde.ui.tests.project,ProjectCreationTests,testEagerAutostart,57,1,0
eclipse.pde.ui-20120217-1437,org.eclipse.pde.ui.tests.project,ProjectCreationTests,testLazyEclipseLazyStart,58,1,0
eclipse.pde.ui-20120217-1437,org.eclipse.pde.ui.tests.project,ProjectCreationTests,testEagerEclipseLazyStart,57,1,0
eclipse.pde.ui-20120217-1437,org.eclipse.pde.ui.tests.project,ProjectCreationTests,getInputStreamAsCharArray,21,1,1
eclipse.pde.ui-20120217-1437,org.eclipse.pde.ui.tests.project,ProjectCreationTests,getInputStreamAsByteArray,32,7,2
eclipse.pde.ui-20120217-1437,org.eclipse.pde.ui.tests.project,ProjectCreationTests,testHeaderFormatting,26,1,0
eclipse.pde.ui-20120217-1437,org.eclipse.pde.ui.tests.project,ProjectCreationTests,testNonBundleToBundle,24,1,0
eclipse.pde.ui-20120217-1437,org.eclipse.pde.ui.tests.project,ProjectCreationTests,testJavaToBundle,49,1,0
eclipse.pde.ui-20120217-1437,org.eclipse.pde.ui.tests.project,ProjectCreationTests,testClassFoldersNoJars,55,1,0
eclipse.pde.ui-20120217-1437,org.eclipse.pde.ui.tests.project,ProjectCreationTests,testExportUpdateSequence,18,1,0
eclipse.pde.ui-20120217-1437,org.eclipse.pde.ui.tests.runtime,AbstractRegistryModelTest,createBundleEvent,4,1,2
eclipse.pde.ui-20120217-1437,org.eclipse.pde.ui.tests.runtime,AbstractRegistryModelTest,createRegistryAddedEvent,4,1,1
eclipse.pde.ui-20120217-1437,org.eclipse.pde.ui.tests.runtime,AbstractRegistryModelTest,createRegistryRemovedEvent,4,1,1
eclipse.pde.ui-20120217-1437,org.eclipse.pde.ui.tests.runtime,AbstractRegistryModelTest,createRegistryAddedEvent,4,1,1
eclipse.pde.ui-20120217-1437,org.eclipse.pde.ui.tests.runtime,AbstractRegistryModelTest,createRegistryRemovedEvent,4,1,1
eclipse.pde.ui-20120217-1437,org.eclipse.pde.ui.tests.runtime,AbstractRegistryModelTest,createServiceEvent,4,1,2
eclipse.pde.ui-20120217-1437,org.eclipse.pde.ui.tests.runtime,AbstractRegistryModelTest,setListener,3,1,1
eclipse.pde.ui-20120217-1437,org.eclipse.pde.ui.tests.runtime,AbstractRegistryModelTest,modelChanged,3,1,1
eclipse.pde.ui-20120217-1437,org.eclipse.pde.ui.tests.runtime,AbstractRegistryModelTest,createModel,0,1,0
eclipse.pde.ui-20120217-1437,org.eclipse.pde.ui.tests.runtime,AbstractRegistryModelTest,AbstractRegistryModelTest,7,1,0
eclipse.pde.ui-20120217-1437,org.eclipse.pde.ui.tests.runtime,AbstractRegistryModelTest,setUp,6,1,0
eclipse.pde.ui-20120217-1437,org.eclipse.pde.ui.tests.runtime,AbstractRegistryModelTest,tearDown,4,1,0
eclipse.pde.ui-20120217-1437,org.eclipse.pde.ui.tests.runtime,AbstractRegistryModelTest,testInstalledBundles,6,1,0
eclipse.pde.ui-20120217-1437,org.eclipse.pde.ui.tests.runtime,AbstractRegistryModelTest,testBundleInstalled,7,1,0
eclipse.pde.ui-20120217-1437,org.eclipse.pde.ui.tests.runtime,AbstractRegistryModelTest,testBundleStartedEvent,7,1,0
eclipse.pde.ui-20120217-1437,org.eclipse.pde.ui.tests.runtime,AbstractRegistryModelTest,testBundleStoppedEvent,7,1,0
eclipse.pde.ui-20120217-1437,org.eclipse.pde.ui.tests.runtime,AbstractRegistryModelTest,testBundleUpdatedEvent,7,1,0
eclipse.pde.ui-20120217-1437,org.eclipse.pde.ui.tests.runtime,AbstractRegistryModelTest,testBundleUninstalledEvent,7,1,0
eclipse.pde.ui-20120217-1437,org.eclipse.pde.ui.tests.runtime,AbstractRegistryModelTest,testBundleResolvedEvent,7,1,0
eclipse.pde.ui-20120217-1437,org.eclipse.pde.ui.tests.runtime,AbstractRegistryModelTest,testBundleUnresolvedEvent,7,1,0
eclipse.pde.ui-20120217-1437,org.eclipse.pde.ui.tests.runtime,AbstractRegistryModelTest,testBundleStartingEvent,7,1,0
eclipse.pde.ui-20120217-1437,org.eclipse.pde.ui.tests.runtime,AbstractRegistryModelTest,testBundleStoppingEvent,7,1,0
eclipse.pde.ui-20120217-1437,org.eclipse.pde.ui.tests.runtime,AbstractRegistryModelTest,testServiceRegisteredEvent,12,1,0
eclipse.pde.ui-20120217-1437,org.eclipse.pde.ui.tests.runtime,AbstractRegistryModelTest,testServiceUnregisteringEvent,12,1,0
eclipse.pde.ui-20120217-1437,org.eclipse.pde.ui.tests.runtime,AbstractRegistryModelTest,testServiceModifiedEvent,7,1,0
eclipse.pde.ui-20120217-1437,org.eclipse.pde.ui.tests.runtime,AbstractRegistryModelTest,testExtensionAddedEvent,11,1,0
eclipse.pde.ui-20120217-1437,org.eclipse.pde.ui.tests.runtime,AbstractRegistryModelTest,testExtensionRemovedEvent,12,1,0
eclipse.pde.ui-20120217-1437,org.eclipse.pde.ui.tests.runtime,AbstractRegistryModelTest,testExtensionPointAddedEvent,10,1,0
eclipse.pde.ui-20120217-1437,org.eclipse.pde.ui.tests.runtime,AbstractRegistryModelTest,testExtensionPointRemovedEvent,8,1,0
eclipse.pde.ui-20120217-1437,org.eclipse.pde.ui.tests.runtime,MockFramework,createBundleEvent,4,1,2
eclipse.pde.ui-20120217-1437,org.eclipse.pde.ui.tests.runtime,MockFramework,createRegistryAddedEvent,4,1,1
eclipse.pde.ui-20120217-1437,org.eclipse.pde.ui.tests.runtime,MockFramework,createRegistryRemovedEvent,4,1,1
eclipse.pde.ui-20120217-1437,org.eclipse.pde.ui.tests.runtime,MockFramework,createRegistryAddedEvent,4,1,1
eclipse.pde.ui-20120217-1437,org.eclipse.pde.ui.tests.runtime,MockFramework,createRegistryRemovedEvent,4,1,1
eclipse.pde.ui-20120217-1437,org.eclipse.pde.ui.tests.runtime,MockFramework,createServiceEvent,4,1,2
eclipse.pde.ui-20120217-1437,org.eclipse.pde.ui.tests.runtime,MockFramework,setListener,3,1,1
eclipse.pde.ui-20120217-1437,org.eclipse.pde.ui.tests.runtime,AllPDERuntimeTests,suite,5,1,0
eclipse.pde.ui-20120217-1437,org.eclipse.pde.ui.tests.runtime,LocalModelTest,createModel,10,1,0
eclipse.pde.ui-20120217-1437,org.eclipse.pde.ui.tests.runtime,LocalModelTest,connect,3,1,1
eclipse.pde.ui-20120217-1437,org.eclipse.pde.ui.tests.runtime,LocalModelTest,disconnect,2,1,0
eclipse.pde.ui-20120217-1437,org.eclipse.pde.ui.tests.runtime,LocalModelTest,suite,3,1,0
eclipse.pde.ui-20120217-1437,org.eclipse.pde.ui.tests.runtime,TestUtils,getBundle,7,2,1
eclipse.pde.ui-20120217-1437,org.eclipse.pde.ui.tests.runtime,TestUtils,getExtensionPoint,3,1,1
eclipse.pde.ui-20120217-1437,org.eclipse.pde.ui.tests.runtime,TestUtils,getExtension,3,1,1
eclipse.pde.ui-20120217-1437,org.eclipse.pde.ui.tests.runtime,TestUtils,getServiceReference,3,1,1
eclipse.pde.ui-20120217-1437,org.eclipse.pde.ui.tests.runtime,TestUtils,findPath,3,1,1
eclipse.pde.ui-20120217-1437,org.eclipse.pde.ui.tests.target,AbstractTargetTest,getTargetService,6,2,0
eclipse.pde.ui-20120217-1437,org.eclipse.pde.ui.tests.target,AbstractTargetTest,extractAbcdePlugins,9,2,0
eclipse.pde.ui-20120217-1437,org.eclipse.pde.ui.tests.target,AbstractTargetTest,extractLinkedPlugins,9,2,0
eclipse.pde.ui-20120217-1437,org.eclipse.pde.ui.tests.target,AbstractTargetTest,extractClassicPlugins,9,2,0
eclipse.pde.ui-20120217-1437,org.eclipse.pde.ui.tests.target,AbstractTargetTest,extractModifiedFeatures,15,4,0
eclipse.pde.ui-20120217-1437,org.eclipse.pde.ui.tests.target,AbstractTargetTest,extractMultiVersionPlugins,9,2,0
eclipse.pde.ui-20120217-1437,org.eclipse.pde.ui.tests.target,AbstractTargetTest,extractClassicNonBundleManifestPlugins,9,2,0
eclipse.pde.ui-20120217-1437,org.eclipse.pde.ui.tests.target,AbstractTargetTest,doUnZip,25,3,2
eclipse.pde.ui-20120217-1437,org.eclipse.pde.ui.tests.target,AbstractTargetTest,delete,13,3,1
eclipse.pde.ui-20120217-1437,org.eclipse.pde.ui.tests.target,AbstractTargetTest,resetTargetPlatform,4,1,0
eclipse.pde.ui-20120217-1437,org.eclipse.pde.ui.tests.target,AbstractTargetTest,getNewTarget,3,1,0
eclipse.pde.ui-20120217-1437,org.eclipse.pde.ui.tests.target,AbstractTargetTest,getDefaultTargetPlatorm,6,1,0
eclipse.pde.ui-20120217-1437,org.eclipse.pde.ui.tests.target,AbstractTargetTest,setTargetPlatform,15,2,1
eclipse.pde.ui-20120217-1437,org.eclipse.pde.ui.tests.target,AbstractTargetTest,collectAllSymbolicNames,9,2,1
eclipse.pde.ui-20120217-1437,org.eclipse.pde.ui.tests.target,AbstractTargetTest,getAllBundleInfos,11,3,1
eclipse.pde.ui-20120217-1437,org.eclipse.pde.ui.tests.target,AbstractTargetTest,getBundleInfos,8,2,1
eclipse.pde.ui-20120217-1437,org.eclipse.pde.ui.tests.target,AllTargetTests,suite,12,1,0
eclipse.pde.ui-20120217-1437,org.eclipse.pde.ui.tests.target,IUBundleContainerTests,suite,3,1,0
eclipse.pde.ui-20120217-1437,org.eclipse.pde.ui.tests.target,IUBundleContainerTests,getRepository,6,1,1
eclipse.pde.ui-20120217-1437,org.eclipse.pde.ui.tests.target,IUBundleContainerTests,getURI,5,1,1
eclipse.pde.ui-20120217-1437,org.eclipse.pde.ui.tests.target,IUBundleContainerTests,getUnit,9,2,2
eclipse.pde.ui-20120217-1437,org.eclipse.pde.ui.tests.target,IUBundleContainerTests,testResolveUsingProfile,32,3,0
eclipse.pde.ui-20120217-1437,org.eclipse.pde.ui.tests.target,IUBundleContainerTests,testResolveRequiredFeatures,4,1,0
eclipse.pde.ui-20120217-1437,org.eclipse.pde.ui.tests.target,IUBundleContainerTests,testResolveSingleFeature,4,1,0
eclipse.pde.ui-20120217-1437,org.eclipse.pde.ui.tests.target,IUBundleContainerTests,testResolveRequiredBundles,4,1,0
eclipse.pde.ui-20120217-1437,org.eclipse.pde.ui.tests.target,IUBundleContainerTests,testResolveSingleBundle,4,1,0
eclipse.pde.ui-20120217-1437,org.eclipse.pde.ui.tests.target,IUBundleContainerTests,testContentEqualNonNull,5,1,0
eclipse.pde.ui-20120217-1437,org.eclipse.pde.ui.tests.target,IUBundleContainerTests,testContentNotEqualNonNull,5,1,0
eclipse.pde.ui-20120217-1437,org.eclipse.pde.ui.tests.target,IUBundleContainerTests,testContentEqualNull,6,1,0
eclipse.pde.ui-20120217-1437,org.eclipse.pde.ui.tests.target,IUBundleContainerTests,testContentNotEqualNull,6,1,0
eclipse.pde.ui-20120217-1437,org.eclipse.pde.ui.tests.target,IUBundleContainerTests,doResolutionTest,20,2,2
eclipse.pde.ui-20120217-1437,org.eclipse.pde.ui.tests.target,IUBundleContainerTests,doPersistanceTest,21,2,2
eclipse.pde.ui-20120217-1437,org.eclipse.pde.ui.tests.target,IUBundleContainerTests,testExternalModelManagerPreferences,25,2,0
eclipse.pde.ui-20120217-1437,org.eclipse.pde.ui.tests.target,IUBundleContainerTests,createContainer,5,1,1
eclipse.pde.ui-20120217-1437,org.eclipse.pde.ui.tests.target,IUBundleContainerTests,getUnits,8,2,2
eclipse.pde.ui-20120217-1437,org.eclipse.pde.ui.tests.target,IUBundleContainerTests,createContainer,3,1,3
eclipse.pde.ui-20120217-1437,org.eclipse.pde.ui.tests.target,IUBundleContainerTests,testPersistIUDefinition,4,1,0
eclipse.pde.ui-20120217-1437,org.eclipse.pde.ui.tests.target,IUBundleContainerTests,testPersistMultipleIUDefinition,4,1,0
eclipse.pde.ui-20120217-1437,org.eclipse.pde.ui.tests.target,IUBundleContainerTests,testAddIUs,22,2,0
eclipse.pde.ui-20120217-1437,org.eclipse.pde.ui.tests.target,IUBundleContainerTests,testRemoveIUs,22,2,0
eclipse.pde.ui-20120217-1437,org.eclipse.pde.ui.tests.target,IUBundleContainerTests,testOverlappingIUContainers,24,3,0
eclipse.pde.ui-20120217-1437,org.eclipse.pde.ui.tests.target,IUBundleContainerTests,testSerialization1,11,1,0
eclipse.pde.ui-20120217-1437,org.eclipse.pde.ui.tests.target,IUBundleContainerTests,testSerialization2,8,1,0
eclipse.pde.ui-20120217-1437,org.eclipse.pde.ui.tests.target,IUBundleContainerTests,testSerialization3,11,1,0
eclipse.pde.ui-20120217-1437,org.eclipse.pde.ui.tests.target,IUBundleContainerTests,deserializationTest,17,1,1
eclipse.pde.ui-20120217-1437,org.eclipse.pde.ui.tests.target,IUBundleContainerTests,assertIncludeAllPlatform,3,1,2
eclipse.pde.ui-20120217-1437,org.eclipse.pde.ui.tests.target,IUBundleContainerTests,assertIncludeSource,3,1,2
eclipse.pde.ui-20120217-1437,org.eclipse.pde.ui.tests.target,IUBundleContainerTests,assertIncludeMode,3,1,2
eclipse.pde.ui-20120217-1437,org.eclipse.pde.ui.tests.target,IUBundleContainerTests,assertToken,5,1,3
eclipse.pde.ui-20120217-1437,org.eclipse.pde.ui.tests.target,LocalTargetDefinitionTests,suite,3,1,0
eclipse.pde.ui-20120217-1437,org.eclipse.pde.ui.tests.target,LocalTargetDefinitionTests,getTargetService,6,2,0
eclipse.pde.ui-20120217-1437,org.eclipse.pde.ui.tests.target,LocalTargetDefinitionTests,getAllBundleURLs,11,3,1
eclipse.pde.ui-20120217-1437,org.eclipse.pde.ui.tests.target,LocalTargetDefinitionTests,testResetTargetPlatform,22,5,0
eclipse.pde.ui-20120217-1437,org.eclipse.pde.ui.tests.target,LocalTargetDefinitionTests,testDefaultTargetPlatform,13,2,0
eclipse.pde.ui-20120217-1437,org.eclipse.pde.ui.tests.target,LocalTargetDefinitionTests,testRestrictedDefaultTargetPlatform,15,2,0
eclipse.pde.ui-20120217-1437,org.eclipse.pde.ui.tests.target,LocalTargetDefinitionTests,testVersionRestrictedDefaultTargetPlatform,36,7,0
eclipse.pde.ui-20120217-1437,org.eclipse.pde.ui.tests.target,LocalTargetDefinitionTests,testMissingVersionRestrictedDefaultTargetPlatform,15,2,0
eclipse.pde.ui-20120217-1437,org.eclipse.pde.ui.tests.target,LocalTargetDefinitionTests,testEclipseHomeTargetPlatform,13,2,0
eclipse.pde.ui-20120217-1437,org.eclipse.pde.ui.tests.target,LocalTargetDefinitionTests,testEclipseHomeTargetPlatformAndConfigurationArea,13,2,0
eclipse.pde.ui-20120217-1437,org.eclipse.pde.ui.tests.target,LocalTargetDefinitionTests,testWovenTargetPlatform,12,2,0
eclipse.pde.ui-20120217-1437,org.eclipse.pde.ui.tests.target,LocalTargetDefinitionTests,testDirectoryBundleContainer,20,2,0
eclipse.pde.ui-20120217-1437,org.eclipse.pde.ui.tests.target,LocalTargetDefinitionTests,testVariableDirectoryBundleContainer,20,2,0
eclipse.pde.ui-20120217-1437,org.eclipse.pde.ui.tests.target,LocalTargetDefinitionTests,testClassicPlugins,24,3,0
eclipse.pde.ui-20120217-1437,org.eclipse.pde.ui.tests.target,LocalTargetDefinitionTests,testClassicSourcePlugins,24,5,0
eclipse.pde.ui-20120217-1437,org.eclipse.pde.ui.tests.target,LocalTargetDefinitionTests,testClassicPluginsWithNonBundleManifest,10,1,0
eclipse.pde.ui-20120217-1437,org.eclipse.pde.ui.tests.target,LocalTargetDefinitionTests,getInputStreamAsByteArray,32,7,2
eclipse.pde.ui-20120217-1437,org.eclipse.pde.ui.tests.target,LocalTargetDefinitionTests,getJdtFeatureLocation,16,3,0
eclipse.pde.ui-20120217-1437,org.eclipse.pde.ui.tests.target,LocalTargetDefinitionTests,testFeatureBundleContainer,30,5,0
eclipse.pde.ui-20120217-1437,org.eclipse.pde.ui.tests.target,LocalTargetDefinitionTests,testMacOSFeatureBundleContainer,40,6,0
eclipse.pde.ui-20120217-1437,org.eclipse.pde.ui.tests.target,LocalTargetDefinitionTests,testRestrictedFeatureBundleContainer,16,2,0
eclipse.pde.ui-20120217-1437,org.eclipse.pde.ui.tests.target,LocalTargetDefinitionTests,testSourceFeatureBundleContainer,26,4,0
eclipse.pde.ui-20120217-1437,org.eclipse.pde.ui.tests.target,LocalTargetDefinitionTests,testSetTargetPlatformToJdtFeature,33,4,0
eclipse.pde.ui-20120217-1437,org.eclipse.pde.ui.tests.target,LocalTargetDefinitionTests,testSetEmptyTargetPlatform,10,1,0
eclipse.pde.ui-20120217-1437,org.eclipse.pde.ui.tests.target,LocalTargetDefinitionTests,assertTargetDefinitionsEqual,3,1,2
eclipse.pde.ui-20120217-1437,org.eclipse.pde.ui.tests.target,LocalTargetDefinitionTests,readOldTarget,9,1,1
eclipse.pde.ui-20120217-1437,org.eclipse.pde.ui.tests.target,LocalTargetDefinitionTests,testArgumentsPluginsDirectory,4,1,0
eclipse.pde.ui-20120217-1437,org.eclipse.pde.ui.tests.target,LocalTargetDefinitionTests,testArgumentsInstallDirectory,6,1,0
eclipse.pde.ui-20120217-1437,org.eclipse.pde.ui.tests.target,LocalTargetDefinitionTests,testArgumentsFeatureContainer,4,1,0
eclipse.pde.ui-20120217-1437,org.eclipse.pde.ui.tests.target,LocalTargetDefinitionTests,testArgumentsProfileContainer,6,1,0
eclipse.pde.ui-20120217-1437,org.eclipse.pde.ui.tests.target,LocalTargetDefinitionTests,testArguments,19,1,0
eclipse.pde.ui-20120217-1437,org.eclipse.pde.ui.tests.target,LocalTargetDefinitionTests,testLowerVersionOfBundle,3,1,0
eclipse.pde.ui-20120217-1437,org.eclipse.pde.ui.tests.target,LocalTargetDefinitionTests,testHigherVersionOfBundle,3,1,0
eclipse.pde.ui-20120217-1437,org.eclipse.pde.ui.tests.target,LocalTargetDefinitionTests,testNoVersionsOfBundle,3,1,0
eclipse.pde.ui-20120217-1437,org.eclipse.pde.ui.tests.target,LocalTargetDefinitionTests,testAllVersionsOfBundle,3,1,0
eclipse.pde.ui-20120217-1437,org.eclipse.pde.ui.tests.target,LocalTargetDefinitionTests,testAllVersionsOfBundleExplicit,3,1,0
eclipse.pde.ui-20120217-1437,org.eclipse.pde.ui.tests.target,LocalTargetDefinitionTests,doIncludeVersions,35,6,1
eclipse.pde.ui-20120217-1437,org.eclipse.pde.ui.tests.target,TargetDefinitionFeatureResolutionTests,suite,3,1,0
eclipse.pde.ui-20120217-1437,org.eclipse.pde.ui.tests.target,TargetDefinitionFeatureResolutionTests,testDirectoryBundleContainer,19,3,0
eclipse.pde.ui-20120217-1437,org.eclipse.pde.ui.tests.target,TargetDefinitionFeatureResolutionTests,testProfileBundleContainer,19,3,0
eclipse.pde.ui-20120217-1437,org.eclipse.pde.ui.tests.target,TargetDefinitionFeatureResolutionTests,testFeatureBundleContainer,12,1,0
eclipse.pde.ui-20120217-1437,org.eclipse.pde.ui.tests.target,TargetDefinitionFeatureResolutionTests,testExplicitIncludes,43,6,0
eclipse.pde.ui-20120217-1437,org.eclipse.pde.ui.tests.target,TargetDefinitionFeatureResolutionTests,testSingleInclude,39,6,0
eclipse.pde.ui-20120217-1437,org.eclipse.pde.ui.tests.target,TargetDefinitionFeatureResolutionTests,testMixedIncludes,39,6,0
eclipse.pde.ui-20120217-1437,org.eclipse.pde.ui.tests.target,TargetDefinitionFeatureResolutionTests,testMissingFeatures,22,1,0
eclipse.pde.ui-20120217-1437,org.eclipse.pde.ui.tests.target,TargetDefinitionFeatureResolutionTests,testMissingFeatureVersion,39,6,0
eclipse.pde.ui-20120217-1437,org.eclipse.pde.ui.tests.target,TargetDefinitionFeatureResolutionTests,testMissingMixed,22,1,0
eclipse.pde.ui-20120217-1437,org.eclipse.pde.ui.tests.target,TargetDefinitionPersistenceTests,suite,3,1,0
eclipse.pde.ui-20120217-1437,org.eclipse.pde.ui.tests.target,TargetDefinitionPersistenceTests,assertTargetDefinitionsEqual,3,1,2
eclipse.pde.ui-20120217-1437,org.eclipse.pde.ui.tests.target,TargetDefinitionPersistenceTests,getTargetService,6,2,0
eclipse.pde.ui-20120217-1437,org.eclipse.pde.ui.tests.target,TargetDefinitionPersistenceTests,getResolvedLocation,3,1,1
eclipse.pde.ui-20120217-1437,org.eclipse.pde.ui.tests.target,TargetDefinitionPersistenceTests,getJdtFeatureLocation,16,3,0
eclipse.pde.ui-20120217-1437,org.eclipse.pde.ui.tests.target,TargetDefinitionPersistenceTests,testWorkspaceTargetHandleMemento,13,1,0
eclipse.pde.ui-20120217-1437,org.eclipse.pde.ui.tests.target,TargetDefinitionPersistenceTests,testLocalTargetHandleMemento,11,1,0
eclipse.pde.ui-20120217-1437,org.eclipse.pde.ui.tests.target,TargetDefinitionPersistenceTests,testExternalFileTargetHandleMemento,23,1,0
eclipse.pde.ui-20120217-1437,org.eclipse.pde.ui.tests.target,TargetDefinitionPersistenceTests,testPersistComplexMetadataDefinition,10,1,0
eclipse.pde.ui-20120217-1437,org.eclipse.pde.ui.tests.target,TargetDefinitionPersistenceTests,testPersistComplexWorkspaceDefinition,23,3,0
eclipse.pde.ui-20120217-1437,org.eclipse.pde.ui.tests.target,TargetDefinitionPersistenceTests,initComplexDefiniton,26,1,1
eclipse.pde.ui-20120217-1437,org.eclipse.pde.ui.tests.target,TargetDefinitionPersistenceTests,testPersistEmptyDefinition,9,1,0
eclipse.pde.ui-20120217-1437,org.eclipse.pde.ui.tests.target,TargetDefinitionPersistenceTests,readOldTarget,9,1,1
eclipse.pde.ui-20120217-1437,org.eclipse.pde.ui.tests.target,TargetDefinitionPersistenceTests,testReadOldBasicTargetFile,16,1,0
eclipse.pde.ui-20120217-1437,org.eclipse.pde.ui.tests.target,TargetDefinitionPersistenceTests,testReadOldBasicDirectoryTargetFile,16,1,0
eclipse.pde.ui-20120217-1437,org.eclipse.pde.ui.tests.target,TargetDefinitionPersistenceTests,testReadOldSpecificTargetFile,24,2,0
eclipse.pde.ui-20120217-1437,org.eclipse.pde.ui.tests.target,TargetDefinitionPersistenceTests,testReadOldAdditionLocationsTargetFile,21,1,0
eclipse.pde.ui-20120217-1437,org.eclipse.pde.ui.tests.target,TargetDefinitionPersistenceTests,testReadOldFeaturesTargetFile,18,1,0
eclipse.pde.ui-20120217-1437,org.eclipse.pde.ui.tests.target,TargetDefinitionPersistenceTests,testReadOldRestrictionsTargetFile,27,2,0
eclipse.pde.ui-20120217-1437,org.eclipse.pde.ui.tests.target,TargetDefinitionPersistenceTests,testReadOldTargetFileWithUnknownTags,27,2,0
eclipse.pde.ui-20120217-1437,org.eclipse.pde.ui.tests.target,TargetDefinitionPersistenceTests,testReadOldOptionalTargetFile,25,2,0
eclipse.pde.ui-20120217-1437,org.eclipse.pde.ui.tests.target,TargetDefinitionPersistenceTests,testEmptyContentSection,9,1,0
eclipse.pde.ui-20120217-1437,org.eclipse.pde.ui.tests.target,TargetDefinitionPersistenceTests,testMigrationOfUseAllWithRestrictions,11,1,0
eclipse.pde.ui-20120217-1437,org.eclipse.pde.ui.tests.target,TargetDefinitionPersistenceTests,validateTypeAndLocation,4,1,3
eclipse.pde.ui-20120217-1437,org.eclipse.pde.ui.tests.target,TargetDefinitionPersistenceTests,testSequenceNumberChange,22,1,0
eclipse.pde.ui-20120217-1437,org.eclipse.pde.ui.tests.target,TargetDefinitionPersistenceTests,asssrtSequenceNumber,3,1,3
eclipse.pde.ui-20120217-1437,org.eclipse.pde.ui.tests.target,TargetDefinitionPersistenceTests,testIncludeSource,8,1,0
eclipse.pde.ui-20120217-1437,org.eclipse.pde.ui.tests.target,TargetDefinitionResolutionTests,suite,3,1,0
eclipse.pde.ui-20120217-1437,org.eclipse.pde.ui.tests.target,TargetDefinitionResolutionTests,testMissingBundles,22,1,0
eclipse.pde.ui-20120217-1437,org.eclipse.pde.ui.tests.target,TargetDefinitionResolutionTests,testInvalidBundleContainers,20,2,0
eclipse.pde.ui-20120217-1437,org.eclipse.pde.ui.tests.target,TargetDefinitionResolutionTests,testInvalidManifest,2,1,0
eclipse.pde.ui-20120217-1437,org.eclipse.pde.ui.tests.target,TargetDefinitionResolutionTests,testResolutionCaching,72,1,0
eclipse.pde.ui-20120217-1437,org.eclipse.pde.ui.tests.target,TargetDefinitionResolutionTests,testVMArgumentsMigrationAppend,15,1,0
eclipse.pde.ui-20120217-1437,org.eclipse.pde.ui.tests.target,TargetDefinitionResolutionTests,testVMArgumentsMigrationNoAppend,14,1,0
eclipse.pde.ui-20120217-1437,org.eclipse.pde.ui.tests.target,TargetDefinitionResolutionTests,testTargetInSynch,18,1,0
eclipse.pde.ui-20120217-1437,org.eclipse.pde.ui.tests.target,TargetDefinitionResolutionTests,testTargetInSynchWithDuplicates,19,1,0
eclipse.pde.ui-20120217-1437,org.eclipse.pde.ui.tests.target,TargetDefinitionResolutionTests,testTargetMissingBundle,26,1,0
eclipse.pde.ui-20120217-1437,org.eclipse.pde.ui.tests.target,TargetDefinitionResolutionTests,testTargetPlatformMissingBundle,31,1,0
eclipse.pde.ui-20120217-1437,org.eclipse.pde.ui.tests.target,TargetDefinitionResolutionTests,testClassicInstallResolution,31,5,0
eclipse.pde.ui-20120217-1437,org.eclipse.pde.ui.tests.target,TargetDefinitionResolutionTests,testLinkedInstallResolution,66,9,0
eclipse.pde.ui-20120217-1437,org.eclipse.pde.ui.tests.target,TargetDefinitionResolutionTests,testSourceBundleRecognition,30,5,0
eclipse.pde.ui-20120217-1437,org.eclipse.pde.ui.tests.target,TargetDefinitionResolutionTests,testSiteContainerIncludeSettings,37,1,0
eclipse.pde.ui-20120217-1437,org.eclipse.pde.ui.tests.target,TargetDefinitionResolutionTests,testNameVersionDescriptor,23,1,0
eclipse.pde.ui-20120217-1437,org.eclipse.pde.ui.tests.target,TargetEnvironmentTestCase,suite,3,1,0
eclipse.pde.ui-20120217-1437,org.eclipse.pde.ui.tests.target,TargetEnvironmentTestCase,testOS,3,1,0
eclipse.pde.ui-20120217-1437,org.eclipse.pde.ui.tests.target,TargetEnvironmentTestCase,testWS,3,1,0
eclipse.pde.ui-20120217-1437,org.eclipse.pde.ui.tests.target,TargetEnvironmentTestCase,testArch,3,1,0
eclipse.pde.ui-20120217-1437,org.eclipse.pde.ui.tests.target,TargetEnvironmentTestCase,testNL,3,1,0
eclipse.pde.ui-20120217-1437,org.eclipse.pde.ui.tests.target,TargetEnvironmentTestCase,testEnvironmentDictionarySize,4,1,0
eclipse.pde.ui-20120217-1437,org.eclipse.pde.ui.tests.target,TargetEnvironmentTestCase,testDictionaryOS,4,1,0
eclipse.pde.ui-20120217-1437,org.eclipse.pde.ui.tests.target,TargetEnvironmentTestCase,testDictionaryWS,4,1,0
eclipse.pde.ui-20120217-1437,org.eclipse.pde.ui.tests.target,TargetEnvironmentTestCase,testDictionaryArch,4,1,0
eclipse.pde.ui-20120217-1437,org.eclipse.pde.ui.tests.target,TargetEnvironmentTestCase,testDictionaryNL,4,1,0
eclipse.pde.ui-20120217-1437,org.eclipse.pde.ui.tests.target,TargetEnvironmentTestCase,testResolveOptional,4,1,0
eclipse.pde.ui-20120217-1437,org.eclipse.pde.ui.tests.target,TargetEnvironmentTestCase,testStateDictionaryNumber,5,1,0
eclipse.pde.ui-20120217-1437,org.eclipse.pde.ui.tests.target,TargetEnvironmentTestCase,testStateDictionaryLength,5,2,0
eclipse.pde.ui-20120217-1437,org.eclipse.pde.ui.tests.target,TargetEnvironmentTestCase,testSystemPackages,4,2,0
eclipse.pde.ui-20120217-1437,org.eclipse.pde.ui.tests.target,TargetEnvironmentTestCase,testExecutionEnvironment,4,2,0
eclipse.pde.ui-20120217-1437,org.eclipse.pde.ui.tests.target,TargetPlatformHelperTests,suite,3,1,0
eclipse.pde.ui-20120217-1437,org.eclipse.pde.ui.tests.target,TargetPlatformHelperTests,testStripPathInformation,11,3,0
eclipse.pde.ui-20120217-1437,org.eclipse.pde.ui.tests.target,WorkspaceTargetDefinitionTests,suite,3,1,0
eclipse.pde.ui-20120217-1437,org.eclipse.pde.ui.tests.target,WorkspaceTargetDefinitionTests,setUp,9,2,0
eclipse.pde.ui-20120217-1437,org.eclipse.pde.ui.tests.target,WorkspaceTargetDefinitionTests,tearDown,7,2,0
eclipse.pde.ui-20120217-1437,org.eclipse.pde.ui.tests.target,WorkspaceTargetDefinitionTests,getNewTarget,10,1,0
eclipse.pde.ui-20120217-1437,org.eclipse.pde.ui.tests.util,DOMParserWrapper,DOMParserWrapper,4,1,0
eclipse.pde.ui-20120217-1437,org.eclipse.pde.ui.tests.util,DOMParserWrapper,dispose,6,2,0
eclipse.pde.ui-20120217-1437,org.eclipse.pde.ui.tests.util,DOMParserWrapper,parse,3,1,1
eclipse.pde.ui-20120217-1437,org.eclipse.pde.ui.tests.util,DOMParserWrapper,newDocument,3,1,0
eclipse.pde.ui-20120217-1437,org.eclipse.pde.ui.tests.util,DOMParserWrapper,finalize,4,1,0
eclipse.pde.ui-20120217-1437,org.eclipse.pde.ui.tests.util,PDEPerfTesterUtil,PDEPerfTesterUtil,4,1,1
eclipse.pde.ui-20120217-1437,org.eclipse.pde.ui.tests.util,PDEPerfTesterUtil,reset,8,1,0
eclipse.pde.ui-20120217-1437,org.eclipse.pde.ui.tests.util,PDEPerfTesterUtil,start,4,1,0
eclipse.pde.ui-20120217-1437,org.eclipse.pde.ui.tests.util,PDEPerfTesterUtil,stop,4,1,0
eclipse.pde.ui-20120217-1437,org.eclipse.pde.ui.tests.util,PDEPerfTesterUtil,calculateDuration,7,2,0
eclipse.pde.ui-20120217-1437,org.eclipse.pde.ui.tests.util,PDEPerfTesterUtil,formatDuration,23,4,1
eclipse.pde.ui-20120217-1437,org.eclipse.pde.ui.tests.util,PDEPerfTesterUtil,printDuration,9,1,1
eclipse.pde.ui-20120217-1437,org.eclipse.pde.ui.tests.util,PDEPerfTesterUtil,printTotalDuration,9,1,1
eclipse.pde.ui-20120217-1437,org.eclipse.pde.ui.tests.util,PDEPerfTesterUtil,printAverageDuration,9,1,1
eclipse.pde.ui-20120217-1437,org.eclipse.pde.ui.tests.util,PDEPerfTesterUtil,formatTag,3,1,0
eclipse.pde.ui-20120217-1437,org.eclipse.pde.ui.tests.util,ProjectUtils,TestProjectProvider,3,1,1
eclipse.pde.ui-20120217-1437,org.eclipse.pde.ui.tests.util,ProjectUtils,getLocationPath,3,1,0
eclipse.pde.ui-20120217-1437,org.eclipse.pde.ui.tests.util,ProjectUtils,getProject,3,1,0
eclipse.pde.ui-20120217-1437,org.eclipse.pde.ui.tests.util,ProjectUtils,getProjectName,3,1,0
eclipse.pde.ui-20120217-1437,org.eclipse.pde.ui.tests.util,ProjectUtils,addAdditionalPages,2,1,0
eclipse.pde.ui-20120217-1437,org.eclipse.pde.ui.tests.util,ProjectUtils,getTemplateSections,3,1,0
eclipse.pde.ui-20120217-1437,org.eclipse.pde.ui.tests.util,ProjectUtils,createPluginProject,28,2,2
eclipse.pde.ui-20120217-1437,org.eclipse.pde.ui.tests.util,TestProjectProvider,TestProjectProvider,3,1,1
eclipse.pde.ui-20120217-1437,org.eclipse.pde.ui.tests.util,TestProjectProvider,getLocationPath,3,1,0
eclipse.pde.ui-20120217-1437,org.eclipse.pde.ui.tests.util,TestProjectProvider,getProject,3,1,0
eclipse.pde.ui-20120217-1437,org.eclipse.pde.ui.tests.util,TestProjectProvider,getProjectName,3,1,0
eclipse.pde.ui-20120217-1437,org.eclipse.pde.ui.tests.util,TestBundleWizard,addAdditionalPages,2,1,0
eclipse.pde.ui-20120217-1437,org.eclipse.pde.ui.tests.util,TestBundleWizard,getTemplateSections,3,1,0
eclipse.pde.ui-20120217-1437,org.eclipse.pde.ui.tests.util,TestBundleCreator,createPlugins,57,5,2
eclipse.pde.ui-20120217-1437,org.eclipse.pde.ui.tests.util.xml,ALLXMLUtilTests,suite,5,1,0
eclipse.pde.ui-20120217-1437,org.eclipse.pde.ui.tests.util.xml,ParserWrapperTestCase,suite,3,1,0
eclipse.pde.ui-20120217-1437,org.eclipse.pde.ui.tests.util.xml,ParserWrapperTestCase,setUp,12,5,0
eclipse.pde.ui-20120217-1437,org.eclipse.pde.ui.tests.util.xml,ParserWrapperTestCase,testSAXParserWrapperConcurrency,11,3,0
eclipse.pde.ui-20120217-1437,org.eclipse.pde.ui.tests.util.xml,ParserWrapperTestCase,testDOMParserWrapperConcurrency,11,3,0
eclipse.pde.ui-20120217-1437,org.eclipse.pde.ui.tests.util.xml,ParserWrapperTestCase,ParserThread,5,1,2
eclipse.pde.ui-20120217-1437,org.eclipse.pde.ui.tests.util.xml,ParserWrapperTestCase,run,8,2,0
eclipse.pde.ui-20120217-1437,org.eclipse.pde.ui.tests.util.xml,ParserWrapperTestCase,runSAX,27,3,0
eclipse.pde.ui-20120217-1437,org.eclipse.pde.ui.tests.util.xml,ParserWrapperTestCase,runDOM,26,3,0
eclipse.pde.ui-20120217-1437,org.eclipse.pde.ui.tests.util.xml,ParserWrapperTestCase,getError,3,1,0
eclipse.pde.ui-20120217-1437,org.eclipse.pde.ui.tests.util.xml,ParserThread,ParserThread,5,1,2
eclipse.pde.ui-20120217-1437,org.eclipse.pde.ui.tests.util.xml,ParserThread,run,8,2,0
eclipse.pde.ui-20120217-1437,org.eclipse.pde.ui.tests.util.xml,ParserThread,runSAX,27,3,0
eclipse.pde.ui-20120217-1437,org.eclipse.pde.ui.tests.util.xml,ParserThread,runDOM,26,3,0
eclipse.pde.ui-20120217-1437,org.eclipse.pde.ui.tests.util.xml,ParserThread,getError,3,1,0
eclipse.pde.ui-20120217-1437,org.eclipse.pde.ui.tests.views.log,AllLogViewTests,suite,5,1,0
eclipse.pde.ui-20120217-1437,org.eclipse.pde.ui.tests.views.log,LogEntryTest,testProcessEntry,10,1,0
eclipse.pde.ui-20120217-1437,org.eclipse.pde.ui.tests.views.log,LogEntryTest,testProcessFrameworkEntry,10,1,0
eclipse.pde.ui-20120217-1437,org.eclipse.pde.ui.tests.views.log,LogEntryTest,testProcessSubEntry,11,1,0
eclipse.pde.ui-20120217-1437,org.eclipse.pde.ui.tests.views.log,LogEntryTest,testProcessFrameworkSubEntry,11,1,0
eclipse.pde.ui-20120217-1437,org.eclipse.pde.ui.tests.views.log,LogEntryTest,testInvalidEntry,23,1,0
eclipse.pde.ui-20120217-1437,org.eclipse.pde.ui.tests.wizards,AllNewProjectTests,suite,8,1,0
eclipse.pde.ui-20120217-1437,org.eclipse.pde.ui.tests.wizards,ConvertProjectToPluginTestCase,suite,3,1,0
eclipse.pde.ui-20120217-1437,org.eclipse.pde.ui.tests.wizards,ConvertProjectToPluginTestCase,testSingleProject,12,1,0
eclipse.pde.ui-20120217-1437,org.eclipse.pde.ui.tests.wizards,ConvertProjectToPluginTestCase,testMultipleProjects,20,3,0
eclipse.pde.ui-20120217-1437,org.eclipse.pde.ui.tests.wizards,ConvertProjectToPluginTestCase,testApiToolsSetup,20,3,0
eclipse.pde.ui-20120217-1437,org.eclipse.pde.ui.tests.wizards,ConvertProjectToPluginTestCase,convertProjects,14,1,2
eclipse.pde.ui-20120217-1437,org.eclipse.pde.ui.tests.wizards,ConvertProjectToPluginTestCase,createProject,7,1,1
eclipse.pde.ui-20120217-1437,org.eclipse.pde.ui.tests.wizards,NewFeatureProjectTestCase,createDefaultFeatureData,7,1,0
eclipse.pde.ui-20120217-1437,org.eclipse.pde.ui.tests.wizards,NewFeatureProjectTestCase,suite,3,1,0
eclipse.pde.ui-20120217-1437,org.eclipse.pde.ui.tests.wizards,NewFeatureProjectTestCase,getProjectName,3,1,0
eclipse.pde.ui-20120217-1437,org.eclipse.pde.ui.tests.wizards,NewFeatureProjectTestCase,createFeature,11,4,3
eclipse.pde.ui-20120217-1437,org.eclipse.pde.ui.tests.wizards,NewFeatureProjectTestCase,verifyFeatureNature,3,1,0
eclipse.pde.ui-20120217-1437,org.eclipse.pde.ui.tests.wizards,NewFeatureProjectTestCase,testCreationFeatureProject,5,1,0
eclipse.pde.ui-20120217-1437,org.eclipse.pde.ui.tests.wizards,NewFeatureProjectTestCase,testCreationFeaturePatch,7,2,0
eclipse.pde.ui-20120217-1437,org.eclipse.pde.ui.tests.wizards,NewFeatureProjectTestCase,testSimpleFeature,5,1,0
eclipse.pde.ui-20120217-1437,org.eclipse.pde.ui.tests.wizards,NewFeatureProjectTestCase,testJavaFeature,8,1,0
eclipse.pde.ui-20120217-1437,org.eclipse.pde.ui.tests.wizards,NewProjectTestCase,verifyProjectExistence,3,1,0
eclipse.pde.ui-20120217-1437,org.eclipse.pde.ui.tests.wizards,NewProjectTestCase,getProject,4,1,0
eclipse.pde.ui-20120217-1437,org.eclipse.pde.ui.tests.wizards,NewProjectTestCase,hasNature,9,1,1
eclipse.pde.ui-20120217-1437,org.eclipse.pde.ui.tests.wizards,NewProjectTestCase,getProjectName,0,1,0
eclipse.pde.ui-20120217-1437,org.eclipse.pde.ui.tests.wizards,NewSiteProjectTestCase,suite,3,1,0
eclipse.pde.ui-20120217-1437,org.eclipse.pde.ui.tests.wizards,NewSiteProjectTestCase,setUp,14,3,0
eclipse.pde.ui-20120217-1437,org.eclipse.pde.ui.tests.wizards,NewSiteProjectTestCase,tearDown,12,2,0
eclipse.pde.ui-20120217-1437,org.eclipse.pde.ui.tests.wizards,NewSiteProjectTestCase,createSite,5,1,3
eclipse.pde.ui-20120217-1437,org.eclipse.pde.ui.tests.wizards,NewSiteProjectTestCase,ensureCreated,16,1,1
eclipse.pde.ui-20120217-1437,org.eclipse.pde.ui.tests.wizards,NewSiteProjectTestCase,testExistingSiteProject,16,1,0
eclipse.pde.ui-20120217-1437,org.eclipse.pde.ui.tests.wizards,NewSiteProjectTestCase,testSiteProject,14,1,0
eclipse.pde.ui-20120217-1437,org.eclipse.pde.ui.tests.wizards,NewSiteProjectTestCase,testSiteProjectWithWeb,18,1,0
eclipse.pde.ui-20120217-1437,org.eclipse.pde.internal.ui,PDELabelProvider,PDELabelProvider,2,1,0
eclipse.pde.ui-20120217-1437,org.eclipse.pde.internal.ui,PDELabelProvider,getText,78,26,1
eclipse.pde.ui-20120217-1437,org.eclipse.pde.internal.ui,PDELabelProvider,getObjectText,3,1,1
eclipse.pde.ui-20120217-1437,org.eclipse.pde.internal.ui,PDELabelProvider,getObjectText,13,4,1
eclipse.pde.ui-20120217-1437,org.eclipse.pde.internal.ui,PDELabelProvider,getSystemBundleInfo,4,1,0
eclipse.pde.ui-20120217-1437,org.eclipse.pde.internal.ui,PDELabelProvider,preventNull,3,1,1
eclipse.pde.ui-20120217-1437,org.eclipse.pde.internal.ui,PDELabelProvider,getObjectText,3,1,1
eclipse.pde.ui-20120217-1437,org.eclipse.pde.internal.ui,PDELabelProvider,getObjectText,3,1,1
eclipse.pde.ui-20120217-1437,org.eclipse.pde.internal.ui,PDELabelProvider,getObjectText,7,3,1
eclipse.pde.ui-20120217-1437,org.eclipse.pde.internal.ui,PDELabelProvider,getObjectText,8,2,1
eclipse.pde.ui-20120217-1437,org.eclipse.pde.internal.ui,PDELabelProvider,getObjectText,11,3,1
eclipse.pde.ui-20120217-1437,org.eclipse.pde.internal.ui,PDELabelProvider,getObjectText,11,3,1
eclipse.pde.ui-20120217-1437,org.eclipse.pde.internal.ui,PDELabelProvider,getObjectText,3,1,1
eclipse.pde.ui-20120217-1437,org.eclipse.pde.internal.ui,PDELabelProvider,getObjectText,3,1,1
eclipse.pde.ui-20120217-1437,org.eclipse.pde.internal.ui,PDELabelProvider,getObjectText,19,5,1
eclipse.pde.ui-20120217-1437,org.eclipse.pde.internal.ui,PDELabelProvider,getObjectText,4,1,1
eclipse.pde.ui-20120217-1437,org.eclipse.pde.internal.ui,PDELabelProvider,getObjectText,8,2,1
eclipse.pde.ui-20120217-1437,org.eclipse.pde.internal.ui,PDELabelProvider,getObjectText,16,5,1
eclipse.pde.ui-20120217-1437,org.eclipse.pde.internal.ui,PDELabelProvider,getObjectText,6,2,2
eclipse.pde.ui-20120217-1437,org.eclipse.pde.internal.ui,PDELabelProvider,getObjectText,3,1,1
eclipse.pde.ui-20120217-1437,org.eclipse.pde.internal.ui,PDELabelProvider,getObjectText,3,1,1
eclipse.pde.ui-20120217-1437,org.eclipse.pde.internal.ui,PDELabelProvider,getObjectText,5,2,1
eclipse.pde.ui-20120217-1437,org.eclipse.pde.internal.ui,PDELabelProvider,getObjectText,5,2,1
eclipse.pde.ui-20120217-1437,org.eclipse.pde.internal.ui,PDELabelProvider,getObjectText,3,1,1
eclipse.pde.ui-20120217-1437,org.eclipse.pde.internal.ui,PDELabelProvider,getObjectText,3,1,1
eclipse.pde.ui-20120217-1437,org.eclipse.pde.internal.ui,PDELabelProvider,getObjectText,9,2,1
eclipse.pde.ui-20120217-1437,org.eclipse.pde.internal.ui,PDELabelProvider,getObjectText,5,2,1
eclipse.pde.ui-20120217-1437,org.eclipse.pde.internal.ui,PDELabelProvider,getObjectText,3,1,1
eclipse.pde.ui-20120217-1437,org.eclipse.pde.internal.ui,PDELabelProvider,getImage,114,38,1
eclipse.pde.ui-20120217-1437,org.eclipse.pde.internal.ui,PDELabelProvider,getObjectImage,20,12,1
eclipse.pde.ui-20120217-1437,org.eclipse.pde.internal.ui,PDELabelProvider,getObjectImage,3,1,1
eclipse.pde.ui-20120217-1437,org.eclipse.pde.internal.ui,PDELabelProvider,getObjectImage,3,1,1
eclipse.pde.ui-20120217-1437,org.eclipse.pde.internal.ui,PDELabelProvider,getObjectImage,3,1,1
eclipse.pde.ui-20120217-1437,org.eclipse.pde.internal.ui,PDELabelProvider,getObjectImage,8,3,3
eclipse.pde.ui-20120217-1437,org.eclipse.pde.internal.ui,PDELabelProvider,getModelFlags,22,5,1
eclipse.pde.ui-20120217-1437,org.eclipse.pde.internal.ui,PDELabelProvider,getObjectImage,3,1,1
eclipse.pde.ui-20120217-1437,org.eclipse.pde.internal.ui,PDELabelProvider,getObjectImage,8,3,3
eclipse.pde.ui-20120217-1437,org.eclipse.pde.internal.ui,PDELabelProvider,getObjectImage,13,5,1
eclipse.pde.ui-20120217-1437,org.eclipse.pde.internal.ui,PDELabelProvider,getRequiredPluginImageDescriptor,3,1,1
eclipse.pde.ui-20120217-1437,org.eclipse.pde.internal.ui,PDELabelProvider,getObjectImage,5,2,1
eclipse.pde.ui-20120217-1437,org.eclipse.pde.internal.ui,PDELabelProvider,getObjectImage,8,2,1
eclipse.pde.ui-20120217-1437,org.eclipse.pde.internal.ui,PDELabelProvider,getObjectImage,3,1,1
eclipse.pde.ui-20120217-1437,org.eclipse.pde.internal.ui,PDELabelProvider,getObjectImage,3,1,1
eclipse.pde.ui-20120217-1437,org.eclipse.pde.internal.ui,PDELabelProvider,getObjectImage,3,1,1
eclipse.pde.ui-20120217-1437,org.eclipse.pde.internal.ui,PDELabelProvider,getObjectImage,6,2,1
eclipse.pde.ui-20120217-1437,org.eclipse.pde.internal.ui,PDELabelProvider,getObjectImage,12,6,1
eclipse.pde.ui-20120217-1437,org.eclipse.pde.internal.ui,PDELabelProvider,getObjectImage,13,5,1
eclipse.pde.ui-20120217-1437,org.eclipse.pde.internal.ui,PDELabelProvider,getObjectImage,3,1,1
eclipse.pde.ui-20120217-1437,org.eclipse.pde.internal.ui,PDELabelProvider,getObjectImage,10,5,1
eclipse.pde.ui-20120217-1437,org.eclipse.pde.internal.ui,PDELabelProvider,getObjectImage,9,4,1
eclipse.pde.ui-20120217-1437,org.eclipse.pde.internal.ui,PDELabelProvider,getObjectImage,7,2,1
eclipse.pde.ui-20120217-1437,org.eclipse.pde.internal.ui,PDELabelProvider,getObjectImage,6,2,1
eclipse.pde.ui-20120217-1437,org.eclipse.pde.internal.ui,PDELabelProvider,getObjectImage,17,4,1
eclipse.pde.ui-20120217-1437,org.eclipse.pde.internal.ui,PDELabelProvider,getObjectImage,9,3,1
eclipse.pde.ui-20120217-1437,org.eclipse.pde.internal.ui,PDELabelProvider,getObjectImage,7,2,1
eclipse.pde.ui-20120217-1437,org.eclipse.pde.internal.ui,PDELabelProvider,getObjectImage,3,1,1
eclipse.pde.ui-20120217-1437,org.eclipse.pde.internal.ui,PDELabelProvider,getObjectImage,3,1,1
eclipse.pde.ui-20120217-1437,org.eclipse.pde.internal.ui,PDELabelProvider,getObjectImage,4,1,1
eclipse.pde.ui-20120217-1437,org.eclipse.pde.internal.ui,PDELabelProvider,getObjectImage,9,3,1
eclipse.pde.ui-20120217-1437,org.eclipse.pde.internal.ui,PDELabelProvider,getObjectImage,3,1,1
eclipse.pde.ui-20120217-1437,org.eclipse.pde.internal.ui,PDELabelProvider,getObjectImage,11,3,1
eclipse.pde.ui-20120217-1437,org.eclipse.pde.internal.ui,PDELabelProvider,isFullNameModeEnabled,3,1,0
eclipse.pde.ui-20120217-1437,org.eclipse.pde.internal.ui,PDELabelProvider,isRTL,5,1,0
eclipse.pde.ui-20120217-1437,org.eclipse.pde.internal.ui,PDELabelProvider,formatVersion,22,5,1
eclipse.pde.ui-20120217-1437,org.eclipse.pde.internal.ui,PDEPerspective,PDEPerspective,3,1,0
eclipse.pde.ui-20120217-1437,org.eclipse.pde.internal.ui,PDEPerspective,createInitialLayout,4,1,1
eclipse.pde.ui-20120217-1437,org.eclipse.pde.internal.ui,PDEPerspective,addViews,14,1,0
eclipse.pde.ui-20120217-1437,org.eclipse.pde.internal.ui,PDEPlugin,PDEPlugin,3,1,0
eclipse.pde.ui-20120217-1437,org.eclipse.pde.internal.ui,PDEPlugin,getPreferenceManager,6,2,0
eclipse.pde.ui-20120217-1437,org.eclipse.pde.internal.ui,PDEPlugin,getInstallURL,3,1,0
eclipse.pde.ui-20120217-1437,org.eclipse.pde.internal.ui,PDEPlugin,getActivePage,3,1,0
eclipse.pde.ui-20120217-1437,org.eclipse.pde.internal.ui,PDEPlugin,getActiveWorkbenchShell,7,2,0
eclipse.pde.ui-20120217-1437,org.eclipse.pde.internal.ui,PDEPlugin,getActiveWorkbenchWindow,3,1,0
eclipse.pde.ui-20120217-1437,org.eclipse.pde.internal.ui,PDEPlugin,getDefault,3,1,0
eclipse.pde.ui-20120217-1437,org.eclipse.pde.internal.ui,PDEPlugin,getDefaultNameCounters,4,2,0
eclipse.pde.ui-20120217-1437,org.eclipse.pde.internal.ui,PDEPlugin,getPluginId,3,1,0
eclipse.pde.ui-20120217-1437,org.eclipse.pde.internal.ui,PDEPlugin,getWorkspace,3,1,0
eclipse.pde.ui-20120217-1437,org.eclipse.pde.internal.ui,PDEPlugin,internalGetActivePage,4,1,0
eclipse.pde.ui-20120217-1437,org.eclipse.pde.internal.ui,PDEPlugin,log,3,1,1
eclipse.pde.ui-20120217-1437,org.eclipse.pde.internal.ui,PDEPlugin,logErrorMessage,3,1,1
eclipse.pde.ui-20120217-1437,org.eclipse.pde.internal.ui,PDEPlugin,logException,21,5,3
eclipse.pde.ui-20120217-1437,org.eclipse.pde.internal.ui,PDEPlugin,run,3,1,0
eclipse.pde.ui-20120217-1437,org.eclipse.pde.internal.ui,PDEPlugin,logException,3,1,1
eclipse.pde.ui-20120217-1437,org.eclipse.pde.internal.ui,PDEPlugin,log,7,3,1
eclipse.pde.ui-20120217-1437,org.eclipse.pde.internal.ui,PDEPlugin,getFormColors,7,2,1
eclipse.pde.ui-20120217-1437,org.eclipse.pde.internal.ui,PDEPlugin,start,5,1,1
eclipse.pde.ui-20120217-1437,org.eclipse.pde.internal.ui,PDEPlugin,stop,16,4,1
eclipse.pde.ui-20120217-1437,org.eclipse.pde.internal.ui,PDEPlugin,getLabelProvider,4,2,0
eclipse.pde.ui-20120217-1437,org.eclipse.pde.internal.ui,PDEPlugin,isFullNameModeEnabled,4,1,0
eclipse.pde.ui-20120217-1437,org.eclipse.pde.internal.ui,PDEPlugin,getTextFileDocumentProvider,4,2,0
eclipse.pde.ui-20120217-1437,org.eclipse.pde.internal.ui,PDEPlugin,getDialogSettingsSection,8,2,1
eclipse.pde.ui-20120217-1437,org.eclipse.pde.internal.ui,PDEPluginImages,create,3,1,2
eclipse.pde.ui-20120217-1437,org.eclipse.pde.internal.ui,PDEPluginImages,get,4,2,1
eclipse.pde.ui-20120217-1437,org.eclipse.pde.internal.ui,PDEPluginImages,initialize,16,1,0
eclipse.pde.ui-20120217-1437,org.eclipse.pde.internal.ui,PDEPluginImages,makeImageURL,4,1,2
eclipse.pde.ui-20120217-1437,org.eclipse.pde.internal.ui,PDEPluginImages,manage,5,1,2
eclipse.pde.ui-20120217-1437,org.eclipse.pde.internal.ui,SWTFactory,getButtonWidthHint,6,1,1
eclipse.pde.ui-20120217-1437,org.eclipse.pde.internal.ui,SWTFactory,getButtonWidthHint,4,1,2
eclipse.pde.ui-20120217-1437,org.eclipse.pde.internal.ui,SWTFactory,setButtonDimensionHint,8,2,1
eclipse.pde.ui-20120217-1437,org.eclipse.pde.internal.ui,SWTFactory,createCheckButton,16,3,5
eclipse.pde.ui-20120217-1437,org.eclipse.pde.internal.ui,SWTFactory,createPushButton,14,3,3
eclipse.pde.ui-20120217-1437,org.eclipse.pde.internal.ui,SWTFactory,createPushButton,14,3,4
eclipse.pde.ui-20120217-1437,org.eclipse.pde.internal.ui,SWTFactory,createRadioButton,3,1,2
eclipse.pde.ui-20120217-1437,org.eclipse.pde.internal.ui,SWTFactory,createRadioButton,12,2,3
eclipse.pde.ui-20120217-1437,org.eclipse.pde.internal.ui,SWTFactory,createLabel,10,1,3
eclipse.pde.ui-20120217-1437,org.eclipse.pde.internal.ui,SWTFactory,createLabel,9,1,4
eclipse.pde.ui-20120217-1437,org.eclipse.pde.internal.ui,SWTFactory,createWrapLabel,10,1,4
eclipse.pde.ui-20120217-1437,org.eclipse.pde.internal.ui,SWTFactory,createWrapLabel,9,1,3
eclipse.pde.ui-20120217-1437,org.eclipse.pde.internal.ui,SWTFactory,createScrolledComposite,15,1,5
eclipse.pde.ui-20120217-1437,org.eclipse.pde.internal.ui,SWTFactory,createExpandibleComposite,10,1,4
eclipse.pde.ui-20120217-1437,org.eclipse.pde.internal.ui,SWTFactory,createSingleText,8,1,2
eclipse.pde.ui-20120217-1437,org.eclipse.pde.internal.ui,SWTFactory,createText,8,1,4
eclipse.pde.ui-20120217-1437,org.eclipse.pde.internal.ui,SWTFactory,createText,8,1,3
eclipse.pde.ui-20120217-1437,org.eclipse.pde.internal.ui,SWTFactory,createText,10,1,6
eclipse.pde.ui-20120217-1437,org.eclipse.pde.internal.ui,SWTFactory,createGroup,10,1,5
eclipse.pde.ui-20120217-1437,org.eclipse.pde.internal.ui,SWTFactory,createComposite,10,1,4
eclipse.pde.ui-20120217-1437,org.eclipse.pde.internal.ui,SWTFactory,createComposite,10,1,5
eclipse.pde.ui-20120217-1437,org.eclipse.pde.internal.ui,SWTFactory,createComposite,10,1,5
eclipse.pde.ui-20120217-1437,org.eclipse.pde.internal.ui,SWTFactory,createVerticalSpacer,10,2,2
eclipse.pde.ui-20120217-1437,org.eclipse.pde.internal.ui,SWTFactory,createHorizontalSpacer,6,1,2
eclipse.pde.ui-20120217-1437,org.eclipse.pde.internal.ui,SWTFactory,createComposite,12,1,6
eclipse.pde.ui-20120217-1437,org.eclipse.pde.internal.ui,SWTFactory,createCombo,13,2,5
eclipse.pde.ui-20120217-1437,org.eclipse.pde.internal.ui,SWTFactory,createCombo,13,2,4
eclipse.pde.ui-20120217-1437,org.eclipse.pde.internal.ui,SWTFactory,showPreferencePage,3,1,3
eclipse.pde.ui-20120217-1437,org.eclipse.pde.internal.ui,ShowErrorInStackTraceConsoleAction,init,2,1,1
eclipse.pde.ui-20120217-1437,org.eclipse.pde.internal.ui,ShowErrorInStackTraceConsoleAction,run,8,3,1
eclipse.pde.ui-20120217-1437,org.eclipse.pde.internal.ui,ShowErrorInStackTraceConsoleAction,selectionChanged,14,4,2
eclipse.pde.ui-20120217-1437,org.eclipse.pde.internal.ui,Utilities,createWorkingDirectory,17,5,0
eclipse.pde.ui-20120217-1437,org.eclipse.pde.internal.ui,Utilities,shutdown,6,2,0
eclipse.pde.ui-20120217-1437,org.eclipse.pde.internal.ui,Utilities,cleanupTemp,7,3,1
eclipse.pde.ui-20120217-1437,org.eclipse.pde.internal.ui,Utilities,verifyPath,13,5,2
eclipse.pde.ui-20120217-1437,org.eclipse.pde.internal.ui.build,BaseBuildAction,execute,41,4,1
eclipse.pde.ui-20120217-1437,org.eclipse.pde.internal.ui.build,BaseBuildAction,run,19,1,1
eclipse.pde.ui-20120217-1437,org.eclipse.pde.internal.ui.build,BaseBuildAction,run,8,1,1
eclipse.pde.ui-20120217-1437,org.eclipse.pde.internal.ui.build,BaseBuildAction,doBuild,18,3,1
eclipse.pde.ui-20120217-1437,org.eclipse.pde.internal.ui.build,BaseBuildAction,makeScripts,0,1,1
eclipse.pde.ui-20120217-1437,org.eclipse.pde.internal.ui.build,BaseBuildAction,ensureValid,12,3,2
eclipse.pde.ui-20120217-1437,org.eclipse.pde.internal.ui.build,BaseBuildAction,hasErrors,10,4,1
eclipse.pde.ui-20120217-1437,org.eclipse.pde.internal.ui.build,BaseBuildAction,refreshLocal,7,2,1
eclipse.pde.ui-20120217-1437,org.eclipse.pde.internal.ui.build,BaseBuildAction,setDefaultValues,51,6,1
eclipse.pde.ui-20120217-1437,org.eclipse.pde.internal.ui.build,BuildSiteAction,setActivePart,2,1,2
eclipse.pde.ui-20120217-1437,org.eclipse.pde.internal.ui.build,BuildSiteAction,run,18,3,1
eclipse.pde.ui-20120217-1437,org.eclipse.pde.internal.ui.build,BuildSiteAction,getFeatureModels,9,3,1
eclipse.pde.ui-20120217-1437,org.eclipse.pde.internal.ui.build,BuildSiteAction,selectionChanged,17,4,2
eclipse.pde.ui-20120217-1437,org.eclipse.pde.internal.ui.build,BuildSiteAction,ensureContentSaved,22,3,0
eclipse.pde.ui-20120217-1437,org.eclipse.pde.internal.ui.build,BuildSiteAction,run,3,1,1
eclipse.pde.ui-20120217-1437,org.eclipse.pde.internal.ui.build,FeatureExportJob,FeatureExportJob,3,1,1
eclipse.pde.ui-20120217-1437,org.eclipse.pde.internal.ui.build,GenerateFeatureBuildFileAction,makeScripts,26,4,1
eclipse.pde.ui-20120217-1437,org.eclipse.pde.internal.ui.build,GenerateFeatureBuildFileAction,refreshLocal,21,7,2
eclipse.pde.ui-20120217-1437,org.eclipse.pde.internal.ui.build,GenerateFeatureBuildFileAction,refreshLocal,4,1,1
eclipse.pde.ui-20120217-1437,org.eclipse.pde.internal.ui.build,GeneratePluginBuildFileAction,makeScripts,31,3,1
eclipse.pde.ui-20120217-1437,org.eclipse.pde.internal.ui.build,PluginExportJob,PluginExportJob,3,1,1
eclipse.pde.ui-20120217-1437,org.eclipse.pde.internal.ui.build,RuntimeInstallJob,RuntimeInstallJob,6,1,2
eclipse.pde.ui-20120217-1437,org.eclipse.pde.internal.ui.build,RuntimeInstallJob,modifyInfoForInstall,6,1,1
eclipse.pde.ui-20120217-1437,org.eclipse.pde.internal.ui.build,RuntimeInstallJob,run,74,13,1
eclipse.pde.ui-20120217-1437,org.eclipse.pde.internal.ui.build,RuntimeInstallJob,createInstallableUnitPatch,24,2,4
eclipse.pde.ui-20120217-1437,org.eclipse.pde.internal.ui.commands,CommandComposerDialog,CommandComposerDialog,8,1,4
eclipse.pde.ui-20120217-1437,org.eclipse.pde.internal.ui.commands,CommandComposerDialog,createFormContent,12,1,1
eclipse.pde.ui-20120217-1437,org.eclipse.pde.internal.ui.commands,CommandComposerDialog,selectionChanged,3,1,1
eclipse.pde.ui-20120217-1437,org.eclipse.pde.internal.ui.commands,CommandComposerDialog,createButtonsForButtonBar,11,2,1
eclipse.pde.ui-20120217-1437,org.eclipse.pde.internal.ui.commands,CommandComposerDialog,updateOkButtonEnablement,16,4,1
eclipse.pde.ui-20120217-1437,org.eclipse.pde.internal.ui.commands,CommandComposerDialog,updateOkButtonEnablement,5,2,1
eclipse.pde.ui-20120217-1437,org.eclipse.pde.internal.ui.commands,CommandComposerDialog,configureShell,5,1,1
eclipse.pde.ui-20120217-1437,org.eclipse.pde.internal.ui.commands,CommandComposerDialog,okPressed,4,1,0
eclipse.pde.ui-20120217-1437,org.eclipse.pde.internal.ui.commands,CommandComposerDialog,close,4,1,0
eclipse.pde.ui-20120217-1437,org.eclipse.pde.internal.ui.commands,CommandComposerDialog,getCommand,3,1,0
eclipse.pde.ui-20120217-1437,org.eclipse.pde.internal.ui.commands,CommandComposerPart,initCommandService,6,2,0
eclipse.pde.ui-20120217-1437,org.eclipse.pde.internal.ui.commands,CommandComposerPart,setFilterType,3,1,1
eclipse.pde.ui-20120217-1437,org.eclipse.pde.internal.ui.commands,CommandComposerPart,getFilterType,3,1,0
eclipse.pde.ui-20120217-1437,org.eclipse.pde.internal.ui.commands,CommandComposerPart,setSnapshotContext,3,1,1
eclipse.pde.ui-20120217-1437,org.eclipse.pde.internal.ui.commands,CommandComposerPart,getSnapshotContext,3,1,0
eclipse.pde.ui-20120217-1437,org.eclipse.pde.internal.ui.commands,CommandComposerPart,createCC,21,3,3
eclipse.pde.ui-20120217-1437,org.eclipse.pde.internal.ui.commands,CommandComposerPart,setMessage,3,1,2
eclipse.pde.ui-20120217-1437,org.eclipse.pde.internal.ui.commands,CommandComposerPart,getToolkit,3,1,0
eclipse.pde.ui-20120217-1437,org.eclipse.pde.internal.ui.commands,CommandComposerPart,getCommandService,3,1,0
eclipse.pde.ui-20120217-1437,org.eclipse.pde.internal.ui.commands,CommandComposerPart,getTagManager,3,1,0
eclipse.pde.ui-20120217-1437,org.eclipse.pde.internal.ui.commands,CommandComposerPart,setFocus,3,1,0
eclipse.pde.ui-20120217-1437,org.eclipse.pde.internal.ui.commands,CommandComposerPart,dispose,7,2,0
eclipse.pde.ui-20120217-1437,org.eclipse.pde.internal.ui.commands,CommandComposerPart,getSelectedCommandName,3,1,0
eclipse.pde.ui-20120217-1437,org.eclipse.pde.internal.ui.commands,CommandComposerPart,getSelectedSerializedString,3,1,0
eclipse.pde.ui-20120217-1437,org.eclipse.pde.internal.ui.commands,CommandComposerPart,getSelectedCommandsParameters,3,1,0
eclipse.pde.ui-20120217-1437,org.eclipse.pde.internal.ui.commands,CommandComposerPart,createComposite,3,1,1
eclipse.pde.ui-20120217-1437,org.eclipse.pde.internal.ui.commands,CommandComposerPart,createComposite,8,1,5
eclipse.pde.ui-20120217-1437,org.eclipse.pde.internal.ui.commands,CommandComposerPart,selectionChanged,8,4,1
eclipse.pde.ui-20120217-1437,org.eclipse.pde.internal.ui.commands,CommandComposerPart,getParameterizedCommand,3,1,0
eclipse.pde.ui-20120217-1437,org.eclipse.pde.internal.ui.commands,CommandComposerPart,setPresetCommand,3,1,1
eclipse.pde.ui-20120217-1437,org.eclipse.pde.internal.ui.commands,CommandComposerPart,getPresetCommand,3,1,0
eclipse.pde.ui-20120217-1437,org.eclipse.pde.internal.ui.commands,CommandComposerPart,getCommandList,3,1,0
eclipse.pde.ui-20120217-1437,org.eclipse.pde.internal.ui.commands,CommandCopyFilter,CommandCopyFilter,3,1,0
eclipse.pde.ui-20120217-1437,org.eclipse.pde.internal.ui.commands,CommandCopyFilter,filter,4,2,3
eclipse.pde.ui-20120217-1437,org.eclipse.pde.internal.ui.commands,CommandCopyFilter,escape,0,1,1
eclipse.pde.ui-20120217-1437,org.eclipse.pde.internal.ui.commands,CommandCopyFilter,markup,0,1,2
eclipse.pde.ui-20120217-1437,org.eclipse.pde.internal.ui.commands,CommandCopyFilter,getLabelText,0,1,0
eclipse.pde.ui-20120217-1437,org.eclipse.pde.internal.ui.commands,CommandCopyFilter,getToolTipText,0,1,0
eclipse.pde.ui-20120217-1437,org.eclipse.pde.internal.ui.commands,CommandCopyFilter,getFilters,3,1,0
eclipse.pde.ui-20120217-1437,org.eclipse.pde.internal.ui.commands,CommandCopyFilter,getFilter,3,1,1
eclipse.pde.ui-20120217-1437,org.eclipse.pde.internal.ui.commands,CommandCopyFilter,indexOf,9,3,1
eclipse.pde.ui-20120217-1437,org.eclipse.pde.internal.ui.commands,CommandCopyFilter,getLabelText,3,1,0
eclipse.pde.ui-20120217-1437,org.eclipse.pde.internal.ui.commands,CommandCopyFilter,getToolTipText,3,1,0
eclipse.pde.ui-20120217-1437,org.eclipse.pde.internal.ui.commands,CommandCopyFilter,escape,3,1,1
eclipse.pde.ui-20120217-1437,org.eclipse.pde.internal.ui.commands,CommandCopyFilter,markup,3,1,2
eclipse.pde.ui-20120217-1437,org.eclipse.pde.internal.ui.commands,CommandCopyFilter,getLabelText,3,1,0
eclipse.pde.ui-20120217-1437,org.eclipse.pde.internal.ui.commands,CommandCopyFilter,getToolTipText,3,1,0
eclipse.pde.ui-20120217-1437,org.eclipse.pde.internal.ui.commands,CommandCopyFilter,escape,3,1,1
eclipse.pde.ui-20120217-1437,org.eclipse.pde.internal.ui.commands,CommandCopyFilter,markup,9,2,2
eclipse.pde.ui-20120217-1437,org.eclipse.pde.internal.ui.commands,CommandCopyFilter,getLabelText,3,1,0
eclipse.pde.ui-20120217-1437,org.eclipse.pde.internal.ui.commands,CommandCopyFilter,getToolTipText,3,1,0
eclipse.pde.ui-20120217-1437,org.eclipse.pde.internal.ui.commands,CommandCopyFilter,escape,3,1,1
eclipse.pde.ui-20120217-1437,org.eclipse.pde.internal.ui.commands,CommandCopyFilter,markup,7,1,2
eclipse.pde.ui-20120217-1437,org.eclipse.pde.internal.ui.commands,CommandCopyFilter,getLabelText,3,1,0
eclipse.pde.ui-20120217-1437,org.eclipse.pde.internal.ui.commands,CommandCopyFilter,getToolTipText,3,1,0
eclipse.pde.ui-20120217-1437,org.eclipse.pde.internal.ui.commands,CommandCopyFilter,escape,3,1,1
eclipse.pde.ui-20120217-1437,org.eclipse.pde.internal.ui.commands,CommandCopyFilter,markup,16,2,2
eclipse.pde.ui-20120217-1437,org.eclipse.pde.internal.ui.commands,CommandDetails,CommandDetails,5,1,2
eclipse.pde.ui-20120217-1437,org.eclipse.pde.internal.ui.commands,CommandDetails,createCommandDetails,12,2,1
eclipse.pde.ui-20120217-1437,org.eclipse.pde.internal.ui.commands,CommandDetails,createBasicInfo,7,1,1
eclipse.pde.ui-20120217-1437,org.eclipse.pde.internal.ui.commands,CommandDetails,createParameters,7,1,1
eclipse.pde.ui-20120217-1437,org.eclipse.pde.internal.ui.commands,CommandDetails,createLinks,31,1,1
eclipse.pde.ui-20120217-1437,org.eclipse.pde.internal.ui.commands,CommandDetails,widgetDisposed,3,1,1
eclipse.pde.ui-20120217-1437,org.eclipse.pde.internal.ui.commands,CommandDetails,widgetDisposed,3,1,1
eclipse.pde.ui-20120217-1437,org.eclipse.pde.internal.ui.commands,CommandDetails,createPreviewLabelComp,28,2,1
eclipse.pde.ui-20120217-1437,org.eclipse.pde.internal.ui.commands,CommandDetails,widgetSelected,3,1,1
eclipse.pde.ui-20120217-1437,org.eclipse.pde.internal.ui.commands,CommandDetails,widgetSelected,3,1,1
eclipse.pde.ui-20120217-1437,org.eclipse.pde.internal.ui.commands,CommandDetails,buildParameterizedCommand,11,2,0
eclipse.pde.ui-20120217-1437,org.eclipse.pde.internal.ui.commands,CommandDetails,linkActivated,23,4,1
eclipse.pde.ui-20120217-1437,org.eclipse.pde.internal.ui.commands,CommandDetails,getFilteredCommand,22,2,0
eclipse.pde.ui-20120217-1437,org.eclipse.pde.internal.ui.commands,CommandDetails,linkActivated,8,1,1
eclipse.pde.ui-20120217-1437,org.eclipse.pde.internal.ui.commands,CommandDetails,ValuesParameterControl,20,5,4
eclipse.pde.ui-20120217-1437,org.eclipse.pde.internal.ui.commands,CommandDetails,widgetSelected,4,1,1
eclipse.pde.ui-20120217-1437,org.eclipse.pde.internal.ui.commands,CommandDetails,modifyText,7,2,1
eclipse.pde.ui-20120217-1437,org.eclipse.pde.internal.ui.commands,CommandDetails,dispose,4,3,0
eclipse.pde.ui-20120217-1437,org.eclipse.pde.internal.ui.commands,CommandDetails,ObjectParameterControl,11,4,4
eclipse.pde.ui-20120217-1437,org.eclipse.pde.internal.ui.commands,CommandDetails,modifyText,7,2,1
eclipse.pde.ui-20120217-1437,org.eclipse.pde.internal.ui.commands,CommandDetails,setParameterText,8,2,1
eclipse.pde.ui-20120217-1437,org.eclipse.pde.internal.ui.commands,CommandDetails,dispose,3,2,0
eclipse.pde.ui-20120217-1437,org.eclipse.pde.internal.ui.commands,CommandDetails,validate,14,3,0
eclipse.pde.ui-20120217-1437,org.eclipse.pde.internal.ui.commands,CommandDetails,TextParameterControl,9,3,2
eclipse.pde.ui-20120217-1437,org.eclipse.pde.internal.ui.commands,CommandDetails,modifyText,6,2,1
eclipse.pde.ui-20120217-1437,org.eclipse.pde.internal.ui.commands,CommandDetails,dispose,3,2,0
eclipse.pde.ui-20120217-1437,org.eclipse.pde.internal.ui.commands,CommandDetails,dispose,5,4,0
eclipse.pde.ui-20120217-1437,org.eclipse.pde.internal.ui.commands,CommandDetails,populateParams,49,7,2
eclipse.pde.ui-20120217-1437,org.eclipse.pde.internal.ui.commands,CommandDetails,getParameterValues,8,1,1
eclipse.pde.ui-20120217-1437,org.eclipse.pde.internal.ui.commands,CommandDetails,showDetailsFor,21,3,1
eclipse.pde.ui-20120217-1437,org.eclipse.pde.internal.ui.commands,CommandDetails,resetAllFields,12,2,0
eclipse.pde.ui-20120217-1437,org.eclipse.pde.internal.ui.commands,CommandDetails,createNoParamComp,4,1,0
eclipse.pde.ui-20120217-1437,org.eclipse.pde.internal.ui.commands,CommandDetails,createBlankParamComp,4,2,0
eclipse.pde.ui-20120217-1437,org.eclipse.pde.internal.ui.commands,CommandDetails,updatePreviewText,3,2,0
eclipse.pde.ui-20120217-1437,org.eclipse.pde.internal.ui.commands,CommandDetails,getCommand,3,1,0
eclipse.pde.ui-20120217-1437,org.eclipse.pde.internal.ui.commands,CommandDetails,getCommandName,9,2,0
eclipse.pde.ui-20120217-1437,org.eclipse.pde.internal.ui.commands,CommandDetails,getSerializedString,4,2,0
eclipse.pde.ui-20120217-1437,org.eclipse.pde.internal.ui.commands,CommandDetails,getParameters,4,2,0
eclipse.pde.ui-20120217-1437,org.eclipse.pde.internal.ui.commands,CommandDetails,getGlobalHandlerService,3,1,0
eclipse.pde.ui-20120217-1437,org.eclipse.pde.internal.ui.commands,ExecCommand,linkActivated,23,4,1
eclipse.pde.ui-20120217-1437,org.eclipse.pde.internal.ui.commands,CopyToClipboard,linkActivated,8,1,1
eclipse.pde.ui-20120217-1437,org.eclipse.pde.internal.ui.commands,ValuesParameterControl,ValuesParameterControl,20,5,4
eclipse.pde.ui-20120217-1437,org.eclipse.pde.internal.ui.commands,ValuesParameterControl,widgetSelected,4,1,1
eclipse.pde.ui-20120217-1437,org.eclipse.pde.internal.ui.commands,ValuesParameterControl,modifyText,7,2,1
eclipse.pde.ui-20120217-1437,org.eclipse.pde.internal.ui.commands,ValuesParameterControl,dispose,4,3,0
eclipse.pde.ui-20120217-1437,org.eclipse.pde.internal.ui.commands,ObjectParameterControl,ObjectParameterControl,11,4,4
eclipse.pde.ui-20120217-1437,org.eclipse.pde.internal.ui.commands,ObjectParameterControl,modifyText,7,2,1
eclipse.pde.ui-20120217-1437,org.eclipse.pde.internal.ui.commands,ObjectParameterControl,setParameterText,8,2,1
eclipse.pde.ui-20120217-1437,org.eclipse.pde.internal.ui.commands,ObjectParameterControl,dispose,3,2,0
eclipse.pde.ui-20120217-1437,org.eclipse.pde.internal.ui.commands,ObjectParameterControl,validate,14,3,0
eclipse.pde.ui-20120217-1437,org.eclipse.pde.internal.ui.commands,TextParameterControl,TextParameterControl,9,3,2
eclipse.pde.ui-20120217-1437,org.eclipse.pde.internal.ui.commands,TextParameterControl,modifyText,6,2,1
eclipse.pde.ui-20120217-1437,org.eclipse.pde.internal.ui.commands,TextParameterControl,dispose,3,2,0
eclipse.pde.ui-20120217-1437,org.eclipse.pde.internal.ui.commands,CommandList,getText,5,3,1
eclipse.pde.ui-20120217-1437,org.eclipse.pde.internal.ui.commands,CommandList,getImage,15,7,1
eclipse.pde.ui-20120217-1437,org.eclipse.pde.internal.ui.commands,CommandList,dispose,5,3,0
eclipse.pde.ui-20120217-1437,org.eclipse.pde.internal.ui.commands,CommandList,compare,3,1,3
eclipse.pde.ui-20120217-1437,org.eclipse.pde.internal.ui.commands,CommandList,select,23,5,3
eclipse.pde.ui-20120217-1437,org.eclipse.pde.internal.ui.commands,CommandList,getText,21,3,1
eclipse.pde.ui-20120217-1437,org.eclipse.pde.internal.ui.commands,CommandList,CollapseAction,5,1,0
eclipse.pde.ui-20120217-1437,org.eclipse.pde.internal.ui.commands,CommandList,CommandList,6,1,2
eclipse.pde.ui-20120217-1437,org.eclipse.pde.internal.ui.commands,CommandList,createTree,42,1,1
eclipse.pde.ui-20120217-1437,org.eclipse.pde.internal.ui.commands,CommandList,run,3,1,0
eclipse.pde.ui-20120217-1437,org.eclipse.pde.internal.ui.commands,CommandList,widgetDisposed,3,1,1
eclipse.pde.ui-20120217-1437,org.eclipse.pde.internal.ui.commands,CommandList,addTreeSelectionListener,3,2,1
eclipse.pde.ui-20120217-1437,org.eclipse.pde.internal.ui.commands,CommandList,createFilterText,35,2,1
eclipse.pde.ui-20120217-1437,org.eclipse.pde.internal.ui.commands,CommandList,keyPressed,3,2,1
eclipse.pde.ui-20120217-1437,org.eclipse.pde.internal.ui.commands,CommandList,widgetDisposed,3,1,1
eclipse.pde.ui-20120217-1437,org.eclipse.pde.internal.ui.commands,CommandList,linkActivated,3,1,1
eclipse.pde.ui-20120217-1437,org.eclipse.pde.internal.ui.commands,CommandList,modifyText,4,1,1
eclipse.pde.ui-20120217-1437,org.eclipse.pde.internal.ui.commands,CommandList,setFocus,3,1,0
eclipse.pde.ui-20120217-1437,org.eclipse.pde.internal.ui.commands,CommandList,setSelection,3,2,1
eclipse.pde.ui-20120217-1437,org.eclipse.pde.internal.ui.commands,CommandList,getSelection,3,1,0
eclipse.pde.ui-20120217-1437,org.eclipse.pde.internal.ui.commands,CommandTreeLabelProvider,getText,5,3,1
eclipse.pde.ui-20120217-1437,org.eclipse.pde.internal.ui.commands,CommandTreeLabelProvider,getImage,15,7,1
eclipse.pde.ui-20120217-1437,org.eclipse.pde.internal.ui.commands,CommandTreeLabelProvider,dispose,5,3,0
eclipse.pde.ui-20120217-1437,org.eclipse.pde.internal.ui.commands,CommandTreeComparator,compare,3,1,3
eclipse.pde.ui-20120217-1437,org.eclipse.pde.internal.ui.commands,WildcardFilter,select,23,5,3
eclipse.pde.ui-20120217-1437,org.eclipse.pde.internal.ui.commands,CollapseAction,CollapseAction,5,1,0
eclipse.pde.ui-20120217-1437,org.eclipse.pde.internal.ui.commands,CommandTreeContentProvider,CommandTreeContentProvider,4,1,1
eclipse.pde.ui-20120217-1437,org.eclipse.pde.internal.ui.commands,CommandTreeContentProvider,init,25,5,0
eclipse.pde.ui-20120217-1437,org.eclipse.pde.internal.ui.commands,CommandTreeContentProvider,compare,6,2,2
eclipse.pde.ui-20120217-1437,org.eclipse.pde.internal.ui.commands,CommandTreeContentProvider,getParent,8,2,1
eclipse.pde.ui-20120217-1437,org.eclipse.pde.internal.ui.commands,CommandTreeContentProvider,dispose,4,1,0
eclipse.pde.ui-20120217-1437,org.eclipse.pde.internal.ui.commands,CommandTreeContentProvider,getChildren,7,3,1
eclipse.pde.ui-20120217-1437,org.eclipse.pde.internal.ui.commands,CommandTreeContentProvider,hasChildren,7,3,1
eclipse.pde.ui-20120217-1437,org.eclipse.pde.internal.ui.commands,CommandTreeContentProvider,getElements,9,3,1
eclipse.pde.ui-20120217-1437,org.eclipse.pde.internal.ui.commands,CommandTreeContentProvider,inputChanged,3,1,3
eclipse.pde.ui-20120217-1437,org.eclipse.pde.internal.ui.commands,CommandTreeContentProvider,refreshWithCategoryContent,4,2,0
eclipse.pde.ui-20120217-1437,org.eclipse.pde.internal.ui.commands,CommandTreeContentProvider,refreshWithContextContent,4,2,0
eclipse.pde.ui-20120217-1437,org.eclipse.pde.internal.ui.commands,CommandView,createPartControl,3,1,1
eclipse.pde.ui-20120217-1437,org.eclipse.pde.internal.ui.commands,CommandView,getToolkit,3,1,0
eclipse.pde.ui-20120217-1437,org.eclipse.pde.internal.ui.commands,CommandView,getForm,3,1,0
eclipse.pde.ui-20120217-1437,org.eclipse.pde.internal.ui.commands,CommandView,getTagManager,3,1,0
eclipse.pde.ui-20120217-1437,org.eclipse.pde.internal.ui.commands,CommandView,setFocus,3,1,0
eclipse.pde.ui-20120217-1437,org.eclipse.pde.internal.ui.commands,CommandView,dispose,4,1,0
eclipse.pde.ui-20120217-1437,org.eclipse.pde.internal.ui.commands,CommandView,selectionChanged,3,1,1
eclipse.pde.ui-20120217-1437,org.eclipse.pde.internal.ui.commands,QueryByObjectSelection,QueryByObjectSelection,3,1,2
eclipse.pde.ui-20120217-1437,org.eclipse.pde.internal.ui.commands,QueryByObjectSelection,createGroupContents,25,4,1
eclipse.pde.ui-20120217-1437,org.eclipse.pde.internal.ui.commands,QueryByObjectSelection,widgetDisposed,5,2,1
eclipse.pde.ui-20120217-1437,org.eclipse.pde.internal.ui.commands,QueryByObjectSelection,getName,3,1,0
eclipse.pde.ui-20120217-1437,org.eclipse.pde.internal.ui.commands,QueryByObjectSelection,SelectionTracker,4,1,1
eclipse.pde.ui-20120217-1437,org.eclipse.pde.internal.ui.commands,QueryByObjectSelection,selectionChanged,15,4,2
eclipse.pde.ui-20120217-1437,org.eclipse.pde.internal.ui.commands,QueryByObjectSelection,dispose,3,1,0
eclipse.pde.ui-20120217-1437,org.eclipse.pde.internal.ui.commands,QueryByObjectSelection,hasTypedParameterMatch,13,5,2
eclipse.pde.ui-20120217-1437,org.eclipse.pde.internal.ui.commands,QueryByObjectSelection,getCommands,15,4,0
eclipse.pde.ui-20120217-1437,org.eclipse.pde.internal.ui.commands,QueryByObjectSelection,enable,5,1,1
eclipse.pde.ui-20120217-1437,org.eclipse.pde.internal.ui.commands,SelectionTracker,SelectionTracker,4,1,1
eclipse.pde.ui-20120217-1437,org.eclipse.pde.internal.ui.commands,SelectionTracker,selectionChanged,15,4,2
eclipse.pde.ui-20120217-1437,org.eclipse.pde.internal.ui.commands,SelectionTracker,dispose,3,1,0
eclipse.pde.ui-20120217-1437,org.eclipse.pde.internal.ui.commands,QueryByTag,QueryByTag,3,1,2
eclipse.pde.ui-20120217-1437,org.eclipse.pde.internal.ui.commands,QueryByTag,createGroupContents,16,2,1
eclipse.pde.ui-20120217-1437,org.eclipse.pde.internal.ui.commands,QueryByTag,widgetDisposed,5,2,1
eclipse.pde.ui-20120217-1437,org.eclipse.pde.internal.ui.commands,QueryByTag,getName,3,1,0
eclipse.pde.ui-20120217-1437,org.eclipse.pde.internal.ui.commands,QueryByTag,refreshTags,7,2,0
eclipse.pde.ui-20120217-1437,org.eclipse.pde.internal.ui.commands,QueryByTag,tagManagerChanged,3,1,0
eclipse.pde.ui-20120217-1437,org.eclipse.pde.internal.ui.commands,QueryByTag,getCommands,4,1,0
eclipse.pde.ui-20120217-1437,org.eclipse.pde.internal.ui.commands,QueryByTag,enable,4,1,1
eclipse.pde.ui-20120217-1437,org.eclipse.pde.internal.ui.commands,TagManagerListener,tagManagerChanged,3,1,0
eclipse.pde.ui-20120217-1437,org.eclipse.pde.internal.ui.commands,QueryControl,QueryControl,5,1,2
eclipse.pde.ui-20120217-1437,org.eclipse.pde.internal.ui.commands,QueryControl,getCommandService,3,1,0
eclipse.pde.ui-20120217-1437,org.eclipse.pde.internal.ui.commands,QueryControl,createGroup,17,1,1
eclipse.pde.ui-20120217-1437,org.eclipse.pde.internal.ui.commands,QueryControl,widgetSelected,3,1,1
eclipse.pde.ui-20120217-1437,org.eclipse.pde.internal.ui.commands,QueryControl,select,4,1,1
eclipse.pde.ui-20120217-1437,org.eclipse.pde.internal.ui.commands,QueryControl,createGroupContents,0,1,1
eclipse.pde.ui-20120217-1437,org.eclipse.pde.internal.ui.commands,QueryControl,getName,0,1,0
eclipse.pde.ui-20120217-1437,org.eclipse.pde.internal.ui.commands,QueryControl,enable,0,1,1
eclipse.pde.ui-20120217-1437,org.eclipse.pde.internal.ui.commands,QueryControl,getCommands,0,1,0
eclipse.pde.ui-20120217-1437,org.eclipse.pde.internal.ui.commands,TagManager,update,9,2,2
eclipse.pde.ui-20120217-1437,org.eclipse.pde.internal.ui.commands,TagManager,hasTag,8,3,2
eclipse.pde.ui-20120217-1437,org.eclipse.pde.internal.ui.commands,TagManager,getTags,12,3,0
eclipse.pde.ui-20120217-1437,org.eclipse.pde.internal.ui.commands,TagManager,getTags,5,2,1
eclipse.pde.ui-20120217-1437,org.eclipse.pde.internal.ui.commands,TagManager,getCommands,11,3,1
eclipse.pde.ui-20120217-1437,org.eclipse.pde.internal.ui.commands,TagManager,tagManagerChanged,0,1,0
eclipse.pde.ui-20120217-1437,org.eclipse.pde.internal.ui.commands,TagManager,addListener,3,1,1
eclipse.pde.ui-20120217-1437,org.eclipse.pde.internal.ui.commands,TagManager,removeListener,3,1,1
eclipse.pde.ui-20120217-1437,org.eclipse.pde.internal.ui.commands,TagManager,fireTagManagerChanged,7,2,0
eclipse.pde.ui-20120217-1437,org.eclipse.pde.internal.ui.commands,Listener,tagManagerChanged,0,1,0
eclipse.pde.ui-20120217-1437,org.eclipse.pde.internal.ui.compare,ManifestContentMergeViewer,ManifestContentMergeViewer,3,1,2
eclipse.pde.ui-20120217-1437,org.eclipse.pde.internal.ui.compare,ManifestContentMergeViewer,configureTextViewer,8,4,1
eclipse.pde.ui-20120217-1437,org.eclipse.pde.internal.ui.compare,ManifestContentMergeViewer,getDocumentPartitioner,3,1,0
eclipse.pde.ui-20120217-1437,org.eclipse.pde.internal.ui.compare,ManifestContentMergeViewer,getDocumentPartitioning,3,1,0
eclipse.pde.ui-20120217-1437,org.eclipse.pde.internal.ui.compare,ManifestContentMergeViewer,getTitle,3,1,0
eclipse.pde.ui-20120217-1437,org.eclipse.pde.internal.ui.compare,ManifestContentMergeViewer,handleDispose,4,2,1
eclipse.pde.ui-20120217-1437,org.eclipse.pde.internal.ui.compare,ManifestContentMergeViewerCreator,createViewer,3,1,2
eclipse.pde.ui-20120217-1437,org.eclipse.pde.internal.ui.compare,ManifestStructureCreator,ManifestNode,6,2,6
eclipse.pde.ui-20120217-1437,org.eclipse.pde.internal.ui.compare,ManifestStructureCreator,getName,3,1,0
eclipse.pde.ui-20120217-1437,org.eclipse.pde.internal.ui.compare,ManifestStructureCreator,getType,3,1,0
eclipse.pde.ui-20120217-1437,org.eclipse.pde.internal.ui.compare,ManifestStructureCreator,getImage,3,1,0
eclipse.pde.ui-20120217-1437,org.eclipse.pde.internal.ui.compare,ManifestStructureCreator,getName,3,1,0
eclipse.pde.ui-20120217-1437,org.eclipse.pde.internal.ui.compare,ManifestStructureCreator,locate,3,1,2
eclipse.pde.ui-20120217-1437,org.eclipse.pde.internal.ui.compare,ManifestStructureCreator,getContents,11,2,2
eclipse.pde.ui-20120217-1437,org.eclipse.pde.internal.ui.compare,ManifestStructureCreator,parseManifest,33,6,3
eclipse.pde.ui-20120217-1437,org.eclipse.pde.internal.ui.compare,ManifestStructureCreator,worked,4,2,1
eclipse.pde.ui-20120217-1437,org.eclipse.pde.internal.ui.compare,ManifestStructureCreator,beginWork,4,2,1
eclipse.pde.ui-20120217-1437,org.eclipse.pde.internal.ui.compare,ManifestStructureCreator,saveNode,3,2,4
eclipse.pde.ui-20120217-1437,org.eclipse.pde.internal.ui.compare,ManifestStructureCreator,extractKey,5,2,1
eclipse.pde.ui-20120217-1437,org.eclipse.pde.internal.ui.compare,ManifestStructureCreator,readLine,18,2,2
eclipse.pde.ui-20120217-1437,org.eclipse.pde.internal.ui.compare,ManifestStructureCreator,readString,24,4,2
eclipse.pde.ui-20120217-1437,org.eclipse.pde.internal.ui.compare,ManifestStructureCreator,readString,16,4,1
eclipse.pde.ui-20120217-1437,org.eclipse.pde.internal.ui.compare,ManifestStructureCreator,getDocumentPartitioner,3,1,0
eclipse.pde.ui-20120217-1437,org.eclipse.pde.internal.ui.compare,ManifestStructureCreator,getDocumentPartitioning,3,1,0
eclipse.pde.ui-20120217-1437,org.eclipse.pde.internal.ui.compare,ManifestStructureCreator,createStructureComparator,19,3,4
eclipse.pde.ui-20120217-1437,org.eclipse.pde.internal.ui.compare,ManifestStructureCreator,isEditable,3,1,0
eclipse.pde.ui-20120217-1437,org.eclipse.pde.internal.ui.compare,ManifestNode,ManifestNode,6,2,6
eclipse.pde.ui-20120217-1437,org.eclipse.pde.internal.ui.compare,ManifestNode,getName,3,1,0
eclipse.pde.ui-20120217-1437,org.eclipse.pde.internal.ui.compare,ManifestNode,getType,3,1,0
eclipse.pde.ui-20120217-1437,org.eclipse.pde.internal.ui.compare,ManifestNode,getImage,3,1,0
eclipse.pde.ui-20120217-1437,org.eclipse.pde.internal.ui.compare,ManifestStructureMergeViewerCreator,createViewer,5,1,2
eclipse.pde.ui-20120217-1437,org.eclipse.pde.internal.ui.compare,PluginContentMergeViewer,PluginContentMergeViewer,3,1,2
eclipse.pde.ui-20120217-1437,org.eclipse.pde.internal.ui.compare,PluginContentMergeViewer,configureTextViewer,27,6,1
eclipse.pde.ui-20120217-1437,org.eclipse.pde.internal.ui.compare,PluginContentMergeViewer,widgetDisposed,3,1,1
eclipse.pde.ui-20120217-1437,org.eclipse.pde.internal.ui.compare,PluginContentMergeViewer,propertyChange,6,2,1
eclipse.pde.ui-20120217-1437,org.eclipse.pde.internal.ui.compare,PluginContentMergeViewer,getDocumentPartitioner,3,1,0
eclipse.pde.ui-20120217-1437,org.eclipse.pde.internal.ui.compare,PluginContentMergeViewer,getDocumentPartitioning,3,1,0
eclipse.pde.ui-20120217-1437,org.eclipse.pde.internal.ui.compare,PluginContentMergeViewer,getTitle,3,1,0
eclipse.pde.ui-20120217-1437,org.eclipse.pde.internal.ui.compare,PluginContentMergeViewer,handleDispose,9,4,1
eclipse.pde.ui-20120217-1437,org.eclipse.pde.internal.ui.compare,PluginContentMergeViewerCreator,createViewer,3,1,2
eclipse.pde.ui-20120217-1437,org.eclipse.pde.internal.ui.compare,PluginStructureCreator,PluginNode,7,2,7
eclipse.pde.ui-20120217-1437,org.eclipse.pde.internal.ui.compare,PluginStructureCreator,getName,3,1,0
eclipse.pde.ui-20120217-1437,org.eclipse.pde.internal.ui.compare,PluginStructureCreator,getType,3,1,0
eclipse.pde.ui-20120217-1437,org.eclipse.pde.internal.ui.compare,PluginStructureCreator,getImage,3,1,0
eclipse.pde.ui-20120217-1437,org.eclipse.pde.internal.ui.compare,PluginStructureCreator,PluginStructureCreator,2,1,0
eclipse.pde.ui-20120217-1437,org.eclipse.pde.internal.ui.compare,PluginStructureCreator,createStructureComparator,26,3,4
eclipse.pde.ui-20120217-1437,org.eclipse.pde.internal.ui.compare,PluginStructureCreator,isEditable,3,1,0
eclipse.pde.ui-20120217-1437,org.eclipse.pde.internal.ui.compare,PluginStructureCreator,dispose,5,1,0
eclipse.pde.ui-20120217-1437,org.eclipse.pde.internal.ui.compare,PluginStructureCreator,getContents,11,2,2
eclipse.pde.ui-20120217-1437,org.eclipse.pde.internal.ui.compare,PluginStructureCreator,getName,3,1,0
eclipse.pde.ui-20120217-1437,org.eclipse.pde.internal.ui.compare,PluginStructureCreator,parsePlugin,14,2,6
eclipse.pde.ui-20120217-1437,org.eclipse.pde.internal.ui.compare,PluginStructureCreator,isFragment,4,2,1
eclipse.pde.ui-20120217-1437,org.eclipse.pde.internal.ui.compare,PluginStructureCreator,createModel,12,2,3
eclipse.pde.ui-20120217-1437,org.eclipse.pde.internal.ui.compare,PluginStructureCreator,getCharset,4,2,1
eclipse.pde.ui-20120217-1437,org.eclipse.pde.internal.ui.compare,PluginStructureCreator,createChildren,6,1,4
eclipse.pde.ui-20120217-1437,org.eclipse.pde.internal.ui.compare,PluginStructureCreator,createLibraries,8,2,4
eclipse.pde.ui-20120217-1437,org.eclipse.pde.internal.ui.compare,PluginStructureCreator,createImports,8,2,5
eclipse.pde.ui-20120217-1437,org.eclipse.pde.internal.ui.compare,PluginStructureCreator,createExtensionPoints,8,2,4
eclipse.pde.ui-20120217-1437,org.eclipse.pde.internal.ui.compare,PluginStructureCreator,createExtensions,8,2,4
eclipse.pde.ui-20120217-1437,org.eclipse.pde.internal.ui.compare,PluginStructureCreator,createNode,11,3,5
eclipse.pde.ui-20120217-1437,org.eclipse.pde.internal.ui.compare,PluginStructureCreator,getImageDescriptor,15,5,1
eclipse.pde.ui-20120217-1437,org.eclipse.pde.internal.ui.compare,PluginNode,PluginNode,7,2,7
eclipse.pde.ui-20120217-1437,org.eclipse.pde.internal.ui.compare,PluginNode,getName,3,1,0
eclipse.pde.ui-20120217-1437,org.eclipse.pde.internal.ui.compare,PluginNode,getType,3,1,0
eclipse.pde.ui-20120217-1437,org.eclipse.pde.internal.ui.compare,PluginNode,getImage,3,1,0
eclipse.pde.ui-20120217-1437,org.eclipse.pde.internal.ui.compare,PluginStructureViewerCreator,PluginStructureViewerCreator,2,1,0
eclipse.pde.ui-20120217-1437,org.eclipse.pde.internal.ui.compare,PluginStructureViewerCreator,createViewer,31,6,2
eclipse.pde.ui-20120217-1437,org.eclipse.pde.internal.ui.compare,PluginStructureViewerCreator,compare,18,6,3
eclipse.pde.ui-20120217-1437,org.eclipse.pde.internal.ui.compare,PluginStructureViewerCreator,getRelativeOffset,5,1,1
eclipse.pde.ui-20120217-1437,org.eclipse.pde.internal.ui.correction,AbstractManifestMarkerResolution,AbstractManifestMarkerResolution,3,1,1
eclipse.pde.ui-20120217-1437,org.eclipse.pde.internal.ui.correction,AbstractManifestMarkerResolution,createChange,0,1,1
eclipse.pde.ui-20120217-1437,org.eclipse.pde.internal.ui.correction,AbstractManifestMarkerResolution,createChange,4,3,1
eclipse.pde.ui-20120217-1437,org.eclipse.pde.internal.ui.correction,AbstractPDEMarkerResolution,AbstractPDEMarkerResolution,3,1,1
eclipse.pde.ui-20120217-1437,org.eclipse.pde.internal.ui.correction,AbstractPDEMarkerResolution,getImage,3,1,0
eclipse.pde.ui-20120217-1437,org.eclipse.pde.internal.ui.correction,AbstractPDEMarkerResolution,getType,3,1,0
eclipse.pde.ui-20120217-1437,org.eclipse.pde.internal.ui.correction,AbstractPDEMarkerResolution,getDescription,3,1,0
eclipse.pde.ui-20120217-1437,org.eclipse.pde.internal.ui.correction,AbstractPDEMarkerResolution,run,10,1,1
eclipse.pde.ui-20120217-1437,org.eclipse.pde.internal.ui.correction,AbstractPDEMarkerResolution,modifyModel,3,1,2
eclipse.pde.ui-20120217-1437,org.eclipse.pde.internal.ui.correction,AbstractPDEMarkerResolution,createChange,0,1,1
eclipse.pde.ui-20120217-1437,org.eclipse.pde.internal.ui.correction,AbstractXMLMarkerResolution,AbstractXMLMarkerResolution,8,1,2
eclipse.pde.ui-20120217-1437,org.eclipse.pde.internal.ui.correction,AbstractXMLMarkerResolution,createChange,0,1,1
eclipse.pde.ui-20120217-1437,org.eclipse.pde.internal.ui.correction,AbstractXMLMarkerResolution,createChange,3,2,1
eclipse.pde.ui-20120217-1437,org.eclipse.pde.internal.ui.correction,AbstractXMLMarkerResolution,findNode,31,10,1
eclipse.pde.ui-20120217-1437,org.eclipse.pde.internal.ui.correction,AbstractXMLMarkerResolution,getNameOfNode,10,4,0
eclipse.pde.ui-20120217-1437,org.eclipse.pde.internal.ui.correction,AbstractXMLMarkerResolution,isAttrNode,3,1,0
eclipse.pde.ui-20120217-1437,org.eclipse.pde.internal.ui.correction,AddActivationHeaderResolution,AddActivationHeaderResolution,4,1,2
eclipse.pde.ui-20120217-1437,org.eclipse.pde.internal.ui.correction,AddActivationHeaderResolution,createChange,23,5,1
eclipse.pde.ui-20120217-1437,org.eclipse.pde.internal.ui.correction,AddActivationHeaderResolution,getLabel,4,1,0
eclipse.pde.ui-20120217-1437,org.eclipse.pde.internal.ui.correction,AddBuildEntryResolution,AddBuildEntryResolution,3,1,2
eclipse.pde.ui-20120217-1437,org.eclipse.pde.internal.ui.correction,AddBuildEntryResolution,AddBuildEntryResolution,5,1,4
eclipse.pde.ui-20120217-1437,org.eclipse.pde.internal.ui.correction,AddBuildEntryResolution,getLabel,3,1,0
eclipse.pde.ui-20120217-1437,org.eclipse.pde.internal.ui.correction,AddBuildEntryResolution,createChange,13,4,1
eclipse.pde.ui-20120217-1437,org.eclipse.pde.internal.ui.correction,AddBundleClassPathMarkerResolution,AddBundleClassPathMarkerResolution,4,1,2
eclipse.pde.ui-20120217-1437,org.eclipse.pde.internal.ui.correction,AddBundleClassPathMarkerResolution,getLabel,3,1,0
eclipse.pde.ui-20120217-1437,org.eclipse.pde.internal.ui.correction,AddBundleClassPathMarkerResolution,createChange,8,3,1
eclipse.pde.ui-20120217-1437,org.eclipse.pde.internal.ui.correction,AddBundleManifestVersionResolution,AddBundleManifestVersionResolution,3,1,0
eclipse.pde.ui-20120217-1437,org.eclipse.pde.internal.ui.correction,AddBundleManifestVersionResolution,getLabel,3,1,0
eclipse.pde.ui-20120217-1437,org.eclipse.pde.internal.ui.correction,AddBundleManifestVersionResolution,getDescription,3,1,0
eclipse.pde.ui-20120217-1437,org.eclipse.pde.internal.ui.correction,AddBundleManifestVersionResolution,createChange,3,1,1
eclipse.pde.ui-20120217-1437,org.eclipse.pde.internal.ui.correction,AddDefaultExecutionEnvironmentResolution,AddDefaultExecutionEnvironmentResolution,4,1,2
eclipse.pde.ui-20120217-1437,org.eclipse.pde.internal.ui.correction,AddDefaultExecutionEnvironmentResolution,createChange,11,3,1
eclipse.pde.ui-20120217-1437,org.eclipse.pde.internal.ui.correction,AddDefaultExecutionEnvironmentResolution,getLabel,3,1,0
eclipse.pde.ui-20120217-1437,org.eclipse.pde.internal.ui.correction,AddExportPackageMarkerResolution,AddExportPackageMarkerResolution,4,1,2
eclipse.pde.ui-20120217-1437,org.eclipse.pde.internal.ui.correction,AddExportPackageMarkerResolution,getLabel,3,1,0
eclipse.pde.ui-20120217-1437,org.eclipse.pde.internal.ui.correction,AddExportPackageMarkerResolution,createChange,12,3,1
eclipse.pde.ui-20120217-1437,org.eclipse.pde.internal.ui.correction,AddExportPackageMarkerResolution,processPackages,10,4,1
eclipse.pde.ui-20120217-1437,org.eclipse.pde.internal.ui.correction,AddNewExtensionPointResolution,AddNewExtensionPointResolution,3,1,1
eclipse.pde.ui-20120217-1437,org.eclipse.pde.internal.ui.correction,AddNewExtensionPointResolution,getLabel,3,1,0
eclipse.pde.ui-20120217-1437,org.eclipse.pde.internal.ui.correction,AddNewExtensionPointResolution,createChange,20,3,1
eclipse.pde.ui-20120217-1437,org.eclipse.pde.internal.ui.correction,AddNewExtensionPointResolution,performFinish,3,1,0
eclipse.pde.ui-20120217-1437,org.eclipse.pde.internal.ui.correction,AddNewExtensionResolution,AddNewExtensionResolution,3,1,1
eclipse.pde.ui-20120217-1437,org.eclipse.pde.internal.ui.correction,AddNewExtensionResolution,getLabel,3,1,0
eclipse.pde.ui-20120217-1437,org.eclipse.pde.internal.ui.correction,AddNewExtensionResolution,createChange,20,3,1
eclipse.pde.ui-20120217-1437,org.eclipse.pde.internal.ui.correction,AddNewExtensionResolution,performFinish,3,1,0
eclipse.pde.ui-20120217-1437,org.eclipse.pde.internal.ui.correction,AddSingletonToSymbolicName,AddSingletonToSymbolicName,4,1,2
eclipse.pde.ui-20120217-1437,org.eclipse.pde.internal.ui.correction,AddSingletonToSymbolicName,getDescription,4,2,0
eclipse.pde.ui-20120217-1437,org.eclipse.pde.internal.ui.correction,AddSingletonToSymbolicName,getLabel,4,2,0
eclipse.pde.ui-20120217-1437,org.eclipse.pde.internal.ui.correction,AddSingletonToSymbolicName,createChange,12,5,1
eclipse.pde.ui-20120217-1437,org.eclipse.pde.internal.ui.correction,AddSourceBuildEntryResolution,AddSourceBuildEntryResolution,3,1,2
eclipse.pde.ui-20120217-1437,org.eclipse.pde.internal.ui.correction,AddSourceBuildEntryResolution,getLabel,3,1,0
eclipse.pde.ui-20120217-1437,org.eclipse.pde.internal.ui.correction,AddSourceBuildEntryResolution,createChange,17,4,1
eclipse.pde.ui-20120217-1437,org.eclipse.pde.internal.ui.correction,AddSourceBuildEntryResolution,getSourcePaths,18,5,2
eclipse.pde.ui-20120217-1437,org.eclipse.pde.internal.ui.correction,AppendSeperatorBuildEntryResolution,AppendSeperatorBuildEntryResolution,3,1,2
eclipse.pde.ui-20120217-1437,org.eclipse.pde.internal.ui.correction,AppendSeperatorBuildEntryResolution,createChange,8,1,1
eclipse.pde.ui-20120217-1437,org.eclipse.pde.internal.ui.correction,AppendSeperatorBuildEntryResolution,getLabel,3,1,0
eclipse.pde.ui-20120217-1437,org.eclipse.pde.internal.ui.correction,BuildEntryMarkerResolution,BuildEntryMarkerResolution,9,1,2
eclipse.pde.ui-20120217-1437,org.eclipse.pde.internal.ui.correction,BuildEntryMarkerResolution,createChange,0,1,1
eclipse.pde.ui-20120217-1437,org.eclipse.pde.internal.ui.correction,BuildEntryMarkerResolution,createChange,3,2,1
eclipse.pde.ui-20120217-1437,org.eclipse.pde.internal.ui.correction,ChooseClassXMLResolution,ChooseClassXMLResolution,3,1,2
eclipse.pde.ui-20120217-1437,org.eclipse.pde.internal.ui.correction,ChooseClassXMLResolution,createChange,8,3,1
eclipse.pde.ui-20120217-1437,org.eclipse.pde.internal.ui.correction,ChooseClassXMLResolution,getDescription,3,1,0
eclipse.pde.ui-20120217-1437,org.eclipse.pde.internal.ui.correction,ChooseClassXMLResolution,getLabel,3,1,0
eclipse.pde.ui-20120217-1437,org.eclipse.pde.internal.ui.correction,ChooseManifestClassResolution,ChooseManifestClassResolution,4,1,2
eclipse.pde.ui-20120217-1437,org.eclipse.pde.internal.ui.correction,ChooseManifestClassResolution,createChange,5,2,1
eclipse.pde.ui-20120217-1437,org.eclipse.pde.internal.ui.correction,ChooseManifestClassResolution,getLabel,3,1,0
eclipse.pde.ui-20120217-1437,org.eclipse.pde.internal.ui.correction,CreateClassXMLResolution,CreateClassXMLResolution,3,1,2
eclipse.pde.ui-20120217-1437,org.eclipse.pde.internal.ui.correction,CreateClassXMLResolution,createChange,10,3,1
eclipse.pde.ui-20120217-1437,org.eclipse.pde.internal.ui.correction,CreateClassXMLResolution,getAttribute,17,5,1
eclipse.pde.ui-20120217-1437,org.eclipse.pde.internal.ui.correction,CreateClassXMLResolution,getLabel,3,1,0
eclipse.pde.ui-20120217-1437,org.eclipse.pde.internal.ui.correction,CreateJREBundleHeaderResolution,CreateJREBundleHeaderResolution,3,1,1
eclipse.pde.ui-20120217-1437,org.eclipse.pde.internal.ui.correction,CreateJREBundleHeaderResolution,getDescription,3,1,0
eclipse.pde.ui-20120217-1437,org.eclipse.pde.internal.ui.correction,CreateJREBundleHeaderResolution,getLabel,3,1,0
eclipse.pde.ui-20120217-1437,org.eclipse.pde.internal.ui.correction,CreateJREBundleHeaderResolution,createChange,3,1,1
eclipse.pde.ui-20120217-1437,org.eclipse.pde.internal.ui.correction,CreateManifestClassResolution,CreateManifestClassResolution,4,1,2
eclipse.pde.ui-20120217-1437,org.eclipse.pde.internal.ui.correction,CreateManifestClassResolution,createChange,10,3,1
eclipse.pde.ui-20120217-1437,org.eclipse.pde.internal.ui.correction,CreateManifestClassResolution,getLabel,3,1,0
eclipse.pde.ui-20120217-1437,org.eclipse.pde.internal.ui.correction,DeletePluginBaseResolution,DeletePluginBaseResolution,3,1,1
eclipse.pde.ui-20120217-1437,org.eclipse.pde.internal.ui.correction,DeletePluginBaseResolution,getLabel,3,1,0
eclipse.pde.ui-20120217-1437,org.eclipse.pde.internal.ui.correction,DeletePluginBaseResolution,run,17,2,1
eclipse.pde.ui-20120217-1437,org.eclipse.pde.internal.ui.correction,DeletePluginBaseResolution,createChange,2,1,1
eclipse.pde.ui-20120217-1437,org.eclipse.pde.internal.ui.correction,ExternalizeResolution,ExternalizeResolution,3,1,2
eclipse.pde.ui-20120217-1437,org.eclipse.pde.internal.ui.correction,ExternalizeResolution,createChange,38,4,1
eclipse.pde.ui-20120217-1437,org.eclipse.pde.internal.ui.correction,ExternalizeResolution,getLabel,5,3,0
eclipse.pde.ui-20120217-1437,org.eclipse.pde.internal.ui.correction,ExternalizeResolution,addLocalization,6,2,2
eclipse.pde.ui-20120217-1437,org.eclipse.pde.internal.ui.correction,ExternalizeResolution,run,25,4,1
eclipse.pde.ui-20120217-1437,org.eclipse.pde.internal.ui.correction,ExternalizeResolution,modifyModel,3,1,2
eclipse.pde.ui-20120217-1437,org.eclipse.pde.internal.ui.correction,ExternalizeResolution,modifyModel,3,1,2
eclipse.pde.ui-20120217-1437,org.eclipse.pde.internal.ui.correction,ExternalizeResolution,checkPropertiesFile,16,3,1
eclipse.pde.ui-20120217-1437,org.eclipse.pde.internal.ui.correction,ExternalizeStringsResolution,ExternalizeStringsResolution,3,1,1
eclipse.pde.ui-20120217-1437,org.eclipse.pde.internal.ui.correction,ExternalizeStringsResolution,run,10,1,1
eclipse.pde.ui-20120217-1437,org.eclipse.pde.internal.ui.correction,ExternalizeStringsResolution,run,5,1,0
eclipse.pde.ui-20120217-1437,org.eclipse.pde.internal.ui.correction,ExternalizeStringsResolution,createChange,2,1,1
eclipse.pde.ui-20120217-1437,org.eclipse.pde.internal.ui.correction,ExternalizeStringsResolution,getDescription,3,1,0
eclipse.pde.ui-20120217-1437,org.eclipse.pde.internal.ui.correction,ExternalizeStringsResolution,getLabel,3,1,0
eclipse.pde.ui-20120217-1437,org.eclipse.pde.internal.ui.correction,MultiFixResolution,MultiFixResolution,6,2,2
eclipse.pde.ui-20120217-1437,org.eclipse.pde.internal.ui.correction,MultiFixResolution,findOtherMarkers,15,3,1
eclipse.pde.ui-20120217-1437,org.eclipse.pde.internal.ui.correction,MultiFixResolution,getDescription,3,1,0
eclipse.pde.ui-20120217-1437,org.eclipse.pde.internal.ui.correction,MultiFixResolution,getImage,3,1,0
eclipse.pde.ui-20120217-1437,org.eclipse.pde.internal.ui.correction,MultiFixResolution,getLabel,3,1,0
eclipse.pde.ui-20120217-1437,org.eclipse.pde.internal.ui.correction,MultiFixResolution,run,16,3,1
eclipse.pde.ui-20120217-1437,org.eclipse.pde.internal.ui.correction,MultiFixResolution,fixMarker,11,3,1
eclipse.pde.ui-20120217-1437,org.eclipse.pde.internal.ui.correction,MultiFixResolution,equals,12,3,1
eclipse.pde.ui-20120217-1437,org.eclipse.pde.internal.ui.correction,NoLineTerminationResolution,NoLineTerminationResolution,3,1,1
eclipse.pde.ui-20120217-1437,org.eclipse.pde.internal.ui.correction,NoLineTerminationResolution,createChange,24,4,1
eclipse.pde.ui-20120217-1437,org.eclipse.pde.internal.ui.correction,NoLineTerminationResolution,getDescription,6,2,0
eclipse.pde.ui-20120217-1437,org.eclipse.pde.internal.ui.correction,NoLineTerminationResolution,getLabel,6,2,0
eclipse.pde.ui-20120217-1437,org.eclipse.pde.internal.ui.correction,OptionalImportPackageResolution,OptionalImportPackageResolution,4,1,2
eclipse.pde.ui-20120217-1437,org.eclipse.pde.internal.ui.correction,OptionalImportPackageResolution,createChange,8,3,1
eclipse.pde.ui-20120217-1437,org.eclipse.pde.internal.ui.correction,OptionalImportPackageResolution,getDescription,3,1,0
eclipse.pde.ui-20120217-1437,org.eclipse.pde.internal.ui.correction,OptionalImportPackageResolution,getLabel,3,1,0
eclipse.pde.ui-20120217-1437,org.eclipse.pde.internal.ui.correction,OptionalRequireBundleResolution,OptionalRequireBundleResolution,4,1,2
eclipse.pde.ui-20120217-1437,org.eclipse.pde.internal.ui.correction,OptionalRequireBundleResolution,createChange,10,4,1
eclipse.pde.ui-20120217-1437,org.eclipse.pde.internal.ui.correction,OptionalRequireBundleResolution,getDescription,3,1,0
eclipse.pde.ui-20120217-1437,org.eclipse.pde.internal.ui.correction,OptionalRequireBundleResolution,getLabel,3,1,0
eclipse.pde.ui-20120217-1437,org.eclipse.pde.internal.ui.correction,OrganizeExportPackageResolution,OrganizeExportPackageResolution,3,1,1
eclipse.pde.ui-20120217-1437,org.eclipse.pde.internal.ui.correction,OrganizeExportPackageResolution,createChange,3,1,1
eclipse.pde.ui-20120217-1437,org.eclipse.pde.internal.ui.correction,OrganizeExportPackageResolution,getDescription,3,1,0
eclipse.pde.ui-20120217-1437,org.eclipse.pde.internal.ui.correction,OrganizeExportPackageResolution,getLabel,3,1,0
eclipse.pde.ui-20120217-1437,org.eclipse.pde.internal.ui.correction,OrganizeImportPackageResolution,OrganizeImportPackageResolution,4,1,2
eclipse.pde.ui-20120217-1437,org.eclipse.pde.internal.ui.correction,OrganizeImportPackageResolution,createChange,3,1,1
eclipse.pde.ui-20120217-1437,org.eclipse.pde.internal.ui.correction,OrganizeImportPackageResolution,getDescription,3,1,0
eclipse.pde.ui-20120217-1437,org.eclipse.pde.internal.ui.correction,OrganizeImportPackageResolution,getLabel,3,1,0
eclipse.pde.ui-20120217-1437,org.eclipse.pde.internal.ui.correction,OrganizeRequireBundleResolution,OrganizeRequireBundleResolution,4,1,2
eclipse.pde.ui-20120217-1437,org.eclipse.pde.internal.ui.correction,OrganizeRequireBundleResolution,createChange,3,1,1
eclipse.pde.ui-20120217-1437,org.eclipse.pde.internal.ui.correction,OrganizeRequireBundleResolution,getDescription,3,1,0
eclipse.pde.ui-20120217-1437,org.eclipse.pde.internal.ui.correction,OrganizeRequireBundleResolution,getLabel,3,1,0
eclipse.pde.ui-20120217-1437,org.eclipse.pde.internal.ui.correction,RemoveBuildEntryResolution,RemoveBuildEntryResolution,3,1,2
eclipse.pde.ui-20120217-1437,org.eclipse.pde.internal.ui.correction,RemoveBuildEntryResolution,getLabel,4,2,0
eclipse.pde.ui-20120217-1437,org.eclipse.pde.internal.ui.correction,RemoveBuildEntryResolution,createChange,15,4,1
eclipse.pde.ui-20120217-1437,org.eclipse.pde.internal.ui.correction,RemoveExportPackageResolution,RemoveExportPackageResolution,4,1,2
eclipse.pde.ui-20120217-1437,org.eclipse.pde.internal.ui.correction,RemoveExportPackageResolution,createChange,5,2,1
eclipse.pde.ui-20120217-1437,org.eclipse.pde.internal.ui.correction,RemoveExportPackageResolution,getLabel,3,1,0
eclipse.pde.ui-20120217-1437,org.eclipse.pde.internal.ui.correction,RemoveExportPackageResolution,getDescription,3,1,0
eclipse.pde.ui-20120217-1437,org.eclipse.pde.internal.ui.correction,RemoveImportExportServicesResolution,RemoveImportExportServicesResolution,4,1,2
eclipse.pde.ui-20120217-1437,org.eclipse.pde.internal.ui.correction,RemoveImportExportServicesResolution,createChange,5,2,1
eclipse.pde.ui-20120217-1437,org.eclipse.pde.internal.ui.correction,RemoveImportExportServicesResolution,getLabel,3,1,0
eclipse.pde.ui-20120217-1437,org.eclipse.pde.internal.ui.correction,RemoveImportExportServicesResolution,getDescription,3,1,0
eclipse.pde.ui-20120217-1437,org.eclipse.pde.internal.ui.correction,RemoveImportPackageResolution,RemoveImportPackageResolution,4,1,2
eclipse.pde.ui-20120217-1437,org.eclipse.pde.internal.ui.correction,RemoveImportPackageResolution,createChange,5,2,1
eclipse.pde.ui-20120217-1437,org.eclipse.pde.internal.ui.correction,RemoveImportPackageResolution,getDescription,3,1,0
eclipse.pde.ui-20120217-1437,org.eclipse.pde.internal.ui.correction,RemoveImportPackageResolution,getLabel,3,1,0
eclipse.pde.ui-20120217-1437,org.eclipse.pde.internal.ui.correction,RemoveInternalDirectiveEntryResolution,RemoveInternalDirectiveEntryResolution,4,1,2
eclipse.pde.ui-20120217-1437,org.eclipse.pde.internal.ui.correction,RemoveInternalDirectiveEntryResolution,createChange,7,3,1
eclipse.pde.ui-20120217-1437,org.eclipse.pde.internal.ui.correction,RemoveInternalDirectiveEntryResolution,getLabel,3,1,0
eclipse.pde.ui-20120217-1437,org.eclipse.pde.internal.ui.correction,RemoveInternalDirectiveEntryResolution,getDescription,3,1,0
eclipse.pde.ui-20120217-1437,org.eclipse.pde.internal.ui.correction,RemoveLazyLoadingDirectiveResolution,RemoveLazyLoadingDirectiveResolution,4,1,2
eclipse.pde.ui-20120217-1437,org.eclipse.pde.internal.ui.correction,RemoveLazyLoadingDirectiveResolution,createChange,3,1,1
eclipse.pde.ui-20120217-1437,org.eclipse.pde.internal.ui.correction,RemoveLazyLoadingDirectiveResolution,getLabel,3,1,0
eclipse.pde.ui-20120217-1437,org.eclipse.pde.internal.ui.correction,RemoveNodeXMLResolution,RemoveNodeXMLResolution,3,1,2
eclipse.pde.ui-20120217-1437,org.eclipse.pde.internal.ui.correction,RemoveNodeXMLResolution,createChange,16,5,1
eclipse.pde.ui-20120217-1437,org.eclipse.pde.internal.ui.correction,RemoveNodeXMLResolution,getLabel,4,2,0
eclipse.pde.ui-20120217-1437,org.eclipse.pde.internal.ui.correction,RemoveRequireBundleResolution,RemoveRequireBundleResolution,4,1,2
eclipse.pde.ui-20120217-1437,org.eclipse.pde.internal.ui.correction,RemoveRequireBundleResolution,createChange,5,2,1
eclipse.pde.ui-20120217-1437,org.eclipse.pde.internal.ui.correction,RemoveRequireBundleResolution,getDescription,3,1,0
eclipse.pde.ui-20120217-1437,org.eclipse.pde.internal.ui.correction,RemoveRequireBundleResolution,getLabel,3,1,0
eclipse.pde.ui-20120217-1437,org.eclipse.pde.internal.ui.correction,RemoveSeperatorBuildEntryResolution,RemoveSeperatorBuildEntryResolution,3,1,2
eclipse.pde.ui-20120217-1437,org.eclipse.pde.internal.ui.correction,RemoveSeperatorBuildEntryResolution,createChange,8,1,1
eclipse.pde.ui-20120217-1437,org.eclipse.pde.internal.ui.correction,RemoveSeperatorBuildEntryResolution,getLabel,3,1,0
eclipse.pde.ui-20120217-1437,org.eclipse.pde.internal.ui.correction,RemoveStaticProjectReferences,RemoveStaticProjectReferences,3,1,1
eclipse.pde.ui-20120217-1437,org.eclipse.pde.internal.ui.correction,RemoveStaticProjectReferences,getDescription,3,1,0
eclipse.pde.ui-20120217-1437,org.eclipse.pde.internal.ui.correction,RemoveStaticProjectReferences,getLabel,3,1,0
eclipse.pde.ui-20120217-1437,org.eclipse.pde.internal.ui.correction,RemoveStaticProjectReferences,run,12,3,1
eclipse.pde.ui-20120217-1437,org.eclipse.pde.internal.ui.correction,RemoveStaticProjectReferences,createChange,2,1,1
eclipse.pde.ui-20120217-1437,org.eclipse.pde.internal.ui.correction,RemoveUnknownExecEnvironments,RemoveUnknownExecEnvironments,3,1,1
eclipse.pde.ui-20120217-1437,org.eclipse.pde.internal.ui.correction,RemoveUnknownExecEnvironments,createChange,18,6,1
eclipse.pde.ui-20120217-1437,org.eclipse.pde.internal.ui.correction,RemoveUnknownExecEnvironments,getLabel,3,1,0
eclipse.pde.ui-20120217-1437,org.eclipse.pde.internal.ui.correction,RenameProvidePackageResolution,RenameProvidePackageResolution,3,1,1
eclipse.pde.ui-20120217-1437,org.eclipse.pde.internal.ui.correction,RenameProvidePackageResolution,getDescription,3,1,0
eclipse.pde.ui-20120217-1437,org.eclipse.pde.internal.ui.correction,RenameProvidePackageResolution,getLabel,3,1,0
eclipse.pde.ui-20120217-1437,org.eclipse.pde.internal.ui.correction,RenameProvidePackageResolution,createChange,3,1,1
eclipse.pde.ui-20120217-1437,org.eclipse.pde.internal.ui.correction,ReplaceBuildEntryResolution,ReplaceBuildEntryResolution,3,1,2
eclipse.pde.ui-20120217-1437,org.eclipse.pde.internal.ui.correction,ReplaceBuildEntryResolution,getLabel,3,1,0
eclipse.pde.ui-20120217-1437,org.eclipse.pde.internal.ui.correction,ReplaceBuildEntryResolution,createChange,16,4,1
eclipse.pde.ui-20120217-1437,org.eclipse.pde.internal.ui.correction,ResolutionGenerator,getResolutions,80,38,1
eclipse.pde.ui-20120217-1437,org.eclipse.pde.internal.ui.correction,ResolutionGenerator,getBuildEntryAdditionResolutions,29,5,2
eclipse.pde.ui-20120217-1437,org.eclipse.pde.internal.ui.correction,ResolutionGenerator,getRemoveInternalDirectiveResolution,8,3,1
eclipse.pde.ui-20120217-1437,org.eclipse.pde.internal.ui.correction,ResolutionGenerator,getUnresolvedExportProposals,8,3,1
eclipse.pde.ui-20120217-1437,org.eclipse.pde.internal.ui.correction,ResolutionGenerator,getUnresolvedImportPackageProposals,7,3,1
eclipse.pde.ui-20120217-1437,org.eclipse.pde.internal.ui.correction,ResolutionGenerator,getUnresolvedBundle,7,3,1
eclipse.pde.ui-20120217-1437,org.eclipse.pde.internal.ui.correction,ResolutionGenerator,hasResolutions,3,1,1
eclipse.pde.ui-20120217-1437,org.eclipse.pde.internal.ui.correction,UnsupportedSingletonDirectiveResolution,UnsupportedSingletonDirectiveResolution,3,1,1
eclipse.pde.ui-20120217-1437,org.eclipse.pde.internal.ui.correction,UnsupportedSingletonDirectiveResolution,getDescription,3,1,0
eclipse.pde.ui-20120217-1437,org.eclipse.pde.internal.ui.correction,UnsupportedSingletonDirectiveResolution,getLabel,3,1,0
eclipse.pde.ui-20120217-1437,org.eclipse.pde.internal.ui.correction,UnsupportedSingletonDirectiveResolution,createChange,10,3,1
eclipse.pde.ui-20120217-1437,org.eclipse.pde.internal.ui.correction,UpdateActivationResolution,UpdateActivationResolution,4,1,2
eclipse.pde.ui-20120217-1437,org.eclipse.pde.internal.ui.correction,UpdateActivationResolution,createChange,25,5,1
eclipse.pde.ui-20120217-1437,org.eclipse.pde.internal.ui.correction,UpdateActivationResolution,getDescription,4,2,0
eclipse.pde.ui-20120217-1437,org.eclipse.pde.internal.ui.correction,UpdateActivationResolution,getLabel,4,2,0
eclipse.pde.ui-20120217-1437,org.eclipse.pde.internal.ui.correction,UpdateClasspathResolution,UpdateClasspathResolution,3,1,1
eclipse.pde.ui-20120217-1437,org.eclipse.pde.internal.ui.correction,UpdateClasspathResolution,getLabel,3,1,0
eclipse.pde.ui-20120217-1437,org.eclipse.pde.internal.ui.correction,UpdateClasspathResolution,run,9,1,1
eclipse.pde.ui-20120217-1437,org.eclipse.pde.internal.ui.correction,UpdateClasspathResolution,createChange,2,1,1
eclipse.pde.ui-20120217-1437,org.eclipse.pde.internal.ui.correction.java,FindClassResolutionsOperation,addResolutionModification,0,1,2
eclipse.pde.ui-20120217-1437,org.eclipse.pde.internal.ui.correction.java,FindClassResolutionsOperation,isDone,3,1,0
eclipse.pde.ui-20120217-1437,org.eclipse.pde.internal.ui.correction.java,FindClassResolutionsOperation,FindClassResolutionsOperation,5,1,3
eclipse.pde.ui-20120217-1437,org.eclipse.pde.internal.ui.correction.java,FindClassResolutionsOperation,run,23,6,1
eclipse.pde.ui-20120217-1437,org.eclipse.pde.internal.ui.correction.java,FindClassResolutionsOperation,isImportedPackage,13,4,1
eclipse.pde.ui-20120217-1437,org.eclipse.pde.internal.ui.correction.java,FindClassResolutionsOperation,getValidPackages,16,5,1
eclipse.pde.ui-20120217-1437,org.eclipse.pde.internal.ui.correction.java,FindClassResolutionsOperation,getVisiblePackages,11,2,0
eclipse.pde.ui-20120217-1437,org.eclipse.pde.internal.ui.correction.java,AbstractClassResolutionCollector,addResolutionModification,0,1,2
eclipse.pde.ui-20120217-1437,org.eclipse.pde.internal.ui.correction.java,AbstractClassResolutionCollector,isDone,3,1,0
eclipse.pde.ui-20120217-1437,org.eclipse.pde.internal.ui.correction.java,JavaResolutionFactory,AbstractManifestChange,4,1,2
eclipse.pde.ui-20120217-1437,org.eclipse.pde.internal.ui.correction.java,JavaResolutionFactory,getChangeObject,3,1,0
eclipse.pde.ui-20120217-1437,org.eclipse.pde.internal.ui.correction.java,JavaResolutionFactory,getProject,3,1,0
eclipse.pde.ui-20120217-1437,org.eclipse.pde.internal.ui.correction.java,JavaResolutionFactory,getImage,0,1,0
eclipse.pde.ui-20120217-1437,org.eclipse.pde.internal.ui.correction.java,JavaResolutionFactory,getDescription,0,1,0
eclipse.pde.ui-20120217-1437,org.eclipse.pde.internal.ui.correction.java,JavaResolutionFactory,isUndo,3,1,0
eclipse.pde.ui-20120217-1437,org.eclipse.pde.internal.ui.correction.java,JavaResolutionFactory,isValid,3,1,1
eclipse.pde.ui-20120217-1437,org.eclipse.pde.internal.ui.correction.java,JavaResolutionFactory,getModifiedElement,3,1,0
eclipse.pde.ui-20120217-1437,org.eclipse.pde.internal.ui.correction.java,JavaResolutionFactory,initializeValidationData,2,1,1
eclipse.pde.ui-20120217-1437,org.eclipse.pde.internal.ui.correction.java,JavaResolutionFactory,RequireBundleManifestChange,3,1,2
eclipse.pde.ui-20120217-1437,org.eclipse.pde.internal.ui.correction.java,JavaResolutionFactory,perform,26,6,1
eclipse.pde.ui-20120217-1437,org.eclipse.pde.internal.ui.correction.java,JavaResolutionFactory,modifyModel,14,5,2
eclipse.pde.ui-20120217-1437,org.eclipse.pde.internal.ui.correction.java,JavaResolutionFactory,isUndo,3,1,0
eclipse.pde.ui-20120217-1437,org.eclipse.pde.internal.ui.correction.java,JavaResolutionFactory,getImage,3,1,0
eclipse.pde.ui-20120217-1437,org.eclipse.pde.internal.ui.correction.java,JavaResolutionFactory,getDescription,3,1,0
eclipse.pde.ui-20120217-1437,org.eclipse.pde.internal.ui.correction.java,JavaResolutionFactory,getName,6,2,0
eclipse.pde.ui-20120217-1437,org.eclipse.pde.internal.ui.correction.java,JavaResolutionFactory,getModifiedElement,7,3,0
eclipse.pde.ui-20120217-1437,org.eclipse.pde.internal.ui.correction.java,JavaResolutionFactory,ImportPackageManifestChange,3,1,2
eclipse.pde.ui-20120217-1437,org.eclipse.pde.internal.ui.correction.java,JavaResolutionFactory,perform,34,6,1
eclipse.pde.ui-20120217-1437,org.eclipse.pde.internal.ui.correction.java,JavaResolutionFactory,modifyModel,22,5,2
eclipse.pde.ui-20120217-1437,org.eclipse.pde.internal.ui.correction.java,JavaResolutionFactory,isUndo,3,1,0
eclipse.pde.ui-20120217-1437,org.eclipse.pde.internal.ui.correction.java,JavaResolutionFactory,getDescription,3,1,0
eclipse.pde.ui-20120217-1437,org.eclipse.pde.internal.ui.correction.java,JavaResolutionFactory,getImage,3,1,0
eclipse.pde.ui-20120217-1437,org.eclipse.pde.internal.ui.correction.java,JavaResolutionFactory,getName,6,2,0
eclipse.pde.ui-20120217-1437,org.eclipse.pde.internal.ui.correction.java,JavaResolutionFactory,getModifiedElement,5,2,0
eclipse.pde.ui-20120217-1437,org.eclipse.pde.internal.ui.correction.java,JavaResolutionFactory,ExportPackageChange,3,1,2
eclipse.pde.ui-20120217-1437,org.eclipse.pde.internal.ui.correction.java,JavaResolutionFactory,perform,18,3,1
eclipse.pde.ui-20120217-1437,org.eclipse.pde.internal.ui.correction.java,JavaResolutionFactory,modifyModel,11,3,2
eclipse.pde.ui-20120217-1437,org.eclipse.pde.internal.ui.correction.java,JavaResolutionFactory,getName,3,1,0
eclipse.pde.ui-20120217-1437,org.eclipse.pde.internal.ui.correction.java,JavaResolutionFactory,getImage,3,1,0
eclipse.pde.ui-20120217-1437,org.eclipse.pde.internal.ui.correction.java,JavaResolutionFactory,getModifiedElement,5,2,0
eclipse.pde.ui-20120217-1437,org.eclipse.pde.internal.ui.correction.java,JavaResolutionFactory,getDescription,3,1,0
eclipse.pde.ui-20120217-1437,org.eclipse.pde.internal.ui.correction.java,JavaResolutionFactory,createRequireBundleProposal,5,2,4
eclipse.pde.ui-20120217-1437,org.eclipse.pde.internal.ui.correction.java,JavaResolutionFactory,createImportPackageProposal,4,1,4
eclipse.pde.ui-20120217-1437,org.eclipse.pde.internal.ui.correction.java,JavaResolutionFactory,createSearchRepositoriesProposal,3,1,1
eclipse.pde.ui-20120217-1437,org.eclipse.pde.internal.ui.correction.java,JavaResolutionFactory,createExportPackageProposal,4,1,4
eclipse.pde.ui-20120217-1437,org.eclipse.pde.internal.ui.correction.java,JavaResolutionFactory,createWrapper,9,3,3
eclipse.pde.ui-20120217-1437,org.eclipse.pde.internal.ui.correction.java,JavaResolutionFactory,createClasspathFixProposal,20,1,2
eclipse.pde.ui-20120217-1437,org.eclipse.pde.internal.ui.correction.java,JavaResolutionFactory,createChange,3,1,1
eclipse.pde.ui-20120217-1437,org.eclipse.pde.internal.ui.correction.java,JavaResolutionFactory,getAdditionalProposalInfo,3,1,0
eclipse.pde.ui-20120217-1437,org.eclipse.pde.internal.ui.correction.java,JavaResolutionFactory,getDisplayString,3,1,0
eclipse.pde.ui-20120217-1437,org.eclipse.pde.internal.ui.correction.java,JavaResolutionFactory,getImage,3,1,0
eclipse.pde.ui-20120217-1437,org.eclipse.pde.internal.ui.correction.java,JavaResolutionFactory,getRelevance,3,1,0
eclipse.pde.ui-20120217-1437,org.eclipse.pde.internal.ui.correction.java,JavaResolutionFactory,createJavaCompletionProposal,30,1,2
eclipse.pde.ui-20120217-1437,org.eclipse.pde.internal.ui.correction.java,JavaResolutionFactory,getRelevance,3,1,0
eclipse.pde.ui-20120217-1437,org.eclipse.pde.internal.ui.correction.java,JavaResolutionFactory,apply,7,1,1
eclipse.pde.ui-20120217-1437,org.eclipse.pde.internal.ui.correction.java,JavaResolutionFactory,getAdditionalProposalInfo,3,1,0
eclipse.pde.ui-20120217-1437,org.eclipse.pde.internal.ui.correction.java,JavaResolutionFactory,getContextInformation,3,1,0
eclipse.pde.ui-20120217-1437,org.eclipse.pde.internal.ui.correction.java,JavaResolutionFactory,getDisplayString,3,1,0
eclipse.pde.ui-20120217-1437,org.eclipse.pde.internal.ui.correction.java,JavaResolutionFactory,getImage,3,1,0
eclipse.pde.ui-20120217-1437,org.eclipse.pde.internal.ui.correction.java,JavaResolutionFactory,getSelection,3,1,1
eclipse.pde.ui-20120217-1437,org.eclipse.pde.internal.ui.correction.java,AbstractManifestChange,AbstractManifestChange,4,1,2
eclipse.pde.ui-20120217-1437,org.eclipse.pde.internal.ui.correction.java,AbstractManifestChange,getChangeObject,3,1,0
eclipse.pde.ui-20120217-1437,org.eclipse.pde.internal.ui.correction.java,AbstractManifestChange,getProject,3,1,0
eclipse.pde.ui-20120217-1437,org.eclipse.pde.internal.ui.correction.java,AbstractManifestChange,getImage,0,1,0
eclipse.pde.ui-20120217-1437,org.eclipse.pde.internal.ui.correction.java,AbstractManifestChange,getDescription,0,1,0
eclipse.pde.ui-20120217-1437,org.eclipse.pde.internal.ui.correction.java,AbstractManifestChange,isUndo,3,1,0
eclipse.pde.ui-20120217-1437,org.eclipse.pde.internal.ui.correction.java,AbstractManifestChange,isValid,3,1,1
eclipse.pde.ui-20120217-1437,org.eclipse.pde.internal.ui.correction.java,AbstractManifestChange,getModifiedElement,3,1,0
eclipse.pde.ui-20120217-1437,org.eclipse.pde.internal.ui.correction.java,AbstractManifestChange,initializeValidationData,2,1,1
eclipse.pde.ui-20120217-1437,org.eclipse.pde.internal.ui.correction.java,RequireBundleManifestChange,RequireBundleManifestChange,3,1,2
eclipse.pde.ui-20120217-1437,org.eclipse.pde.internal.ui.correction.java,RequireBundleManifestChange,perform,26,6,1
eclipse.pde.ui-20120217-1437,org.eclipse.pde.internal.ui.correction.java,RequireBundleManifestChange,modifyModel,14,5,2
eclipse.pde.ui-20120217-1437,org.eclipse.pde.internal.ui.correction.java,RequireBundleManifestChange,isUndo,3,1,0
eclipse.pde.ui-20120217-1437,org.eclipse.pde.internal.ui.correction.java,RequireBundleManifestChange,getImage,3,1,0
eclipse.pde.ui-20120217-1437,org.eclipse.pde.internal.ui.correction.java,RequireBundleManifestChange,getDescription,3,1,0
eclipse.pde.ui-20120217-1437,org.eclipse.pde.internal.ui.correction.java,RequireBundleManifestChange,getName,6,2,0
eclipse.pde.ui-20120217-1437,org.eclipse.pde.internal.ui.correction.java,RequireBundleManifestChange,getModifiedElement,7,3,0
eclipse.pde.ui-20120217-1437,org.eclipse.pde.internal.ui.correction.java,ImportPackageManifestChange,ImportPackageManifestChange,3,1,2
eclipse.pde.ui-20120217-1437,org.eclipse.pde.internal.ui.correction.java,ImportPackageManifestChange,perform,34,6,1
eclipse.pde.ui-20120217-1437,org.eclipse.pde.internal.ui.correction.java,ImportPackageManifestChange,modifyModel,22,5,2
eclipse.pde.ui-20120217-1437,org.eclipse.pde.internal.ui.correction.java,ImportPackageManifestChange,isUndo,3,1,0
eclipse.pde.ui-20120217-1437,org.eclipse.pde.internal.ui.correction.java,ImportPackageManifestChange,getDescription,3,1,0
eclipse.pde.ui-20120217-1437,org.eclipse.pde.internal.ui.correction.java,ImportPackageManifestChange,getImage,3,1,0
eclipse.pde.ui-20120217-1437,org.eclipse.pde.internal.ui.correction.java,ImportPackageManifestChange,getName,6,2,0
eclipse.pde.ui-20120217-1437,org.eclipse.pde.internal.ui.correction.java,ImportPackageManifestChange,getModifiedElement,5,2,0
eclipse.pde.ui-20120217-1437,org.eclipse.pde.internal.ui.correction.java,ExportPackageChange,ExportPackageChange,3,1,2
eclipse.pde.ui-20120217-1437,org.eclipse.pde.internal.ui.correction.java,ExportPackageChange,perform,18,3,1
eclipse.pde.ui-20120217-1437,org.eclipse.pde.internal.ui.correction.java,ExportPackageChange,modifyModel,11,3,2
eclipse.pde.ui-20120217-1437,org.eclipse.pde.internal.ui.correction.java,ExportPackageChange,getName,3,1,0
eclipse.pde.ui-20120217-1437,org.eclipse.pde.internal.ui.correction.java,ExportPackageChange,getImage,3,1,0
eclipse.pde.ui-20120217-1437,org.eclipse.pde.internal.ui.correction.java,ExportPackageChange,getModifiedElement,5,2,0
eclipse.pde.ui-20120217-1437,org.eclipse.pde.internal.ui.correction.java,ExportPackageChange,getDescription,3,1,0
eclipse.pde.ui-20120217-1437,org.eclipse.pde.internal.ui.correction.java,QuickFixProcessor,getCorrections,13,4,2
eclipse.pde.ui-20120217-1437,org.eclipse.pde.internal.ui.correction.java,QuickFixProcessor,handleAccessRestrictionProblem,39,12,3
eclipse.pde.ui-20120217-1437,org.eclipse.pde.internal.ui.correction.java,QuickFixProcessor,handleAccessRestrictionByImportPackage,19,6,2
eclipse.pde.ui-20120217-1437,org.eclipse.pde.internal.ui.correction.java,QuickFixProcessor,handleAccessRestrictionByImportPackage,21,6,3
eclipse.pde.ui-20120217-1437,org.eclipse.pde.internal.ui.correction.java,QuickFixProcessor,handleImportNotFound,35,7,3
eclipse.pde.ui-20120217-1437,org.eclipse.pde.internal.ui.correction.java,QuickFixProcessor,createCollector,16,2,1
eclipse.pde.ui-20120217-1437,org.eclipse.pde.internal.ui.correction.java,QuickFixProcessor,addResolutionModification,7,2,2
eclipse.pde.ui-20120217-1437,org.eclipse.pde.internal.ui.correction.java,QuickFixProcessor,isDone,3,1,0
eclipse.pde.ui-20120217-1437,org.eclipse.pde.internal.ui.correction.java,QuickFixProcessor,getParent,7,2,1
eclipse.pde.ui-20120217-1437,org.eclipse.pde.internal.ui.correction.java,QuickFixProcessor,hasCorrections,12,5,2
eclipse.pde.ui-20120217-1437,org.eclipse.pde.internal.ui.correction.java,SearchRepositoriesForIUProposal,SearchRepositoriesForIUProposal,3,1,1
eclipse.pde.ui-20120217-1437,org.eclipse.pde.internal.ui.correction.java,SearchRepositoriesForIUProposal,getRelevance,3,1,0
eclipse.pde.ui-20120217-1437,org.eclipse.pde.internal.ui.correction.java,SearchRepositoriesForIUProposal,apply,23,1,1
eclipse.pde.ui-20120217-1437,org.eclipse.pde.internal.ui.correction.java,SearchRepositoriesForIUProposal,getAdditionalProposalInfo,3,1,0
eclipse.pde.ui-20120217-1437,org.eclipse.pde.internal.ui.correction.java,SearchRepositoriesForIUProposal,getContextInformation,3,1,0
eclipse.pde.ui-20120217-1437,org.eclipse.pde.internal.ui.correction.java,SearchRepositoriesForIUProposal,getDisplayString,3,1,0
eclipse.pde.ui-20120217-1437,org.eclipse.pde.internal.ui.correction.java,SearchRepositoriesForIUProposal,getImage,3,1,0
eclipse.pde.ui-20120217-1437,org.eclipse.pde.internal.ui.correction.java,SearchRepositoriesForIUProposal,getSelection,3,1,1
eclipse.pde.ui-20120217-1437,org.eclipse.pde.internal.ui.correction.java,UnresolvedImportFixProcessor,addResolutionModification,5,3,2
eclipse.pde.ui-20120217-1437,org.eclipse.pde.internal.ui.correction.java,UnresolvedImportFixProcessor,getProposals,3,1,0
eclipse.pde.ui-20120217-1437,org.eclipse.pde.internal.ui.correction.java,UnresolvedImportFixProcessor,getFixImportProposals,13,2,2
eclipse.pde.ui-20120217-1437,org.eclipse.pde.internal.ui.correction.java,ClasspathFixCollector,addResolutionModification,5,3,2
eclipse.pde.ui-20120217-1437,org.eclipse.pde.internal.ui.correction.java,ClasspathFixCollector,getProposals,3,1,0
eclipse.pde.ui-20120217-1437,org.eclipse.pde.internal.ui.dialogs,FeatureSelectionDialog,FeatureSelectionDialog,8,1,3
eclipse.pde.ui-20120217-1437,org.eclipse.pde.internal.ui.dialogs,FeatureSelectionDialog,configureShell,4,1,1
eclipse.pde.ui-20120217-1437,org.eclipse.pde.internal.ui.dialogs,FeatureSelectionDialog,close,4,1,0
eclipse.pde.ui-20120217-1437,org.eclipse.pde.internal.ui.dialogs,FolderSelectionDialog,FolderSelectionDialog,4,1,3
eclipse.pde.ui-20120217-1437,org.eclipse.pde.internal.ui.dialogs,FolderSelectionDialog,configureShell,4,1,1
eclipse.pde.ui-20120217-1437,org.eclipse.pde.internal.ui.dialogs,FolderSelectionDialog,createDialogArea,18,1,1
eclipse.pde.ui-20120217-1437,org.eclipse.pde.internal.ui.dialogs,FolderSelectionDialog,widgetSelected,3,1,1
eclipse.pde.ui-20120217-1437,org.eclipse.pde.internal.ui.dialogs,FolderSelectionDialog,updateNewFolderButtonState,11,3,0
eclipse.pde.ui-20120217-1437,org.eclipse.pde.internal.ui.dialogs,FolderSelectionDialog,newFolderButtonPressed,13,3,0
eclipse.pde.ui-20120217-1437,org.eclipse.pde.internal.ui.dialogs,FolderSelectionDialog,selectionChanged,3,1,1
eclipse.pde.ui-20120217-1437,org.eclipse.pde.internal.ui.dialogs,PluginSelectionDialog,isConsistentItem,3,1,1
eclipse.pde.ui-20120217-1437,org.eclipse.pde.internal.ui.dialogs,PluginSelectionDialog,matchItem,8,2,1
eclipse.pde.ui-20120217-1437,org.eclipse.pde.internal.ui.dialogs,PluginSelectionDialog,matches,8,2,1
eclipse.pde.ui-20120217-1437,org.eclipse.pde.internal.ui.dialogs,PluginSelectionDialog,compare,6,2,2
eclipse.pde.ui-20120217-1437,org.eclipse.pde.internal.ui.dialogs,PluginSelectionDialog,getId,6,2,1
eclipse.pde.ui-20120217-1437,org.eclipse.pde.internal.ui.dialogs,PluginSelectionDialog,compareSimilarObjects,8,2,2
eclipse.pde.ui-20120217-1437,org.eclipse.pde.internal.ui.dialogs,PluginSelectionDialog,comparePlugins,3,1,2
eclipse.pde.ui-20120217-1437,org.eclipse.pde.internal.ui.dialogs,PluginSelectionDialog,PluginSelectionDialog,3,1,3
eclipse.pde.ui-20120217-1437,org.eclipse.pde.internal.ui.dialogs,PluginSelectionDialog,PluginSelectionDialog,8,1,3
eclipse.pde.ui-20120217-1437,org.eclipse.pde.internal.ui.dialogs,PluginSelectionDialog,configureShell,4,1,1
eclipse.pde.ui-20120217-1437,org.eclipse.pde.internal.ui.dialogs,PluginSelectionDialog,close,4,1,0
eclipse.pde.ui-20120217-1437,org.eclipse.pde.internal.ui.dialogs,PluginSelectionDialog,getElements,3,1,1
eclipse.pde.ui-20120217-1437,org.eclipse.pde.internal.ui.dialogs,PluginSelectionDialog,getExistingImports,15,4,2
eclipse.pde.ui-20120217-1437,org.eclipse.pde.internal.ui.dialogs,PluginSelectionDialog,addSelfAndDirectImports,10,3,2
eclipse.pde.ui-20120217-1437,org.eclipse.pde.internal.ui.dialogs,PluginSelectionDialog,addReexportedImport,11,4,2
eclipse.pde.ui-20120217-1437,org.eclipse.pde.internal.ui.dialogs,PluginSelectionDialog,addImportedPackages,18,6,2
eclipse.pde.ui-20120217-1437,org.eclipse.pde.internal.ui.dialogs,PluginSelectionDialog,getImportPackages,13,4,1
eclipse.pde.ui-20120217-1437,org.eclipse.pde.internal.ui.dialogs,PluginSelectionDialog,createExtendedContentArea,3,1,1
eclipse.pde.ui-20120217-1437,org.eclipse.pde.internal.ui.dialogs,PluginSelectionDialog,createFilter,3,1,0
eclipse.pde.ui-20120217-1437,org.eclipse.pde.internal.ui.dialogs,PluginSelectionDialog,fillContentProvider,7,2,3
eclipse.pde.ui-20120217-1437,org.eclipse.pde.internal.ui.dialogs,PluginSelectionDialog,getDialogSettings,7,2,0
eclipse.pde.ui-20120217-1437,org.eclipse.pde.internal.ui.dialogs,PluginSelectionDialog,getElementName,7,2,1
eclipse.pde.ui-20120217-1437,org.eclipse.pde.internal.ui.dialogs,PluginSelectionDialog,getItemsComparator,3,1,0
eclipse.pde.ui-20120217-1437,org.eclipse.pde.internal.ui.dialogs,PluginSelectionDialog,validateItem,3,1,1
eclipse.pde.ui-20120217-1437,org.eclipse.pde.internal.ui.dialogs,PluginSearchItemsFilter,isConsistentItem,3,1,1
eclipse.pde.ui-20120217-1437,org.eclipse.pde.internal.ui.dialogs,PluginSearchItemsFilter,matchItem,8,2,1
eclipse.pde.ui-20120217-1437,org.eclipse.pde.internal.ui.dialogs,PluginSearchItemsFilter,matches,8,2,1
eclipse.pde.ui-20120217-1437,org.eclipse.pde.internal.ui.dialogs,PluginSearchComparator,compare,6,2,2
eclipse.pde.ui-20120217-1437,org.eclipse.pde.internal.ui.dialogs,PluginSearchComparator,getId,6,2,1
eclipse.pde.ui-20120217-1437,org.eclipse.pde.internal.ui.dialogs,PluginSearchComparator,compareSimilarObjects,8,2,2
eclipse.pde.ui-20120217-1437,org.eclipse.pde.internal.ui.dialogs,PluginSearchComparator,comparePlugins,3,1,2
eclipse.pde.ui-20120217-1437,org.eclipse.pde.internal.ui.editor,AbstractFoldingStructureProvider,AbstractFoldingStructureProvider,4,1,2
eclipse.pde.ui-20120217-1437,org.eclipse.pde.internal.ui.editor,AbstractFoldingStructureProvider,update,11,2,0
eclipse.pde.ui-20120217-1437,org.eclipse.pde.internal.ui.editor,AbstractFoldingStructureProvider,updateFoldingRegions,11,3,2
eclipse.pde.ui-20120217-1437,org.eclipse.pde.internal.ui.editor,AbstractFoldingStructureProvider,computeDifferences,16,4,2
eclipse.pde.ui-20120217-1437,org.eclipse.pde.internal.ui.editor,AbstractFoldingStructureProvider,initialize,3,1,0
eclipse.pde.ui-20120217-1437,org.eclipse.pde.internal.ui.editor,AbstractFoldingStructureProvider,modelChanged,3,1,1
eclipse.pde.ui-20120217-1437,org.eclipse.pde.internal.ui.editor,AbstractFoldingStructureProvider,reconciled,3,1,1
eclipse.pde.ui-20120217-1437,org.eclipse.pde.internal.ui.editor,EditorUtilities,ValidationMessage,3,1,1
eclipse.pde.ui-20120217-1437,org.eclipse.pde.internal.ui.editor,EditorUtilities,getImageData,25,2,3
eclipse.pde.ui-20120217-1437,org.eclipse.pde.internal.ui.editor,EditorUtilities,containsEmptyField,3,1,1
eclipse.pde.ui-20120217-1437,org.eclipse.pde.internal.ui.editor,EditorUtilities,imageEntryInternalValidate,23,9,5
eclipse.pde.ui-20120217-1437,org.eclipse.pde.internal.ui.editor,EditorUtilities,imageEntryHasValidIco,4,1,3
eclipse.pde.ui-20120217-1437,org.eclipse.pde.internal.ui.editor,EditorUtilities,imageEntrySizeDoesNotExceed,8,1,7
eclipse.pde.ui-20120217-1437,org.eclipse.pde.internal.ui.editor,EditorUtilities,imageEntryHasExactSize,6,1,5
eclipse.pde.ui-20120217-1437,org.eclipse.pde.internal.ui.editor,EditorUtilities,imageEntryHasExactDepthAndSize,7,1,6
eclipse.pde.ui-20120217-1437,org.eclipse.pde.internal.ui.editor,EditorUtilities,getMS_icoImage,23,8,1
eclipse.pde.ui-20120217-1437,org.eclipse.pde.internal.ui.editor,EditorUtilities,getMS_exactImageSize,6,2,3
eclipse.pde.ui-20120217-1437,org.eclipse.pde.internal.ui.editor,EditorUtilities,getMS_maxImageSize,7,3,5
eclipse.pde.ui-20120217-1437,org.eclipse.pde.internal.ui.editor,EditorUtilities,getMS_imageDepth,4,2,2
eclipse.pde.ui-20120217-1437,org.eclipse.pde.internal.ui.editor,EditorUtilities,getSizeString,3,1,2
eclipse.pde.ui-20120217-1437,org.eclipse.pde.internal.ui.editor,EditorUtilities,getFullPath,20,6,2
eclipse.pde.ui-20120217-1437,org.eclipse.pde.internal.ui.editor,EditorUtilities,getRootPath,10,3,2
eclipse.pde.ui-20120217-1437,org.eclipse.pde.internal.ui.editor,EditorUtilities,getImageResource,10,4,2
eclipse.pde.ui-20120217-1437,org.eclipse.pde.internal.ui.editor,EditorUtilities,openImage,9,2,2
eclipse.pde.ui-20120217-1437,org.eclipse.pde.internal.ui.editor,ValidationMessage,ValidationMessage,3,1,1
eclipse.pde.ui-20120217-1437,org.eclipse.pde.internal.ui.editor,EmptyOutlinePage,EmptyOutlinePage,2,1,0
eclipse.pde.ui-20120217-1437,org.eclipse.pde.internal.ui.editor,EmptyOutlinePage,createControl,3,1,1
eclipse.pde.ui-20120217-1437,org.eclipse.pde.internal.ui.editor,EmptyOutlinePage,dispose,2,1,0
eclipse.pde.ui-20120217-1437,org.eclipse.pde.internal.ui.editor,EmptyOutlinePage,getControl,3,1,0
eclipse.pde.ui-20120217-1437,org.eclipse.pde.internal.ui.editor,EmptyOutlinePage,setActionBars,2,1,1
eclipse.pde.ui-20120217-1437,org.eclipse.pde.internal.ui.editor,EmptyOutlinePage,setFocus,2,1,0
eclipse.pde.ui-20120217-1437,org.eclipse.pde.internal.ui.editor,EmptyOutlinePage,addSelectionChangedListener,2,1,1
eclipse.pde.ui-20120217-1437,org.eclipse.pde.internal.ui.editor,EmptyOutlinePage,getSelection,8,1,0
eclipse.pde.ui-20120217-1437,org.eclipse.pde.internal.ui.editor,EmptyOutlinePage,isEmpty,3,1,0
eclipse.pde.ui-20120217-1437,org.eclipse.pde.internal.ui.editor,EmptyOutlinePage,removeSelectionChangedListener,2,1,1
eclipse.pde.ui-20120217-1437,org.eclipse.pde.internal.ui.editor,EmptyOutlinePage,setSelection,2,1,1
eclipse.pde.ui-20120217-1437,org.eclipse.pde.internal.ui.editor,EmptyOutlinePage,sort,2,1,1
eclipse.pde.ui-20120217-1437,org.eclipse.pde.internal.ui.editor,FormEntryAdapter,FormEntryAdapter,3,1,1
eclipse.pde.ui-20120217-1437,org.eclipse.pde.internal.ui.editor,FormEntryAdapter,FormEntryAdapter,4,1,2
eclipse.pde.ui-20120217-1437,org.eclipse.pde.internal.ui.editor,FormEntryAdapter,focusGained,4,1,1
eclipse.pde.ui-20120217-1437,org.eclipse.pde.internal.ui.editor,FormEntryAdapter,textDirty,3,1,1
eclipse.pde.ui-20120217-1437,org.eclipse.pde.internal.ui.editor,FormEntryAdapter,textValueChanged,2,1,1
eclipse.pde.ui-20120217-1437,org.eclipse.pde.internal.ui.editor,FormEntryAdapter,browseButtonSelected,2,1,1
eclipse.pde.ui-20120217-1437,org.eclipse.pde.internal.ui.editor,FormEntryAdapter,linkEntered,5,2,1
eclipse.pde.ui-20120217-1437,org.eclipse.pde.internal.ui.editor,FormEntryAdapter,linkExited,5,2,1
eclipse.pde.ui-20120217-1437,org.eclipse.pde.internal.ui.editor,FormEntryAdapter,linkActivated,2,1,1
eclipse.pde.ui-20120217-1437,org.eclipse.pde.internal.ui.editor,FormEntryAdapter,selectionChanged,4,1,1
eclipse.pde.ui-20120217-1437,org.eclipse.pde.internal.ui.editor,FormLayoutFactory,FormLayoutFactory,2,1,0
eclipse.pde.ui-20120217-1437,org.eclipse.pde.internal.ui.editor,FormLayoutFactory,createFormGridLayout,14,1,2
eclipse.pde.ui-20120217-1437,org.eclipse.pde.internal.ui.editor,FormLayoutFactory,createClearGridLayout,14,1,2
eclipse.pde.ui-20120217-1437,org.eclipse.pde.internal.ui.editor,FormLayoutFactory,createFormTableWrapLayout,12,1,2
eclipse.pde.ui-20120217-1437,org.eclipse.pde.internal.ui.editor,FormLayoutFactory,createFormPaneTableWrapLayout,12,1,2
eclipse.pde.ui-20120217-1437,org.eclipse.pde.internal.ui.editor,FormLayoutFactory,createFormPaneGridLayout,14,1,2
eclipse.pde.ui-20120217-1437,org.eclipse.pde.internal.ui.editor,FormLayoutFactory,createClearTableWrapLayout,12,1,2
eclipse.pde.ui-20120217-1437,org.eclipse.pde.internal.ui.editor,FormLayoutFactory,createMasterGridLayout,21,3,2
eclipse.pde.ui-20120217-1437,org.eclipse.pde.internal.ui.editor,FormLayoutFactory,createDetailsGridLayout,21,3,2
eclipse.pde.ui-20120217-1437,org.eclipse.pde.internal.ui.editor,FormLayoutFactory,createSectionClientGridLayout,14,1,2
eclipse.pde.ui-20120217-1437,org.eclipse.pde.internal.ui.editor,FormLayoutFactory,createSectionClientTableWrapLayout,12,1,2
eclipse.pde.ui-20120217-1437,org.eclipse.pde.internal.ui.editor,FormLayoutFactory,visualizeLayoutArea,3,1,2
eclipse.pde.ui-20120217-1437,org.eclipse.pde.internal.ui.editor,FormOutlinePage,getElements,3,1,1
eclipse.pde.ui-20120217-1437,org.eclipse.pde.internal.ui.editor,FormOutlinePage,getChildren,3,1,1
eclipse.pde.ui-20120217-1437,org.eclipse.pde.internal.ui.editor,FormOutlinePage,hasChildren,3,1,1
eclipse.pde.ui-20120217-1437,org.eclipse.pde.internal.ui.editor,FormOutlinePage,getParent,3,1,1
eclipse.pde.ui-20120217-1437,org.eclipse.pde.internal.ui.editor,FormOutlinePage,BasicLabelProvider,3,1,1
eclipse.pde.ui-20120217-1437,org.eclipse.pde.internal.ui.editor,FormOutlinePage,getText,4,2,1
eclipse.pde.ui-20120217-1437,org.eclipse.pde.internal.ui.editor,FormOutlinePage,getImage,4,2,1
eclipse.pde.ui-20120217-1437,org.eclipse.pde.internal.ui.editor,FormOutlinePage,category,9,3,1
eclipse.pde.ui-20120217-1437,org.eclipse.pde.internal.ui.editor,FormOutlinePage,FormOutlinePage,3,1,1
eclipse.pde.ui-20120217-1437,org.eclipse.pde.internal.ui.editor,FormOutlinePage,createContentProvider,3,1,0
eclipse.pde.ui-20120217-1437,org.eclipse.pde.internal.ui.editor,FormOutlinePage,createOutlineSorter,3,1,0
eclipse.pde.ui-20120217-1437,org.eclipse.pde.internal.ui.editor,FormOutlinePage,createControl,15,3,1
eclipse.pde.ui-20120217-1437,org.eclipse.pde.internal.ui.editor,FormOutlinePage,createLabelProvider,3,1,0
eclipse.pde.ui-20120217-1437,org.eclipse.pde.internal.ui.editor,FormOutlinePage,dispose,5,2,0
eclipse.pde.ui-20120217-1437,org.eclipse.pde.internal.ui.editor,FormOutlinePage,getControl,3,1,0
eclipse.pde.ui-20120217-1437,org.eclipse.pde.internal.ui.editor,FormOutlinePage,getPages,8,3,0
eclipse.pde.ui-20120217-1437,org.eclipse.pde.internal.ui.editor,FormOutlinePage,modelChanged,5,2,1
eclipse.pde.ui-20120217-1437,org.eclipse.pde.internal.ui.editor,FormOutlinePage,refresh,16,4,0
eclipse.pde.ui-20120217-1437,org.eclipse.pde.internal.ui.editor,FormOutlinePage,run,7,2,0
eclipse.pde.ui-20120217-1437,org.eclipse.pde.internal.ui.editor,FormOutlinePage,getParentPageId,4,2,1
eclipse.pde.ui-20120217-1437,org.eclipse.pde.internal.ui.editor,FormOutlinePage,getChildren,3,1,1
eclipse.pde.ui-20120217-1437,org.eclipse.pde.internal.ui.editor,FormOutlinePage,selectionChanged,8,3,1
eclipse.pde.ui-20120217-1437,org.eclipse.pde.internal.ui.editor,FormOutlinePage,selectionChanged,16,3,1
eclipse.pde.ui-20120217-1437,org.eclipse.pde.internal.ui.editor,FormOutlinePage,setFocus,3,2,0
eclipse.pde.ui-20120217-1437,org.eclipse.pde.internal.ui.editor,FormOutlinePage,getSelection,4,2,0
eclipse.pde.ui-20120217-1437,org.eclipse.pde.internal.ui.editor,FormOutlinePage,sort,5,3,1
eclipse.pde.ui-20120217-1437,org.eclipse.pde.internal.ui.editor,FormOutlinePage,setSelection,26,8,1
eclipse.pde.ui-20120217-1437,org.eclipse.pde.internal.ui.editor,FormOutlinePage,getTreeViewer,3,1,0
eclipse.pde.ui-20120217-1437,org.eclipse.pde.internal.ui.editor,BasicContentProvider,getElements,3,1,1
eclipse.pde.ui-20120217-1437,org.eclipse.pde.internal.ui.editor,BasicContentProvider,getChildren,3,1,1
eclipse.pde.ui-20120217-1437,org.eclipse.pde.internal.ui.editor,BasicContentProvider,hasChildren,3,1,1
eclipse.pde.ui-20120217-1437,org.eclipse.pde.internal.ui.editor,BasicContentProvider,getParent,3,1,1
eclipse.pde.ui-20120217-1437,org.eclipse.pde.internal.ui.editor,BasicLabelProvider,BasicLabelProvider,3,1,1
eclipse.pde.ui-20120217-1437,org.eclipse.pde.internal.ui.editor,BasicLabelProvider,getText,4,2,1
eclipse.pde.ui-20120217-1437,org.eclipse.pde.internal.ui.editor,BasicLabelProvider,getImage,4,2,1
eclipse.pde.ui-20120217-1437,org.eclipse.pde.internal.ui.editor,BasicComparator,category,9,3,1
eclipse.pde.ui-20120217-1437,org.eclipse.pde.internal.ui.editor,GenericSourcePage,GenericSourcePage,3,1,3
eclipse.pde.ui-20120217-1437,org.eclipse.pde.internal.ui.editor,GenericSourcePage,createOutlineLabelProvider,3,1,0
eclipse.pde.ui-20120217-1437,org.eclipse.pde.internal.ui.editor,GenericSourcePage,createOutlineContentProvider,3,1,0
eclipse.pde.ui-20120217-1437,org.eclipse.pde.internal.ui.editor,GenericSourcePage,createOutlineComparator,3,1,0
eclipse.pde.ui-20120217-1437,org.eclipse.pde.internal.ui.editor,GenericSourcePage,updateSelection,2,1,1
eclipse.pde.ui-20120217-1437,org.eclipse.pde.internal.ui.editor,GenericSourcePage,createOutlinePage,3,1,0
eclipse.pde.ui-20120217-1437,org.eclipse.pde.internal.ui.editor,GenericSourcePage,updateSelection,2,1,1
eclipse.pde.ui-20120217-1437,org.eclipse.pde.internal.ui.editor,IContextPart,isEditable,0,1,0
eclipse.pde.ui-20120217-1437,org.eclipse.pde.internal.ui.editor,IContextPart,getPage,0,1,0
eclipse.pde.ui-20120217-1437,org.eclipse.pde.internal.ui.editor,IContextPart,getContextId,0,1,0
eclipse.pde.ui-20120217-1437,org.eclipse.pde.internal.ui.editor,IContextPart,fireSaveNeeded,0,1,0
eclipse.pde.ui-20120217-1437,org.eclipse.pde.internal.ui.editor,IContextPart,cancelEdit,0,1,0
eclipse.pde.ui-20120217-1437,org.eclipse.pde.internal.ui.editor,IFoldingStructureProvider,initialize,0,1,0
eclipse.pde.ui-20120217-1437,org.eclipse.pde.internal.ui.editor,IFoldingStructureProvider,addFoldingRegions,0,1,2
eclipse.pde.ui-20120217-1437,org.eclipse.pde.internal.ui.editor,ILauncherFormPageHelper,preLaunch,0,1,0
eclipse.pde.ui-20120217-1437,org.eclipse.pde.internal.ui.editor,ILauncherFormPageHelper,getLaunchObject,0,1,0
eclipse.pde.ui-20120217-1437,org.eclipse.pde.internal.ui.editor,ILauncherFormPageHelper,isOSGi,0,1,0
eclipse.pde.ui-20120217-1437,org.eclipse.pde.internal.ui.editor,IModelUndoManager,connect,0,1,1
eclipse.pde.ui-20120217-1437,org.eclipse.pde.internal.ui.editor,IModelUndoManager,disconnect,0,1,1
eclipse.pde.ui-20120217-1437,org.eclipse.pde.internal.ui.editor,IModelUndoManager,isUndoable,0,1,0
eclipse.pde.ui-20120217-1437,org.eclipse.pde.internal.ui.editor,IModelUndoManager,isRedoable,0,1,0
eclipse.pde.ui-20120217-1437,org.eclipse.pde.internal.ui.editor,IModelUndoManager,undo,0,1,0
eclipse.pde.ui-20120217-1437,org.eclipse.pde.internal.ui.editor,IModelUndoManager,redo,0,1,0
eclipse.pde.ui-20120217-1437,org.eclipse.pde.internal.ui.editor,IModelUndoManager,setUndoLevelLimit,0,1,1
eclipse.pde.ui-20120217-1437,org.eclipse.pde.internal.ui.editor,IModelUndoManager,setIgnoreChanges,0,1,1
eclipse.pde.ui-20120217-1437,org.eclipse.pde.internal.ui.editor,IModelUndoManager,setActions,0,1,2
eclipse.pde.ui-20120217-1437,org.eclipse.pde.internal.ui.editor,IPDEDragParticipant,canDragCopy,0,1,1
eclipse.pde.ui-20120217-1437,org.eclipse.pde.internal.ui.editor,IPDEDragParticipant,canDragMove,0,1,1
eclipse.pde.ui-20120217-1437,org.eclipse.pde.internal.ui.editor,IPDEDragParticipant,canDragLink,0,1,1
eclipse.pde.ui-20120217-1437,org.eclipse.pde.internal.ui.editor,IPDEDragParticipant,doDragRemove,0,1,1
eclipse.pde.ui-20120217-1437,org.eclipse.pde.internal.ui.editor,IPDEDragParticipant,getSupportedDNDOperations,0,1,0
eclipse.pde.ui-20120217-1437,org.eclipse.pde.internal.ui.editor,IPDEDropParticipant,doDropCopy,0,1,3
eclipse.pde.ui-20120217-1437,org.eclipse.pde.internal.ui.editor,IPDEDropParticipant,doDropMove,0,1,3
eclipse.pde.ui-20120217-1437,org.eclipse.pde.internal.ui.editor,IPDEDropParticipant,doDropLink,0,1,3
eclipse.pde.ui-20120217-1437,org.eclipse.pde.internal.ui.editor,IPDEDropParticipant,canDropCopy,0,1,3
eclipse.pde.ui-20120217-1437,org.eclipse.pde.internal.ui.editor,IPDEDropParticipant,canDropMove,0,1,3
eclipse.pde.ui-20120217-1437,org.eclipse.pde.internal.ui.editor,IPDEDropParticipant,canDropLink,0,1,3
eclipse.pde.ui-20120217-1437,org.eclipse.pde.internal.ui.editor,IPDESourceParticipant,getSourceObjects,0,1,0
eclipse.pde.ui-20120217-1437,org.eclipse.pde.internal.ui.editor,ISortableContentOutlinePage,sort,0,1,1
eclipse.pde.ui-20120217-1437,org.eclipse.pde.internal.ui.editor,JarEntryEditorInput,JarEntryEditorInput,3,1,1
eclipse.pde.ui-20120217-1437,org.eclipse.pde.internal.ui.editor,JarEntryEditorInput,equals,6,3,1
eclipse.pde.ui-20120217-1437,org.eclipse.pde.internal.ui.editor,JarEntryEditorInput,getPersistable,3,1,0
eclipse.pde.ui-20120217-1437,org.eclipse.pde.internal.ui.editor,JarEntryEditorInput,getName,3,1,0
eclipse.pde.ui-20120217-1437,org.eclipse.pde.internal.ui.editor,JarEntryEditorInput,getFullPath,3,1,0
eclipse.pde.ui-20120217-1437,org.eclipse.pde.internal.ui.editor,JarEntryEditorInput,getContentType,3,1,0
eclipse.pde.ui-20120217-1437,org.eclipse.pde.internal.ui.editor,JarEntryEditorInput,getToolTipText,5,2,0
eclipse.pde.ui-20120217-1437,org.eclipse.pde.internal.ui.editor,JarEntryEditorInput,getImageDescriptor,4,1,0
eclipse.pde.ui-20120217-1437,org.eclipse.pde.internal.ui.editor,JarEntryEditorInput,exists,3,1,0
eclipse.pde.ui-20120217-1437,org.eclipse.pde.internal.ui.editor,JarEntryEditorInput,getAdapter,4,2,1
eclipse.pde.ui-20120217-1437,org.eclipse.pde.internal.ui.editor,JarEntryEditorInput,getStorage,3,1,0
eclipse.pde.ui-20120217-1437,org.eclipse.pde.internal.ui.editor,JarEntryFile,JarEntryFile,4,1,2
eclipse.pde.ui-20120217-1437,org.eclipse.pde.internal.ui.editor,JarEntryFile,getContents,9,1,0
eclipse.pde.ui-20120217-1437,org.eclipse.pde.internal.ui.editor,JarEntryFile,getFullPath,3,1,0
eclipse.pde.ui-20120217-1437,org.eclipse.pde.internal.ui.editor,JarEntryFile,getName,3,1,0
eclipse.pde.ui-20120217-1437,org.eclipse.pde.internal.ui.editor,JarEntryFile,isReadOnly,3,1,0
eclipse.pde.ui-20120217-1437,org.eclipse.pde.internal.ui.editor,JarEntryFile,getAdapter,5,3,1
eclipse.pde.ui-20120217-1437,org.eclipse.pde.internal.ui.editor,JarEntryFile,toString,3,1,0
eclipse.pde.ui-20120217-1437,org.eclipse.pde.internal.ui.editor,JarEntryFile,equals,4,2,1
eclipse.pde.ui-20120217-1437,org.eclipse.pde.internal.ui.editor,KeyValueSourcePage,KeyValueSourcePage,3,1,3
eclipse.pde.ui-20120217-1437,org.eclipse.pde.internal.ui.editor,KeyValueSourcePage,createDefaultOutlineComparator,13,2,0
eclipse.pde.ui-20120217-1437,org.eclipse.pde.internal.ui.editor,KeyValueSourcePage,compare,8,2,3
eclipse.pde.ui-20120217-1437,org.eclipse.pde.internal.ui.editor,KeyValueSourcePage,setHighlightRange,12,4,1
eclipse.pde.ui-20120217-1437,org.eclipse.pde.internal.ui.editor,KeyValueSourcePage,createOutlineComparator,3,1,0
eclipse.pde.ui-20120217-1437,org.eclipse.pde.internal.ui.editor,KeyValueSourcePage,isQuickOutlineEnabled,3,1,0
eclipse.pde.ui-20120217-1437,org.eclipse.pde.internal.ui.editor,LaunchShortcutOverviewPage,LaunchShortcutOverviewPage,3,1,3
eclipse.pde.ui-20120217-1437,org.eclipse.pde.internal.ui.editor,LaunchShortcutOverviewPage,createStaticSection,9,1,3
eclipse.pde.ui-20120217-1437,org.eclipse.pde.internal.ui.editor,LaunchShortcutOverviewPage,createClient,11,1,3
eclipse.pde.ui-20120217-1437,org.eclipse.pde.internal.ui.editor,LaunchShortcutOverviewPage,linkActivated,4,1,1
eclipse.pde.ui-20120217-1437,org.eclipse.pde.internal.ui.editor,LaunchShortcutOverviewPage,getIndent,0,1,0
eclipse.pde.ui-20120217-1437,org.eclipse.pde.internal.ui.editor,LaunchShortcutOverviewPage,linkEntered,4,1,1
eclipse.pde.ui-20120217-1437,org.eclipse.pde.internal.ui.editor,LaunchShortcutOverviewPage,linkExited,4,1,1
eclipse.pde.ui-20120217-1437,org.eclipse.pde.internal.ui.editor,LaunchShortcutOverviewPage,getLauncherText,20,3,2
eclipse.pde.ui-20120217-1437,org.eclipse.pde.internal.ui.editor,LaunchShortcutOverviewPage,getPDELauncherEditor,3,1,0
eclipse.pde.ui-20120217-1437,org.eclipse.pde.internal.ui.editor,LinkSection,linkActivated,3,1,1
eclipse.pde.ui-20120217-1437,org.eclipse.pde.internal.ui.editor,LinkSection,linkEntered,3,1,1
eclipse.pde.ui-20120217-1437,org.eclipse.pde.internal.ui.editor,LinkSection,linkExited,3,1,1
eclipse.pde.ui-20120217-1437,org.eclipse.pde.internal.ui.editor,LinkSection,LinkSection,6,1,3
eclipse.pde.ui-20120217-1437,org.eclipse.pde.internal.ui.editor,LinkSection,createClient,14,1,2
eclipse.pde.ui-20120217-1437,org.eclipse.pde.internal.ui.editor,LinkSection,createMoreButton,15,1,0
eclipse.pde.ui-20120217-1437,org.eclipse.pde.internal.ui.editor,LinkSection,widgetSelected,8,1,1
eclipse.pde.ui-20120217-1437,org.eclipse.pde.internal.ui.editor,LinkSection,run,3,1,0
eclipse.pde.ui-20120217-1437,org.eclipse.pde.internal.ui.editor,LinkSection,add,7,2,1
eclipse.pde.ui-20120217-1437,org.eclipse.pde.internal.ui.editor,LinkSection,remove,7,2,1
eclipse.pde.ui-20120217-1437,org.eclipse.pde.internal.ui.editor,LinkSection,disposeLink,4,2,1
eclipse.pde.ui-20120217-1437,org.eclipse.pde.internal.ui.editor,LinkSection,find,8,3,1
eclipse.pde.ui-20120217-1437,org.eclipse.pde.internal.ui.editor,LinkSection,update,6,2,1
eclipse.pde.ui-20120217-1437,org.eclipse.pde.internal.ui.editor,LinkSection,update,4,2,1
eclipse.pde.ui-20120217-1437,org.eclipse.pde.internal.ui.editor,LinkSection,update,9,2,2
eclipse.pde.ui-20120217-1437,org.eclipse.pde.internal.ui.editor,LinkSection,refresh,8,2,0
eclipse.pde.ui-20120217-1437,org.eclipse.pde.internal.ui.editor,LinkSection,reflow,5,1,0
eclipse.pde.ui-20120217-1437,org.eclipse.pde.internal.ui.editor,LinkSection,createLinks,10,5,0
eclipse.pde.ui-20120217-1437,org.eclipse.pde.internal.ui.editor,LinkSection,updateMoreState,9,3,1
eclipse.pde.ui-20120217-1437,org.eclipse.pde.internal.ui.editor,LinkSection,createLink,12,2,1
eclipse.pde.ui-20120217-1437,org.eclipse.pde.internal.ui.editor,LinkSection,doEnter,4,1,1
eclipse.pde.ui-20120217-1437,org.eclipse.pde.internal.ui.editor,LinkSection,doExit,3,1,1
eclipse.pde.ui-20120217-1437,org.eclipse.pde.internal.ui.editor,LinkSection,doLinkActivated,4,1,1
eclipse.pde.ui-20120217-1437,org.eclipse.pde.internal.ui.editor,LinkSection,setMorePageId,3,1,1
eclipse.pde.ui-20120217-1437,org.eclipse.pde.internal.ui.editor,LinkSection,setLinkNumberLimit,3,1,1
eclipse.pde.ui-20120217-1437,org.eclipse.pde.internal.ui.editor,LinkSection,setContentProvider,3,1,1
eclipse.pde.ui-20120217-1437,org.eclipse.pde.internal.ui.editor,LinkSection,setLabelProvider,3,1,1
eclipse.pde.ui-20120217-1437,org.eclipse.pde.internal.ui.editor,LinkHandler,linkActivated,3,1,1
eclipse.pde.ui-20120217-1437,org.eclipse.pde.internal.ui.editor,LinkHandler,linkEntered,3,1,1
eclipse.pde.ui-20120217-1437,org.eclipse.pde.internal.ui.editor,LinkHandler,linkExited,3,1,1
eclipse.pde.ui-20120217-1437,org.eclipse.pde.internal.ui.editor,ModelDataTransfer,getInstance,3,1,0
eclipse.pde.ui-20120217-1437,org.eclipse.pde.internal.ui.editor,ModelDataTransfer,ModelDataTransfer,3,1,0
eclipse.pde.ui-20120217-1437,org.eclipse.pde.internal.ui.editor,ModelDataTransfer,getTypeIds,3,1,0
eclipse.pde.ui-20120217-1437,org.eclipse.pde.internal.ui.editor,ModelDataTransfer,getTypeNames,3,1,0
eclipse.pde.ui-20120217-1437,org.eclipse.pde.internal.ui.editor,ModelDataTransfer,javaToNative,22,3,2
eclipse.pde.ui-20120217-1437,org.eclipse.pde.internal.ui.editor,ModelDataTransfer,nativeToJava,20,3,1
eclipse.pde.ui-20120217-1437,org.eclipse.pde.internal.ui.editor,ModelUndoManager,ModelUndoManager,4,1,1
eclipse.pde.ui-20120217-1437,org.eclipse.pde.internal.ui.editor,ModelUndoManager,connect,4,2,1
eclipse.pde.ui-20120217-1437,org.eclipse.pde.internal.ui.editor,ModelUndoManager,disconnect,3,1,1
eclipse.pde.ui-20120217-1437,org.eclipse.pde.internal.ui.editor,ModelUndoManager,initialize,5,1,0
eclipse.pde.ui-20120217-1437,org.eclipse.pde.internal.ui.editor,ModelUndoManager,isUndoable,3,1,0
eclipse.pde.ui-20120217-1437,org.eclipse.pde.internal.ui.editor,ModelUndoManager,isRedoable,4,2,0
eclipse.pde.ui-20120217-1437,org.eclipse.pde.internal.ui.editor,ModelUndoManager,undo,10,2,0
eclipse.pde.ui-20120217-1437,org.eclipse.pde.internal.ui.editor,ModelUndoManager,redo,10,2,0
eclipse.pde.ui-20120217-1437,org.eclipse.pde.internal.ui.editor,ModelUndoManager,getPageId,0,1,1
eclipse.pde.ui-20120217-1437,org.eclipse.pde.internal.ui.editor,ModelUndoManager,execute,0,1,2
eclipse.pde.ui-20120217-1437,org.eclipse.pde.internal.ui.editor,ModelUndoManager,openRelatedPage,9,3,1
eclipse.pde.ui-20120217-1437,org.eclipse.pde.internal.ui.editor,ModelUndoManager,modelChanged,8,3,1
eclipse.pde.ui-20120217-1437,org.eclipse.pde.internal.ui.editor,ModelUndoManager,getCurrentOperation,4,2,0
eclipse.pde.ui-20120217-1437,org.eclipse.pde.internal.ui.editor,ModelUndoManager,getNextOperation,5,2,0
eclipse.pde.ui-20120217-1437,org.eclipse.pde.internal.ui.editor,ModelUndoManager,addOperation,12,3,1
eclipse.pde.ui-20120217-1437,org.eclipse.pde.internal.ui.editor,ModelUndoManager,setActions,5,1,2
eclipse.pde.ui-20120217-1437,org.eclipse.pde.internal.ui.editor,ModelUndoManager,updateActions,8,2,0
eclipse.pde.ui-20120217-1437,org.eclipse.pde.internal.ui.editor,ModelUndoManager,getUndoText,7,2,0
eclipse.pde.ui-20120217-1437,org.eclipse.pde.internal.ui.editor,ModelUndoManager,getRedoText,7,2,0
eclipse.pde.ui-20120217-1437,org.eclipse.pde.internal.ui.editor,ModelUndoManager,getOperationText,15,4,1
eclipse.pde.ui-20120217-1437,org.eclipse.pde.internal.ui.editor,ModelUndoManager,setUndoLevelLimit,3,1,1
eclipse.pde.ui-20120217-1437,org.eclipse.pde.internal.ui.editor,ModelUndoManager,setIgnoreChanges,3,1,1
eclipse.pde.ui-20120217-1437,org.eclipse.pde.internal.ui.editor,MultiSourceEditor,addSourcePage,14,3,1
eclipse.pde.ui-20120217-1437,org.eclipse.pde.internal.ui.editor,MultiSourceEditor,removePage,10,4,1
eclipse.pde.ui-20120217-1437,org.eclipse.pde.internal.ui.editor,MultiSourceEditor,createSourcePage,3,1,4
eclipse.pde.ui-20120217-1437,org.eclipse.pde.internal.ui.editor,OpenManifestHandler,execute,56,17,1
eclipse.pde.ui-20120217-1437,org.eclipse.pde.internal.ui.editor,OpenManifestHandler,run,16,5,0
eclipse.pde.ui-20120217-1437,org.eclipse.pde.internal.ui.editor,OrientableBlock,OrientableBlock,3,1,1
eclipse.pde.ui-20120217-1437,org.eclipse.pde.internal.ui.editor,OrientableBlock,createToolBarActions,27,1,1
eclipse.pde.ui-20120217-1437,org.eclipse.pde.internal.ui.editor,OrientableBlock,run,4,1,0
eclipse.pde.ui-20120217-1437,org.eclipse.pde.internal.ui.editor,OrientableBlock,run,4,1,0
eclipse.pde.ui-20120217-1437,org.eclipse.pde.internal.ui.editor,PDEDetails,PDEDetails,2,1,0
eclipse.pde.ui-20120217-1437,org.eclipse.pde.internal.ui.editor,PDEDetails,canPaste,3,1,1
eclipse.pde.ui-20120217-1437,org.eclipse.pde.internal.ui.editor,PDEDetails,canCopy,3,1,1
eclipse.pde.ui-20120217-1437,org.eclipse.pde.internal.ui.editor,PDEDetails,canCut,3,1,1
eclipse.pde.ui-20120217-1437,org.eclipse.pde.internal.ui.editor,PDEDetails,doGlobalAction,3,1,1
eclipse.pde.ui-20120217-1437,org.eclipse.pde.internal.ui.editor,PDEDetails,markDetailsPart,3,1,1
eclipse.pde.ui-20120217-1437,org.eclipse.pde.internal.ui.editor,PDEDetails,createSpacer,6,1,3
eclipse.pde.ui-20120217-1437,org.eclipse.pde.internal.ui.editor,PDEDetails,cancelEdit,3,1,0
eclipse.pde.ui-20120217-1437,org.eclipse.pde.internal.ui.editor,PDEDetailsSections,createSections,0,1,2
eclipse.pde.ui-20120217-1437,org.eclipse.pde.internal.ui.editor,PDEDetailsSections,createContents,7,2,1
eclipse.pde.ui-20120217-1437,org.eclipse.pde.internal.ui.editor,PDEDetailsSections,dispose,5,2,0
eclipse.pde.ui-20120217-1437,org.eclipse.pde.internal.ui.editor,PDEDetailsSections,fireSaveNeeded,4,1,0
eclipse.pde.ui-20120217-1437,org.eclipse.pde.internal.ui.editor,PDEDetailsSections,getContextId,0,1,0
eclipse.pde.ui-20120217-1437,org.eclipse.pde.internal.ui.editor,PDEDetailsSections,getPage,3,1,0
eclipse.pde.ui-20120217-1437,org.eclipse.pde.internal.ui.editor,PDEDetailsSections,isDirty,8,3,0
eclipse.pde.ui-20120217-1437,org.eclipse.pde.internal.ui.editor,PDEDetailsSections,isEditable,3,1,0
eclipse.pde.ui-20120217-1437,org.eclipse.pde.internal.ui.editor,PDEDetailsSections,isStale,8,3,0
eclipse.pde.ui-20120217-1437,org.eclipse.pde.internal.ui.editor,PDEDetailsSections,modelChanged,2,1,1
eclipse.pde.ui-20120217-1437,org.eclipse.pde.internal.ui.editor,PDEDetailsSections,selectionChanged,2,1,2
eclipse.pde.ui-20120217-1437,org.eclipse.pde.internal.ui.editor,PDEDetailsSections,setFocus,5,2,0
eclipse.pde.ui-20120217-1437,org.eclipse.pde.internal.ui.editor,PDEDragAdapter,PDEDragAdapter,4,1,1
eclipse.pde.ui-20120217-1437,org.eclipse.pde.internal.ui.editor,PDEDragAdapter,setSourceObjects,3,1,1
eclipse.pde.ui-20120217-1437,org.eclipse.pde.internal.ui.editor,PDEDragAdapter,getSourceObjects,3,1,0
eclipse.pde.ui-20120217-1437,org.eclipse.pde.internal.ui.editor,PDEDragAdapter,resetSourceObjects,4,1,0
eclipse.pde.ui-20120217-1437,org.eclipse.pde.internal.ui.editor,PDEDragAdapter,isCopyOperationSupported,6,2,0
eclipse.pde.ui-20120217-1437,org.eclipse.pde.internal.ui.editor,PDEDragAdapter,isMoveOperationSupported,6,2,0
eclipse.pde.ui-20120217-1437,org.eclipse.pde.internal.ui.editor,PDEDragAdapter,isLinkOperationSupported,6,2,0
eclipse.pde.ui-20120217-1437,org.eclipse.pde.internal.ui.editor,PDEDragAdapter,dragFinished,12,4,1
eclipse.pde.ui-20120217-1437,org.eclipse.pde.internal.ui.editor,PDEDragAdapter,validateDrag,31,7,1
eclipse.pde.ui-20120217-1437,org.eclipse.pde.internal.ui.editor,PDEDragAdapter,dragSetData,13,4,1
eclipse.pde.ui-20120217-1437,org.eclipse.pde.internal.ui.editor,PDEDragAdapter,createTextualRepresentation,29,5,0
eclipse.pde.ui-20120217-1437,org.eclipse.pde.internal.ui.editor,PDEDragAdapter,dragStart,19,5,1
eclipse.pde.ui-20120217-1437,org.eclipse.pde.internal.ui.editor,PDEDropAdapter,PDEDropAdapter,6,1,3
eclipse.pde.ui-20120217-1437,org.eclipse.pde.internal.ui.editor,PDEDropAdapter,resetLastValidOperation,3,1,0
eclipse.pde.ui-20120217-1437,org.eclipse.pde.internal.ui.editor,PDEDropAdapter,getLastValidOperation,6,2,1
eclipse.pde.ui-20120217-1437,org.eclipse.pde.internal.ui.editor,PDEDropAdapter,performDrop,29,6,1
eclipse.pde.ui-20120217-1437,org.eclipse.pde.internal.ui.editor,PDEDropAdapter,validateDrop,34,10,3
eclipse.pde.ui-20120217-1437,org.eclipse.pde.internal.ui.editor,PDEDropAdapter,validateDropCopy,3,1,3
eclipse.pde.ui-20120217-1437,org.eclipse.pde.internal.ui.editor,PDEDropAdapter,validateDropMove,8,3,3
eclipse.pde.ui-20120217-1437,org.eclipse.pde.internal.ui.editor,PDEDropAdapter,validateDropLink,3,1,3
eclipse.pde.ui-20120217-1437,org.eclipse.pde.internal.ui.editor,PDEDropAdapter,validateDropDefault,3,1,3
eclipse.pde.ui-20120217-1437,org.eclipse.pde.internal.ui.editor,PDEFormEditor,install,12,3,1
eclipse.pde.ui-20120217-1437,org.eclipse.pde.internal.ui.editor,PDEFormEditor,selectionChanged,5,3,1
eclipse.pde.ui-20120217-1437,org.eclipse.pde.internal.ui.editor,PDEFormEditor,uninstall,12,3,1
eclipse.pde.ui-20120217-1437,org.eclipse.pde.internal.ui.editor,PDEFormEditor,PDEMultiPageEditorSite,3,1,2
eclipse.pde.ui-20120217-1437,org.eclipse.pde.internal.ui.editor,PDEFormEditor,getActionBarContributor,5,1,0
eclipse.pde.ui-20120217-1437,org.eclipse.pde.internal.ui.editor,PDEFormEditor,getPart,3,1,0
eclipse.pde.ui-20120217-1437,org.eclipse.pde.internal.ui.editor,PDEFormEditor,PDEFormEditor,5,1,0
eclipse.pde.ui-20120217-1437,org.eclipse.pde.internal.ui.editor,PDEFormEditor,createSite,3,1,1
eclipse.pde.ui-20120217-1437,org.eclipse.pde.internal.ui.editor,PDEFormEditor,getCommonProject,3,1,0
eclipse.pde.ui-20120217-1437,org.eclipse.pde.internal.ui.editor,PDEFormEditor,getAggregateModel,4,2,0
eclipse.pde.ui-20120217-1437,org.eclipse.pde.internal.ui.editor,PDEFormEditor,createInputContextManager,0,1,0
eclipse.pde.ui-20120217-1437,org.eclipse.pde.internal.ui.editor,PDEFormEditor,hasInputContext,3,1,1
eclipse.pde.ui-20120217-1437,org.eclipse.pde.internal.ui.editor,PDEFormEditor,getContextManager,3,1,0
eclipse.pde.ui-20120217-1437,org.eclipse.pde.internal.ui.editor,PDEFormEditor,createInputContexts,21,5,1
eclipse.pde.ui-20120217-1437,org.eclipse.pde.internal.ui.editor,PDEFormEditor,createResourceContexts,0,1,2
eclipse.pde.ui-20120217-1437,org.eclipse.pde.internal.ui.editor,PDEFormEditor,createSystemFileContexts,0,1,2
eclipse.pde.ui-20120217-1437,org.eclipse.pde.internal.ui.editor,PDEFormEditor,createStorageContexts,0,1,2
eclipse.pde.ui-20120217-1437,org.eclipse.pde.internal.ui.editor,PDEFormEditor,createToolkit,3,1,1
eclipse.pde.ui-20120217-1437,org.eclipse.pde.internal.ui.editor,PDEFormEditor,createPages,24,3,0
eclipse.pde.ui-20120217-1437,org.eclipse.pde.internal.ui.editor,PDEFormEditor,menuAboutToShow,3,1,1
eclipse.pde.ui-20120217-1437,org.eclipse.pde.internal.ui.editor,PDEFormEditor,pageChange,8,2,1
eclipse.pde.ui-20120217-1437,org.eclipse.pde.internal.ui.editor,PDEFormEditor,setFocus,7,2,0
eclipse.pde.ui-20120217-1437,org.eclipse.pde.internal.ui.editor,PDEFormEditor,getClipboard,3,1,0
eclipse.pde.ui-20120217-1437,org.eclipse.pde.internal.ui.editor,PDEFormEditor,contextMenuAboutToShow,6,3,1
eclipse.pde.ui-20120217-1437,org.eclipse.pde.internal.ui.editor,PDEFormEditor,getContributor,3,1,0
eclipse.pde.ui-20120217-1437,org.eclipse.pde.internal.ui.editor,PDEFormEditor,computeInitialPageId,8,3,0
eclipse.pde.ui-20120217-1437,org.eclipse.pde.internal.ui.editor,PDEFormEditor,getFirstInvalidContextId,8,4,0
eclipse.pde.ui-20120217-1437,org.eclipse.pde.internal.ui.editor,PDEFormEditor,getTitle,6,3,0
eclipse.pde.ui-20120217-1437,org.eclipse.pde.internal.ui.editor,PDEFormEditor,updateTitle,3,1,0
eclipse.pde.ui-20120217-1437,org.eclipse.pde.internal.ui.editor,PDEFormEditor,getTitleProperty,3,1,0
eclipse.pde.ui-20120217-1437,org.eclipse.pde.internal.ui.editor,PDEFormEditor,doSave,5,1,1
eclipse.pde.ui-20120217-1437,org.eclipse.pde.internal.ui.editor,PDEFormEditor,doRevert,13,4,0
eclipse.pde.ui-20120217-1437,org.eclipse.pde.internal.ui.editor,PDEFormEditor,doRevertFormPage,10,2,0
eclipse.pde.ui-20120217-1437,org.eclipse.pde.internal.ui.editor,PDEFormEditor,doRevertSourcePages,13,3,0
eclipse.pde.ui-20120217-1437,org.eclipse.pde.internal.ui.editor,PDEFormEditor,doRevert,11,3,1
eclipse.pde.ui-20120217-1437,org.eclipse.pde.internal.ui.editor,PDEFormEditor,flushEdits,11,4,0
eclipse.pde.ui-20120217-1437,org.eclipse.pde.internal.ui.editor,PDEFormEditor,getContextIDForSaveAs,3,1,0
eclipse.pde.ui-20120217-1437,org.eclipse.pde.internal.ui.editor,PDEFormEditor,doSaveAs,20,2,0
eclipse.pde.ui-20120217-1437,org.eclipse.pde.internal.ui.editor,PDEFormEditor,isSaveAsAllowed,3,1,0
eclipse.pde.ui-20120217-1437,org.eclipse.pde.internal.ui.editor,PDEFormEditor,storeDefaultPage,11,4,0
eclipse.pde.ui-20120217-1437,org.eclipse.pde.internal.ui.editor,PDEFormEditor,setDialogEditorPageKey,4,1,1
eclipse.pde.ui-20120217-1437,org.eclipse.pde.internal.ui.editor,PDEFormEditor,getDialogEditorPageKey,4,1,0
eclipse.pde.ui-20120217-1437,org.eclipse.pde.internal.ui.editor,PDEFormEditor,getEditorID,0,1,0
eclipse.pde.ui-20120217-1437,org.eclipse.pde.internal.ui.editor,PDEFormEditor,setPropertyEditorPageKey,8,1,2
eclipse.pde.ui-20120217-1437,org.eclipse.pde.internal.ui.editor,PDEFormEditor,loadDefaultPage,10,3,0
eclipse.pde.ui-20120217-1437,org.eclipse.pde.internal.ui.editor,PDEFormEditor,getPropertyEditorPageKey,9,1,1
eclipse.pde.ui-20120217-1437,org.eclipse.pde.internal.ui.editor,PDEFormEditor,dispose,17,3,0
eclipse.pde.ui-20120217-1437,org.eclipse.pde.internal.ui.editor,PDEFormEditor,isDirty,4,1,0
eclipse.pde.ui-20120217-1437,org.eclipse.pde.internal.ui.editor,PDEFormEditor,computeDirtyState,5,2,0
eclipse.pde.ui-20120217-1437,org.eclipse.pde.internal.ui.editor,PDEFormEditor,getLastDirtyState,3,1,0
eclipse.pde.ui-20120217-1437,org.eclipse.pde.internal.ui.editor,PDEFormEditor,fireSaveNeeded,5,3,2
eclipse.pde.ui-20120217-1437,org.eclipse.pde.internal.ui.editor,PDEFormEditor,fireSaveNeeded,4,3,2
eclipse.pde.ui-20120217-1437,org.eclipse.pde.internal.ui.editor,PDEFormEditor,editorDirtyStateChanged,5,2,0
eclipse.pde.ui-20120217-1437,org.eclipse.pde.internal.ui.editor,PDEFormEditor,validateEdit,12,2,1
eclipse.pde.ui-20120217-1437,org.eclipse.pde.internal.ui.editor,PDEFormEditor,run,4,1,0
eclipse.pde.ui-20120217-1437,org.eclipse.pde.internal.ui.editor,PDEFormEditor,getSettingsSection,8,2,0
eclipse.pde.ui-20120217-1437,org.eclipse.pde.internal.ui.editor,PDEFormEditor,gotoMarker,8,3,1
eclipse.pde.ui-20120217-1437,org.eclipse.pde.internal.ui.editor,PDEFormEditor,openToSourcePage,13,4,3
eclipse.pde.ui-20120217-1437,org.eclipse.pde.internal.ui.editor,PDEFormEditor,setSelection,4,1,1
eclipse.pde.ui-20120217-1437,org.eclipse.pde.internal.ui.editor,PDEFormEditor,getSelection,3,1,0
eclipse.pde.ui-20120217-1437,org.eclipse.pde.internal.ui.editor,PDEFormEditor,getAdapter,12,4,1
eclipse.pde.ui-20120217-1437,org.eclipse.pde.internal.ui.editor,PDEFormEditor,getContextMenu,3,1,0
eclipse.pde.ui-20120217-1437,org.eclipse.pde.internal.ui.editor,PDEFormEditor,getContentOutline,7,2,0
eclipse.pde.ui-20120217-1437,org.eclipse.pde.internal.ui.editor,PDEFormEditor,getFormOutline,10,3,0
eclipse.pde.ui-20120217-1437,org.eclipse.pde.internal.ui.editor,PDEFormEditor,createContentOutline,0,1,0
eclipse.pde.ui-20120217-1437,org.eclipse.pde.internal.ui.editor,PDEFormEditor,updateContentOutline,12,4,1
eclipse.pde.ui-20120217-1437,org.eclipse.pde.internal.ui.editor,PDEFormEditor,setActivePage,5,2,1
eclipse.pde.ui-20120217-1437,org.eclipse.pde.internal.ui.editor,PDEFormEditor,getPages,8,3,0
eclipse.pde.ui-20120217-1437,org.eclipse.pde.internal.ui.editor,PDEFormEditor,performGlobalAction,21,6,1
eclipse.pde.ui-20120217-1437,org.eclipse.pde.internal.ui.editor,PDEFormEditor,copyToClipboard,53,13,1
eclipse.pde.ui-20120217-1437,org.eclipse.pde.internal.ui.editor,PDEFormEditor,canPasteFromClipboard,7,2,0
eclipse.pde.ui-20120217-1437,org.eclipse.pde.internal.ui.editor,PDEFormEditor,canCopy,9,4,1
eclipse.pde.ui-20120217-1437,org.eclipse.pde.internal.ui.editor,PDEFormEditor,canCut,3,1,1
eclipse.pde.ui-20120217-1437,org.eclipse.pde.internal.ui.editor,PDEFormEditor,updateUndo,4,2,2
eclipse.pde.ui-20120217-1437,org.eclipse.pde.internal.ui.editor,PDEFormEditor,synchronizeOutlinePage,11,3,0
eclipse.pde.ui-20120217-1437,org.eclipse.pde.internal.ui.editor,PDEFormEditor,getDocument,4,1,1
eclipse.pde.ui-20120217-1437,org.eclipse.pde.internal.ui.editor,PDEFormEditor,getAnnotationModel,4,1,1
eclipse.pde.ui-20120217-1437,org.eclipse.pde.internal.ui.editor,PDEFormEditor,getInputContext,0,1,1
eclipse.pde.ui-20120217-1437,org.eclipse.pde.internal.ui.editor,PDEFormEditor,addPages,12,2,0
eclipse.pde.ui-20120217-1437,org.eclipse.pde.internal.ui.editor,PDEFormEditor,addEditorPages,0,1,0
eclipse.pde.ui-20120217-1437,org.eclipse.pde.internal.ui.editor,PDEFormEditor,contextAdded,8,3,1
eclipse.pde.ui-20120217-1437,org.eclipse.pde.internal.ui.editor,PDEFormEditor,editorContextAdded,0,1,1
eclipse.pde.ui-20120217-1437,org.eclipse.pde.internal.ui.editor,PDEFormEditor,getProgressMonitor,11,3,0
eclipse.pde.ui-20120217-1437,org.eclipse.pde.internal.ui.editor,PDEFormEditor,getStatusLineManager,3,1,0
eclipse.pde.ui-20120217-1437,org.eclipse.pde.internal.ui.editor,PDEFormEditor,contributeToToolbar,2,1,1
eclipse.pde.ui-20120217-1437,org.eclipse.pde.internal.ui.editor,PDEFormEditorChangeListener,install,12,3,1
eclipse.pde.ui-20120217-1437,org.eclipse.pde.internal.ui.editor,PDEFormEditorChangeListener,selectionChanged,5,3,1
eclipse.pde.ui-20120217-1437,org.eclipse.pde.internal.ui.editor,PDEFormEditorChangeListener,uninstall,12,3,1
eclipse.pde.ui-20120217-1437,org.eclipse.pde.internal.ui.editor,PDEMultiPageEditorSite,PDEMultiPageEditorSite,3,1,2
eclipse.pde.ui-20120217-1437,org.eclipse.pde.internal.ui.editor,PDEMultiPageEditorSite,getActionBarContributor,5,1,0
eclipse.pde.ui-20120217-1437,org.eclipse.pde.internal.ui.editor,PDEMultiPageEditorSite,getPart,3,1,0
eclipse.pde.ui-20120217-1437,org.eclipse.pde.internal.ui.editor,PDEFormEditorContributor,GlobalAction,3,1,1
eclipse.pde.ui-20120217-1437,org.eclipse.pde.internal.ui.editor,PDEFormEditorContributor,run,4,1,0
eclipse.pde.ui-20120217-1437,org.eclipse.pde.internal.ui.editor,PDEFormEditorContributor,update,3,1,0
eclipse.pde.ui-20120217-1437,org.eclipse.pde.internal.ui.editor,PDEFormEditorContributor,ClipboardAction,4,1,1
eclipse.pde.ui-20120217-1437,org.eclipse.pde.internal.ui.editor,PDEFormEditorContributor,selectionChanged,2,1,1
eclipse.pde.ui-20120217-1437,org.eclipse.pde.internal.ui.editor,PDEFormEditorContributor,isEditable,5,2,0
eclipse.pde.ui-20120217-1437,org.eclipse.pde.internal.ui.editor,PDEFormEditorContributor,CutAction,7,1,0
eclipse.pde.ui-20120217-1437,org.eclipse.pde.internal.ui.editor,PDEFormEditorContributor,selectionChanged,3,1,1
eclipse.pde.ui-20120217-1437,org.eclipse.pde.internal.ui.editor,PDEFormEditorContributor,CopyAction,7,1,0
eclipse.pde.ui-20120217-1437,org.eclipse.pde.internal.ui.editor,PDEFormEditorContributor,selectionChanged,3,1,1
eclipse.pde.ui-20120217-1437,org.eclipse.pde.internal.ui.editor,PDEFormEditorContributor,PasteAction,7,1,0
eclipse.pde.ui-20120217-1437,org.eclipse.pde.internal.ui.editor,PDEFormEditorContributor,selectionChanged,3,1,1
eclipse.pde.ui-20120217-1437,org.eclipse.pde.internal.ui.editor,PDEFormEditorContributor,SaveAction,2,1,0
eclipse.pde.ui-20120217-1437,org.eclipse.pde.internal.ui.editor,PDEFormEditorContributor,run,3,2,0
eclipse.pde.ui-20120217-1437,org.eclipse.pde.internal.ui.editor,PDEFormEditorContributor,update,3,1,0
eclipse.pde.ui-20120217-1437,org.eclipse.pde.internal.ui.editor,PDEFormEditorContributor,RevertAction,2,1,0
eclipse.pde.ui-20120217-1437,org.eclipse.pde.internal.ui.editor,PDEFormEditorContributor,run,3,2,0
eclipse.pde.ui-20120217-1437,org.eclipse.pde.internal.ui.editor,PDEFormEditorContributor,update,3,1,0
eclipse.pde.ui-20120217-1437,org.eclipse.pde.internal.ui.editor,PDEFormEditorContributor,PDEFormEditorContributor,2,1,1
eclipse.pde.ui-20120217-1437,org.eclipse.pde.internal.ui.editor,PDEFormEditorContributor,addGlobalAction,4,1,1
eclipse.pde.ui-20120217-1437,org.eclipse.pde.internal.ui.editor,PDEFormEditorContributor,addGlobalAction,4,1,2
eclipse.pde.ui-20120217-1437,org.eclipse.pde.internal.ui.editor,PDEFormEditorContributor,addClipboardActions,7,1,1
eclipse.pde.ui-20120217-1437,org.eclipse.pde.internal.ui.editor,PDEFormEditorContributor,contextMenuAboutToShow,3,1,1
eclipse.pde.ui-20120217-1437,org.eclipse.pde.internal.ui.editor,PDEFormEditorContributor,contextMenuAboutToShow,5,3,2
eclipse.pde.ui-20120217-1437,org.eclipse.pde.internal.ui.editor,PDEFormEditorContributor,contributeToMenu,2,1,1
eclipse.pde.ui-20120217-1437,org.eclipse.pde.internal.ui.editor,PDEFormEditorContributor,contributeToStatusLine,2,1,1
eclipse.pde.ui-20120217-1437,org.eclipse.pde.internal.ui.editor,PDEFormEditorContributor,contributeToToolBar,2,1,1
eclipse.pde.ui-20120217-1437,org.eclipse.pde.internal.ui.editor,PDEFormEditorContributor,contributeToCoolBar,2,1,1
eclipse.pde.ui-20120217-1437,org.eclipse.pde.internal.ui.editor,PDEFormEditorContributor,getEditor,3,1,0
eclipse.pde.ui-20120217-1437,org.eclipse.pde.internal.ui.editor,PDEFormEditorContributor,getGlobalAction,3,1,1
eclipse.pde.ui-20120217-1437,org.eclipse.pde.internal.ui.editor,PDEFormEditorContributor,getSaveAction,3,1,0
eclipse.pde.ui-20120217-1437,org.eclipse.pde.internal.ui.editor,PDEFormEditorContributor,getRevertAction,3,1,0
eclipse.pde.ui-20120217-1437,org.eclipse.pde.internal.ui.editor,PDEFormEditorContributor,getStatusLineManager,3,1,0
eclipse.pde.ui-20120217-1437,org.eclipse.pde.internal.ui.editor,PDEFormEditorContributor,makeActions,19,1,0
eclipse.pde.ui-20120217-1437,org.eclipse.pde.internal.ui.editor,PDEFormEditorContributor,setActiveEditor,12,3,1
eclipse.pde.ui-20120217-1437,org.eclipse.pde.internal.ui.editor,PDEFormEditorContributor,setActivePage,11,4,1
eclipse.pde.ui-20120217-1437,org.eclipse.pde.internal.ui.editor,PDEFormEditorContributor,updateActions,4,1,0
eclipse.pde.ui-20120217-1437,org.eclipse.pde.internal.ui.editor,PDEFormEditorContributor,updateSelectableActions,7,2,1
eclipse.pde.ui-20120217-1437,org.eclipse.pde.internal.ui.editor,PDEFormEditorContributor,getSourceContributor,3,1,0
eclipse.pde.ui-20120217-1437,org.eclipse.pde.internal.ui.editor,PDEFormEditorContributor,init,4,1,1
eclipse.pde.ui-20120217-1437,org.eclipse.pde.internal.ui.editor,PDEFormEditorContributor,getSharedImages,4,2,0
eclipse.pde.ui-20120217-1437,org.eclipse.pde.internal.ui.editor,GlobalAction,GlobalAction,3,1,1
eclipse.pde.ui-20120217-1437,org.eclipse.pde.internal.ui.editor,GlobalAction,run,4,1,0
eclipse.pde.ui-20120217-1437,org.eclipse.pde.internal.ui.editor,GlobalAction,update,3,1,0
eclipse.pde.ui-20120217-1437,org.eclipse.pde.internal.ui.editor,ClipboardAction,ClipboardAction,4,1,1
eclipse.pde.ui-20120217-1437,org.eclipse.pde.internal.ui.editor,ClipboardAction,selectionChanged,2,1,1
eclipse.pde.ui-20120217-1437,org.eclipse.pde.internal.ui.editor,ClipboardAction,isEditable,5,2,0
eclipse.pde.ui-20120217-1437,org.eclipse.pde.internal.ui.editor,CutAction,CutAction,7,1,0
eclipse.pde.ui-20120217-1437,org.eclipse.pde.internal.ui.editor,CutAction,selectionChanged,3,1,1
eclipse.pde.ui-20120217-1437,org.eclipse.pde.internal.ui.editor,CopyAction,CopyAction,7,1,0
eclipse.pde.ui-20120217-1437,org.eclipse.pde.internal.ui.editor,CopyAction,selectionChanged,3,1,1
eclipse.pde.ui-20120217-1437,org.eclipse.pde.internal.ui.editor,PasteAction,PasteAction,7,1,0
eclipse.pde.ui-20120217-1437,org.eclipse.pde.internal.ui.editor,PasteAction,selectionChanged,3,1,1
eclipse.pde.ui-20120217-1437,org.eclipse.pde.internal.ui.editor,SaveAction,SaveAction,2,1,0
eclipse.pde.ui-20120217-1437,org.eclipse.pde.internal.ui.editor,SaveAction,run,3,2,0
eclipse.pde.ui-20120217-1437,org.eclipse.pde.internal.ui.editor,SaveAction,update,3,1,0
eclipse.pde.ui-20120217-1437,org.eclipse.pde.internal.ui.editor,RevertAction,RevertAction,2,1,0
eclipse.pde.ui-20120217-1437,org.eclipse.pde.internal.ui.editor,RevertAction,run,3,2,0
eclipse.pde.ui-20120217-1437,org.eclipse.pde.internal.ui.editor,RevertAction,update,3,1,0
eclipse.pde.ui-20120217-1437,org.eclipse.pde.internal.ui.editor,PDEFormPage,PDEFormPage,4,1,3
eclipse.pde.ui-20120217-1437,org.eclipse.pde.internal.ui.editor,PDEFormPage,dispose,8,3,0
eclipse.pde.ui-20120217-1437,org.eclipse.pde.internal.ui.editor,PDEFormPage,resetMenu,13,4,2
eclipse.pde.ui-20120217-1437,org.eclipse.pde.internal.ui.editor,PDEFormPage,createFormContent,32,6,1
eclipse.pde.ui-20120217-1437,org.eclipse.pde.internal.ui.editor,PDEFormPage,run,3,1,0
eclipse.pde.ui-20120217-1437,org.eclipse.pde.internal.ui.editor,PDEFormPage,getPDEEditor,3,1,0
eclipse.pde.ui-20120217-1437,org.eclipse.pde.internal.ui.editor,PDEFormPage,getHelpResource,3,1,0
eclipse.pde.ui-20120217-1437,org.eclipse.pde.internal.ui.editor,PDEFormPage,getModel,3,1,0
eclipse.pde.ui-20120217-1437,org.eclipse.pde.internal.ui.editor,PDEFormPage,contextMenuAboutToShow,2,1,1
eclipse.pde.ui-20120217-1437,org.eclipse.pde.internal.ui.editor,PDEFormPage,getFocusControl,10,4,0
eclipse.pde.ui-20120217-1437,org.eclipse.pde.internal.ui.editor,PDEFormPage,performGlobalAction,11,6,1
eclipse.pde.ui-20120217-1437,org.eclipse.pde.internal.ui.editor,PDEFormPage,canPaste,12,4,1
eclipse.pde.ui-20120217-1437,org.eclipse.pde.internal.ui.editor,PDEFormPage,canCopy,12,4,1
eclipse.pde.ui-20120217-1437,org.eclipse.pde.internal.ui.editor,PDEFormPage,canCut,12,4,1
eclipse.pde.ui-20120217-1437,org.eclipse.pde.internal.ui.editor,PDEFormPage,getFocusSection,15,4,0
eclipse.pde.ui-20120217-1437,org.eclipse.pde.internal.ui.editor,PDEFormPage,canPerformDirectly,31,8,2
eclipse.pde.ui-20120217-1437,org.eclipse.pde.internal.ui.editor,PDEFormPage,cancelEdit,7,3,0
eclipse.pde.ui-20120217-1437,org.eclipse.pde.internal.ui.editor,PDEFormPage,createPartControl,7,2,1
eclipse.pde.ui-20120217-1437,org.eclipse.pde.internal.ui.editor,PDEFormPage,addLastFocusListeners,12,4,1
eclipse.pde.ui-20120217-1437,org.eclipse.pde.internal.ui.editor,PDEFormPage,addLastFocusListener,10,1,1
eclipse.pde.ui-20120217-1437,org.eclipse.pde.internal.ui.editor,PDEFormPage,focusGained,2,1,1
eclipse.pde.ui-20120217-1437,org.eclipse.pde.internal.ui.editor,PDEFormPage,focusLost,3,1,1
eclipse.pde.ui-20120217-1437,org.eclipse.pde.internal.ui.editor,PDEFormPage,updateFormSelection,13,3,0
eclipse.pde.ui-20120217-1437,org.eclipse.pde.internal.ui.editor,PDEFormPage,getLastFocusControl,3,1,0
eclipse.pde.ui-20120217-1437,org.eclipse.pde.internal.ui.editor,PDEFormPage,setLastFocusControl,3,1,1
eclipse.pde.ui-20120217-1437,org.eclipse.pde.internal.ui.editor,PDEFormPage,createFormErrorContent,32,2,4
eclipse.pde.ui-20120217-1437,org.eclipse.pde.internal.ui.editor,PDEFormPage,createUISection,10,1,4
eclipse.pde.ui-20120217-1437,org.eclipse.pde.internal.ui.editor,PDEFormPage,createUISectionContainer,5,1,2
eclipse.pde.ui-20120217-1437,org.eclipse.pde.internal.ui.editor,PDEFormPage,getStackTrace,8,1,1
eclipse.pde.ui-20120217-1437,org.eclipse.pde.internal.ui.editor,PDEFormPage,alignSectionHeaders,3,1,2
eclipse.pde.ui-20120217-1437,org.eclipse.pde.internal.ui.editor,PDEFormTextEditorContributor,contributeToMenu,10,3,1
eclipse.pde.ui-20120217-1437,org.eclipse.pde.internal.ui.editor,PDEFormTextEditorContributor,contributeToToolBar,4,2,1
eclipse.pde.ui-20120217-1437,org.eclipse.pde.internal.ui.editor,PDEFormTextEditorContributor,setActiveEditor,12,5,1
eclipse.pde.ui-20120217-1437,org.eclipse.pde.internal.ui.editor,PDEFormTextEditorContributor,PDEFormTextEditorContributor,20,5,1
eclipse.pde.ui-20120217-1437,org.eclipse.pde.internal.ui.editor,PDEFormTextEditorContributor,supportsCorrectionAssist,3,1,0
eclipse.pde.ui-20120217-1437,org.eclipse.pde.internal.ui.editor,PDEFormTextEditorContributor,supportsContentAssist,3,1,0
eclipse.pde.ui-20120217-1437,org.eclipse.pde.internal.ui.editor,PDEFormTextEditorContributor,supportsFormatAction,3,1,0
eclipse.pde.ui-20120217-1437,org.eclipse.pde.internal.ui.editor,PDEFormTextEditorContributor,supportsHyperlinking,3,1,0
eclipse.pde.ui-20120217-1437,org.eclipse.pde.internal.ui.editor,PDEFormTextEditorContributor,getSourceContributor,3,1,0
eclipse.pde.ui-20120217-1437,org.eclipse.pde.internal.ui.editor,PDEFormTextEditorContributor,init,5,1,1
eclipse.pde.ui-20120217-1437,org.eclipse.pde.internal.ui.editor,PDEFormTextEditorContributor,dispose,5,1,0
eclipse.pde.ui-20120217-1437,org.eclipse.pde.internal.ui.editor,PDEFormTextEditorContributor,setSourceActionBarsActive,24,4,1
eclipse.pde.ui-20120217-1437,org.eclipse.pde.internal.ui.editor,PDEFormTextEditorContributor,registerGlobalActionHandlers,10,1,0
eclipse.pde.ui-20120217-1437,org.eclipse.pde.internal.ui.editor,PDEFormTextEditorContributor,registerGlobalAction,4,1,1
eclipse.pde.ui-20120217-1437,org.eclipse.pde.internal.ui.editor,PDEFormTextEditorContributor,setActivePage,16,5,1
eclipse.pde.ui-20120217-1437,org.eclipse.pde.internal.ui.editor,PDEFormTextEditorContributor,updateQuickOutlineMenuEntry,25,5,0
eclipse.pde.ui-20120217-1437,org.eclipse.pde.internal.ui.editor,PDEFormTextEditorContributor,createSourceContributor,3,1,0
eclipse.pde.ui-20120217-1437,org.eclipse.pde.internal.ui.editor,PDEFormTextEditorContributor,getHyperlinkAction,3,1,0
eclipse.pde.ui-20120217-1437,org.eclipse.pde.internal.ui.editor,PDEFormTextEditorContributor,getFormatAction,3,1,0
eclipse.pde.ui-20120217-1437,org.eclipse.pde.internal.ui.editor,PDETextEditorActionContributor,contributeToMenu,10,3,1
eclipse.pde.ui-20120217-1437,org.eclipse.pde.internal.ui.editor,PDETextEditorActionContributor,contributeToToolBar,4,2,1
eclipse.pde.ui-20120217-1437,org.eclipse.pde.internal.ui.editor,PDETextEditorActionContributor,setActiveEditor,12,5,1
eclipse.pde.ui-20120217-1437,org.eclipse.pde.internal.ui.editor,PDEHyperlinkDetector,PDEHyperlinkDetector,3,1,1
eclipse.pde.ui-20120217-1437,org.eclipse.pde.internal.ui.editor,PDEHyperlinkDetector,detectHyperlinks,9,6,3
eclipse.pde.ui-20120217-1437,org.eclipse.pde.internal.ui.editor,PDEHyperlinkDetector,detectAttributeHyperlink,3,1,1
eclipse.pde.ui-20120217-1437,org.eclipse.pde.internal.ui.editor,PDEHyperlinkDetector,detectNodeHyperlink,3,1,1
eclipse.pde.ui-20120217-1437,org.eclipse.pde.internal.ui.editor,PDEHyperlinkDetector,detectTextNodeHyperlink,3,1,1
eclipse.pde.ui-20120217-1437,org.eclipse.pde.internal.ui.editor,PDELauncherFormEditor,getLauncherHelper,0,1,0
eclipse.pde.ui-20120217-1437,org.eclipse.pde.internal.ui.editor,PDELauncherFormEditor,contributeLaunchersToToolbar,17,5,1
eclipse.pde.ui-20120217-1437,org.eclipse.pde.internal.ui.editor,PDELauncherFormEditor,getActions,10,2,0
eclipse.pde.ui-20120217-1437,org.eclipse.pde.internal.ui.editor,PDELauncherFormEditor,getLauncherActions,18,2,1
eclipse.pde.ui-20120217-1437,org.eclipse.pde.internal.ui.editor,PDELauncherFormEditor,run,4,1,0
eclipse.pde.ui-20120217-1437,org.eclipse.pde.internal.ui.editor,PDELauncherFormEditor,getPreLaunchRunnable,8,1,0
eclipse.pde.ui-20120217-1437,org.eclipse.pde.internal.ui.editor,PDELauncherFormEditor,run,3,1,0
eclipse.pde.ui-20120217-1437,org.eclipse.pde.internal.ui.editor,PDELauncherFormEditor,getLaunchString,7,1,1
eclipse.pde.ui-20120217-1437,org.eclipse.pde.internal.ui.editor,PDELauncherFormEditor,getImageDescriptor,8,5,1
eclipse.pde.ui-20120217-1437,org.eclipse.pde.internal.ui.editor,PDELauncherFormEditor,launch,20,5,3
eclipse.pde.ui-20120217-1437,org.eclipse.pde.internal.ui.editor,PDELauncherFormEditor,getLaunchers,55,12,1
eclipse.pde.ui-20120217-1437,org.eclipse.pde.internal.ui.editor,PDELauncherFormEditor,compare,5,1,2
eclipse.pde.ui-20120217-1437,org.eclipse.pde.internal.ui.editor,PDEMasterDetailsBlock,PDEMasterDetailsBlock,3,1,1
eclipse.pde.ui-20120217-1437,org.eclipse.pde.internal.ui.editor,PDEMasterDetailsBlock,getPage,3,1,0
eclipse.pde.ui-20120217-1437,org.eclipse.pde.internal.ui.editor,PDEMasterDetailsBlock,createMasterPart,10,1,2
eclipse.pde.ui-20120217-1437,org.eclipse.pde.internal.ui.editor,PDEMasterDetailsBlock,createToolBarActions,2,1,1
eclipse.pde.ui-20120217-1437,org.eclipse.pde.internal.ui.editor,PDEMasterDetailsBlock,createMasterSection,0,1,2
eclipse.pde.ui-20120217-1437,org.eclipse.pde.internal.ui.editor,PDEMasterDetailsBlock,createContent,4,1,1
eclipse.pde.ui-20120217-1437,org.eclipse.pde.internal.ui.editor,PDEMasterDetailsBlock,getDetailsPart,3,1,0
eclipse.pde.ui-20120217-1437,org.eclipse.pde.internal.ui.editor,PDEMultiPageContentOutline,PDEMultiPageContentOutline,5,1,1
eclipse.pde.ui-20120217-1437,org.eclipse.pde.internal.ui.editor,PDEMultiPageContentOutline,addFocusListener,2,1,1
eclipse.pde.ui-20120217-1437,org.eclipse.pde.internal.ui.editor,PDEMultiPageContentOutline,addSelectionChangedListener,3,1,1
eclipse.pde.ui-20120217-1437,org.eclipse.pde.internal.ui.editor,PDEMultiPageContentOutline,createControl,3,1,1
eclipse.pde.ui-20120217-1437,org.eclipse.pde.internal.ui.editor,PDEMultiPageContentOutline,dispose,9,3,0
eclipse.pde.ui-20120217-1437,org.eclipse.pde.internal.ui.editor,PDEMultiPageContentOutline,isDisposed,3,1,0
eclipse.pde.ui-20120217-1437,org.eclipse.pde.internal.ui.editor,PDEMultiPageContentOutline,getControl,3,1,0
eclipse.pde.ui-20120217-1437,org.eclipse.pde.internal.ui.editor,PDEMultiPageContentOutline,getPagebook,3,1,0
eclipse.pde.ui-20120217-1437,org.eclipse.pde.internal.ui.editor,PDEMultiPageContentOutline,getSelection,3,1,0
eclipse.pde.ui-20120217-1437,org.eclipse.pde.internal.ui.editor,PDEMultiPageContentOutline,makeContributions,2,1,3
eclipse.pde.ui-20120217-1437,org.eclipse.pde.internal.ui.editor,PDEMultiPageContentOutline,removeFocusListener,2,1,1
eclipse.pde.ui-20120217-1437,org.eclipse.pde.internal.ui.editor,PDEMultiPageContentOutline,removeSelectionChangedListener,3,1,1
eclipse.pde.ui-20120217-1437,org.eclipse.pde.internal.ui.editor,PDEMultiPageContentOutline,selectionChanged,3,1,1
eclipse.pde.ui-20120217-1437,org.eclipse.pde.internal.ui.editor,PDEMultiPageContentOutline,setActionBars,5,2,1
eclipse.pde.ui-20120217-1437,org.eclipse.pde.internal.ui.editor,PDEMultiPageContentOutline,getActionBars,3,1,0
eclipse.pde.ui-20120217-1437,org.eclipse.pde.internal.ui.editor,PDEMultiPageContentOutline,setFocus,3,2,0
eclipse.pde.ui-20120217-1437,org.eclipse.pde.internal.ui.editor,PDEMultiPageContentOutline,getEmptyPage,4,2,0
eclipse.pde.ui-20120217-1437,org.eclipse.pde.internal.ui.editor,PDEMultiPageContentOutline,setPageActive,22,5,1
eclipse.pde.ui-20120217-1437,org.eclipse.pde.internal.ui.editor,PDEMultiPageContentOutline,setSelection,8,3,1
eclipse.pde.ui-20120217-1437,org.eclipse.pde.internal.ui.editor,PDEMultiPageContentOutline,registerToolbarActions,7,2,1
eclipse.pde.ui-20120217-1437,org.eclipse.pde.internal.ui.editor,PDEMultiPageContentOutline,SortingAction,10,1,0
eclipse.pde.ui-20120217-1437,org.eclipse.pde.internal.ui.editor,PDEMultiPageContentOutline,run,4,1,0
eclipse.pde.ui-20120217-1437,org.eclipse.pde.internal.ui.editor,PDEMultiPageContentOutline,valueChanged,5,2,1
eclipse.pde.ui-20120217-1437,org.eclipse.pde.internal.ui.editor,SortingAction,SortingAction,10,1,0
eclipse.pde.ui-20120217-1437,org.eclipse.pde.internal.ui.editor,SortingAction,run,4,1,0
eclipse.pde.ui-20120217-1437,org.eclipse.pde.internal.ui.editor,SortingAction,valueChanged,5,2,1
eclipse.pde.ui-20120217-1437,org.eclipse.pde.internal.ui.editor,PDEOutlinePage,PDEOutlinePage,3,1,1
eclipse.pde.ui-20120217-1437,org.eclipse.pde.internal.ui.editor,PDEOutlinePage,PDEOutlinePage,2,1,0
eclipse.pde.ui-20120217-1437,org.eclipse.pde.internal.ui.editor,PDEOutlinePage,makeContributions,18,2,3
eclipse.pde.ui-20120217-1437,org.eclipse.pde.internal.ui.editor,PDEOutlinePage,menuAboutToShow,7,2,1
eclipse.pde.ui-20120217-1437,org.eclipse.pde.internal.ui.editor,PDEProjectionSourcePage,PDEProjectionSourcePage,6,2,3
eclipse.pde.ui-20120217-1437,org.eclipse.pde.internal.ui.editor,PDEProjectionSourcePage,createPartControl,8,2,1
eclipse.pde.ui-20120217-1437,org.eclipse.pde.internal.ui.editor,PDEProjectionSourcePage,createSourceViewer,5,1,3
eclipse.pde.ui-20120217-1437,org.eclipse.pde.internal.ui.editor,PDEProjectionSourcePage,isQuickOutlineEnabled,0,1,0
eclipse.pde.ui-20120217-1437,org.eclipse.pde.internal.ui.editor,PDEProjectionSourcePage,dispose,10,3,0
eclipse.pde.ui-20120217-1437,org.eclipse.pde.internal.ui.editor,PDEProjectionSourcePage,createFoldingSupport,5,1,1
eclipse.pde.ui-20120217-1437,org.eclipse.pde.internal.ui.editor,PDEProjectionSourcePage,projectionEnabled,14,4,0
eclipse.pde.ui-20120217-1437,org.eclipse.pde.internal.ui.editor,PDEProjectionSourcePage,getFoldingStructureProvider,3,1,1
eclipse.pde.ui-20120217-1437,org.eclipse.pde.internal.ui.editor,PDEProjectionSourcePage,projectionDisabled,3,1,0
eclipse.pde.ui-20120217-1437,org.eclipse.pde.internal.ui.editor,PDEProjectionSourcePage,isFoldingEnabled,4,1,0
eclipse.pde.ui-20120217-1437,org.eclipse.pde.internal.ui.editor,PDEProjectionSourcePage,affectsTextPresentation,4,2,1
eclipse.pde.ui-20120217-1437,org.eclipse.pde.internal.ui.editor,PDEProjectionSourcePage,handlePreferenceStoreChanged,11,3,1
eclipse.pde.ui-20120217-1437,org.eclipse.pde.internal.ui.editor,PDEProjectionSourcePage,getAdapter,9,3,1
eclipse.pde.ui-20120217-1437,org.eclipse.pde.internal.ui.editor,PDEProjectionSourcePage,editorContextMenuAboutToShow,4,1,1
eclipse.pde.ui-20120217-1437,org.eclipse.pde.internal.ui.editor,PDEProjectionSourcePage,addQuickOutlineMenuEntry,10,3,1
eclipse.pde.ui-20120217-1437,org.eclipse.pde.internal.ui.editor,PDEProjectionSourcePage,createSourceViewerConfiguration,3,1,1
eclipse.pde.ui-20120217-1437,org.eclipse.pde.internal.ui.editor,PDEProjectionViewer,PDEProjectionViewer,4,1,6
eclipse.pde.ui-20120217-1437,org.eclipse.pde.internal.ui.editor,PDEProjectionViewer,doOperation,12,4,1
eclipse.pde.ui-20120217-1437,org.eclipse.pde.internal.ui.editor,PDEProjectionViewer,canDoOperation,9,3,1
eclipse.pde.ui-20120217-1437,org.eclipse.pde.internal.ui.editor,PDEProjectionViewer,configure,13,4,1
eclipse.pde.ui-20120217-1437,org.eclipse.pde.internal.ui.editor,PDEProjectionViewer,unconfigure,7,2,0
eclipse.pde.ui-20120217-1437,org.eclipse.pde.internal.ui.editor,PDESection,PDESection,3,1,3
eclipse.pde.ui-20120217-1437,org.eclipse.pde.internal.ui.editor,PDESection,PDESection,7,1,4
eclipse.pde.ui-20120217-1437,org.eclipse.pde.internal.ui.editor,PDESection,createClient,0,1,2
eclipse.pde.ui-20120217-1437,org.eclipse.pde.internal.ui.editor,PDESection,getPage,3,1,0
eclipse.pde.ui-20120217-1437,org.eclipse.pde.internal.ui.editor,PDESection,getProject,3,1,0
eclipse.pde.ui-20120217-1437,org.eclipse.pde.internal.ui.editor,PDESection,doGlobalAction,3,1,1
eclipse.pde.ui-20120217-1437,org.eclipse.pde.internal.ui.editor,PDESection,modelChanged,3,2,1
eclipse.pde.ui-20120217-1437,org.eclipse.pde.internal.ui.editor,PDESection,getContextId,3,1,0
eclipse.pde.ui-20120217-1437,org.eclipse.pde.internal.ui.editor,PDESection,fireSaveNeeded,4,2,0
eclipse.pde.ui-20120217-1437,org.eclipse.pde.internal.ui.editor,PDESection,isEditable,4,1,0
eclipse.pde.ui-20120217-1437,org.eclipse.pde.internal.ui.editor,PDESection,canCopy,3,1,1
eclipse.pde.ui-20120217-1437,org.eclipse.pde.internal.ui.editor,PDESection,canCut,3,1,1
eclipse.pde.ui-20120217-1437,org.eclipse.pde.internal.ui.editor,PDESection,canPaste,3,1,1
eclipse.pde.ui-20120217-1437,org.eclipse.pde.internal.ui.editor,PDESection,cancelEdit,3,1,0
eclipse.pde.ui-20120217-1437,org.eclipse.pde.internal.ui.editor,PDESection,getAdapter,3,1,1
eclipse.pde.ui-20120217-1437,org.eclipse.pde.internal.ui.editor,PDESourcePage,getBundleForConstructedKeys,3,1,0
eclipse.pde.ui-20120217-1437,org.eclipse.pde.internal.ui.editor,PDESourcePage,initializeKeyBindingScopes,3,1,0
eclipse.pde.ui-20120217-1437,org.eclipse.pde.internal.ui.editor,PDESourcePage,install,11,3,1
eclipse.pde.ui-20120217-1437,org.eclipse.pde.internal.ui.editor,PDESourcePage,selectionChanged,3,1,1
eclipse.pde.ui-20120217-1437,org.eclipse.pde.internal.ui.editor,PDESourcePage,uninstall,11,3,1
eclipse.pde.ui-20120217-1437,org.eclipse.pde.internal.ui.editor,PDESourcePage,PDESourcePage,10,2,3
eclipse.pde.ui-20120217-1437,org.eclipse.pde.internal.ui.editor,PDESourcePage,initialize,3,1,1
eclipse.pde.ui-20120217-1437,org.eclipse.pde.internal.ui.editor,PDESourcePage,dispose,12,4,0
eclipse.pde.ui-20120217-1437,org.eclipse.pde.internal.ui.editor,PDESourcePage,createOutlineLabelProvider,0,1,0
eclipse.pde.ui-20120217-1437,org.eclipse.pde.internal.ui.editor,PDESourcePage,createOutlineContentProvider,0,1,0
eclipse.pde.ui-20120217-1437,org.eclipse.pde.internal.ui.editor,PDESourcePage,createOutlineComparator,0,1,0
eclipse.pde.ui-20120217-1437,org.eclipse.pde.internal.ui.editor,PDESourcePage,updateSelection,7,2,1
eclipse.pde.ui-20120217-1437,org.eclipse.pde.internal.ui.editor,PDESourcePage,updateSelection,0,1,1
eclipse.pde.ui-20120217-1437,org.eclipse.pde.internal.ui.editor,PDESourcePage,createDefaultOutlineComparator,3,1,0
eclipse.pde.ui-20120217-1437,org.eclipse.pde.internal.ui.editor,PDESourcePage,createOutlinePage,15,1,0
eclipse.pde.ui-20120217-1437,org.eclipse.pde.internal.ui.editor,PDESourcePage,selectionChanged,3,1,1
eclipse.pde.ui-20120217-1437,org.eclipse.pde.internal.ui.editor,PDESourcePage,getContentOutline,4,2,0
eclipse.pde.ui-20120217-1437,org.eclipse.pde.internal.ui.editor,PDESourcePage,getEditor,3,1,0
eclipse.pde.ui-20120217-1437,org.eclipse.pde.internal.ui.editor,PDESourcePage,getManagedForm,3,1,0
eclipse.pde.ui-20120217-1437,org.eclipse.pde.internal.ui.editor,PDESourcePage,firePropertyChange,6,2,1
eclipse.pde.ui-20120217-1437,org.eclipse.pde.internal.ui.editor,PDESourcePage,setActive,6,2,1
eclipse.pde.ui-20120217-1437,org.eclipse.pde.internal.ui.editor,PDESourcePage,canLeaveThePage,3,1,0
eclipse.pde.ui-20120217-1437,org.eclipse.pde.internal.ui.editor,PDESourcePage,isActive,3,1,0
eclipse.pde.ui-20120217-1437,org.eclipse.pde.internal.ui.editor,PDESourcePage,createPartControl,6,1,1
eclipse.pde.ui-20120217-1437,org.eclipse.pde.internal.ui.editor,PDESourcePage,getPartControl,3,1,0
eclipse.pde.ui-20120217-1437,org.eclipse.pde.internal.ui.editor,PDESourcePage,getId,3,1,0
eclipse.pde.ui-20120217-1437,org.eclipse.pde.internal.ui.editor,PDESourcePage,getIndex,3,1,0
eclipse.pde.ui-20120217-1437,org.eclipse.pde.internal.ui.editor,PDESourcePage,setIndex,3,1,1
eclipse.pde.ui-20120217-1437,org.eclipse.pde.internal.ui.editor,PDESourcePage,isEditor,3,1,0
eclipse.pde.ui-20120217-1437,org.eclipse.pde.internal.ui.editor,PDESourcePage,getInputContext,3,1,0
eclipse.pde.ui-20120217-1437,org.eclipse.pde.internal.ui.editor,PDESourcePage,setInputContext,4,1,1
eclipse.pde.ui-20120217-1437,org.eclipse.pde.internal.ui.editor,PDESourcePage,selectReveal,7,2,1
eclipse.pde.ui-20120217-1437,org.eclipse.pde.internal.ui.editor,PDESourcePage,getRangeElement,3,1,2
eclipse.pde.ui-20120217-1437,org.eclipse.pde.internal.ui.editor,PDESourcePage,setHighlightRange,13,4,2
eclipse.pde.ui-20120217-1437,org.eclipse.pde.internal.ui.editor,PDESourcePage,setSelectedRange,17,4,2
eclipse.pde.ui-20120217-1437,org.eclipse.pde.internal.ui.editor,PDESourcePage,getOrientation,3,1,0
eclipse.pde.ui-20120217-1437,org.eclipse.pde.internal.ui.editor,PDESourcePage,createActions,12,2,0
eclipse.pde.ui-20120217-1437,org.eclipse.pde.internal.ui.editor,PDESourcePage,createQuickOutlineAction,8,1,0
eclipse.pde.ui-20120217-1437,org.eclipse.pde.internal.ui.editor,PDESourcePage,selectionChanged,13,4,1
eclipse.pde.ui-20120217-1437,org.eclipse.pde.internal.ui.editor,PDESourcePage,findRange,3,1,0
eclipse.pde.ui-20120217-1437,org.eclipse.pde.internal.ui.editor,PDESourcePage,updateTextSelection,16,4,0
eclipse.pde.ui-20120217-1437,org.eclipse.pde.internal.ui.editor,PDESourcePage,isSelectionListener,3,1,0
eclipse.pde.ui-20120217-1437,org.eclipse.pde.internal.ui.editor,PDESourcePage,getViewer,3,1,0
eclipse.pde.ui-20120217-1437,org.eclipse.pde.internal.ui.editor,PDESourcePage,editorContextMenuAboutToShow,13,4,1
eclipse.pde.ui-20120217-1437,org.eclipse.pde.internal.ui.editor,PDESourcePage,getSelection,3,1,0
eclipse.pde.ui-20120217-1437,org.eclipse.pde.internal.ui.editor,PDESourcePage,setSelectedObject,3,1,1
eclipse.pde.ui-20120217-1437,org.eclipse.pde.internal.ui.editor,PDESourcePage,getOutlineInput,3,1,0
eclipse.pde.ui-20120217-1437,org.eclipse.pde.internal.ui.editor,PDESourcePage,updateOutlinePageSelection,16,4,1
eclipse.pde.ui-20120217-1437,org.eclipse.pde.internal.ui.editor,PDESourcePage,handleSelectionChangedSourcePage,11,2,1
eclipse.pde.ui-20120217-1437,org.eclipse.pde.internal.ui.editor,PDESourcePage,updateHighlightRange,8,2,1
eclipse.pde.ui-20120217-1437,org.eclipse.pde.internal.ui.editor,PDESourcePage,synchronizeOutlinePage,4,1,1
eclipse.pde.ui-20120217-1437,org.eclipse.pde.internal.ui.editor,PDESourcePage,synchronizeOutlinePage,4,1,1
eclipse.pde.ui-20120217-1437,org.eclipse.pde.internal.ui.editor,PDESourcePage,synchronizeOutlinePage,4,1,0
eclipse.pde.ui-20120217-1437,org.eclipse.pde.internal.ui.editor,PDESourcePage,findNode,3,1,3
eclipse.pde.ui-20120217-1437,org.eclipse.pde.internal.ui.editor,PDESourcePage,findNode,17,12,3
eclipse.pde.ui-20120217-1437,org.eclipse.pde.internal.ui.editor,PDESourcePage,getAdapter,6,2,1
eclipse.pde.ui-20120217-1437,org.eclipse.pde.internal.ui.editor,PDESourcePage,getShowInTargetList,8,1,0
eclipse.pde.ui-20120217-1437,org.eclipse.pde.internal.ui.editor,PDESourcePage,getShowInTargetIds,3,1,0
eclipse.pde.ui-20120217-1437,org.eclipse.pde.internal.ui.editor,PDESourcePage,adaptRange,3,1,1
eclipse.pde.ui-20120217-1437,org.eclipse.pde.internal.ui.editor,PDESourcePageChangedListener,install,11,3,1
eclipse.pde.ui-20120217-1437,org.eclipse.pde.internal.ui.editor,PDESourcePageChangedListener,selectionChanged,3,1,1
eclipse.pde.ui-20120217-1437,org.eclipse.pde.internal.ui.editor,PDESourcePageChangedListener,uninstall,11,3,1
eclipse.pde.ui-20120217-1437,org.eclipse.pde.internal.ui.editor,PDEStorageDocumentProvider,PDEStorageDocumentProvider,3,1,1
eclipse.pde.ui-20120217-1437,org.eclipse.pde.internal.ui.editor,PDEStorageDocumentProvider,setDocumentContent,13,3,3
eclipse.pde.ui-20120217-1437,org.eclipse.pde.internal.ui.editor,PDEStorageDocumentProvider,setupDocument,5,2,2
eclipse.pde.ui-20120217-1437,org.eclipse.pde.internal.ui.editor,PDEStorageDocumentProvider,createAnnotationModel,14,4,1
eclipse.pde.ui-20120217-1437,org.eclipse.pde.internal.ui.editor,SourceOutlinePage,SourceOutlinePage,9,1,6
eclipse.pde.ui-20120217-1437,org.eclipse.pde.internal.ui.editor,SourceOutlinePage,createControl,10,2,1
eclipse.pde.ui-20120217-1437,org.eclipse.pde.internal.ui.editor,SourceOutlinePage,init,3,1,1
eclipse.pde.ui-20120217-1437,org.eclipse.pde.internal.ui.editor,SourceOutlinePage,reconciled,16,3,1
eclipse.pde.ui-20120217-1437,org.eclipse.pde.internal.ui.editor,SourceOutlinePage,run,9,2,0
eclipse.pde.ui-20120217-1437,org.eclipse.pde.internal.ui.editor,SourceOutlinePage,sort,11,3,1
eclipse.pde.ui-20120217-1437,org.eclipse.pde.internal.ui.editor,SourceOutlinePage,addAllSelectionChangedListeners,8,3,0
eclipse.pde.ui-20120217-1437,org.eclipse.pde.internal.ui.editor,SourceOutlinePage,isViewerDefined,9,3,0
eclipse.pde.ui-20120217-1437,org.eclipse.pde.internal.ui.editor,SourceOutlinePage,removeAllSelectionChangedListeners,8,3,0
eclipse.pde.ui-20120217-1437,org.eclipse.pde.internal.ui.editor,SourceOutlinePage,addSelectionChangedListener,4,1,1
eclipse.pde.ui-20120217-1437,org.eclipse.pde.internal.ui.editor,SourceOutlinePage,removeSelectionChangedListener,4,1,1
eclipse.pde.ui-20120217-1437,org.eclipse.pde.internal.ui.editor,StructuredViewerSection,StructuredViewerSection,3,1,4
eclipse.pde.ui-20120217-1437,org.eclipse.pde.internal.ui.editor,StructuredViewerSection,StructuredViewerSection,8,1,5
eclipse.pde.ui-20120217-1437,org.eclipse.pde.internal.ui.editor,StructuredViewerSection,createViewerPartControl,23,2,4
eclipse.pde.ui-20120217-1437,org.eclipse.pde.internal.ui.editor,StructuredViewerSection,menuAboutToShow,3,1,1
eclipse.pde.ui-20120217-1437,org.eclipse.pde.internal.ui.editor,StructuredViewerSection,registerPopupMenu,2,1,1
eclipse.pde.ui-20120217-1437,org.eclipse.pde.internal.ui.editor,StructuredViewerSection,createClientContainer,5,1,3
eclipse.pde.ui-20120217-1437,org.eclipse.pde.internal.ui.editor,StructuredViewerSection,createViewerPart,0,1,1
eclipse.pde.ui-20120217-1437,org.eclipse.pde.internal.ui.editor,StructuredViewerSection,fillContextMenu,2,1,1
eclipse.pde.ui-20120217-1437,org.eclipse.pde.internal.ui.editor,StructuredViewerSection,buttonSelected,2,1,1
eclipse.pde.ui-20120217-1437,org.eclipse.pde.internal.ui.editor,StructuredViewerSection,doPaste,12,3,0
eclipse.pde.ui-20120217-1437,org.eclipse.pde.internal.ui.editor,StructuredViewerSection,canPaste,12,3,1
eclipse.pde.ui-20120217-1437,org.eclipse.pde.internal.ui.editor,StructuredViewerSection,getViewerSelection,3,1,0
eclipse.pde.ui-20120217-1437,org.eclipse.pde.internal.ui.editor,StructuredViewerSection,doPaste,2,1,2
eclipse.pde.ui-20120217-1437,org.eclipse.pde.internal.ui.editor,StructuredViewerSection,canPaste,3,1,2
eclipse.pde.ui-20120217-1437,org.eclipse.pde.internal.ui.editor,StructuredViewerSection,setFocus,3,1,0
eclipse.pde.ui-20120217-1437,org.eclipse.pde.internal.ui.editor,StructuredViewerSection,getStructuredViewerPart,3,1,0
eclipse.pde.ui-20120217-1437,org.eclipse.pde.internal.ui.editor,StructuredViewerSection,getNewSelectionIndex,4,2,2
eclipse.pde.ui-20120217-1437,org.eclipse.pde.internal.ui.editor,StructuredViewerSection,getArrayIndex,6,3,2
eclipse.pde.ui-20120217-1437,org.eclipse.pde.internal.ui.editor,StructuredViewerSection,canDragCopy,3,1,1
eclipse.pde.ui-20120217-1437,org.eclipse.pde.internal.ui.editor,StructuredViewerSection,canDragLink,3,1,1
eclipse.pde.ui-20120217-1437,org.eclipse.pde.internal.ui.editor,StructuredViewerSection,canDragMove,3,1,1
eclipse.pde.ui-20120217-1437,org.eclipse.pde.internal.ui.editor,StructuredViewerSection,canDropCopy,3,1,3
eclipse.pde.ui-20120217-1437,org.eclipse.pde.internal.ui.editor,StructuredViewerSection,canDropLink,3,1,3
eclipse.pde.ui-20120217-1437,org.eclipse.pde.internal.ui.editor,StructuredViewerSection,canDropMove,3,1,3
eclipse.pde.ui-20120217-1437,org.eclipse.pde.internal.ui.editor,StructuredViewerSection,doDropCopy,2,1,3
eclipse.pde.ui-20120217-1437,org.eclipse.pde.internal.ui.editor,StructuredViewerSection,doDropLink,2,1,3
eclipse.pde.ui-20120217-1437,org.eclipse.pde.internal.ui.editor,StructuredViewerSection,doDropMove,2,1,3
eclipse.pde.ui-20120217-1437,org.eclipse.pde.internal.ui.editor,StructuredViewerSection,doDragRemove,2,1,1
eclipse.pde.ui-20120217-1437,org.eclipse.pde.internal.ui.editor,StructuredViewerSection,getSupportedDNDOperations,3,1,0
eclipse.pde.ui-20120217-1437,org.eclipse.pde.internal.ui.editor,StructuredViewerSection,initializeDragAndDrop,18,4,0
eclipse.pde.ui-20120217-1437,org.eclipse.pde.internal.ui.editor,StructuredViewerSection,getDragSourceObjects,9,3,0
eclipse.pde.ui-20120217-1437,org.eclipse.pde.internal.ui.editor,StructuredViewerSection,getDragTransfers,3,1,0
eclipse.pde.ui-20120217-1437,org.eclipse.pde.internal.ui.editor,StructuredViewerSection,getDropTransfers,3,1,0
eclipse.pde.ui-20120217-1437,org.eclipse.pde.internal.ui.editor,StructuredViewerSection,isDragAndDropEnabled,3,1,0
eclipse.pde.ui-20120217-1437,org.eclipse.pde.internal.ui.editor,StructuredViewerSection,doSelect,3,1,1
eclipse.pde.ui-20120217-1437,org.eclipse.pde.internal.ui.editor,StructuredViewerSection,canSelect,3,1,0
eclipse.pde.ui-20120217-1437,org.eclipse.pde.internal.ui.editor,SystemFileMarkerAnnotationModel,retrieveMarkers,3,1,0
eclipse.pde.ui-20120217-1437,org.eclipse.pde.internal.ui.editor,SystemFileMarkerAnnotationModel,deleteMarkers,2,1,1
eclipse.pde.ui-20120217-1437,org.eclipse.pde.internal.ui.editor,SystemFileMarkerAnnotationModel,listenToMarkerChanges,2,1,1
eclipse.pde.ui-20120217-1437,org.eclipse.pde.internal.ui.editor,SystemFileMarkerAnnotationModel,isAcceptable,3,1,1
eclipse.pde.ui-20120217-1437,org.eclipse.pde.internal.ui.editor,TableSection,PartAdapter,3,1,1
eclipse.pde.ui-20120217-1437,org.eclipse.pde.internal.ui.editor,TableSection,entryModified,3,1,2
eclipse.pde.ui-20120217-1437,org.eclipse.pde.internal.ui.editor,TableSection,selectionChanged,4,1,1
eclipse.pde.ui-20120217-1437,org.eclipse.pde.internal.ui.editor,TableSection,handleDoubleClick,3,1,1
eclipse.pde.ui-20120217-1437,org.eclipse.pde.internal.ui.editor,TableSection,buttonSelected,4,2,2
eclipse.pde.ui-20120217-1437,org.eclipse.pde.internal.ui.editor,TableSection,createButtons,18,2,2
eclipse.pde.ui-20120217-1437,org.eclipse.pde.internal.ui.editor,TableSection,paintControl,3,1,1
eclipse.pde.ui-20120217-1437,org.eclipse.pde.internal.ui.editor,TableSection,updateLabel,3,2,0
eclipse.pde.ui-20120217-1437,org.eclipse.pde.internal.ui.editor,TableSection,TableSection,3,1,4
eclipse.pde.ui-20120217-1437,org.eclipse.pde.internal.ui.editor,TableSection,TableSection,3,1,5
eclipse.pde.ui-20120217-1437,org.eclipse.pde.internal.ui.editor,TableSection,createViewerPart,3,1,1
eclipse.pde.ui-20120217-1437,org.eclipse.pde.internal.ui.editor,TableSection,getRenameAction,3,1,0
eclipse.pde.ui-20120217-1437,org.eclipse.pde.internal.ui.editor,TableSection,getTablePart,3,1,0
eclipse.pde.ui-20120217-1437,org.eclipse.pde.internal.ui.editor,TableSection,entryModified,2,1,2
eclipse.pde.ui-20120217-1437,org.eclipse.pde.internal.ui.editor,TableSection,selectionChanged,2,1,1
eclipse.pde.ui-20120217-1437,org.eclipse.pde.internal.ui.editor,TableSection,handleDoubleClick,2,1,1
eclipse.pde.ui-20120217-1437,org.eclipse.pde.internal.ui.editor,TableSection,enableButtons,2,1,0
eclipse.pde.ui-20120217-1437,org.eclipse.pde.internal.ui.editor,TableSection,createCount,3,1,0
eclipse.pde.ui-20120217-1437,org.eclipse.pde.internal.ui.editor,PartAdapter,PartAdapter,3,1,1
eclipse.pde.ui-20120217-1437,org.eclipse.pde.internal.ui.editor,PartAdapter,entryModified,3,1,2
eclipse.pde.ui-20120217-1437,org.eclipse.pde.internal.ui.editor,PartAdapter,selectionChanged,4,1,1
eclipse.pde.ui-20120217-1437,org.eclipse.pde.internal.ui.editor,PartAdapter,handleDoubleClick,3,1,1
eclipse.pde.ui-20120217-1437,org.eclipse.pde.internal.ui.editor,PartAdapter,buttonSelected,4,2,2
eclipse.pde.ui-20120217-1437,org.eclipse.pde.internal.ui.editor,PartAdapter,createButtons,18,2,2
eclipse.pde.ui-20120217-1437,org.eclipse.pde.internal.ui.editor,PartAdapter,paintControl,3,1,1
eclipse.pde.ui-20120217-1437,org.eclipse.pde.internal.ui.editor,PartAdapter,updateLabel,3,2,0
eclipse.pde.ui-20120217-1437,org.eclipse.pde.internal.ui.editor,ToggleLinkWithEditorAction,ToggleLinkWithEditorAction,10,1,1
eclipse.pde.ui-20120217-1437,org.eclipse.pde.internal.ui.editor,ToggleLinkWithEditorAction,run,4,2,0
eclipse.pde.ui-20120217-1437,org.eclipse.pde.internal.ui.editor,TreeSection,PartAdapter,3,1,1
eclipse.pde.ui-20120217-1437,org.eclipse.pde.internal.ui.editor,TreeSection,selectionChanged,4,1,1
eclipse.pde.ui-20120217-1437,org.eclipse.pde.internal.ui.editor,TreeSection,handleDoubleClick,3,1,1
eclipse.pde.ui-20120217-1437,org.eclipse.pde.internal.ui.editor,TreeSection,buttonSelected,4,2,2
eclipse.pde.ui-20120217-1437,org.eclipse.pde.internal.ui.editor,TreeSection,createButtons,8,2,2
eclipse.pde.ui-20120217-1437,org.eclipse.pde.internal.ui.editor,TreeSection,createTreeViewer,3,1,2
eclipse.pde.ui-20120217-1437,org.eclipse.pde.internal.ui.editor,TreeSection,TreeSection,3,1,4
eclipse.pde.ui-20120217-1437,org.eclipse.pde.internal.ui.editor,TreeSection,createViewerPart,3,1,1
eclipse.pde.ui-20120217-1437,org.eclipse.pde.internal.ui.editor,TreeSection,getTreePart,3,1,0
eclipse.pde.ui-20120217-1437,org.eclipse.pde.internal.ui.editor,TreeSection,createTreeViewer,3,1,2
eclipse.pde.ui-20120217-1437,org.eclipse.pde.internal.ui.editor,TreeSection,selectionChanged,2,1,1
eclipse.pde.ui-20120217-1437,org.eclipse.pde.internal.ui.editor,TreeSection,handleDoubleClick,5,1,1
eclipse.pde.ui-20120217-1437,org.eclipse.pde.internal.ui.editor,TreeSection,enableButtons,2,1,0
eclipse.pde.ui-20120217-1437,org.eclipse.pde.internal.ui.editor,PartAdapter,PartAdapter,3,1,1
eclipse.pde.ui-20120217-1437,org.eclipse.pde.internal.ui.editor,PartAdapter,selectionChanged,4,1,1
eclipse.pde.ui-20120217-1437,org.eclipse.pde.internal.ui.editor,PartAdapter,handleDoubleClick,3,1,1
eclipse.pde.ui-20120217-1437,org.eclipse.pde.internal.ui.editor,PartAdapter,buttonSelected,4,2,2
eclipse.pde.ui-20120217-1437,org.eclipse.pde.internal.ui.editor,PartAdapter,createButtons,8,2,2
eclipse.pde.ui-20120217-1437,org.eclipse.pde.internal.ui.editor,PartAdapter,createTreeViewer,3,1,2
eclipse.pde.ui-20120217-1437,org.eclipse.pde.internal.ui.editor,XMLSourcePage,XMLSourcePage,4,1,3
eclipse.pde.ui-20120217-1437,org.eclipse.pde.internal.ui.editor,XMLSourcePage,canLeaveThePage,3,1,0
eclipse.pde.ui-20120217-1437,org.eclipse.pde.internal.ui.editor,XMLSourcePage,collectContextMenuPreferencePages,7,1,0
eclipse.pde.ui-20120217-1437,org.eclipse.pde.internal.ui.editor,XMLSourcePage,createSourceViewerConfiguration,4,2,1
eclipse.pde.ui-20120217-1437,org.eclipse.pde.internal.ui.editor.actions,ActionMenu,ActionMenu,8,3,1
eclipse.pde.ui-20120217-1437,org.eclipse.pde.internal.ui.editor.actions,ActionMenu,run,3,2,0
eclipse.pde.ui-20120217-1437,org.eclipse.pde.internal.ui.editor.actions,ActionMenu,dispose,6,2,0
eclipse.pde.ui-20120217-1437,org.eclipse.pde.internal.ui.editor.actions,ActionMenu,getMenu,8,3,1
eclipse.pde.ui-20120217-1437,org.eclipse.pde.internal.ui.editor.actions,ActionMenu,getMenu,3,1,1
eclipse.pde.ui-20120217-1437,org.eclipse.pde.internal.ui.editor.actions,ActionMenu,addActionToMenu,4,1,2
eclipse.pde.ui-20120217-1437,org.eclipse.pde.internal.ui.editor.actions,CollapseAction,CollapseAction,6,1,4
eclipse.pde.ui-20120217-1437,org.eclipse.pde.internal.ui.editor.actions,CollapseAction,CollapseAction,6,1,2
eclipse.pde.ui-20120217-1437,org.eclipse.pde.internal.ui.editor.actions,CollapseAction,initialize,5,1,2
eclipse.pde.ui-20120217-1437,org.eclipse.pde.internal.ui.editor.actions,CollapseAction,run,14,3,0
eclipse.pde.ui-20120217-1437,org.eclipse.pde.internal.ui.editor.actions,FormatAction,FormatAction,3,1,0
eclipse.pde.ui-20120217-1437,org.eclipse.pde.internal.ui.editor.actions,FormatAction,runWithEvent,3,1,1
eclipse.pde.ui-20120217-1437,org.eclipse.pde.internal.ui.editor.actions,FormatAction,run,12,2,0
eclipse.pde.ui-20120217-1437,org.eclipse.pde.internal.ui.editor.actions,FormatAction,setTextEditor,4,1,1
eclipse.pde.ui-20120217-1437,org.eclipse.pde.internal.ui.editor.actions,FormatOperation,FormatOperation,3,1,1
eclipse.pde.ui-20120217-1437,org.eclipse.pde.internal.ui.editor.actions,FormatOperation,run,12,4,1
eclipse.pde.ui-20120217-1437,org.eclipse.pde.internal.ui.editor.actions,FormatOperation,format,18,5,2
eclipse.pde.ui-20120217-1437,org.eclipse.pde.internal.ui.editor.actions,FormatOperation,modifyModel,10,5,2
eclipse.pde.ui-20120217-1437,org.eclipse.pde.internal.ui.editor.actions,FormatOperation,saveOpenEditor,3,1,0
eclipse.pde.ui-20120217-1437,org.eclipse.pde.internal.ui.editor.actions,FormatOperation,formatBundle,6,2,1
eclipse.pde.ui-20120217-1437,org.eclipse.pde.internal.ui.editor.actions,FormatOperation,formatXML,2,1,1
eclipse.pde.ui-20120217-1437,org.eclipse.pde.internal.ui.editor.actions,HyperlinkAction,HyperlinkAction,4,1,0
eclipse.pde.ui-20120217-1437,org.eclipse.pde.internal.ui.editor.actions,HyperlinkAction,run,3,2,0
eclipse.pde.ui-20120217-1437,org.eclipse.pde.internal.ui.editor.actions,HyperlinkAction,getHyperLink,3,1,0
eclipse.pde.ui-20120217-1437,org.eclipse.pde.internal.ui.editor.actions,HyperlinkAction,removeListeners,5,2,0
eclipse.pde.ui-20120217-1437,org.eclipse.pde.internal.ui.editor.actions,HyperlinkAction,addListeners,5,2,0
eclipse.pde.ui-20120217-1437,org.eclipse.pde.internal.ui.editor.actions,HyperlinkAction,detectHyperlink,9,3,0
eclipse.pde.ui-20120217-1437,org.eclipse.pde.internal.ui.editor.actions,HyperlinkAction,setTextEditor,10,2,1
eclipse.pde.ui-20120217-1437,org.eclipse.pde.internal.ui.editor.actions,HyperlinkAction,hasDetector,3,1,0
eclipse.pde.ui-20120217-1437,org.eclipse.pde.internal.ui.editor.actions,HyperlinkAction,isTextDisposed,3,1,0
eclipse.pde.ui-20120217-1437,org.eclipse.pde.internal.ui.editor.actions,HyperlinkAction,generateActionText,12,8,0
eclipse.pde.ui-20120217-1437,org.eclipse.pde.internal.ui.editor.actions,HyperlinkAction,mouseDoubleClick,2,1,1
eclipse.pde.ui-20120217-1437,org.eclipse.pde.internal.ui.editor.actions,HyperlinkAction,mouseDown,2,1,1
eclipse.pde.ui-20120217-1437,org.eclipse.pde.internal.ui.editor.actions,HyperlinkAction,mouseUp,4,1,1
eclipse.pde.ui-20120217-1437,org.eclipse.pde.internal.ui.editor.actions,HyperlinkAction,keyPressed,4,1,1
eclipse.pde.ui-20120217-1437,org.eclipse.pde.internal.ui.editor.actions,HyperlinkAction,keyReleased,2,1,1
eclipse.pde.ui-20120217-1437,org.eclipse.pde.internal.ui.editor.actions,OpenSchemaAction,OpenSchemaAction,5,1,0
eclipse.pde.ui-20120217-1437,org.eclipse.pde.internal.ui.editor.actions,OpenSchemaAction,initialize,6,1,0
eclipse.pde.ui-20120217-1437,org.eclipse.pde.internal.ui.editor.actions,OpenSchemaAction,setInput,8,2,1
eclipse.pde.ui-20120217-1437,org.eclipse.pde.internal.ui.editor.actions,OpenSchemaAction,setInput,13,3,1
eclipse.pde.ui-20120217-1437,org.eclipse.pde.internal.ui.editor.actions,OpenSchemaAction,setInput,14,3,1
eclipse.pde.ui-20120217-1437,org.eclipse.pde.internal.ui.editor.actions,OpenSchemaAction,setInput,14,3,1
eclipse.pde.ui-20120217-1437,org.eclipse.pde.internal.ui.editor.actions,OpenSchemaAction,findSchema,12,3,1
eclipse.pde.ui-20120217-1437,org.eclipse.pde.internal.ui.editor.actions,OpenSchemaAction,displayErrorDialog,5,1,0
eclipse.pde.ui-20120217-1437,org.eclipse.pde.internal.ui.editor.actions,OpenSchemaAction,run,29,5,0
eclipse.pde.ui-20120217-1437,org.eclipse.pde.internal.ui.editor.actions,OpenSchemaAction,openSchemaFile,18,4,1
eclipse.pde.ui-20120217-1437,org.eclipse.pde.internal.ui.editor.actions,OpenSchemaAction,openSchemaJar,18,5,1
eclipse.pde.ui-20120217-1437,org.eclipse.pde.internal.ui.editor.actions,SortAction,SortAction,23,4,5
eclipse.pde.ui-20120217-1437,org.eclipse.pde.internal.ui.editor.actions,SortAction,run,11,2,0
eclipse.pde.ui-20120217-1437,org.eclipse.pde.internal.ui.editor.build,AddLibraryDialog,validate,10,7,1
eclipse.pde.ui-20120217-1437,org.eclipse.pde.internal.ui.editor.build,AddLibraryDialog,getElements,6,2,1
eclipse.pde.ui-20120217-1437,org.eclipse.pde.internal.ui.editor.build,AddLibraryDialog,getColumnText,3,1,2
eclipse.pde.ui-20120217-1437,org.eclipse.pde.internal.ui.editor.build,AddLibraryDialog,getColumnImage,3,1,2
eclipse.pde.ui-20120217-1437,org.eclipse.pde.internal.ui.editor.build,AddLibraryDialog,AddLibraryDialog,9,1,3
eclipse.pde.ui-20120217-1437,org.eclipse.pde.internal.ui.editor.build,AddLibraryDialog,setPluginModel,3,1,1
eclipse.pde.ui-20120217-1437,org.eclipse.pde.internal.ui.editor.build,AddLibraryDialog,initializeImages,4,1,0
eclipse.pde.ui-20120217-1437,org.eclipse.pde.internal.ui.editor.build,AddLibraryDialog,setLibraryNames,3,1,1
eclipse.pde.ui-20120217-1437,org.eclipse.pde.internal.ui.editor.build,AddLibraryDialog,createDialogArea,38,1,1
eclipse.pde.ui-20120217-1437,org.eclipse.pde.internal.ui.editor.build,AddLibraryDialog,modifyText,3,1,1
eclipse.pde.ui-20120217-1437,org.eclipse.pde.internal.ui.editor.build,AddLibraryDialog,selectionChanged,5,1,1
eclipse.pde.ui-20120217-1437,org.eclipse.pde.internal.ui.editor.build,AddLibraryDialog,configureShell,4,1,1
eclipse.pde.ui-20120217-1437,org.eclipse.pde.internal.ui.editor.build,AddLibraryDialog,open,5,1,0
eclipse.pde.ui-20120217-1437,org.eclipse.pde.internal.ui.editor.build,AddLibraryDialog,computeResult,2,1,0
eclipse.pde.ui-20120217-1437,org.eclipse.pde.internal.ui.editor.build,AddLibraryDialog,getNewName,3,1,0
eclipse.pde.ui-20120217-1437,org.eclipse.pde.internal.ui.editor.build,AddLibraryDialog,okPressed,4,1,0
eclipse.pde.ui-20120217-1437,org.eclipse.pde.internal.ui.editor.build,AddLibraryDialog,initializeValidator,3,1,0
eclipse.pde.ui-20120217-1437,org.eclipse.pde.internal.ui.editor.build,DuplicateStatusValidator,validate,10,7,1
eclipse.pde.ui-20120217-1437,org.eclipse.pde.internal.ui.editor.build,TableContentProvider,getElements,6,2,1
eclipse.pde.ui-20120217-1437,org.eclipse.pde.internal.ui.editor.build,TableLabelProvider,getColumnText,3,1,2
eclipse.pde.ui-20120217-1437,org.eclipse.pde.internal.ui.editor.build,TableLabelProvider,getColumnImage,3,1,2
eclipse.pde.ui-20120217-1437,org.eclipse.pde.internal.ui.editor.build,BinSection,BinSection,5,1,2
eclipse.pde.ui-20120217-1437,org.eclipse.pde.internal.ui.editor.build,BinSection,initializeCheckState,8,2,0
eclipse.pde.ui-20120217-1437,org.eclipse.pde.internal.ui.editor.build,BinSection,deleteFolderChildrenFromEntries,8,1,1
eclipse.pde.ui-20120217-1437,org.eclipse.pde.internal.ui.editor.build,BinSection,handleBuildCheckStateChange,12,2,1
eclipse.pde.ui-20120217-1437,org.eclipse.pde.internal.ui.editor.build,BinSection,modelChanged,48,14,1
eclipse.pde.ui-20120217-1437,org.eclipse.pde.internal.ui.editor.build,BuildClasspathSection,ElementSelectionValidator,5,1,2
eclipse.pde.ui-20120217-1437,org.eclipse.pde.internal.ui.editor.build,BuildClasspathSection,validate,6,2,1
eclipse.pde.ui-20120217-1437,org.eclipse.pde.internal.ui.editor.build,BuildClasspathSection,isOfAcceptedType,8,3,1
eclipse.pde.ui-20120217-1437,org.eclipse.pde.internal.ui.editor.build,BuildClasspathSection,isValid,15,5,1
eclipse.pde.ui-20120217-1437,org.eclipse.pde.internal.ui.editor.build,BuildClasspathSection,getElements,10,3,1
eclipse.pde.ui-20120217-1437,org.eclipse.pde.internal.ui.editor.build,BuildClasspathSection,getColumnText,3,1,2
eclipse.pde.ui-20120217-1437,org.eclipse.pde.internal.ui.editor.build,BuildClasspathSection,getColumnImage,4,1,2
eclipse.pde.ui-20120217-1437,org.eclipse.pde.internal.ui.editor.build,BuildClasspathSection,BuildClasspathSection,6,1,2
eclipse.pde.ui-20120217-1437,org.eclipse.pde.internal.ui.editor.build,BuildClasspathSection,getBuildModel,5,2,0
eclipse.pde.ui-20120217-1437,org.eclipse.pde.internal.ui.editor.build,BuildClasspathSection,initialize,5,1,0
eclipse.pde.ui-20120217-1437,org.eclipse.pde.internal.ui.editor.build,BuildClasspathSection,createClient,17,1,2
eclipse.pde.ui-20120217-1437,org.eclipse.pde.internal.ui.editor.build,BuildClasspathSection,fillContextMenu,21,1,1
eclipse.pde.ui-20120217-1437,org.eclipse.pde.internal.ui.editor.build,BuildClasspathSection,run,3,1,0
eclipse.pde.ui-20120217-1437,org.eclipse.pde.internal.ui.editor.build,BuildClasspathSection,run,3,1,0
eclipse.pde.ui-20120217-1437,org.eclipse.pde.internal.ui.editor.build,BuildClasspathSection,dispose,5,2,0
eclipse.pde.ui-20120217-1437,org.eclipse.pde.internal.ui.editor.build,BuildClasspathSection,refresh,3,1,0
eclipse.pde.ui-20120217-1437,org.eclipse.pde.internal.ui.editor.build,BuildClasspathSection,doGlobalAction,9,3,1
eclipse.pde.ui-20120217-1437,org.eclipse.pde.internal.ui.editor.build,BuildClasspathSection,enableSection,6,1,1
eclipse.pde.ui-20120217-1437,org.eclipse.pde.internal.ui.editor.build,BuildClasspathSection,selectionChanged,4,1,1
eclipse.pde.ui-20120217-1437,org.eclipse.pde.internal.ui.editor.build,BuildClasspathSection,handleDelete,17,4,0
eclipse.pde.ui-20120217-1437,org.eclipse.pde.internal.ui.editor.build,BuildClasspathSection,initializeDialogSettings,29,4,1
eclipse.pde.ui-20120217-1437,org.eclipse.pde.internal.ui.editor.build,BuildClasspathSection,select,16,4,3
eclipse.pde.ui-20120217-1437,org.eclipse.pde.internal.ui.editor.build,BuildClasspathSection,handleNew,13,4,0
eclipse.pde.ui-20120217-1437,org.eclipse.pde.internal.ui.editor.build,BuildClasspathSection,addClasspathToken,14,3,1
eclipse.pde.ui-20120217-1437,org.eclipse.pde.internal.ui.editor.build,BuildClasspathSection,getRelativePathTokenName,9,3,1
eclipse.pde.ui-20120217-1437,org.eclipse.pde.internal.ui.editor.build,BuildClasspathSection,buttonSelected,12,3,1
eclipse.pde.ui-20120217-1437,org.eclipse.pde.internal.ui.editor.build,BuildClasspathSection,modelChanged,16,6,1
eclipse.pde.ui-20120217-1437,org.eclipse.pde.internal.ui.editor.build,ElementSelectionValidator,ElementSelectionValidator,5,1,2
eclipse.pde.ui-20120217-1437,org.eclipse.pde.internal.ui.editor.build,ElementSelectionValidator,validate,6,2,1
eclipse.pde.ui-20120217-1437,org.eclipse.pde.internal.ui.editor.build,ElementSelectionValidator,isOfAcceptedType,8,3,1
eclipse.pde.ui-20120217-1437,org.eclipse.pde.internal.ui.editor.build,ElementSelectionValidator,isValid,15,5,1
eclipse.pde.ui-20120217-1437,org.eclipse.pde.internal.ui.editor.build,TableContentProvider,getElements,10,3,1
eclipse.pde.ui-20120217-1437,org.eclipse.pde.internal.ui.editor.build,TableLabelProvider,getColumnText,3,1,2
eclipse.pde.ui-20120217-1437,org.eclipse.pde.internal.ui.editor.build,TableLabelProvider,getColumnImage,4,1,2
eclipse.pde.ui-20120217-1437,org.eclipse.pde.internal.ui.editor.build,BuildContentsSection,getElements,11,2,1
eclipse.pde.ui-20120217-1437,org.eclipse.pde.internal.ui.editor.build,BuildContentsSection,getChildren,9,2,1
eclipse.pde.ui-20120217-1437,org.eclipse.pde.internal.ui.editor.build,BuildContentsSection,getFolderChildren,18,4,1
eclipse.pde.ui-20120217-1437,org.eclipse.pde.internal.ui.editor.build,BuildContentsSection,getParent,6,2,1
eclipse.pde.ui-20120217-1437,org.eclipse.pde.internal.ui.editor.build,BuildContentsSection,hasChildren,4,2,1
eclipse.pde.ui-20120217-1437,org.eclipse.pde.internal.ui.editor.build,BuildContentsSection,createViewerPartControl,14,1,4
eclipse.pde.ui-20120217-1437,org.eclipse.pde.internal.ui.editor.build,BuildContentsSection,menuAboutToShow,3,1,1
eclipse.pde.ui-20120217-1437,org.eclipse.pde.internal.ui.editor.build,BuildContentsSection,fillContextMenu,4,1,1
eclipse.pde.ui-20120217-1437,org.eclipse.pde.internal.ui.editor.build,BuildContentsSection,getBuildModel,4,1,0
eclipse.pde.ui-20120217-1437,org.eclipse.pde.internal.ui.editor.build,BuildContentsSection,BuildContentsSection,4,1,2
eclipse.pde.ui-20120217-1437,org.eclipse.pde.internal.ui.editor.build,BuildContentsSection,createClient,38,4,2
eclipse.pde.ui-20120217-1437,org.eclipse.pde.internal.ui.editor.build,BuildContentsSection,checkStateChanged,16,3,1
eclipse.pde.ui-20120217-1437,org.eclipse.pde.internal.ui.editor.build,BuildContentsSection,run,10,3,0
eclipse.pde.ui-20120217-1437,org.eclipse.pde.internal.ui.editor.build,BuildContentsSection,enableSection,3,1,1
eclipse.pde.ui-20120217-1437,org.eclipse.pde.internal.ui.editor.build,BuildContentsSection,handleCheckStateChanged,10,2,2
eclipse.pde.ui-20120217-1437,org.eclipse.pde.internal.ui.editor.build,BuildContentsSection,handleAllUnselected,21,5,2
eclipse.pde.ui-20120217-1437,org.eclipse.pde.internal.ui.editor.build,BuildContentsSection,setChildrenGrayed,9,3,2
eclipse.pde.ui-20120217-1437,org.eclipse.pde.internal.ui.editor.build,BuildContentsSection,setParentsChecked,6,2,1
eclipse.pde.ui-20120217-1437,org.eclipse.pde.internal.ui.editor.build,BuildContentsSection,deleteFolderChildrenFromEntries,0,1,1
eclipse.pde.ui-20120217-1437,org.eclipse.pde.internal.ui.editor.build,BuildContentsSection,initializeCheckState,3,1,0
eclipse.pde.ui-20120217-1437,org.eclipse.pde.internal.ui.editor.build,BuildContentsSection,initializeCheckState,63,18,2
eclipse.pde.ui-20120217-1437,org.eclipse.pde.internal.ui.editor.build,BuildContentsSection,run,58,18,0
eclipse.pde.ui-20120217-1437,org.eclipse.pde.internal.ui.editor.build,BuildContentsSection,run,53,18,0
eclipse.pde.ui-20120217-1437,org.eclipse.pde.internal.ui.editor.build,BuildContentsSection,handleBuildCheckStateChange,0,1,1
eclipse.pde.ui-20120217-1437,org.eclipse.pde.internal.ui.editor.build,BuildContentsSection,handleCheck,16,4,6
eclipse.pde.ui-20120217-1437,org.eclipse.pde.internal.ui.editor.build,BuildContentsSection,isValidIncludeEntry,10,5,4
eclipse.pde.ui-20120217-1437,org.eclipse.pde.internal.ui.editor.build,BuildContentsSection,handleUncheck,35,12,5
eclipse.pde.ui-20120217-1437,org.eclipse.pde.internal.ui.editor.build,BuildContentsSection,getResourceFolderName,3,1,1
eclipse.pde.ui-20120217-1437,org.eclipse.pde.internal.ui.editor.build,BuildContentsSection,handleResourceFolder,7,2,2
eclipse.pde.ui-20120217-1437,org.eclipse.pde.internal.ui.editor.build,BuildContentsSection,initialize,7,2,0
eclipse.pde.ui-20120217-1437,org.eclipse.pde.internal.ui.editor.build,BuildContentsSection,dispose,5,1,0
eclipse.pde.ui-20120217-1437,org.eclipse.pde.internal.ui.editor.build,BuildContentsSection,deleteEmptyEntries,12,3,0
eclipse.pde.ui-20120217-1437,org.eclipse.pde.internal.ui.editor.build,BuildContentsSection,getTreeViewer,3,1,0
eclipse.pde.ui-20120217-1437,org.eclipse.pde.internal.ui.editor.build,BuildContentsSection,getViewerSelection,3,1,0
eclipse.pde.ui-20120217-1437,org.eclipse.pde.internal.ui.editor.build,BuildContentsSection,refresh,4,1,0
eclipse.pde.ui-20120217-1437,org.eclipse.pde.internal.ui.editor.build,BuildContentsSection,uncheckAll,3,1,0
eclipse.pde.ui-20120217-1437,org.eclipse.pde.internal.ui.editor.build,BuildContentsSection,removeChildren,15,4,2
eclipse.pde.ui-20120217-1437,org.eclipse.pde.internal.ui.editor.build,BuildContentsSection,resourceChanged,14,4,1
eclipse.pde.ui-20120217-1437,org.eclipse.pde.internal.ui.editor.build,BuildContentsSection,visit,14,4,1
eclipse.pde.ui-20120217-1437,org.eclipse.pde.internal.ui.editor.build,BuildContentsSection,asyncRefresh,14,3,0
eclipse.pde.ui-20120217-1437,org.eclipse.pde.internal.ui.editor.build,BuildContentsSection,run,6,2,0
eclipse.pde.ui-20120217-1437,org.eclipse.pde.internal.ui.editor.build,BuildContentsSection,selectionChanged,3,1,1
eclipse.pde.ui-20120217-1437,org.eclipse.pde.internal.ui.editor.build,BuildContentsSection,modelChanged,29,7,1
eclipse.pde.ui-20120217-1437,org.eclipse.pde.internal.ui.editor.build,TreeContentProvider,getElements,11,2,1
eclipse.pde.ui-20120217-1437,org.eclipse.pde.internal.ui.editor.build,TreeContentProvider,getChildren,9,2,1
eclipse.pde.ui-20120217-1437,org.eclipse.pde.internal.ui.editor.build,TreeContentProvider,getFolderChildren,18,4,1
eclipse.pde.ui-20120217-1437,org.eclipse.pde.internal.ui.editor.build,TreeContentProvider,getParent,6,2,1
eclipse.pde.ui-20120217-1437,org.eclipse.pde.internal.ui.editor.build,TreeContentProvider,hasChildren,4,2,1
eclipse.pde.ui-20120217-1437,org.eclipse.pde.internal.ui.editor.build,BuildEditor,BuildEditor,2,1,0
eclipse.pde.ui-20120217-1437,org.eclipse.pde.internal.ui.editor.build,BuildEditor,getEditorID,3,1,0
eclipse.pde.ui-20120217-1437,org.eclipse.pde.internal.ui.editor.build,BuildEditor,createResourceContexts,5,1,2
eclipse.pde.ui-20120217-1437,org.eclipse.pde.internal.ui.editor.build,BuildEditor,createInputContextManager,5,1,0
eclipse.pde.ui-20120217-1437,org.eclipse.pde.internal.ui.editor.build,BuildEditor,monitoredFileAdded,10,4,1
eclipse.pde.ui-20120217-1437,org.eclipse.pde.internal.ui.editor.build,BuildEditor,monitoredFileRemoved,3,1,1
eclipse.pde.ui-20120217-1437,org.eclipse.pde.internal.ui.editor.build,BuildEditor,editorContextAdded,3,1,1
eclipse.pde.ui-20120217-1437,org.eclipse.pde.internal.ui.editor.build,BuildEditor,contextRemoved,3,1,1
eclipse.pde.ui-20120217-1437,org.eclipse.pde.internal.ui.editor.build,BuildEditor,createSystemFileContexts,3,1,2
eclipse.pde.ui-20120217-1437,org.eclipse.pde.internal.ui.editor.build,BuildEditor,createStorageContexts,3,1,2
eclipse.pde.ui-20120217-1437,org.eclipse.pde.internal.ui.editor.build,BuildEditor,addEditorPages,9,2,0
eclipse.pde.ui-20120217-1437,org.eclipse.pde.internal.ui.editor.build,BuildEditor,computeInitialPageId,7,2,0
eclipse.pde.ui-20120217-1437,org.eclipse.pde.internal.ui.editor.build,BuildEditor,createSourcePage,3,1,4
eclipse.pde.ui-20120217-1437,org.eclipse.pde.internal.ui.editor.build,BuildEditor,createContentOutline,3,1,0
eclipse.pde.ui-20120217-1437,org.eclipse.pde.internal.ui.editor.build,BuildEditor,getPropertySheet,3,1,1
eclipse.pde.ui-20120217-1437,org.eclipse.pde.internal.ui.editor.build,BuildEditor,getTitle,3,1,0
eclipse.pde.ui-20120217-1437,org.eclipse.pde.internal.ui.editor.build,BuildEditor,isModelCorrect,3,1,1
eclipse.pde.ui-20120217-1437,org.eclipse.pde.internal.ui.editor.build,BuildEditor,hasKnownTypes,14,4,0
eclipse.pde.ui-20120217-1437,org.eclipse.pde.internal.ui.editor.build,BuildEditor,getAdapter,6,2,1
eclipse.pde.ui-20120217-1437,org.eclipse.pde.internal.ui.editor.build,BuildEditor,getInputContext,7,2,1
eclipse.pde.ui-20120217-1437,org.eclipse.pde.internal.ui.editor.build,BuildEditor,contributeToToolbar,3,1,1
eclipse.pde.ui-20120217-1437,org.eclipse.pde.internal.ui.editor.build,BuildEditor,getExportAction,8,2,0
eclipse.pde.ui-20120217-1437,org.eclipse.pde.internal.ui.editor.build,BuildEditorContributor,BuildEditorContributor,3,1,0
eclipse.pde.ui-20120217-1437,org.eclipse.pde.internal.ui.editor.build,BuildEditorContributor,hasKnownTypes,3,1,1
eclipse.pde.ui-20120217-1437,org.eclipse.pde.internal.ui.editor.build,BuildEditorContributor,supportsHyperlinking,3,1,0
eclipse.pde.ui-20120217-1437,org.eclipse.pde.internal.ui.editor.build,BuildEditorContributor,supportsCorrectionAssist,3,1,0
eclipse.pde.ui-20120217-1437,org.eclipse.pde.internal.ui.editor.build,BuildHyperlinkDetector,BuildHyperlinkDetector,3,1,1
eclipse.pde.ui-20120217-1437,org.eclipse.pde.internal.ui.editor.build,BuildHyperlinkDetector,detectHyperlinks,11,6,3
eclipse.pde.ui-20120217-1437,org.eclipse.pde.internal.ui.editor.build,BuildHyperlinkDetector,matchLinkFor,28,11,2
eclipse.pde.ui-20120217-1437,org.eclipse.pde.internal.ui.editor.build,BuildHyperlinkDetector,skipChar,3,1,1
eclipse.pde.ui-20120217-1437,org.eclipse.pde.internal.ui.editor.build,BuildInputContext,BuildInputContext,4,1,3
eclipse.pde.ui-20120217-1437,org.eclipse.pde.internal.ui.editor.build,BuildInputContext,getDefaultCharset,3,1,0
eclipse.pde.ui-20120217-1437,org.eclipse.pde.internal.ui.editor.build,BuildInputContext,createModel,26,4,1
eclipse.pde.ui-20120217-1437,org.eclipse.pde.internal.ui.editor.build,BuildInputContext,getId,3,1,0
eclipse.pde.ui-20120217-1437,org.eclipse.pde.internal.ui.editor.build,BuildInputContext,addTextEditOperation,24,6,2
eclipse.pde.ui-20120217-1437,org.eclipse.pde.internal.ui.editor.build,BuildInputContext,insertKey,6,1,2
eclipse.pde.ui-20120217-1437,org.eclipse.pde.internal.ui.editor.build,BuildInputContext,deleteKey,7,2,2
eclipse.pde.ui-20120217-1437,org.eclipse.pde.internal.ui.editor.build,BuildInputContext,modifyKey,10,2,2
eclipse.pde.ui-20120217-1437,org.eclipse.pde.internal.ui.editor.build,BuildInputContext,doRevert,6,1,0
eclipse.pde.ui-20120217-1437,org.eclipse.pde.internal.ui.editor.build,BuildInputContext,getPartitionName,3,1,0
eclipse.pde.ui-20120217-1437,org.eclipse.pde.internal.ui.editor.build,BuildInputContextManager,BuildInputContextManager,3,1,1
eclipse.pde.ui-20120217-1437,org.eclipse.pde.internal.ui.editor.build,BuildInputContextManager,getAggregateModel,3,1,0
eclipse.pde.ui-20120217-1437,org.eclipse.pde.internal.ui.editor.build,BuildInputContextManager,findBuildModel,4,1,0
eclipse.pde.ui-20120217-1437,org.eclipse.pde.internal.ui.editor.build,BuildOutlinePage,BuildOutlinePage,3,1,1
eclipse.pde.ui-20120217-1437,org.eclipse.pde.internal.ui.editor.build,BuildOutlinePage,getChildren,11,4,1
eclipse.pde.ui-20120217-1437,org.eclipse.pde.internal.ui.editor.build,BuildOutlinePage,getParentPageId,6,3,1
eclipse.pde.ui-20120217-1437,org.eclipse.pde.internal.ui.editor.build,BuildPage,BuildPage,3,1,1
eclipse.pde.ui-20120217-1437,org.eclipse.pde.internal.ui.editor.build,BuildPage,getHelpResource,3,1,0
eclipse.pde.ui-20120217-1437,org.eclipse.pde.internal.ui.editor.build,BuildPage,createFormContent,33,1,1
eclipse.pde.ui-20120217-1437,org.eclipse.pde.internal.ui.editor.build,BuildPage,widgetSelected,6,1,1
eclipse.pde.ui-20120217-1437,org.eclipse.pde.internal.ui.editor.build,BuildPage,getBuildModel,4,1,0
eclipse.pde.ui-20120217-1437,org.eclipse.pde.internal.ui.editor.build,BuildPage,getCustomBuildEntry,13,2,0
eclipse.pde.ui-20120217-1437,org.eclipse.pde.internal.ui.editor.build,BuildPage,getCustomSelection,7,2,0
eclipse.pde.ui-20120217-1437,org.eclipse.pde.internal.ui.editor.build,BuildPage,handleCustomCheckState,4,1,1
eclipse.pde.ui-20120217-1437,org.eclipse.pde.internal.ui.editor.build,BuildPage,enableAllSections,6,1,1
eclipse.pde.ui-20120217-1437,org.eclipse.pde.internal.ui.editor.build,BuildPage,setCustomEntryValue,13,4,2
eclipse.pde.ui-20120217-1437,org.eclipse.pde.internal.ui.editor.build,BuildPage,getCustomText,3,1,0
eclipse.pde.ui-20120217-1437,org.eclipse.pde.internal.ui.editor.build,BuildSourcePage,getChildren,3,1,1
eclipse.pde.ui-20120217-1437,org.eclipse.pde.internal.ui.editor.build,BuildSourcePage,hasChildren,3,1,1
eclipse.pde.ui-20120217-1437,org.eclipse.pde.internal.ui.editor.build,BuildSourcePage,getParent,4,2,1
eclipse.pde.ui-20120217-1437,org.eclipse.pde.internal.ui.editor.build,BuildSourcePage,getElements,8,2,1
eclipse.pde.ui-20120217-1437,org.eclipse.pde.internal.ui.editor.build,BuildSourcePage,getText,6,2,1
eclipse.pde.ui-20120217-1437,org.eclipse.pde.internal.ui.editor.build,BuildSourcePage,getImage,4,2,1
eclipse.pde.ui-20120217-1437,org.eclipse.pde.internal.ui.editor.build,BuildSourcePage,BuildSourcePage,3,1,3
eclipse.pde.ui-20120217-1437,org.eclipse.pde.internal.ui.editor.build,BuildSourcePage,setPreferenceStore,3,1,1
eclipse.pde.ui-20120217-1437,org.eclipse.pde.internal.ui.editor.build,BuildSourcePage,createOutlineLabelProvider,3,1,0
eclipse.pde.ui-20120217-1437,org.eclipse.pde.internal.ui.editor.build,BuildSourcePage,createOutlineContentProvider,3,1,0
eclipse.pde.ui-20120217-1437,org.eclipse.pde.internal.ui.editor.build,BuildSourcePage,getRangeElement,5,2,1
eclipse.pde.ui-20120217-1437,org.eclipse.pde.internal.ui.editor.build,BuildSourcePage,findBuildNode,9,3,2
eclipse.pde.ui-20120217-1437,org.eclipse.pde.internal.ui.editor.build,BuildSourcePage,collectContextMenuPreferencePages,7,1,0
eclipse.pde.ui-20120217-1437,org.eclipse.pde.internal.ui.editor.build,BuildSourcePage,affectsTextPresentation,3,1,1
eclipse.pde.ui-20120217-1437,org.eclipse.pde.internal.ui.editor.build,BuildSourcePage,getRangeElement,9,3,2
eclipse.pde.ui-20120217-1437,org.eclipse.pde.internal.ui.editor.build,BuildSourcePage,getAdapter,4,2,1
eclipse.pde.ui-20120217-1437,org.eclipse.pde.internal.ui.editor.build,BuildSourcePage,updateSelection,8,2,1
eclipse.pde.ui-20120217-1437,org.eclipse.pde.internal.ui.editor.build,BuildSourcePage,createSourceViewerConfiguration,7,1,1
eclipse.pde.ui-20120217-1437,org.eclipse.pde.internal.ui.editor.build,BuildOutlineContentProvider,getChildren,3,1,1
eclipse.pde.ui-20120217-1437,org.eclipse.pde.internal.ui.editor.build,BuildOutlineContentProvider,hasChildren,3,1,1
eclipse.pde.ui-20120217-1437,org.eclipse.pde.internal.ui.editor.build,BuildOutlineContentProvider,getParent,4,2,1
eclipse.pde.ui-20120217-1437,org.eclipse.pde.internal.ui.editor.build,BuildOutlineContentProvider,getElements,8,2,1
eclipse.pde.ui-20120217-1437,org.eclipse.pde.internal.ui.editor.build,BuildLabelProvider,getText,6,2,1
eclipse.pde.ui-20120217-1437,org.eclipse.pde.internal.ui.editor.build,BuildLabelProvider,getImage,4,2,1
eclipse.pde.ui-20120217-1437,org.eclipse.pde.internal.ui.editor.build,BuildSourceViewerConfiguration,adaptToPreferenceChange,11,6,1
eclipse.pde.ui-20120217-1437,org.eclipse.pde.internal.ui.editor.build,BuildSourceViewerConfiguration,createTextAttribute,9,5,1
eclipse.pde.ui-20120217-1437,org.eclipse.pde.internal.ui.editor.build,BuildSourceViewerConfiguration,SingleTokenJavaScanner,5,1,1
eclipse.pde.ui-20120217-1437,org.eclipse.pde.internal.ui.editor.build,BuildSourceViewerConfiguration,affectsTextPresentation,3,1,1
eclipse.pde.ui-20120217-1437,org.eclipse.pde.internal.ui.editor.build,BuildSourceViewerConfiguration,getTokenAffected,3,1,1
eclipse.pde.ui-20120217-1437,org.eclipse.pde.internal.ui.editor.build,BuildSourceViewerConfiguration,initialize,3,1,0
eclipse.pde.ui-20120217-1437,org.eclipse.pde.internal.ui.editor.build,BuildSourceViewerConfiguration,isWordStart,13,2,1
eclipse.pde.ui-20120217-1437,org.eclipse.pde.internal.ui.editor.build,BuildSourceViewerConfiguration,isWordPart,3,1,1
eclipse.pde.ui-20120217-1437,org.eclipse.pde.internal.ui.editor.build,BuildSourceViewerConfiguration,PropertyValueScanner,4,1,0
eclipse.pde.ui-20120217-1437,org.eclipse.pde.internal.ui.editor.build,BuildSourceViewerConfiguration,affectsTextPresentation,3,1,1
eclipse.pde.ui-20120217-1437,org.eclipse.pde.internal.ui.editor.build,BuildSourceViewerConfiguration,getTokenAffected,6,3,1
eclipse.pde.ui-20120217-1437,org.eclipse.pde.internal.ui.editor.build,BuildSourceViewerConfiguration,initialize,15,1,0
eclipse.pde.ui-20120217-1437,org.eclipse.pde.internal.ui.editor.build,BuildSourceViewerConfiguration,isWhitespace,3,1,1
eclipse.pde.ui-20120217-1437,org.eclipse.pde.internal.ui.editor.build,BuildSourceViewerConfiguration,BuildSourceViewerConfiguration,4,1,3
eclipse.pde.ui-20120217-1437,org.eclipse.pde.internal.ui.editor.build,BuildSourceViewerConfiguration,initializeScanners,5,1,0
eclipse.pde.ui-20120217-1437,org.eclipse.pde.internal.ui.editor.build,BuildSourceViewerConfiguration,getPresentationReconciler,14,1,1
eclipse.pde.ui-20120217-1437,org.eclipse.pde.internal.ui.editor.build,BuildSourceViewerConfiguration,adaptToPreferenceChange,6,2,1
eclipse.pde.ui-20120217-1437,org.eclipse.pde.internal.ui.editor.build,BuildSourceViewerConfiguration,getConfiguredContentTypes,7,2,1
eclipse.pde.ui-20120217-1437,org.eclipse.pde.internal.ui.editor.build,BuildSourceViewerConfiguration,getConfiguredDocumentPartitioning,3,1,1
eclipse.pde.ui-20120217-1437,org.eclipse.pde.internal.ui.editor.build,BuildSourceViewerConfiguration,affectsTextPresentation,4,1,1
eclipse.pde.ui-20120217-1437,org.eclipse.pde.internal.ui.editor.build,BuildSourceViewerConfiguration,affectsColorPresentation,4,1,1
eclipse.pde.ui-20120217-1437,org.eclipse.pde.internal.ui.editor.build,AbstractJavaScanner,adaptToPreferenceChange,11,6,1
eclipse.pde.ui-20120217-1437,org.eclipse.pde.internal.ui.editor.build,AbstractJavaScanner,createTextAttribute,9,5,1
eclipse.pde.ui-20120217-1437,org.eclipse.pde.internal.ui.editor.build,SingleTokenJavaScanner,SingleTokenJavaScanner,5,1,1
eclipse.pde.ui-20120217-1437,org.eclipse.pde.internal.ui.editor.build,SingleTokenJavaScanner,affectsTextPresentation,3,1,1
eclipse.pde.ui-20120217-1437,org.eclipse.pde.internal.ui.editor.build,SingleTokenJavaScanner,getTokenAffected,3,1,1
eclipse.pde.ui-20120217-1437,org.eclipse.pde.internal.ui.editor.build,SingleTokenJavaScanner,initialize,3,1,0
eclipse.pde.ui-20120217-1437,org.eclipse.pde.internal.ui.editor.build,PropertyValueScanner,isWordStart,13,2,1
eclipse.pde.ui-20120217-1437,org.eclipse.pde.internal.ui.editor.build,PropertyValueScanner,isWordPart,3,1,1
eclipse.pde.ui-20120217-1437,org.eclipse.pde.internal.ui.editor.build,PropertyValueScanner,PropertyValueScanner,4,1,0
eclipse.pde.ui-20120217-1437,org.eclipse.pde.internal.ui.editor.build,PropertyValueScanner,affectsTextPresentation,3,1,1
eclipse.pde.ui-20120217-1437,org.eclipse.pde.internal.ui.editor.build,PropertyValueScanner,getTokenAffected,6,3,1
eclipse.pde.ui-20120217-1437,org.eclipse.pde.internal.ui.editor.build,PropertyValueScanner,initialize,15,1,0
eclipse.pde.ui-20120217-1437,org.eclipse.pde.internal.ui.editor.build,PropertyValueScanner,isWhitespace,3,1,1
eclipse.pde.ui-20120217-1437,org.eclipse.pde.internal.ui.editor.build,AssignmentDetector,isWordStart,13,2,1
eclipse.pde.ui-20120217-1437,org.eclipse.pde.internal.ui.editor.build,AssignmentDetector,isWordPart,3,1,1
eclipse.pde.ui-20120217-1437,org.eclipse.pde.internal.ui.editor.build,BuildUndoManager,BuildUndoManager,4,1,1
eclipse.pde.ui-20120217-1437,org.eclipse.pde.internal.ui.editor.build,BuildUndoManager,getPageId,4,2,1
eclipse.pde.ui-20120217-1437,org.eclipse.pde.internal.ui.editor.build,BuildUndoManager,execute,19,7,2
eclipse.pde.ui-20120217-1437,org.eclipse.pde.internal.ui.editor.build,BuildUndoManager,executeAdd,14,3,2
eclipse.pde.ui-20120217-1437,org.eclipse.pde.internal.ui.editor.build,BuildUndoManager,executeRemove,14,3,2
eclipse.pde.ui-20120217-1437,org.eclipse.pde.internal.ui.editor.build,BuildUndoManager,executeChange,11,2,4
eclipse.pde.ui-20120217-1437,org.eclipse.pde.internal.ui.editor.build,BuildUndoManager,modelChanged,10,4,1
eclipse.pde.ui-20120217-1437,org.eclipse.pde.internal.ui.editor.build,BuildUtil,getBuildLibraries,9,3,1
eclipse.pde.ui-20120217-1437,org.eclipse.pde.internal.ui.editor.build,JARFileFilter,JARFileFilter,3,1,0
eclipse.pde.ui-20120217-1437,org.eclipse.pde.internal.ui.editor.build,JARFileFilter,JARFileFilter,3,1,1
eclipse.pde.ui-20120217-1437,org.eclipse.pde.internal.ui.editor.build,JARFileFilter,select,16,6,3
eclipse.pde.ui-20120217-1437,org.eclipse.pde.internal.ui.editor.build,JARFileFilter,isFileValid,5,2,1
eclipse.pde.ui-20120217-1437,org.eclipse.pde.internal.ui.editor.build,JARFileFilter,isPathValid,3,1,1
eclipse.pde.ui-20120217-1437,org.eclipse.pde.internal.ui.editor.build,RuntimeInfoSection,PartAdapter,3,1,1
eclipse.pde.ui-20120217-1437,org.eclipse.pde.internal.ui.editor.build,RuntimeInfoSection,selectionChanged,9,3,1
eclipse.pde.ui-20120217-1437,org.eclipse.pde.internal.ui.editor.build,RuntimeInfoSection,handleDoubleClick,5,3,1
eclipse.pde.ui-20120217-1437,org.eclipse.pde.internal.ui.editor.build,RuntimeInfoSection,buttonSelected,17,6,2
eclipse.pde.ui-20120217-1437,org.eclipse.pde.internal.ui.editor.build,RuntimeInfoSection,getElements,17,7,1
eclipse.pde.ui-20120217-1437,org.eclipse.pde.internal.ui.editor.build,RuntimeInfoSection,getColumnText,5,2,2
eclipse.pde.ui-20120217-1437,org.eclipse.pde.internal.ui.editor.build,RuntimeInfoSection,getColumnImage,4,1,2
eclipse.pde.ui-20120217-1437,org.eclipse.pde.internal.ui.editor.build,RuntimeInfoSection,hasChildren,5,3,1
eclipse.pde.ui-20120217-1437,org.eclipse.pde.internal.ui.editor.build,RuntimeInfoSection,getElements,3,1,1
eclipse.pde.ui-20120217-1437,org.eclipse.pde.internal.ui.editor.build,RuntimeInfoSection,getColumnText,3,1,2
eclipse.pde.ui-20120217-1437,org.eclipse.pde.internal.ui.editor.build,RuntimeInfoSection,getColumnImage,4,1,2
eclipse.pde.ui-20120217-1437,org.eclipse.pde.internal.ui.editor.build,RuntimeInfoSection,RuntimeInfoSection,7,1,2
eclipse.pde.ui-20120217-1437,org.eclipse.pde.internal.ui.editor.build,RuntimeInfoSection,getBuildModel,5,2,0
eclipse.pde.ui-20120217-1437,org.eclipse.pde.internal.ui.editor.build,RuntimeInfoSection,handleLibInBinBuild,37,12,2
eclipse.pde.ui-20120217-1437,org.eclipse.pde.internal.ui.editor.build,RuntimeInfoSection,addAllJarsToBinIncludes,18,6,3
eclipse.pde.ui-20120217-1437,org.eclipse.pde.internal.ui.editor.build,RuntimeInfoSection,setOutputEntryTokens,13,4,2
eclipse.pde.ui-20120217-1437,org.eclipse.pde.internal.ui.editor.build,RuntimeInfoSection,computeSourceFolders,19,4,0
eclipse.pde.ui-20120217-1437,org.eclipse.pde.internal.ui.editor.build,RuntimeInfoSection,createClient,12,1,2
eclipse.pde.ui-20120217-1437,org.eclipse.pde.internal.ui.editor.build,RuntimeInfoSection,createLeftSection,21,1,2
eclipse.pde.ui-20120217-1437,org.eclipse.pde.internal.ui.editor.build,RuntimeInfoSection,menuAboutToShow,3,1,1
eclipse.pde.ui-20120217-1437,org.eclipse.pde.internal.ui.editor.build,RuntimeInfoSection,createRightSection,22,1,2
eclipse.pde.ui-20120217-1437,org.eclipse.pde.internal.ui.editor.build,RuntimeInfoSection,selectionChanged,2,1,1
eclipse.pde.ui-20120217-1437,org.eclipse.pde.internal.ui.editor.build,RuntimeInfoSection,menuAboutToShow,3,1,1
eclipse.pde.ui-20120217-1437,org.eclipse.pde.internal.ui.editor.build,RuntimeInfoSection,createContainer,8,1,2
eclipse.pde.ui-20120217-1437,org.eclipse.pde.internal.ui.editor.build,RuntimeInfoSection,fillFolderViewerContextMenu,32,2,1
eclipse.pde.ui-20120217-1437,org.eclipse.pde.internal.ui.editor.build,RuntimeInfoSection,run,3,1,0
eclipse.pde.ui-20120217-1437,org.eclipse.pde.internal.ui.editor.build,RuntimeInfoSection,run,3,1,0
eclipse.pde.ui-20120217-1437,org.eclipse.pde.internal.ui.editor.build,RuntimeInfoSection,run,3,1,0
eclipse.pde.ui-20120217-1437,org.eclipse.pde.internal.ui.editor.build,RuntimeInfoSection,fillLibraryContextMenu,29,1,1
eclipse.pde.ui-20120217-1437,org.eclipse.pde.internal.ui.editor.build,RuntimeInfoSection,run,3,1,0
eclipse.pde.ui-20120217-1437,org.eclipse.pde.internal.ui.editor.build,RuntimeInfoSection,run,3,1,0
eclipse.pde.ui-20120217-1437,org.eclipse.pde.internal.ui.editor.build,RuntimeInfoSection,run,3,1,0
eclipse.pde.ui-20120217-1437,org.eclipse.pde.internal.ui.editor.build,RuntimeInfoSection,entryModified,24,8,2
eclipse.pde.ui-20120217-1437,org.eclipse.pde.internal.ui.editor.build,RuntimeInfoSection,enableSection,6,1,1
eclipse.pde.ui-20120217-1437,org.eclipse.pde.internal.ui.editor.build,RuntimeInfoSection,doGlobalAction,8,4,1
eclipse.pde.ui-20120217-1437,org.eclipse.pde.internal.ui.editor.build,RuntimeInfoSection,doRename,19,4,0
eclipse.pde.ui-20120217-1437,org.eclipse.pde.internal.ui.editor.build,RuntimeInfoSection,isValid,4,2,1
eclipse.pde.ui-20120217-1437,org.eclipse.pde.internal.ui.editor.build,RuntimeInfoSection,dispose,5,2,0
eclipse.pde.ui-20120217-1437,org.eclipse.pde.internal.ui.editor.build,RuntimeInfoSection,refreshOutputKeys,44,8,0
eclipse.pde.ui-20120217-1437,org.eclipse.pde.internal.ui.editor.build,RuntimeInfoSection,isJavaProject,10,1,0
eclipse.pde.ui-20120217-1437,org.eclipse.pde.internal.ui.editor.build,RuntimeInfoSection,isReadOnly,5,2,0
eclipse.pde.ui-20120217-1437,org.eclipse.pde.internal.ui.editor.build,RuntimeInfoSection,update,11,4,1
eclipse.pde.ui-20120217-1437,org.eclipse.pde.internal.ui.editor.build,RuntimeInfoSection,updateDirectionalButtons,6,1,0
eclipse.pde.ui-20120217-1437,org.eclipse.pde.internal.ui.editor.build,RuntimeInfoSection,getLibraryNames,5,2,0
eclipse.pde.ui-20120217-1437,org.eclipse.pde.internal.ui.editor.build,RuntimeInfoSection,handleNew,53,11,0
eclipse.pde.ui-20120217-1437,org.eclipse.pde.internal.ui.editor.build,RuntimeInfoSection,run,45,11,0
eclipse.pde.ui-20120217-1437,org.eclipse.pde.internal.ui.editor.build,RuntimeInfoSection,getSourceFolder,4,3,2
eclipse.pde.ui-20120217-1437,org.eclipse.pde.internal.ui.editor.build,RuntimeInfoSection,handleDelete,46,12,0
eclipse.pde.ui-20120217-1437,org.eclipse.pde.internal.ui.editor.build,RuntimeInfoSection,handleDeleteFolder,12,3,0
eclipse.pde.ui-20120217-1437,org.eclipse.pde.internal.ui.editor.build,RuntimeInfoSection,openSelectFolderDialog,30,5,3
eclipse.pde.ui-20120217-1437,org.eclipse.pde.internal.ui.editor.build,RuntimeInfoSection,select,4,2,3
eclipse.pde.ui-20120217-1437,org.eclipse.pde.internal.ui.editor.build,RuntimeInfoSection,validate,7,3,1
eclipse.pde.ui-20120217-1437,org.eclipse.pde.internal.ui.editor.build,RuntimeInfoSection,handleNewFolder,14,2,0
eclipse.pde.ui-20120217-1437,org.eclipse.pde.internal.ui.editor.build,RuntimeInfoSection,handleRenameFolder,14,2,1
eclipse.pde.ui-20120217-1437,org.eclipse.pde.internal.ui.editor.build,RuntimeInfoSection,updateJarsCompileOrder,31,7,1
eclipse.pde.ui-20120217-1437,org.eclipse.pde.internal.ui.editor.build,RuntimeInfoSection,modelChanged,39,14,1
eclipse.pde.ui-20120217-1437,org.eclipse.pde.internal.ui.editor.build,RuntimeInfoSection,getLibrarySelection,4,1,0
eclipse.pde.ui-20120217-1437,org.eclipse.pde.internal.ui.editor.build,PartAdapter,PartAdapter,3,1,1
eclipse.pde.ui-20120217-1437,org.eclipse.pde.internal.ui.editor.build,PartAdapter,selectionChanged,9,3,1
eclipse.pde.ui-20120217-1437,org.eclipse.pde.internal.ui.editor.build,PartAdapter,handleDoubleClick,5,3,1
eclipse.pde.ui-20120217-1437,org.eclipse.pde.internal.ui.editor.build,PartAdapter,buttonSelected,17,6,2
eclipse.pde.ui-20120217-1437,org.eclipse.pde.internal.ui.editor.build,LibraryContentProvider,getElements,17,7,1
eclipse.pde.ui-20120217-1437,org.eclipse.pde.internal.ui.editor.build,LibraryLabelProvider,getColumnText,5,2,2
eclipse.pde.ui-20120217-1437,org.eclipse.pde.internal.ui.editor.build,LibraryLabelProvider,getColumnImage,4,1,2
eclipse.pde.ui-20120217-1437,org.eclipse.pde.internal.ui.editor.build,JarsNewContentProvider,hasChildren,5,3,1
eclipse.pde.ui-20120217-1437,org.eclipse.pde.internal.ui.editor.build,FolderContentProvider,getElements,3,1,1
eclipse.pde.ui-20120217-1437,org.eclipse.pde.internal.ui.editor.build,FolderLabelProvider,getColumnText,3,1,2
eclipse.pde.ui-20120217-1437,org.eclipse.pde.internal.ui.editor.build,FolderLabelProvider,getColumnImage,4,1,2
eclipse.pde.ui-20120217-1437,org.eclipse.pde.internal.ui.editor.build,SrcSection,SrcSection,5,1,2
eclipse.pde.ui-20120217-1437,org.eclipse.pde.internal.ui.editor.build,SrcSection,initializeCheckState,8,2,0
eclipse.pde.ui-20120217-1437,org.eclipse.pde.internal.ui.editor.build,SrcSection,deleteFolderChildrenFromEntries,8,1,1
eclipse.pde.ui-20120217-1437,org.eclipse.pde.internal.ui.editor.build,SrcSection,handleBuildCheckStateChange,11,2,1
eclipse.pde.ui-20120217-1437,org.eclipse.pde.internal.ui.editor.category,CategoryDetailsSection,CategoryDetailsSection,3,1,2
eclipse.pde.ui-20120217-1437,org.eclipse.pde.internal.ui.editor.category,CategoryDetailsSection,CategoryDetailsSection,6,1,5
eclipse.pde.ui-20120217-1437,org.eclipse.pde.internal.ui.editor.category,CategoryDetailsSection,alreadyExists,10,4,1
eclipse.pde.ui-20120217-1437,org.eclipse.pde.internal.ui.editor.category,CategoryDetailsSection,applyValue,25,7,2
eclipse.pde.ui-20120217-1437,org.eclipse.pde.internal.ui.editor.category,CategoryDetailsSection,cancelEdit,6,1,0
eclipse.pde.ui-20120217-1437,org.eclipse.pde.internal.ui.editor.category,CategoryDetailsSection,canPaste,10,4,1
eclipse.pde.ui-20120217-1437,org.eclipse.pde.internal.ui.editor.category,CategoryDetailsSection,clearField,5,4,1
eclipse.pde.ui-20120217-1437,org.eclipse.pde.internal.ui.editor.category,CategoryDetailsSection,clearFields,5,1,0
eclipse.pde.ui-20120217-1437,org.eclipse.pde.internal.ui.editor.category,CategoryDetailsSection,commit,6,1,1
eclipse.pde.ui-20120217-1437,org.eclipse.pde.internal.ui.editor.category,CategoryDetailsSection,createClient,63,3,2
eclipse.pde.ui-20120217-1437,org.eclipse.pde.internal.ui.editor.category,CategoryDetailsSection,textValueChanged,15,2,1
eclipse.pde.ui-20120217-1437,org.eclipse.pde.internal.ui.editor.category,CategoryDetailsSection,textValueChanged,8,1,1
eclipse.pde.ui-20120217-1437,org.eclipse.pde.internal.ui.editor.category,CategoryDetailsSection,textValueChanged,8,1,1
eclipse.pde.ui-20120217-1437,org.eclipse.pde.internal.ui.editor.category,CategoryDetailsSection,dispose,5,2,0
eclipse.pde.ui-20120217-1437,org.eclipse.pde.internal.ui.editor.category,CategoryDetailsSection,limitTextWidth,4,1,1
eclipse.pde.ui-20120217-1437,org.eclipse.pde.internal.ui.editor.category,CategoryDetailsSection,modelChanged,3,1,1
eclipse.pde.ui-20120217-1437,org.eclipse.pde.internal.ui.editor.category,CategoryDetailsSection,bringFeatures,15,4,1
eclipse.pde.ui-20120217-1437,org.eclipse.pde.internal.ui.editor.category,CategoryDetailsSection,refresh,11,2,0
eclipse.pde.ui-20120217-1437,org.eclipse.pde.internal.ui.editor.category,CategoryDetailsSection,selectionChanged,13,3,2
eclipse.pde.ui-20120217-1437,org.eclipse.pde.internal.ui.editor.category,CategoryDetailsSection,setFocus,3,2,0
eclipse.pde.ui-20120217-1437,org.eclipse.pde.internal.ui.editor.category,CategoryDetailsSection,setValue,18,6,1
eclipse.pde.ui-20120217-1437,org.eclipse.pde.internal.ui.editor.category,CategoryEditor,getEditorID,3,1,0
eclipse.pde.ui-20120217-1437,org.eclipse.pde.internal.ui.editor.category,CategoryEditor,createResourceContexts,4,1,2
eclipse.pde.ui-20120217-1437,org.eclipse.pde.internal.ui.editor.category,CategoryEditor,createInputContextManager,5,1,0
eclipse.pde.ui-20120217-1437,org.eclipse.pde.internal.ui.editor.category,CategoryEditor,monitoredFileAdded,2,1,1
eclipse.pde.ui-20120217-1437,org.eclipse.pde.internal.ui.editor.category,CategoryEditor,monitoredFileRemoved,3,1,1
eclipse.pde.ui-20120217-1437,org.eclipse.pde.internal.ui.editor.category,CategoryEditor,editorContextAdded,2,1,1
eclipse.pde.ui-20120217-1437,org.eclipse.pde.internal.ui.editor.category,CategoryEditor,contextRemoved,3,1,1
eclipse.pde.ui-20120217-1437,org.eclipse.pde.internal.ui.editor.category,CategoryEditor,createSystemFileContexts,10,1,2
eclipse.pde.ui-20120217-1437,org.eclipse.pde.internal.ui.editor.category,CategoryEditor,createStorageContexts,3,1,2
eclipse.pde.ui-20120217-1437,org.eclipse.pde.internal.ui.editor.category,CategoryEditor,contextMenuAboutToShow,3,1,1
eclipse.pde.ui-20120217-1437,org.eclipse.pde.internal.ui.editor.category,CategoryEditor,addEditorPages,8,1,0
eclipse.pde.ui-20120217-1437,org.eclipse.pde.internal.ui.editor.category,CategoryEditor,computeInitialPageId,3,1,0
eclipse.pde.ui-20120217-1437,org.eclipse.pde.internal.ui.editor.category,CategoryEditor,createContentOutline,3,1,0
eclipse.pde.ui-20120217-1437,org.eclipse.pde.internal.ui.editor.category,CategoryEditor,getInputContext,7,2,1
eclipse.pde.ui-20120217-1437,org.eclipse.pde.internal.ui.editor.category,CategoryEditorContributor,CategoryEditorContributor,3,1,0
eclipse.pde.ui-20120217-1437,org.eclipse.pde.internal.ui.editor.category,CategoryEditorContributor,hasKnownTypes,3,1,1
eclipse.pde.ui-20120217-1437,org.eclipse.pde.internal.ui.editor.category,CategoryInputContext,CategoryInputContext,4,1,3
eclipse.pde.ui-20120217-1437,org.eclipse.pde.internal.ui.editor.category,CategoryInputContext,createModel,25,4,1
eclipse.pde.ui-20120217-1437,org.eclipse.pde.internal.ui.editor.category,CategoryInputContext,createWorkspaceModel,16,1,3
eclipse.pde.ui-20120217-1437,org.eclipse.pde.internal.ui.editor.category,CategoryInputContext,createStorageModel,16,1,1
eclipse.pde.ui-20120217-1437,org.eclipse.pde.internal.ui.editor.category,CategoryInputContext,dispose,7,2,0
eclipse.pde.ui-20120217-1437,org.eclipse.pde.internal.ui.editor.category,CategoryInputContext,flushModel,17,4,1
eclipse.pde.ui-20120217-1437,org.eclipse.pde.internal.ui.editor.category,CategoryInputContext,synchronizeModel,23,1,1
eclipse.pde.ui-20120217-1437,org.eclipse.pde.internal.ui.editor.category,CategoryInputContext,getId,3,1,0
eclipse.pde.ui-20120217-1437,org.eclipse.pde.internal.ui.editor.category,CategoryInputContext,addTextEditOperation,2,1,2
eclipse.pde.ui-20120217-1437,org.eclipse.pde.internal.ui.editor.category,CategoryInputContext,reorderInsertEdits,2,1,1
eclipse.pde.ui-20120217-1437,org.eclipse.pde.internal.ui.editor.category,CategoryInputContext,getPartitionName,3,1,0
eclipse.pde.ui-20120217-1437,org.eclipse.pde.internal.ui.editor.category,CategoryInputContextManager,CategoryInputContextManager,3,1,1
eclipse.pde.ui-20120217-1437,org.eclipse.pde.internal.ui.editor.category,CategoryInputContextManager,getAggregateModel,3,1,0
eclipse.pde.ui-20120217-1437,org.eclipse.pde.internal.ui.editor.category,CategoryInputContextManager,findSiteModel,4,1,0
eclipse.pde.ui-20120217-1437,org.eclipse.pde.internal.ui.editor.category,CategoryLabelProvider,CategoryLabelProvider,8,1,0
eclipse.pde.ui-20120217-1437,org.eclipse.pde.internal.ui.editor.category,CategoryLabelProvider,getImage,9,5,1
eclipse.pde.ui-20120217-1437,org.eclipse.pde.internal.ui.editor.category,CategoryLabelProvider,getText,9,4,1
eclipse.pde.ui-20120217-1437,org.eclipse.pde.internal.ui.editor.category,CategoryLabelProvider,dispose,20,5,0
eclipse.pde.ui-20120217-1437,org.eclipse.pde.internal.ui.editor.category,CategoryOutlinePage,CategoryOutlinePage,3,1,1
eclipse.pde.ui-20120217-1437,org.eclipse.pde.internal.ui.editor.category,CategoryOutlinePage,getChildren,40,12,1
eclipse.pde.ui-20120217-1437,org.eclipse.pde.internal.ui.editor.category,CategoryOutlinePage,getParentPageId,6,3,1
eclipse.pde.ui-20120217-1437,org.eclipse.pde.internal.ui.editor.category,CategoryOutlinePage,createLabelProvider,4,1,0
eclipse.pde.ui-20120217-1437,org.eclipse.pde.internal.ui.editor.category,CategoryOutlinePage,dispose,4,2,0
eclipse.pde.ui-20120217-1437,org.eclipse.pde.internal.ui.editor.category,CategorySection,getElements,12,4,1
eclipse.pde.ui-20120217-1437,org.eclipse.pde.internal.ui.editor.category,CategorySection,getChildren,17,5,1
eclipse.pde.ui-20120217-1437,org.eclipse.pde.internal.ui.editor.category,CategorySection,getParent,3,1,1
eclipse.pde.ui-20120217-1437,org.eclipse.pde.internal.ui.editor.category,CategorySection,hasChildren,15,5,1
eclipse.pde.ui-20120217-1437,org.eclipse.pde.internal.ui.editor.category,CategorySection,CategorySection,5,1,2
eclipse.pde.ui-20120217-1437,org.eclipse.pde.internal.ui.editor.category,CategorySection,createClient,99,12,2
eclipse.pde.ui-20120217-1437,org.eclipse.pde.internal.ui.editor.category,CategorySection,dragEnter,7,2,1
eclipse.pde.ui-20120217-1437,org.eclipse.pde.internal.ui.editor.category,CategorySection,dragOperationChanged,7,2,1
eclipse.pde.ui-20120217-1437,org.eclipse.pde.internal.ui.editor.category,CategorySection,dragOver,7,2,1
eclipse.pde.ui-20120217-1437,org.eclipse.pde.internal.ui.editor.category,CategorySection,determineLocation,15,4,1
eclipse.pde.ui-20120217-1437,org.eclipse.pde.internal.ui.editor.category,CategorySection,performDrop,16,4,1
eclipse.pde.ui-20120217-1437,org.eclipse.pde.internal.ui.editor.category,CategorySection,validateDrop,3,1,3
eclipse.pde.ui-20120217-1437,org.eclipse.pde.internal.ui.editor.category,CategorySection,dragStart,6,2,1
eclipse.pde.ui-20120217-1437,org.eclipse.pde.internal.ui.editor.category,CategorySection,dragSetData,4,1,1
eclipse.pde.ui-20120217-1437,org.eclipse.pde.internal.ui.editor.category,CategorySection,dragFinished,2,1,1
eclipse.pde.ui-20120217-1437,org.eclipse.pde.internal.ui.editor.category,CategorySection,categoryExists,9,3,1
eclipse.pde.ui-20120217-1437,org.eclipse.pde.internal.ui.editor.category,CategorySection,copyFeature,9,3,2
eclipse.pde.ui-20120217-1437,org.eclipse.pde.internal.ui.editor.category,CategorySection,addCategory,15,4,2
eclipse.pde.ui-20120217-1437,org.eclipse.pde.internal.ui.editor.category,CategorySection,moveFeature,12,4,2
eclipse.pde.ui-20120217-1437,org.eclipse.pde.internal.ui.editor.category,CategorySection,buttonSelected,10,3,1
eclipse.pde.ui-20120217-1437,org.eclipse.pde.internal.ui.editor.category,CategorySection,handleDoubleClick,8,2,1
eclipse.pde.ui-20120217-1437,org.eclipse.pde.internal.ui.editor.category,CategorySection,selectionChanged,3,1,1
eclipse.pde.ui-20120217-1437,org.eclipse.pde.internal.ui.editor.category,CategorySection,handleAddCategoryDefinition,17,2,0
eclipse.pde.ui-20120217-1437,org.eclipse.pde.internal.ui.editor.category,CategorySection,handleRemove,23,7,0
eclipse.pde.ui-20120217-1437,org.eclipse.pde.internal.ui.editor.category,CategorySection,handleRemoveCategoryDefinition,20,5,1
eclipse.pde.ui-20120217-1437,org.eclipse.pde.internal.ui.editor.category,CategorySection,handleRemoveSiteFeatureAdapter,16,3,1
eclipse.pde.ui-20120217-1437,org.eclipse.pde.internal.ui.editor.category,CategorySection,removeCategory,11,4,2
eclipse.pde.ui-20120217-1437,org.eclipse.pde.internal.ui.editor.category,CategorySection,findRealFeature,10,3,1
eclipse.pde.ui-20120217-1437,org.eclipse.pde.internal.ui.editor.category,CategorySection,dispose,7,2,0
eclipse.pde.ui-20120217-1437,org.eclipse.pde.internal.ui.editor.category,CategorySection,fillContextMenu,11,1,1
eclipse.pde.ui-20120217-1437,org.eclipse.pde.internal.ui.editor.category,CategorySection,run,3,1,0
eclipse.pde.ui-20120217-1437,org.eclipse.pde.internal.ui.editor.category,CategorySection,doGlobalAction,18,5,1
eclipse.pde.ui-20120217-1437,org.eclipse.pde.internal.ui.editor.category,CategorySection,refresh,4,1,0
eclipse.pde.ui-20120217-1437,org.eclipse.pde.internal.ui.editor.category,CategorySection,modelChanged,3,1,1
eclipse.pde.ui-20120217-1437,org.eclipse.pde.internal.ui.editor.category,CategorySection,initialize,5,1,0
eclipse.pde.ui-20120217-1437,org.eclipse.pde.internal.ui.editor.category,CategorySection,doPaste,14,4,2
eclipse.pde.ui-20120217-1437,org.eclipse.pde.internal.ui.editor.category,CategorySection,canPaste,18,7,2
eclipse.pde.ui-20120217-1437,org.eclipse.pde.internal.ui.editor.category,CategorySection,findFeature,5,2,1
eclipse.pde.ui-20120217-1437,org.eclipse.pde.internal.ui.editor.category,CategorySection,handleNewFeature,24,4,0
eclipse.pde.ui-20120217-1437,org.eclipse.pde.internal.ui.editor.category,CategorySection,run,18,4,0
eclipse.pde.ui-20120217-1437,org.eclipse.pde.internal.ui.editor.category,CategorySection,canAdd,9,3,1
eclipse.pde.ui-20120217-1437,org.eclipse.pde.internal.ui.editor.category,CategorySection,createSiteFeature,13,1,2
eclipse.pde.ui-20120217-1437,org.eclipse.pde.internal.ui.editor.category,CategorySection,formatVersion,9,1,1
eclipse.pde.ui-20120217-1437,org.eclipse.pde.internal.ui.editor.category,CategorySection,isFeaturePatch,7,3,1
eclipse.pde.ui-20120217-1437,org.eclipse.pde.internal.ui.editor.category,CategorySection,getModel,3,1,0
eclipse.pde.ui-20120217-1437,org.eclipse.pde.internal.ui.editor.category,CategorySection,doAdd,29,8,1
eclipse.pde.ui-20120217-1437,org.eclipse.pde.internal.ui.editor.category,CategorySection,fireSelection,3,1,0
eclipse.pde.ui-20120217-1437,org.eclipse.pde.internal.ui.editor.category,CategorySection,setFormInput,15,4,1
eclipse.pde.ui-20120217-1437,org.eclipse.pde.internal.ui.editor.category,CategorySection,expandCategory,11,4,1
eclipse.pde.ui-20120217-1437,org.eclipse.pde.internal.ui.editor.category,CategorySection,modelsChanged,3,1,1
eclipse.pde.ui-20120217-1437,org.eclipse.pde.internal.ui.editor.category,CategoryContentProvider,getElements,12,4,1
eclipse.pde.ui-20120217-1437,org.eclipse.pde.internal.ui.editor.category,CategoryContentProvider,getChildren,17,5,1
eclipse.pde.ui-20120217-1437,org.eclipse.pde.internal.ui.editor.category,CategoryContentProvider,getParent,3,1,1
eclipse.pde.ui-20120217-1437,org.eclipse.pde.internal.ui.editor.category,CategoryContentProvider,hasChildren,15,5,1
eclipse.pde.ui-20120217-1437,org.eclipse.pde.internal.ui.editor.category,CategoryUndoManager,CategoryUndoManager,4,1,1
eclipse.pde.ui-20120217-1437,org.eclipse.pde.internal.ui.editor.category,CategoryUndoManager,getPageId,6,2,1
eclipse.pde.ui-20120217-1437,org.eclipse.pde.internal.ui.editor.category,CategoryUndoManager,execute,19,7,2
eclipse.pde.ui-20120217-1437,org.eclipse.pde.internal.ui.editor.category,CategoryUndoManager,executeAdd,26,6,2
eclipse.pde.ui-20120217-1437,org.eclipse.pde.internal.ui.editor.category,CategoryUndoManager,executeRemove,26,6,2
eclipse.pde.ui-20120217-1437,org.eclipse.pde.internal.ui.editor.category,CategoryUndoManager,executeChange,11,2,4
eclipse.pde.ui-20120217-1437,org.eclipse.pde.internal.ui.editor.category,CategoryUndoManager,modelChanged,10,4,1
eclipse.pde.ui-20120217-1437,org.eclipse.pde.internal.ui.editor.category,FeatureDetailsSection,FeatureDetailsSection,3,1,2
eclipse.pde.ui-20120217-1437,org.eclipse.pde.internal.ui.editor.category,FeatureDetailsSection,FeatureDetailsSection,6,1,5
eclipse.pde.ui-20120217-1437,org.eclipse.pde.internal.ui.editor.category,FeatureDetailsSection,applyIsPatch,4,2,1
eclipse.pde.ui-20120217-1437,org.eclipse.pde.internal.ui.editor.category,FeatureDetailsSection,applyValue,5,4,2
eclipse.pde.ui-20120217-1437,org.eclipse.pde.internal.ui.editor.category,FeatureDetailsSection,cancelEdit,4,1,0
eclipse.pde.ui-20120217-1437,org.eclipse.pde.internal.ui.editor.category,FeatureDetailsSection,canPaste,10,4,1
eclipse.pde.ui-20120217-1437,org.eclipse.pde.internal.ui.editor.category,FeatureDetailsSection,clearField,3,2,1
eclipse.pde.ui-20120217-1437,org.eclipse.pde.internal.ui.editor.category,FeatureDetailsSection,clearFields,4,1,0
eclipse.pde.ui-20120217-1437,org.eclipse.pde.internal.ui.editor.category,FeatureDetailsSection,commit,9,1,1
eclipse.pde.ui-20120217-1437,org.eclipse.pde.internal.ui.editor.category,FeatureDetailsSection,createClient,33,3,2
eclipse.pde.ui-20120217-1437,org.eclipse.pde.internal.ui.editor.category,FeatureDetailsSection,textValueChanged,14,2,1
eclipse.pde.ui-20120217-1437,org.eclipse.pde.internal.ui.editor.category,FeatureDetailsSection,createPatchButton,18,1,2
eclipse.pde.ui-20120217-1437,org.eclipse.pde.internal.ui.editor.category,FeatureDetailsSection,widgetSelected,8,1,1
eclipse.pde.ui-20120217-1437,org.eclipse.pde.internal.ui.editor.category,FeatureDetailsSection,dispose,5,2,0
eclipse.pde.ui-20120217-1437,org.eclipse.pde.internal.ui.editor.category,FeatureDetailsSection,limitTextWidth,4,1,1
eclipse.pde.ui-20120217-1437,org.eclipse.pde.internal.ui.editor.category,FeatureDetailsSection,modelChanged,3,1,1
eclipse.pde.ui-20120217-1437,org.eclipse.pde.internal.ui.editor.category,FeatureDetailsSection,refresh,11,2,0
eclipse.pde.ui-20120217-1437,org.eclipse.pde.internal.ui.editor.category,FeatureDetailsSection,selectionChanged,13,3,2
eclipse.pde.ui-20120217-1437,org.eclipse.pde.internal.ui.editor.category,FeatureDetailsSection,setFocus,3,2,0
eclipse.pde.ui-20120217-1437,org.eclipse.pde.internal.ui.editor.category,FeatureDetailsSection,setValue,8,3,1
eclipse.pde.ui-20120217-1437,org.eclipse.pde.internal.ui.editor.category,FeaturesPage,SiteFeaturesBlock,3,1,0
eclipse.pde.ui-20120217-1437,org.eclipse.pde.internal.ui.editor.category,FeaturesPage,createMasterSection,4,1,2
eclipse.pde.ui-20120217-1437,org.eclipse.pde.internal.ui.editor.category,FeaturesPage,registerPages,15,5,1
eclipse.pde.ui-20120217-1437,org.eclipse.pde.internal.ui.editor.category,FeaturesPage,getPageKey,5,3,1
eclipse.pde.ui-20120217-1437,org.eclipse.pde.internal.ui.editor.category,FeaturesPage,getPage,5,3,1
eclipse.pde.ui-20120217-1437,org.eclipse.pde.internal.ui.editor.category,FeaturesPage,FeaturesPage,4,1,1
eclipse.pde.ui-20120217-1437,org.eclipse.pde.internal.ui.editor.category,FeaturesPage,createFormContent,9,1,1
eclipse.pde.ui-20120217-1437,org.eclipse.pde.internal.ui.editor.category,FeaturesPage,createFeatureDetails,11,1,0
eclipse.pde.ui-20120217-1437,org.eclipse.pde.internal.ui.editor.category,FeaturesPage,createSections,3,1,2
eclipse.pde.ui-20120217-1437,org.eclipse.pde.internal.ui.editor.category,FeaturesPage,getContextId,3,1,0
eclipse.pde.ui-20120217-1437,org.eclipse.pde.internal.ui.editor.category,FeaturesPage,createCategoryDetails,11,1,0
eclipse.pde.ui-20120217-1437,org.eclipse.pde.internal.ui.editor.category,FeaturesPage,createSections,3,1,2
eclipse.pde.ui-20120217-1437,org.eclipse.pde.internal.ui.editor.category,FeaturesPage,getContextId,3,1,0
eclipse.pde.ui-20120217-1437,org.eclipse.pde.internal.ui.editor.category,FeaturesPage,getHelpResource,3,1,0
eclipse.pde.ui-20120217-1437,org.eclipse.pde.internal.ui.editor.category,SiteFeaturesBlock,SiteFeaturesBlock,3,1,0
eclipse.pde.ui-20120217-1437,org.eclipse.pde.internal.ui.editor.category,SiteFeaturesBlock,createMasterSection,4,1,2
eclipse.pde.ui-20120217-1437,org.eclipse.pde.internal.ui.editor.category,SiteFeaturesBlock,registerPages,15,5,1
eclipse.pde.ui-20120217-1437,org.eclipse.pde.internal.ui.editor.category,SiteFeaturesBlock,getPageKey,5,3,1
eclipse.pde.ui-20120217-1437,org.eclipse.pde.internal.ui.editor.category,SiteFeaturesBlock,getPage,5,3,1
eclipse.pde.ui-20120217-1437,org.eclipse.pde.internal.ui.editor.category,SiteFeatureAdapter,SiteFeatureAdapter,4,1,2
eclipse.pde.ui-20120217-1437,org.eclipse.pde.internal.ui.editor.category,SiteFeatureAdapter,write,3,1,2
eclipse.pde.ui-20120217-1437,org.eclipse.pde.internal.ui.editor.category,SiteFeatureAdapter,equals,16,3,1
eclipse.pde.ui-20120217-1437,org.eclipse.pde.internal.ui.editor.category,SiteFeatureAdapter,hashCode,13,4,0
eclipse.pde.ui-20120217-1437,org.eclipse.pde.internal.ui.editor.contentassist,ManifestContentAssistProcessor,compare,3,1,2
eclipse.pde.ui-20120217-1437,org.eclipse.pde.internal.ui.editor.contentassist,ManifestContentAssistProcessor,ManifestContentAssistProcessor,3,1,1
eclipse.pde.ui-20120217-1437,org.eclipse.pde.internal.ui.editor.contentassist,ManifestContentAssistProcessor,computeCompletionProposals,14,2,2
eclipse.pde.ui-20120217-1437,org.eclipse.pde.internal.ui.editor.contentassist,ManifestContentAssistProcessor,parseDocument,30,6,1
eclipse.pde.ui-20120217-1437,org.eclipse.pde.internal.ui.editor.contentassist,ManifestContentAssistProcessor,containsNewHeader,10,4,1
eclipse.pde.ui-20120217-1437,org.eclipse.pde.internal.ui.editor.contentassist,ManifestContentAssistProcessor,shouldStoreSet,3,1,1
eclipse.pde.ui-20120217-1437,org.eclipse.pde.internal.ui.editor.contentassist,ManifestContentAssistProcessor,computeCompletionProposals,9,2,3
eclipse.pde.ui-20120217-1437,org.eclipse.pde.internal.ui.editor.contentassist,ManifestContentAssistProcessor,isHeader,9,4,3
eclipse.pde.ui-20120217-1437,org.eclipse.pde.internal.ui.editor.contentassist,ManifestContentAssistProcessor,computeHeader,11,3,3
eclipse.pde.ui-20120217-1437,org.eclipse.pde.internal.ui.editor.contentassist,ManifestContentAssistProcessor,computeValue,24,14,3
eclipse.pde.ui-20120217-1437,org.eclipse.pde.internal.ui.editor.contentassist,ManifestContentAssistProcessor,handleBundleNameCompletion,17,5,2
eclipse.pde.ui-20120217-1437,org.eclipse.pde.internal.ui.editor.contentassist,ManifestContentAssistProcessor,handleImportPackageCompletion,44,12,2
eclipse.pde.ui-20120217-1437,org.eclipse.pde.internal.ui.editor.contentassist,ManifestContentAssistProcessor,handleXFriendsCompletion,12,5,2
eclipse.pde.ui-20120217-1437,org.eclipse.pde.internal.ui.editor.contentassist,ManifestContentAssistProcessor,handleFragmentHostCompletion,27,7,2
eclipse.pde.ui-20120217-1437,org.eclipse.pde.internal.ui.editor.contentassist,ManifestContentAssistProcessor,handleRequireBundleCompletion,24,7,2
eclipse.pde.ui-20120217-1437,org.eclipse.pde.internal.ui.editor.contentassist,ManifestContentAssistProcessor,getBundleVersionCompletions,14,5,3
eclipse.pde.ui-20120217-1437,org.eclipse.pde.internal.ui.editor.contentassist,ManifestContentAssistProcessor,getVersionProposal,24,5,1
eclipse.pde.ui-20120217-1437,org.eclipse.pde.internal.ui.editor.contentassist,ManifestContentAssistProcessor,handleBundleCompletions,16,5,5
eclipse.pde.ui-20120217-1437,org.eclipse.pde.internal.ui.editor.contentassist,ManifestContentAssistProcessor,handleExportPackageCompletion,40,11,2
eclipse.pde.ui-20120217-1437,org.eclipse.pde.internal.ui.editor.contentassist,ManifestContentAssistProcessor,handleBundleActivatorCompletion,9,1,2
eclipse.pde.ui-20120217-1437,org.eclipse.pde.internal.ui.editor.contentassist,ManifestContentAssistProcessor,handleBundleSymbolicNameCompletion,20,5,2
eclipse.pde.ui-20120217-1437,org.eclipse.pde.internal.ui.editor.contentassist,ManifestContentAssistProcessor,handleBundleActivationPolicyCompletion,35,8,2
eclipse.pde.ui-20120217-1437,org.eclipse.pde.internal.ui.editor.contentassist,ManifestContentAssistProcessor,handleBuddyPolicyCompletion,13,6,2
eclipse.pde.ui-20120217-1437,org.eclipse.pde.internal.ui.editor.contentassist,ManifestContentAssistProcessor,handleRequiredExecEnv,11,5,2
eclipse.pde.ui-20120217-1437,org.eclipse.pde.internal.ui.editor.contentassist,ManifestContentAssistProcessor,handleTrueFalseValue,8,4,2
eclipse.pde.ui-20120217-1437,org.eclipse.pde.internal.ui.editor.contentassist,ManifestContentAssistProcessor,handleEclipseBundleShape,8,3,2
eclipse.pde.ui-20120217-1437,org.eclipse.pde.internal.ui.editor.contentassist,ManifestContentAssistProcessor,matchValueCompletion,3,1,4
eclipse.pde.ui-20120217-1437,org.eclipse.pde.internal.ui.editor.contentassist,ManifestContentAssistProcessor,matchValueCompletion,21,5,5
eclipse.pde.ui-20120217-1437,org.eclipse.pde.internal.ui.editor.contentassist,ManifestContentAssistProcessor,handleAttrsAndDirectives,20,5,4
eclipse.pde.ui-20120217-1437,org.eclipse.pde.internal.ui.editor.contentassist,ManifestContentAssistProcessor,addPackageCompletions,12,4,4
eclipse.pde.ui-20120217-1437,org.eclipse.pde.internal.ui.editor.contentassist,ManifestContentAssistProcessor,parseHeaderForValues,11,2,2
eclipse.pde.ui-20120217-1437,org.eclipse.pde.internal.ui.editor.contentassist,ManifestContentAssistProcessor,findFullLine,28,4,3
eclipse.pde.ui-20120217-1437,org.eclipse.pde.internal.ui.editor.contentassist,ManifestContentAssistProcessor,toIntArray,10,3,1
eclipse.pde.ui-20120217-1437,org.eclipse.pde.internal.ui.editor.contentassist,ManifestContentAssistProcessor,initializeNewList,5,2,1
eclipse.pde.ui-20120217-1437,org.eclipse.pde.internal.ui.editor.contentassist,ManifestContentAssistProcessor,insideQuotes,7,3,1
eclipse.pde.ui-20120217-1437,org.eclipse.pde.internal.ui.editor.contentassist,ManifestContentAssistProcessor,assistSessionEnded,3,1,1
eclipse.pde.ui-20120217-1437,org.eclipse.pde.internal.ui.editor.contentassist,ManifestContentAssistProcessor,assistSessionStarted,2,1,1
eclipse.pde.ui-20120217-1437,org.eclipse.pde.internal.ui.editor.contentassist,ManifestContentAssistProcessor,selectionChanged,2,1,2
eclipse.pde.ui-20120217-1437,org.eclipse.pde.internal.ui.editor.contentassist,ManifestContentAssistProcessor,getImage,26,11,1
eclipse.pde.ui-20120217-1437,org.eclipse.pde.internal.ui.editor.contentassist,ManifestContentAssistProcessor,dispose,3,3,0
eclipse.pde.ui-20120217-1437,org.eclipse.pde.internal.ui.editor.contentassist,ManifestContentAssistProcessor,getJavaDoc,7,2,1
eclipse.pde.ui-20120217-1437,org.eclipse.pde.internal.ui.editor.contentassist,TypeCompletionProposal,TypeCompletionProposal,3,1,3
eclipse.pde.ui-20120217-1437,org.eclipse.pde.internal.ui.editor.contentassist,TypeCompletionProposal,TypeCompletionProposal,8,1,5
eclipse.pde.ui-20120217-1437,org.eclipse.pde.internal.ui.editor.contentassist,TypeCompletionProposal,apply,10,2,1
eclipse.pde.ui-20120217-1437,org.eclipse.pde.internal.ui.editor.contentassist,TypeCompletionProposal,getAdditionalProposalInfo,3,1,0
eclipse.pde.ui-20120217-1437,org.eclipse.pde.internal.ui.editor.contentassist,TypeCompletionProposal,getContextInformation,3,1,0
eclipse.pde.ui-20120217-1437,org.eclipse.pde.internal.ui.editor.contentassist,TypeCompletionProposal,getDisplayString,3,1,0
eclipse.pde.ui-20120217-1437,org.eclipse.pde.internal.ui.editor.contentassist,TypeCompletionProposal,getImage,3,1,0
eclipse.pde.ui-20120217-1437,org.eclipse.pde.internal.ui.editor.contentassist,TypeCompletionProposal,getSelection,4,2,1
eclipse.pde.ui-20120217-1437,org.eclipse.pde.internal.ui.editor.contentassist,TypeCompletionProposal,getReplacementString,3,1,0
eclipse.pde.ui-20120217-1437,org.eclipse.pde.internal.ui.editor.contentassist,TypeCompletionProposal,getAdditionalProposalInfo,3,1,1
eclipse.pde.ui-20120217-1437,org.eclipse.pde.internal.ui.editor.contentassist,TypeCompletionProposal,setAdditionalProposalInfo,3,1,1
eclipse.pde.ui-20120217-1437,org.eclipse.pde.internal.ui.editor.contentassist,TypeCompletionProposal,getInformationControlCreator,12,3,0
eclipse.pde.ui-20120217-1437,org.eclipse.pde.internal.ui.editor.contentassist,TypeCompletionProposal,doCreateInformationControl,4,2,1
eclipse.pde.ui-20120217-1437,org.eclipse.pde.internal.ui.editor.contentassist,TypeCompletionProposal,getPrefixCompletionStart,3,1,2
eclipse.pde.ui-20120217-1437,org.eclipse.pde.internal.ui.editor.contentassist,TypeCompletionProposal,getPrefixCompletionText,3,1,2
eclipse.pde.ui-20120217-1437,org.eclipse.pde.internal.ui.editor.contentassist,TypeCompletionProposal,isAutoInsertable,3,1,0
eclipse.pde.ui-20120217-1437,org.eclipse.pde.internal.ui.editor.contentassist,TypeContentProposal,TypeContentProposal,6,1,4
eclipse.pde.ui-20120217-1437,org.eclipse.pde.internal.ui.editor.contentassist,TypeContentProposal,getContent,3,1,0
eclipse.pde.ui-20120217-1437,org.eclipse.pde.internal.ui.editor.contentassist,TypeContentProposal,getCursorPosition,6,2,0
eclipse.pde.ui-20120217-1437,org.eclipse.pde.internal.ui.editor.contentassist,TypeContentProposal,getDescription,3,1,0
eclipse.pde.ui-20120217-1437,org.eclipse.pde.internal.ui.editor.contentassist,TypeContentProposal,getLabel,3,1,0
eclipse.pde.ui-20120217-1437,org.eclipse.pde.internal.ui.editor.contentassist,TypeContentProposal,getImage,3,1,0
eclipse.pde.ui-20120217-1437,org.eclipse.pde.internal.ui.editor.contentassist,TypeContentProposal,toString,3,1,0
eclipse.pde.ui-20120217-1437,org.eclipse.pde.internal.ui.editor.contentassist,TypeContentProposalListener,TypeContentProposalListener,2,1,0
eclipse.pde.ui-20120217-1437,org.eclipse.pde.internal.ui.editor.contentassist,TypeContentProposalListener,proposalAccepted,2,1,1
eclipse.pde.ui-20120217-1437,org.eclipse.pde.internal.ui.editor.contentassist,TypeContentProposalListener,proposalPopupClosed,6,2,1
eclipse.pde.ui-20120217-1437,org.eclipse.pde.internal.ui.editor.contentassist,TypeContentProposalListener,proposalPopupOpened,2,1,1
eclipse.pde.ui-20120217-1437,org.eclipse.pde.internal.ui.editor.contentassist,TypeContentProposalProvider,TypeContentProposalProvider,6,1,2
eclipse.pde.ui-20120217-1437,org.eclipse.pde.internal.ui.editor.contentassist,TypeContentProposalProvider,TypeComparator,2,1,0
eclipse.pde.ui-20120217-1437,org.eclipse.pde.internal.ui.editor.contentassist,TypeContentProposalProvider,compare,5,1,2
eclipse.pde.ui-20120217-1437,org.eclipse.pde.internal.ui.editor.contentassist,TypeContentProposalProvider,getProposals,13,3,2
eclipse.pde.ui-20120217-1437,org.eclipse.pde.internal.ui.editor.contentassist,TypeContentProposalProvider,reset,3,1,0
eclipse.pde.ui-20120217-1437,org.eclipse.pde.internal.ui.editor.contentassist,TypeContentProposalProvider,addProposalToCollection,4,1,6
eclipse.pde.ui-20120217-1437,org.eclipse.pde.internal.ui.editor.contentassist,TypeContentProposalProvider,endsWithDot,7,2,1
eclipse.pde.ui-20120217-1437,org.eclipse.pde.internal.ui.editor.contentassist,TypeContentProposalProvider,generateContentProposals,6,1,1
eclipse.pde.ui-20120217-1437,org.eclipse.pde.internal.ui.editor.contentassist,TypeContentProposalProvider,convertResultsToSortedProposals,11,2,1
eclipse.pde.ui-20120217-1437,org.eclipse.pde.internal.ui.editor.contentassist,TypeContentProposalProvider,filterContentProposals,20,4,1
eclipse.pde.ui-20120217-1437,org.eclipse.pde.internal.ui.editor.contentassist,TypeComparator,TypeComparator,2,1,0
eclipse.pde.ui-20120217-1437,org.eclipse.pde.internal.ui.editor.contentassist,TypeComparator,compare,5,1,2
eclipse.pde.ui-20120217-1437,org.eclipse.pde.internal.ui.editor.contentassist,TypeFieldAssistDisposer,TypeFieldAssistDisposer,4,1,2
eclipse.pde.ui-20120217-1437,org.eclipse.pde.internal.ui.editor.contentassist,TypeFieldAssistDisposer,dispose,14,4,0
eclipse.pde.ui-20120217-1437,org.eclipse.pde.internal.ui.editor.contentassist,TypePackageCompletionProcessor,generateClassCompletion,0,1,3
eclipse.pde.ui-20120217-1437,org.eclipse.pde.internal.ui.editor.contentassist,TypePackageCompletionProcessor,generatePackageCompletion,0,1,1
eclipse.pde.ui-20120217-1437,org.eclipse.pde.internal.ui.editor.contentassist,TypePackageCompletionProcessor,TypePackageCompletionProcessor,3,1,0
eclipse.pde.ui-20120217-1437,org.eclipse.pde.internal.ui.editor.contentassist,TypePackageCompletionProcessor,computeCompletionProposals,3,1,2
eclipse.pde.ui-20120217-1437,org.eclipse.pde.internal.ui.editor.contentassist,TypePackageCompletionProcessor,computeContextInformation,3,1,2
eclipse.pde.ui-20120217-1437,org.eclipse.pde.internal.ui.editor.contentassist,TypePackageCompletionProcessor,getCompletionProposalAutoActivationCharacters,3,1,0
eclipse.pde.ui-20120217-1437,org.eclipse.pde.internal.ui.editor.contentassist,TypePackageCompletionProcessor,getContextInformationAutoActivationCharacters,3,1,0
eclipse.pde.ui-20120217-1437,org.eclipse.pde.internal.ui.editor.contentassist,TypePackageCompletionProcessor,getContextInformationValidator,3,1,0
eclipse.pde.ui-20120217-1437,org.eclipse.pde.internal.ui.editor.contentassist,TypePackageCompletionProcessor,getErrorMessage,3,1,0
eclipse.pde.ui-20120217-1437,org.eclipse.pde.internal.ui.editor.contentassist,TypePackageCompletionProcessor,generateTypePackageProposals,3,1,5
eclipse.pde.ui-20120217-1437,org.eclipse.pde.internal.ui.editor.contentassist,TypePackageCompletionProcessor,generateTypePackageProposals,6,2,6
eclipse.pde.ui-20120217-1437,org.eclipse.pde.internal.ui.editor.contentassist,TypePackageCompletionProcessor,generateProposals,45,5,6
eclipse.pde.ui-20120217-1437,org.eclipse.pde.internal.ui.editor.contentassist,TypePackageCompletionProcessor,TypePackageCompletionRequestor,5,1,0
eclipse.pde.ui-20120217-1437,org.eclipse.pde.internal.ui.editor.contentassist,TypePackageCompletionProcessor,accept,22,4,1
eclipse.pde.ui-20120217-1437,org.eclipse.pde.internal.ui.editor.contentassist,TypePackageCompletionProcessor,getWorkingCopy,15,6,1
eclipse.pde.ui-20120217-1437,org.eclipse.pde.internal.ui.editor.contentassist,TypePackageCompletionProcessor,generateTypeProposals,34,3,6
eclipse.pde.ui-20120217-1437,org.eclipse.pde.internal.ui.editor.contentassist,TypePackageCompletionProcessor,acceptType,8,1,5
eclipse.pde.ui-20120217-1437,org.eclipse.pde.internal.ui.editor.contentassist,TypePackageCompletionProcessor,sortCompletions,3,1,1
eclipse.pde.ui-20120217-1437,org.eclipse.pde.internal.ui.editor.contentassist,TypePackageCompletionProcessor,getComparator,16,2,0
eclipse.pde.ui-20120217-1437,org.eclipse.pde.internal.ui.editor.contentassist,TypePackageCompletionProcessor,compare,5,1,2
eclipse.pde.ui-20120217-1437,org.eclipse.pde.internal.ui.editor.contentassist,TypePackageCompletionProcessor,getSortKey,3,1,1
eclipse.pde.ui-20120217-1437,org.eclipse.pde.internal.ui.editor.contentassist,TypePackageCompletionProcessor,removeLeadingSpaces,6,3,1
eclipse.pde.ui-20120217-1437,org.eclipse.pde.internal.ui.editor.contentassist,TypePackageCompletionProcessor,addProposalToCollection,4,1,6
eclipse.pde.ui-20120217-1437,org.eclipse.pde.internal.ui.editor.contentassist,ProposalGenerator,generateClassCompletion,0,1,3
eclipse.pde.ui-20120217-1437,org.eclipse.pde.internal.ui.editor.contentassist,ProposalGenerator,generatePackageCompletion,0,1,1
eclipse.pde.ui-20120217-1437,org.eclipse.pde.internal.ui.editor.contentassist,TypePackageCompletionRequestor,TypePackageCompletionRequestor,5,1,0
eclipse.pde.ui-20120217-1437,org.eclipse.pde.internal.ui.editor.contentassist,TypePackageCompletionRequestor,accept,22,4,1
eclipse.pde.ui-20120217-1437,org.eclipse.pde.internal.ui.editor.contentassist,TypeProposalLabelProvider,TypeProposalLabelProvider,2,1,0
eclipse.pde.ui-20120217-1437,org.eclipse.pde.internal.ui.editor.contentassist,TypeProposalLabelProvider,getImage,6,2,1
eclipse.pde.ui-20120217-1437,org.eclipse.pde.internal.ui.editor.contentassist,VirtualSchemaObject,VirtualSchemaObject,5,1,3
eclipse.pde.ui-20120217-1437,org.eclipse.pde.internal.ui.editor.contentassist,VirtualSchemaObject,getDescription,9,3,0
eclipse.pde.ui-20120217-1437,org.eclipse.pde.internal.ui.editor.contentassist,VirtualSchemaObject,getName,3,1,0
eclipse.pde.ui-20120217-1437,org.eclipse.pde.internal.ui.editor.contentassist,VirtualSchemaObject,getParent,3,1,0
eclipse.pde.ui-20120217-1437,org.eclipse.pde.internal.ui.editor.contentassist,VirtualSchemaObject,getSchema,3,1,0
eclipse.pde.ui-20120217-1437,org.eclipse.pde.internal.ui.editor.contentassist,VirtualSchemaObject,setParent,2,1,1
eclipse.pde.ui-20120217-1437,org.eclipse.pde.internal.ui.editor.contentassist,VirtualSchemaObject,getAdapter,3,1,1
eclipse.pde.ui-20120217-1437,org.eclipse.pde.internal.ui.editor.contentassist,VirtualSchemaObject,write,2,1,2
eclipse.pde.ui-20120217-1437,org.eclipse.pde.internal.ui.editor.contentassist,VirtualSchemaObject,getVType,3,1,0
eclipse.pde.ui-20120217-1437,org.eclipse.pde.internal.ui.editor.contentassist,VirtualSchemaObject,setVType,3,1,1
eclipse.pde.ui-20120217-1437,org.eclipse.pde.internal.ui.editor.contentassist,VirtualSchemaObject,getSchemaDescription,16,4,1
eclipse.pde.ui-20120217-1437,org.eclipse.pde.internal.ui.editor.contentassist,XMLCompletionProposal,XMLCompletionProposal,9,1,4
eclipse.pde.ui-20120217-1437,org.eclipse.pde.internal.ui.editor.contentassist,XMLCompletionProposal,apply,35,8,1
eclipse.pde.ui-20120217-1437,org.eclipse.pde.internal.ui.editor.contentassist,XMLCompletionProposal,applyVirtual,31,10,5
eclipse.pde.ui-20120217-1437,org.eclipse.pde.internal.ui.editor.contentassist,XMLCompletionProposal,applyAttributeValue,20,4,2
eclipse.pde.ui-20120217-1437,org.eclipse.pde.internal.ui.editor.contentassist,XMLCompletionProposal,applyExtensionPoint,8,1,1
eclipse.pde.ui-20120217-1437,org.eclipse.pde.internal.ui.editor.contentassist,XMLCompletionProposal,applyExtension,12,1,3
eclipse.pde.ui-20120217-1437,org.eclipse.pde.internal.ui.editor.contentassist,XMLCompletionProposal,applyExtensionFullPoint,23,1,3
eclipse.pde.ui-20120217-1437,org.eclipse.pde.internal.ui.editor.contentassist,XMLCompletionProposal,applyElement,11,1,3
eclipse.pde.ui-20120217-1437,org.eclipse.pde.internal.ui.editor.contentassist,XMLCompletionProposal,applyAttribute,17,3,1
eclipse.pde.ui-20120217-1437,org.eclipse.pde.internal.ui.editor.contentassist,XMLCompletionProposal,modifyModel,66,19,1
eclipse.pde.ui-20120217-1437,org.eclipse.pde.internal.ui.editor.contentassist,XMLCompletionProposal,findExtensionVirtualPointValue,21,5,1
eclipse.pde.ui-20120217-1437,org.eclipse.pde.internal.ui.editor.contentassist,XMLCompletionProposal,setSelectionOffsets,45,10,3
eclipse.pde.ui-20120217-1437,org.eclipse.pde.internal.ui.editor.contentassist,XMLCompletionProposal,getIndent,13,2,2
eclipse.pde.ui-20120217-1437,org.eclipse.pde.internal.ui.editor.contentassist,XMLCompletionProposal,getAdditionalProposalInfo,17,5,0
eclipse.pde.ui-20120217-1437,org.eclipse.pde.internal.ui.editor.contentassist,XMLCompletionProposal,getContextInformation,3,1,0
eclipse.pde.ui-20120217-1437,org.eclipse.pde.internal.ui.editor.contentassist,XMLCompletionProposal,getDisplayString,16,9,0
eclipse.pde.ui-20120217-1437,org.eclipse.pde.internal.ui.editor.contentassist,XMLCompletionProposal,getImage,6,4,0
eclipse.pde.ui-20120217-1437,org.eclipse.pde.internal.ui.editor.contentassist,XMLCompletionProposal,getSelection,4,2,1
eclipse.pde.ui-20120217-1437,org.eclipse.pde.internal.ui.editor.contentassist,XMLCompletionProposal,getAdditionalProposalInfo,3,1,1
eclipse.pde.ui-20120217-1437,org.eclipse.pde.internal.ui.editor.contentassist,XMLCompletionProposal,getInformationControlCreator,12,3,0
eclipse.pde.ui-20120217-1437,org.eclipse.pde.internal.ui.editor.contentassist,XMLCompletionProposal,doCreateInformationControl,4,2,1
eclipse.pde.ui-20120217-1437,org.eclipse.pde.internal.ui.editor.contentassist,XMLCompletionProposal,getPrefixCompletionStart,3,1,2
eclipse.pde.ui-20120217-1437,org.eclipse.pde.internal.ui.editor.contentassist,XMLCompletionProposal,getPrefixCompletionText,3,1,2
eclipse.pde.ui-20120217-1437,org.eclipse.pde.internal.ui.editor.contentassist,XMLCompletionProposal,isAutoInsertable,3,1,0
eclipse.pde.ui-20120217-1437,org.eclipse.pde.internal.ui.editor.contentassist,XMLContentAssistProcessor,XMLContentAssistProcessor,3,1,1
eclipse.pde.ui-20120217-1437,org.eclipse.pde.internal.ui.editor.contentassist,XMLContentAssistProcessor,computeCompletionProposals,42,13,2
eclipse.pde.ui-20120217-1437,org.eclipse.pde.internal.ui.editor.contentassist,XMLContentAssistProcessor,debugPrintProposals,14,4,3
eclipse.pde.ui-20120217-1437,org.eclipse.pde.internal.ui.editor.contentassist,XMLContentAssistProcessor,assignRange,13,8,1
eclipse.pde.ui-20120217-1437,org.eclipse.pde.internal.ui.editor.contentassist,XMLContentAssistProcessor,computeCATextProposal,10,3,3
eclipse.pde.ui-20120217-1437,org.eclipse.pde.internal.ui.editor.contentassist,XMLContentAssistProcessor,computeCompletionProposal,56,19,3
eclipse.pde.ui-20120217-1437,org.eclipse.pde.internal.ui.editor.contentassist,XMLContentAssistProcessor,computeExtPointAttrProposals,12,3,3
eclipse.pde.ui-20120217-1437,org.eclipse.pde.internal.ui.editor.contentassist,XMLContentAssistProcessor,computeRootNodeProposals,15,3,3
eclipse.pde.ui-20120217-1437,org.eclipse.pde.internal.ui.editor.contentassist,XMLContentAssistProcessor,filterExtPointAttrProposals,15,4,3
eclipse.pde.ui-20120217-1437,org.eclipse.pde.internal.ui.editor.contentassist,XMLContentAssistProcessor,computeAttributeProposal,6,3,4
eclipse.pde.ui-20120217-1437,org.eclipse.pde.internal.ui.editor.contentassist,XMLContentAssistProcessor,computeCompletionProposal,12,4,3
eclipse.pde.ui-20120217-1437,org.eclipse.pde.internal.ui.editor.contentassist,XMLContentAssistProcessor,determineAssistType,23,8,3
eclipse.pde.ui-20120217-1437,org.eclipse.pde.internal.ui.editor.contentassist,XMLContentAssistProcessor,canInsertAttrib,4,1,2
eclipse.pde.ui-20120217-1437,org.eclipse.pde.internal.ui.editor.contentassist,XMLContentAssistProcessor,computeAddChildProposal,26,6,4
eclipse.pde.ui-20120217-1437,org.eclipse.pde.internal.ui.editor.contentassist,XMLContentAssistProcessor,computeOpenTagProposal,10,4,3
eclipse.pde.ui-20120217-1437,org.eclipse.pde.internal.ui.editor.contentassist,XMLContentAssistProcessor,computeAddAttributeProposal,22,5,6
eclipse.pde.ui-20120217-1437,org.eclipse.pde.internal.ui.editor.contentassist,XMLContentAssistProcessor,addToList,8,4,3
eclipse.pde.ui-20120217-1437,org.eclipse.pde.internal.ui.editor.contentassist,XMLContentAssistProcessor,computeBrokenModelProposal,29,12,3
eclipse.pde.ui-20120217-1437,org.eclipse.pde.internal.ui.editor.contentassist,XMLContentAssistProcessor,computeBrokenModelAttributeContentProposal,3,1,5
eclipse.pde.ui-20120217-1437,org.eclipse.pde.internal.ui.editor.contentassist,XMLContentAssistProcessor,guessContentRequest,49,12,3
eclipse.pde.ui-20120217-1437,org.eclipse.pde.internal.ui.editor.contentassist,XMLContentAssistProcessor,getModel,3,1,0
eclipse.pde.ui-20120217-1437,org.eclipse.pde.internal.ui.editor.contentassist,XMLContentAssistProcessor,getCurrentSelection,5,2,0
eclipse.pde.ui-20120217-1437,org.eclipse.pde.internal.ui.editor.contentassist,XMLContentAssistProcessor,flushDocument,3,1,0
eclipse.pde.ui-20120217-1437,org.eclipse.pde.internal.ui.editor.contentassist,XMLContentAssistProcessor,computeAttributeProposals,12,7,5
eclipse.pde.ui-20120217-1437,org.eclipse.pde.internal.ui.editor.contentassist,XMLContentAssistProcessor,convertListToProposal,6,3,3
eclipse.pde.ui-20120217-1437,org.eclipse.pde.internal.ui.editor.contentassist,XMLContentAssistProcessor,assistSessionEnded,6,1,1
eclipse.pde.ui-20120217-1437,org.eclipse.pde.internal.ui.editor.contentassist,XMLContentAssistProcessor,assistSessionStarted,3,1,1
eclipse.pde.ui-20120217-1437,org.eclipse.pde.internal.ui.editor.contentassist,XMLContentAssistProcessor,selectionChanged,2,1,2
eclipse.pde.ui-20120217-1437,org.eclipse.pde.internal.ui.editor.contentassist,XMLContentAssistProcessor,getAllExtensionPoints,9,2,1
eclipse.pde.ui-20120217-1437,org.eclipse.pde.internal.ui.editor.contentassist,XMLContentAssistProcessor,getExternalExtensionPoints,19,5,2
eclipse.pde.ui-20120217-1437,org.eclipse.pde.internal.ui.editor.contentassist,XMLContentAssistProcessor,updateExternalExtPointTypes,13,4,1
eclipse.pde.ui-20120217-1437,org.eclipse.pde.internal.ui.editor.contentassist,XMLContentAssistProcessor,getInternalExtensionPoints,12,3,2
eclipse.pde.ui-20120217-1437,org.eclipse.pde.internal.ui.editor.contentassist,XMLContentAssistProcessor,getPluginModelBase,11,3,0
eclipse.pde.ui-20120217-1437,org.eclipse.pde.internal.ui.editor.contentassist,XMLContentAssistProcessor,getImage,23,12,1
eclipse.pde.ui-20120217-1437,org.eclipse.pde.internal.ui.editor.contentassist,XMLContentAssistProcessor,dispose,3,3,0
eclipse.pde.ui-20120217-1437,org.eclipse.pde.internal.ui.editor.contentassist,XMLContentAssistProcessor,getSourcePage,3,1,0
eclipse.pde.ui-20120217-1437,org.eclipse.pde.internal.ui.editor.contentassist,XMLContentAssistText,XMLContentAssistText,4,1,2
eclipse.pde.ui-20120217-1437,org.eclipse.pde.internal.ui.editor.contentassist,XMLContentAssistText,parse,50,9,2
eclipse.pde.ui-20120217-1437,org.eclipse.pde.internal.ui.editor.contentassist,XMLContentAssistText,isContentAssistText,6,2,1
eclipse.pde.ui-20120217-1437,org.eclipse.pde.internal.ui.editor.contentassist,XMLContentAssistText,getText,3,1,0
eclipse.pde.ui-20120217-1437,org.eclipse.pde.internal.ui.editor.contentassist,XMLContentAssistText,getStartOffset,3,1,0
eclipse.pde.ui-20120217-1437,org.eclipse.pde.internal.ui.editor.contentassist,XMLContentAssistText,toString,3,1,0
eclipse.pde.ui-20120217-1437,org.eclipse.pde.internal.ui.editor.contentassist,XMLElementProposalComparator,XMLElementProposalComparator,2,1,0
eclipse.pde.ui-20120217-1437,org.eclipse.pde.internal.ui.editor.contentassist,XMLElementProposalComparator,compare,5,1,2
eclipse.pde.ui-20120217-1437,org.eclipse.pde.internal.ui.editor.contentassist,XMLElementProposalComparator,getSortKey,3,1,1
eclipse.pde.ui-20120217-1437,org.eclipse.pde.internal.ui.editor.contentassist,XMLElementProposalComputer,computeElementProposal,4,1,2
eclipse.pde.ui-20120217-1437,org.eclipse.pde.internal.ui.editor.contentassist,XMLElementProposalComputer,computeElementProposal,7,1,2
eclipse.pde.ui-20120217-1437,org.eclipse.pde.internal.ui.editor.contentassist,XMLElementProposalComputer,countXMLChildrenByTagName,16,3,1
eclipse.pde.ui-20120217-1437,org.eclipse.pde.internal.ui.editor.contentassist,XMLElementProposalComputer,computeCompositorChildProposal,11,4,4
eclipse.pde.ui-20120217-1437,org.eclipse.pde.internal.ui.editor.contentassist,XMLElementProposalComputer,computeCompositorSequenceProposal,9,3,4
eclipse.pde.ui-20120217-1437,org.eclipse.pde.internal.ui.editor.contentassist,XMLElementProposalComputer,computeCompositorChoiceProposal,10,3,4
eclipse.pde.ui-20120217-1437,org.eclipse.pde.internal.ui.editor.contentassist,XMLElementProposalComputer,adjustChoiceSiblings,19,6,2
eclipse.pde.ui-20120217-1437,org.eclipse.pde.internal.ui.editor.contentassist,XMLElementProposalComputer,computeObjectChildProposal,10,3,4
eclipse.pde.ui-20120217-1437,org.eclipse.pde.internal.ui.editor.contentassist,XMLElementProposalComputer,computeElementChildProposal,12,4,4
eclipse.pde.ui-20120217-1437,org.eclipse.pde.internal.ui.editor.contentassist,XMLInsertionComputer,computeInsertion,13,2,2
eclipse.pde.ui-20120217-1437,org.eclipse.pde.internal.ui.editor.contentassist,XMLInsertionComputer,computeInsertionParent,8,2,3
eclipse.pde.ui-20120217-1437,org.eclipse.pde.internal.ui.editor.contentassist,XMLInsertionComputer,computeInsertionZeroElementEdgeCase,9,1,3
eclipse.pde.ui-20120217-1437,org.eclipse.pde.internal.ui.editor.contentassist,XMLInsertionComputer,isSingleZeroElementEdgeCase,17,5,2
eclipse.pde.ui-20120217-1437,org.eclipse.pde.internal.ui.editor.contentassist,XMLInsertionComputer,computeInsertionType,22,5,3
eclipse.pde.ui-20120217-1437,org.eclipse.pde.internal.ui.editor.contentassist,XMLInsertionComputer,computeInsertionObject,12,3,3
eclipse.pde.ui-20120217-1437,org.eclipse.pde.internal.ui.editor.contentassist,XMLInsertionComputer,isSequenceCompositor,20,6,1
eclipse.pde.ui-20120217-1437,org.eclipse.pde.internal.ui.editor.contentassist,XMLInsertionComputer,computeInsertionElement,13,3,3
eclipse.pde.ui-20120217-1437,org.eclipse.pde.internal.ui.editor.contentassist,XMLInsertionComputer,createElement,6,1,2
eclipse.pde.ui-20120217-1437,org.eclipse.pde.internal.ui.editor.contentassist,XMLInsertionComputer,computeInsertionAllAttributes,29,8,2
eclipse.pde.ui-20120217-1437,org.eclipse.pde.internal.ui.editor.contentassist,XMLInsertionComputer,generateAttributeValue,17,5,3
eclipse.pde.ui-20120217-1437,org.eclipse.pde.internal.ui.editor.contentassist,XMLInsertionComputer,generateAttributeValue,17,5,3
eclipse.pde.ui-20120217-1437,org.eclipse.pde.internal.ui.editor.contentassist,XMLInsertionComputer,computeInsertionSequence,10,5,3
eclipse.pde.ui-20120217-1437,org.eclipse.pde.internal.ui.editor.contentassist,XMLInsertionComputer,setAttribute,22,9,4
eclipse.pde.ui-20120217-1437,org.eclipse.pde.internal.ui.editor.contentassist,XMLInsertionComputer,hasOptionalAttributes,5,3,1
eclipse.pde.ui-20120217-1437,org.eclipse.pde.internal.ui.editor.contentassist,XMLInsertionComputer,hasOptionalChildren,14,9,3
eclipse.pde.ui-20120217-1437,org.eclipse.pde.internal.ui.editor.contentassist.display,JavaDocCommentReader,JavaDocCommentReader,6,1,3
eclipse.pde.ui-20120217-1437,org.eclipse.pde.internal.ui.editor.contentassist.display,JavaDocCommentReader,read,28,7,0
eclipse.pde.ui-20120217-1437,org.eclipse.pde.internal.ui.editor.contentassist.display,JavaDocCommentReader,close,3,1,0
eclipse.pde.ui-20120217-1437,org.eclipse.pde.internal.ui.editor.contentassist.display,JavaDocCommentReader,reset,4,1,0
eclipse.pde.ui-20120217-1437,org.eclipse.pde.internal.ui.editor.contentassist.display,JavaDocCommentReader,getOffset,3,1,0
eclipse.pde.ui-20120217-1437,org.eclipse.pde.internal.ui.editor.context,IInputContextListener,contextAdded,0,1,1
eclipse.pde.ui-20120217-1437,org.eclipse.pde.internal.ui.editor.context,IInputContextListener,contextRemoved,0,1,1
eclipse.pde.ui-20120217-1437,org.eclipse.pde.internal.ui.editor.context,IInputContextListener,monitoredFileAdded,0,1,1
eclipse.pde.ui-20120217-1437,org.eclipse.pde.internal.ui.editor.context,IInputContextListener,monitoredFileRemoved,0,1,1
eclipse.pde.ui-20120217-1437,org.eclipse.pde.internal.ui.editor.context,InputContext,elementContentAboutToBeReplaced,2,1,1
eclipse.pde.ui-20120217-1437,org.eclipse.pde.internal.ui.editor.context,InputContext,elementContentReplaced,3,2,1
eclipse.pde.ui-20120217-1437,org.eclipse.pde.internal.ui.editor.context,InputContext,elementDeleted,3,2,1
eclipse.pde.ui-20120217-1437,org.eclipse.pde.internal.ui.editor.context,InputContext,elementDirtyStateChanged,3,2,2
eclipse.pde.ui-20120217-1437,org.eclipse.pde.internal.ui.editor.context,InputContext,elementMoved,6,2,2
eclipse.pde.ui-20120217-1437,org.eclipse.pde.internal.ui.editor.context,InputContext,InputContext,5,1,3
eclipse.pde.ui-20120217-1437,org.eclipse.pde.internal.ui.editor.context,InputContext,getId,0,1,0
eclipse.pde.ui-20120217-1437,org.eclipse.pde.internal.ui.editor.context,InputContext,getInput,3,1,0
eclipse.pde.ui-20120217-1437,org.eclipse.pde.internal.ui.editor.context,InputContext,getEditor,3,1,0
eclipse.pde.ui-20120217-1437,org.eclipse.pde.internal.ui.editor.context,InputContext,getModel,3,1,0
eclipse.pde.ui-20120217-1437,org.eclipse.pde.internal.ui.editor.context,InputContext,getDocumentProvider,3,1,0
eclipse.pde.ui-20120217-1437,org.eclipse.pde.internal.ui.editor.context,InputContext,createDocumentProvider,6,2,1
eclipse.pde.ui-20120217-1437,org.eclipse.pde.internal.ui.editor.context,InputContext,getDocumentSetupParticipant,7,1,0
eclipse.pde.ui-20120217-1437,org.eclipse.pde.internal.ui.editor.context,InputContext,setup,2,1,1
eclipse.pde.ui-20120217-1437,org.eclipse.pde.internal.ui.editor.context,InputContext,getPartitionName,0,1,0
eclipse.pde.ui-20120217-1437,org.eclipse.pde.internal.ui.editor.context,InputContext,getDefaultCharset,0,1,0
eclipse.pde.ui-20120217-1437,org.eclipse.pde.internal.ui.editor.context,InputContext,createModel,0,1,1
eclipse.pde.ui-20120217-1437,org.eclipse.pde.internal.ui.editor.context,InputContext,create,29,7,0
eclipse.pde.ui-20120217-1437,org.eclipse.pde.internal.ui.editor.context,InputContext,modelChanged,9,5,1
eclipse.pde.ui-20120217-1437,org.eclipse.pde.internal.ui.editor.context,InputContext,validateEdit,15,5,0
eclipse.pde.ui-20120217-1437,org.eclipse.pde.internal.ui.editor.context,InputContext,doSave,13,1,1
eclipse.pde.ui-20120217-1437,org.eclipse.pde.internal.ui.editor.context,InputContext,addTextEditOperation,0,1,2
eclipse.pde.ui-20120217-1437,org.eclipse.pde.internal.ui.editor.context,InputContext,flushEditorInput,12,3,0
eclipse.pde.ui-20120217-1437,org.eclipse.pde.internal.ui.editor.context,InputContext,flushModel,26,6,1
eclipse.pde.ui-20120217-1437,org.eclipse.pde.internal.ui.editor.context,InputContext,isNewlineNeeded,3,1,1
eclipse.pde.ui-20120217-1437,org.eclipse.pde.internal.ui.editor.context,InputContext,insert,28,8,2
eclipse.pde.ui-20120217-1437,org.eclipse.pde.internal.ui.editor.context,InputContext,covers,12,3,2
eclipse.pde.ui-20120217-1437,org.eclipse.pde.internal.ui.editor.context,InputContext,mustSave,10,4,0
eclipse.pde.ui-20120217-1437,org.eclipse.pde.internal.ui.editor.context,InputContext,dispose,10,4,0
eclipse.pde.ui-20120217-1437,org.eclipse.pde.internal.ui.editor.context,InputContext,isPrimary,3,1,0
eclipse.pde.ui-20120217-1437,org.eclipse.pde.internal.ui.editor.context,InputContext,setPrimary,3,1,1
eclipse.pde.ui-20120217-1437,org.eclipse.pde.internal.ui.editor.context,InputContext,setSourceEditingMode,9,2,1
eclipse.pde.ui-20120217-1437,org.eclipse.pde.internal.ui.editor.context,InputContext,synchronizeModelIfNeeded,8,2,0
eclipse.pde.ui-20120217-1437,org.eclipse.pde.internal.ui.editor.context,InputContext,doRevert,4,1,0
eclipse.pde.ui-20120217-1437,org.eclipse.pde.internal.ui.editor.context,InputContext,isInSourceMode,3,1,0
eclipse.pde.ui-20120217-1437,org.eclipse.pde.internal.ui.editor.context,InputContext,isModelCorrect,4,1,0
eclipse.pde.ui-20120217-1437,org.eclipse.pde.internal.ui.editor.context,InputContext,synchronizeModel,3,1,1
eclipse.pde.ui-20120217-1437,org.eclipse.pde.internal.ui.editor.context,InputContext,matches,8,3,1
eclipse.pde.ui-20120217-1437,org.eclipse.pde.internal.ui.editor.context,InputContext,isValidated,3,1,0
eclipse.pde.ui-20120217-1437,org.eclipse.pde.internal.ui.editor.context,InputContext,setValidated,3,1,1
eclipse.pde.ui-20120217-1437,org.eclipse.pde.internal.ui.editor.context,InputContext,getLineDelimiter,9,3,0
eclipse.pde.ui-20120217-1437,org.eclipse.pde.internal.ui.editor.context,InputContext,updateInput,5,1,1
eclipse.pde.ui-20120217-1437,org.eclipse.pde.internal.ui.editor.context,InputContext,deinitializeDocumentProvider,8,2,0
eclipse.pde.ui-20120217-1437,org.eclipse.pde.internal.ui.editor.context,InputContext,initializeDocumentProvider,8,2,0
eclipse.pde.ui-20120217-1437,org.eclipse.pde.internal.ui.editor.context,InputContext,doSaveAs,19,4,1
eclipse.pde.ui-20120217-1437,org.eclipse.pde.internal.ui.editor.context,InputContext,handleSaveAs,27,2,2
eclipse.pde.ui-20120217-1437,org.eclipse.pde.internal.ui.editor.context,InputContext,createWorkspaceModifyOperation,9,1,1
eclipse.pde.ui-20120217-1437,org.eclipse.pde.internal.ui.editor.context,InputContext,execute,3,1,1
eclipse.pde.ui-20120217-1437,org.eclipse.pde.internal.ui.editor.context,ElementListener,elementContentAboutToBeReplaced,2,1,1
eclipse.pde.ui-20120217-1437,org.eclipse.pde.internal.ui.editor.context,ElementListener,elementContentReplaced,3,2,1
eclipse.pde.ui-20120217-1437,org.eclipse.pde.internal.ui.editor.context,ElementListener,elementDeleted,3,2,1
eclipse.pde.ui-20120217-1437,org.eclipse.pde.internal.ui.editor.context,ElementListener,elementDirtyStateChanged,3,2,2
eclipse.pde.ui-20120217-1437,org.eclipse.pde.internal.ui.editor.context,ElementListener,elementMoved,6,2,2
eclipse.pde.ui-20120217-1437,org.eclipse.pde.internal.ui.editor.context,InputContextManager,InputContextManager,6,1,1
eclipse.pde.ui-20120217-1437,org.eclipse.pde.internal.ui.editor.context,InputContextManager,addInputContextListener,3,2,1
eclipse.pde.ui-20120217-1437,org.eclipse.pde.internal.ui.editor.context,InputContextManager,removeInputContextListener,3,1,1
eclipse.pde.ui-20120217-1437,org.eclipse.pde.internal.ui.editor.context,InputContextManager,dispose,10,2,0
eclipse.pde.ui-20120217-1437,org.eclipse.pde.internal.ui.editor.context,InputContextManager,save,6,3,1
eclipse.pde.ui-20120217-1437,org.eclipse.pde.internal.ui.editor.context,InputContextManager,getCommonProject,8,3,0
eclipse.pde.ui-20120217-1437,org.eclipse.pde.internal.ui.editor.context,InputContextManager,hasContext,3,1,1
eclipse.pde.ui-20120217-1437,org.eclipse.pde.internal.ui.editor.context,InputContextManager,findContext,7,3,1
eclipse.pde.ui-20120217-1437,org.eclipse.pde.internal.ui.editor.context,InputContextManager,findContext,7,3,1
eclipse.pde.ui-20120217-1437,org.eclipse.pde.internal.ui.editor.context,InputContextManager,getAggregateModel,0,1,0
eclipse.pde.ui-20120217-1437,org.eclipse.pde.internal.ui.editor.context,InputContextManager,getContext,3,1,1
eclipse.pde.ui-20120217-1437,org.eclipse.pde.internal.ui.editor.context,InputContextManager,putContext,4,1,2
eclipse.pde.ui-20120217-1437,org.eclipse.pde.internal.ui.editor.context,InputContextManager,updateInputContext,10,2,2
eclipse.pde.ui-20120217-1437,org.eclipse.pde.internal.ui.editor.context,InputContextManager,saveAs,12,2,2
eclipse.pde.ui-20120217-1437,org.eclipse.pde.internal.ui.editor.context,InputContextManager,getPrimaryContext,7,3,0
eclipse.pde.ui-20120217-1437,org.eclipse.pde.internal.ui.editor.context,InputContextManager,getInvalidContexts,8,3,0
eclipse.pde.ui-20120217-1437,org.eclipse.pde.internal.ui.editor.context,InputContextManager,isDirty,7,3,0
eclipse.pde.ui-20120217-1437,org.eclipse.pde.internal.ui.editor.context,InputContextManager,monitorFile,4,2,1
eclipse.pde.ui-20120217-1437,org.eclipse.pde.internal.ui.editor.context,InputContextManager,resourceChanged,21,4,1
eclipse.pde.ui-20120217-1437,org.eclipse.pde.internal.ui.editor.context,InputContextManager,visit,10,4,1
eclipse.pde.ui-20120217-1437,org.eclipse.pde.internal.ui.editor.context,InputContextManager,asyncStructureChanged,11,2,2
eclipse.pde.ui-20120217-1437,org.eclipse.pde.internal.ui.editor.context,InputContextManager,run,3,1,0
eclipse.pde.ui-20120217-1437,org.eclipse.pde.internal.ui.editor.context,InputContextManager,structureChanged,15,5,2
eclipse.pde.ui-20120217-1437,org.eclipse.pde.internal.ui.editor.context,InputContextManager,removeContext,14,4,1
eclipse.pde.ui-20120217-1437,org.eclipse.pde.internal.ui.editor.context,InputContextManager,fireStructureChange,7,3,2
eclipse.pde.ui-20120217-1437,org.eclipse.pde.internal.ui.editor.context,InputContextManager,fireContextChange,9,4,2
eclipse.pde.ui-20120217-1437,org.eclipse.pde.internal.ui.editor.context,InputContextManager,undo,3,2,0
eclipse.pde.ui-20120217-1437,org.eclipse.pde.internal.ui.editor.context,InputContextManager,redo,3,2,0
eclipse.pde.ui-20120217-1437,org.eclipse.pde.internal.ui.editor.context,InputContextManager,hookUndo,5,3,1
eclipse.pde.ui-20120217-1437,org.eclipse.pde.internal.ui.editor.context,InputContextManager,unhookUndo,5,3,1
eclipse.pde.ui-20120217-1437,org.eclipse.pde.internal.ui.editor.context,InputContextManager,getUndoManager,3,1,0
eclipse.pde.ui-20120217-1437,org.eclipse.pde.internal.ui.editor.context,InputContextManager,setUndoManager,3,1,1
eclipse.pde.ui-20120217-1437,org.eclipse.pde.internal.ui.editor.context,ManifestDocumentSetupParticipant,setup,7,2,1
eclipse.pde.ui-20120217-1437,org.eclipse.pde.internal.ui.editor.context,ManifestDocumentSetupParticipant,createDocumentPartitioner,3,1,0
eclipse.pde.ui-20120217-1437,org.eclipse.pde.internal.ui.editor.context,UTF8InputContext,UTF8InputContext,3,1,3
eclipse.pde.ui-20120217-1437,org.eclipse.pde.internal.ui.editor.context,UTF8InputContext,getDefaultCharset,3,1,0
eclipse.pde.ui-20120217-1437,org.eclipse.pde.internal.ui.editor.context,XMLDocumentSetupParticpant,setup,16,3,1
eclipse.pde.ui-20120217-1437,org.eclipse.pde.internal.ui.editor.context,XMLDocumentSetupParticpant,createDocumentPartitioner,3,1,0
eclipse.pde.ui-20120217-1437,org.eclipse.pde.internal.ui.editor.context,XMLInputContext,XMLInputContext,3,1,3
eclipse.pde.ui-20120217-1437,org.eclipse.pde.internal.ui.editor.context,XMLInputContext,getDocumentSetupParticipant,3,1,0
eclipse.pde.ui-20120217-1437,org.eclipse.pde.internal.ui.editor.context,XMLInputContext,addTextEditOperation,32,12,2
eclipse.pde.ui-20120217-1437,org.eclipse.pde.internal.ui.editor.context,XMLInputContext,removeNode,20,5,2
eclipse.pde.ui-20120217-1437,org.eclipse.pde.internal.ui.editor.context,XMLInputContext,insertNode,24,7,2
eclipse.pde.ui-20120217-1437,org.eclipse.pde.internal.ui.editor.context,XMLInputContext,insertAfterSibling,13,4,1
eclipse.pde.ui-20120217-1437,org.eclipse.pde.internal.ui.editor.context,XMLInputContext,insertAsFirstChild,7,1,1
eclipse.pde.ui-20120217-1437,org.eclipse.pde.internal.ui.editor.context,XMLInputContext,modifyNode,40,6,3
eclipse.pde.ui-20120217-1437,org.eclipse.pde.internal.ui.editor.context,XMLInputContext,getMoveRegion,18,3,1
eclipse.pde.ui-20120217-1437,org.eclipse.pde.internal.ui.editor.context,XMLInputContext,addAttributeOperation,36,8,3
eclipse.pde.ui-20120217-1437,org.eclipse.pde.internal.ui.editor.context,XMLInputContext,addElementContentOperation,39,6,2
eclipse.pde.ui-20120217-1437,org.eclipse.pde.internal.ui.editor.context,XMLInputContext,shouldTerminateElement,8,1,2
eclipse.pde.ui-20120217-1437,org.eclipse.pde.internal.ui.editor.context,XMLInputContext,getNextPosition,11,3,3
eclipse.pde.ui-20120217-1437,org.eclipse.pde.internal.ui.editor.context,XMLInputContext,getAttributeDeleteEditOperation,18,3,2
eclipse.pde.ui-20120217-1437,org.eclipse.pde.internal.ui.editor.context,XMLInputContext,getDeleteNodeOperation,32,7,1
eclipse.pde.ui-20120217-1437,org.eclipse.pde.internal.ui.editor.context,XMLInputContext,printDeletionRange,17,6,2
eclipse.pde.ui-20120217-1437,org.eclipse.pde.internal.ui.editor.context,XMLInputContext,getHighestNodeToBeWritten,15,3,1
eclipse.pde.ui-20120217-1437,org.eclipse.pde.internal.ui.editor.context,XMLInputContext,flushModel,18,4,1
eclipse.pde.ui-20120217-1437,org.eclipse.pde.internal.ui.editor.context,XMLInputContext,reorderInsertEdits,0,1,1
eclipse.pde.ui-20120217-1437,org.eclipse.pde.internal.ui.editor.context,XMLInputContext,removeUnnecessaryOperations,21,8,0
eclipse.pde.ui-20120217-1437,org.eclipse.pde.internal.ui.editor.context,XMLInputContext,getWritableAttributeNodeValue,3,1,1
eclipse.pde.ui-20120217-1437,org.eclipse.pde.internal.ui.editor.context,XMLInputContext,getWritableTextNodeString,3,1,1
eclipse.pde.ui-20120217-1437,org.eclipse.pde.internal.ui.editor.context,XMLInputContext,getOperationTable,3,1,0
eclipse.pde.ui-20120217-1437,org.eclipse.pde.internal.ui.editor.feature,Choice,Choice,4,1,2
eclipse.pde.ui-20120217-1437,org.eclipse.pde.internal.ui.editor.feature,Choice,getValue,3,1,0
eclipse.pde.ui-20120217-1437,org.eclipse.pde.internal.ui.editor.feature,Choice,getLabel,3,1,0
eclipse.pde.ui-20120217-1437,org.eclipse.pde.internal.ui.editor.feature,Choice,toString,3,1,0
eclipse.pde.ui-20120217-1437,org.eclipse.pde.internal.ui.editor.feature,DataDetailsSection,DataDetailsSection,3,1,2
eclipse.pde.ui-20120217-1437,org.eclipse.pde.internal.ui.editor.feature,DataDetailsSection,DataDetailsSection,6,1,5
eclipse.pde.ui-20120217-1437,org.eclipse.pde.internal.ui.editor.feature,DataDetailsSection,cancelEdit,5,1,0
eclipse.pde.ui-20120217-1437,org.eclipse.pde.internal.ui.editor.feature,DataDetailsSection,commit,5,1,1
eclipse.pde.ui-20120217-1437,org.eclipse.pde.internal.ui.editor.feature,DataDetailsSection,createClient,38,3,2
eclipse.pde.ui-20120217-1437,org.eclipse.pde.internal.ui.editor.feature,DataDetailsSection,textValueChanged,8,2,1
eclipse.pde.ui-20120217-1437,org.eclipse.pde.internal.ui.editor.feature,DataDetailsSection,textValueChanged,8,2,1
eclipse.pde.ui-20120217-1437,org.eclipse.pde.internal.ui.editor.feature,DataDetailsSection,dispose,5,2,0
eclipse.pde.ui-20120217-1437,org.eclipse.pde.internal.ui.editor.feature,DataDetailsSection,initialize,5,2,1
eclipse.pde.ui-20120217-1437,org.eclipse.pde.internal.ui.editor.feature,DataDetailsSection,limitTextWidth,4,1,1
eclipse.pde.ui-20120217-1437,org.eclipse.pde.internal.ui.editor.feature,DataDetailsSection,modelChanged,8,3,1
eclipse.pde.ui-20120217-1437,org.eclipse.pde.internal.ui.editor.feature,DataDetailsSection,refresh,4,1,0
eclipse.pde.ui-20120217-1437,org.eclipse.pde.internal.ui.editor.feature,DataDetailsSection,selectionChanged,13,3,2
eclipse.pde.ui-20120217-1437,org.eclipse.pde.internal.ui.editor.feature,DataDetailsSection,setFocus,3,2,0
eclipse.pde.ui-20120217-1437,org.eclipse.pde.internal.ui.editor.feature,DataDetailsSection,update,12,2,0
eclipse.pde.ui-20120217-1437,org.eclipse.pde.internal.ui.editor.feature,DataDetailsSection,isEditable,3,1,0
eclipse.pde.ui-20120217-1437,org.eclipse.pde.internal.ui.editor.feature,DataDetailsSection,getLong,9,2,1
eclipse.pde.ui-20120217-1437,org.eclipse.pde.internal.ui.editor.feature,DataPortabilitySection,getArchChoices,3,1,0
eclipse.pde.ui-20120217-1437,org.eclipse.pde.internal.ui.editor.feature,DataPortabilitySection,getKnownChoices,7,2,1
eclipse.pde.ui-20120217-1437,org.eclipse.pde.internal.ui.editor.feature,DataPortabilitySection,getNLChoices,9,2,0
eclipse.pde.ui-20120217-1437,org.eclipse.pde.internal.ui.editor.feature,DataPortabilitySection,getOSChoices,3,1,0
eclipse.pde.ui-20120217-1437,org.eclipse.pde.internal.ui.editor.feature,DataPortabilitySection,getWSChoices,3,1,0
eclipse.pde.ui-20120217-1437,org.eclipse.pde.internal.ui.editor.feature,DataPortabilitySection,DataPortabilitySection,3,1,2
eclipse.pde.ui-20120217-1437,org.eclipse.pde.internal.ui.editor.feature,DataPortabilitySection,DataPortabilitySection,5,1,5
eclipse.pde.ui-20120217-1437,org.eclipse.pde.internal.ui.editor.feature,DataPortabilitySection,applyValue,7,6,2
eclipse.pde.ui-20120217-1437,org.eclipse.pde.internal.ui.editor.feature,DataPortabilitySection,cancelEdit,7,1,0
eclipse.pde.ui-20120217-1437,org.eclipse.pde.internal.ui.editor.feature,DataPortabilitySection,canPaste,10,4,1
eclipse.pde.ui-20120217-1437,org.eclipse.pde.internal.ui.editor.feature,DataPortabilitySection,clearField,6,5,1
eclipse.pde.ui-20120217-1437,org.eclipse.pde.internal.ui.editor.feature,DataPortabilitySection,clearFields,6,1,0
eclipse.pde.ui-20120217-1437,org.eclipse.pde.internal.ui.editor.feature,DataPortabilitySection,commit,7,1,1
eclipse.pde.ui-20120217-1437,org.eclipse.pde.internal.ui.editor.feature,DataPortabilitySection,createClient,103,1,2
eclipse.pde.ui-20120217-1437,org.eclipse.pde.internal.ui.editor.feature,DataPortabilitySection,browseButtonSelected,9,1,1
eclipse.pde.ui-20120217-1437,org.eclipse.pde.internal.ui.editor.feature,DataPortabilitySection,run,4,1,0
eclipse.pde.ui-20120217-1437,org.eclipse.pde.internal.ui.editor.feature,DataPortabilitySection,textValueChanged,8,1,1
eclipse.pde.ui-20120217-1437,org.eclipse.pde.internal.ui.editor.feature,DataPortabilitySection,browseButtonSelected,9,1,1
eclipse.pde.ui-20120217-1437,org.eclipse.pde.internal.ui.editor.feature,DataPortabilitySection,run,4,1,0
eclipse.pde.ui-20120217-1437,org.eclipse.pde.internal.ui.editor.feature,DataPortabilitySection,textValueChanged,8,1,1
eclipse.pde.ui-20120217-1437,org.eclipse.pde.internal.ui.editor.feature,DataPortabilitySection,browseButtonSelected,9,1,1
eclipse.pde.ui-20120217-1437,org.eclipse.pde.internal.ui.editor.feature,DataPortabilitySection,run,4,1,0
eclipse.pde.ui-20120217-1437,org.eclipse.pde.internal.ui.editor.feature,DataPortabilitySection,textValueChanged,8,1,1
eclipse.pde.ui-20120217-1437,org.eclipse.pde.internal.ui.editor.feature,DataPortabilitySection,browseButtonSelected,9,1,1
eclipse.pde.ui-20120217-1437,org.eclipse.pde.internal.ui.editor.feature,DataPortabilitySection,run,4,1,0
eclipse.pde.ui-20120217-1437,org.eclipse.pde.internal.ui.editor.feature,DataPortabilitySection,textValueChanged,8,1,1
eclipse.pde.ui-20120217-1437,org.eclipse.pde.internal.ui.editor.feature,DataPortabilitySection,dispose,5,2,0
eclipse.pde.ui-20120217-1437,org.eclipse.pde.internal.ui.editor.feature,DataPortabilitySection,initialize,5,2,1
eclipse.pde.ui-20120217-1437,org.eclipse.pde.internal.ui.editor.feature,DataPortabilitySection,limitTextWidth,4,1,1
eclipse.pde.ui-20120217-1437,org.eclipse.pde.internal.ui.editor.feature,DataPortabilitySection,modelChanged,3,1,1
eclipse.pde.ui-20120217-1437,org.eclipse.pde.internal.ui.editor.feature,DataPortabilitySection,openPortabilityChoiceDialog,17,2,3
eclipse.pde.ui-20120217-1437,org.eclipse.pde.internal.ui.editor.feature,DataPortabilitySection,refresh,16,2,0
eclipse.pde.ui-20120217-1437,org.eclipse.pde.internal.ui.editor.feature,DataPortabilitySection,selectionChanged,13,3,2
eclipse.pde.ui-20120217-1437,org.eclipse.pde.internal.ui.editor.feature,DataPortabilitySection,setFocus,3,2,0
eclipse.pde.ui-20120217-1437,org.eclipse.pde.internal.ui.editor.feature,DataPortabilitySection,setValue,11,6,1
eclipse.pde.ui-20120217-1437,org.eclipse.pde.internal.ui.editor.feature,DataSection,getElements,6,2,1
eclipse.pde.ui-20120217-1437,org.eclipse.pde.internal.ui.editor.feature,DataSection,DataSection,6,1,2
eclipse.pde.ui-20120217-1437,org.eclipse.pde.internal.ui.editor.feature,DataSection,commit,3,1,1
eclipse.pde.ui-20120217-1437,org.eclipse.pde.internal.ui.editor.feature,DataSection,createClient,15,1,2
eclipse.pde.ui-20120217-1437,org.eclipse.pde.internal.ui.editor.feature,DataSection,handleDoubleClick,3,1,1
eclipse.pde.ui-20120217-1437,org.eclipse.pde.internal.ui.editor.feature,DataSection,buttonSelected,3,2,1
eclipse.pde.ui-20120217-1437,org.eclipse.pde.internal.ui.editor.feature,DataSection,dispose,5,2,0
eclipse.pde.ui-20120217-1437,org.eclipse.pde.internal.ui.editor.feature,DataSection,setFormInput,7,2,1
eclipse.pde.ui-20120217-1437,org.eclipse.pde.internal.ui.editor.feature,DataSection,fillContextMenu,8,1,1
eclipse.pde.ui-20120217-1437,org.eclipse.pde.internal.ui.editor.feature,DataSection,handleNew,14,1,0
eclipse.pde.ui-20120217-1437,org.eclipse.pde.internal.ui.editor.feature,DataSection,run,6,1,0
eclipse.pde.ui-20120217-1437,org.eclipse.pde.internal.ui.editor.feature,DataSection,processNewResult,32,7,3
eclipse.pde.ui-20120217-1437,org.eclipse.pde.internal.ui.editor.feature,DataSection,canAdd,8,4,2
eclipse.pde.ui-20120217-1437,org.eclipse.pde.internal.ui.editor.feature,DataSection,handleSelectAll,6,1,0
eclipse.pde.ui-20120217-1437,org.eclipse.pde.internal.ui.editor.feature,DataSection,handleDelete,21,4,0
eclipse.pde.ui-20120217-1437,org.eclipse.pde.internal.ui.editor.feature,DataSection,doGlobalAction,29,5,1
eclipse.pde.ui-20120217-1437,org.eclipse.pde.internal.ui.editor.feature,DataSection,run,3,1,0
eclipse.pde.ui-20120217-1437,org.eclipse.pde.internal.ui.editor.feature,DataSection,run,3,1,0
eclipse.pde.ui-20120217-1437,org.eclipse.pde.internal.ui.editor.feature,DataSection,selectionChanged,3,1,1
eclipse.pde.ui-20120217-1437,org.eclipse.pde.internal.ui.editor.feature,DataSection,initialize,6,1,0
eclipse.pde.ui-20120217-1437,org.eclipse.pde.internal.ui.editor.feature,DataSection,modelChanged,18,6,1
eclipse.pde.ui-20120217-1437,org.eclipse.pde.internal.ui.editor.feature,DataSection,makeActions,25,1,0
eclipse.pde.ui-20120217-1437,org.eclipse.pde.internal.ui.editor.feature,DataSection,run,3,1,0
eclipse.pde.ui-20120217-1437,org.eclipse.pde.internal.ui.editor.feature,DataSection,run,8,1,0
eclipse.pde.ui-20120217-1437,org.eclipse.pde.internal.ui.editor.feature,DataSection,run,3,1,0
eclipse.pde.ui-20120217-1437,org.eclipse.pde.internal.ui.editor.feature,DataSection,setFocus,3,2,0
eclipse.pde.ui-20120217-1437,org.eclipse.pde.internal.ui.editor.feature,DataSection,refresh,6,1,0
eclipse.pde.ui-20120217-1437,org.eclipse.pde.internal.ui.editor.feature,DataSection,canPaste,6,3,2
eclipse.pde.ui-20120217-1437,org.eclipse.pde.internal.ui.editor.feature,DataSection,doPaste,8,2,0
eclipse.pde.ui-20120217-1437,org.eclipse.pde.internal.ui.editor.feature,DataSection,doPaste,22,4,2
eclipse.pde.ui-20120217-1437,org.eclipse.pde.internal.ui.editor.feature,DataSection,fireSelection,9,3,0
eclipse.pde.ui-20120217-1437,org.eclipse.pde.internal.ui.editor.feature,PluginContentProvider,getElements,6,2,1
eclipse.pde.ui-20120217-1437,org.eclipse.pde.internal.ui.editor.feature,EditorBuildFeatureAction,EditorBuildFeatureAction,3,1,0
eclipse.pde.ui-20120217-1437,org.eclipse.pde.internal.ui.editor.feature,EditorBuildFeatureAction,ensureContentSaved,18,2,0
eclipse.pde.ui-20120217-1437,org.eclipse.pde.internal.ui.editor.feature,EditorBuildFeatureAction,run,3,1,1
eclipse.pde.ui-20120217-1437,org.eclipse.pde.internal.ui.editor.feature,EditorBuildFeatureAction,run,11,2,0
eclipse.pde.ui-20120217-1437,org.eclipse.pde.internal.ui.editor.feature,EditorBuildFeatureAction,setActiveEditor,6,1,1
eclipse.pde.ui-20120217-1437,org.eclipse.pde.internal.ui.editor.feature,FeatureAdvancedPage,FeatureAdvancedPage,3,1,2
eclipse.pde.ui-20120217-1437,org.eclipse.pde.internal.ui.editor.feature,FeatureAdvancedPage,getHelpResource,3,1,0
eclipse.pde.ui-20120217-1437,org.eclipse.pde.internal.ui.editor.feature,FeatureAdvancedPage,createFormContent,27,1,1
eclipse.pde.ui-20120217-1437,org.eclipse.pde.internal.ui.editor.feature,FeatureDependenciesPage,FeatureDependenciesPage,3,1,2
eclipse.pde.ui-20120217-1437,org.eclipse.pde.internal.ui.editor.feature,FeatureDependenciesPage,getHelpResource,3,1,0
eclipse.pde.ui-20120217-1437,org.eclipse.pde.internal.ui.editor.feature,FeatureDependenciesPage,createFormContent,26,1,1
eclipse.pde.ui-20120217-1437,org.eclipse.pde.internal.ui.editor.feature,FeatureDependenciesPage,initialize,3,1,0
eclipse.pde.ui-20120217-1437,org.eclipse.pde.internal.ui.editor.feature,FeatureEditor,getEditorID,3,1,0
eclipse.pde.ui-20120217-1437,org.eclipse.pde.internal.ui.editor.feature,FeatureEditor,openFeatureEditor,9,2,1
eclipse.pde.ui-20120217-1437,org.eclipse.pde.internal.ui.editor.feature,FeatureEditor,openFeatureEditor,24,3,1
eclipse.pde.ui-20120217-1437,org.eclipse.pde.internal.ui.editor.feature,FeatureEditor,FeatureEditor,2,1,0
eclipse.pde.ui-20120217-1437,org.eclipse.pde.internal.ui.editor.feature,FeatureEditor,createResourceContexts,25,5,2
eclipse.pde.ui-20120217-1437,org.eclipse.pde.internal.ui.editor.feature,FeatureEditor,createInputContextManager,5,1,0
eclipse.pde.ui-20120217-1437,org.eclipse.pde.internal.ui.editor.feature,FeatureEditor,monitoredFileAdded,12,5,1
eclipse.pde.ui-20120217-1437,org.eclipse.pde.internal.ui.editor.feature,FeatureEditor,monitoredFileRemoved,3,1,1
eclipse.pde.ui-20120217-1437,org.eclipse.pde.internal.ui.editor.feature,FeatureEditor,editorContextAdded,3,1,1
eclipse.pde.ui-20120217-1437,org.eclipse.pde.internal.ui.editor.feature,FeatureEditor,contextRemoved,8,3,1
eclipse.pde.ui-20120217-1437,org.eclipse.pde.internal.ui.editor.feature,FeatureEditor,createSystemFileContexts,31,5,2
eclipse.pde.ui-20120217-1437,org.eclipse.pde.internal.ui.editor.feature,FeatureEditor,createFeatureFile,4,1,1
eclipse.pde.ui-20120217-1437,org.eclipse.pde.internal.ui.editor.feature,FeatureEditor,createFeatureFile,3,1,1
eclipse.pde.ui-20120217-1437,org.eclipse.pde.internal.ui.editor.feature,FeatureEditor,createStorageContexts,9,3,2
eclipse.pde.ui-20120217-1437,org.eclipse.pde.internal.ui.editor.feature,FeatureEditor,addEditorPages,16,2,0
eclipse.pde.ui-20120217-1437,org.eclipse.pde.internal.ui.editor.feature,FeatureEditor,computeInitialPageId,9,4,0
eclipse.pde.ui-20120217-1437,org.eclipse.pde.internal.ui.editor.feature,FeatureEditor,createSourcePage,5,3,4
eclipse.pde.ui-20120217-1437,org.eclipse.pde.internal.ui.editor.feature,FeatureEditor,createContentOutline,3,1,0
eclipse.pde.ui-20120217-1437,org.eclipse.pde.internal.ui.editor.feature,FeatureEditor,getPropertySheet,3,1,1
eclipse.pde.ui-20120217-1437,org.eclipse.pde.internal.ui.editor.feature,FeatureEditor,getTitle,7,3,0
eclipse.pde.ui-20120217-1437,org.eclipse.pde.internal.ui.editor.feature,FeatureEditor,getTitleProperty,6,2,0
eclipse.pde.ui-20120217-1437,org.eclipse.pde.internal.ui.editor.feature,FeatureEditor,getTitleText,6,2,1
eclipse.pde.ui-20120217-1437,org.eclipse.pde.internal.ui.editor.feature,FeatureEditor,isModelCorrect,3,1,1
eclipse.pde.ui-20120217-1437,org.eclipse.pde.internal.ui.editor.feature,FeatureEditor,hasKnownTypes,14,4,0
eclipse.pde.ui-20120217-1437,org.eclipse.pde.internal.ui.editor.feature,FeatureEditor,getAdapter,6,2,1
eclipse.pde.ui-20120217-1437,org.eclipse.pde.internal.ui.editor.feature,FeatureEditor,getInputContext,10,3,1
eclipse.pde.ui-20120217-1437,org.eclipse.pde.internal.ui.editor.feature,FeatureEditor,isPatchEditor,14,4,0
eclipse.pde.ui-20120217-1437,org.eclipse.pde.internal.ui.editor.feature,FeatureEditor,showEditorInput,9,2,1
eclipse.pde.ui-20120217-1437,org.eclipse.pde.internal.ui.editor.feature,FeatureEditor,getFeatureExportAction,15,2,0
eclipse.pde.ui-20120217-1437,org.eclipse.pde.internal.ui.editor.feature,FeatureEditor,run,5,1,0
eclipse.pde.ui-20120217-1437,org.eclipse.pde.internal.ui.editor.feature,FeatureEditor,contributeToToolbar,3,1,1
eclipse.pde.ui-20120217-1437,org.eclipse.pde.internal.ui.editor.feature,FeatureEditorContributor,FeatureEditorContributor,3,1,0
eclipse.pde.ui-20120217-1437,org.eclipse.pde.internal.ui.editor.feature,FeatureEditorContributor,contextMenuAboutToShow,6,1,1
eclipse.pde.ui-20120217-1437,org.eclipse.pde.internal.ui.editor.feature,FeatureEditorContributor,getBuildAction,3,1,0
eclipse.pde.ui-20120217-1437,org.eclipse.pde.internal.ui.editor.feature,FeatureEditorContributor,getSynchronizeAction,3,1,0
eclipse.pde.ui-20120217-1437,org.eclipse.pde.internal.ui.editor.feature,FeatureEditorContributor,getNewSiteAction,3,1,0
eclipse.pde.ui-20120217-1437,org.eclipse.pde.internal.ui.editor.feature,FeatureEditorContributor,makeActions,6,1,0
eclipse.pde.ui-20120217-1437,org.eclipse.pde.internal.ui.editor.feature,FeatureEditorContributor,setActiveEditor,7,2,1
eclipse.pde.ui-20120217-1437,org.eclipse.pde.internal.ui.editor.feature,FeatureEditorContributor,hasKnownTypes,3,1,1
eclipse.pde.ui-20120217-1437,org.eclipse.pde.internal.ui.editor.feature,FeatureEditorMatchingStrategy,matches,22,9,2
eclipse.pde.ui-20120217-1437,org.eclipse.pde.internal.ui.editor.feature,FeatureFormPage,FeatureFormPage,3,1,2
eclipse.pde.ui-20120217-1437,org.eclipse.pde.internal.ui.editor.feature,FeatureFormPage,getHelpResource,3,1,0
eclipse.pde.ui-20120217-1437,org.eclipse.pde.internal.ui.editor.feature,FeatureFormPage,createFormContent,28,1,1
eclipse.pde.ui-20120217-1437,org.eclipse.pde.internal.ui.editor.feature,FeatureFormPage,initialize,5,1,0
eclipse.pde.ui-20120217-1437,org.eclipse.pde.internal.ui.editor.feature,FeatureFormPage,createContentSection,9,1,3
eclipse.pde.ui-20120217-1437,org.eclipse.pde.internal.ui.editor.feature,FeatureFormPage,createPackagingSection,6,1,3
eclipse.pde.ui-20120217-1437,org.eclipse.pde.internal.ui.editor.feature,FeatureFormPage,createPublishingSection,6,1,3
eclipse.pde.ui-20120217-1437,org.eclipse.pde.internal.ui.editor.feature,FeatureFormPage,createClient,13,1,3
eclipse.pde.ui-20120217-1437,org.eclipse.pde.internal.ui.editor.feature,FeatureFormPage,createStaticSection,8,1,2
eclipse.pde.ui-20120217-1437,org.eclipse.pde.internal.ui.editor.feature,FeatureFormPage,linkActivated,32,10,1
eclipse.pde.ui-20120217-1437,org.eclipse.pde.internal.ui.editor.feature,FeatureFormPage,run,3,1,0
eclipse.pde.ui-20120217-1437,org.eclipse.pde.internal.ui.editor.feature,FeatureFormPage,run,3,1,0
eclipse.pde.ui-20120217-1437,org.eclipse.pde.internal.ui.editor.feature,FeatureFormPage,linkEntered,4,1,1
eclipse.pde.ui-20120217-1437,org.eclipse.pde.internal.ui.editor.feature,FeatureFormPage,linkExited,4,1,1
eclipse.pde.ui-20120217-1437,org.eclipse.pde.internal.ui.editor.feature,FeatureIncludesPage,FeatureIncludesPage,3,1,2
eclipse.pde.ui-20120217-1437,org.eclipse.pde.internal.ui.editor.feature,FeatureIncludesPage,getHelpResource,3,1,0
eclipse.pde.ui-20120217-1437,org.eclipse.pde.internal.ui.editor.feature,FeatureIncludesPage,createFormContent,26,1,1
eclipse.pde.ui-20120217-1437,org.eclipse.pde.internal.ui.editor.feature,FeatureInputContext,FeatureInputContext,4,1,3
eclipse.pde.ui-20120217-1437,org.eclipse.pde.internal.ui.editor.feature,FeatureInputContext,getId,3,1,0
eclipse.pde.ui-20120217-1437,org.eclipse.pde.internal.ui.editor.feature,FeatureInputContext,createModel,8,4,1
eclipse.pde.ui-20120217-1437,org.eclipse.pde.internal.ui.editor.feature,FeatureInputContext,createResourceModel,6,1,1
eclipse.pde.ui-20120217-1437,org.eclipse.pde.internal.ui.editor.feature,FeatureInputContext,createStorageModel,28,1,1
eclipse.pde.ui-20120217-1437,org.eclipse.pde.internal.ui.editor.feature,FeatureInputContext,createSystemFileModel,7,1,1
eclipse.pde.ui-20120217-1437,org.eclipse.pde.internal.ui.editor.feature,FeatureInputContext,addTextEditOperation,2,1,2
eclipse.pde.ui-20120217-1437,org.eclipse.pde.internal.ui.editor.feature,FeatureInputContext,flushModel,16,3,1
eclipse.pde.ui-20120217-1437,org.eclipse.pde.internal.ui.editor.feature,FeatureInputContext,synchronizeModel,23,1,1
eclipse.pde.ui-20120217-1437,org.eclipse.pde.internal.ui.editor.feature,FeatureInputContext,reorderInsertEdits,2,1,1
eclipse.pde.ui-20120217-1437,org.eclipse.pde.internal.ui.editor.feature,FeatureInputContext,getPartitionName,3,1,0
eclipse.pde.ui-20120217-1437,org.eclipse.pde.internal.ui.editor.feature,FeatureInputContextManager,FeatureInputContextManager,3,1,1
eclipse.pde.ui-20120217-1437,org.eclipse.pde.internal.ui.editor.feature,FeatureInputContextManager,getAggregateModel,3,1,0
eclipse.pde.ui-20120217-1437,org.eclipse.pde.internal.ui.editor.feature,FeatureInputContextManager,findFeatureModel,4,1,0
eclipse.pde.ui-20120217-1437,org.eclipse.pde.internal.ui.editor.feature,FeatureOutlinePage,getChildren,27,9,1
eclipse.pde.ui-20120217-1437,org.eclipse.pde.internal.ui.editor.feature,FeatureOutlinePage,getParent,5,2,1
eclipse.pde.ui-20120217-1437,org.eclipse.pde.internal.ui.editor.feature,FeatureOutlinePage,FeatureOutlinePage,5,1,1
eclipse.pde.ui-20120217-1437,org.eclipse.pde.internal.ui.editor.feature,FeatureOutlinePage,createContentProvider,3,1,0
eclipse.pde.ui-20120217-1437,org.eclipse.pde.internal.ui.editor.feature,FeatureOutlinePage,getParentPageId,9,7,1
eclipse.pde.ui-20120217-1437,org.eclipse.pde.internal.ui.editor.feature,FeatureOutlinePage,getInfos,11,3,0
eclipse.pde.ui-20120217-1437,org.eclipse.pde.internal.ui.editor.feature,FeatureOutlinePage,getReferences,5,1,0
eclipse.pde.ui-20120217-1437,org.eclipse.pde.internal.ui.editor.feature,FeatureOutlinePage,getImports,5,1,0
eclipse.pde.ui-20120217-1437,org.eclipse.pde.internal.ui.editor.feature,FeatureOutlinePage,getIncludes,5,1,0
eclipse.pde.ui-20120217-1437,org.eclipse.pde.internal.ui.editor.feature,FeatureOutlinePage,getData,5,1,0
eclipse.pde.ui-20120217-1437,org.eclipse.pde.internal.ui.editor.feature,FeatureOutlinePage,getURLs,7,2,0
eclipse.pde.ui-20120217-1437,org.eclipse.pde.internal.ui.editor.feature,FeatureOutlinePage,getParent,6,2,1
eclipse.pde.ui-20120217-1437,org.eclipse.pde.internal.ui.editor.feature,FeatureOutlinePage,modelChanged,36,10,1
eclipse.pde.ui-20120217-1437,org.eclipse.pde.internal.ui.editor.feature,ContentProvider,getChildren,27,9,1
eclipse.pde.ui-20120217-1437,org.eclipse.pde.internal.ui.editor.feature,ContentProvider,getParent,5,2,1
eclipse.pde.ui-20120217-1437,org.eclipse.pde.internal.ui.editor.feature,FeatureReferencePage,FeatureReferencePage,3,1,2
eclipse.pde.ui-20120217-1437,org.eclipse.pde.internal.ui.editor.feature,FeatureReferencePage,getHelpResource,3,1,0
eclipse.pde.ui-20120217-1437,org.eclipse.pde.internal.ui.editor.feature,FeatureReferencePage,createFormContent,28,1,1
eclipse.pde.ui-20120217-1437,org.eclipse.pde.internal.ui.editor.feature,FeatureReferencePage,setFocus,3,1,0
eclipse.pde.ui-20120217-1437,org.eclipse.pde.internal.ui.editor.feature,FeatureSourcePage,FeatureSourcePage,3,1,3
eclipse.pde.ui-20120217-1437,org.eclipse.pde.internal.ui.editor.feature,FeatureSourcePage,createOutlineLabelProvider,3,1,0
eclipse.pde.ui-20120217-1437,org.eclipse.pde.internal.ui.editor.feature,FeatureSourcePage,createOutlineContentProvider,3,1,0
eclipse.pde.ui-20120217-1437,org.eclipse.pde.internal.ui.editor.feature,FeatureSourcePage,createOutlineComparator,3,1,0
eclipse.pde.ui-20120217-1437,org.eclipse.pde.internal.ui.editor.feature,FeatureSourcePage,updateSelection,2,1,1
eclipse.pde.ui-20120217-1437,org.eclipse.pde.internal.ui.editor.feature,FeatureSourcePage,createOutlinePage,3,1,0
eclipse.pde.ui-20120217-1437,org.eclipse.pde.internal.ui.editor.feature,FeatureSourcePage,isQuickOutlineEnabled,3,1,0
eclipse.pde.ui-20120217-1437,org.eclipse.pde.internal.ui.editor.feature,FeatureSourcePage,updateSelection,2,1,1
eclipse.pde.ui-20120217-1437,org.eclipse.pde.internal.ui.editor.feature,FeatureSpecSection,FeatureSpecSection,5,1,2
eclipse.pde.ui-20120217-1437,org.eclipse.pde.internal.ui.editor.feature,FeatureSpecSection,commit,14,2,1
eclipse.pde.ui-20120217-1437,org.eclipse.pde.internal.ui.editor.feature,FeatureSpecSection,commitSiteUrl,46,6,1
eclipse.pde.ui-20120217-1437,org.eclipse.pde.internal.ui.editor.feature,FeatureSpecSection,commitSiteName,42,6,1
eclipse.pde.ui-20120217-1437,org.eclipse.pde.internal.ui.editor.feature,FeatureSpecSection,getPatchedFeature,20,3,0
eclipse.pde.ui-20120217-1437,org.eclipse.pde.internal.ui.editor.feature,FeatureSpecSection,isPatch,3,1,0
eclipse.pde.ui-20120217-1437,org.eclipse.pde.internal.ui.editor.feature,FeatureSpecSection,createClient,163,10,2
eclipse.pde.ui-20120217-1437,org.eclipse.pde.internal.ui.editor.feature,FeatureSpecSection,textValueChanged,8,1,1
eclipse.pde.ui-20120217-1437,org.eclipse.pde.internal.ui.editor.feature,FeatureSpecSection,textValueChanged,6,2,1
eclipse.pde.ui-20120217-1437,org.eclipse.pde.internal.ui.editor.feature,FeatureSpecSection,textValueChanged,10,1,1
eclipse.pde.ui-20120217-1437,org.eclipse.pde.internal.ui.editor.feature,FeatureSpecSection,textValueChanged,9,1,1
eclipse.pde.ui-20120217-1437,org.eclipse.pde.internal.ui.editor.feature,FeatureSpecSection,textValueChanged,9,1,1
eclipse.pde.ui-20120217-1437,org.eclipse.pde.internal.ui.editor.feature,FeatureSpecSection,linkActivated,7,2,1
eclipse.pde.ui-20120217-1437,org.eclipse.pde.internal.ui.editor.feature,FeatureSpecSection,browseButtonSelected,3,1,1
eclipse.pde.ui-20120217-1437,org.eclipse.pde.internal.ui.editor.feature,FeatureSpecSection,createFeaturePlugin,16,2,0
eclipse.pde.ui-20120217-1437,org.eclipse.pde.internal.ui.editor.feature,FeatureSpecSection,textValueChanged,11,2,1
eclipse.pde.ui-20120217-1437,org.eclipse.pde.internal.ui.editor.feature,FeatureSpecSection,textValueChanged,9,3,1
eclipse.pde.ui-20120217-1437,org.eclipse.pde.internal.ui.editor.feature,FeatureSpecSection,textValueChanged,10,2,1
eclipse.pde.ui-20120217-1437,org.eclipse.pde.internal.ui.editor.feature,FeatureSpecSection,textValueChanged,4,1,1
eclipse.pde.ui-20120217-1437,org.eclipse.pde.internal.ui.editor.feature,FeatureSpecSection,verifySetVersion,9,2,2
eclipse.pde.ui-20120217-1437,org.eclipse.pde.internal.ui.editor.feature,FeatureSpecSection,verifySetVersion,9,2,2
eclipse.pde.ui-20120217-1437,org.eclipse.pde.internal.ui.editor.feature,FeatureSpecSection,verifySiteUrl,9,1,2
eclipse.pde.ui-20120217-1437,org.eclipse.pde.internal.ui.editor.feature,FeatureSpecSection,warnBadVersionFormat,3,1,1
eclipse.pde.ui-20120217-1437,org.eclipse.pde.internal.ui.editor.feature,FeatureSpecSection,warnBadUrl,3,1,1
eclipse.pde.ui-20120217-1437,org.eclipse.pde.internal.ui.editor.feature,FeatureSpecSection,dispose,5,2,0
eclipse.pde.ui-20120217-1437,org.eclipse.pde.internal.ui.editor.feature,FeatureSpecSection,initialize,18,3,0
eclipse.pde.ui-20120217-1437,org.eclipse.pde.internal.ui.editor.feature,FeatureSpecSection,modelChanged,25,8,1
eclipse.pde.ui-20120217-1437,org.eclipse.pde.internal.ui.editor.feature,FeatureSpecSection,setFocus,3,2,0
eclipse.pde.ui-20120217-1437,org.eclipse.pde.internal.ui.editor.feature,FeatureSpecSection,setIfDefined,5,2,2
eclipse.pde.ui-20120217-1437,org.eclipse.pde.internal.ui.editor.feature,FeatureSpecSection,refresh,24,3,0
eclipse.pde.ui-20120217-1437,org.eclipse.pde.internal.ui.editor.feature,FeatureSpecSection,setUpdateSiteUrlText,13,3,0
eclipse.pde.ui-20120217-1437,org.eclipse.pde.internal.ui.editor.feature,FeatureSpecSection,setUpdateSiteNameText,13,3,0
eclipse.pde.ui-20120217-1437,org.eclipse.pde.internal.ui.editor.feature,FeatureSpecSection,cancelEdit,14,2,0
eclipse.pde.ui-20120217-1437,org.eclipse.pde.internal.ui.editor.feature,FeatureSpecSection,canPaste,10,4,1
eclipse.pde.ui-20120217-1437,org.eclipse.pde.internal.ui.editor.feature,FeatureSpecSection,handleOpenDialog,9,2,0
eclipse.pde.ui-20120217-1437,org.eclipse.pde.internal.ui.editor.feature,FeatureUndoManager,FeatureUndoManager,4,1,1
eclipse.pde.ui-20120217-1437,org.eclipse.pde.internal.ui.editor.feature,FeatureUndoManager,getPageId,7,5,1
eclipse.pde.ui-20120217-1437,org.eclipse.pde.internal.ui.editor.feature,FeatureUndoManager,execute,19,7,2
eclipse.pde.ui-20120217-1437,org.eclipse.pde.internal.ui.editor.feature,FeatureUndoManager,executeAdd,23,6,2
eclipse.pde.ui-20120217-1437,org.eclipse.pde.internal.ui.editor.feature,FeatureUndoManager,executeRemove,23,6,2
eclipse.pde.ui-20120217-1437,org.eclipse.pde.internal.ui.editor.feature,FeatureUndoManager,executeChange,11,2,4
eclipse.pde.ui-20120217-1437,org.eclipse.pde.internal.ui.editor.feature,FeatureUndoManager,modelChanged,10,4,1
eclipse.pde.ui-20120217-1437,org.eclipse.pde.internal.ui.editor.feature,HandlerSection,HandlerSection,6,1,2
eclipse.pde.ui-20120217-1437,org.eclipse.pde.internal.ui.editor.feature,HandlerSection,canPaste,10,4,1
eclipse.pde.ui-20120217-1437,org.eclipse.pde.internal.ui.editor.feature,HandlerSection,commit,5,1,1
eclipse.pde.ui-20120217-1437,org.eclipse.pde.internal.ui.editor.feature,HandlerSection,createClient,37,1,2
eclipse.pde.ui-20120217-1437,org.eclipse.pde.internal.ui.editor.feature,HandlerSection,textValueChanged,8,1,1
eclipse.pde.ui-20120217-1437,org.eclipse.pde.internal.ui.editor.feature,HandlerSection,textValueChanged,8,1,1
eclipse.pde.ui-20120217-1437,org.eclipse.pde.internal.ui.editor.feature,HandlerSection,setLibrary,4,1,2
eclipse.pde.ui-20120217-1437,org.eclipse.pde.internal.ui.editor.feature,HandlerSection,setHandler,4,1,2
eclipse.pde.ui-20120217-1437,org.eclipse.pde.internal.ui.editor.feature,HandlerSection,getHandler,8,2,1
eclipse.pde.ui-20120217-1437,org.eclipse.pde.internal.ui.editor.feature,HandlerSection,dispose,5,2,0
eclipse.pde.ui-20120217-1437,org.eclipse.pde.internal.ui.editor.feature,HandlerSection,initialize,9,2,0
eclipse.pde.ui-20120217-1437,org.eclipse.pde.internal.ui.editor.feature,HandlerSection,modelChanged,5,2,1
eclipse.pde.ui-20120217-1437,org.eclipse.pde.internal.ui.editor.feature,HandlerSection,setFocus,3,2,0
eclipse.pde.ui-20120217-1437,org.eclipse.pde.internal.ui.editor.feature,HandlerSection,setIfDefined,4,2,2
eclipse.pde.ui-20120217-1437,org.eclipse.pde.internal.ui.editor.feature,HandlerSection,refresh,10,2,0
eclipse.pde.ui-20120217-1437,org.eclipse.pde.internal.ui.editor.feature,HandlerSection,cancelEdit,5,1,0
eclipse.pde.ui-20120217-1437,org.eclipse.pde.internal.ui.editor.feature,IncludedFeaturesDetailsSection,IncludedFeaturesDetailsSection,3,1,2
eclipse.pde.ui-20120217-1437,org.eclipse.pde.internal.ui.editor.feature,IncludedFeaturesDetailsSection,IncludedFeaturesDetailsSection,6,1,5
eclipse.pde.ui-20120217-1437,org.eclipse.pde.internal.ui.editor.feature,IncludedFeaturesDetailsSection,cancelEdit,5,1,0
eclipse.pde.ui-20120217-1437,org.eclipse.pde.internal.ui.editor.feature,IncludedFeaturesDetailsSection,commit,5,1,1
eclipse.pde.ui-20120217-1437,org.eclipse.pde.internal.ui.editor.feature,IncludedFeaturesDetailsSection,createClient,109,10,2
eclipse.pde.ui-20120217-1437,org.eclipse.pde.internal.ui.editor.feature,IncludedFeaturesDetailsSection,textValueChanged,8,2,1
eclipse.pde.ui-20120217-1437,org.eclipse.pde.internal.ui.editor.feature,IncludedFeaturesDetailsSection,textValueChanged,8,2,1
eclipse.pde.ui-20120217-1437,org.eclipse.pde.internal.ui.editor.feature,IncludedFeaturesDetailsSection,widgetSelected,9,2,1
eclipse.pde.ui-20120217-1437,org.eclipse.pde.internal.ui.editor.feature,IncludedFeaturesDetailsSection,widgetSelected,9,3,1
eclipse.pde.ui-20120217-1437,org.eclipse.pde.internal.ui.editor.feature,IncludedFeaturesDetailsSection,widgetSelected,9,3,1
eclipse.pde.ui-20120217-1437,org.eclipse.pde.internal.ui.editor.feature,IncludedFeaturesDetailsSection,widgetSelected,9,3,1
eclipse.pde.ui-20120217-1437,org.eclipse.pde.internal.ui.editor.feature,IncludedFeaturesDetailsSection,dispose,5,2,0
eclipse.pde.ui-20120217-1437,org.eclipse.pde.internal.ui.editor.feature,IncludedFeaturesDetailsSection,initialize,5,2,1
eclipse.pde.ui-20120217-1437,org.eclipse.pde.internal.ui.editor.feature,IncludedFeaturesDetailsSection,modelChanged,3,1,1
eclipse.pde.ui-20120217-1437,org.eclipse.pde.internal.ui.editor.feature,IncludedFeaturesDetailsSection,refresh,4,1,0
eclipse.pde.ui-20120217-1437,org.eclipse.pde.internal.ui.editor.feature,IncludedFeaturesDetailsSection,selectionChanged,13,3,2
eclipse.pde.ui-20120217-1437,org.eclipse.pde.internal.ui.editor.feature,IncludedFeaturesDetailsSection,setFocus,3,2,0
eclipse.pde.ui-20120217-1437,org.eclipse.pde.internal.ui.editor.feature,IncludedFeaturesDetailsSection,update,28,2,0
eclipse.pde.ui-20120217-1437,org.eclipse.pde.internal.ui.editor.feature,IncludedFeaturesDetailsSection,isEditable,3,1,0
eclipse.pde.ui-20120217-1437,org.eclipse.pde.internal.ui.editor.feature,IncludedFeaturesPortabilitySection,getArchChoices,3,1,0
eclipse.pde.ui-20120217-1437,org.eclipse.pde.internal.ui.editor.feature,IncludedFeaturesPortabilitySection,getKnownChoices,7,2,1
eclipse.pde.ui-20120217-1437,org.eclipse.pde.internal.ui.editor.feature,IncludedFeaturesPortabilitySection,getNLChoices,9,2,0
eclipse.pde.ui-20120217-1437,org.eclipse.pde.internal.ui.editor.feature,IncludedFeaturesPortabilitySection,getOSChoices,3,1,0
eclipse.pde.ui-20120217-1437,org.eclipse.pde.internal.ui.editor.feature,IncludedFeaturesPortabilitySection,getWSChoices,3,1,0
eclipse.pde.ui-20120217-1437,org.eclipse.pde.internal.ui.editor.feature,IncludedFeaturesPortabilitySection,IncludedFeaturesPortabilitySection,4,1,2
eclipse.pde.ui-20120217-1437,org.eclipse.pde.internal.ui.editor.feature,IncludedFeaturesPortabilitySection,IncludedFeaturesPortabilitySection,5,1,5
eclipse.pde.ui-20120217-1437,org.eclipse.pde.internal.ui.editor.feature,IncludedFeaturesPortabilitySection,applyValue,7,6,2
eclipse.pde.ui-20120217-1437,org.eclipse.pde.internal.ui.editor.feature,IncludedFeaturesPortabilitySection,cancelEdit,7,1,0
eclipse.pde.ui-20120217-1437,org.eclipse.pde.internal.ui.editor.feature,IncludedFeaturesPortabilitySection,canPaste,10,4,1
eclipse.pde.ui-20120217-1437,org.eclipse.pde.internal.ui.editor.feature,IncludedFeaturesPortabilitySection,clearField,6,5,1
eclipse.pde.ui-20120217-1437,org.eclipse.pde.internal.ui.editor.feature,IncludedFeaturesPortabilitySection,clearFields,6,1,0
eclipse.pde.ui-20120217-1437,org.eclipse.pde.internal.ui.editor.feature,IncludedFeaturesPortabilitySection,commit,7,1,1
eclipse.pde.ui-20120217-1437,org.eclipse.pde.internal.ui.editor.feature,IncludedFeaturesPortabilitySection,createClient,103,1,2
eclipse.pde.ui-20120217-1437,org.eclipse.pde.internal.ui.editor.feature,IncludedFeaturesPortabilitySection,browseButtonSelected,9,1,1
eclipse.pde.ui-20120217-1437,org.eclipse.pde.internal.ui.editor.feature,IncludedFeaturesPortabilitySection,run,4,1,0
eclipse.pde.ui-20120217-1437,org.eclipse.pde.internal.ui.editor.feature,IncludedFeaturesPortabilitySection,textValueChanged,8,1,1
eclipse.pde.ui-20120217-1437,org.eclipse.pde.internal.ui.editor.feature,IncludedFeaturesPortabilitySection,browseButtonSelected,9,1,1
eclipse.pde.ui-20120217-1437,org.eclipse.pde.internal.ui.editor.feature,IncludedFeaturesPortabilitySection,run,4,1,0
eclipse.pde.ui-20120217-1437,org.eclipse.pde.internal.ui.editor.feature,IncludedFeaturesPortabilitySection,textValueChanged,8,1,1
eclipse.pde.ui-20120217-1437,org.eclipse.pde.internal.ui.editor.feature,IncludedFeaturesPortabilitySection,browseButtonSelected,9,1,1
eclipse.pde.ui-20120217-1437,org.eclipse.pde.internal.ui.editor.feature,IncludedFeaturesPortabilitySection,run,4,1,0
eclipse.pde.ui-20120217-1437,org.eclipse.pde.internal.ui.editor.feature,IncludedFeaturesPortabilitySection,textValueChanged,8,1,1
eclipse.pde.ui-20120217-1437,org.eclipse.pde.internal.ui.editor.feature,IncludedFeaturesPortabilitySection,browseButtonSelected,9,1,1
eclipse.pde.ui-20120217-1437,org.eclipse.pde.internal.ui.editor.feature,IncludedFeaturesPortabilitySection,run,4,1,0
eclipse.pde.ui-20120217-1437,org.eclipse.pde.internal.ui.editor.feature,IncludedFeaturesPortabilitySection,textValueChanged,8,1,1
eclipse.pde.ui-20120217-1437,org.eclipse.pde.internal.ui.editor.feature,IncludedFeaturesPortabilitySection,dispose,5,2,0
eclipse.pde.ui-20120217-1437,org.eclipse.pde.internal.ui.editor.feature,IncludedFeaturesPortabilitySection,initialize,5,2,1
eclipse.pde.ui-20120217-1437,org.eclipse.pde.internal.ui.editor.feature,IncludedFeaturesPortabilitySection,limitTextWidth,4,1,1
eclipse.pde.ui-20120217-1437,org.eclipse.pde.internal.ui.editor.feature,IncludedFeaturesPortabilitySection,modelChanged,3,1,1
eclipse.pde.ui-20120217-1437,org.eclipse.pde.internal.ui.editor.feature,IncludedFeaturesPortabilitySection,openPortabilityChoiceDialog,17,2,3
eclipse.pde.ui-20120217-1437,org.eclipse.pde.internal.ui.editor.feature,IncludedFeaturesPortabilitySection,refresh,16,2,0
eclipse.pde.ui-20120217-1437,org.eclipse.pde.internal.ui.editor.feature,IncludedFeaturesPortabilitySection,selectionChanged,13,3,2
eclipse.pde.ui-20120217-1437,org.eclipse.pde.internal.ui.editor.feature,IncludedFeaturesPortabilitySection,setFocus,3,2,0
eclipse.pde.ui-20120217-1437,org.eclipse.pde.internal.ui.editor.feature,IncludedFeaturesPortabilitySection,setValue,11,6,1
eclipse.pde.ui-20120217-1437,org.eclipse.pde.internal.ui.editor.feature,IncludedFeaturesSection,getElements,6,2,1
eclipse.pde.ui-20120217-1437,org.eclipse.pde.internal.ui.editor.feature,IncludedFeaturesSection,IncludedFeaturesSection,7,1,2
eclipse.pde.ui-20120217-1437,org.eclipse.pde.internal.ui.editor.feature,IncludedFeaturesSection,commit,3,1,1
eclipse.pde.ui-20120217-1437,org.eclipse.pde.internal.ui.editor.feature,IncludedFeaturesSection,createClient,17,1,2
eclipse.pde.ui-20120217-1437,org.eclipse.pde.internal.ui.editor.feature,IncludedFeaturesSection,createSectionToolbar,18,2,2
eclipse.pde.ui-20120217-1437,org.eclipse.pde.internal.ui.editor.feature,IncludedFeaturesSection,widgetDisposed,5,2,1
eclipse.pde.ui-20120217-1437,org.eclipse.pde.internal.ui.editor.feature,IncludedFeaturesSection,handleDoubleClick,3,1,1
eclipse.pde.ui-20120217-1437,org.eclipse.pde.internal.ui.editor.feature,IncludedFeaturesSection,buttonSelected,13,4,1
eclipse.pde.ui-20120217-1437,org.eclipse.pde.internal.ui.editor.feature,IncludedFeaturesSection,dispose,7,2,0
eclipse.pde.ui-20120217-1437,org.eclipse.pde.internal.ui.editor.feature,IncludedFeaturesSection,setFormInput,7,2,1
eclipse.pde.ui-20120217-1437,org.eclipse.pde.internal.ui.editor.feature,IncludedFeaturesSection,fillContextMenu,8,1,1
eclipse.pde.ui-20120217-1437,org.eclipse.pde.internal.ui.editor.feature,IncludedFeaturesSection,handleUp,5,2,0
eclipse.pde.ui-20120217-1437,org.eclipse.pde.internal.ui.editor.feature,IncludedFeaturesSection,handleDown,6,2,0
eclipse.pde.ui-20120217-1437,org.eclipse.pde.internal.ui.editor.feature,IncludedFeaturesSection,handleNew,23,4,0
eclipse.pde.ui-20120217-1437,org.eclipse.pde.internal.ui.editor.feature,IncludedFeaturesSection,run,18,4,0
eclipse.pde.ui-20120217-1437,org.eclipse.pde.internal.ui.editor.feature,IncludedFeaturesSection,swap,8,1,2
eclipse.pde.ui-20120217-1437,org.eclipse.pde.internal.ui.editor.feature,IncludedFeaturesSection,doAdd,13,2,1
eclipse.pde.ui-20120217-1437,org.eclipse.pde.internal.ui.editor.feature,IncludedFeaturesSection,canAdd,17,5,1
eclipse.pde.ui-20120217-1437,org.eclipse.pde.internal.ui.editor.feature,IncludedFeaturesSection,isFeaturePatch,7,3,1
eclipse.pde.ui-20120217-1437,org.eclipse.pde.internal.ui.editor.feature,IncludedFeaturesSection,handleSelectAll,6,1,0
eclipse.pde.ui-20120217-1437,org.eclipse.pde.internal.ui.editor.feature,IncludedFeaturesSection,handleDelete,21,4,0
eclipse.pde.ui-20120217-1437,org.eclipse.pde.internal.ui.editor.feature,IncludedFeaturesSection,doGlobalAction,29,5,1
eclipse.pde.ui-20120217-1437,org.eclipse.pde.internal.ui.editor.feature,IncludedFeaturesSection,run,3,1,0
eclipse.pde.ui-20120217-1437,org.eclipse.pde.internal.ui.editor.feature,IncludedFeaturesSection,run,3,1,0
eclipse.pde.ui-20120217-1437,org.eclipse.pde.internal.ui.editor.feature,IncludedFeaturesSection,selectionChanged,4,1,1
eclipse.pde.ui-20120217-1437,org.eclipse.pde.internal.ui.editor.feature,IncludedFeaturesSection,initialize,8,1,0
eclipse.pde.ui-20120217-1437,org.eclipse.pde.internal.ui.editor.feature,IncludedFeaturesSection,modelChanged,21,7,1
eclipse.pde.ui-20120217-1437,org.eclipse.pde.internal.ui.editor.feature,IncludedFeaturesSection,makeActions,25,1,0
eclipse.pde.ui-20120217-1437,org.eclipse.pde.internal.ui.editor.feature,IncludedFeaturesSection,run,3,1,0
eclipse.pde.ui-20120217-1437,org.eclipse.pde.internal.ui.editor.feature,IncludedFeaturesSection,run,8,1,0
eclipse.pde.ui-20120217-1437,org.eclipse.pde.internal.ui.editor.feature,IncludedFeaturesSection,run,3,1,0
eclipse.pde.ui-20120217-1437,org.eclipse.pde.internal.ui.editor.feature,IncludedFeaturesSection,modelsChanged,14,3,1
eclipse.pde.ui-20120217-1437,org.eclipse.pde.internal.ui.editor.feature,IncludedFeaturesSection,run,9,3,0
eclipse.pde.ui-20120217-1437,org.eclipse.pde.internal.ui.editor.feature,IncludedFeaturesSection,hasModels,11,5,1
eclipse.pde.ui-20120217-1437,org.eclipse.pde.internal.ui.editor.feature,IncludedFeaturesSection,setFocus,3,2,0
eclipse.pde.ui-20120217-1437,org.eclipse.pde.internal.ui.editor.feature,IncludedFeaturesSection,refresh,7,1,0
eclipse.pde.ui-20120217-1437,org.eclipse.pde.internal.ui.editor.feature,IncludedFeaturesSection,updateButtons,9,1,0
eclipse.pde.ui-20120217-1437,org.eclipse.pde.internal.ui.editor.feature,IncludedFeaturesSection,canPaste,7,2,1
eclipse.pde.ui-20120217-1437,org.eclipse.pde.internal.ui.editor.feature,IncludedFeaturesSection,canPaste,6,3,2
eclipse.pde.ui-20120217-1437,org.eclipse.pde.internal.ui.editor.feature,IncludedFeaturesSection,doPaste,8,2,0
eclipse.pde.ui-20120217-1437,org.eclipse.pde.internal.ui.editor.feature,IncludedFeaturesSection,doPaste,22,4,2
eclipse.pde.ui-20120217-1437,org.eclipse.pde.internal.ui.editor.feature,IncludedFeaturesSection,fireSelection,9,3,0
eclipse.pde.ui-20120217-1437,org.eclipse.pde.internal.ui.editor.feature,IncludedFeaturesSection,createCount,3,1,0
eclipse.pde.ui-20120217-1437,org.eclipse.pde.internal.ui.editor.feature,IncludedFeaturesSection,propertyChange,5,2,1
eclipse.pde.ui-20120217-1437,org.eclipse.pde.internal.ui.editor.feature,IncludedFeaturesContentProvider,getElements,6,2,1
eclipse.pde.ui-20120217-1437,org.eclipse.pde.internal.ui.editor.feature,InfoFormPage,InfoFormPage,3,1,2
eclipse.pde.ui-20120217-1437,org.eclipse.pde.internal.ui.editor.feature,InfoFormPage,getHelpResource,3,1,0
eclipse.pde.ui-20120217-1437,org.eclipse.pde.internal.ui.editor.feature,InfoFormPage,createFormContent,10,1,1
eclipse.pde.ui-20120217-1437,org.eclipse.pde.internal.ui.editor.feature,InfoFormPage,dispose,4,1,0
eclipse.pde.ui-20120217-1437,org.eclipse.pde.internal.ui.editor.feature,InfoFormPage,initialize,3,1,0
eclipse.pde.ui-20120217-1437,org.eclipse.pde.internal.ui.editor.feature,InfoSection,InfoSection,9,1,3
eclipse.pde.ui-20120217-1437,org.eclipse.pde.internal.ui.editor.feature,InfoSection,commit,4,1,1
eclipse.pde.ui-20120217-1437,org.eclipse.pde.internal.ui.editor.feature,InfoSection,createClient,41,2,2
eclipse.pde.ui-20120217-1437,org.eclipse.pde.internal.ui.editor.feature,InfoSection,widgetSelected,3,1,1
eclipse.pde.ui-20120217-1437,org.eclipse.pde.internal.ui.editor.feature,InfoSection,createLicensePage,14,1,2
eclipse.pde.ui-20120217-1437,org.eclipse.pde.internal.ui.editor.feature,InfoSection,createInfoPage,47,2,2
eclipse.pde.ui-20120217-1437,org.eclipse.pde.internal.ui.editor.feature,InfoSection,modifyText,3,1,1
eclipse.pde.ui-20120217-1437,org.eclipse.pde.internal.ui.editor.feature,InfoSection,selectionChanged,3,1,1
eclipse.pde.ui-20120217-1437,org.eclipse.pde.internal.ui.editor.feature,InfoSection,createUrlsPage,17,1,2
eclipse.pde.ui-20120217-1437,org.eclipse.pde.internal.ui.editor.feature,InfoSection,updateSelection,3,1,1
eclipse.pde.ui-20120217-1437,org.eclipse.pde.internal.ui.editor.feature,InfoSection,doGlobalAction,27,7,1
eclipse.pde.ui-20120217-1437,org.eclipse.pde.internal.ui.editor.feature,InfoSection,setFormInput,15,4,1
eclipse.pde.ui-20120217-1437,org.eclipse.pde.internal.ui.editor.feature,InfoSection,handleApply,8,2,0
eclipse.pde.ui-20120217-1437,org.eclipse.pde.internal.ui.editor.feature,InfoSection,handleApply,7,2,2
eclipse.pde.ui-20120217-1437,org.eclipse.pde.internal.ui.editor.feature,InfoSection,applyInfoText,19,4,4
eclipse.pde.ui-20120217-1437,org.eclipse.pde.internal.ui.editor.feature,InfoSection,fillContextMenu,3,1,1
eclipse.pde.ui-20120217-1437,org.eclipse.pde.internal.ui.editor.feature,InfoSection,initialize,15,1,0
eclipse.pde.ui-20120217-1437,org.eclipse.pde.internal.ui.editor.feature,InfoSection,documentChanged,3,1,1
eclipse.pde.ui-20120217-1437,org.eclipse.pde.internal.ui.editor.feature,InfoSection,documentAboutToBeChanged,2,1,1
eclipse.pde.ui-20120217-1437,org.eclipse.pde.internal.ui.editor.feature,InfoSection,dispose,8,3,0
eclipse.pde.ui-20120217-1437,org.eclipse.pde.internal.ui.editor.feature,InfoSection,infoModified,6,2,0
eclipse.pde.ui-20120217-1437,org.eclipse.pde.internal.ui.editor.feature,InfoSection,modelChanged,5,2,1
eclipse.pde.ui-20120217-1437,org.eclipse.pde.internal.ui.editor.feature,InfoSection,refresh,11,2,0
eclipse.pde.ui-20120217-1437,org.eclipse.pde.internal.ui.editor.feature,InfoSection,createTabs,8,1,0
eclipse.pde.ui-20120217-1437,org.eclipse.pde.internal.ui.editor.feature,InfoSection,addTab,6,1,2
eclipse.pde.ui-20120217-1437,org.eclipse.pde.internal.ui.editor.feature,InfoSection,updateTabImage,10,3,1
eclipse.pde.ui-20120217-1437,org.eclipse.pde.internal.ui.editor.feature,InfoSection,updateTabSelection,23,7,0
eclipse.pde.ui-20120217-1437,org.eclipse.pde.internal.ui.editor.feature,InfoSection,setFocus,4,1,0
eclipse.pde.ui-20120217-1437,org.eclipse.pde.internal.ui.editor.feature,InfoSection,commitPrevious,4,1,0
eclipse.pde.ui-20120217-1437,org.eclipse.pde.internal.ui.editor.feature,InfoSection,updateEditorInput,35,10,2
eclipse.pde.ui-20120217-1437,org.eclipse.pde.internal.ui.editor.feature,InfoSection,canPaste,3,1,1
eclipse.pde.ui-20120217-1437,org.eclipse.pde.internal.ui.editor.feature,InstallSection,InstallSection,6,1,2
eclipse.pde.ui-20120217-1437,org.eclipse.pde.internal.ui.editor.feature,InstallSection,canPaste,10,4,1
eclipse.pde.ui-20120217-1437,org.eclipse.pde.internal.ui.editor.feature,InstallSection,commit,4,1,1
eclipse.pde.ui-20120217-1437,org.eclipse.pde.internal.ui.editor.feature,InstallSection,createClient,47,2,2
eclipse.pde.ui-20120217-1437,org.eclipse.pde.internal.ui.editor.feature,InstallSection,widgetSelected,8,2,1
eclipse.pde.ui-20120217-1437,org.eclipse.pde.internal.ui.editor.feature,InstallSection,textValueChanged,10,1,1
eclipse.pde.ui-20120217-1437,org.eclipse.pde.internal.ui.editor.feature,InstallSection,dispose,5,2,0
eclipse.pde.ui-20120217-1437,org.eclipse.pde.internal.ui.editor.feature,InstallSection,initialize,9,2,0
eclipse.pde.ui-20120217-1437,org.eclipse.pde.internal.ui.editor.feature,InstallSection,modelChanged,5,2,1
eclipse.pde.ui-20120217-1437,org.eclipse.pde.internal.ui.editor.feature,InstallSection,setFocus,3,2,0
eclipse.pde.ui-20120217-1437,org.eclipse.pde.internal.ui.editor.feature,InstallSection,refresh,9,1,0
eclipse.pde.ui-20120217-1437,org.eclipse.pde.internal.ui.editor.feature,InstallSection,cancelEdit,4,1,0
eclipse.pde.ui-20120217-1437,org.eclipse.pde.internal.ui.editor.feature,LicenseFeatureSection,LicenseFeatureSection,7,1,3
eclipse.pde.ui-20120217-1437,org.eclipse.pde.internal.ui.editor.feature,LicenseFeatureSection,createClient,139,5,2
eclipse.pde.ui-20120217-1437,org.eclipse.pde.internal.ui.editor.feature,LicenseFeatureSection,modifyText,3,1,1
eclipse.pde.ui-20120217-1437,org.eclipse.pde.internal.ui.editor.feature,LicenseFeatureSection,widgetSelected,3,1,1
eclipse.pde.ui-20120217-1437,org.eclipse.pde.internal.ui.editor.feature,LicenseFeatureSection,modifyText,3,1,1
eclipse.pde.ui-20120217-1437,org.eclipse.pde.internal.ui.editor.feature,LicenseFeatureSection,modifyText,3,1,1
eclipse.pde.ui-20120217-1437,org.eclipse.pde.internal.ui.editor.feature,LicenseFeatureSection,documentChanged,3,1,1
eclipse.pde.ui-20120217-1437,org.eclipse.pde.internal.ui.editor.feature,LicenseFeatureSection,documentAboutToBeChanged,2,1,1
eclipse.pde.ui-20120217-1437,org.eclipse.pde.internal.ui.editor.feature,LicenseFeatureSection,widgetSelected,6,2,1
eclipse.pde.ui-20120217-1437,org.eclipse.pde.internal.ui.editor.feature,LicenseFeatureSection,widgetSelected,6,2,1
eclipse.pde.ui-20120217-1437,org.eclipse.pde.internal.ui.editor.feature,LicenseFeatureSection,handleSelect,30,4,0
eclipse.pde.ui-20120217-1437,org.eclipse.pde.internal.ui.editor.feature,LicenseFeatureSection,run,13,4,0
eclipse.pde.ui-20120217-1437,org.eclipse.pde.internal.ui.editor.feature,LicenseFeatureSection,doSelect,5,1,1
eclipse.pde.ui-20120217-1437,org.eclipse.pde.internal.ui.editor.feature,LicenseFeatureSection,canAdd,7,1,1
eclipse.pde.ui-20120217-1437,org.eclipse.pde.internal.ui.editor.feature,LicenseFeatureSection,infoModified,12,3,0
eclipse.pde.ui-20120217-1437,org.eclipse.pde.internal.ui.editor.feature,LicenseFeatureSection,refresh,18,2,0
eclipse.pde.ui-20120217-1437,org.eclipse.pde.internal.ui.editor.feature,LicenseFeatureSection,commit,30,3,1
eclipse.pde.ui-20120217-1437,org.eclipse.pde.internal.ui.editor.feature,OpenReferenceAction,OpenReferenceAction,3,1,1
eclipse.pde.ui-20120217-1437,org.eclipse.pde.internal.ui.editor.feature,OpenReferenceAction,run,30,7,0
eclipse.pde.ui-20120217-1437,org.eclipse.pde.internal.ui.editor.feature,OpenReferenceAction,selectionChanged,3,1,1
eclipse.pde.ui-20120217-1437,org.eclipse.pde.internal.ui.editor.feature,PluginDetailsSection,PluginDetailsSection,3,1,2
eclipse.pde.ui-20120217-1437,org.eclipse.pde.internal.ui.editor.feature,PluginDetailsSection,PluginDetailsSection,6,1,5
eclipse.pde.ui-20120217-1437,org.eclipse.pde.internal.ui.editor.feature,PluginDetailsSection,cancelEdit,6,1,0
eclipse.pde.ui-20120217-1437,org.eclipse.pde.internal.ui.editor.feature,PluginDetailsSection,commit,6,1,1
eclipse.pde.ui-20120217-1437,org.eclipse.pde.internal.ui.editor.feature,PluginDetailsSection,createClient,71,5,2
eclipse.pde.ui-20120217-1437,org.eclipse.pde.internal.ui.editor.feature,PluginDetailsSection,textValueChanged,8,2,1
eclipse.pde.ui-20120217-1437,org.eclipse.pde.internal.ui.editor.feature,PluginDetailsSection,textValueChanged,8,2,1
eclipse.pde.ui-20120217-1437,org.eclipse.pde.internal.ui.editor.feature,PluginDetailsSection,textValueChanged,8,2,1
eclipse.pde.ui-20120217-1437,org.eclipse.pde.internal.ui.editor.feature,PluginDetailsSection,widgetSelected,8,2,1
eclipse.pde.ui-20120217-1437,org.eclipse.pde.internal.ui.editor.feature,PluginDetailsSection,dispose,5,2,0
eclipse.pde.ui-20120217-1437,org.eclipse.pde.internal.ui.editor.feature,PluginDetailsSection,initialize,5,2,1
eclipse.pde.ui-20120217-1437,org.eclipse.pde.internal.ui.editor.feature,PluginDetailsSection,limitTextWidth,4,1,1
eclipse.pde.ui-20120217-1437,org.eclipse.pde.internal.ui.editor.feature,PluginDetailsSection,modelChanged,3,1,1
eclipse.pde.ui-20120217-1437,org.eclipse.pde.internal.ui.editor.feature,PluginDetailsSection,refresh,4,1,0
eclipse.pde.ui-20120217-1437,org.eclipse.pde.internal.ui.editor.feature,PluginDetailsSection,selectionChanged,16,3,2
eclipse.pde.ui-20120217-1437,org.eclipse.pde.internal.ui.editor.feature,PluginDetailsSection,setFocus,3,2,0
eclipse.pde.ui-20120217-1437,org.eclipse.pde.internal.ui.editor.feature,PluginDetailsSection,update,25,2,0
eclipse.pde.ui-20120217-1437,org.eclipse.pde.internal.ui.editor.feature,PluginDetailsSection,isEditable,3,1,0
eclipse.pde.ui-20120217-1437,org.eclipse.pde.internal.ui.editor.feature,PluginDetailsSection,getLong,9,2,1
eclipse.pde.ui-20120217-1437,org.eclipse.pde.internal.ui.editor.feature,PluginPortabilitySection,PluginPortabilitySection,3,1,2
eclipse.pde.ui-20120217-1437,org.eclipse.pde.internal.ui.editor.feature,PluginReference,PluginReference,4,1,2
eclipse.pde.ui-20120217-1437,org.eclipse.pde.internal.ui.editor.feature,PluginReference,getModel,3,1,0
eclipse.pde.ui-20120217-1437,org.eclipse.pde.internal.ui.editor.feature,PluginReference,getReference,3,1,0
eclipse.pde.ui-20120217-1437,org.eclipse.pde.internal.ui.editor.feature,PluginReference,isFragment,3,1,0
eclipse.pde.ui-20120217-1437,org.eclipse.pde.internal.ui.editor.feature,PluginReference,isInSync,7,5,0
eclipse.pde.ui-20120217-1437,org.eclipse.pde.internal.ui.editor.feature,PluginReference,isUnresolved,3,1,0
eclipse.pde.ui-20120217-1437,org.eclipse.pde.internal.ui.editor.feature,PluginReference,setFragment,3,1,1
eclipse.pde.ui-20120217-1437,org.eclipse.pde.internal.ui.editor.feature,PluginReference,setModel,3,1,1
eclipse.pde.ui-20120217-1437,org.eclipse.pde.internal.ui.editor.feature,PluginReference,setReference,3,1,1
eclipse.pde.ui-20120217-1437,org.eclipse.pde.internal.ui.editor.feature,PluginReference,toString,4,1,0
eclipse.pde.ui-20120217-1437,org.eclipse.pde.internal.ui.editor.feature,PluginSection,getElements,6,2,1
eclipse.pde.ui-20120217-1437,org.eclipse.pde.internal.ui.editor.feature,PluginSection,PluginSection,6,1,2
eclipse.pde.ui-20120217-1437,org.eclipse.pde.internal.ui.editor.feature,PluginSection,commit,3,1,1
eclipse.pde.ui-20120217-1437,org.eclipse.pde.internal.ui.editor.feature,PluginSection,createClient,17,1,2
eclipse.pde.ui-20120217-1437,org.eclipse.pde.internal.ui.editor.feature,PluginSection,createSectionToolbar,18,2,2
eclipse.pde.ui-20120217-1437,org.eclipse.pde.internal.ui.editor.feature,PluginSection,widgetDisposed,5,2,1
eclipse.pde.ui-20120217-1437,org.eclipse.pde.internal.ui.editor.feature,PluginSection,handleDoubleClick,3,1,1
eclipse.pde.ui-20120217-1437,org.eclipse.pde.internal.ui.editor.feature,PluginSection,buttonSelected,4,3,1
eclipse.pde.ui-20120217-1437,org.eclipse.pde.internal.ui.editor.feature,PluginSection,dispose,5,2,0
eclipse.pde.ui-20120217-1437,org.eclipse.pde.internal.ui.editor.feature,PluginSection,setFormInput,7,2,1
eclipse.pde.ui-20120217-1437,org.eclipse.pde.internal.ui.editor.feature,PluginSection,fillContextMenu,7,1,1
eclipse.pde.ui-20120217-1437,org.eclipse.pde.internal.ui.editor.feature,PluginSection,handleNew,23,4,0
eclipse.pde.ui-20120217-1437,org.eclipse.pde.internal.ui.editor.feature,PluginSection,run,18,4,0
eclipse.pde.ui-20120217-1437,org.eclipse.pde.internal.ui.editor.feature,PluginSection,doAdd,14,2,1
eclipse.pde.ui-20120217-1437,org.eclipse.pde.internal.ui.editor.feature,PluginSection,canAdd,9,3,1
eclipse.pde.ui-20120217-1437,org.eclipse.pde.internal.ui.editor.feature,PluginSection,handleSelectAll,6,1,0
eclipse.pde.ui-20120217-1437,org.eclipse.pde.internal.ui.editor.feature,PluginSection,handleDelete,21,4,0
eclipse.pde.ui-20120217-1437,org.eclipse.pde.internal.ui.editor.feature,PluginSection,handleSynchronize,9,1,0
eclipse.pde.ui-20120217-1437,org.eclipse.pde.internal.ui.editor.feature,PluginSection,run,3,1,0
eclipse.pde.ui-20120217-1437,org.eclipse.pde.internal.ui.editor.feature,PluginSection,doGlobalAction,29,5,1
eclipse.pde.ui-20120217-1437,org.eclipse.pde.internal.ui.editor.feature,PluginSection,run,3,1,0
eclipse.pde.ui-20120217-1437,org.eclipse.pde.internal.ui.editor.feature,PluginSection,run,3,1,0
eclipse.pde.ui-20120217-1437,org.eclipse.pde.internal.ui.editor.feature,PluginSection,selectionChanged,3,1,1
eclipse.pde.ui-20120217-1437,org.eclipse.pde.internal.ui.editor.feature,PluginSection,initialize,8,1,0
eclipse.pde.ui-20120217-1437,org.eclipse.pde.internal.ui.editor.feature,PluginSection,modelChanged,21,7,1
eclipse.pde.ui-20120217-1437,org.eclipse.pde.internal.ui.editor.feature,PluginSection,makeActions,25,1,0
eclipse.pde.ui-20120217-1437,org.eclipse.pde.internal.ui.editor.feature,PluginSection,run,3,1,0
eclipse.pde.ui-20120217-1437,org.eclipse.pde.internal.ui.editor.feature,PluginSection,run,8,1,0
eclipse.pde.ui-20120217-1437,org.eclipse.pde.internal.ui.editor.feature,PluginSection,run,3,1,0
eclipse.pde.ui-20120217-1437,org.eclipse.pde.internal.ui.editor.feature,PluginSection,modelsChanged,14,3,1
eclipse.pde.ui-20120217-1437,org.eclipse.pde.internal.ui.editor.feature,PluginSection,run,9,3,0
eclipse.pde.ui-20120217-1437,org.eclipse.pde.internal.ui.editor.feature,PluginSection,hasPluginModels,4,2,1
eclipse.pde.ui-20120217-1437,org.eclipse.pde.internal.ui.editor.feature,PluginSection,setFocus,3,2,0
eclipse.pde.ui-20120217-1437,org.eclipse.pde.internal.ui.editor.feature,PluginSection,refresh,6,1,0
eclipse.pde.ui-20120217-1437,org.eclipse.pde.internal.ui.editor.feature,PluginSection,canPaste,7,2,1
eclipse.pde.ui-20120217-1437,org.eclipse.pde.internal.ui.editor.feature,PluginSection,canPaste,6,3,2
eclipse.pde.ui-20120217-1437,org.eclipse.pde.internal.ui.editor.feature,PluginSection,doPaste,5,2,0
eclipse.pde.ui-20120217-1437,org.eclipse.pde.internal.ui.editor.feature,PluginSection,doPaste,20,3,2
eclipse.pde.ui-20120217-1437,org.eclipse.pde.internal.ui.editor.feature,PluginSection,fireSelection,9,3,0
eclipse.pde.ui-20120217-1437,org.eclipse.pde.internal.ui.editor.feature,PluginSection,createCount,3,1,0
eclipse.pde.ui-20120217-1437,org.eclipse.pde.internal.ui.editor.feature,PluginContentProvider,getElements,6,2,1
eclipse.pde.ui-20120217-1437,org.eclipse.pde.internal.ui.editor.feature,PortabilityChoicesDialog,getElements,3,1,1
eclipse.pde.ui-20120217-1437,org.eclipse.pde.internal.ui.editor.feature,PortabilityChoicesDialog,getColumnText,3,1,2
eclipse.pde.ui-20120217-1437,org.eclipse.pde.internal.ui.editor.feature,PortabilityChoicesDialog,getColumnImage,3,1,2
eclipse.pde.ui-20120217-1437,org.eclipse.pde.internal.ui.editor.feature,PortabilityChoicesDialog,PortabilityChoicesDialog,6,1,3
eclipse.pde.ui-20120217-1437,org.eclipse.pde.internal.ui.editor.feature,PortabilityChoicesDialog,createButtonsForButtonBar,4,1,1
eclipse.pde.ui-20120217-1437,org.eclipse.pde.internal.ui.editor.feature,PortabilityChoicesDialog,createDialogArea,20,1,1
eclipse.pde.ui-20120217-1437,org.eclipse.pde.internal.ui.editor.feature,PortabilityChoicesDialog,getValue,3,1,0
eclipse.pde.ui-20120217-1437,org.eclipse.pde.internal.ui.editor.feature,PortabilityChoicesDialog,initialize,14,4,0
eclipse.pde.ui-20120217-1437,org.eclipse.pde.internal.ui.editor.feature,PortabilityChoicesDialog,findChoice,7,3,1
eclipse.pde.ui-20120217-1437,org.eclipse.pde.internal.ui.editor.feature,PortabilityChoicesDialog,okPressed,4,1,0
eclipse.pde.ui-20120217-1437,org.eclipse.pde.internal.ui.editor.feature,PortabilityChoicesDialog,computeNewValue,11,4,0
eclipse.pde.ui-20120217-1437,org.eclipse.pde.internal.ui.editor.feature,ContentProvider,getElements,3,1,1
eclipse.pde.ui-20120217-1437,org.eclipse.pde.internal.ui.editor.feature,ChoiceLabelProvider,getColumnText,3,1,2
eclipse.pde.ui-20120217-1437,org.eclipse.pde.internal.ui.editor.feature,ChoiceLabelProvider,getColumnImage,3,1,2
eclipse.pde.ui-20120217-1437,org.eclipse.pde.internal.ui.editor.feature,PortabilitySection,getArchChoices,3,1,0
eclipse.pde.ui-20120217-1437,org.eclipse.pde.internal.ui.editor.feature,PortabilitySection,getKnownChoices,7,2,1
eclipse.pde.ui-20120217-1437,org.eclipse.pde.internal.ui.editor.feature,PortabilitySection,getNLChoices,9,2,0
eclipse.pde.ui-20120217-1437,org.eclipse.pde.internal.ui.editor.feature,PortabilitySection,getOSChoices,3,1,0
eclipse.pde.ui-20120217-1437,org.eclipse.pde.internal.ui.editor.feature,PortabilitySection,getWSChoices,3,1,0
eclipse.pde.ui-20120217-1437,org.eclipse.pde.internal.ui.editor.feature,PortabilitySection,PortabilitySection,3,1,2
eclipse.pde.ui-20120217-1437,org.eclipse.pde.internal.ui.editor.feature,PortabilitySection,PortabilitySection,6,1,5
eclipse.pde.ui-20120217-1437,org.eclipse.pde.internal.ui.editor.feature,PortabilitySection,applyValue,8,5,2
eclipse.pde.ui-20120217-1437,org.eclipse.pde.internal.ui.editor.feature,PortabilitySection,cancelEdit,7,1,0
eclipse.pde.ui-20120217-1437,org.eclipse.pde.internal.ui.editor.feature,PortabilitySection,canPaste,10,4,1
eclipse.pde.ui-20120217-1437,org.eclipse.pde.internal.ui.editor.feature,PortabilitySection,commit,7,1,1
eclipse.pde.ui-20120217-1437,org.eclipse.pde.internal.ui.editor.feature,PortabilitySection,createClient,104,1,2
eclipse.pde.ui-20120217-1437,org.eclipse.pde.internal.ui.editor.feature,PortabilitySection,browseButtonSelected,9,1,1
eclipse.pde.ui-20120217-1437,org.eclipse.pde.internal.ui.editor.feature,PortabilitySection,run,4,1,0
eclipse.pde.ui-20120217-1437,org.eclipse.pde.internal.ui.editor.feature,PortabilitySection,textValueChanged,8,1,1
eclipse.pde.ui-20120217-1437,org.eclipse.pde.internal.ui.editor.feature,PortabilitySection,browseButtonSelected,9,1,1
eclipse.pde.ui-20120217-1437,org.eclipse.pde.internal.ui.editor.feature,PortabilitySection,run,4,1,0
eclipse.pde.ui-20120217-1437,org.eclipse.pde.internal.ui.editor.feature,PortabilitySection,textValueChanged,8,1,1
eclipse.pde.ui-20120217-1437,org.eclipse.pde.internal.ui.editor.feature,PortabilitySection,browseButtonSelected,9,1,1
eclipse.pde.ui-20120217-1437,org.eclipse.pde.internal.ui.editor.feature,PortabilitySection,run,4,1,0
eclipse.pde.ui-20120217-1437,org.eclipse.pde.internal.ui.editor.feature,PortabilitySection,textValueChanged,8,1,1
eclipse.pde.ui-20120217-1437,org.eclipse.pde.internal.ui.editor.feature,PortabilitySection,browseButtonSelected,9,1,1
eclipse.pde.ui-20120217-1437,org.eclipse.pde.internal.ui.editor.feature,PortabilitySection,run,4,1,0
eclipse.pde.ui-20120217-1437,org.eclipse.pde.internal.ui.editor.feature,PortabilitySection,textValueChanged,8,1,1
eclipse.pde.ui-20120217-1437,org.eclipse.pde.internal.ui.editor.feature,PortabilitySection,dispose,5,2,0
eclipse.pde.ui-20120217-1437,org.eclipse.pde.internal.ui.editor.feature,PortabilitySection,initialize,5,2,1
eclipse.pde.ui-20120217-1437,org.eclipse.pde.internal.ui.editor.feature,PortabilitySection,limitTextWidth,4,1,1
eclipse.pde.ui-20120217-1437,org.eclipse.pde.internal.ui.editor.feature,PortabilitySection,modelChanged,3,1,1
eclipse.pde.ui-20120217-1437,org.eclipse.pde.internal.ui.editor.feature,PortabilitySection,openPortabilityChoiceDialog,17,2,3
eclipse.pde.ui-20120217-1437,org.eclipse.pde.internal.ui.editor.feature,PortabilitySection,refresh,7,1,0
eclipse.pde.ui-20120217-1437,org.eclipse.pde.internal.ui.editor.feature,PortabilitySection,setFocus,3,2,0
eclipse.pde.ui-20120217-1437,org.eclipse.pde.internal.ui.editor.feature,PortabilitySection,setValue,8,5,1
eclipse.pde.ui-20120217-1437,org.eclipse.pde.internal.ui.editor.feature,RequiresSection,getElements,12,4,1
eclipse.pde.ui-20120217-1437,org.eclipse.pde.internal.ui.editor.feature,RequiresSection,RequiresSection,6,1,2
eclipse.pde.ui-20120217-1437,org.eclipse.pde.internal.ui.editor.feature,RequiresSection,commit,3,1,1
eclipse.pde.ui-20120217-1437,org.eclipse.pde.internal.ui.editor.feature,RequiresSection,createClient,27,1,2
eclipse.pde.ui-20120217-1437,org.eclipse.pde.internal.ui.editor.feature,RequiresSection,run,3,1,0
eclipse.pde.ui-20120217-1437,org.eclipse.pde.internal.ui.editor.feature,RequiresSection,createSectionToolbar,18,2,2
eclipse.pde.ui-20120217-1437,org.eclipse.pde.internal.ui.editor.feature,RequiresSection,widgetDisposed,5,2,1
eclipse.pde.ui-20120217-1437,org.eclipse.pde.internal.ui.editor.feature,RequiresSection,buttonSelected,15,5,1
eclipse.pde.ui-20120217-1437,org.eclipse.pde.internal.ui.editor.feature,RequiresSection,handleNewPlugin,23,4,0
eclipse.pde.ui-20120217-1437,org.eclipse.pde.internal.ui.editor.feature,RequiresSection,run,18,4,0
eclipse.pde.ui-20120217-1437,org.eclipse.pde.internal.ui.editor.feature,RequiresSection,canAdd,16,6,1
eclipse.pde.ui-20120217-1437,org.eclipse.pde.internal.ui.editor.feature,RequiresSection,handleNewFeature,23,4,0
eclipse.pde.ui-20120217-1437,org.eclipse.pde.internal.ui.editor.feature,RequiresSection,run,18,4,0
eclipse.pde.ui-20120217-1437,org.eclipse.pde.internal.ui.editor.feature,RequiresSection,doAdd,19,3,1
eclipse.pde.ui-20120217-1437,org.eclipse.pde.internal.ui.editor.feature,RequiresSection,canAdd,13,4,1
eclipse.pde.ui-20120217-1437,org.eclipse.pde.internal.ui.editor.feature,RequiresSection,handleDelete,21,4,0
eclipse.pde.ui-20120217-1437,org.eclipse.pde.internal.ui.editor.feature,RequiresSection,handleSelectAll,6,1,0
eclipse.pde.ui-20120217-1437,org.eclipse.pde.internal.ui.editor.feature,RequiresSection,dispose,7,2,0
eclipse.pde.ui-20120217-1437,org.eclipse.pde.internal.ui.editor.feature,RequiresSection,doGlobalAction,29,5,1
eclipse.pde.ui-20120217-1437,org.eclipse.pde.internal.ui.editor.feature,RequiresSection,run,3,1,0
eclipse.pde.ui-20120217-1437,org.eclipse.pde.internal.ui.editor.feature,RequiresSection,run,3,1,0
eclipse.pde.ui-20120217-1437,org.eclipse.pde.internal.ui.editor.feature,RequiresSection,expandTo,6,2,1
eclipse.pde.ui-20120217-1437,org.eclipse.pde.internal.ui.editor.feature,RequiresSection,fillContextMenu,9,2,1
eclipse.pde.ui-20120217-1437,org.eclipse.pde.internal.ui.editor.feature,RequiresSection,registerPopupMenu,4,1,1
eclipse.pde.ui-20120217-1437,org.eclipse.pde.internal.ui.editor.feature,RequiresSection,selectionChanged,4,1,1
eclipse.pde.ui-20120217-1437,org.eclipse.pde.internal.ui.editor.feature,RequiresSection,initialize,13,2,0
eclipse.pde.ui-20120217-1437,org.eclipse.pde.internal.ui.editor.feature,RequiresSection,modelChanged,29,9,1
eclipse.pde.ui-20120217-1437,org.eclipse.pde.internal.ui.editor.feature,RequiresSection,recomputeImports,10,1,0
eclipse.pde.ui-20120217-1437,org.eclipse.pde.internal.ui.editor.feature,RequiresSection,modelsChanged,14,3,1
eclipse.pde.ui-20120217-1437,org.eclipse.pde.internal.ui.editor.feature,RequiresSection,run,9,3,0
eclipse.pde.ui-20120217-1437,org.eclipse.pde.internal.ui.editor.feature,RequiresSection,hasModels,4,2,1
eclipse.pde.ui-20120217-1437,org.eclipse.pde.internal.ui.editor.feature,RequiresSection,modelsChanged,14,3,1
eclipse.pde.ui-20120217-1437,org.eclipse.pde.internal.ui.editor.feature,RequiresSection,run,9,3,0
eclipse.pde.ui-20120217-1437,org.eclipse.pde.internal.ui.editor.feature,RequiresSection,hasModels,10,4,1
eclipse.pde.ui-20120217-1437,org.eclipse.pde.internal.ui.editor.feature,RequiresSection,setFocus,3,2,0
eclipse.pde.ui-20120217-1437,org.eclipse.pde.internal.ui.editor.feature,RequiresSection,refresh,6,1,0
eclipse.pde.ui-20120217-1437,org.eclipse.pde.internal.ui.editor.feature,RequiresSection,canPaste,7,2,1
eclipse.pde.ui-20120217-1437,org.eclipse.pde.internal.ui.editor.feature,RequiresSection,canPaste,6,3,2
eclipse.pde.ui-20120217-1437,org.eclipse.pde.internal.ui.editor.feature,RequiresSection,doPaste,5,2,0
eclipse.pde.ui-20120217-1437,org.eclipse.pde.internal.ui.editor.feature,RequiresSection,doPaste,20,3,2
eclipse.pde.ui-20120217-1437,org.eclipse.pde.internal.ui.editor.feature,RequiresSection,fireSelection,9,3,0
eclipse.pde.ui-20120217-1437,org.eclipse.pde.internal.ui.editor.feature,RequiresSection,createCount,3,1,0
eclipse.pde.ui-20120217-1437,org.eclipse.pde.internal.ui.editor.feature,ImportContentProvider,getElements,12,4,1
eclipse.pde.ui-20120217-1437,org.eclipse.pde.internal.ui.editor.feature,SynchronizeVersionsAction,SynchronizeVersionsAction,3,1,0
eclipse.pde.ui-20120217-1437,org.eclipse.pde.internal.ui.editor.feature,SynchronizeVersionsAction,ensureContentSaved,18,2,0
eclipse.pde.ui-20120217-1437,org.eclipse.pde.internal.ui.editor.feature,SynchronizeVersionsAction,run,3,1,1
eclipse.pde.ui-20120217-1437,org.eclipse.pde.internal.ui.editor.feature,SynchronizeVersionsAction,run,6,1,0
eclipse.pde.ui-20120217-1437,org.eclipse.pde.internal.ui.editor.feature,SynchronizeVersionsAction,setActiveEditor,5,1,1
eclipse.pde.ui-20120217-1437,org.eclipse.pde.internal.ui.editor.feature,SynchronizeVersionsWizard,SynchronizeVersionsWizard,7,1,1
eclipse.pde.ui-20120217-1437,org.eclipse.pde.internal.ui.editor.feature,SynchronizeVersionsWizard,addPages,4,1,0
eclipse.pde.ui-20120217-1437,org.eclipse.pde.internal.ui.editor.feature,SynchronizeVersionsWizard,performFinish,3,1,0
eclipse.pde.ui-20120217-1437,org.eclipse.pde.internal.ui.editor.feature,SynchronizeVersionsWizardPage,SynchronizeVersionsWizardPage,6,1,1
eclipse.pde.ui-20120217-1437,org.eclipse.pde.internal.ui.editor.feature,SynchronizeVersionsWizardPage,createControl,27,1,1
eclipse.pde.ui-20120217-1437,org.eclipse.pde.internal.ui.editor.feature,SynchronizeVersionsWizardPage,findModel,8,3,1
eclipse.pde.ui-20120217-1437,org.eclipse.pde.internal.ui.editor.feature,SynchronizeVersionsWizardPage,finish,31,1,0
eclipse.pde.ui-20120217-1437,org.eclipse.pde.internal.ui.editor.feature,SynchronizeVersionsWizardPage,execute,14,1,1
eclipse.pde.ui-20120217-1437,org.eclipse.pde.internal.ui.editor.feature,SynchronizeVersionsWizardPage,forceVersion,15,4,3
eclipse.pde.ui-20120217-1437,org.eclipse.pde.internal.ui.editor.feature,SynchronizeVersionsWizardPage,modifyModel,8,3,2
eclipse.pde.ui-20120217-1437,org.eclipse.pde.internal.ui.editor.feature,SynchronizeVersionsWizardPage,modifyVersion,3,1,2
eclipse.pde.ui-20120217-1437,org.eclipse.pde.internal.ui.editor.feature,SynchronizeVersionsWizardPage,modifyVersion,3,1,2
eclipse.pde.ui-20120217-1437,org.eclipse.pde.internal.ui.editor.feature,SynchronizeVersionsWizardPage,loadSettings,18,4,0
eclipse.pde.ui-20120217-1437,org.eclipse.pde.internal.ui.editor.feature,SynchronizeVersionsWizardPage,runOperation,8,2,2
eclipse.pde.ui-20120217-1437,org.eclipse.pde.internal.ui.editor.feature,SynchronizeVersionsWizardPage,saveSettings,8,3,0
eclipse.pde.ui-20120217-1437,org.eclipse.pde.internal.ui.editor.feature,SynchronizeVersionsWizardPage,synchronizeVersion,20,8,4
eclipse.pde.ui-20120217-1437,org.eclipse.pde.internal.ui.editor.feature,URLDetailsSection,URLDetailsSection,5,1,2
eclipse.pde.ui-20120217-1437,org.eclipse.pde.internal.ui.editor.feature,URLDetailsSection,commit,5,1,1
eclipse.pde.ui-20120217-1437,org.eclipse.pde.internal.ui.editor.feature,URLDetailsSection,commitSiteUrl,20,3,1
eclipse.pde.ui-20120217-1437,org.eclipse.pde.internal.ui.editor.feature,URLDetailsSection,commitSiteName,11,2,1
eclipse.pde.ui-20120217-1437,org.eclipse.pde.internal.ui.editor.feature,URLDetailsSection,createClient,37,2,2
eclipse.pde.ui-20120217-1437,org.eclipse.pde.internal.ui.editor.feature,URLDetailsSection,textValueChanged,10,2,1
eclipse.pde.ui-20120217-1437,org.eclipse.pde.internal.ui.editor.feature,URLDetailsSection,textValueChanged,4,1,1
eclipse.pde.ui-20120217-1437,org.eclipse.pde.internal.ui.editor.feature,URLDetailsSection,verifySiteUrl,9,1,2
eclipse.pde.ui-20120217-1437,org.eclipse.pde.internal.ui.editor.feature,URLDetailsSection,warnBadUrl,3,1,1
eclipse.pde.ui-20120217-1437,org.eclipse.pde.internal.ui.editor.feature,URLDetailsSection,dispose,5,2,0
eclipse.pde.ui-20120217-1437,org.eclipse.pde.internal.ui.editor.feature,URLDetailsSection,initialize,9,2,0
eclipse.pde.ui-20120217-1437,org.eclipse.pde.internal.ui.editor.feature,URLDetailsSection,modelChanged,16,5,1
eclipse.pde.ui-20120217-1437,org.eclipse.pde.internal.ui.editor.feature,URLDetailsSection,setFocus,3,2,0
eclipse.pde.ui-20120217-1437,org.eclipse.pde.internal.ui.editor.feature,URLDetailsSection,refresh,4,1,0
eclipse.pde.ui-20120217-1437,org.eclipse.pde.internal.ui.editor.feature,URLDetailsSection,setUrlText,7,2,0
eclipse.pde.ui-20120217-1437,org.eclipse.pde.internal.ui.editor.feature,URLDetailsSection,update,6,1,0
eclipse.pde.ui-20120217-1437,org.eclipse.pde.internal.ui.editor.feature,URLDetailsSection,setNameText,7,2,0
eclipse.pde.ui-20120217-1437,org.eclipse.pde.internal.ui.editor.feature,URLDetailsSection,cancelEdit,5,1,0
eclipse.pde.ui-20120217-1437,org.eclipse.pde.internal.ui.editor.feature,URLDetailsSection,canPaste,10,4,1
eclipse.pde.ui-20120217-1437,org.eclipse.pde.internal.ui.editor.feature,URLDetailsSection,selectionChanged,13,3,2
eclipse.pde.ui-20120217-1437,org.eclipse.pde.internal.ui.editor.feature,URLSection,getElements,8,2,1
eclipse.pde.ui-20120217-1437,org.eclipse.pde.internal.ui.editor.feature,URLSection,getImage,6,2,1
eclipse.pde.ui-20120217-1437,org.eclipse.pde.internal.ui.editor.feature,URLSection,URLSection,7,1,2
eclipse.pde.ui-20120217-1437,org.eclipse.pde.internal.ui.editor.feature,URLSection,commit,3,1,1
eclipse.pde.ui-20120217-1437,org.eclipse.pde.internal.ui.editor.feature,URLSection,createClient,14,1,2
eclipse.pde.ui-20120217-1437,org.eclipse.pde.internal.ui.editor.feature,URLSection,buttonSelected,3,2,1
eclipse.pde.ui-20120217-1437,org.eclipse.pde.internal.ui.editor.feature,URLSection,dispose,5,2,0
eclipse.pde.ui-20120217-1437,org.eclipse.pde.internal.ui.editor.feature,URLSection,fillContextMenu,13,2,1
eclipse.pde.ui-20120217-1437,org.eclipse.pde.internal.ui.editor.feature,URLSection,handleNew,27,2,0
eclipse.pde.ui-20120217-1437,org.eclipse.pde.internal.ui.editor.feature,URLSection,handleSelectAll,6,1,0
eclipse.pde.ui-20120217-1437,org.eclipse.pde.internal.ui.editor.feature,URLSection,handleDelete,22,5,0
eclipse.pde.ui-20120217-1437,org.eclipse.pde.internal.ui.editor.feature,URLSection,doGlobalAction,29,5,1
eclipse.pde.ui-20120217-1437,org.eclipse.pde.internal.ui.editor.feature,URLSection,run,3,1,0
eclipse.pde.ui-20120217-1437,org.eclipse.pde.internal.ui.editor.feature,URLSection,run,3,1,0
eclipse.pde.ui-20120217-1437,org.eclipse.pde.internal.ui.editor.feature,URLSection,selectionChanged,3,1,1
eclipse.pde.ui-20120217-1437,org.eclipse.pde.internal.ui.editor.feature,URLSection,initialize,6,1,0
eclipse.pde.ui-20120217-1437,org.eclipse.pde.internal.ui.editor.feature,URLSection,modelChanged,15,4,1
eclipse.pde.ui-20120217-1437,org.eclipse.pde.internal.ui.editor.feature,URLSection,makeActions,24,1,0
eclipse.pde.ui-20120217-1437,org.eclipse.pde.internal.ui.editor.feature,URLSection,run,3,1,0
eclipse.pde.ui-20120217-1437,org.eclipse.pde.internal.ui.editor.feature,URLSection,run,8,1,0
eclipse.pde.ui-20120217-1437,org.eclipse.pde.internal.ui.editor.feature,URLSection,run,3,1,0
eclipse.pde.ui-20120217-1437,org.eclipse.pde.internal.ui.editor.feature,URLSection,setFocus,3,2,0
eclipse.pde.ui-20120217-1437,org.eclipse.pde.internal.ui.editor.feature,URLSection,refresh,6,1,0
eclipse.pde.ui-20120217-1437,org.eclipse.pde.internal.ui.editor.feature,URLSection,canPaste,8,2,1
eclipse.pde.ui-20120217-1437,org.eclipse.pde.internal.ui.editor.feature,URLSection,canPaste,6,3,2
eclipse.pde.ui-20120217-1437,org.eclipse.pde.internal.ui.editor.feature,URLSection,doPaste,8,2,0
eclipse.pde.ui-20120217-1437,org.eclipse.pde.internal.ui.editor.feature,URLSection,doPaste,20,4,2
eclipse.pde.ui-20120217-1437,org.eclipse.pde.internal.ui.editor.feature,URLSection,fireSelection,3,1,0
eclipse.pde.ui-20120217-1437,org.eclipse.pde.internal.ui.editor.feature,URLContentProvider,getElements,8,2,1
eclipse.pde.ui-20120217-1437,org.eclipse.pde.internal.ui.editor.feature,URLLabelProvider,getImage,6,2,1
eclipse.pde.ui-20120217-1437,org.eclipse.pde.internal.ui.editor.outline,IOutlineContentCreator,createOutlineComparator,0,1,0
eclipse.pde.ui-20120217-1437,org.eclipse.pde.internal.ui.editor.outline,IOutlineContentCreator,createDefaultOutlineComparator,0,1,0
eclipse.pde.ui-20120217-1437,org.eclipse.pde.internal.ui.editor.outline,IOutlineContentCreator,createOutlineLabelProvider,0,1,0
eclipse.pde.ui-20120217-1437,org.eclipse.pde.internal.ui.editor.outline,IOutlineContentCreator,createOutlineContentProvider,0,1,0
eclipse.pde.ui-20120217-1437,org.eclipse.pde.internal.ui.editor.outline,IOutlineContentCreator,getOutlineInput,0,1,0
eclipse.pde.ui-20120217-1437,org.eclipse.pde.internal.ui.editor.outline,IOutlineSelectionHandler,updateSelection,0,1,1
eclipse.pde.ui-20120217-1437,org.eclipse.pde.internal.ui.editor.outline,IOutlineSelectionHandler,updateSelection,0,1,1
eclipse.pde.ui-20120217-1437,org.eclipse.pde.internal.ui.editor.outline,IOutlineSelectionHandler,getContentOutline,0,1,0
eclipse.pde.ui-20120217-1437,org.eclipse.pde.internal.ui.editor.outline,QuickOutlineMouseMoveListener,QuickOutlineMouseMoveListener,4,1,1
eclipse.pde.ui-20120217-1437,org.eclipse.pde.internal.ui.editor.outline,QuickOutlineMouseMoveListener,mouseMove,28,8,1
eclipse.pde.ui-20120217-1437,org.eclipse.pde.internal.ui.editor.outline,QuickOutlineNamePatternFilter,QuickOutlineNamePatternFilter,3,1,0
eclipse.pde.ui-20120217-1437,org.eclipse.pde.internal.ui.editor.outline,QuickOutlineNamePatternFilter,select,11,3,3
eclipse.pde.ui-20120217-1437,org.eclipse.pde.internal.ui.editor.outline,QuickOutlineNamePatternFilter,hasUnfilteredChild,9,3,2
eclipse.pde.ui-20120217-1437,org.eclipse.pde.internal.ui.editor.outline,QuickOutlineNamePatternFilter,setStringMatcher,3,1,1
eclipse.pde.ui-20120217-1437,org.eclipse.pde.internal.ui.editor.outline,QuickOutlinePopupDialog,QuickOutlinePopupDialog,7,1,4
eclipse.pde.ui-20120217-1437,org.eclipse.pde.internal.ui.editor.outline,QuickOutlinePopupDialog,initialize,12,1,0
eclipse.pde.ui-20120217-1437,org.eclipse.pde.internal.ui.editor.outline,QuickOutlinePopupDialog,createDialogArea,10,2,1
eclipse.pde.ui-20120217-1437,org.eclipse.pde.internal.ui.editor.outline,QuickOutlinePopupDialog,createUIActions,3,1,0
eclipse.pde.ui-20120217-1437,org.eclipse.pde.internal.ui.editor.outline,QuickOutlinePopupDialog,fillDialogMenu,5,1,1
eclipse.pde.ui-20120217-1437,org.eclipse.pde.internal.ui.editor.outline,QuickOutlinePopupDialog,createUIWidgetTreeViewer,20,1,1
eclipse.pde.ui-20120217-1437,org.eclipse.pde.internal.ui.editor.outline,QuickOutlinePopupDialog,createUIListenersTreeViewer,28,2,0
eclipse.pde.ui-20120217-1437,org.eclipse.pde.internal.ui.editor.outline,QuickOutlinePopupDialog,keyPressed,5,2,1
eclipse.pde.ui-20120217-1437,org.eclipse.pde.internal.ui.editor.outline,QuickOutlinePopupDialog,keyReleased,2,1,1
eclipse.pde.ui-20120217-1437,org.eclipse.pde.internal.ui.editor.outline,QuickOutlinePopupDialog,mouseUp,3,1,1
eclipse.pde.ui-20120217-1437,org.eclipse.pde.internal.ui.editor.outline,QuickOutlinePopupDialog,widgetSelected,2,1,1
eclipse.pde.ui-20120217-1437,org.eclipse.pde.internal.ui.editor.outline,QuickOutlinePopupDialog,widgetDefaultSelected,3,1,1
eclipse.pde.ui-20120217-1437,org.eclipse.pde.internal.ui.editor.outline,QuickOutlinePopupDialog,handleTreeViewerMouseUp,10,3,2
eclipse.pde.ui-20120217-1437,org.eclipse.pde.internal.ui.editor.outline,QuickOutlinePopupDialog,getSelectedElement,6,2,0
eclipse.pde.ui-20120217-1437,org.eclipse.pde.internal.ui.editor.outline,QuickOutlinePopupDialog,addDisposeListener,3,1,1
eclipse.pde.ui-20120217-1437,org.eclipse.pde.internal.ui.editor.outline,QuickOutlinePopupDialog,addFocusListener,3,1,1
eclipse.pde.ui-20120217-1437,org.eclipse.pde.internal.ui.editor.outline,QuickOutlinePopupDialog,computeSizeHint,3,1,0
eclipse.pde.ui-20120217-1437,org.eclipse.pde.internal.ui.editor.outline,QuickOutlinePopupDialog,dispose,3,1,0
eclipse.pde.ui-20120217-1437,org.eclipse.pde.internal.ui.editor.outline,QuickOutlinePopupDialog,isFocusControl,6,2,0
eclipse.pde.ui-20120217-1437,org.eclipse.pde.internal.ui.editor.outline,QuickOutlinePopupDialog,removeDisposeListener,3,1,1
eclipse.pde.ui-20120217-1437,org.eclipse.pde.internal.ui.editor.outline,QuickOutlinePopupDialog,removeFocusListener,3,1,1
eclipse.pde.ui-20120217-1437,org.eclipse.pde.internal.ui.editor.outline,QuickOutlinePopupDialog,setBackgroundColor,3,1,1
eclipse.pde.ui-20120217-1437,org.eclipse.pde.internal.ui.editor.outline,QuickOutlinePopupDialog,setFocus,4,1,0
eclipse.pde.ui-20120217-1437,org.eclipse.pde.internal.ui.editor.outline,QuickOutlinePopupDialog,setForegroundColor,3,1,1
eclipse.pde.ui-20120217-1437,org.eclipse.pde.internal.ui.editor.outline,QuickOutlinePopupDialog,setInformation,2,1,1
eclipse.pde.ui-20120217-1437,org.eclipse.pde.internal.ui.editor.outline,QuickOutlinePopupDialog,setLocation,5,2,1
eclipse.pde.ui-20120217-1437,org.eclipse.pde.internal.ui.editor.outline,QuickOutlinePopupDialog,setSize,3,1,2
eclipse.pde.ui-20120217-1437,org.eclipse.pde.internal.ui.editor.outline,QuickOutlinePopupDialog,setSizeConstraints,2,1,2
eclipse.pde.ui-20120217-1437,org.eclipse.pde.internal.ui.editor.outline,QuickOutlinePopupDialog,setVisible,9,2,1
eclipse.pde.ui-20120217-1437,org.eclipse.pde.internal.ui.editor.outline,QuickOutlinePopupDialog,hasContents,6,2,0
eclipse.pde.ui-20120217-1437,org.eclipse.pde.internal.ui.editor.outline,QuickOutlinePopupDialog,setInput,5,2,1
eclipse.pde.ui-20120217-1437,org.eclipse.pde.internal.ui.editor.outline,QuickOutlinePopupDialog,widgetDisposed,4,1,1
eclipse.pde.ui-20120217-1437,org.eclipse.pde.internal.ui.editor.outline,QuickOutlinePopupDialog,createTitleControl,5,1,1
eclipse.pde.ui-20120217-1437,org.eclipse.pde.internal.ui.editor.outline,QuickOutlinePopupDialog,createUIWidgetFilterText,12,1,1
eclipse.pde.ui-20120217-1437,org.eclipse.pde.internal.ui.editor.outline,QuickOutlinePopupDialog,gotoSelectedElement,8,2,0
eclipse.pde.ui-20120217-1437,org.eclipse.pde.internal.ui.editor.outline,QuickOutlinePopupDialog,createUIListenersFilterText,37,8,0
eclipse.pde.ui-20120217-1437,org.eclipse.pde.internal.ui.editor.outline,QuickOutlinePopupDialog,keyPressed,14,5,1
eclipse.pde.ui-20120217-1437,org.eclipse.pde.internal.ui.editor.outline,QuickOutlinePopupDialog,keyReleased,2,1,1
eclipse.pde.ui-20120217-1437,org.eclipse.pde.internal.ui.editor.outline,QuickOutlinePopupDialog,modifyText,13,4,1
eclipse.pde.ui-20120217-1437,org.eclipse.pde.internal.ui.editor.outline,QuickOutlinePopupDialog,setMatcherString,12,3,2
eclipse.pde.ui-20120217-1437,org.eclipse.pde.internal.ui.editor.outline,QuickOutlinePopupDialog,stringMatcherUpdated,7,1,0
eclipse.pde.ui-20120217-1437,org.eclipse.pde.internal.ui.editor.outline,QuickOutlinePopupDialog,selectFirstMatch,10,2,0
eclipse.pde.ui-20120217-1437,org.eclipse.pde.internal.ui.editor.outline,QuickOutlinePopupDialog,findFirstMatchToPattern,20,6,1
eclipse.pde.ui-20120217-1437,org.eclipse.pde.internal.ui.editor.plugin,AbstractPluginElementDetails,AbstractPluginElementDetails,3,1,1
eclipse.pde.ui-20120217-1437,org.eclipse.pde.internal.ui.editor.plugin,AbstractPluginElementDetails,getMasterSection,3,1,0
eclipse.pde.ui-20120217-1437,org.eclipse.pde.internal.ui.editor.plugin,BlankQuery,BlankQuery,3,1,1
eclipse.pde.ui-20120217-1437,org.eclipse.pde.internal.ui.editor.plugin,BlankQuery,run,4,1,1
eclipse.pde.ui-20120217-1437,org.eclipse.pde.internal.ui.editor.plugin,BlankQuery,getLabel,3,1,0
eclipse.pde.ui-20120217-1437,org.eclipse.pde.internal.ui.editor.plugin,BlankQuery,canRerun,3,1,0
eclipse.pde.ui-20120217-1437,org.eclipse.pde.internal.ui.editor.plugin,BlankQuery,canRunInBackground,3,1,0
eclipse.pde.ui-20120217-1437,org.eclipse.pde.internal.ui.editor.plugin,BlankQuery,getSearchResult,3,1,0
eclipse.pde.ui-20120217-1437,org.eclipse.pde.internal.ui.editor.plugin,BundleFoldingStructureProvider,BundleFoldingStructureProvider,3,1,2
eclipse.pde.ui-20120217-1437,org.eclipse.pde.internal.ui.editor.plugin,BundleFoldingStructureProvider,addFoldingRegions,13,1,2
eclipse.pde.ui-20120217-1437,org.eclipse.pde.internal.ui.editor.plugin,BundleFoldingStructureProvider,addFoldingRegions,12,3,3
eclipse.pde.ui-20120217-1437,org.eclipse.pde.internal.ui.editor.plugin,BundleHyperlinkDetector,BundleHyperlinkDetector,3,1,1
eclipse.pde.ui-20120217-1437,org.eclipse.pde.internal.ui.editor.plugin,BundleHyperlinkDetector,detectHyperlinks,28,12,3
eclipse.pde.ui-20120217-1437,org.eclipse.pde.internal.ui.editor.plugin,BundleHyperlinkDetector,matchLinkFor,39,12,2
eclipse.pde.ui-20120217-1437,org.eclipse.pde.internal.ui.editor.plugin,BundleHyperlinkDetector,elementChar,4,2,2
eclipse.pde.ui-20120217-1437,org.eclipse.pde.internal.ui.editor.plugin,BundleInputContext,BundleInputContext,4,1,3
eclipse.pde.ui-20120217-1437,org.eclipse.pde.internal.ui.editor.plugin,BundleInputContext,createModel,26,4,1
eclipse.pde.ui-20120217-1437,org.eclipse.pde.internal.ui.editor.plugin,BundleInputContext,getId,3,1,0
eclipse.pde.ui-20120217-1437,org.eclipse.pde.internal.ui.editor.plugin,BundleInputContext,addTextEditOperation,25,8,2
eclipse.pde.ui-20120217-1437,org.eclipse.pde.internal.ui.editor.plugin,BundleInputContext,getMoveOperations,3,1,0
eclipse.pde.ui-20120217-1437,org.eclipse.pde.internal.ui.editor.plugin,BundleInputContext,insertKey,6,1,2
eclipse.pde.ui-20120217-1437,org.eclipse.pde.internal.ui.editor.plugin,BundleInputContext,deleteKey,7,2,2
eclipse.pde.ui-20120217-1437,org.eclipse.pde.internal.ui.editor.plugin,BundleInputContext,modifyKey,10,2,2
eclipse.pde.ui-20120217-1437,org.eclipse.pde.internal.ui.editor.plugin,BundleInputContext,doRevert,6,1,0
eclipse.pde.ui-20120217-1437,org.eclipse.pde.internal.ui.editor.plugin,BundleInputContext,getPartitionName,3,1,0
eclipse.pde.ui-20120217-1437,org.eclipse.pde.internal.ui.editor.plugin,BundleInputContext,getDocumentSetupParticipant,3,1,0
eclipse.pde.ui-20120217-1437,org.eclipse.pde.internal.ui.editor.plugin,BundleSourcePage,getChildren,18,6,1
eclipse.pde.ui-20120217-1437,org.eclipse.pde.internal.ui.editor.plugin,BundleSourcePage,getPluginLibraries,7,2,0
eclipse.pde.ui-20120217-1437,org.eclipse.pde.internal.ui.editor.plugin,BundleSourcePage,hasChildren,3,1,1
eclipse.pde.ui-20120217-1437,org.eclipse.pde.internal.ui.editor.plugin,BundleSourcePage,getParent,3,1,1
eclipse.pde.ui-20120217-1437,org.eclipse.pde.internal.ui.editor.plugin,BundleSourcePage,getElements,13,4,1
eclipse.pde.ui-20120217-1437,org.eclipse.pde.internal.ui.editor.plugin,BundleSourcePage,getBundleClasspathLibraries,12,3,0
eclipse.pde.ui-20120217-1437,org.eclipse.pde.internal.ui.editor.plugin,BundleSourcePage,getText,15,5,1
eclipse.pde.ui-20120217-1437,org.eclipse.pde.internal.ui.editor.plugin,BundleSourcePage,getTextRequireBundle,19,4,1
eclipse.pde.ui-20120217-1437,org.eclipse.pde.internal.ui.editor.plugin,BundleSourcePage,getImage,23,7,1
eclipse.pde.ui-20120217-1437,org.eclipse.pde.internal.ui.editor.plugin,BundleSourcePage,BundleSourcePage,5,1,3
eclipse.pde.ui-20120217-1437,org.eclipse.pde.internal.ui.editor.plugin,BundleSourcePage,setCurrentHighlightRangeOffset,3,1,1
eclipse.pde.ui-20120217-1437,org.eclipse.pde.internal.ui.editor.plugin,BundleSourcePage,resetCurrentHighlightRangeOffset,3,1,0
eclipse.pde.ui-20120217-1437,org.eclipse.pde.internal.ui.editor.plugin,BundleSourcePage,getCurrentHighlightRangeOffset,3,1,0
eclipse.pde.ui-20120217-1437,org.eclipse.pde.internal.ui.editor.plugin,BundleSourcePage,resetHighlightRange,4,1,0
eclipse.pde.ui-20120217-1437,org.eclipse.pde.internal.ui.editor.plugin,BundleSourcePage,resetTargetOutlineSelection,3,1,0
eclipse.pde.ui-20120217-1437,org.eclipse.pde.internal.ui.editor.plugin,BundleSourcePage,setTargetOutlineSelection,3,1,1
eclipse.pde.ui-20120217-1437,org.eclipse.pde.internal.ui.editor.plugin,BundleSourcePage,getTargetOutlineSelection,3,1,0
eclipse.pde.ui-20120217-1437,org.eclipse.pde.internal.ui.editor.plugin,BundleSourcePage,createOutlineLabelProvider,3,1,0
eclipse.pde.ui-20120217-1437,org.eclipse.pde.internal.ui.editor.plugin,BundleSourcePage,createOutlineContentProvider,3,1,0
eclipse.pde.ui-20120217-1437,org.eclipse.pde.internal.ui.editor.plugin,BundleSourcePage,getRangeElement,19,5,2
eclipse.pde.ui-20120217-1437,org.eclipse.pde.internal.ui.editor.plugin,BundleSourcePage,isWithinCurrentRange,9,3,2
eclipse.pde.ui-20120217-1437,org.eclipse.pde.internal.ui.editor.plugin,BundleSourcePage,isWithinPreviousRange,9,3,3
eclipse.pde.ui-20120217-1437,org.eclipse.pde.internal.ui.editor.plugin,BundleSourcePage,isBeforePreviousRange,9,3,2
eclipse.pde.ui-20120217-1437,org.eclipse.pde.internal.ui.editor.plugin,BundleSourcePage,getRangeElementChild,33,7,3
eclipse.pde.ui-20120217-1437,org.eclipse.pde.internal.ui.editor.plugin,BundleSourcePage,isWithinLastElementParamRange,9,3,3
eclipse.pde.ui-20120217-1437,org.eclipse.pde.internal.ui.editor.plugin,BundleSourcePage,setChildTargetOutlineSelection,8,2,2
eclipse.pde.ui-20120217-1437,org.eclipse.pde.internal.ui.editor.plugin,BundleSourcePage,getBundleClasspathOutlineSelection,12,4,1
eclipse.pde.ui-20120217-1437,org.eclipse.pde.internal.ui.editor.plugin,BundleSourcePage,getHeaderName,17,5,1
eclipse.pde.ui-20120217-1437,org.eclipse.pde.internal.ui.editor.plugin,BundleSourcePage,collectContextMenuPreferencePages,7,1,0
eclipse.pde.ui-20120217-1437,org.eclipse.pde.internal.ui.editor.plugin,BundleSourcePage,findRange,24,9,0
eclipse.pde.ui-20120217-1437,org.eclipse.pde.internal.ui.editor.plugin,BundleSourcePage,getSpecificRange,47,12,3
eclipse.pde.ui-20120217-1437,org.eclipse.pde.internal.ui.editor.plugin,BundleSourcePage,getOffset,3,1,0
eclipse.pde.ui-20120217-1437,org.eclipse.pde.internal.ui.editor.plugin,BundleSourcePage,getLength,3,1,0
eclipse.pde.ui-20120217-1437,org.eclipse.pde.internal.ui.editor.plugin,BundleSourcePage,getSpecificRange,4,1,3
eclipse.pde.ui-20120217-1437,org.eclipse.pde.internal.ui.editor.plugin,BundleSourcePage,isSelectionListener,3,1,0
eclipse.pde.ui-20120217-1437,org.eclipse.pde.internal.ui.editor.plugin,BundleSourcePage,getAdapter,4,2,1
eclipse.pde.ui-20120217-1437,org.eclipse.pde.internal.ui.editor.plugin,BundleSourcePage,updateSelection,27,5,1
eclipse.pde.ui-20120217-1437,org.eclipse.pde.internal.ui.editor.plugin,BundleSourcePage,handleSelectionChangedSourcePage,16,3,1
eclipse.pde.ui-20120217-1437,org.eclipse.pde.internal.ui.editor.plugin,BundleSourcePage,synchronizeOutlinePage,9,2,1
eclipse.pde.ui-20120217-1437,org.eclipse.pde.internal.ui.editor.plugin,BundleSourcePage,editorContextMenuAboutToShow,15,5,1
eclipse.pde.ui-20120217-1437,org.eclipse.pde.internal.ui.editor.plugin,BundleSourcePage,setActive,6,2,1
eclipse.pde.ui-20120217-1437,org.eclipse.pde.internal.ui.editor.plugin,BundleSourcePage,getFoldingStructureProvider,3,1,1
eclipse.pde.ui-20120217-1437,org.eclipse.pde.internal.ui.editor.plugin,BundleSourcePage,createSourceViewerConfiguration,3,1,1
eclipse.pde.ui-20120217-1437,org.eclipse.pde.internal.ui.editor.plugin,BundleOutlineContentProvider,getChildren,18,6,1
eclipse.pde.ui-20120217-1437,org.eclipse.pde.internal.ui.editor.plugin,BundleOutlineContentProvider,getPluginLibraries,7,2,0
eclipse.pde.ui-20120217-1437,org.eclipse.pde.internal.ui.editor.plugin,BundleOutlineContentProvider,hasChildren,3,1,1
eclipse.pde.ui-20120217-1437,org.eclipse.pde.internal.ui.editor.plugin,BundleOutlineContentProvider,getParent,3,1,1
eclipse.pde.ui-20120217-1437,org.eclipse.pde.internal.ui.editor.plugin,BundleOutlineContentProvider,getElements,13,4,1
eclipse.pde.ui-20120217-1437,org.eclipse.pde.internal.ui.editor.plugin,BundleLabelProvider,getText,15,5,1
eclipse.pde.ui-20120217-1437,org.eclipse.pde.internal.ui.editor.plugin,BundleLabelProvider,getTextRequireBundle,19,4,1
eclipse.pde.ui-20120217-1437,org.eclipse.pde.internal.ui.editor.plugin,BundleLabelProvider,getImage,23,7,1
eclipse.pde.ui-20120217-1437,org.eclipse.pde.internal.ui.editor.plugin,CreateManifestOperation,CreateManifestOperation,3,1,1
eclipse.pde.ui-20120217-1437,org.eclipse.pde.internal.ui.editor.plugin,CreateManifestOperation,run,12,1,1
eclipse.pde.ui-20120217-1437,org.eclipse.pde.internal.ui.editor.plugin,CreateManifestOperation,handleConvert,5,1,0
eclipse.pde.ui-20120217-1437,org.eclipse.pde.internal.ui.editor.plugin,CreateManifestOperation,trimOldManifest,25,5,0
eclipse.pde.ui-20120217-1437,org.eclipse.pde.internal.ui.editor.plugin,CreateManifestOperation,editRootElement,9,3,4
eclipse.pde.ui-20120217-1437,org.eclipse.pde.internal.ui.editor.plugin,CreateManifestOperation,removeElement,16,5,4
eclipse.pde.ui-20120217-1437,org.eclipse.pde.internal.ui.editor.plugin,DependenciesPage,DependenciesPage,3,1,1
eclipse.pde.ui-20120217-1437,org.eclipse.pde.internal.ui.editor.plugin,DependenciesPage,getHelpResource,3,1,0
eclipse.pde.ui-20120217-1437,org.eclipse.pde.internal.ui.editor.plugin,DependenciesPage,createFormContent,38,3,1
eclipse.pde.ui-20120217-1437,org.eclipse.pde.internal.ui.editor.plugin,DependenciesPage,isBundle,3,1,0
eclipse.pde.ui-20120217-1437,org.eclipse.pde.internal.ui.editor.plugin,DependenciesPage,getRequiredSectionLabels,9,2,0
eclipse.pde.ui-20120217-1437,org.eclipse.pde.internal.ui.editor.plugin,DependencyAnalysisSection,DependencyAnalysisSection,4,1,3
eclipse.pde.ui-20120217-1437,org.eclipse.pde.internal.ui.editor.plugin,DependencyAnalysisSection,getFormText,9,4,0
eclipse.pde.ui-20120217-1437,org.eclipse.pde.internal.ui.editor.plugin,DependencyAnalysisSection,createClient,20,5,2
eclipse.pde.ui-20120217-1437,org.eclipse.pde.internal.ui.editor.plugin,DependencyAnalysisSection,linkActivated,6,5,1
eclipse.pde.ui-20120217-1437,org.eclipse.pde.internal.ui.editor.plugin,DependencyAnalysisSection,getPlugin,8,2,0
eclipse.pde.ui-20120217-1437,org.eclipse.pde.internal.ui.editor.plugin,DependencyAnalysisSection,doFindLoops,12,3,0
eclipse.pde.ui-20120217-1437,org.eclipse.pde.internal.ui.editor.plugin,DependencyAnalysisSection,doFindUnusedDependencies,6,2,0
eclipse.pde.ui-20120217-1437,org.eclipse.pde.internal.ui.editor.plugin,DependencyManagementSection,getElements,4,2,1
eclipse.pde.ui-20120217-1437,org.eclipse.pde.internal.ui.editor.plugin,DependencyManagementSection,getBuildInfo,8,2,0
eclipse.pde.ui-20120217-1437,org.eclipse.pde.internal.ui.editor.plugin,DependencyManagementSection,createAdditionalBundles,18,3,0
eclipse.pde.ui-20120217-1437,org.eclipse.pde.internal.ui.editor.plugin,DependencyManagementSection,getColumnText,3,1,2
eclipse.pde.ui-20120217-1437,org.eclipse.pde.internal.ui.editor.plugin,DependencyManagementSection,getColumnImage,14,4,2
eclipse.pde.ui-20120217-1437,org.eclipse.pde.internal.ui.editor.plugin,DependencyManagementSection,DependencyManagementSection,8,3,2
eclipse.pde.ui-20120217-1437,org.eclipse.pde.internal.ui.editor.plugin,DependencyManagementSection,createClient,52,1,2
eclipse.pde.ui-20120217-1437,org.eclipse.pde.internal.ui.editor.plugin,DependencyManagementSection,linkActivated,3,1,1
eclipse.pde.ui-20120217-1437,org.eclipse.pde.internal.ui.editor.plugin,DependencyManagementSection,widgetSelected,3,1,1
eclipse.pde.ui-20120217-1437,org.eclipse.pde.internal.ui.editor.plugin,DependencyManagementSection,createSectionToolbar,18,2,2
eclipse.pde.ui-20120217-1437,org.eclipse.pde.internal.ui.editor.plugin,DependencyManagementSection,widgetDisposed,5,2,1
eclipse.pde.ui-20120217-1437,org.eclipse.pde.internal.ui.editor.plugin,DependencyManagementSection,savePreferences,17,4,0
eclipse.pde.ui-20120217-1437,org.eclipse.pde.internal.ui.editor.plugin,DependencyManagementSection,initialize,26,4,0
eclipse.pde.ui-20120217-1437,org.eclipse.pde.internal.ui.editor.plugin,DependencyManagementSection,fillContextMenu,8,2,1
eclipse.pde.ui-20120217-1437,org.eclipse.pde.internal.ui.editor.plugin,DependencyManagementSection,refresh,5,2,0
eclipse.pde.ui-20120217-1437,org.eclipse.pde.internal.ui.editor.plugin,DependencyManagementSection,buttonSelected,16,5,1
eclipse.pde.ui-20120217-1437,org.eclipse.pde.internal.ui.editor.plugin,DependencyManagementSection,handleDoubleClick,3,1,1
eclipse.pde.ui-20120217-1437,org.eclipse.pde.internal.ui.editor.plugin,DependencyManagementSection,handleOpen,10,4,1
eclipse.pde.ui-20120217-1437,org.eclipse.pde.internal.ui.editor.plugin,DependencyManagementSection,getBuildModel,20,3,1
eclipse.pde.ui-20120217-1437,org.eclipse.pde.internal.ui.editor.plugin,DependencyManagementSection,makeActions,20,1,0
eclipse.pde.ui-20120217-1437,org.eclipse.pde.internal.ui.editor.plugin,DependencyManagementSection,run,3,1,0
eclipse.pde.ui-20120217-1437,org.eclipse.pde.internal.ui.editor.plugin,DependencyManagementSection,run,3,1,0
eclipse.pde.ui-20120217-1437,org.eclipse.pde.internal.ui.editor.plugin,DependencyManagementSection,run,3,1,0
eclipse.pde.ui-20120217-1437,org.eclipse.pde.internal.ui.editor.plugin,DependencyManagementSection,handleNew,26,4,0
eclipse.pde.ui-20120217-1437,org.eclipse.pde.internal.ui.editor.plugin,DependencyManagementSection,getAvailablePlugins,17,5,0
eclipse.pde.ui-20120217-1437,org.eclipse.pde.internal.ui.editor.plugin,DependencyManagementSection,handleRemove,18,3,0
eclipse.pde.ui-20120217-1437,org.eclipse.pde.internal.ui.editor.plugin,DependencyManagementSection,selectionChanged,4,1,1
eclipse.pde.ui-20120217-1437,org.eclipse.pde.internal.ui.editor.plugin,DependencyManagementSection,updateButtons,7,1,0
eclipse.pde.ui-20120217-1437,org.eclipse.pde.internal.ui.editor.plugin,DependencyManagementSection,modelChanged,10,3,1
eclipse.pde.ui-20120217-1437,org.eclipse.pde.internal.ui.editor.plugin,DependencyManagementSection,doGlobalAction,18,5,1
eclipse.pde.ui-20120217-1437,org.eclipse.pde.internal.ui.editor.plugin,DependencyManagementSection,canPaste,16,5,2
eclipse.pde.ui-20120217-1437,org.eclipse.pde.internal.ui.editor.plugin,DependencyManagementSection,createSecondaryDepSet,20,5,0
eclipse.pde.ui-20120217-1437,org.eclipse.pde.internal.ui.editor.plugin,DependencyManagementSection,doPaste,23,5,2
eclipse.pde.ui-20120217-1437,org.eclipse.pde.internal.ui.editor.plugin,DependencyManagementSection,doAddDependencies,9,2,0
eclipse.pde.ui-20120217-1437,org.eclipse.pde.internal.ui.editor.plugin,DependencyManagementSection,dispose,6,2,0
eclipse.pde.ui-20120217-1437,org.eclipse.pde.internal.ui.editor.plugin,DependencyManagementSection,modelsChanged,12,3,1
eclipse.pde.ui-20120217-1437,org.eclipse.pde.internal.ui.editor.plugin,DependencyManagementSection,run,3,2,0
eclipse.pde.ui-20120217-1437,org.eclipse.pde.internal.ui.editor.plugin,DependencyManagementSection,handleUp,3,1,0
eclipse.pde.ui-20120217-1437,org.eclipse.pde.internal.ui.editor.plugin,DependencyManagementSection,handleDown,3,1,0
eclipse.pde.ui-20120217-1437,org.eclipse.pde.internal.ui.editor.plugin,DependencyManagementSection,updateUpDownButtons,14,2,0
eclipse.pde.ui-20120217-1437,org.eclipse.pde.internal.ui.editor.plugin,DependencyManagementSection,movePlugins,11,4,1
eclipse.pde.ui-20120217-1437,org.eclipse.pde.internal.ui.editor.plugin,DependencyManagementSection,propertyChange,5,2,1
eclipse.pde.ui-20120217-1437,org.eclipse.pde.internal.ui.editor.plugin,DependencyManagementSection,createCount,3,1,0
eclipse.pde.ui-20120217-1437,org.eclipse.pde.internal.ui.editor.plugin,DependencyManagementSection,isDragAndDropEnabled,3,1,0
eclipse.pde.ui-20120217-1437,org.eclipse.pde.internal.ui.editor.plugin,DependencyManagementSection,canDragMove,9,3,1
eclipse.pde.ui-20120217-1437,org.eclipse.pde.internal.ui.editor.plugin,DependencyManagementSection,validateDragMoveSanity,12,4,1
eclipse.pde.ui-20120217-1437,org.eclipse.pde.internal.ui.editor.plugin,DependencyManagementSection,canDropMove,29,8,3
eclipse.pde.ui-20120217-1437,org.eclipse.pde.internal.ui.editor.plugin,DependencyManagementSection,getSecondaryDepBuildEntry,15,4,0
eclipse.pde.ui-20120217-1437,org.eclipse.pde.internal.ui.editor.plugin,DependencyManagementSection,validateDropMoveSanity,9,3,2
eclipse.pde.ui-20120217-1437,org.eclipse.pde.internal.ui.editor.plugin,DependencyManagementSection,doDropMove,13,4,3
eclipse.pde.ui-20120217-1437,org.eclipse.pde.internal.ui.editor.plugin,DependencyManagementSection,doDropMove,16,4,3
eclipse.pde.ui-20120217-1437,org.eclipse.pde.internal.ui.editor.plugin,DependencyManagementSection,doDragRemove,17,3,0
eclipse.pde.ui-20120217-1437,org.eclipse.pde.internal.ui.editor.plugin,DependencyManagementSection,isTreeViewerSorted,6,2,0
eclipse.pde.ui-20120217-1437,org.eclipse.pde.internal.ui.editor.plugin,ContentProvider,getElements,4,2,1
eclipse.pde.ui-20120217-1437,org.eclipse.pde.internal.ui.editor.plugin,ContentProvider,getBuildInfo,8,2,0
eclipse.pde.ui-20120217-1437,org.eclipse.pde.internal.ui.editor.plugin,ContentProvider,createAdditionalBundles,18,3,0
eclipse.pde.ui-20120217-1437,org.eclipse.pde.internal.ui.editor.plugin,SecondaryTableLabelProvider,getColumnText,3,1,2
eclipse.pde.ui-20120217-1437,org.eclipse.pde.internal.ui.editor.plugin,SecondaryTableLabelProvider,getColumnImage,14,4,2
eclipse.pde.ui-20120217-1437,org.eclipse.pde.internal.ui.editor.plugin,DependencyPropertiesDialog,DependencyPropertiesDialog,3,1,2
eclipse.pde.ui-20120217-1437,org.eclipse.pde.internal.ui.editor.plugin,DependencyPropertiesDialog,DependencyPropertiesDialog,3,1,2
eclipse.pde.ui-20120217-1437,org.eclipse.pde.internal.ui.editor.plugin,DependencyPropertiesDialog,DependencyPropertiesDialog,3,1,2
eclipse.pde.ui-20120217-1437,org.eclipse.pde.internal.ui.editor.plugin,DependencyPropertiesDialog,DependencyPropertiesDialog,17,2,8
eclipse.pde.ui-20120217-1437,org.eclipse.pde.internal.ui.editor.plugin,DependencyPropertiesDialog,getGroupText,3,1,0
eclipse.pde.ui-20120217-1437,org.eclipse.pde.internal.ui.editor.plugin,DependencyPropertiesDialog,createButtonsForButtonBar,3,1,1
eclipse.pde.ui-20120217-1437,org.eclipse.pde.internal.ui.editor.plugin,DependencyPropertiesDialog,createDialogArea,37,5,1
eclipse.pde.ui-20120217-1437,org.eclipse.pde.internal.ui.editor.plugin,DependencyPropertiesDialog,modifyText,3,1,1
eclipse.pde.ui-20120217-1437,org.eclipse.pde.internal.ui.editor.plugin,DependencyPropertiesDialog,isReexported,3,1,0
eclipse.pde.ui-20120217-1437,org.eclipse.pde.internal.ui.editor.plugin,DependencyPropertiesDialog,isOptional,3,1,0
eclipse.pde.ui-20120217-1437,org.eclipse.pde.internal.ui.editor.plugin,DependencyPropertiesDialog,getVersion,3,1,0
eclipse.pde.ui-20120217-1437,org.eclipse.pde.internal.ui.editor.plugin,DependencyPropertiesDialog,okPressed,6,1,0
eclipse.pde.ui-20120217-1437,org.eclipse.pde.internal.ui.editor.plugin,ExecutionEnvironmentSection,EELabelProvider,3,1,0
eclipse.pde.ui-20120217-1437,org.eclipse.pde.internal.ui.editor.plugin,ExecutionEnvironmentSection,getImage,3,1,1
eclipse.pde.ui-20120217-1437,org.eclipse.pde.internal.ui.editor.plugin,ExecutionEnvironmentSection,getText,4,2,1
eclipse.pde.ui-20120217-1437,org.eclipse.pde.internal.ui.editor.plugin,ExecutionEnvironmentSection,dispose,4,2,0
eclipse.pde.ui-20120217-1437,org.eclipse.pde.internal.ui.editor.plugin,ExecutionEnvironmentSection,getElements,11,3,1
eclipse.pde.ui-20120217-1437,org.eclipse.pde.internal.ui.editor.plugin,ExecutionEnvironmentSection,ExecutionEnvironmentSection,4,1,2
eclipse.pde.ui-20120217-1437,org.eclipse.pde.internal.ui.editor.plugin,ExecutionEnvironmentSection,createClient,71,6,2
eclipse.pde.ui-20120217-1437,org.eclipse.pde.internal.ui.editor.plugin,ExecutionEnvironmentSection,linkEntered,2,1,1
eclipse.pde.ui-20120217-1437,org.eclipse.pde.internal.ui.editor.plugin,ExecutionEnvironmentSection,linkExited,2,1,1
eclipse.pde.ui-20120217-1437,org.eclipse.pde.internal.ui.editor.plugin,ExecutionEnvironmentSection,linkActivated,3,1,1
eclipse.pde.ui-20120217-1437,org.eclipse.pde.internal.ui.editor.plugin,ExecutionEnvironmentSection,linkEntered,2,1,1
eclipse.pde.ui-20120217-1437,org.eclipse.pde.internal.ui.editor.plugin,ExecutionEnvironmentSection,linkExited,2,1,1
eclipse.pde.ui-20120217-1437,org.eclipse.pde.internal.ui.editor.plugin,ExecutionEnvironmentSection,linkActivated,14,3,1
eclipse.pde.ui-20120217-1437,org.eclipse.pde.internal.ui.editor.plugin,ExecutionEnvironmentSection,dispose,4,2,0
eclipse.pde.ui-20120217-1437,org.eclipse.pde.internal.ui.editor.plugin,ExecutionEnvironmentSection,refresh,4,1,0
eclipse.pde.ui-20120217-1437,org.eclipse.pde.internal.ui.editor.plugin,ExecutionEnvironmentSection,buttonSelected,16,5,1
eclipse.pde.ui-20120217-1437,org.eclipse.pde.internal.ui.editor.plugin,ExecutionEnvironmentSection,fillContextMenu,8,2,1
eclipse.pde.ui-20120217-1437,org.eclipse.pde.internal.ui.editor.plugin,ExecutionEnvironmentSection,makeActions,16,1,0
eclipse.pde.ui-20120217-1437,org.eclipse.pde.internal.ui.editor.plugin,ExecutionEnvironmentSection,run,3,1,0
eclipse.pde.ui-20120217-1437,org.eclipse.pde.internal.ui.editor.plugin,ExecutionEnvironmentSection,run,3,1,0
eclipse.pde.ui-20120217-1437,org.eclipse.pde.internal.ui.editor.plugin,ExecutionEnvironmentSection,updateButtons,11,1,0
eclipse.pde.ui-20120217-1437,org.eclipse.pde.internal.ui.editor.plugin,ExecutionEnvironmentSection,handleDown,4,1,0
eclipse.pde.ui-20120217-1437,org.eclipse.pde.internal.ui.editor.plugin,ExecutionEnvironmentSection,handleUp,4,1,0
eclipse.pde.ui-20120217-1437,org.eclipse.pde.internal.ui.editor.plugin,ExecutionEnvironmentSection,swap,4,1,2
eclipse.pde.ui-20120217-1437,org.eclipse.pde.internal.ui.editor.plugin,ExecutionEnvironmentSection,handleRemove,12,4,0
eclipse.pde.ui-20120217-1437,org.eclipse.pde.internal.ui.editor.plugin,ExecutionEnvironmentSection,handleAdd,13,2,0
eclipse.pde.ui-20120217-1437,org.eclipse.pde.internal.ui.editor.plugin,ExecutionEnvironmentSection,addExecutionEnvironments,23,6,1
eclipse.pde.ui-20120217-1437,org.eclipse.pde.internal.ui.editor.plugin,ExecutionEnvironmentSection,getLineDelimiter,7,2,0
eclipse.pde.ui-20120217-1437,org.eclipse.pde.internal.ui.editor.plugin,ExecutionEnvironmentSection,getEnvironments,10,4,0
eclipse.pde.ui-20120217-1437,org.eclipse.pde.internal.ui.editor.plugin,ExecutionEnvironmentSection,modelChanged,34,10,1
eclipse.pde.ui-20120217-1437,org.eclipse.pde.internal.ui.editor.plugin,ExecutionEnvironmentSection,getBundleContext,4,1,0
eclipse.pde.ui-20120217-1437,org.eclipse.pde.internal.ui.editor.plugin,ExecutionEnvironmentSection,getBundle,4,1,0
eclipse.pde.ui-20120217-1437,org.eclipse.pde.internal.ui.editor.plugin,ExecutionEnvironmentSection,getBundleModel,4,1,0
eclipse.pde.ui-20120217-1437,org.eclipse.pde.internal.ui.editor.plugin,ExecutionEnvironmentSection,getHeader,7,3,0
eclipse.pde.ui-20120217-1437,org.eclipse.pde.internal.ui.editor.plugin,ExecutionEnvironmentSection,isFragment,5,1,0
eclipse.pde.ui-20120217-1437,org.eclipse.pde.internal.ui.editor.plugin,ExecutionEnvironmentSection,doGlobalAction,18,5,1
eclipse.pde.ui-20120217-1437,org.eclipse.pde.internal.ui.editor.plugin,ExecutionEnvironmentSection,canPaste,10,4,2
eclipse.pde.ui-20120217-1437,org.eclipse.pde.internal.ui.editor.plugin,ExecutionEnvironmentSection,selectionChanged,4,2,1
eclipse.pde.ui-20120217-1437,org.eclipse.pde.internal.ui.editor.plugin,ExecutionEnvironmentSection,doPaste,3,1,2
eclipse.pde.ui-20120217-1437,org.eclipse.pde.internal.ui.editor.plugin,ExecutionEnvironmentSection,doFullBuild,18,1,1
eclipse.pde.ui-20120217-1437,org.eclipse.pde.internal.ui.editor.plugin,ExecutionEnvironmentSection,belongsTo,3,1,1
eclipse.pde.ui-20120217-1437,org.eclipse.pde.internal.ui.editor.plugin,ExecutionEnvironmentSection,run,8,1,1
eclipse.pde.ui-20120217-1437,org.eclipse.pde.internal.ui.editor.plugin,ExecutionEnvironmentSection,isDragAndDropEnabled,3,1,0
eclipse.pde.ui-20120217-1437,org.eclipse.pde.internal.ui.editor.plugin,ExecutionEnvironmentSection,canDragMove,6,2,1
eclipse.pde.ui-20120217-1437,org.eclipse.pde.internal.ui.editor.plugin,ExecutionEnvironmentSection,canDropMove,36,10,3
eclipse.pde.ui-20120217-1437,org.eclipse.pde.internal.ui.editor.plugin,ExecutionEnvironmentSection,validateDropMoveModel,8,2,2
eclipse.pde.ui-20120217-1437,org.eclipse.pde.internal.ui.editor.plugin,ExecutionEnvironmentSection,validateDropMoveSanity,9,3,2
eclipse.pde.ui-20120217-1437,org.eclipse.pde.internal.ui.editor.plugin,ExecutionEnvironmentSection,doDropMove,34,9,3
eclipse.pde.ui-20120217-1437,org.eclipse.pde.internal.ui.editor.plugin,ExecutionEnvironmentSection,doDragRemove,13,3,1
eclipse.pde.ui-20120217-1437,org.eclipse.pde.internal.ui.editor.plugin,ExecutionEnvironmentSection,validateDragMoveSanity,12,4,1
eclipse.pde.ui-20120217-1437,org.eclipse.pde.internal.ui.editor.plugin,EELabelProvider,EELabelProvider,3,1,0
eclipse.pde.ui-20120217-1437,org.eclipse.pde.internal.ui.editor.plugin,EELabelProvider,getImage,3,1,1
eclipse.pde.ui-20120217-1437,org.eclipse.pde.internal.ui.editor.plugin,EELabelProvider,getText,4,2,1
eclipse.pde.ui-20120217-1437,org.eclipse.pde.internal.ui.editor.plugin,EELabelProvider,dispose,4,2,0
eclipse.pde.ui-20120217-1437,org.eclipse.pde.internal.ui.editor.plugin,ContentProvider,getElements,11,3,1
eclipse.pde.ui-20120217-1437,org.eclipse.pde.internal.ui.editor.plugin,ExportPackageSection,getElements,7,2,1
eclipse.pde.ui-20120217-1437,org.eclipse.pde.internal.ui.editor.plugin,ExportPackageSection,ExportPackageSection,3,1,2
eclipse.pde.ui-20120217-1437,org.eclipse.pde.internal.ui.editor.plugin,ExportPackageSection,isFragment,4,1,0
eclipse.pde.ui-20120217-1437,org.eclipse.pde.internal.ui.editor.plugin,ExportPackageSection,createClient,35,5,2
eclipse.pde.ui-20120217-1437,org.eclipse.pde.internal.ui.editor.plugin,ExportPackageSection,compare,7,3,3
eclipse.pde.ui-20120217-1437,org.eclipse.pde.internal.ui.editor.plugin,ExportPackageSection,doGlobalAction,18,5,1
eclipse.pde.ui-20120217-1437,org.eclipse.pde.internal.ui.editor.plugin,ExportPackageSection,dispose,5,2,0
eclipse.pde.ui-20120217-1437,org.eclipse.pde.internal.ui.editor.plugin,ExportPackageSection,canPaste,16,5,2
eclipse.pde.ui-20120217-1437,org.eclipse.pde.internal.ui.editor.plugin,ExportPackageSection,canAddExportedPackages,26,6,0
eclipse.pde.ui-20120217-1437,org.eclipse.pde.internal.ui.editor.plugin,ExportPackageSection,createCurrentExportPackageMap,35,7,0
eclipse.pde.ui-20120217-1437,org.eclipse.pde.internal.ui.editor.plugin,ExportPackageSection,getModel,3,1,0
eclipse.pde.ui-20120217-1437,org.eclipse.pde.internal.ui.editor.plugin,ExportPackageSection,allowJavaPackages,3,1,0
eclipse.pde.ui-20120217-1437,org.eclipse.pde.internal.ui.editor.plugin,ExportPackageSection,doPaste,18,5,2
eclipse.pde.ui-20120217-1437,org.eclipse.pde.internal.ui.editor.plugin,ExportPackageSection,selectionChanged,4,1,1
eclipse.pde.ui-20120217-1437,org.eclipse.pde.internal.ui.editor.plugin,ExportPackageSection,updateButtons,8,1,0
eclipse.pde.ui-20120217-1437,org.eclipse.pde.internal.ui.editor.plugin,ExportPackageSection,shouldEnableProperties,17,7,1
eclipse.pde.ui-20120217-1437,org.eclipse.pde.internal.ui.editor.plugin,ExportPackageSection,handleDoubleClick,3,1,1
eclipse.pde.ui-20120217-1437,org.eclipse.pde.internal.ui.editor.plugin,ExportPackageSection,getPackageFragment,10,4,1
eclipse.pde.ui-20120217-1437,org.eclipse.pde.internal.ui.editor.plugin,ExportPackageSection,handleGoToPackage,10,2,1
eclipse.pde.ui-20120217-1437,org.eclipse.pde.internal.ui.editor.plugin,ExportPackageSection,buttonSelected,15,5,1
eclipse.pde.ui-20120217-1437,org.eclipse.pde.internal.ui.editor.plugin,ExportPackageSection,handleOpenProperties,17,5,0
eclipse.pde.ui-20120217-1437,org.eclipse.pde.internal.ui.editor.plugin,ExportPackageSection,handleRemove,6,2,0
eclipse.pde.ui-20120217-1437,org.eclipse.pde.internal.ui.editor.plugin,ExportPackageSection,handleAdd,57,8,0
eclipse.pde.ui-20120217-1437,org.eclipse.pde.internal.ui.editor.plugin,ExportPackageSection,run,25,3,0
eclipse.pde.ui-20120217-1437,org.eclipse.pde.internal.ui.editor.plugin,ExportPackageSection,getValue,9,3,1
eclipse.pde.ui-20120217-1437,org.eclipse.pde.internal.ui.editor.plugin,ExportPackageSection,modelChanged,36,8,1
eclipse.pde.ui-20120217-1437,org.eclipse.pde.internal.ui.editor.plugin,ExportPackageSection,refresh,4,1,0
eclipse.pde.ui-20120217-1437,org.eclipse.pde.internal.ui.editor.plugin,ExportPackageSection,makeActions,28,1,0
eclipse.pde.ui-20120217-1437,org.eclipse.pde.internal.ui.editor.plugin,ExportPackageSection,run,3,1,0
eclipse.pde.ui-20120217-1437,org.eclipse.pde.internal.ui.editor.plugin,ExportPackageSection,run,3,1,0
eclipse.pde.ui-20120217-1437,org.eclipse.pde.internal.ui.editor.plugin,ExportPackageSection,run,3,1,0
eclipse.pde.ui-20120217-1437,org.eclipse.pde.internal.ui.editor.plugin,ExportPackageSection,run,3,1,0
eclipse.pde.ui-20120217-1437,org.eclipse.pde.internal.ui.editor.plugin,ExportPackageSection,fillContextMenu,19,5,1
eclipse.pde.ui-20120217-1437,org.eclipse.pde.internal.ui.editor.plugin,ExportPackageSection,run,3,1,0
eclipse.pde.ui-20120217-1437,org.eclipse.pde.internal.ui.editor.plugin,ExportPackageSection,doSearch,12,3,1
eclipse.pde.ui-20120217-1437,org.eclipse.pde.internal.ui.editor.plugin,ExportPackageSection,getBundleContext,4,1,0
eclipse.pde.ui-20120217-1437,org.eclipse.pde.internal.ui.editor.plugin,ExportPackageSection,getBundleModel,4,1,0
eclipse.pde.ui-20120217-1437,org.eclipse.pde.internal.ui.editor.plugin,ExportPackageSection,getLineDelimiter,7,2,0
eclipse.pde.ui-20120217-1437,org.eclipse.pde.internal.ui.editor.plugin,ExportPackageSection,getBundle,4,1,0
eclipse.pde.ui-20120217-1437,org.eclipse.pde.internal.ui.editor.plugin,ExportPackageSection,getVersionAttribute,4,1,0
eclipse.pde.ui-20120217-1437,org.eclipse.pde.internal.ui.editor.plugin,ExportPackageSection,getExportedPackageHeader,4,1,0
eclipse.pde.ui-20120217-1437,org.eclipse.pde.internal.ui.editor.plugin,ExportPackageSection,createCount,3,1,0
eclipse.pde.ui-20120217-1437,org.eclipse.pde.internal.ui.editor.plugin,ExportPackageSection,calculateUses,5,1,0
eclipse.pde.ui-20120217-1437,org.eclipse.pde.internal.ui.editor.plugin,ExportPackageContentProvider,getElements,7,2,1
eclipse.pde.ui-20120217-1437,org.eclipse.pde.internal.ui.editor.plugin,ExportPackageVisibilitySection,getElements,5,2,1
eclipse.pde.ui-20120217-1437,org.eclipse.pde.internal.ui.editor.plugin,ExportPackageVisibilitySection,getColumnText,3,1,2
eclipse.pde.ui-20120217-1437,org.eclipse.pde.internal.ui.editor.plugin,ExportPackageVisibilitySection,getColumnImage,3,1,2
eclipse.pde.ui-20120217-1437,org.eclipse.pde.internal.ui.editor.plugin,ExportPackageVisibilitySection,ExportPackageVisibilitySection,4,1,2
eclipse.pde.ui-20120217-1437,org.eclipse.pde.internal.ui.editor.plugin,ExportPackageVisibilitySection,createClient,42,3,2
eclipse.pde.ui-20120217-1437,org.eclipse.pde.internal.ui.editor.plugin,ExportPackageVisibilitySection,widgetSelected,10,3,1
eclipse.pde.ui-20120217-1437,org.eclipse.pde.internal.ui.editor.plugin,ExportPackageVisibilitySection,makeActions,16,1,0
eclipse.pde.ui-20120217-1437,org.eclipse.pde.internal.ui.editor.plugin,ExportPackageVisibilitySection,run,3,1,0
eclipse.pde.ui-20120217-1437,org.eclipse.pde.internal.ui.editor.plugin,ExportPackageVisibilitySection,run,3,1,0
eclipse.pde.ui-20120217-1437,org.eclipse.pde.internal.ui.editor.plugin,ExportPackageVisibilitySection,selectionChanged,5,1,1
eclipse.pde.ui-20120217-1437,org.eclipse.pde.internal.ui.editor.plugin,ExportPackageVisibilitySection,buttonSelected,4,3,1
eclipse.pde.ui-20120217-1437,org.eclipse.pde.internal.ui.editor.plugin,ExportPackageVisibilitySection,doGlobalAction,18,5,1
eclipse.pde.ui-20120217-1437,org.eclipse.pde.internal.ui.editor.plugin,ExportPackageVisibilitySection,canPaste,15,5,2
eclipse.pde.ui-20120217-1437,org.eclipse.pde.internal.ui.editor.plugin,ExportPackageVisibilitySection,isOneObjectSelected,6,2,0
eclipse.pde.ui-20120217-1437,org.eclipse.pde.internal.ui.editor.plugin,ExportPackageVisibilitySection,doPaste,10,3,2
eclipse.pde.ui-20120217-1437,org.eclipse.pde.internal.ui.editor.plugin,ExportPackageVisibilitySection,dispose,6,3,0
eclipse.pde.ui-20120217-1437,org.eclipse.pde.internal.ui.editor.plugin,ExportPackageVisibilitySection,fillContextMenu,3,1,1
eclipse.pde.ui-20120217-1437,org.eclipse.pde.internal.ui.editor.plugin,ExportPackageVisibilitySection,handleAdd,13,4,0
eclipse.pde.ui-20120217-1437,org.eclipse.pde.internal.ui.editor.plugin,ExportPackageVisibilitySection,getModels,9,3,0
eclipse.pde.ui-20120217-1437,org.eclipse.pde.internal.ui.editor.plugin,ExportPackageVisibilitySection,handleRemove,8,3,0
eclipse.pde.ui-20120217-1437,org.eclipse.pde.internal.ui.editor.plugin,ExportPackageVisibilitySection,modelChanged,19,4,1
eclipse.pde.ui-20120217-1437,org.eclipse.pde.internal.ui.editor.plugin,ExportPackageVisibilitySection,refresh,4,1,0
eclipse.pde.ui-20120217-1437,org.eclipse.pde.internal.ui.editor.plugin,ExportPackageVisibilitySection,selectionChanged,25,6,2
eclipse.pde.ui-20120217-1437,org.eclipse.pde.internal.ui.editor.plugin,ExportPackageVisibilitySection,update,13,1,1
eclipse.pde.ui-20120217-1437,org.eclipse.pde.internal.ui.editor.plugin,ExportPackageVisibilitySection,getBundleContext,4,1,0
eclipse.pde.ui-20120217-1437,org.eclipse.pde.internal.ui.editor.plugin,ExportPackageVisibilitySection,getBundleModel,4,1,0
eclipse.pde.ui-20120217-1437,org.eclipse.pde.internal.ui.editor.plugin,TableContentProvider,getElements,5,2,1
eclipse.pde.ui-20120217-1437,org.eclipse.pde.internal.ui.editor.plugin,TableLabelProvider,getColumnText,3,1,2
eclipse.pde.ui-20120217-1437,org.eclipse.pde.internal.ui.editor.plugin,TableLabelProvider,getColumnImage,3,1,2
eclipse.pde.ui-20120217-1437,org.eclipse.pde.internal.ui.editor.plugin,ExtensionAttributePointDectector,ExtensionAttributePointDectector,5,1,0
eclipse.pde.ui-20120217-1437,org.eclipse.pde.internal.ui.editor.plugin,ExtensionAttributePointDectector,getSelection,3,1,0
eclipse.pde.ui-20120217-1437,org.eclipse.pde.internal.ui.editor.plugin,ExtensionAttributePointDectector,setTextEditor,15,3,1
eclipse.pde.ui-20120217-1437,org.eclipse.pde.internal.ui.editor.plugin,ExtensionAttributePointDectector,checkIfOnTarget,39,10,0
eclipse.pde.ui-20120217-1437,org.eclipse.pde.internal.ui.editor.plugin,ExtensionAttributePointDectector,removeListeners,7,2,0
eclipse.pde.ui-20120217-1437,org.eclipse.pde.internal.ui.editor.plugin,ExtensionAttributePointDectector,isInputInitialized,6,2,0
eclipse.pde.ui-20120217-1437,org.eclipse.pde.internal.ui.editor.plugin,ExtensionAttributePointDectector,addListeners,7,2,0
eclipse.pde.ui-20120217-1437,org.eclipse.pde.internal.ui.editor.plugin,ExtensionAttributePointDectector,mouseDoubleClick,2,1,1
eclipse.pde.ui-20120217-1437,org.eclipse.pde.internal.ui.editor.plugin,ExtensionAttributePointDectector,mouseDown,2,1,1
eclipse.pde.ui-20120217-1437,org.eclipse.pde.internal.ui.editor.plugin,ExtensionAttributePointDectector,mouseUp,3,1,1
eclipse.pde.ui-20120217-1437,org.eclipse.pde.internal.ui.editor.plugin,ExtensionAttributePointDectector,keyPressed,3,1,1
eclipse.pde.ui-20120217-1437,org.eclipse.pde.internal.ui.editor.plugin,ExtensionAttributePointDectector,keyReleased,2,1,1
eclipse.pde.ui-20120217-1437,org.eclipse.pde.internal.ui.editor.plugin,ExtensionDetails,ExtensionDetails,3,1,1
eclipse.pde.ui-20120217-1437,org.eclipse.pde.internal.ui.editor.plugin,ExtensionDetails,createContents,58,5,1
eclipse.pde.ui-20120217-1437,org.eclipse.pde.internal.ui.editor.plugin,ExtensionDetails,linkActivated,23,5,1
eclipse.pde.ui-20120217-1437,org.eclipse.pde.internal.ui.editor.plugin,ExtensionDetails,createNameEntryField,14,2,2
eclipse.pde.ui-20120217-1437,org.eclipse.pde.internal.ui.editor.plugin,ExtensionDetails,textValueChanged,8,2,1
eclipse.pde.ui-20120217-1437,org.eclipse.pde.internal.ui.editor.plugin,ExtensionDetails,createIDEntryField,14,2,2
eclipse.pde.ui-20120217-1437,org.eclipse.pde.internal.ui.editor.plugin,ExtensionDetails,textValueChanged,8,2,1
eclipse.pde.ui-20120217-1437,org.eclipse.pde.internal.ui.editor.plugin,ExtensionDetails,selectionChanged,8,2,2
eclipse.pde.ui-20120217-1437,org.eclipse.pde.internal.ui.editor.plugin,ExtensionDetails,update,6,1,0
eclipse.pde.ui-20120217-1437,org.eclipse.pde.internal.ui.editor.plugin,ExtensionDetails,isFieldRequired,22,6,1
eclipse.pde.ui-20120217-1437,org.eclipse.pde.internal.ui.editor.plugin,ExtensionDetails,updateLabel,14,3,3
eclipse.pde.ui-20120217-1437,org.eclipse.pde.internal.ui.editor.plugin,ExtensionDetails,cancelEdit,5,1,0
eclipse.pde.ui-20120217-1437,org.eclipse.pde.internal.ui.editor.plugin,ExtensionDetails,commit,5,1,1
eclipse.pde.ui-20120217-1437,org.eclipse.pde.internal.ui.editor.plugin,ExtensionDetails,setFocus,3,1,0
eclipse.pde.ui-20120217-1437,org.eclipse.pde.internal.ui.editor.plugin,ExtensionDetails,dispose,5,2,0
eclipse.pde.ui-20120217-1437,org.eclipse.pde.internal.ui.editor.plugin,ExtensionDetails,modelChanged,6,3,1
eclipse.pde.ui-20120217-1437,org.eclipse.pde.internal.ui.editor.plugin,ExtensionDetails,refresh,4,1,0
eclipse.pde.ui-20120217-1437,org.eclipse.pde.internal.ui.editor.plugin,ExtensionDetails,fireSaveNeeded,5,1,0
eclipse.pde.ui-20120217-1437,org.eclipse.pde.internal.ui.editor.plugin,ExtensionDetails,getContextId,3,1,0
eclipse.pde.ui-20120217-1437,org.eclipse.pde.internal.ui.editor.plugin,ExtensionDetails,getPage,3,1,0
eclipse.pde.ui-20120217-1437,org.eclipse.pde.internal.ui.editor.plugin,ExtensionDetails,isEditable,3,1,0
eclipse.pde.ui-20120217-1437,org.eclipse.pde.internal.ui.editor.plugin,ExtensionDetails,showNoExtensionPointMessage,5,1,0
eclipse.pde.ui-20120217-1437,org.eclipse.pde.internal.ui.editor.plugin,ExtensionElementBodyTextDetails,ExtensionElementBodyTextDetails,7,1,1
eclipse.pde.ui-20120217-1437,org.eclipse.pde.internal.ui.editor.plugin,ExtensionElementBodyTextDetails,createContents,6,1,1
eclipse.pde.ui-20120217-1437,org.eclipse.pde.internal.ui.editor.plugin,ExtensionElementBodyTextDetails,createListeners,5,1,0
eclipse.pde.ui-20120217-1437,org.eclipse.pde.internal.ui.editor.plugin,ExtensionElementBodyTextDetails,createListenersHyperlinkBody,9,1,0
eclipse.pde.ui-20120217-1437,org.eclipse.pde.internal.ui.editor.plugin,ExtensionElementBodyTextDetails,linkActivated,3,1,1
eclipse.pde.ui-20120217-1437,org.eclipse.pde.internal.ui.editor.plugin,ExtensionElementBodyTextDetails,handleHyperlinkBodyLinkActivated,9,3,0
eclipse.pde.ui-20120217-1437,org.eclipse.pde.internal.ui.editor.plugin,ExtensionElementBodyTextDetails,openReference,8,2,0
eclipse.pde.ui-20120217-1437,org.eclipse.pde.internal.ui.editor.plugin,ExtensionElementBodyTextDetails,createListenersModel,4,1,0
eclipse.pde.ui-20120217-1437,org.eclipse.pde.internal.ui.editor.plugin,ExtensionElementBodyTextDetails,createListenersTextBody,9,1,0
eclipse.pde.ui-20120217-1437,org.eclipse.pde.internal.ui.editor.plugin,ExtensionElementBodyTextDetails,textValueChanged,3,1,1
eclipse.pde.ui-20120217-1437,org.eclipse.pde.internal.ui.editor.plugin,ExtensionElementBodyTextDetails,handleTextBodyValueChanged,11,2,0
eclipse.pde.ui-20120217-1437,org.eclipse.pde.internal.ui.editor.plugin,ExtensionElementBodyTextDetails,configureParentLayout,3,1,1
eclipse.pde.ui-20120217-1437,org.eclipse.pde.internal.ui.editor.plugin,ExtensionElementBodyTextDetails,createUIToolkit,3,1,0
eclipse.pde.ui-20120217-1437,org.eclipse.pde.internal.ui.editor.plugin,ExtensionElementBodyTextDetails,createUI,10,1,1
eclipse.pde.ui-20120217-1437,org.eclipse.pde.internal.ui.editor.plugin,ExtensionElementBodyTextDetails,createUIInfoHoverControl,4,1,1
eclipse.pde.ui-20120217-1437,org.eclipse.pde.internal.ui.editor.plugin,ExtensionElementBodyTextDetails,createUIHyperlinkBody,3,1,1
eclipse.pde.ui-20120217-1437,org.eclipse.pde.internal.ui.editor.plugin,ExtensionElementBodyTextDetails,isReferenceModel,6,2,0
eclipse.pde.ui-20120217-1437,org.eclipse.pde.internal.ui.editor.plugin,ExtensionElementBodyTextDetails,createUISectionContainer,5,1,1
eclipse.pde.ui-20120217-1437,org.eclipse.pde.internal.ui.editor.plugin,ExtensionElementBodyTextDetails,createUISectionElementDetails,12,1,1
eclipse.pde.ui-20120217-1437,org.eclipse.pde.internal.ui.editor.plugin,ExtensionElementBodyTextDetails,createUITextBody,8,1,1
eclipse.pde.ui-20120217-1437,org.eclipse.pde.internal.ui.editor.plugin,ExtensionElementBodyTextDetails,selectionChanged,10,2,2
eclipse.pde.ui-20120217-1437,org.eclipse.pde.internal.ui.editor.plugin,ExtensionElementBodyTextDetails,updateUI,4,1,0
eclipse.pde.ui-20120217-1437,org.eclipse.pde.internal.ui.editor.plugin,ExtensionElementBodyTextDetails,updateUISectionElementDetails,9,2,0
eclipse.pde.ui-20120217-1437,org.eclipse.pde.internal.ui.editor.plugin,ExtensionElementBodyTextDetails,updateUITextBody,10,2,0
eclipse.pde.ui-20120217-1437,org.eclipse.pde.internal.ui.editor.plugin,ExtensionElementBodyTextDetails,fireSaveNeeded,4,1,0
eclipse.pde.ui-20120217-1437,org.eclipse.pde.internal.ui.editor.plugin,ExtensionElementBodyTextDetails,getContextId,3,1,0
eclipse.pde.ui-20120217-1437,org.eclipse.pde.internal.ui.editor.plugin,ExtensionElementBodyTextDetails,getPage,3,1,0
eclipse.pde.ui-20120217-1437,org.eclipse.pde.internal.ui.editor.plugin,ExtensionElementBodyTextDetails,isEditable,3,1,0
eclipse.pde.ui-20120217-1437,org.eclipse.pde.internal.ui.editor.plugin,ExtensionElementBodyTextDetails,modelChanged,8,3,1
eclipse.pde.ui-20120217-1437,org.eclipse.pde.internal.ui.editor.plugin,ExtensionElementBodyTextDetails,refresh,4,1,0
eclipse.pde.ui-20120217-1437,org.eclipse.pde.internal.ui.editor.plugin,ExtensionElementBodyTextDetails,cancelEdit,4,1,0
eclipse.pde.ui-20120217-1437,org.eclipse.pde.internal.ui.editor.plugin,ExtensionElementBodyTextDetails,commit,4,1,1
eclipse.pde.ui-20120217-1437,org.eclipse.pde.internal.ui.editor.plugin,ExtensionElementBodyTextDetails,dispose,7,2,0
eclipse.pde.ui-20120217-1437,org.eclipse.pde.internal.ui.editor.plugin,ExtensionElementBodyTextDetails,setFocus,3,1,0
eclipse.pde.ui-20120217-1437,org.eclipse.pde.internal.ui.editor.plugin,ExtensionElementBodyTextDetails,getHoverContent,9,3,1
eclipse.pde.ui-20120217-1437,org.eclipse.pde.internal.ui.editor.plugin,ExtensionElementBodyTextDetails,getHyperlinkDescription,6,2,0
eclipse.pde.ui-20120217-1437,org.eclipse.pde.internal.ui.editor.plugin,ExtensionElementBodyTextDetails,getTextDescription,14,4,1
eclipse.pde.ui-20120217-1437,org.eclipse.pde.internal.ui.editor.plugin,ExtensionElementBodyTextDetails,setSchemaElement,3,1,1
eclipse.pde.ui-20120217-1437,org.eclipse.pde.internal.ui.editor.plugin,ExtensionElementDetails,ExtensionElementDetails,5,1,2
eclipse.pde.ui-20120217-1437,org.eclipse.pde.internal.ui.editor.plugin,ExtensionElementDetails,getContextId,3,1,0
eclipse.pde.ui-20120217-1437,org.eclipse.pde.internal.ui.editor.plugin,ExtensionElementDetails,fireSaveNeeded,4,1,0
eclipse.pde.ui-20120217-1437,org.eclipse.pde.internal.ui.editor.plugin,ExtensionElementDetails,getPage,3,1,0
eclipse.pde.ui-20120217-1437,org.eclipse.pde.internal.ui.editor.plugin,ExtensionElementDetails,isEditable,3,1,0
eclipse.pde.ui-20120217-1437,org.eclipse.pde.internal.ui.editor.plugin,ExtensionElementDetails,createContents,43,9,1
eclipse.pde.ui-20120217-1437,org.eclipse.pde.internal.ui.editor.plugin,ExtensionElementDetails,createAttributeRow,18,7,4
eclipse.pde.ui-20120217-1437,org.eclipse.pde.internal.ui.editor.plugin,ExtensionElementDetails,createAttributeRow,6,1,4
eclipse.pde.ui-20120217-1437,org.eclipse.pde.internal.ui.editor.plugin,ExtensionElementDetails,selectionChanged,8,2,2
eclipse.pde.ui-20120217-1437,org.eclipse.pde.internal.ui.editor.plugin,ExtensionElementDetails,modelChanged,25,8,1
eclipse.pde.ui-20120217-1437,org.eclipse.pde.internal.ui.editor.plugin,ExtensionElementDetails,update,8,3,0
eclipse.pde.ui-20120217-1437,org.eclipse.pde.internal.ui.editor.plugin,ExtensionElementDetails,updateRows,18,5,0
eclipse.pde.ui-20120217-1437,org.eclipse.pde.internal.ui.editor.plugin,ExtensionElementDetails,reflow,10,3,0
eclipse.pde.ui-20120217-1437,org.eclipse.pde.internal.ui.editor.plugin,ExtensionElementDetails,hasAttribute,7,3,1
eclipse.pde.ui-20120217-1437,org.eclipse.pde.internal.ui.editor.plugin,ExtensionElementDetails,updateDescription,15,3,0
eclipse.pde.ui-20120217-1437,org.eclipse.pde.internal.ui.editor.plugin,ExtensionElementDetails,commit,7,2,1
eclipse.pde.ui-20120217-1437,org.eclipse.pde.internal.ui.editor.plugin,ExtensionElementDetails,setFocus,3,2,0
eclipse.pde.ui-20120217-1437,org.eclipse.pde.internal.ui.editor.plugin,ExtensionElementDetails,dispose,9,3,0
eclipse.pde.ui-20120217-1437,org.eclipse.pde.internal.ui.editor.plugin,ExtensionElementDetails,refresh,4,1,0
eclipse.pde.ui-20120217-1437,org.eclipse.pde.internal.ui.editor.plugin,ExtensionHyperLink,ExtensionHyperLink,3,1,2
eclipse.pde.ui-20120217-1437,org.eclipse.pde.internal.ui.editor.plugin,ExtensionHyperLink,open,3,1,0
eclipse.pde.ui-20120217-1437,org.eclipse.pde.internal.ui.editor.plugin,ExtensionPointDetails,ExtensionPointDetails,2,1,0
eclipse.pde.ui-20120217-1437,org.eclipse.pde.internal.ui.editor.plugin,ExtensionPointDetails,getContextId,3,1,0
eclipse.pde.ui-20120217-1437,org.eclipse.pde.internal.ui.editor.plugin,ExtensionPointDetails,fireSaveNeeded,4,1,0
eclipse.pde.ui-20120217-1437,org.eclipse.pde.internal.ui.editor.plugin,ExtensionPointDetails,getPage,3,1,0
eclipse.pde.ui-20120217-1437,org.eclipse.pde.internal.ui.editor.plugin,ExtensionPointDetails,isEditable,3,1,0
eclipse.pde.ui-20120217-1437,org.eclipse.pde.internal.ui.editor.plugin,ExtensionPointDetails,createContents,190,23,1
eclipse.pde.ui-20120217-1437,org.eclipse.pde.internal.ui.editor.plugin,ExtensionPointDetails,textValueChanged,10,2,1
eclipse.pde.ui-20120217-1437,org.eclipse.pde.internal.ui.editor.plugin,ExtensionPointDetails,textValueChanged,8,2,1
eclipse.pde.ui-20120217-1437,org.eclipse.pde.internal.ui.editor.plugin,ExtensionPointDetails,textValueChanged,11,2,1
eclipse.pde.ui-20120217-1437,org.eclipse.pde.internal.ui.editor.plugin,ExtensionPointDetails,linkActivated,10,3,1
eclipse.pde.ui-20120217-1437,org.eclipse.pde.internal.ui.editor.plugin,ExtensionPointDetails,browseButtonSelected,57,10,1
eclipse.pde.ui-20120217-1437,org.eclipse.pde.internal.ui.editor.plugin,ExtensionPointDetails,select,18,5,3
eclipse.pde.ui-20120217-1437,org.eclipse.pde.internal.ui.editor.plugin,ExtensionPointDetails,validate,9,3,1
eclipse.pde.ui-20120217-1437,org.eclipse.pde.internal.ui.editor.plugin,ExtensionPointDetails,linkActivated,49,9,1
eclipse.pde.ui-20120217-1437,org.eclipse.pde.internal.ui.editor.plugin,ExtensionPointDetails,dispose,5,2,0
eclipse.pde.ui-20120217-1437,org.eclipse.pde.internal.ui.editor.plugin,ExtensionPointDetails,modelChanged,6,3,1
eclipse.pde.ui-20120217-1437,org.eclipse.pde.internal.ui.editor.plugin,ExtensionPointDetails,update,6,1,0
eclipse.pde.ui-20120217-1437,org.eclipse.pde.internal.ui.editor.plugin,ExtensionPointDetails,cancelEdit,7,1,0
eclipse.pde.ui-20120217-1437,org.eclipse.pde.internal.ui.editor.plugin,ExtensionPointDetails,updateRichText,8,3,0
eclipse.pde.ui-20120217-1437,org.eclipse.pde.internal.ui.editor.plugin,ExtensionPointDetails,openSchemaFile,16,1,1
eclipse.pde.ui-20120217-1437,org.eclipse.pde.internal.ui.editor.plugin,ExtensionPointDetails,run,9,1,0
eclipse.pde.ui-20120217-1437,org.eclipse.pde.internal.ui.editor.plugin,ExtensionPointDetails,generateSchema,13,2,0
eclipse.pde.ui-20120217-1437,org.eclipse.pde.internal.ui.editor.plugin,ExtensionPointDetails,run,7,2,0
eclipse.pde.ui-20120217-1437,org.eclipse.pde.internal.ui.editor.plugin,ExtensionPointDetails,selectionChanged,8,2,2
eclipse.pde.ui-20120217-1437,org.eclipse.pde.internal.ui.editor.plugin,ExtensionPointDetails,commit,6,1,1
eclipse.pde.ui-20120217-1437,org.eclipse.pde.internal.ui.editor.plugin,ExtensionPointDetails,setFocus,3,1,0
eclipse.pde.ui-20120217-1437,org.eclipse.pde.internal.ui.editor.plugin,ExtensionPointDetails,refresh,4,1,0
eclipse.pde.ui-20120217-1437,org.eclipse.pde.internal.ui.editor.plugin,ExtensionPointsPage,ExtensionPointsBlock,3,1,0
eclipse.pde.ui-20120217-1437,org.eclipse.pde.internal.ui.editor.plugin,ExtensionPointsPage,createMasterSection,4,1,2
eclipse.pde.ui-20120217-1437,org.eclipse.pde.internal.ui.editor.plugin,ExtensionPointsPage,registerPages,13,3,1
eclipse.pde.ui-20120217-1437,org.eclipse.pde.internal.ui.editor.plugin,ExtensionPointsPage,getPageKey,4,2,1
eclipse.pde.ui-20120217-1437,org.eclipse.pde.internal.ui.editor.plugin,ExtensionPointsPage,getPage,4,2,1
eclipse.pde.ui-20120217-1437,org.eclipse.pde.internal.ui.editor.plugin,ExtensionPointsPage,ExtensionPointsPage,4,1,1
eclipse.pde.ui-20120217-1437,org.eclipse.pde.internal.ui.editor.plugin,ExtensionPointsPage,getHelpResource,3,1,0
eclipse.pde.ui-20120217-1437,org.eclipse.pde.internal.ui.editor.plugin,ExtensionPointsPage,createFormContent,9,1,1
eclipse.pde.ui-20120217-1437,org.eclipse.pde.internal.ui.editor.plugin,ExtensionPointsPage,updateFormSelection,15,7,0
eclipse.pde.ui-20120217-1437,org.eclipse.pde.internal.ui.editor.plugin,ExtensionPointsBlock,ExtensionPointsBlock,3,1,0
eclipse.pde.ui-20120217-1437,org.eclipse.pde.internal.ui.editor.plugin,ExtensionPointsBlock,createMasterSection,4,1,2
eclipse.pde.ui-20120217-1437,org.eclipse.pde.internal.ui.editor.plugin,ExtensionPointsBlock,registerPages,13,3,1
eclipse.pde.ui-20120217-1437,org.eclipse.pde.internal.ui.editor.plugin,ExtensionPointsBlock,getPageKey,4,2,1
eclipse.pde.ui-20120217-1437,org.eclipse.pde.internal.ui.editor.plugin,ExtensionPointsBlock,getPage,4,2,1
eclipse.pde.ui-20120217-1437,org.eclipse.pde.internal.ui.editor.plugin,ExtensionPointsSection,getElements,6,2,1
eclipse.pde.ui-20120217-1437,org.eclipse.pde.internal.ui.editor.plugin,ExtensionPointsSection,ExtensionPointsSection,7,1,2
eclipse.pde.ui-20120217-1437,org.eclipse.pde.internal.ui.editor.plugin,ExtensionPointsSection,createClient,15,2,2
eclipse.pde.ui-20120217-1437,org.eclipse.pde.internal.ui.editor.plugin,ExtensionPointsSection,selectFirstExtensionPoint,8,2,0
eclipse.pde.ui-20120217-1437,org.eclipse.pde.internal.ui.editor.plugin,ExtensionPointsSection,fireSelection,3,1,0
eclipse.pde.ui-20120217-1437,org.eclipse.pde.internal.ui.editor.plugin,ExtensionPointsSection,dispose,5,2,0
eclipse.pde.ui-20120217-1437,org.eclipse.pde.internal.ui.editor.plugin,ExtensionPointsSection,doGlobalAction,18,5,1
eclipse.pde.ui-20120217-1437,org.eclipse.pde.internal.ui.editor.plugin,ExtensionPointsSection,refresh,5,1,0
eclipse.pde.ui-20120217-1437,org.eclipse.pde.internal.ui.editor.plugin,ExtensionPointsSection,setFormInput,7,2,1
eclipse.pde.ui-20120217-1437,org.eclipse.pde.internal.ui.editor.plugin,ExtensionPointsSection,selectionChanged,4,1,1
eclipse.pde.ui-20120217-1437,org.eclipse.pde.internal.ui.editor.plugin,ExtensionPointsSection,modelChanged,20,5,1
eclipse.pde.ui-20120217-1437,org.eclipse.pde.internal.ui.editor.plugin,ExtensionPointsSection,fillContextMenu,37,3,1
eclipse.pde.ui-20120217-1437,org.eclipse.pde.internal.ui.editor.plugin,ExtensionPointsSection,run,3,1,0
eclipse.pde.ui-20120217-1437,org.eclipse.pde.internal.ui.editor.plugin,ExtensionPointsSection,run,3,1,0
eclipse.pde.ui-20120217-1437,org.eclipse.pde.internal.ui.editor.plugin,ExtensionPointsSection,buttonSelected,4,3,1
eclipse.pde.ui-20120217-1437,org.eclipse.pde.internal.ui.editor.plugin,ExtensionPointsSection,handleDoubleClick,12,2,1
eclipse.pde.ui-20120217-1437,org.eclipse.pde.internal.ui.editor.plugin,ExtensionPointsSection,handleDelete,27,8,0
eclipse.pde.ui-20120217-1437,org.eclipse.pde.internal.ui.editor.plugin,ExtensionPointsSection,handleNew,14,1,0
eclipse.pde.ui-20120217-1437,org.eclipse.pde.internal.ui.editor.plugin,ExtensionPointsSection,run,7,1,0
eclipse.pde.ui-20120217-1437,org.eclipse.pde.internal.ui.editor.plugin,ExtensionPointsSection,getPluginModelBase,11,3,0
eclipse.pde.ui-20120217-1437,org.eclipse.pde.internal.ui.editor.plugin,ExtensionPointsSection,doPaste,21,4,2
eclipse.pde.ui-20120217-1437,org.eclipse.pde.internal.ui.editor.plugin,ExtensionPointsSection,canPaste,8,3,2
eclipse.pde.ui-20120217-1437,org.eclipse.pde.internal.ui.editor.plugin,ExtensionPointsSection,selectExtensionPoint,3,1,1
eclipse.pde.ui-20120217-1437,org.eclipse.pde.internal.ui.editor.plugin,TableContentProvider,getElements,6,2,1
eclipse.pde.ui-20120217-1437,org.eclipse.pde.internal.ui.editor.plugin,ExtensionsPage,ExtensionsBlock,3,1,0
eclipse.pde.ui-20120217-1437,org.eclipse.pde.internal.ui.editor.plugin,ExtensionsPage,createMasterSection,4,1,2
eclipse.pde.ui-20120217-1437,org.eclipse.pde.internal.ui.editor.plugin,ExtensionsPage,registerPages,7,1,1
eclipse.pde.ui-20120217-1437,org.eclipse.pde.internal.ui.editor.plugin,ExtensionsPage,getPageKey,22,6,1
eclipse.pde.ui-20120217-1437,org.eclipse.pde.internal.ui.editor.plugin,ExtensionsPage,getPage,5,3,1
eclipse.pde.ui-20120217-1437,org.eclipse.pde.internal.ui.editor.plugin,ExtensionsPage,ExtensionsPage,4,1,1
eclipse.pde.ui-20120217-1437,org.eclipse.pde.internal.ui.editor.plugin,ExtensionsPage,getHelpResource,3,1,0
eclipse.pde.ui-20120217-1437,org.eclipse.pde.internal.ui.editor.plugin,ExtensionsPage,createFormContent,9,1,1
eclipse.pde.ui-20120217-1437,org.eclipse.pde.internal.ui.editor.plugin,ExtensionsPage,updateFormSelection,18,8,0
eclipse.pde.ui-20120217-1437,org.eclipse.pde.internal.ui.editor.plugin,ExtensionsBlock,ExtensionsBlock,3,1,0
eclipse.pde.ui-20120217-1437,org.eclipse.pde.internal.ui.editor.plugin,ExtensionsBlock,createMasterSection,4,1,2
eclipse.pde.ui-20120217-1437,org.eclipse.pde.internal.ui.editor.plugin,ExtensionsBlock,registerPages,7,1,1
eclipse.pde.ui-20120217-1437,org.eclipse.pde.internal.ui.editor.plugin,ExtensionsBlock,getPageKey,22,6,1
eclipse.pde.ui-20120217-1437,org.eclipse.pde.internal.ui.editor.plugin,ExtensionsBlock,getPage,5,3,1
eclipse.pde.ui-20120217-1437,org.eclipse.pde.internal.ui.editor.plugin,ExtensionsSection,getChildren,12,5,1
eclipse.pde.ui-20120217-1437,org.eclipse.pde.internal.ui.editor.plugin,ExtensionsSection,hasChildren,3,1,1
eclipse.pde.ui-20120217-1437,org.eclipse.pde.internal.ui.editor.plugin,ExtensionsSection,getParent,7,3,1
eclipse.pde.ui-20120217-1437,org.eclipse.pde.internal.ui.editor.plugin,ExtensionsSection,getElements,3,1,1
eclipse.pde.ui-20120217-1437,org.eclipse.pde.internal.ui.editor.plugin,ExtensionsSection,getText,3,1,1
eclipse.pde.ui-20120217-1437,org.eclipse.pde.internal.ui.editor.plugin,ExtensionsSection,getImage,3,1,1
eclipse.pde.ui-20120217-1437,org.eclipse.pde.internal.ui.editor.plugin,ExtensionsSection,ExtensionsSection,4,1,2
eclipse.pde.ui-20120217-1437,org.eclipse.pde.internal.ui.editor.plugin,ExtensionsSection,addItemsForExtensionWithSchema,28,6,3
eclipse.pde.ui-20120217-1437,org.eclipse.pde.internal.ui.editor.plugin,ExtensionsSection,getSchema,11,3,1
eclipse.pde.ui-20120217-1437,org.eclipse.pde.internal.ui.editor.plugin,ExtensionsSection,getSchema,5,1,1
eclipse.pde.ui-20120217-1437,org.eclipse.pde.internal.ui.editor.plugin,ExtensionsSection,getSchemaElement,7,2,1
eclipse.pde.ui-20120217-1437,org.eclipse.pde.internal.ui.editor.plugin,ExtensionsSection,getSchema,10,3,1
eclipse.pde.ui-20120217-1437,org.eclipse.pde.internal.ui.editor.plugin,ExtensionsSection,createClient,27,2,2
eclipse.pde.ui-20120217-1437,org.eclipse.pde.internal.ui.editor.plugin,ExtensionsSection,modifyText,5,1,1
eclipse.pde.ui-20120217-1437,org.eclipse.pde.internal.ui.editor.plugin,ExtensionsSection,createSectionToolbar,20,2,2
eclipse.pde.ui-20120217-1437,org.eclipse.pde.internal.ui.editor.plugin,ExtensionsSection,widgetDisposed,5,2,1
eclipse.pde.ui-20120217-1437,org.eclipse.pde.internal.ui.editor.plugin,ExtensionsSection,selectionChanged,5,1,1
eclipse.pde.ui-20120217-1437,org.eclipse.pde.internal.ui.editor.plugin,ExtensionsSection,buttonSelected,19,6,1
eclipse.pde.ui-20120217-1437,org.eclipse.pde.internal.ui.editor.plugin,ExtensionsSection,dispose,9,3,0
eclipse.pde.ui-20120217-1437,org.eclipse.pde.internal.ui.editor.plugin,ExtensionsSection,doGlobalAction,26,8,1
eclipse.pde.ui-20120217-1437,org.eclipse.pde.internal.ui.editor.plugin,ExtensionsSection,setFormInput,7,2,1
eclipse.pde.ui-20120217-1437,org.eclipse.pde.internal.ui.editor.plugin,ExtensionsSection,fillContextMenu,38,7,1
eclipse.pde.ui-20120217-1437,org.eclipse.pde.internal.ui.editor.plugin,ExtensionsSection,run,3,1,0
eclipse.pde.ui-20120217-1437,org.eclipse.pde.internal.ui.editor.plugin,ExtensionsSection,fillContextMenu,3,1,3
eclipse.pde.ui-20120217-1437,org.eclipse.pde.internal.ui.editor.plugin,ExtensionsSection,fillContextMenu,3,1,4
eclipse.pde.ui-20120217-1437,org.eclipse.pde.internal.ui.editor.plugin,ExtensionsSection,fillContextMenu,44,6,5
eclipse.pde.ui-20120217-1437,org.eclipse.pde.internal.ui.editor.plugin,ExtensionsSection,run,15,2,0
eclipse.pde.ui-20120217-1437,org.eclipse.pde.internal.ui.editor.plugin,ExtensionsSection,getExtension,6,2,1
eclipse.pde.ui-20120217-1437,org.eclipse.pde.internal.ui.editor.plugin,ExtensionsSection,handleDelete,49,12,0
eclipse.pde.ui-20120217-1437,org.eclipse.pde.internal.ui.editor.plugin,ExtensionsSection,handleNew,19,1,0
eclipse.pde.ui-20120217-1437,org.eclipse.pde.internal.ui.editor.plugin,ExtensionsSection,run,13,1,0
eclipse.pde.ui-20120217-1437,org.eclipse.pde.internal.ui.editor.plugin,ExtensionsSection,performFinish,3,1,0
eclipse.pde.ui-20120217-1437,org.eclipse.pde.internal.ui.editor.plugin,ExtensionsSection,handleEdit,20,1,2
eclipse.pde.ui-20120217-1437,org.eclipse.pde.internal.ui.editor.plugin,ExtensionsSection,run,6,1,0
eclipse.pde.ui-20120217-1437,org.eclipse.pde.internal.ui.editor.plugin,ExtensionsSection,handleEdit,22,3,0
eclipse.pde.ui-20120217-1437,org.eclipse.pde.internal.ui.editor.plugin,ExtensionsSection,run,6,1,0
eclipse.pde.ui-20120217-1437,org.eclipse.pde.internal.ui.editor.plugin,ExtensionsSection,handleSelectAll,3,1,0
eclipse.pde.ui-20120217-1437,org.eclipse.pde.internal.ui.editor.plugin,ExtensionsSection,getEditorWizards,21,8,1
eclipse.pde.ui-20120217-1437,org.eclipse.pde.internal.ui.editor.plugin,ExtensionsSection,loadExtensionWizards,17,5,0
eclipse.pde.ui-20120217-1437,org.eclipse.pde.internal.ui.editor.plugin,ExtensionsSection,isSelectionEditable,4,2,1
eclipse.pde.ui-20120217-1437,org.eclipse.pde.internal.ui.editor.plugin,ExtensionsSection,initialize,12,1,1
eclipse.pde.ui-20120217-1437,org.eclipse.pde.internal.ui.editor.plugin,ExtensionsSection,selectFirstExtension,8,2,0
eclipse.pde.ui-20120217-1437,org.eclipse.pde.internal.ui.editor.plugin,ExtensionsSection,fireSelection,3,1,0
eclipse.pde.ui-20120217-1437,org.eclipse.pde.internal.ui.editor.plugin,ExtensionsSection,initializeImages,5,1,0
eclipse.pde.ui-20120217-1437,org.eclipse.pde.internal.ui.editor.plugin,ExtensionsSection,refresh,11,1,0
eclipse.pde.ui-20120217-1437,org.eclipse.pde.internal.ui.editor.plugin,ExtensionsSection,modelChanged,54,13,1
eclipse.pde.ui-20120217-1437,org.eclipse.pde.internal.ui.editor.plugin,ExtensionsSection,resolveObjectImage,12,4,1
eclipse.pde.ui-20120217-1437,org.eclipse.pde.internal.ui.editor.plugin,ExtensionsSection,isStorageModel,4,1,1
eclipse.pde.ui-20120217-1437,org.eclipse.pde.internal.ui.editor.plugin,ExtensionsSection,getCustomImage,25,8,1
eclipse.pde.ui-20120217-1437,org.eclipse.pde.internal.ui.editor.plugin,ExtensionsSection,getImageFromPlugin,6,3,2
eclipse.pde.ui-20120217-1437,org.eclipse.pde.internal.ui.editor.plugin,ExtensionsSection,resolveObjectName,3,1,1
eclipse.pde.ui-20120217-1437,org.eclipse.pde.internal.ui.editor.plugin,ExtensionsSection,getSchemaRegistry,4,2,0
eclipse.pde.ui-20120217-1437,org.eclipse.pde.internal.ui.editor.plugin,ExtensionsSection,resolveObjectName,41,16,2
eclipse.pde.ui-20120217-1437,org.eclipse.pde.internal.ui.editor.plugin,ExtensionsSection,setFocus,3,2,0
eclipse.pde.ui-20120217-1437,org.eclipse.pde.internal.ui.editor.plugin,ExtensionsSection,stripShortcuts,10,4,1
eclipse.pde.ui-20120217-1437,org.eclipse.pde.internal.ui.editor.plugin,ExtensionsSection,canPaste,47,12,2
eclipse.pde.ui-20120217-1437,org.eclipse.pde.internal.ui.editor.plugin,ExtensionsSection,canPasteSourceElements,14,4,2
eclipse.pde.ui-20120217-1437,org.eclipse.pde.internal.ui.editor.plugin,ExtensionsSection,canPasteSourceElement,13,3,2
eclipse.pde.ui-20120217-1437,org.eclipse.pde.internal.ui.editor.plugin,ExtensionsSection,getPluginModelBase,11,3,0
eclipse.pde.ui-20120217-1437,org.eclipse.pde.internal.ui.editor.plugin,ExtensionsSection,doPaste,26,5,2
eclipse.pde.ui-20120217-1437,org.eclipse.pde.internal.ui.editor.plugin,ExtensionsSection,handleMove,31,3,1
eclipse.pde.ui-20120217-1437,org.eclipse.pde.internal.ui.editor.plugin,ExtensionsSection,updateButtons,48,13,1
eclipse.pde.ui-20120217-1437,org.eclipse.pde.internal.ui.editor.plugin,ExtensionsSection,createTreeViewer,5,1,2
eclipse.pde.ui-20120217-1437,org.eclipse.pde.internal.ui.editor.plugin,ExtensionsSection,propertyChange,7,2,1
eclipse.pde.ui-20120217-1437,org.eclipse.pde.internal.ui.editor.plugin,ExtensionsSection,selectExtensionElement,3,1,1
eclipse.pde.ui-20120217-1437,org.eclipse.pde.internal.ui.editor.plugin,ExtensionsSection,isDragAndDropEnabled,3,1,0
eclipse.pde.ui-20120217-1437,org.eclipse.pde.internal.ui.editor.plugin,ExtensionsSection,canDragMove,12,4,1
eclipse.pde.ui-20120217-1437,org.eclipse.pde.internal.ui.editor.plugin,ExtensionsSection,validateDropMoveSanity,12,4,2
eclipse.pde.ui-20120217-1437,org.eclipse.pde.internal.ui.editor.plugin,ExtensionsSection,validateDragMoveSanity,15,5,1
eclipse.pde.ui-20120217-1437,org.eclipse.pde.internal.ui.editor.plugin,ExtensionsSection,validateDropMoveModel,8,2,2
eclipse.pde.ui-20120217-1437,org.eclipse.pde.internal.ui.editor.plugin,ExtensionsSection,canDropMove,32,9,3
eclipse.pde.ui-20120217-1437,org.eclipse.pde.internal.ui.editor.plugin,ExtensionsSection,canDropMove,39,11,3
eclipse.pde.ui-20120217-1437,org.eclipse.pde.internal.ui.editor.plugin,ExtensionsSection,validateDropMoveParent,15,5,2
eclipse.pde.ui-20120217-1437,org.eclipse.pde.internal.ui.editor.plugin,ExtensionsSection,canDropMove,20,6,3
eclipse.pde.ui-20120217-1437,org.eclipse.pde.internal.ui.editor.plugin,ExtensionsSection,validateDropMoveSchema,28,7,2
eclipse.pde.ui-20120217-1437,org.eclipse.pde.internal.ui.editor.plugin,ExtensionsSection,canDropMove,20,6,3
eclipse.pde.ui-20120217-1437,org.eclipse.pde.internal.ui.editor.plugin,ExtensionsSection,doDragRemove,26,6,1
eclipse.pde.ui-20120217-1437,org.eclipse.pde.internal.ui.editor.plugin,ExtensionsSection,doDropMove,34,8,3
eclipse.pde.ui-20120217-1437,org.eclipse.pde.internal.ui.editor.plugin,ExtensionsSection,doDropMove,34,9,3
eclipse.pde.ui-20120217-1437,org.eclipse.pde.internal.ui.editor.plugin,ExtensionsSection,doDropMove,16,5,3
eclipse.pde.ui-20120217-1437,org.eclipse.pde.internal.ui.editor.plugin,ExtensionsSection,doDropMove,44,11,3
eclipse.pde.ui-20120217-1437,org.eclipse.pde.internal.ui.editor.plugin,ExtensionsSection,isTreeViewerSorted,6,2,0
eclipse.pde.ui-20120217-1437,org.eclipse.pde.internal.ui.editor.plugin,ExtensionsSection,isSingleSelection,4,1,0
eclipse.pde.ui-20120217-1437,org.eclipse.pde.internal.ui.editor.plugin,ExtensionsSection,reportMissingExtensionPointSchemas,7,3,1
eclipse.pde.ui-20120217-1437,org.eclipse.pde.internal.ui.editor.plugin,ExtensionsSection,reportMissingExtensionPointSchema,3,1,1
eclipse.pde.ui-20120217-1437,org.eclipse.pde.internal.ui.editor.plugin,ExtensionContentProvider,getChildren,12,5,1
eclipse.pde.ui-20120217-1437,org.eclipse.pde.internal.ui.editor.plugin,ExtensionContentProvider,hasChildren,3,1,1
eclipse.pde.ui-20120217-1437,org.eclipse.pde.internal.ui.editor.plugin,ExtensionContentProvider,getParent,7,3,1
eclipse.pde.ui-20120217-1437,org.eclipse.pde.internal.ui.editor.plugin,ExtensionContentProvider,getElements,3,1,1
eclipse.pde.ui-20120217-1437,org.eclipse.pde.internal.ui.editor.plugin,ExtensionLabelProvider,getText,3,1,1
eclipse.pde.ui-20120217-1437,org.eclipse.pde.internal.ui.editor.plugin,ExtensionLabelProvider,getImage,3,1,1
eclipse.pde.ui-20120217-1437,org.eclipse.pde.internal.ui.editor.plugin,FormFilteredTree,FormFilteredTree,3,1,3
eclipse.pde.ui-20120217-1437,org.eclipse.pde.internal.ui.editor.plugin,FormFilteredTree,createControl,7,1,2
eclipse.pde.ui-20120217-1437,org.eclipse.pde.internal.ui.editor.plugin,FormFilteredTree,dispose,7,2,0
eclipse.pde.ui-20120217-1437,org.eclipse.pde.internal.ui.editor.plugin,FormFilteredTree,doCreateFilterText,11,1,1
eclipse.pde.ui-20120217-1437,org.eclipse.pde.internal.ui.editor.plugin,FormFilteredTree,doCreateTreeViewer,5,1,2
eclipse.pde.ui-20120217-1437,org.eclipse.pde.internal.ui.editor.plugin,FormFilteredTree,createUIListenerEntryFilter,19,1,1
eclipse.pde.ui-20120217-1437,org.eclipse.pde.internal.ui.editor.plugin,FormFilteredTree,browseButtonSelected,2,1,1
eclipse.pde.ui-20120217-1437,org.eclipse.pde.internal.ui.editor.plugin,FormFilteredTree,linkActivated,2,1,1
eclipse.pde.ui-20120217-1437,org.eclipse.pde.internal.ui.editor.plugin,FormFilteredTree,linkEntered,2,1,1
eclipse.pde.ui-20120217-1437,org.eclipse.pde.internal.ui.editor.plugin,FormFilteredTree,linkExited,2,1,1
eclipse.pde.ui-20120217-1437,org.eclipse.pde.internal.ui.editor.plugin,FormFilteredTree,selectionChanged,2,1,1
eclipse.pde.ui-20120217-1437,org.eclipse.pde.internal.ui.editor.plugin,FormFilteredTree,textDirty,2,1,1
eclipse.pde.ui-20120217-1437,org.eclipse.pde.internal.ui.editor.plugin,FormFilteredTree,textValueChanged,2,1,1
eclipse.pde.ui-20120217-1437,org.eclipse.pde.internal.ui.editor.plugin,FormFilteredTree,isFiltered,9,2,0
eclipse.pde.ui-20120217-1437,org.eclipse.pde.internal.ui.editor.plugin,FragmentGeneralInfoSection,FragmentGeneralInfoSection,3,1,2
eclipse.pde.ui-20120217-1437,org.eclipse.pde.internal.ui.editor.plugin,FragmentGeneralInfoSection,getSectionDescription,3,1,0
eclipse.pde.ui-20120217-1437,org.eclipse.pde.internal.ui.editor.plugin,FragmentGeneralInfoSection,createSpecificControls,6,2,3
eclipse.pde.ui-20120217-1437,org.eclipse.pde.internal.ui.editor.plugin,FragmentGeneralInfoSection,createPluginIdEntry,48,3,3
eclipse.pde.ui-20120217-1437,org.eclipse.pde.internal.ui.editor.plugin,FragmentGeneralInfoSection,textValueChanged,8,1,1
eclipse.pde.ui-20120217-1437,org.eclipse.pde.internal.ui.editor.plugin,FragmentGeneralInfoSection,linkActivated,7,2,1
eclipse.pde.ui-20120217-1437,org.eclipse.pde.internal.ui.editor.plugin,FragmentGeneralInfoSection,browseButtonSelected,3,1,1
eclipse.pde.ui-20120217-1437,org.eclipse.pde.internal.ui.editor.plugin,FragmentGeneralInfoSection,createFragmentPlugin,17,2,0
eclipse.pde.ui-20120217-1437,org.eclipse.pde.internal.ui.editor.plugin,FragmentGeneralInfoSection,validateControl,3,1,0
eclipse.pde.ui-20120217-1437,org.eclipse.pde.internal.ui.editor.plugin,FragmentGeneralInfoSection,validatePluginId,3,1,0
eclipse.pde.ui-20120217-1437,org.eclipse.pde.internal.ui.editor.plugin,FragmentGeneralInfoSection,handleOpenDialog,15,2,0
eclipse.pde.ui-20120217-1437,org.eclipse.pde.internal.ui.editor.plugin,FragmentGeneralInfoSection,createPluginVersionEntry,8,2,3
eclipse.pde.ui-20120217-1437,org.eclipse.pde.internal.ui.editor.plugin,FragmentGeneralInfoSection,createBundlePluginVersionEntry,59,1,3
eclipse.pde.ui-20120217-1437,org.eclipse.pde.internal.ui.editor.plugin,FragmentGeneralInfoSection,textValueChanged,8,1,1
eclipse.pde.ui-20120217-1437,org.eclipse.pde.internal.ui.editor.plugin,FragmentGeneralInfoSection,textDirty,4,1,1
eclipse.pde.ui-20120217-1437,org.eclipse.pde.internal.ui.editor.plugin,FragmentGeneralInfoSection,validateControl,3,1,0
eclipse.pde.ui-20120217-1437,org.eclipse.pde.internal.ui.editor.plugin,FragmentGeneralInfoSection,widgetSelected,8,1,1
eclipse.pde.ui-20120217-1437,org.eclipse.pde.internal.ui.editor.plugin,FragmentGeneralInfoSection,validateControl,3,1,0
eclipse.pde.ui-20120217-1437,org.eclipse.pde.internal.ui.editor.plugin,FragmentGeneralInfoSection,validatePluginMaxVersion,6,2,0
eclipse.pde.ui-20120217-1437,org.eclipse.pde.internal.ui.editor.plugin,FragmentGeneralInfoSection,validatePluginMinVersion,6,2,0
eclipse.pde.ui-20120217-1437,org.eclipse.pde.internal.ui.editor.plugin,FragmentGeneralInfoSection,createNonBundlePluginVersionEntry,15,1,3
eclipse.pde.ui-20120217-1437,org.eclipse.pde.internal.ui.editor.plugin,FragmentGeneralInfoSection,textValueChanged,8,1,1
eclipse.pde.ui-20120217-1437,org.eclipse.pde.internal.ui.editor.plugin,FragmentGeneralInfoSection,createMatchCombo,28,1,3
eclipse.pde.ui-20120217-1437,org.eclipse.pde.internal.ui.editor.plugin,FragmentGeneralInfoSection,widgetSelected,9,1,1
eclipse.pde.ui-20120217-1437,org.eclipse.pde.internal.ui.editor.plugin,FragmentGeneralInfoSection,commit,6,1,1
eclipse.pde.ui-20120217-1437,org.eclipse.pde.internal.ui.editor.plugin,FragmentGeneralInfoSection,cancelEdit,6,1,0
eclipse.pde.ui-20120217-1437,org.eclipse.pde.internal.ui.editor.plugin,FragmentGeneralInfoSection,refresh,13,3,0
eclipse.pde.ui-20120217-1437,org.eclipse.pde.internal.ui.editor.plugin,FragmentGeneralInfoSection,getAttribute,13,4,2
eclipse.pde.ui-20120217-1437,org.eclipse.pde.internal.ui.editor.plugin,FragmentGeneralInfoSection,setFieldsEnabled,7,1,0
eclipse.pde.ui-20120217-1437,org.eclipse.pde.internal.ui.editor.plugin,FragmentGeneralInfoSection,getVersion,15,6,0
eclipse.pde.ui-20120217-1437,org.eclipse.pde.internal.ui.editor.plugin,FragmentGeneralInfoSection,refreshVersion,21,4,0
eclipse.pde.ui-20120217-1437,org.eclipse.pde.internal.ui.editor.plugin,FragmentGeneralInfoSection,setVersionFields,6,1,4
eclipse.pde.ui-20120217-1437,org.eclipse.pde.internal.ui.editor.plugin,FragmentGeneralInfoSection,addListeners,7,3,0
eclipse.pde.ui-20120217-1437,org.eclipse.pde.internal.ui.editor.plugin,FragmentGeneralInfoSection,removeListeners,7,3,0
eclipse.pde.ui-20120217-1437,org.eclipse.pde.internal.ui.editor.plugin,GeneralInfoSection,GeneralInfoSection,4,1,2
eclipse.pde.ui-20120217-1437,org.eclipse.pde.internal.ui.editor.plugin,GeneralInfoSection,createClient,19,2,2
eclipse.pde.ui-20120217-1437,org.eclipse.pde.internal.ui.editor.plugin,GeneralInfoSection,getSectionDescription,0,1,0
eclipse.pde.ui-20120217-1437,org.eclipse.pde.internal.ui.editor.plugin,GeneralInfoSection,createSpecificControls,0,1,3
eclipse.pde.ui-20120217-1437,org.eclipse.pde.internal.ui.editor.plugin,GeneralInfoSection,getPluginBase,4,1,0
eclipse.pde.ui-20120217-1437,org.eclipse.pde.internal.ui.editor.plugin,GeneralInfoSection,getModelBase,6,2,0
eclipse.pde.ui-20120217-1437,org.eclipse.pde.internal.ui.editor.plugin,GeneralInfoSection,isBundle,3,1,0
eclipse.pde.ui-20120217-1437,org.eclipse.pde.internal.ui.editor.plugin,GeneralInfoSection,getBundleContext,4,1,0
eclipse.pde.ui-20120217-1437,org.eclipse.pde.internal.ui.editor.plugin,GeneralInfoSection,getBundle,8,2,0
eclipse.pde.ui-20120217-1437,org.eclipse.pde.internal.ui.editor.plugin,GeneralInfoSection,createIDEntry,21,1,3
eclipse.pde.ui-20120217-1437,org.eclipse.pde.internal.ui.editor.plugin,GeneralInfoSection,textValueChanged,8,1,1
eclipse.pde.ui-20120217-1437,org.eclipse.pde.internal.ui.editor.plugin,GeneralInfoSection,validateControl,3,1,0
eclipse.pde.ui-20120217-1437,org.eclipse.pde.internal.ui.editor.plugin,GeneralInfoSection,validateIdEntry,3,1,0
eclipse.pde.ui-20120217-1437,org.eclipse.pde.internal.ui.editor.plugin,GeneralInfoSection,createVersionEntry,21,1,3
eclipse.pde.ui-20120217-1437,org.eclipse.pde.internal.ui.editor.plugin,GeneralInfoSection,textValueChanged,8,1,1
eclipse.pde.ui-20120217-1437,org.eclipse.pde.internal.ui.editor.plugin,GeneralInfoSection,validateControl,3,1,0
eclipse.pde.ui-20120217-1437,org.eclipse.pde.internal.ui.editor.plugin,GeneralInfoSection,validateVersionEntry,6,2,0
eclipse.pde.ui-20120217-1437,org.eclipse.pde.internal.ui.editor.plugin,GeneralInfoSection,createNameEntry,21,1,3
eclipse.pde.ui-20120217-1437,org.eclipse.pde.internal.ui.editor.plugin,GeneralInfoSection,textValueChanged,8,1,1
eclipse.pde.ui-20120217-1437,org.eclipse.pde.internal.ui.editor.plugin,GeneralInfoSection,validateControl,3,1,0
eclipse.pde.ui-20120217-1437,org.eclipse.pde.internal.ui.editor.plugin,GeneralInfoSection,validateNameEntry,3,1,0
eclipse.pde.ui-20120217-1437,org.eclipse.pde.internal.ui.editor.plugin,GeneralInfoSection,createProviderEntry,21,1,3
eclipse.pde.ui-20120217-1437,org.eclipse.pde.internal.ui.editor.plugin,GeneralInfoSection,textValueChanged,8,1,1
eclipse.pde.ui-20120217-1437,org.eclipse.pde.internal.ui.editor.plugin,GeneralInfoSection,validateControl,3,1,0
eclipse.pde.ui-20120217-1437,org.eclipse.pde.internal.ui.editor.plugin,GeneralInfoSection,validateProviderEntry,6,2,0
eclipse.pde.ui-20120217-1437,org.eclipse.pde.internal.ui.editor.plugin,GeneralInfoSection,createPlatformFilterEntry,16,1,3
eclipse.pde.ui-20120217-1437,org.eclipse.pde.internal.ui.editor.plugin,GeneralInfoSection,textValueChanged,3,1,1
eclipse.pde.ui-20120217-1437,org.eclipse.pde.internal.ui.editor.plugin,GeneralInfoSection,validateControl,3,1,0
eclipse.pde.ui-20120217-1437,org.eclipse.pde.internal.ui.editor.plugin,GeneralInfoSection,validatePlatformEntry,6,2,0
eclipse.pde.ui-20120217-1437,org.eclipse.pde.internal.ui.editor.plugin,GeneralInfoSection,commit,8,2,1
eclipse.pde.ui-20120217-1437,org.eclipse.pde.internal.ui.editor.plugin,GeneralInfoSection,modelChanged,14,5,1
eclipse.pde.ui-20120217-1437,org.eclipse.pde.internal.ui.editor.plugin,GeneralInfoSection,refresh,18,4,0
eclipse.pde.ui-20120217-1437,org.eclipse.pde.internal.ui.editor.plugin,GeneralInfoSection,cancelEdit,8,2,0
eclipse.pde.ui-20120217-1437,org.eclipse.pde.internal.ui.editor.plugin,GeneralInfoSection,dispose,4,1,0
eclipse.pde.ui-20120217-1437,org.eclipse.pde.internal.ui.editor.plugin,GeneralInfoSection,removeListeners,4,2,0
eclipse.pde.ui-20120217-1437,org.eclipse.pde.internal.ui.editor.plugin,GeneralInfoSection,addListeners,4,2,0
eclipse.pde.ui-20120217-1437,org.eclipse.pde.internal.ui.editor.plugin,GeneralInfoSection,canPaste,4,1,1
eclipse.pde.ui-20120217-1437,org.eclipse.pde.internal.ui.editor.plugin,GeneralInfoSection,getSingletonHeader,8,2,0
eclipse.pde.ui-20120217-1437,org.eclipse.pde.internal.ui.editor.plugin,GeneralInfoSection,createSingleton,14,2,4
eclipse.pde.ui-20120217-1437,org.eclipse.pde.internal.ui.editor.plugin,GeneralInfoSection,widgetSelected,4,2,1
eclipse.pde.ui-20120217-1437,org.eclipse.pde.internal.ui.editor.plugin,ImportPackageSection,ImportItemWrapper,3,1,1
eclipse.pde.ui-20120217-1437,org.eclipse.pde.internal.ui.editor.plugin,ImportPackageSection,toString,3,1,0
eclipse.pde.ui-20120217-1437,org.eclipse.pde.internal.ui.editor.plugin,ImportPackageSection,equals,7,2,1
eclipse.pde.ui-20120217-1437,org.eclipse.pde.internal.ui.editor.plugin,ImportPackageSection,getName,6,4,0
eclipse.pde.ui-20120217-1437,org.eclipse.pde.internal.ui.editor.plugin,ImportPackageSection,getVersion,8,4,0
eclipse.pde.ui-20120217-1437,org.eclipse.pde.internal.ui.editor.plugin,ImportPackageSection,hasVersion,3,1,0
eclipse.pde.ui-20120217-1437,org.eclipse.pde.internal.ui.editor.plugin,ImportPackageSection,hasEPD,3,1,0
eclipse.pde.ui-20120217-1437,org.eclipse.pde.internal.ui.editor.plugin,ImportPackageSection,getElements,7,2,1
eclipse.pde.ui-20120217-1437,org.eclipse.pde.internal.ui.editor.plugin,ImportPackageSection,getImage,3,1,1
eclipse.pde.ui-20120217-1437,org.eclipse.pde.internal.ui.editor.plugin,ImportPackageSection,getText,11,2,1
eclipse.pde.ui-20120217-1437,org.eclipse.pde.internal.ui.editor.plugin,ImportPackageSection,ImportPackageSection,3,1,2
eclipse.pde.ui-20120217-1437,org.eclipse.pde.internal.ui.editor.plugin,ImportPackageSection,isFragment,4,1,0
eclipse.pde.ui-20120217-1437,org.eclipse.pde.internal.ui.editor.plugin,ImportPackageSection,createClient,39,6,2
eclipse.pde.ui-20120217-1437,org.eclipse.pde.internal.ui.editor.plugin,ImportPackageSection,getObjectImage,7,3,1
eclipse.pde.ui-20120217-1437,org.eclipse.pde.internal.ui.editor.plugin,ImportPackageSection,compare,7,3,3
eclipse.pde.ui-20120217-1437,org.eclipse.pde.internal.ui.editor.plugin,ImportPackageSection,doGlobalAction,18,5,1
eclipse.pde.ui-20120217-1437,org.eclipse.pde.internal.ui.editor.plugin,ImportPackageSection,canPaste,15,5,2
eclipse.pde.ui-20120217-1437,org.eclipse.pde.internal.ui.editor.plugin,ImportPackageSection,dispose,5,2,0
eclipse.pde.ui-20120217-1437,org.eclipse.pde.internal.ui.editor.plugin,ImportPackageSection,doPaste,18,5,2
eclipse.pde.ui-20120217-1437,org.eclipse.pde.internal.ui.editor.plugin,ImportPackageSection,getImportedPackageHeader,3,1,0
eclipse.pde.ui-20120217-1437,org.eclipse.pde.internal.ui.editor.plugin,ImportPackageSection,selectionChanged,4,1,1
eclipse.pde.ui-20120217-1437,org.eclipse.pde.internal.ui.editor.plugin,ImportPackageSection,updateButtons,8,1,0
eclipse.pde.ui-20120217-1437,org.eclipse.pde.internal.ui.editor.plugin,ImportPackageSection,handleDoubleClick,3,1,1
eclipse.pde.ui-20120217-1437,org.eclipse.pde.internal.ui.editor.plugin,ImportPackageSection,buttonSelected,12,4,1
eclipse.pde.ui-20120217-1437,org.eclipse.pde.internal.ui.editor.plugin,ImportPackageSection,getPackageFragment,10,4,1
eclipse.pde.ui-20120217-1437,org.eclipse.pde.internal.ui.editor.plugin,ImportPackageSection,handleGoToPackage,10,2,1
eclipse.pde.ui-20120217-1437,org.eclipse.pde.internal.ui.editor.plugin,ImportPackageSection,handleOpenProperties,19,6,0
eclipse.pde.ui-20120217-1437,org.eclipse.pde.internal.ui.editor.plugin,ImportPackageSection,handleRemove,6,2,0
eclipse.pde.ui-20120217-1437,org.eclipse.pde.internal.ui.editor.plugin,ImportPackageSection,handleAdd,39,9,0
eclipse.pde.ui-20120217-1437,org.eclipse.pde.internal.ui.editor.plugin,ImportPackageSection,run,9,1,0
eclipse.pde.ui-20120217-1437,org.eclipse.pde.internal.ui.editor.plugin,ImportPackageSection,getValue,17,5,1
eclipse.pde.ui-20120217-1437,org.eclipse.pde.internal.ui.editor.plugin,ImportPackageSection,setElements,63,20,1
eclipse.pde.ui-20120217-1437,org.eclipse.pde.internal.ui.editor.plugin,ImportPackageSection,isFragmentThatCannotExportPackages,18,6,1
eclipse.pde.ui-20120217-1437,org.eclipse.pde.internal.ui.editor.plugin,ImportPackageSection,modelChanged,46,8,1
eclipse.pde.ui-20120217-1437,org.eclipse.pde.internal.ui.editor.plugin,ImportPackageSection,runInUIThread,34,7,1
eclipse.pde.ui-20120217-1437,org.eclipse.pde.internal.ui.editor.plugin,ImportPackageSection,refresh,4,1,0
eclipse.pde.ui-20120217-1437,org.eclipse.pde.internal.ui.editor.plugin,ImportPackageSection,makeActions,28,1,0
eclipse.pde.ui-20120217-1437,org.eclipse.pde.internal.ui.editor.plugin,ImportPackageSection,run,3,1,0
eclipse.pde.ui-20120217-1437,org.eclipse.pde.internal.ui.editor.plugin,ImportPackageSection,run,3,1,0
eclipse.pde.ui-20120217-1437,org.eclipse.pde.internal.ui.editor.plugin,ImportPackageSection,run,3,1,0
eclipse.pde.ui-20120217-1437,org.eclipse.pde.internal.ui.editor.plugin,ImportPackageSection,run,3,1,0
eclipse.pde.ui-20120217-1437,org.eclipse.pde.internal.ui.editor.plugin,ImportPackageSection,fillContextMenu,25,6,1
eclipse.pde.ui-20120217-1437,org.eclipse.pde.internal.ui.editor.plugin,ImportPackageSection,run,3,1,0
eclipse.pde.ui-20120217-1437,org.eclipse.pde.internal.ui.editor.plugin,ImportPackageSection,doReferenceSearch,20,3,1
eclipse.pde.ui-20120217-1437,org.eclipse.pde.internal.ui.editor.plugin,ImportPackageSection,getSourceRoots,12,4,0
eclipse.pde.ui-20120217-1437,org.eclipse.pde.internal.ui.editor.plugin,ImportPackageSection,getBundleContext,4,1,0
eclipse.pde.ui-20120217-1437,org.eclipse.pde.internal.ui.editor.plugin,ImportPackageSection,getBundleModel,4,1,0
eclipse.pde.ui-20120217-1437,org.eclipse.pde.internal.ui.editor.plugin,ImportPackageSection,getLineDelimiter,7,2,0
eclipse.pde.ui-20120217-1437,org.eclipse.pde.internal.ui.editor.plugin,ImportPackageSection,getBundle,4,1,0
eclipse.pde.ui-20120217-1437,org.eclipse.pde.internal.ui.editor.plugin,ImportPackageSection,getVersionAttribute,3,1,0
eclipse.pde.ui-20120217-1437,org.eclipse.pde.internal.ui.editor.plugin,ImportPackageSection,getVersionAttribute,4,1,1
eclipse.pde.ui-20120217-1437,org.eclipse.pde.internal.ui.editor.plugin,ImportPackageSection,getForbiddenIds,12,3,0
eclipse.pde.ui-20120217-1437,org.eclipse.pde.internal.ui.editor.plugin,ImportPackageSection,addDependency,15,6,3
eclipse.pde.ui-20120217-1437,org.eclipse.pde.internal.ui.editor.plugin,ImportPackageSection,createCount,3,1,0
eclipse.pde.ui-20120217-1437,org.eclipse.pde.internal.ui.editor.plugin,ImportPackageSection,shouldEnableProperties,18,7,1
eclipse.pde.ui-20120217-1437,org.eclipse.pde.internal.ui.editor.plugin,ImportItemWrapper,ImportItemWrapper,3,1,1
eclipse.pde.ui-20120217-1437,org.eclipse.pde.internal.ui.editor.plugin,ImportItemWrapper,toString,3,1,0
eclipse.pde.ui-20120217-1437,org.eclipse.pde.internal.ui.editor.plugin,ImportItemWrapper,equals,7,2,1
eclipse.pde.ui-20120217-1437,org.eclipse.pde.internal.ui.editor.plugin,ImportItemWrapper,getName,6,4,0
eclipse.pde.ui-20120217-1437,org.eclipse.pde.internal.ui.editor.plugin,ImportItemWrapper,getVersion,8,4,0
eclipse.pde.ui-20120217-1437,org.eclipse.pde.internal.ui.editor.plugin,ImportItemWrapper,hasVersion,3,1,0
eclipse.pde.ui-20120217-1437,org.eclipse.pde.internal.ui.editor.plugin,ImportItemWrapper,hasEPD,3,1,0
eclipse.pde.ui-20120217-1437,org.eclipse.pde.internal.ui.editor.plugin,ImportPackageContentProvider,getElements,7,2,1
eclipse.pde.ui-20120217-1437,org.eclipse.pde.internal.ui.editor.plugin,ImportPackageDialogLabelProvider,getImage,3,1,1
eclipse.pde.ui-20120217-1437,org.eclipse.pde.internal.ui.editor.plugin,ImportPackageDialogLabelProvider,getText,11,2,1
eclipse.pde.ui-20120217-1437,org.eclipse.pde.internal.ui.editor.plugin,JarSelectionValidator,JarSelectionValidator,5,1,2
eclipse.pde.ui-20120217-1437,org.eclipse.pde.internal.ui.editor.plugin,JarSelectionValidator,validate,6,2,1
eclipse.pde.ui-20120217-1437,org.eclipse.pde.internal.ui.editor.plugin,JarSelectionValidator,isValidSelection,15,5,1
eclipse.pde.ui-20120217-1437,org.eclipse.pde.internal.ui.editor.plugin,JarSelectionValidator,isValid,8,3,1
eclipse.pde.ui-20120217-1437,org.eclipse.pde.internal.ui.editor.plugin,JavaAttributeValue,JavaAttributeValue,5,1,4
eclipse.pde.ui-20120217-1437,org.eclipse.pde.internal.ui.editor.plugin,JavaAttributeValue,getAttributeInfo,3,1,0
eclipse.pde.ui-20120217-1437,org.eclipse.pde.internal.ui.editor.plugin,JavaAttributeValue,getModel,3,1,0
eclipse.pde.ui-20120217-1437,org.eclipse.pde.internal.ui.editor.plugin,JavaAttributeValue,getClassName,3,1,0
eclipse.pde.ui-20120217-1437,org.eclipse.pde.internal.ui.editor.plugin,JavaAttributeWizard,JavaAttributeWizard,3,1,1
eclipse.pde.ui-20120217-1437,org.eclipse.pde.internal.ui.editor.plugin,JavaAttributeWizard,JavaAttributeWizard,11,1,4
eclipse.pde.ui-20120217-1437,org.eclipse.pde.internal.ui.editor.plugin,JavaAttributeWizard,getSettingsSection,5,2,1
eclipse.pde.ui-20120217-1437,org.eclipse.pde.internal.ui.editor.plugin,JavaAttributeWizard,addPages,5,1,0
eclipse.pde.ui-20120217-1437,org.eclipse.pde.internal.ui.editor.plugin,JavaAttributeWizard,performFinish,34,5,0
eclipse.pde.ui-20120217-1437,org.eclipse.pde.internal.ui.editor.plugin,JavaAttributeWizard,execute,3,1,1
eclipse.pde.ui-20120217-1437,org.eclipse.pde.internal.ui.editor.plugin,JavaAttributeWizard,selectAndReveal,3,1,1
eclipse.pde.ui-20120217-1437,org.eclipse.pde.internal.ui.editor.plugin,JavaAttributeWizard,getQualifiedName,4,2,0
eclipse.pde.ui-20120217-1437,org.eclipse.pde.internal.ui.editor.plugin,JavaAttributeWizard,getQualifiedNameWithArgs,9,4,0
eclipse.pde.ui-20120217-1437,org.eclipse.pde.internal.ui.editor.plugin,JavaAttributeWizardPage,InitialClassProperties,11,1,0
eclipse.pde.ui-20120217-1437,org.eclipse.pde.internal.ui.editor.plugin,JavaAttributeWizardPage,JavaAttributeWizardPage,16,2,4
eclipse.pde.ui-20120217-1437,org.eclipse.pde.internal.ui.editor.plugin,JavaAttributeWizardPage,getValue,3,1,0
eclipse.pde.ui-20120217-1437,org.eclipse.pde.internal.ui.editor.plugin,JavaAttributeWizardPage,init,4,1,0
eclipse.pde.ui-20120217-1437,org.eclipse.pde.internal.ui.editor.plugin,JavaAttributeWizardPage,initializeWizardPage,16,2,0
eclipse.pde.ui-20120217-1437,org.eclipse.pde.internal.ui.editor.plugin,JavaAttributeWizardPage,findTypeForName,15,5,1
eclipse.pde.ui-20120217-1437,org.eclipse.pde.internal.ui.editor.plugin,JavaAttributeWizardPage,initializeExpectedValues,95,24,0
eclipse.pde.ui-20120217-1437,org.eclipse.pde.internal.ui.editor.plugin,JavaAttributeWizardPage,getClassArgs,4,2,0
eclipse.pde.ui-20120217-1437,org.eclipse.pde.internal.ui.editor.plugin,InitialClassProperties,InitialClassProperties,11,1,0
eclipse.pde.ui-20120217-1437,org.eclipse.pde.internal.ui.editor.plugin,LibrarySection,LibraryFilter,3,1,1
eclipse.pde.ui-20120217-1437,org.eclipse.pde.internal.ui.editor.plugin,LibrarySection,select,5,3,3
eclipse.pde.ui-20120217-1437,org.eclipse.pde.internal.ui.editor.plugin,LibrarySection,LibrarySelectionValidator,3,1,2
eclipse.pde.ui-20120217-1437,org.eclipse.pde.internal.ui.editor.plugin,LibrarySection,isValid,3,1,1
eclipse.pde.ui-20120217-1437,org.eclipse.pde.internal.ui.editor.plugin,LibrarySection,getElements,3,1,1
eclipse.pde.ui-20120217-1437,org.eclipse.pde.internal.ui.editor.plugin,LibrarySection,LibrarySection,3,1,2
eclipse.pde.ui-20120217-1437,org.eclipse.pde.internal.ui.editor.plugin,LibrarySection,getSectionDescription,7,2,0
eclipse.pde.ui-20120217-1437,org.eclipse.pde.internal.ui.editor.plugin,LibrarySection,isBundle,3,1,0
eclipse.pde.ui-20120217-1437,org.eclipse.pde.internal.ui.editor.plugin,LibrarySection,getBundleContext,4,1,0
eclipse.pde.ui-20120217-1437,org.eclipse.pde.internal.ui.editor.plugin,LibrarySection,createClient,20,1,2
eclipse.pde.ui-20120217-1437,org.eclipse.pde.internal.ui.editor.plugin,LibrarySection,updateButtons,15,1,0
eclipse.pde.ui-20120217-1437,org.eclipse.pde.internal.ui.editor.plugin,LibrarySection,makeActions,23,1,0
eclipse.pde.ui-20120217-1437,org.eclipse.pde.internal.ui.editor.plugin,LibrarySection,run,3,1,0
eclipse.pde.ui-20120217-1437,org.eclipse.pde.internal.ui.editor.plugin,LibrarySection,run,3,1,0
eclipse.pde.ui-20120217-1437,org.eclipse.pde.internal.ui.editor.plugin,LibrarySection,run,3,1,0
eclipse.pde.ui-20120217-1437,org.eclipse.pde.internal.ui.editor.plugin,LibrarySection,selectionChanged,4,2,1
eclipse.pde.ui-20120217-1437,org.eclipse.pde.internal.ui.editor.plugin,LibrarySection,buttonSelected,19,6,1
eclipse.pde.ui-20120217-1437,org.eclipse.pde.internal.ui.editor.plugin,LibrarySection,dispose,5,2,0
eclipse.pde.ui-20120217-1437,org.eclipse.pde.internal.ui.editor.plugin,LibrarySection,doGlobalAction,18,5,1
eclipse.pde.ui-20120217-1437,org.eclipse.pde.internal.ui.editor.plugin,LibrarySection,setFormInput,7,2,1
eclipse.pde.ui-20120217-1437,org.eclipse.pde.internal.ui.editor.plugin,LibrarySection,fillContextMenu,9,2,1
eclipse.pde.ui-20120217-1437,org.eclipse.pde.internal.ui.editor.plugin,LibrarySection,handleRemove,29,7,0
eclipse.pde.ui-20120217-1437,org.eclipse.pde.internal.ui.editor.plugin,LibrarySection,handleDown,5,2,0
eclipse.pde.ui-20120217-1437,org.eclipse.pde.internal.ui.editor.plugin,LibrarySection,handleUp,4,2,0
eclipse.pde.ui-20120217-1437,org.eclipse.pde.internal.ui.editor.plugin,LibrarySection,swap,17,1,2
eclipse.pde.ui-20120217-1437,org.eclipse.pde.internal.ui.editor.plugin,LibrarySection,handleNew,24,3,0
eclipse.pde.ui-20120217-1437,org.eclipse.pde.internal.ui.editor.plugin,LibrarySection,checkSourceRootEntry,19,6,0
eclipse.pde.ui-20120217-1437,org.eclipse.pde.internal.ui.editor.plugin,LibrarySection,getBuildModel,7,3,0
eclipse.pde.ui-20120217-1437,org.eclipse.pde.internal.ui.editor.plugin,LibrarySection,configureSourceBuildEntry,23,8,3
eclipse.pde.ui-20120217-1437,org.eclipse.pde.internal.ui.editor.plugin,LibrarySection,handleAdd,72,6,0
eclipse.pde.ui-20120217-1437,org.eclipse.pde.internal.ui.editor.plugin,LibrarySection,createDialogArea,14,1,1
eclipse.pde.ui-20120217-1437,org.eclipse.pde.internal.ui.editor.plugin,LibrarySection,widgetSelected,3,1,1
eclipse.pde.ui-20120217-1437,org.eclipse.pde.internal.ui.editor.plugin,LibrarySection,updateBuildProperties,30,15,3
eclipse.pde.ui-20120217-1437,org.eclipse.pde.internal.ui.editor.plugin,LibrarySection,updateJavaClasspathLibs,29,13,2
eclipse.pde.ui-20120217-1437,org.eclipse.pde.internal.ui.editor.plugin,LibrarySection,refresh,6,2,0
eclipse.pde.ui-20120217-1437,org.eclipse.pde.internal.ui.editor.plugin,LibrarySection,modelChanged,24,7,1
eclipse.pde.ui-20120217-1437,org.eclipse.pde.internal.ui.editor.plugin,LibrarySection,setFocus,3,1,0
eclipse.pde.ui-20120217-1437,org.eclipse.pde.internal.ui.editor.plugin,LibrarySection,doPaste,17,3,2
eclipse.pde.ui-20120217-1437,org.eclipse.pde.internal.ui.editor.plugin,LibrarySection,canPaste,16,5,2
eclipse.pde.ui-20120217-1437,org.eclipse.pde.internal.ui.editor.plugin,LibrarySection,createPluginLibrarySet,8,2,0
eclipse.pde.ui-20120217-1437,org.eclipse.pde.internal.ui.editor.plugin,LibrarySection,entryModified,18,1,2
eclipse.pde.ui-20120217-1437,org.eclipse.pde.internal.ui.editor.plugin,LibrarySection,getModel,3,1,0
eclipse.pde.ui-20120217-1437,org.eclipse.pde.internal.ui.editor.plugin,LibrarySection,isDragAndDropEnabled,3,1,0
eclipse.pde.ui-20120217-1437,org.eclipse.pde.internal.ui.editor.plugin,LibrarySection,canDragMove,6,2,1
eclipse.pde.ui-20120217-1437,org.eclipse.pde.internal.ui.editor.plugin,LibrarySection,validateDragMoveSanity,12,4,1
eclipse.pde.ui-20120217-1437,org.eclipse.pde.internal.ui.editor.plugin,LibrarySection,canDropMove,29,8,3
eclipse.pde.ui-20120217-1437,org.eclipse.pde.internal.ui.editor.plugin,LibrarySection,validateDropMoveSanity,9,3,2
eclipse.pde.ui-20120217-1437,org.eclipse.pde.internal.ui.editor.plugin,LibrarySection,validateDropMoveModel,11,3,2
eclipse.pde.ui-20120217-1437,org.eclipse.pde.internal.ui.editor.plugin,LibrarySection,doDropMove,13,4,3
eclipse.pde.ui-20120217-1437,org.eclipse.pde.internal.ui.editor.plugin,LibrarySection,doDropMove,22,4,3
eclipse.pde.ui-20120217-1437,org.eclipse.pde.internal.ui.editor.plugin,LibrarySection,doDragRemove,14,2,0
eclipse.pde.ui-20120217-1437,org.eclipse.pde.internal.ui.editor.plugin,LibraryFilter,LibraryFilter,3,1,1
eclipse.pde.ui-20120217-1437,org.eclipse.pde.internal.ui.editor.plugin,LibraryFilter,select,5,3,3
eclipse.pde.ui-20120217-1437,org.eclipse.pde.internal.ui.editor.plugin,LibrarySelectionValidator,LibrarySelectionValidator,3,1,2
eclipse.pde.ui-20120217-1437,org.eclipse.pde.internal.ui.editor.plugin,LibrarySelectionValidator,isValid,3,1,1
eclipse.pde.ui-20120217-1437,org.eclipse.pde.internal.ui.editor.plugin,TableContentProvider,getElements,3,1,1
eclipse.pde.ui-20120217-1437,org.eclipse.pde.internal.ui.editor.plugin,LibraryVisibilitySection,getElements,7,2,1
eclipse.pde.ui-20120217-1437,org.eclipse.pde.internal.ui.editor.plugin,LibraryVisibilitySection,getColumnText,3,1,2
eclipse.pde.ui-20120217-1437,org.eclipse.pde.internal.ui.editor.plugin,LibraryVisibilitySection,getColumnImage,3,1,2
eclipse.pde.ui-20120217-1437,org.eclipse.pde.internal.ui.editor.plugin,LibraryVisibilitySection,LibraryVisibilitySection,6,1,2
eclipse.pde.ui-20120217-1437,org.eclipse.pde.internal.ui.editor.plugin,LibraryVisibilitySection,createClient,30,2,2
eclipse.pde.ui-20120217-1437,org.eclipse.pde.internal.ui.editor.plugin,LibraryVisibilitySection,widgetSelected,9,2,1
eclipse.pde.ui-20120217-1437,org.eclipse.pde.internal.ui.editor.plugin,LibraryVisibilitySection,makeActions,16,1,0
eclipse.pde.ui-20120217-1437,org.eclipse.pde.internal.ui.editor.plugin,LibraryVisibilitySection,run,3,1,0
eclipse.pde.ui-20120217-1437,org.eclipse.pde.internal.ui.editor.plugin,LibraryVisibilitySection,run,3,1,0
eclipse.pde.ui-20120217-1437,org.eclipse.pde.internal.ui.editor.plugin,LibraryVisibilitySection,createPackageViewer,18,1,2
eclipse.pde.ui-20120217-1437,org.eclipse.pde.internal.ui.editor.plugin,LibraryVisibilitySection,selectionChanged,4,1,1
eclipse.pde.ui-20120217-1437,org.eclipse.pde.internal.ui.editor.plugin,LibraryVisibilitySection,buttonSelected,4,3,1
eclipse.pde.ui-20120217-1437,org.eclipse.pde.internal.ui.editor.plugin,LibraryVisibilitySection,doGlobalAction,10,3,1
eclipse.pde.ui-20120217-1437,org.eclipse.pde.internal.ui.editor.plugin,LibraryVisibilitySection,dispose,5,2,0
eclipse.pde.ui-20120217-1437,org.eclipse.pde.internal.ui.editor.plugin,LibraryVisibilitySection,fillContextMenu,10,3,1
eclipse.pde.ui-20120217-1437,org.eclipse.pde.internal.ui.editor.plugin,LibraryVisibilitySection,handleAdd,28,6,0
eclipse.pde.ui-20120217-1437,org.eclipse.pde.internal.ui.editor.plugin,LibraryVisibilitySection,handleRemove,11,2,0
eclipse.pde.ui-20120217-1437,org.eclipse.pde.internal.ui.editor.plugin,LibraryVisibilitySection,modelChanged,8,3,1
eclipse.pde.ui-20120217-1437,org.eclipse.pde.internal.ui.editor.plugin,LibraryVisibilitySection,refresh,4,1,0
eclipse.pde.ui-20120217-1437,org.eclipse.pde.internal.ui.editor.plugin,LibraryVisibilitySection,selectionChanged,7,3,2
eclipse.pde.ui-20120217-1437,org.eclipse.pde.internal.ui.editor.plugin,LibraryVisibilitySection,setEnabled,9,2,1
eclipse.pde.ui-20120217-1437,org.eclipse.pde.internal.ui.editor.plugin,LibraryVisibilitySection,update,21,2,1
eclipse.pde.ui-20120217-1437,org.eclipse.pde.internal.ui.editor.plugin,LibraryVisibilitySection,canPaste,3,1,1
eclipse.pde.ui-20120217-1437,org.eclipse.pde.internal.ui.editor.plugin,TableContentProvider,getElements,7,2,1
eclipse.pde.ui-20120217-1437,org.eclipse.pde.internal.ui.editor.plugin,TableLabelProvider,getColumnText,3,1,2
eclipse.pde.ui-20120217-1437,org.eclipse.pde.internal.ui.editor.plugin,TableLabelProvider,getColumnImage,3,1,2
eclipse.pde.ui-20120217-1437,org.eclipse.pde.internal.ui.editor.plugin,LoopDialog,getChildren,4,2,1
eclipse.pde.ui-20120217-1437,org.eclipse.pde.internal.ui.editor.plugin,LoopDialog,getParent,3,1,1
eclipse.pde.ui-20120217-1437,org.eclipse.pde.internal.ui.editor.plugin,LoopDialog,hasChildren,3,1,1
eclipse.pde.ui-20120217-1437,org.eclipse.pde.internal.ui.editor.plugin,LoopDialog,getElements,3,1,1
eclipse.pde.ui-20120217-1437,org.eclipse.pde.internal.ui.editor.plugin,LoopDialog,getImage,4,2,1
eclipse.pde.ui-20120217-1437,org.eclipse.pde.internal.ui.editor.plugin,LoopDialog,getText,3,1,1
eclipse.pde.ui-20120217-1437,org.eclipse.pde.internal.ui.editor.plugin,LoopDialog,LoopDialog,6,1,2
eclipse.pde.ui-20120217-1437,org.eclipse.pde.internal.ui.editor.plugin,LoopDialog,createButtonsForButtonBar,3,1,1
eclipse.pde.ui-20120217-1437,org.eclipse.pde.internal.ui.editor.plugin,LoopDialog,configureShell,4,1,1
eclipse.pde.ui-20120217-1437,org.eclipse.pde.internal.ui.editor.plugin,LoopDialog,createDialogArea,21,1,1
eclipse.pde.ui-20120217-1437,org.eclipse.pde.internal.ui.editor.plugin,LoopDialog,isResizable,3,1,0
eclipse.pde.ui-20120217-1437,org.eclipse.pde.internal.ui.editor.plugin,ContentProvider,getChildren,4,2,1
eclipse.pde.ui-20120217-1437,org.eclipse.pde.internal.ui.editor.plugin,ContentProvider,getParent,3,1,1
eclipse.pde.ui-20120217-1437,org.eclipse.pde.internal.ui.editor.plugin,ContentProvider,hasChildren,3,1,1
eclipse.pde.ui-20120217-1437,org.eclipse.pde.internal.ui.editor.plugin,ContentProvider,getElements,3,1,1
eclipse.pde.ui-20120217-1437,org.eclipse.pde.internal.ui.editor.plugin,LoopLabelProvider,getImage,4,2,1
eclipse.pde.ui-20120217-1437,org.eclipse.pde.internal.ui.editor.plugin,LoopLabelProvider,getText,3,1,1
eclipse.pde.ui-20120217-1437,org.eclipse.pde.internal.ui.editor.plugin,ManifestEditor,getEditorID,3,1,0
eclipse.pde.ui-20120217-1437,org.eclipse.pde.internal.ui.editor.plugin,ManifestEditor,openPluginEditor,3,1,1
eclipse.pde.ui-20120217-1437,org.eclipse.pde.internal.ui.editor.plugin,ManifestEditor,openPluginEditor,3,1,1
eclipse.pde.ui-20120217-1437,org.eclipse.pde.internal.ui.editor.plugin,ManifestEditor,openPluginEditor,7,2,1
eclipse.pde.ui-20120217-1437,org.eclipse.pde.internal.ui.editor.plugin,ManifestEditor,openPluginEditor,3,1,2
eclipse.pde.ui-20120217-1437,org.eclipse.pde.internal.ui.editor.plugin,ManifestEditor,open,38,13,2
eclipse.pde.ui-20120217-1437,org.eclipse.pde.internal.ui.editor.plugin,ManifestEditor,openWorkspacePlugin,3,1,1
eclipse.pde.ui-20120217-1437,org.eclipse.pde.internal.ui.editor.plugin,ManifestEditor,openExternalPlugin,24,4,2
eclipse.pde.ui-20120217-1437,org.eclipse.pde.internal.ui.editor.plugin,ManifestEditor,openEditor,11,2,1
eclipse.pde.ui-20120217-1437,org.eclipse.pde.internal.ui.editor.plugin,ManifestEditor,createResourceContexts,41,8,2
eclipse.pde.ui-20120217-1437,org.eclipse.pde.internal.ui.editor.plugin,ManifestEditor,createInputContextManager,5,1,0
eclipse.pde.ui-20120217-1437,org.eclipse.pde.internal.ui.editor.plugin,ManifestEditor,monitoredFileAdded,28,10,1
eclipse.pde.ui-20120217-1437,org.eclipse.pde.internal.ui.editor.plugin,ManifestEditor,ensurePluginContextPresence,24,3,0
eclipse.pde.ui-20120217-1437,org.eclipse.pde.internal.ui.editor.plugin,ManifestEditor,updateBuildProperties,17,4,1
eclipse.pde.ui-20120217-1437,org.eclipse.pde.internal.ui.editor.plugin,ManifestEditor,monitoredFileRemoved,3,1,1
eclipse.pde.ui-20120217-1437,org.eclipse.pde.internal.ui.editor.plugin,ManifestEditor,editorContextAdded,12,2,1
eclipse.pde.ui-20120217-1437,org.eclipse.pde.internal.ui.editor.plugin,ManifestEditor,contextRemoved,3,1,1
eclipse.pde.ui-20120217-1437,org.eclipse.pde.internal.ui.editor.plugin,ManifestEditor,updateFirstThreePages,15,1,0
eclipse.pde.ui-20120217-1437,org.eclipse.pde.internal.ui.editor.plugin,ManifestEditor,createSystemFileContexts,45,7,2
eclipse.pde.ui-20120217-1437,org.eclipse.pde.internal.ui.editor.plugin,ManifestEditor,createPluginFile,5,2,1
eclipse.pde.ui-20120217-1437,org.eclipse.pde.internal.ui.editor.plugin,ManifestEditor,createPluginFile,5,2,1
eclipse.pde.ui-20120217-1437,org.eclipse.pde.internal.ui.editor.plugin,ManifestEditor,createStorageContexts,19,6,2
eclipse.pde.ui-20120217-1437,org.eclipse.pde.internal.ui.editor.plugin,ManifestEditor,createJarEntryContexts,30,7,2
eclipse.pde.ui-20120217-1437,org.eclipse.pde.internal.ui.editor.plugin,ManifestEditor,addEditorPages,17,3,0
eclipse.pde.ui-20120217-1437,org.eclipse.pde.internal.ui.editor.plugin,ManifestEditor,isSourcePageID,15,5,1
eclipse.pde.ui-20120217-1437,org.eclipse.pde.internal.ui.editor.plugin,ManifestEditor,computeInitialPageId,14,4,0
eclipse.pde.ui-20120217-1437,org.eclipse.pde.internal.ui.editor.plugin,ManifestEditor,getPropertyEditorPageKey,13,2,1
eclipse.pde.ui-20120217-1437,org.eclipse.pde.internal.ui.editor.plugin,ManifestEditor,setPropertyEditorPageKey,15,2,2
eclipse.pde.ui-20120217-1437,org.eclipse.pde.internal.ui.editor.plugin,ManifestEditor,getPrimarySourceInputContextID,7,2,0
eclipse.pde.ui-20120217-1437,org.eclipse.pde.internal.ui.editor.plugin,ManifestEditor,createSourcePage,6,4,4
eclipse.pde.ui-20120217-1437,org.eclipse.pde.internal.ui.editor.plugin,ManifestEditor,createContentOutline,3,1,0
eclipse.pde.ui-20120217-1437,org.eclipse.pde.internal.ui.editor.plugin,ManifestEditor,getAdapter,6,2,1
eclipse.pde.ui-20120217-1437,org.eclipse.pde.internal.ui.editor.plugin,ManifestEditor,getTitle,7,3,0
eclipse.pde.ui-20120217-1437,org.eclipse.pde.internal.ui.editor.plugin,ManifestEditor,getTitleProperty,6,2,0
eclipse.pde.ui-20120217-1437,org.eclipse.pde.internal.ui.editor.plugin,ManifestEditor,getTitleText,6,2,1
eclipse.pde.ui-20120217-1437,org.eclipse.pde.internal.ui.editor.plugin,ManifestEditor,getInputContext,20,8,1
eclipse.pde.ui-20120217-1437,org.eclipse.pde.internal.ui.editor.plugin,ManifestEditor,showEditorInput,23,8,1
eclipse.pde.ui-20120217-1437,org.eclipse.pde.internal.ui.editor.plugin,ManifestEditor,showExtensionTabs,5,2,0
eclipse.pde.ui-20120217-1437,org.eclipse.pde.internal.ui.editor.plugin,ManifestEditor,isEquinox,3,1,0
eclipse.pde.ui-20120217-1437,org.eclipse.pde.internal.ui.editor.plugin,ManifestEditor,addExtensionTabs,4,1,0
eclipse.pde.ui-20120217-1437,org.eclipse.pde.internal.ui.editor.plugin,ManifestEditor,setShowExtensions,7,2,1
eclipse.pde.ui-20120217-1437,org.eclipse.pde.internal.ui.editor.plugin,ManifestEditor,contributeToToolbar,4,1,1
eclipse.pde.ui-20120217-1437,org.eclipse.pde.internal.ui.editor.plugin,ManifestEditor,getExportAction,8,2,0
eclipse.pde.ui-20120217-1437,org.eclipse.pde.internal.ui.editor.plugin,ManifestEditor,getLauncherHelper,4,2,0
eclipse.pde.ui-20120217-1437,org.eclipse.pde.internal.ui.editor.plugin,ManifestEditorContributor,ExternalizeAction,2,1,0
eclipse.pde.ui-20120217-1437,org.eclipse.pde.internal.ui.editor.plugin,ManifestEditorContributor,run,12,2,0
eclipse.pde.ui-20120217-1437,org.eclipse.pde.internal.ui.editor.plugin,ManifestEditorContributor,run,5,1,0
eclipse.pde.ui-20120217-1437,org.eclipse.pde.internal.ui.editor.plugin,ManifestEditorContributor,ManifestEditorContributor,3,1,0
eclipse.pde.ui-20120217-1437,org.eclipse.pde.internal.ui.editor.plugin,ManifestEditorContributor,contextMenuAboutToShow,8,2,2
eclipse.pde.ui-20120217-1437,org.eclipse.pde.internal.ui.editor.plugin,ManifestEditorContributor,makeActions,5,1,0
eclipse.pde.ui-20120217-1437,org.eclipse.pde.internal.ui.editor.plugin,ManifestEditorContributor,supportsContentAssist,3,1,0
eclipse.pde.ui-20120217-1437,org.eclipse.pde.internal.ui.editor.plugin,ManifestEditorContributor,supportsFormatAction,3,1,0
eclipse.pde.ui-20120217-1437,org.eclipse.pde.internal.ui.editor.plugin,ManifestEditorContributor,supportsCorrectionAssist,3,1,0
eclipse.pde.ui-20120217-1437,org.eclipse.pde.internal.ui.editor.plugin,ManifestEditorContributor,supportsHyperlinking,3,1,0
eclipse.pde.ui-20120217-1437,org.eclipse.pde.internal.ui.editor.plugin,ExternalizeAction,ExternalizeAction,2,1,0
eclipse.pde.ui-20120217-1437,org.eclipse.pde.internal.ui.editor.plugin,ExternalizeAction,run,12,2,0
eclipse.pde.ui-20120217-1437,org.eclipse.pde.internal.ui.editor.plugin,ExternalizeAction,run,5,1,0
eclipse.pde.ui-20120217-1437,org.eclipse.pde.internal.ui.editor.plugin,ManifestEditorMatchingStrategy,matches,39,9,2
eclipse.pde.ui-20120217-1437,org.eclipse.pde.internal.ui.editor.plugin,ManifestHyperlinkDetector,ManifestHyperlinkDetector,3,1,1
eclipse.pde.ui-20120217-1437,org.eclipse.pde.internal.ui.editor.plugin,ManifestHyperlinkDetector,detectAttributeHyperlink,32,16,1
eclipse.pde.ui-20120217-1437,org.eclipse.pde.internal.ui.editor.plugin,ManifestHyperlinkDetector,detectNodeHyperlink,3,1,1
eclipse.pde.ui-20120217-1437,org.eclipse.pde.internal.ui.editor.plugin,ManifestHyperlinkDetector,detectTextNodeHyperlink,7,3,1
eclipse.pde.ui-20120217-1437,org.eclipse.pde.internal.ui.editor.plugin,ManifestOutlinePage,ManifestOutlinePage,3,1,1
eclipse.pde.ui-20120217-1437,org.eclipse.pde.internal.ui.editor.plugin,ManifestOutlinePage,getChildren,14,7,1
eclipse.pde.ui-20120217-1437,org.eclipse.pde.internal.ui.editor.plugin,ManifestOutlinePage,getParentPageId,10,7,1
eclipse.pde.ui-20120217-1437,org.eclipse.pde.internal.ui.editor.plugin,ManifestSourcePage,OutlineLabelProvider,3,1,0
eclipse.pde.ui-20120217-1437,org.eclipse.pde.internal.ui.editor.plugin,ManifestSourcePage,getText,9,6,1
eclipse.pde.ui-20120217-1437,org.eclipse.pde.internal.ui.editor.plugin,ManifestSourcePage,getImage,9,5,1
eclipse.pde.ui-20120217-1437,org.eclipse.pde.internal.ui.editor.plugin,ManifestSourcePage,getChildren,17,10,1
eclipse.pde.ui-20120217-1437,org.eclipse.pde.internal.ui.editor.plugin,ManifestSourcePage,getParent,4,2,1
eclipse.pde.ui-20120217-1437,org.eclipse.pde.internal.ui.editor.plugin,ManifestSourcePage,hasChildren,6,2,1
eclipse.pde.ui-20120217-1437,org.eclipse.pde.internal.ui.editor.plugin,ManifestSourcePage,getElements,6,2,1
eclipse.pde.ui-20120217-1437,org.eclipse.pde.internal.ui.editor.plugin,ManifestSourcePage,category,7,5,1
eclipse.pde.ui-20120217-1437,org.eclipse.pde.internal.ui.editor.plugin,ManifestSourcePage,ManifestSourcePage,5,1,3
eclipse.pde.ui-20120217-1437,org.eclipse.pde.internal.ui.editor.plugin,ManifestSourcePage,createOutlineLabelProvider,3,1,0
eclipse.pde.ui-20120217-1437,org.eclipse.pde.internal.ui.editor.plugin,ManifestSourcePage,createOutlineContentProvider,3,1,0
eclipse.pde.ui-20120217-1437,org.eclipse.pde.internal.ui.editor.plugin,ManifestSourcePage,updateSelection,9,2,1
eclipse.pde.ui-20120217-1437,org.eclipse.pde.internal.ui.editor.plugin,ManifestSourcePage,createOutlineComparator,3,1,0
eclipse.pde.ui-20120217-1437,org.eclipse.pde.internal.ui.editor.plugin,ManifestSourcePage,getRangeElement,10,6,2
eclipse.pde.ui-20120217-1437,org.eclipse.pde.internal.ui.editor.plugin,ManifestSourcePage,findRange,9,3,0
eclipse.pde.ui-20120217-1437,org.eclipse.pde.internal.ui.editor.plugin,ManifestSourcePage,isSelectionListener,3,1,0
eclipse.pde.ui-20120217-1437,org.eclipse.pde.internal.ui.editor.plugin,ManifestSourcePage,getAdapter,4,2,1
eclipse.pde.ui-20120217-1437,org.eclipse.pde.internal.ui.editor.plugin,ManifestSourcePage,editorContextMenuAboutToShow,19,6,1
eclipse.pde.ui-20120217-1437,org.eclipse.pde.internal.ui.editor.plugin,ManifestSourcePage,createPartControl,4,1,1
eclipse.pde.ui-20120217-1437,org.eclipse.pde.internal.ui.editor.plugin,ManifestSourcePage,isQuickOutlineEnabled,3,1,0
eclipse.pde.ui-20120217-1437,org.eclipse.pde.internal.ui.editor.plugin,ManifestSourcePage,setActive,6,2,1
eclipse.pde.ui-20120217-1437,org.eclipse.pde.internal.ui.editor.plugin,ManifestSourcePage,getFoldingStructureProvider,3,1,1
eclipse.pde.ui-20120217-1437,org.eclipse.pde.internal.ui.editor.plugin,OutlineLabelProvider,OutlineLabelProvider,3,1,0
eclipse.pde.ui-20120217-1437,org.eclipse.pde.internal.ui.editor.plugin,OutlineLabelProvider,getText,9,6,1
eclipse.pde.ui-20120217-1437,org.eclipse.pde.internal.ui.editor.plugin,OutlineLabelProvider,getImage,9,5,1
eclipse.pde.ui-20120217-1437,org.eclipse.pde.internal.ui.editor.plugin,ContentProvider,getChildren,17,10,1
eclipse.pde.ui-20120217-1437,org.eclipse.pde.internal.ui.editor.plugin,ContentProvider,getParent,4,2,1
eclipse.pde.ui-20120217-1437,org.eclipse.pde.internal.ui.editor.plugin,ContentProvider,hasChildren,6,2,1
eclipse.pde.ui-20120217-1437,org.eclipse.pde.internal.ui.editor.plugin,ContentProvider,getElements,6,2,1
eclipse.pde.ui-20120217-1437,org.eclipse.pde.internal.ui.editor.plugin,OutlineComparator,category,7,5,1
eclipse.pde.ui-20120217-1437,org.eclipse.pde.internal.ui.editor.plugin,MatchSection,MatchSection,5,1,3
eclipse.pde.ui-20120217-1437,org.eclipse.pde.internal.ui.editor.plugin,MatchSection,commit,14,4,1
eclipse.pde.ui-20120217-1437,org.eclipse.pde.internal.ui.editor.plugin,MatchSection,cancelEdit,4,1,0
eclipse.pde.ui-20120217-1437,org.eclipse.pde.internal.ui.editor.plugin,MatchSection,createClient,48,4,2
eclipse.pde.ui-20120217-1437,org.eclipse.pde.internal.ui.editor.plugin,MatchSection,textValueChanged,3,1,1
eclipse.pde.ui-20120217-1437,org.eclipse.pde.internal.ui.editor.plugin,MatchSection,textDirty,7,2,1
eclipse.pde.ui-20120217-1437,org.eclipse.pde.internal.ui.editor.plugin,MatchSection,widgetSelected,5,2,1
eclipse.pde.ui-20120217-1437,org.eclipse.pde.internal.ui.editor.plugin,MatchSection,createReexportButton,20,2,2
eclipse.pde.ui-20120217-1437,org.eclipse.pde.internal.ui.editor.plugin,MatchSection,widgetSelected,11,2,1
eclipse.pde.ui-20120217-1437,org.eclipse.pde.internal.ui.editor.plugin,MatchSection,createOptionalButton,21,3,2
eclipse.pde.ui-20120217-1437,org.eclipse.pde.internal.ui.editor.plugin,MatchSection,widgetSelected,12,3,1
eclipse.pde.ui-20120217-1437,org.eclipse.pde.internal.ui.editor.plugin,MatchSection,applyVersion,10,2,1
eclipse.pde.ui-20120217-1437,org.eclipse.pde.internal.ui.editor.plugin,MatchSection,applyMatch,10,2,1
eclipse.pde.ui-20120217-1437,org.eclipse.pde.internal.ui.editor.plugin,MatchSection,getMatch,3,1,0
eclipse.pde.ui-20120217-1437,org.eclipse.pde.internal.ui.editor.plugin,MatchSection,dispose,5,2,0
eclipse.pde.ui-20120217-1437,org.eclipse.pde.internal.ui.editor.plugin,MatchSection,initialize,4,2,0
eclipse.pde.ui-20120217-1437,org.eclipse.pde.internal.ui.editor.plugin,MatchSection,modelChanged,14,5,1
eclipse.pde.ui-20120217-1437,org.eclipse.pde.internal.ui.editor.plugin,MatchSection,selectionChanged,13,4,2
eclipse.pde.ui-20120217-1437,org.eclipse.pde.internal.ui.editor.plugin,MatchSection,resetMatchCombo,4,1,1
eclipse.pde.ui-20120217-1437,org.eclipse.pde.internal.ui.editor.plugin,MatchSection,setMatchCombo,3,1,1
eclipse.pde.ui-20120217-1437,org.eclipse.pde.internal.ui.editor.plugin,MatchSection,update,33,5,1
eclipse.pde.ui-20120217-1437,org.eclipse.pde.internal.ui.editor.plugin,MissingResourcePage,MissingResourcePage,3,1,1
eclipse.pde.ui-20120217-1437,org.eclipse.pde.internal.ui.editor.plugin,MissingResourcePage,createFormContent,14,2,1
eclipse.pde.ui-20120217-1437,org.eclipse.pde.internal.ui.editor.plugin,NewElementAction,NewElementAction,7,1,2
eclipse.pde.ui-20120217-1437,org.eclipse.pde.internal.ui.editor.plugin,NewElementAction,getElementName,3,1,0
eclipse.pde.ui-20120217-1437,org.eclipse.pde.internal.ui.editor.plugin,NewElementAction,run,14,2,0
eclipse.pde.ui-20120217-1437,org.eclipse.pde.internal.ui.editor.plugin,NewRuntimeLibraryDialog,validate,8,5,1
eclipse.pde.ui-20120217-1437,org.eclipse.pde.internal.ui.editor.plugin,NewRuntimeLibraryDialog,NewRuntimeLibraryDialog,10,2,2
eclipse.pde.ui-20120217-1437,org.eclipse.pde.internal.ui.editor.plugin,NewRuntimeLibraryDialog,computeResult,2,1,0
eclipse.pde.ui-20120217-1437,org.eclipse.pde.internal.ui.editor.plugin,NewRuntimeLibraryDialog,configureShell,4,1,1
eclipse.pde.ui-20120217-1437,org.eclipse.pde.internal.ui.editor.plugin,NewRuntimeLibraryDialog,createDialogArea,26,1,1
eclipse.pde.ui-20120217-1437,org.eclipse.pde.internal.ui.editor.plugin,NewRuntimeLibraryDialog,modifyText,3,1,1
eclipse.pde.ui-20120217-1437,org.eclipse.pde.internal.ui.editor.plugin,NewRuntimeLibraryDialog,open,5,1,0
eclipse.pde.ui-20120217-1437,org.eclipse.pde.internal.ui.editor.plugin,NewRuntimeLibraryDialog,getLibraryName,3,1,0
eclipse.pde.ui-20120217-1437,org.eclipse.pde.internal.ui.editor.plugin,NewRuntimeLibraryDialog,okPressed,4,1,0
eclipse.pde.ui-20120217-1437,org.eclipse.pde.internal.ui.editor.plugin,DuplicateStatusValidator,validate,8,5,1
eclipse.pde.ui-20120217-1437,org.eclipse.pde.internal.ui.editor.plugin,OverviewPage,OverviewPage,3,1,1
eclipse.pde.ui-20120217-1437,org.eclipse.pde.internal.ui.editor.plugin,OverviewPage,getHelpResource,3,1,0
eclipse.pde.ui-20120217-1437,org.eclipse.pde.internal.ui.editor.plugin,OverviewPage,createFormContent,14,2,1
eclipse.pde.ui-20120217-1437,org.eclipse.pde.internal.ui.editor.plugin,OverviewPage,fillBody,20,6,2
eclipse.pde.ui-20120217-1437,org.eclipse.pde.internal.ui.editor.plugin,OverviewPage,createContentSection,25,4,3
eclipse.pde.ui-20120217-1437,org.eclipse.pde.internal.ui.editor.plugin,OverviewPage,createExtensionSection,9,1,3
eclipse.pde.ui-20120217-1437,org.eclipse.pde.internal.ui.editor.plugin,OverviewPage,createTestingSection,11,1,3
eclipse.pde.ui-20120217-1437,org.eclipse.pde.internal.ui.editor.plugin,OverviewPage,createExportingSection,6,1,3
eclipse.pde.ui-20120217-1437,org.eclipse.pde.internal.ui.editor.plugin,OverviewPage,createStaticSectionClient,7,1,2
eclipse.pde.ui-20120217-1437,org.eclipse.pde.internal.ui.editor.plugin,OverviewPage,isFragment,4,1,0
eclipse.pde.ui-20120217-1437,org.eclipse.pde.internal.ui.editor.plugin,OverviewPage,isBundle,3,1,0
eclipse.pde.ui-20120217-1437,org.eclipse.pde.internal.ui.editor.plugin,OverviewPage,isEditable,4,1,0
eclipse.pde.ui-20120217-1437,org.eclipse.pde.internal.ui.editor.plugin,OverviewPage,linkActivated,39,14,1
eclipse.pde.ui-20120217-1437,org.eclipse.pde.internal.ui.editor.plugin,OverviewPage,getExportAction,4,2,0
eclipse.pde.ui-20120217-1437,org.eclipse.pde.internal.ui.editor.plugin,OverviewPage,handleConvert,20,3,0
eclipse.pde.ui-20120217-1437,org.eclipse.pde.internal.ui.editor.plugin,OverviewPage,updateBuildProperties,18,4,0
eclipse.pde.ui-20120217-1437,org.eclipse.pde.internal.ui.editor.plugin,OverviewPage,activateExtensionPages,14,2,1
eclipse.pde.ui-20120217-1437,org.eclipse.pde.internal.ui.editor.plugin,OverviewPage,dispose,4,1,0
eclipse.pde.ui-20120217-1437,org.eclipse.pde.internal.ui.editor.plugin,OverviewPage,getIndent,3,1,0
eclipse.pde.ui-20120217-1437,org.eclipse.pde.internal.ui.editor.plugin,OverviewPage,getLauncherHelper,4,2,0
eclipse.pde.ui-20120217-1437,org.eclipse.pde.internal.ui.editor.plugin,PackageSelectionDialog,PackageSelectionDialog,6,1,5
eclipse.pde.ui-20120217-1437,org.eclipse.pde.internal.ui.editor.plugin,PackageSelectionDialog,createDialogArea,5,1,1
eclipse.pde.ui-20120217-1437,org.eclipse.pde.internal.ui.editor.plugin,PluginExportAction,PluginExportAction,3,1,1
eclipse.pde.ui-20120217-1437,org.eclipse.pde.internal.ui.editor.plugin,PluginExportAction,PluginExportAction,2,1,0
eclipse.pde.ui-20120217-1437,org.eclipse.pde.internal.ui.editor.plugin,PluginExportAction,ensureContentSaved,18,2,0
eclipse.pde.ui-20120217-1437,org.eclipse.pde.internal.ui.editor.plugin,PluginExportAction,run,3,1,1
eclipse.pde.ui-20120217-1437,org.eclipse.pde.internal.ui.editor.plugin,PluginExportAction,run,39,8,0
eclipse.pde.ui-20120217-1437,org.eclipse.pde.internal.ui.editor.plugin,PluginFoldingStructureProvider,PluginFoldingStructureProvider,3,1,2
eclipse.pde.ui-20120217-1437,org.eclipse.pde.internal.ui.editor.plugin,PluginFoldingStructureProvider,addFoldingRegions,5,1,2
eclipse.pde.ui-20120217-1437,org.eclipse.pde.internal.ui.editor.plugin,PluginFoldingStructureProvider,addFoldingRegions,18,4,3
eclipse.pde.ui-20120217-1437,org.eclipse.pde.internal.ui.editor.plugin,PluginFoldingStructureProvider,addFoldingRegions,18,4,3
eclipse.pde.ui-20120217-1437,org.eclipse.pde.internal.ui.editor.plugin,PluginGeneralInfoSection,PluginGeneralInfoSection,3,1,2
eclipse.pde.ui-20120217-1437,org.eclipse.pde.internal.ui.editor.plugin,PluginGeneralInfoSection,getSectionDescription,3,1,0
eclipse.pde.ui-20120217-1437,org.eclipse.pde.internal.ui.editor.plugin,PluginGeneralInfoSection,createSpecificControls,8,2,3
eclipse.pde.ui-20120217-1437,org.eclipse.pde.internal.ui.editor.plugin,PluginGeneralInfoSection,addListeners,7,3,0
eclipse.pde.ui-20120217-1437,org.eclipse.pde.internal.ui.editor.plugin,PluginGeneralInfoSection,removeListeners,7,3,0
eclipse.pde.ui-20120217-1437,org.eclipse.pde.internal.ui.editor.plugin,PluginGeneralInfoSection,createLazyStart,17,3,3
eclipse.pde.ui-20120217-1437,org.eclipse.pde.internal.ui.editor.plugin,PluginGeneralInfoSection,widgetSelected,7,3,1
eclipse.pde.ui-20120217-1437,org.eclipse.pde.internal.ui.editor.plugin,PluginGeneralInfoSection,createClassEntry,28,3,3
eclipse.pde.ui-20120217-1437,org.eclipse.pde.internal.ui.editor.plugin,PluginGeneralInfoSection,textValueChanged,8,1,1
eclipse.pde.ui-20120217-1437,org.eclipse.pde.internal.ui.editor.plugin,PluginGeneralInfoSection,linkActivated,6,2,1
eclipse.pde.ui-20120217-1437,org.eclipse.pde.internal.ui.editor.plugin,PluginGeneralInfoSection,browseButtonSelected,3,1,1
eclipse.pde.ui-20120217-1437,org.eclipse.pde.internal.ui.editor.plugin,PluginGeneralInfoSection,doOpenSelectionDialog,5,2,1
eclipse.pde.ui-20120217-1437,org.eclipse.pde.internal.ui.editor.plugin,PluginGeneralInfoSection,createJavaAttributeValue,5,1,0
eclipse.pde.ui-20120217-1437,org.eclipse.pde.internal.ui.editor.plugin,PluginGeneralInfoSection,cancelEdit,4,1,0
eclipse.pde.ui-20120217-1437,org.eclipse.pde.internal.ui.editor.plugin,PluginGeneralInfoSection,commit,4,1,1
eclipse.pde.ui-20120217-1437,org.eclipse.pde.internal.ui.editor.plugin,PluginGeneralInfoSection,refresh,14,5,0
eclipse.pde.ui-20120217-1437,org.eclipse.pde.internal.ui.editor.plugin,PluginGeneralInfoSection,getLazyStartHeaders,12,4,0
eclipse.pde.ui-20120217-1437,org.eclipse.pde.internal.ui.editor.plugin,PluginGeneralInfoSection,getLazyStartHeader,11,5,0
eclipse.pde.ui-20120217-1437,org.eclipse.pde.internal.ui.editor.plugin,PluginGeneralInfoSection,getLazyStartHeaderName,7,4,0
eclipse.pde.ui-20120217-1437,org.eclipse.pde.internal.ui.editor.plugin,PluginGeneralInfoSection,getLazyStateHeaderValue,4,2,1
eclipse.pde.ui-20120217-1437,org.eclipse.pde.internal.ui.editor.plugin,PluginGeneralInfoSection,dispose,6,2,0
eclipse.pde.ui-20120217-1437,org.eclipse.pde.internal.ui.editor.plugin,PluginInputContext,PluginInputContext,5,1,4
eclipse.pde.ui-20120217-1437,org.eclipse.pde.internal.ui.editor.plugin,PluginInputContext,createModel,31,5,1
eclipse.pde.ui-20120217-1437,org.eclipse.pde.internal.ui.editor.plugin,PluginInputContext,getId,3,1,0
eclipse.pde.ui-20120217-1437,org.eclipse.pde.internal.ui.editor.plugin,PluginInputContext,isFragment,3,1,0
eclipse.pde.ui-20120217-1437,org.eclipse.pde.internal.ui.editor.plugin,PluginInputContext,reorderInsertEdits,48,14,1
eclipse.pde.ui-20120217-1437,org.eclipse.pde.internal.ui.editor.plugin,PluginInputContext,doRevert,7,1,0
eclipse.pde.ui-20120217-1437,org.eclipse.pde.internal.ui.editor.plugin,PluginInputContext,getPartitionName,3,1,0
eclipse.pde.ui-20120217-1437,org.eclipse.pde.internal.ui.editor.plugin,PluginInputContextManager,PluginInputContextManager,3,1,1
eclipse.pde.ui-20120217-1437,org.eclipse.pde.internal.ui.editor.plugin,PluginInputContextManager,getAggregateModel,4,2,0
eclipse.pde.ui-20120217-1437,org.eclipse.pde.internal.ui.editor.plugin,PluginInputContextManager,getPluginModel,4,2,0
eclipse.pde.ui-20120217-1437,org.eclipse.pde.internal.ui.editor.plugin,PluginInputContextManager,fireContextChange,15,7,2
eclipse.pde.ui-20120217-1437,org.eclipse.pde.internal.ui.editor.plugin,PluginInputContextManager,bundleAdded,7,2,1
eclipse.pde.ui-20120217-1437,org.eclipse.pde.internal.ui.editor.plugin,PluginInputContextManager,syncExtensions,8,2,0
eclipse.pde.ui-20120217-1437,org.eclipse.pde.internal.ui.editor.plugin,PluginInputContextManager,findPluginModel,4,1,0
eclipse.pde.ui-20120217-1437,org.eclipse.pde.internal.ui.editor.plugin,PluginInputContextManager,bundleRemoved,8,3,1
eclipse.pde.ui-20120217-1437,org.eclipse.pde.internal.ui.editor.plugin,PluginInputContextManager,transferListeners,14,3,2
eclipse.pde.ui-20120217-1437,org.eclipse.pde.internal.ui.editor.plugin,PluginInputContextManager,accept,4,2,1
eclipse.pde.ui-20120217-1437,org.eclipse.pde.internal.ui.editor.plugin,PluginInputContextManager,pluginAdded,3,2,1
eclipse.pde.ui-20120217-1437,org.eclipse.pde.internal.ui.editor.plugin,PluginInputContextManager,pluginRemoved,3,2,1
eclipse.pde.ui-20120217-1437,org.eclipse.pde.internal.ui.editor.plugin,PluginInputContextManager,buildAdded,2,1,1
eclipse.pde.ui-20120217-1437,org.eclipse.pde.internal.ui.editor.plugin,PluginInputContextManager,buildRemoved,2,1,1
eclipse.pde.ui-20120217-1437,org.eclipse.pde.internal.ui.editor.plugin,PluginLauncherFormPageHelper,PluginLauncherFormPageHelper,3,1,1
eclipse.pde.ui-20120217-1437,org.eclipse.pde.internal.ui.editor.plugin,PluginLauncherFormPageHelper,getLaunchObject,3,1,0
eclipse.pde.ui-20120217-1437,org.eclipse.pde.internal.ui.editor.plugin,PluginLauncherFormPageHelper,isOSGi,3,1,0
eclipse.pde.ui-20120217-1437,org.eclipse.pde.internal.ui.editor.plugin,PluginLauncherFormPageHelper,preLaunch,2,1,0
eclipse.pde.ui-20120217-1437,org.eclipse.pde.internal.ui.editor.plugin,PluginUndoManager,PluginUndoManager,4,1,1
eclipse.pde.ui-20120217-1437,org.eclipse.pde.internal.ui.editor.plugin,PluginUndoManager,getPageId,8,6,1
eclipse.pde.ui-20120217-1437,org.eclipse.pde.internal.ui.editor.plugin,PluginUndoManager,execute,24,8,2
eclipse.pde.ui-20120217-1437,org.eclipse.pde.internal.ui.editor.plugin,PluginUndoManager,executeAdd,56,16,2
eclipse.pde.ui-20120217-1437,org.eclipse.pde.internal.ui.editor.plugin,PluginUndoManager,executeRemove,56,16,2
eclipse.pde.ui-20120217-1437,org.eclipse.pde.internal.ui.editor.plugin,PluginUndoManager,executeAttributeChange,13,2,2
eclipse.pde.ui-20120217-1437,org.eclipse.pde.internal.ui.editor.plugin,PluginUndoManager,executeChange,31,6,4
eclipse.pde.ui-20120217-1437,org.eclipse.pde.internal.ui.editor.plugin,PluginUndoManager,modelChanged,14,6,1
eclipse.pde.ui-20120217-1437,org.eclipse.pde.internal.ui.editor.plugin,RequiresSection,getElements,4,2,1
eclipse.pde.ui-20120217-1437,org.eclipse.pde.internal.ui.editor.plugin,RequiresSection,RequiresSection,9,2,3
eclipse.pde.ui-20120217-1437,org.eclipse.pde.internal.ui.editor.plugin,RequiresSection,createClient,19,1,2
eclipse.pde.ui-20120217-1437,org.eclipse.pde.internal.ui.editor.plugin,RequiresSection,createSectionToolbar,18,2,2
eclipse.pde.ui-20120217-1437,org.eclipse.pde.internal.ui.editor.plugin,RequiresSection,widgetDisposed,5,2,1
eclipse.pde.ui-20120217-1437,org.eclipse.pde.internal.ui.editor.plugin,RequiresSection,selectionChanged,4,1,1
eclipse.pde.ui-20120217-1437,org.eclipse.pde.internal.ui.editor.plugin,RequiresSection,updateButtons,10,2,0
eclipse.pde.ui-20120217-1437,org.eclipse.pde.internal.ui.editor.plugin,RequiresSection,updateUpDownButtons,14,2,0
eclipse.pde.ui-20120217-1437,org.eclipse.pde.internal.ui.editor.plugin,RequiresSection,handleDoubleClick,3,1,1
eclipse.pde.ui-20120217-1437,org.eclipse.pde.internal.ui.editor.plugin,RequiresSection,buttonSelected,19,6,1
eclipse.pde.ui-20120217-1437,org.eclipse.pde.internal.ui.editor.plugin,RequiresSection,handleOpenProperties,19,2,0
eclipse.pde.ui-20120217-1437,org.eclipse.pde.internal.ui.editor.plugin,RequiresSection,dispose,6,2,0
eclipse.pde.ui-20120217-1437,org.eclipse.pde.internal.ui.editor.plugin,RequiresSection,doGlobalAction,18,5,1
eclipse.pde.ui-20120217-1437,org.eclipse.pde.internal.ui.editor.plugin,RequiresSection,canPaste,16,5,2
eclipse.pde.ui-20120217-1437,org.eclipse.pde.internal.ui.editor.plugin,RequiresSection,doPaste,17,3,2
eclipse.pde.ui-20120217-1437,org.eclipse.pde.internal.ui.editor.plugin,RequiresSection,getModel,3,1,0
eclipse.pde.ui-20120217-1437,org.eclipse.pde.internal.ui.editor.plugin,RequiresSection,setFormInput,8,2,1
eclipse.pde.ui-20120217-1437,org.eclipse.pde.internal.ui.editor.plugin,RequiresSection,fillContextMenu,23,5,1
eclipse.pde.ui-20120217-1437,org.eclipse.pde.internal.ui.editor.plugin,RequiresSection,registerPopupMenu,4,1,1
eclipse.pde.ui-20120217-1437,org.eclipse.pde.internal.ui.editor.plugin,RequiresSection,handleOpen,12,5,1
eclipse.pde.ui-20120217-1437,org.eclipse.pde.internal.ui.editor.plugin,RequiresSection,handleRemove,17,3,0
eclipse.pde.ui-20120217-1437,org.eclipse.pde.internal.ui.editor.plugin,RequiresSection,removeImports,5,4,2
eclipse.pde.ui-20120217-1437,org.eclipse.pde.internal.ui.editor.plugin,RequiresSection,handleAdd,22,3,0
eclipse.pde.ui-20120217-1437,org.eclipse.pde.internal.ui.editor.plugin,RequiresSection,createImport,6,4,2
eclipse.pde.ui-20120217-1437,org.eclipse.pde.internal.ui.editor.plugin,RequiresSection,addImports,5,4,2
eclipse.pde.ui-20120217-1437,org.eclipse.pde.internal.ui.editor.plugin,RequiresSection,handleUp,5,2,0
eclipse.pde.ui-20120217-1437,org.eclipse.pde.internal.ui.editor.plugin,RequiresSection,handleDown,6,2,0
eclipse.pde.ui-20120217-1437,org.eclipse.pde.internal.ui.editor.plugin,RequiresSection,swap,13,1,2
eclipse.pde.ui-20120217-1437,org.eclipse.pde.internal.ui.editor.plugin,RequiresSection,getAvailablePlugins,12,4,1
eclipse.pde.ui-20120217-1437,org.eclipse.pde.internal.ui.editor.plugin,RequiresSection,addSystemBundle,14,2,1
eclipse.pde.ui-20120217-1437,org.eclipse.pde.internal.ui.editor.plugin,RequiresSection,initialize,10,2,0
eclipse.pde.ui-20120217-1437,org.eclipse.pde.internal.ui.editor.plugin,RequiresSection,makeActions,28,2,0
eclipse.pde.ui-20120217-1437,org.eclipse.pde.internal.ui.editor.plugin,RequiresSection,run,3,1,0
eclipse.pde.ui-20120217-1437,org.eclipse.pde.internal.ui.editor.plugin,RequiresSection,run,3,1,0
eclipse.pde.ui-20120217-1437,org.eclipse.pde.internal.ui.editor.plugin,RequiresSection,run,3,1,0
eclipse.pde.ui-20120217-1437,org.eclipse.pde.internal.ui.editor.plugin,RequiresSection,run,3,1,0
eclipse.pde.ui-20120217-1437,org.eclipse.pde.internal.ui.editor.plugin,RequiresSection,refresh,5,1,0
eclipse.pde.ui-20120217-1437,org.eclipse.pde.internal.ui.editor.plugin,RequiresSection,modelChanged,76,15,1
eclipse.pde.ui-20120217-1437,org.eclipse.pde.internal.ui.editor.plugin,RequiresSection,runInUIThread,65,14,1
eclipse.pde.ui-20120217-1437,org.eclipse.pde.internal.ui.editor.plugin,RequiresSection,modelsChanged,12,3,1
eclipse.pde.ui-20120217-1437,org.eclipse.pde.internal.ui.editor.plugin,RequiresSection,run,3,2,0
eclipse.pde.ui-20120217-1437,org.eclipse.pde.internal.ui.editor.plugin,RequiresSection,findImportObject,8,4,1
eclipse.pde.ui-20120217-1437,org.eclipse.pde.internal.ui.editor.plugin,RequiresSection,createImportObjects,9,2,0
eclipse.pde.ui-20120217-1437,org.eclipse.pde.internal.ui.editor.plugin,RequiresSection,setFocus,3,2,0
eclipse.pde.ui-20120217-1437,org.eclipse.pde.internal.ui.editor.plugin,RequiresSection,isBundle,3,1,0
eclipse.pde.ui-20120217-1437,org.eclipse.pde.internal.ui.editor.plugin,RequiresSection,createCount,3,1,0
eclipse.pde.ui-20120217-1437,org.eclipse.pde.internal.ui.editor.plugin,RequiresSection,propertyChange,5,2,1
eclipse.pde.ui-20120217-1437,org.eclipse.pde.internal.ui.editor.plugin,RequiresSection,isDragAndDropEnabled,3,1,0
eclipse.pde.ui-20120217-1437,org.eclipse.pde.internal.ui.editor.plugin,RequiresSection,canDragMove,9,3,1
eclipse.pde.ui-20120217-1437,org.eclipse.pde.internal.ui.editor.plugin,RequiresSection,validateDragMoveSanity,12,4,1
eclipse.pde.ui-20120217-1437,org.eclipse.pde.internal.ui.editor.plugin,RequiresSection,validateDropMoveSanity,9,3,2
eclipse.pde.ui-20120217-1437,org.eclipse.pde.internal.ui.editor.plugin,RequiresSection,validateDropMoveModel,11,3,2
eclipse.pde.ui-20120217-1437,org.eclipse.pde.internal.ui.editor.plugin,RequiresSection,canDropMove,31,8,3
eclipse.pde.ui-20120217-1437,org.eclipse.pde.internal.ui.editor.plugin,RequiresSection,doDropMove,15,4,3
eclipse.pde.ui-20120217-1437,org.eclipse.pde.internal.ui.editor.plugin,RequiresSection,doDropMove,20,3,4
eclipse.pde.ui-20120217-1437,org.eclipse.pde.internal.ui.editor.plugin,RequiresSection,resetImportInsertIndex,3,1,0
eclipse.pde.ui-20120217-1437,org.eclipse.pde.internal.ui.editor.plugin,RequiresSection,setImportInsertIndex,3,1,1
eclipse.pde.ui-20120217-1437,org.eclipse.pde.internal.ui.editor.plugin,RequiresSection,getImportInsertIndex,3,1,0
eclipse.pde.ui-20120217-1437,org.eclipse.pde.internal.ui.editor.plugin,RequiresSection,doDragRemove,14,2,0
eclipse.pde.ui-20120217-1437,org.eclipse.pde.internal.ui.editor.plugin,RequiresSection,isTreeViewerSorted,6,2,0
eclipse.pde.ui-20120217-1437,org.eclipse.pde.internal.ui.editor.plugin,ImportContentProvider,getElements,4,2,1
eclipse.pde.ui-20120217-1437,org.eclipse.pde.internal.ui.editor.plugin,ResourceAttributeValue,ResourceAttributeValue,4,1,2
eclipse.pde.ui-20120217-1437,org.eclipse.pde.internal.ui.editor.plugin,ResourceAttributeValue,getProject,3,1,0
eclipse.pde.ui-20120217-1437,org.eclipse.pde.internal.ui.editor.plugin,ResourceAttributeValue,getStringValue,3,1,0
eclipse.pde.ui-20120217-1437,org.eclipse.pde.internal.ui.editor.plugin,ResourceAttributeValue,toString,3,1,0
eclipse.pde.ui-20120217-1437,org.eclipse.pde.internal.ui.editor.plugin,RuntimePage,RuntimePage,3,1,1
eclipse.pde.ui-20120217-1437,org.eclipse.pde.internal.ui.editor.plugin,RuntimePage,getHelpResource,4,2,0
eclipse.pde.ui-20120217-1437,org.eclipse.pde.internal.ui.editor.plugin,RuntimePage,createFormContent,18,4,1
eclipse.pde.ui-20120217-1437,org.eclipse.pde.internal.ui.editor.plugin,RuntimePage,isBundle,3,1,0
eclipse.pde.ui-20120217-1437,org.eclipse.pde.internal.ui.editor.plugin.rows,BooleanAttributeRow,BooleanAttributeRow,3,1,2
eclipse.pde.ui-20120217-1437,org.eclipse.pde.internal.ui.editor.plugin.rows,BooleanAttributeRow,createContents,6,2,3
eclipse.pde.ui-20120217-1437,org.eclipse.pde.internal.ui.editor.plugin.rows,BooleanAttributeRow,isValid,4,2,1
eclipse.pde.ui-20120217-1437,org.eclipse.pde.internal.ui.editor.plugin.rows,BooleanAttributeRow,getValidValue,3,1,0
eclipse.pde.ui-20120217-1437,org.eclipse.pde.internal.ui.editor.plugin.rows,ButtonAttributeRow,ButtonAttributeRow,3,1,2
eclipse.pde.ui-20120217-1437,org.eclipse.pde.internal.ui.editor.plugin.rows,ButtonAttributeRow,createContents,12,3,3
eclipse.pde.ui-20120217-1437,org.eclipse.pde.internal.ui.editor.plugin.rows,ButtonAttributeRow,widgetSelected,3,2,1
eclipse.pde.ui-20120217-1437,org.eclipse.pde.internal.ui.editor.plugin.rows,ButtonAttributeRow,createGridData,6,1,1
eclipse.pde.ui-20120217-1437,org.eclipse.pde.internal.ui.editor.plugin.rows,ButtonAttributeRow,browse,0,1,0
eclipse.pde.ui-20120217-1437,org.eclipse.pde.internal.ui.editor.plugin.rows,ChoiceAttributeRow,ChoiceAttributeRow,3,1,2
eclipse.pde.ui-20120217-1437,org.eclipse.pde.internal.ui.editor.plugin.rows,ChoiceAttributeRow,createContents,28,6,3
eclipse.pde.ui-20120217-1437,org.eclipse.pde.internal.ui.editor.plugin.rows,ChoiceAttributeRow,widgetSelected,3,2,1
eclipse.pde.ui-20120217-1437,org.eclipse.pde.internal.ui.editor.plugin.rows,ChoiceAttributeRow,update,9,3,0
eclipse.pde.ui-20120217-1437,org.eclipse.pde.internal.ui.editor.plugin.rows,ChoiceAttributeRow,getValidValue,5,2,0
eclipse.pde.ui-20120217-1437,org.eclipse.pde.internal.ui.editor.plugin.rows,ChoiceAttributeRow,isValid,11,5,1
eclipse.pde.ui-20120217-1437,org.eclipse.pde.internal.ui.editor.plugin.rows,ChoiceAttributeRow,commit,13,3,0
eclipse.pde.ui-20120217-1437,org.eclipse.pde.internal.ui.editor.plugin.rows,ChoiceAttributeRow,setFocus,3,1,0
eclipse.pde.ui-20120217-1437,org.eclipse.pde.internal.ui.editor.plugin.rows,ClassAttributeRow,ClassAttributeRow,3,1,2
eclipse.pde.ui-20120217-1437,org.eclipse.pde.internal.ui.editor.plugin.rows,ClassAttributeRow,isReferenceModel,3,1,0
eclipse.pde.ui-20120217-1437,org.eclipse.pde.internal.ui.editor.plugin.rows,ClassAttributeRow,openReference,5,2,0
eclipse.pde.ui-20120217-1437,org.eclipse.pde.internal.ui.editor.plugin.rows,ClassAttributeRow,createContents,6,2,3
eclipse.pde.ui-20120217-1437,org.eclipse.pde.internal.ui.editor.plugin.rows,ClassAttributeRow,browse,8,1,0
eclipse.pde.ui-20120217-1437,org.eclipse.pde.internal.ui.editor.plugin.rows,ClassAttributeRow,run,3,1,0
eclipse.pde.ui-20120217-1437,org.eclipse.pde.internal.ui.editor.plugin.rows,ClassAttributeRow,createJavaAttributeValue,5,1,1
eclipse.pde.ui-20120217-1437,org.eclipse.pde.internal.ui.editor.plugin.rows,ClassAttributeRow,doOpenSelectionDialog,12,5,0
eclipse.pde.ui-20120217-1437,org.eclipse.pde.internal.ui.editor.plugin.rows,ClassAttributeRow,getPluginBase,4,1,0
eclipse.pde.ui-20120217-1437,org.eclipse.pde.internal.ui.editor.plugin.rows,ClassAttributeRow,dispose,6,2,0
eclipse.pde.ui-20120217-1437,org.eclipse.pde.internal.ui.editor.plugin.rows,ExtensionAttributeRow,ExtensionAttributeRow,4,1,2
eclipse.pde.ui-20120217-1437,org.eclipse.pde.internal.ui.editor.plugin.rows,ExtensionAttributeRow,ExtensionAttributeRow,4,1,2
eclipse.pde.ui-20120217-1437,org.eclipse.pde.internal.ui.editor.plugin.rows,ExtensionAttributeRow,getAttribute,3,1,0
eclipse.pde.ui-20120217-1437,org.eclipse.pde.internal.ui.editor.plugin.rows,ExtensionAttributeRow,getName,4,2,0
eclipse.pde.ui-20120217-1437,org.eclipse.pde.internal.ui.editor.plugin.rows,ExtensionAttributeRow,getUse,4,2,0
eclipse.pde.ui-20120217-1437,org.eclipse.pde.internal.ui.editor.plugin.rows,ExtensionAttributeRow,getDescription,4,2,0
eclipse.pde.ui-20120217-1437,org.eclipse.pde.internal.ui.editor.plugin.rows,ExtensionAttributeRow,getValue,8,3,0
eclipse.pde.ui-20120217-1437,org.eclipse.pde.internal.ui.editor.plugin.rows,ExtensionAttributeRow,getPropertyLabel,6,2,0
eclipse.pde.ui-20120217-1437,org.eclipse.pde.internal.ui.editor.plugin.rows,ExtensionAttributeRow,createLabel,5,1,2
eclipse.pde.ui-20120217-1437,org.eclipse.pde.internal.ui.editor.plugin.rows,ExtensionAttributeRow,createTextHover,4,1,1
eclipse.pde.ui-20120217-1437,org.eclipse.pde.internal.ui.editor.plugin.rows,ExtensionAttributeRow,getHoverContent,11,5,1
eclipse.pde.ui-20120217-1437,org.eclipse.pde.internal.ui.editor.plugin.rows,ExtensionAttributeRow,createContents,3,1,3
eclipse.pde.ui-20120217-1437,org.eclipse.pde.internal.ui.editor.plugin.rows,ExtensionAttributeRow,update,0,1,0
eclipse.pde.ui-20120217-1437,org.eclipse.pde.internal.ui.editor.plugin.rows,ExtensionAttributeRow,commit,0,1,0
eclipse.pde.ui-20120217-1437,org.eclipse.pde.internal.ui.editor.plugin.rows,ExtensionAttributeRow,setFocus,0,1,0
eclipse.pde.ui-20120217-1437,org.eclipse.pde.internal.ui.editor.plugin.rows,ExtensionAttributeRow,isDirty,3,1,0
eclipse.pde.ui-20120217-1437,org.eclipse.pde.internal.ui.editor.plugin.rows,ExtensionAttributeRow,markDirty,4,1,0
eclipse.pde.ui-20120217-1437,org.eclipse.pde.internal.ui.editor.plugin.rows,ExtensionAttributeRow,dispose,3,2,0
eclipse.pde.ui-20120217-1437,org.eclipse.pde.internal.ui.editor.plugin.rows,ExtensionAttributeRow,setInput,4,1,1
eclipse.pde.ui-20120217-1437,org.eclipse.pde.internal.ui.editor.plugin.rows,ExtensionAttributeRow,getProject,3,1,0
eclipse.pde.ui-20120217-1437,org.eclipse.pde.internal.ui.editor.plugin.rows,IdAttributeRow,getImage,3,1,1
eclipse.pde.ui-20120217-1437,org.eclipse.pde.internal.ui.editor.plugin.rows,IdAttributeRow,getText,27,8,1
eclipse.pde.ui-20120217-1437,org.eclipse.pde.internal.ui.editor.plugin.rows,IdAttributeRow,IdAttributeRow,3,1,2
eclipse.pde.ui-20120217-1437,org.eclipse.pde.internal.ui.editor.plugin.rows,IdAttributeRow,isReferenceModel,3,1,0
eclipse.pde.ui-20120217-1437,org.eclipse.pde.internal.ui.editor.plugin.rows,IdAttributeRow,browse,13,2,0
eclipse.pde.ui-20120217-1437,org.eclipse.pde.internal.ui.editor.plugin.rows,IdAttributeRow,openReference,21,4,0
eclipse.pde.ui-20120217-1437,org.eclipse.pde.internal.ui.editor.plugin.rows,IdAttributeLabelProvider,getImage,3,1,1
eclipse.pde.ui-20120217-1437,org.eclipse.pde.internal.ui.editor.plugin.rows,IdAttributeLabelProvider,getText,27,8,1
eclipse.pde.ui-20120217-1437,org.eclipse.pde.internal.ui.editor.plugin.rows,ReferenceAttributeRow,ReferenceAttributeRow,3,1,2
eclipse.pde.ui-20120217-1437,org.eclipse.pde.internal.ui.editor.plugin.rows,ReferenceAttributeRow,createLabel,19,3,2
eclipse.pde.ui-20120217-1437,org.eclipse.pde.internal.ui.editor.plugin.rows,ReferenceAttributeRow,linkActivated,8,2,1
eclipse.pde.ui-20120217-1437,org.eclipse.pde.internal.ui.editor.plugin.rows,ReferenceAttributeRow,isReferenceModel,3,1,0
eclipse.pde.ui-20120217-1437,org.eclipse.pde.internal.ui.editor.plugin.rows,ReferenceAttributeRow,openReference,0,1,0
eclipse.pde.ui-20120217-1437,org.eclipse.pde.internal.ui.editor.plugin.rows,ResourceAttributeRow,ResourceAttributeRow,3,1,2
eclipse.pde.ui-20120217-1437,org.eclipse.pde.internal.ui.editor.plugin.rows,ResourceAttributeRow,isReferenceModel,3,1,0
eclipse.pde.ui-20120217-1437,org.eclipse.pde.internal.ui.editor.plugin.rows,ResourceAttributeRow,openReference,7,4,0
eclipse.pde.ui-20120217-1437,org.eclipse.pde.internal.ui.editor.plugin.rows,ResourceAttributeRow,openFile,24,3,1
eclipse.pde.ui-20120217-1437,org.eclipse.pde.internal.ui.editor.plugin.rows,ResourceAttributeRow,openContainer,11,2,1
eclipse.pde.ui-20120217-1437,org.eclipse.pde.internal.ui.editor.plugin.rows,ResourceAttributeRow,getFile,6,2,0
eclipse.pde.ui-20120217-1437,org.eclipse.pde.internal.ui.editor.plugin.rows,ResourceAttributeRow,getNLFile,6,2,0
eclipse.pde.ui-20120217-1437,org.eclipse.pde.internal.ui.editor.plugin.rows,ResourceAttributeRow,browse,31,6,0
eclipse.pde.ui-20120217-1437,org.eclipse.pde.internal.ui.editor.plugin.rows,ResourceAttributeRow,select,4,2,3
eclipse.pde.ui-20120217-1437,org.eclipse.pde.internal.ui.editor.plugin.rows,ResourceAttributeRow,validate,4,2,1
eclipse.pde.ui-20120217-1437,org.eclipse.pde.internal.ui.editor.plugin.rows,TextAttributeRow,TextAttributeRow,3,1,2
eclipse.pde.ui-20120217-1437,org.eclipse.pde.internal.ui.editor.plugin.rows,TextAttributeRow,TextAttributeRow,3,1,2
eclipse.pde.ui-20120217-1437,org.eclipse.pde.internal.ui.editor.plugin.rows,TextAttributeRow,createContents,16,2,3
eclipse.pde.ui-20120217-1437,org.eclipse.pde.internal.ui.editor.plugin.rows,TextAttributeRow,modifyText,4,2,1
eclipse.pde.ui-20120217-1437,org.eclipse.pde.internal.ui.editor.plugin.rows,TextAttributeRow,createUITextFocusListener,9,1,0
eclipse.pde.ui-20120217-1437,org.eclipse.pde.internal.ui.editor.plugin.rows,TextAttributeRow,focusGained,4,1,1
eclipse.pde.ui-20120217-1437,org.eclipse.pde.internal.ui.editor.plugin.rows,TextAttributeRow,createGridData,7,1,1
eclipse.pde.ui-20120217-1437,org.eclipse.pde.internal.ui.editor.plugin.rows,TextAttributeRow,update,5,1,0
eclipse.pde.ui-20120217-1437,org.eclipse.pde.internal.ui.editor.plugin.rows,TextAttributeRow,commit,12,2,0
eclipse.pde.ui-20120217-1437,org.eclipse.pde.internal.ui.editor.plugin.rows,TextAttributeRow,setFocus,3,1,0
eclipse.pde.ui-20120217-1437,org.eclipse.pde.internal.ui.editor.plugin.rows,TranslatableAttributeRow,TranslatableAttributeRow,3,1,2
eclipse.pde.ui-20120217-1437,org.eclipse.pde.internal.ui.editor.plugin.rows,TranslatableAttributeRow,isReferenceModel,3,1,0
eclipse.pde.ui-20120217-1437,org.eclipse.pde.internal.ui.editor.plugin.rows,TranslatableAttributeRow,openReference,7,2,0
eclipse.pde.ui-20120217-1437,org.eclipse.pde.internal.ui.editor.product,AboutSection,AboutSection,4,1,2
eclipse.pde.ui-20120217-1437,org.eclipse.pde.internal.ui.editor.product,AboutSection,createClient,51,1,2
eclipse.pde.ui-20120217-1437,org.eclipse.pde.internal.ui.editor.product,AboutSection,validateControl,3,1,0
eclipse.pde.ui-20120217-1437,org.eclipse.pde.internal.ui.editor.product,AboutSection,textValueChanged,3,1,1
eclipse.pde.ui-20120217-1437,org.eclipse.pde.internal.ui.editor.product,AboutSection,browseButtonSelected,3,1,1
eclipse.pde.ui-20120217-1437,org.eclipse.pde.internal.ui.editor.product,AboutSection,linkActivated,3,1,1
eclipse.pde.ui-20120217-1437,org.eclipse.pde.internal.ui.editor.product,AboutSection,textValueChanged,3,1,1
eclipse.pde.ui-20120217-1437,org.eclipse.pde.internal.ui.editor.product,AboutSection,validateImageEntry,3,1,0
eclipse.pde.ui-20120217-1437,org.eclipse.pde.internal.ui.editor.product,AboutSection,handleBrowse,16,2,0
eclipse.pde.ui-20120217-1437,org.eclipse.pde.internal.ui.editor.product,AboutSection,refresh,5,1,0
eclipse.pde.ui-20120217-1437,org.eclipse.pde.internal.ui.editor.product,AboutSection,commit,5,1,1
eclipse.pde.ui-20120217-1437,org.eclipse.pde.internal.ui.editor.product,AboutSection,cancelEdit,5,1,0
eclipse.pde.ui-20120217-1437,org.eclipse.pde.internal.ui.editor.product,AboutSection,getAboutInfo,8,2,0
eclipse.pde.ui-20120217-1437,org.eclipse.pde.internal.ui.editor.product,AboutSection,getProduct,3,1,0
eclipse.pde.ui-20120217-1437,org.eclipse.pde.internal.ui.editor.product,AboutSection,getModel,3,1,0
eclipse.pde.ui-20120217-1437,org.eclipse.pde.internal.ui.editor.product,AboutSection,canPaste,6,2,1
eclipse.pde.ui-20120217-1437,org.eclipse.pde.internal.ui.editor.product,AboutSection,modelChanged,5,2,1
eclipse.pde.ui-20120217-1437,org.eclipse.pde.internal.ui.editor.product,AboutSection,handleModelEventWorldChanged,3,1,1
eclipse.pde.ui-20120217-1437,org.eclipse.pde.internal.ui.editor.product,AboutSection,dispose,7,2,0
eclipse.pde.ui-20120217-1437,org.eclipse.pde.internal.ui.editor.product,ArgumentsSection,ArgumentsSection,4,1,2
eclipse.pde.ui-20120217-1437,org.eclipse.pde.internal.ui.editor.product,ArgumentsSection,createClient,52,3,2
eclipse.pde.ui-20120217-1437,org.eclipse.pde.internal.ui.editor.product,ArgumentsSection,widgetSelected,5,3,1
eclipse.pde.ui-20120217-1437,org.eclipse.pde.internal.ui.editor.product,ArgumentsSection,textValueChanged,4,1,1
eclipse.pde.ui-20120217-1437,org.eclipse.pde.internal.ui.editor.product,ArgumentsSection,textValueChanged,4,1,1
eclipse.pde.ui-20120217-1437,org.eclipse.pde.internal.ui.editor.product,ArgumentsSection,createTabs,9,2,0
eclipse.pde.ui-20120217-1437,org.eclipse.pde.internal.ui.editor.product,ArgumentsSection,refresh,6,1,0
eclipse.pde.ui-20120217-1437,org.eclipse.pde.internal.ui.editor.product,ArgumentsSection,commit,5,1,1
eclipse.pde.ui-20120217-1437,org.eclipse.pde.internal.ui.editor.product,ArgumentsSection,cancelEdit,5,1,0
eclipse.pde.ui-20120217-1437,org.eclipse.pde.internal.ui.editor.product,ArgumentsSection,getLauncherArguments,8,2,0
eclipse.pde.ui-20120217-1437,org.eclipse.pde.internal.ui.editor.product,ArgumentsSection,getProduct,3,1,0
eclipse.pde.ui-20120217-1437,org.eclipse.pde.internal.ui.editor.product,ArgumentsSection,getModel,3,1,0
eclipse.pde.ui-20120217-1437,org.eclipse.pde.internal.ui.editor.product,ArgumentsSection,canPaste,4,1,1
eclipse.pde.ui-20120217-1437,org.eclipse.pde.internal.ui.editor.product,ArgumentsSection,modelChanged,5,2,1
eclipse.pde.ui-20120217-1437,org.eclipse.pde.internal.ui.editor.product,ArgumentsSection,handleModelEventWorldChanged,3,1,1
eclipse.pde.ui-20120217-1437,org.eclipse.pde.internal.ui.editor.product,ArgumentsSection,dispose,7,2,0
eclipse.pde.ui-20120217-1437,org.eclipse.pde.internal.ui.editor.product,BrandingPage,BrandingPage,3,1,1
eclipse.pde.ui-20120217-1437,org.eclipse.pde.internal.ui.editor.product,BrandingPage,getHelpResource,3,1,0
eclipse.pde.ui-20120217-1437,org.eclipse.pde.internal.ui.editor.product,BrandingPage,createFormContent,9,1,1
eclipse.pde.ui-20120217-1437,org.eclipse.pde.internal.ui.editor.product,BrandingPage,fillBody,7,1,2
eclipse.pde.ui-20120217-1437,org.eclipse.pde.internal.ui.editor.product,ConfigurationPage,ConfigurationPage,3,1,2
eclipse.pde.ui-20120217-1437,org.eclipse.pde.internal.ui.editor.product,ConfigurationPage,createFormContent,9,1,1
eclipse.pde.ui-20120217-1437,org.eclipse.pde.internal.ui.editor.product,ConfigurationPage,fillBody,9,2,2
eclipse.pde.ui-20120217-1437,org.eclipse.pde.internal.ui.editor.product,ConfigurationSection,ConfigurationSection,4,1,2
eclipse.pde.ui-20120217-1437,org.eclipse.pde.internal.ui.editor.product,ConfigurationSection,createClient,76,4,2
eclipse.pde.ui-20120217-1437,org.eclipse.pde.internal.ui.editor.product,ConfigurationSection,widgetSelected,4,2,1
eclipse.pde.ui-20120217-1437,org.eclipse.pde.internal.ui.editor.product,ConfigurationSection,widgetSelected,11,2,1
eclipse.pde.ui-20120217-1437,org.eclipse.pde.internal.ui.editor.product,ConfigurationSection,textValueChanged,8,2,1
eclipse.pde.ui-20120217-1437,org.eclipse.pde.internal.ui.editor.product,ConfigurationSection,browseButtonSelected,3,1,1
eclipse.pde.ui-20120217-1437,org.eclipse.pde.internal.ui.editor.product,ConfigurationSection,linkActivated,3,1,1
eclipse.pde.ui-20120217-1437,org.eclipse.pde.internal.ui.editor.product,ConfigurationSection,dispose,7,2,0
eclipse.pde.ui-20120217-1437,org.eclipse.pde.internal.ui.editor.product,ConfigurationSection,handleBrowse,13,2,0
eclipse.pde.ui-20120217-1437,org.eclipse.pde.internal.ui.editor.product,ConfigurationSection,refresh,20,2,0
eclipse.pde.ui-20120217-1437,org.eclipse.pde.internal.ui.editor.product,ConfigurationSection,getConfigurationFileInfo,8,2,0
eclipse.pde.ui-20120217-1437,org.eclipse.pde.internal.ui.editor.product,ConfigurationSection,getProduct,3,1,0
eclipse.pde.ui-20120217-1437,org.eclipse.pde.internal.ui.editor.product,ConfigurationSection,getModel,3,1,0
eclipse.pde.ui-20120217-1437,org.eclipse.pde.internal.ui.editor.product,ConfigurationSection,commit,4,1,1
eclipse.pde.ui-20120217-1437,org.eclipse.pde.internal.ui.editor.product,ConfigurationSection,cancelEdit,4,1,0
eclipse.pde.ui-20120217-1437,org.eclipse.pde.internal.ui.editor.product,ConfigurationSection,canPaste,6,2,1
eclipse.pde.ui-20120217-1437,org.eclipse.pde.internal.ui.editor.product,ConfigurationSection,handleOpen,15,3,0
eclipse.pde.ui-20120217-1437,org.eclipse.pde.internal.ui.editor.product,ConfigurationSection,modelChanged,5,2,1
eclipse.pde.ui-20120217-1437,org.eclipse.pde.internal.ui.editor.product,ConfigurationSection,handleModelEventWorldChanged,7,2,1
eclipse.pde.ui-20120217-1437,org.eclipse.pde.internal.ui.editor.product,ConfigurationSection,createTabs,19,5,0
eclipse.pde.ui-20120217-1437,org.eclipse.pde.internal.ui.editor.product,ConfigurationSection,getOS,6,2,1
eclipse.pde.ui-20120217-1437,org.eclipse.pde.internal.ui.editor.product,DependenciesPage,DependenciesPage,4,1,2
eclipse.pde.ui-20120217-1437,org.eclipse.pde.internal.ui.editor.product,DependenciesPage,getHelpResource,3,1,0
eclipse.pde.ui-20120217-1437,org.eclipse.pde.internal.ui.editor.product,DependenciesPage,createFormContent,9,1,1
eclipse.pde.ui-20120217-1437,org.eclipse.pde.internal.ui.editor.product,DependenciesPage,fillBody,6,2,2
eclipse.pde.ui-20120217-1437,org.eclipse.pde.internal.ui.editor.product,DependenciesPage,includeOptionalDependencies,3,1,0
eclipse.pde.ui-20120217-1437,org.eclipse.pde.internal.ui.editor.product,FeatureSection,getElements,3,1,1
eclipse.pde.ui-20120217-1437,org.eclipse.pde.internal.ui.editor.product,FeatureSection,NewFeatureAction,4,1,0
eclipse.pde.ui-20120217-1437,org.eclipse.pde.internal.ui.editor.product,FeatureSection,run,3,1,0
eclipse.pde.ui-20120217-1437,org.eclipse.pde.internal.ui.editor.product,FeatureSection,FeatureSection,3,1,2
eclipse.pde.ui-20120217-1437,org.eclipse.pde.internal.ui.editor.product,FeatureSection,getButtonLabels,10,1,0
eclipse.pde.ui-20120217-1437,org.eclipse.pde.internal.ui.editor.product,FeatureSection,createClient,27,1,2
eclipse.pde.ui-20120217-1437,org.eclipse.pde.internal.ui.editor.product,FeatureSection,createSectionToolbar,20,2,2
eclipse.pde.ui-20120217-1437,org.eclipse.pde.internal.ui.editor.product,FeatureSection,widgetDisposed,5,2,1
eclipse.pde.ui-20120217-1437,org.eclipse.pde.internal.ui.editor.product,FeatureSection,buttonSelected,22,7,1
eclipse.pde.ui-20120217-1437,org.eclipse.pde.internal.ui.editor.product,FeatureSection,handleProperties,12,3,0
eclipse.pde.ui-20120217-1437,org.eclipse.pde.internal.ui.editor.product,FeatureSection,handleNewFeature,9,2,0
eclipse.pde.ui-20120217-1437,org.eclipse.pde.internal.ui.editor.product,FeatureSection,addFeature,8,1,2
eclipse.pde.ui-20120217-1437,org.eclipse.pde.internal.ui.editor.product,FeatureSection,handleRemoveAll,4,1,0
eclipse.pde.ui-20120217-1437,org.eclipse.pde.internal.ui.editor.product,FeatureSection,handleDoubleClick,3,1,1
eclipse.pde.ui-20120217-1437,org.eclipse.pde.internal.ui.editor.product,FeatureSection,dispose,5,2,0
eclipse.pde.ui-20120217-1437,org.eclipse.pde.internal.ui.editor.product,FeatureSection,doGlobalAction,15,4,1
eclipse.pde.ui-20120217-1437,org.eclipse.pde.internal.ui.editor.product,FeatureSection,canPaste,6,3,2
eclipse.pde.ui-20120217-1437,org.eclipse.pde.internal.ui.editor.product,FeatureSection,doPaste,9,4,2
eclipse.pde.ui-20120217-1437,org.eclipse.pde.internal.ui.editor.product,FeatureSection,handleDelete,9,2,0
eclipse.pde.ui-20120217-1437,org.eclipse.pde.internal.ui.editor.product,FeatureSection,fillContextMenu,31,2,1
eclipse.pde.ui-20120217-1437,org.eclipse.pde.internal.ui.editor.product,FeatureSection,run,3,1,0
eclipse.pde.ui-20120217-1437,org.eclipse.pde.internal.ui.editor.product,FeatureSection,run,3,1,0
eclipse.pde.ui-20120217-1437,org.eclipse.pde.internal.ui.editor.product,FeatureSection,run,3,1,0
eclipse.pde.ui-20120217-1437,org.eclipse.pde.internal.ui.editor.product,FeatureSection,handleOpen,8,2,1
eclipse.pde.ui-20120217-1437,org.eclipse.pde.internal.ui.editor.product,FeatureSection,handleAdd,10,3,0
eclipse.pde.ui-20120217-1437,org.eclipse.pde.internal.ui.editor.product,FeatureSection,getAvailableChoices,12,3,0
eclipse.pde.ui-20120217-1437,org.eclipse.pde.internal.ui.editor.product,FeatureSection,getProduct,3,1,0
eclipse.pde.ui-20120217-1437,org.eclipse.pde.internal.ui.editor.product,FeatureSection,getModel,3,1,0
eclipse.pde.ui-20120217-1437,org.eclipse.pde.internal.ui.editor.product,FeatureSection,modelChanged,32,11,1
eclipse.pde.ui-20120217-1437,org.eclipse.pde.internal.ui.editor.product,FeatureSection,handleModelEventWorldChanged,7,2,1
eclipse.pde.ui-20120217-1437,org.eclipse.pde.internal.ui.editor.product,FeatureSection,refresh,5,1,0
eclipse.pde.ui-20120217-1437,org.eclipse.pde.internal.ui.editor.product,FeatureSection,selectionChanged,4,1,1
eclipse.pde.ui-20120217-1437,org.eclipse.pde.internal.ui.editor.product,FeatureSection,setFormInput,7,2,1
eclipse.pde.ui-20120217-1437,org.eclipse.pde.internal.ui.editor.product,FeatureSection,updateButtons,15,3,2
eclipse.pde.ui-20120217-1437,org.eclipse.pde.internal.ui.editor.product,FeatureSection,createCount,3,1,0
eclipse.pde.ui-20120217-1437,org.eclipse.pde.internal.ui.editor.product,FeatureSection,handleUp,5,2,0
eclipse.pde.ui-20120217-1437,org.eclipse.pde.internal.ui.editor.product,FeatureSection,handleDown,6,2,0
eclipse.pde.ui-20120217-1437,org.eclipse.pde.internal.ui.editor.product,FeatureSection,swap,7,1,2
eclipse.pde.ui-20120217-1437,org.eclipse.pde.internal.ui.editor.product,FeatureSection,propertyChange,5,2,1
eclipse.pde.ui-20120217-1437,org.eclipse.pde.internal.ui.editor.product,ContentProvider,getElements,3,1,1
eclipse.pde.ui-20120217-1437,org.eclipse.pde.internal.ui.editor.product,NewFeatureAction,NewFeatureAction,4,1,0
eclipse.pde.ui-20120217-1437,org.eclipse.pde.internal.ui.editor.product,NewFeatureAction,run,3,1,0
eclipse.pde.ui-20120217-1437,org.eclipse.pde.internal.ui.editor.product,GeneralInfoSection,GeneralInfoSection,4,1,2
eclipse.pde.ui-20120217-1437,org.eclipse.pde.internal.ui.editor.product,GeneralInfoSection,createClient,18,1,2
eclipse.pde.ui-20120217-1437,org.eclipse.pde.internal.ui.editor.product,GeneralInfoSection,dispose,5,2,0
eclipse.pde.ui-20120217-1437,org.eclipse.pde.internal.ui.editor.product,GeneralInfoSection,createNameEntry,14,1,3
eclipse.pde.ui-20120217-1437,org.eclipse.pde.internal.ui.editor.product,GeneralInfoSection,textValueChanged,3,1,1
eclipse.pde.ui-20120217-1437,org.eclipse.pde.internal.ui.editor.product,GeneralInfoSection,createIdEntry,16,1,3
eclipse.pde.ui-20120217-1437,org.eclipse.pde.internal.ui.editor.product,GeneralInfoSection,textValueChanged,4,1,1
eclipse.pde.ui-20120217-1437,org.eclipse.pde.internal.ui.editor.product,GeneralInfoSection,validateProductId,10,2,0
eclipse.pde.ui-20120217-1437,org.eclipse.pde.internal.ui.editor.product,GeneralInfoSection,createVersionEntry,14,1,3
eclipse.pde.ui-20120217-1437,org.eclipse.pde.internal.ui.editor.product,GeneralInfoSection,textValueChanged,3,1,1
eclipse.pde.ui-20120217-1437,org.eclipse.pde.internal.ui.editor.product,GeneralInfoSection,createLaunchersOption,13,1,2
eclipse.pde.ui-20120217-1437,org.eclipse.pde.internal.ui.editor.product,GeneralInfoSection,widgetSelected,3,1,1
eclipse.pde.ui-20120217-1437,org.eclipse.pde.internal.ui.editor.product,GeneralInfoSection,commit,6,1,1
eclipse.pde.ui-20120217-1437,org.eclipse.pde.internal.ui.editor.product,GeneralInfoSection,cancelEdit,6,1,0
eclipse.pde.ui-20120217-1437,org.eclipse.pde.internal.ui.editor.product,GeneralInfoSection,getModel,3,1,0
eclipse.pde.ui-20120217-1437,org.eclipse.pde.internal.ui.editor.product,GeneralInfoSection,getProduct,3,1,0
eclipse.pde.ui-20120217-1437,org.eclipse.pde.internal.ui.editor.product,GeneralInfoSection,refresh,14,4,0
eclipse.pde.ui-20120217-1437,org.eclipse.pde.internal.ui.editor.product,GeneralInfoSection,modelChanged,21,7,1
eclipse.pde.ui-20120217-1437,org.eclipse.pde.internal.ui.editor.product,GeneralInfoSection,handleModelEventWorldChanged,4,1,1
eclipse.pde.ui-20120217-1437,org.eclipse.pde.internal.ui.editor.product,GeneralInfoSection,canPaste,6,2,1
eclipse.pde.ui-20120217-1437,org.eclipse.pde.internal.ui.editor.product,IntroSection,IntroSection,4,1,2
eclipse.pde.ui-20120217-1437,org.eclipse.pde.internal.ui.editor.product,IntroSection,createClient,45,3,2
eclipse.pde.ui-20120217-1437,org.eclipse.pde.internal.ui.editor.product,IntroSection,widgetSelected,3,1,1
eclipse.pde.ui-20120217-1437,org.eclipse.pde.internal.ui.editor.product,IntroSection,widgetSelected,3,1,1
eclipse.pde.ui-20120217-1437,org.eclipse.pde.internal.ui.editor.product,IntroSection,handleSelection,8,2,0
eclipse.pde.ui-20120217-1437,org.eclipse.pde.internal.ui.editor.product,IntroSection,loadManifestAndIntroIds,24,9,1
eclipse.pde.ui-20120217-1437,org.eclipse.pde.internal.ui.editor.product,IntroSection,handleNewIntro,18,4,0
eclipse.pde.ui-20120217-1437,org.eclipse.pde.internal.ui.editor.product,IntroSection,refresh,10,2,0
eclipse.pde.ui-20120217-1437,org.eclipse.pde.internal.ui.editor.product,IntroSection,getIntroInfo,8,2,0
eclipse.pde.ui-20120217-1437,org.eclipse.pde.internal.ui.editor.product,IntroSection,getProduct,3,1,0
eclipse.pde.ui-20120217-1437,org.eclipse.pde.internal.ui.editor.product,IntroSection,getModel,3,1,0
eclipse.pde.ui-20120217-1437,org.eclipse.pde.internal.ui.editor.product,IntroSection,productDefined,4,1,0
eclipse.pde.ui-20120217-1437,org.eclipse.pde.internal.ui.editor.product,IntroSection,addDependenciesAndPlugins,15,5,0
eclipse.pde.ui-20120217-1437,org.eclipse.pde.internal.ui.editor.product,IntroSection,addRequiredBundle,18,5,0
eclipse.pde.ui-20120217-1437,org.eclipse.pde.internal.ui.editor.product,IntroSection,modifyModel,12,5,2
eclipse.pde.ui-20120217-1437,org.eclipse.pde.internal.ui.editor.product,IntroSection,modelChanged,5,2,1
eclipse.pde.ui-20120217-1437,org.eclipse.pde.internal.ui.editor.product,IntroSection,handleModelEventWorldChanged,3,1,1
eclipse.pde.ui-20120217-1437,org.eclipse.pde.internal.ui.editor.product,IntroSection,dispose,7,2,0
eclipse.pde.ui-20120217-1437,org.eclipse.pde.internal.ui.editor.product,JRESection,getText,14,3,1
eclipse.pde.ui-20120217-1437,org.eclipse.pde.internal.ui.editor.product,JRESection,JRESection,4,1,2
eclipse.pde.ui-20120217-1437,org.eclipse.pde.internal.ui.editor.product,JRESection,createClient,73,2,2
eclipse.pde.ui-20120217-1437,org.eclipse.pde.internal.ui.editor.product,JRESection,widgetSelected,3,1,1
eclipse.pde.ui-20120217-1437,org.eclipse.pde.internal.ui.editor.product,JRESection,selectionChanged,7,2,1
eclipse.pde.ui-20120217-1437,org.eclipse.pde.internal.ui.editor.product,JRESection,handleEvent,3,1,1
eclipse.pde.ui-20120217-1437,org.eclipse.pde.internal.ui.editor.product,JRESection,widgetSelected,3,1,1
eclipse.pde.ui-20120217-1437,org.eclipse.pde.internal.ui.editor.product,JRESection,setEE,5,2,1
eclipse.pde.ui-20120217-1437,org.eclipse.pde.internal.ui.editor.product,JRESection,getProductModel,3,1,0
eclipse.pde.ui-20120217-1437,org.eclipse.pde.internal.ui.editor.product,JRESection,dispose,7,2,0
eclipse.pde.ui-20120217-1437,org.eclipse.pde.internal.ui.editor.product,JRESection,createTabs,19,5,0
eclipse.pde.ui-20120217-1437,org.eclipse.pde.internal.ui.editor.product,JRESection,refresh,26,5,0
eclipse.pde.ui-20120217-1437,org.eclipse.pde.internal.ui.editor.product,JRESection,getJVMLocations,8,2,0
eclipse.pde.ui-20120217-1437,org.eclipse.pde.internal.ui.editor.product,JRESection,getOS,6,2,1
eclipse.pde.ui-20120217-1437,org.eclipse.pde.internal.ui.editor.product,JRESection,getProduct,3,1,0
eclipse.pde.ui-20120217-1437,org.eclipse.pde.internal.ui.editor.product,JRESection,getModel,3,1,0
eclipse.pde.ui-20120217-1437,org.eclipse.pde.internal.ui.editor.product,JRESection,canPaste,4,1,1
eclipse.pde.ui-20120217-1437,org.eclipse.pde.internal.ui.editor.product,JRESection,updateWidgets,3,1,0
eclipse.pde.ui-20120217-1437,org.eclipse.pde.internal.ui.editor.product,JRESection,modelChanged,5,2,1
eclipse.pde.ui-20120217-1437,org.eclipse.pde.internal.ui.editor.product,JRESection,handleModelEventWorldChanged,4,1,1
eclipse.pde.ui-20120217-1437,org.eclipse.pde.internal.ui.editor.product,EELabelProvider,getText,14,3,1
eclipse.pde.ui-20120217-1437,org.eclipse.pde.internal.ui.editor.product,LauncherSection,IconEntry,6,1,4
eclipse.pde.ui-20120217-1437,org.eclipse.pde.internal.ui.editor.product,LauncherSection,addEntryFormListener,15,1,0
eclipse.pde.ui-20120217-1437,org.eclipse.pde.internal.ui.editor.product,LauncherSection,textValueChanged,3,1,1
eclipse.pde.ui-20120217-1437,org.eclipse.pde.internal.ui.editor.product,LauncherSection,browseButtonSelected,3,1,1
eclipse.pde.ui-20120217-1437,org.eclipse.pde.internal.ui.editor.product,LauncherSection,linkActivated,3,1,1
eclipse.pde.ui-20120217-1437,org.eclipse.pde.internal.ui.editor.product,LauncherSection,getIconId,3,1,0
eclipse.pde.ui-20120217-1437,org.eclipse.pde.internal.ui.editor.product,LauncherSection,LauncherSection,4,1,2
eclipse.pde.ui-20120217-1437,org.eclipse.pde.internal.ui.editor.product,LauncherSection,createClient,52,1,2
eclipse.pde.ui-20120217-1437,org.eclipse.pde.internal.ui.editor.product,LauncherSection,textValueChanged,3,1,1
eclipse.pde.ui-20120217-1437,org.eclipse.pde.internal.ui.editor.product,LauncherSection,widgetSelected,3,1,1
eclipse.pde.ui-20120217-1437,org.eclipse.pde.internal.ui.editor.product,LauncherSection,dispose,7,2,0
eclipse.pde.ui-20120217-1437,org.eclipse.pde.internal.ui.editor.product,LauncherSection,createTabs,23,4,0
eclipse.pde.ui-20120217-1437,org.eclipse.pde.internal.ui.editor.product,LauncherSection,addTab,5,1,1
eclipse.pde.ui-20120217-1437,org.eclipse.pde.internal.ui.editor.product,LauncherSection,addWin32Section,51,2,2
eclipse.pde.ui-20120217-1437,org.eclipse.pde.internal.ui.editor.product,LauncherSection,validateControl,3,1,0
eclipse.pde.ui-20120217-1437,org.eclipse.pde.internal.ui.editor.product,LauncherSection,modifyText,3,1,1
eclipse.pde.ui-20120217-1437,org.eclipse.pde.internal.ui.editor.product,LauncherSection,widgetSelected,5,1,1
eclipse.pde.ui-20120217-1437,org.eclipse.pde.internal.ui.editor.product,LauncherSection,validateControl,3,1,0
eclipse.pde.ui-20120217-1437,org.eclipse.pde.internal.ui.editor.product,LauncherSection,validateSingleWinIcon,3,1,1
eclipse.pde.ui-20120217-1437,org.eclipse.pde.internal.ui.editor.product,LauncherSection,validateMultipleWinIcon,3,1,2
eclipse.pde.ui-20120217-1437,org.eclipse.pde.internal.ui.editor.product,LauncherSection,createLabel,14,3,4
eclipse.pde.ui-20120217-1437,org.eclipse.pde.internal.ui.editor.product,LauncherSection,addLinuxSection,7,1,2
eclipse.pde.ui-20120217-1437,org.eclipse.pde.internal.ui.editor.product,LauncherSection,addSolarisSection,10,1,2
eclipse.pde.ui-20120217-1437,org.eclipse.pde.internal.ui.editor.product,LauncherSection,addMacSection,7,1,2
eclipse.pde.ui-20120217-1437,org.eclipse.pde.internal.ui.editor.product,LauncherSection,createComposite,8,1,2
eclipse.pde.ui-20120217-1437,org.eclipse.pde.internal.ui.editor.product,LauncherSection,refresh,15,2,0
eclipse.pde.ui-20120217-1437,org.eclipse.pde.internal.ui.editor.product,LauncherSection,updateWinEntries,14,4,1
eclipse.pde.ui-20120217-1437,org.eclipse.pde.internal.ui.editor.product,LauncherSection,updateWinEntryValidators,8,2,1
eclipse.pde.ui-20120217-1437,org.eclipse.pde.internal.ui.editor.product,LauncherSection,getLauncherInfo,8,2,0
eclipse.pde.ui-20120217-1437,org.eclipse.pde.internal.ui.editor.product,LauncherSection,getProduct,3,1,0
eclipse.pde.ui-20120217-1437,org.eclipse.pde.internal.ui.editor.product,LauncherSection,getModel,3,1,0
eclipse.pde.ui-20120217-1437,org.eclipse.pde.internal.ui.editor.product,LauncherSection,commit,5,2,1
eclipse.pde.ui-20120217-1437,org.eclipse.pde.internal.ui.editor.product,LauncherSection,cancelEdit,5,2,0
eclipse.pde.ui-20120217-1437,org.eclipse.pde.internal.ui.editor.product,LauncherSection,handleBrowse,14,2,1
eclipse.pde.ui-20120217-1437,org.eclipse.pde.internal.ui.editor.product,LauncherSection,openImage,15,3,1
eclipse.pde.ui-20120217-1437,org.eclipse.pde.internal.ui.editor.product,LauncherSection,getExtension,10,8,1
eclipse.pde.ui-20120217-1437,org.eclipse.pde.internal.ui.editor.product,LauncherSection,canPaste,4,1,1
eclipse.pde.ui-20120217-1437,org.eclipse.pde.internal.ui.editor.product,LauncherSection,updateTabSelection,19,6,0
eclipse.pde.ui-20120217-1437,org.eclipse.pde.internal.ui.editor.product,LauncherSection,modelChanged,5,2,1
eclipse.pde.ui-20120217-1437,org.eclipse.pde.internal.ui.editor.product,LauncherSection,handleModelEventWorldChanged,4,1,1
eclipse.pde.ui-20120217-1437,org.eclipse.pde.internal.ui.editor.product,IconEntry,IconEntry,6,1,4
eclipse.pde.ui-20120217-1437,org.eclipse.pde.internal.ui.editor.product,IconEntry,addEntryFormListener,15,1,0
eclipse.pde.ui-20120217-1437,org.eclipse.pde.internal.ui.editor.product,IconEntry,textValueChanged,3,1,1
eclipse.pde.ui-20120217-1437,org.eclipse.pde.internal.ui.editor.product,IconEntry,browseButtonSelected,3,1,1
eclipse.pde.ui-20120217-1437,org.eclipse.pde.internal.ui.editor.product,IconEntry,linkActivated,3,1,1
eclipse.pde.ui-20120217-1437,org.eclipse.pde.internal.ui.editor.product,IconEntry,getIconId,3,1,0
eclipse.pde.ui-20120217-1437,org.eclipse.pde.internal.ui.editor.product,LaunchingPage,LaunchingPage,3,1,1
eclipse.pde.ui-20120217-1437,org.eclipse.pde.internal.ui.editor.product,LaunchingPage,getHelpResource,3,1,0
eclipse.pde.ui-20120217-1437,org.eclipse.pde.internal.ui.editor.product,LaunchingPage,createFormContent,9,1,1
eclipse.pde.ui-20120217-1437,org.eclipse.pde.internal.ui.editor.product,LaunchingPage,fillBody,7,1,2
eclipse.pde.ui-20120217-1437,org.eclipse.pde.internal.ui.editor.product,LicenseSection,LicenseSection,4,1,2
eclipse.pde.ui-20120217-1437,org.eclipse.pde.internal.ui.editor.product,LicenseSection,createClient,32,1,2
eclipse.pde.ui-20120217-1437,org.eclipse.pde.internal.ui.editor.product,LicenseSection,textValueChanged,3,1,1
eclipse.pde.ui-20120217-1437,org.eclipse.pde.internal.ui.editor.product,LicenseSection,textValueChanged,3,1,1
eclipse.pde.ui-20120217-1437,org.eclipse.pde.internal.ui.editor.product,LicenseSection,refresh,6,1,0
eclipse.pde.ui-20120217-1437,org.eclipse.pde.internal.ui.editor.product,LicenseSection,commit,5,1,1
eclipse.pde.ui-20120217-1437,org.eclipse.pde.internal.ui.editor.product,LicenseSection,cancelEdit,5,1,0
eclipse.pde.ui-20120217-1437,org.eclipse.pde.internal.ui.editor.product,LicenseSection,getLicenseInfo,8,2,0
eclipse.pde.ui-20120217-1437,org.eclipse.pde.internal.ui.editor.product,LicenseSection,getProduct,3,1,0
eclipse.pde.ui-20120217-1437,org.eclipse.pde.internal.ui.editor.product,LicenseSection,getModel,3,1,0
eclipse.pde.ui-20120217-1437,org.eclipse.pde.internal.ui.editor.product,LicenseSection,canPaste,6,2,1
eclipse.pde.ui-20120217-1437,org.eclipse.pde.internal.ui.editor.product,LicenseSection,modelChanged,5,2,1
eclipse.pde.ui-20120217-1437,org.eclipse.pde.internal.ui.editor.product,LicenseSection,handleModelEventWorldChanged,3,1,1
eclipse.pde.ui-20120217-1437,org.eclipse.pde.internal.ui.editor.product,LicenseSection,dispose,5,2,0
eclipse.pde.ui-20120217-1437,org.eclipse.pde.internal.ui.editor.product,LicensingPage,LicensingPage,3,1,1
eclipse.pde.ui-20120217-1437,org.eclipse.pde.internal.ui.editor.product,LicensingPage,createFormContent,9,1,1
eclipse.pde.ui-20120217-1437,org.eclipse.pde.internal.ui.editor.product,LicensingPage,fillBody,5,1,2
eclipse.pde.ui-20120217-1437,org.eclipse.pde.internal.ui.editor.product,OverviewPage,OverviewPage,3,1,1
eclipse.pde.ui-20120217-1437,org.eclipse.pde.internal.ui.editor.product,OverviewPage,getHelpResource,3,1,0
eclipse.pde.ui-20120217-1437,org.eclipse.pde.internal.ui.editor.product,OverviewPage,createFormContent,9,1,1
eclipse.pde.ui-20120217-1437,org.eclipse.pde.internal.ui.editor.product,OverviewPage,fillBody,12,2,2
eclipse.pde.ui-20120217-1437,org.eclipse.pde.internal.ui.editor.product,OverviewPage,createTestingSection,9,1,2
eclipse.pde.ui-20120217-1437,org.eclipse.pde.internal.ui.editor.product,OverviewPage,createExportingSection,4,1,2
eclipse.pde.ui-20120217-1437,org.eclipse.pde.internal.ui.editor.product,OverviewPage,linkActivated,15,5,1
eclipse.pde.ui-20120217-1437,org.eclipse.pde.internal.ui.editor.product,OverviewPage,getLauncherHelper,4,2,0
eclipse.pde.ui-20120217-1437,org.eclipse.pde.internal.ui.editor.product,OverviewPage,getIndent,3,1,0
eclipse.pde.ui-20120217-1437,org.eclipse.pde.internal.ui.editor.product,PluginConfigurationSection,ContentProvider,2,1,0
eclipse.pde.ui-20120217-1437,org.eclipse.pde.internal.ui.editor.product,PluginConfigurationSection,getElements,3,1,1
eclipse.pde.ui-20120217-1437,org.eclipse.pde.internal.ui.editor.product,PluginConfigurationSection,dispose,2,1,0
eclipse.pde.ui-20120217-1437,org.eclipse.pde.internal.ui.editor.product,PluginConfigurationSection,inputChanged,4,2,3
eclipse.pde.ui-20120217-1437,org.eclipse.pde.internal.ui.editor.product,PluginConfigurationSection,getColumnImage,4,2,2
eclipse.pde.ui-20120217-1437,org.eclipse.pde.internal.ui.editor.product,PluginConfigurationSection,getColumnText,12,4,2
eclipse.pde.ui-20120217-1437,org.eclipse.pde.internal.ui.editor.product,PluginConfigurationSection,PluginConfigurationSection,3,1,2
eclipse.pde.ui-20120217-1437,org.eclipse.pde.internal.ui.editor.product,PluginConfigurationSection,getButtonLabels,7,1,0
eclipse.pde.ui-20120217-1437,org.eclipse.pde.internal.ui.editor.product,PluginConfigurationSection,createClient,39,1,2
eclipse.pde.ui-20120217-1437,org.eclipse.pde.internal.ui.editor.product,PluginConfigurationSection,controlMoved,2,1,1
eclipse.pde.ui-20120217-1437,org.eclipse.pde.internal.ui.editor.product,PluginConfigurationSection,controlResized,6,1,1
eclipse.pde.ui-20120217-1437,org.eclipse.pde.internal.ui.editor.product,PluginConfigurationSection,buttonSelected,13,4,1
eclipse.pde.ui-20120217-1437,org.eclipse.pde.internal.ui.editor.product,PluginConfigurationSection,handleAdd,53,16,0
eclipse.pde.ui-20120217-1437,org.eclipse.pde.internal.ui.editor.product,PluginConfigurationSection,handleRemove,10,2,0
eclipse.pde.ui-20120217-1437,org.eclipse.pde.internal.ui.editor.product,PluginConfigurationSection,handleRemoveAll,5,1,0
eclipse.pde.ui-20120217-1437,org.eclipse.pde.internal.ui.editor.product,PluginConfigurationSection,selectionChanged,3,1,1
eclipse.pde.ui-20120217-1437,org.eclipse.pde.internal.ui.editor.product,PluginConfigurationSection,addPlugin,9,1,1
eclipse.pde.ui-20120217-1437,org.eclipse.pde.internal.ui.editor.product,PluginConfigurationSection,getLabelProvider,3,1,0
eclipse.pde.ui-20120217-1437,org.eclipse.pde.internal.ui.editor.product,PluginConfigurationSection,clearEditors,6,3,0
eclipse.pde.ui-20120217-1437,org.eclipse.pde.internal.ui.editor.product,PluginConfigurationSection,createEditors,17,2,0
eclipse.pde.ui-20120217-1437,org.eclipse.pde.internal.ui.editor.product,PluginConfigurationSection,widgetSelected,3,1,1
eclipse.pde.ui-20120217-1437,org.eclipse.pde.internal.ui.editor.product,PluginConfigurationSection,showControls,37,4,0
eclipse.pde.ui-20120217-1437,org.eclipse.pde.internal.ui.editor.product,PluginConfigurationSection,modifyText,5,1,1
eclipse.pde.ui-20120217-1437,org.eclipse.pde.internal.ui.editor.product,PluginConfigurationSection,widgetSelected,4,1,1
eclipse.pde.ui-20120217-1437,org.eclipse.pde.internal.ui.editor.product,PluginConfigurationSection,getProduct,3,1,0
eclipse.pde.ui-20120217-1437,org.eclipse.pde.internal.ui.editor.product,PluginConfigurationSection,getModel,3,1,0
eclipse.pde.ui-20120217-1437,org.eclipse.pde.internal.ui.editor.product,PluginConfigurationSection,modelChanged,44,13,1
eclipse.pde.ui-20120217-1437,org.eclipse.pde.internal.ui.editor.product,PluginConfigurationSection,handleGlobalRefresh,4,1,0
eclipse.pde.ui-20120217-1437,org.eclipse.pde.internal.ui.editor.product,PluginConfigurationSection,updateRemoveButtons,9,3,2
eclipse.pde.ui-20120217-1437,org.eclipse.pde.internal.ui.editor.product,ContentProvider,ContentProvider,2,1,0
eclipse.pde.ui-20120217-1437,org.eclipse.pde.internal.ui.editor.product,ContentProvider,getElements,3,1,1
eclipse.pde.ui-20120217-1437,org.eclipse.pde.internal.ui.editor.product,ContentProvider,dispose,2,1,0
eclipse.pde.ui-20120217-1437,org.eclipse.pde.internal.ui.editor.product,ContentProvider,inputChanged,4,2,3
eclipse.pde.ui-20120217-1437,org.eclipse.pde.internal.ui.editor.product,LabelProvider,getColumnImage,4,2,2
eclipse.pde.ui-20120217-1437,org.eclipse.pde.internal.ui.editor.product,LabelProvider,getColumnText,12,4,2
eclipse.pde.ui-20120217-1437,org.eclipse.pde.internal.ui.editor.product,PluginSection,getElements,3,1,1
eclipse.pde.ui-20120217-1437,org.eclipse.pde.internal.ui.editor.product,PluginSection,NewPluginAction,4,1,0
eclipse.pde.ui-20120217-1437,org.eclipse.pde.internal.ui.editor.product,PluginSection,run,3,1,0
eclipse.pde.ui-20120217-1437,org.eclipse.pde.internal.ui.editor.product,PluginSection,NewFragmentAction,4,1,0
eclipse.pde.ui-20120217-1437,org.eclipse.pde.internal.ui.editor.product,PluginSection,run,3,1,0
eclipse.pde.ui-20120217-1437,org.eclipse.pde.internal.ui.editor.product,PluginSection,PluginSection,3,1,2
eclipse.pde.ui-20120217-1437,org.eclipse.pde.internal.ui.editor.product,PluginSection,getButtonLabels,10,1,0
eclipse.pde.ui-20120217-1437,org.eclipse.pde.internal.ui.editor.product,PluginSection,createClient,35,1,2
eclipse.pde.ui-20120217-1437,org.eclipse.pde.internal.ui.editor.product,PluginSection,compare,5,1,3
eclipse.pde.ui-20120217-1437,org.eclipse.pde.internal.ui.editor.product,PluginSection,createSectionToolbar,20,2,2
eclipse.pde.ui-20120217-1437,org.eclipse.pde.internal.ui.editor.product,PluginSection,widgetDisposed,5,2,1
eclipse.pde.ui-20120217-1437,org.eclipse.pde.internal.ui.editor.product,PluginSection,createOptionalDependenciesButton,29,4,1
eclipse.pde.ui-20120217-1437,org.eclipse.pde.internal.ui.editor.product,PluginSection,widgetSelected,11,2,1
eclipse.pde.ui-20120217-1437,org.eclipse.pde.internal.ui.editor.product,PluginSection,buttonSelected,22,7,1
eclipse.pde.ui-20120217-1437,org.eclipse.pde.internal.ui.editor.product,PluginSection,handleNewFragment,10,2,0
eclipse.pde.ui-20120217-1437,org.eclipse.pde.internal.ui.editor.product,PluginSection,handleNewPlugin,10,2,0
eclipse.pde.ui-20120217-1437,org.eclipse.pde.internal.ui.editor.product,PluginSection,handleProperties,12,3,0
eclipse.pde.ui-20120217-1437,org.eclipse.pde.internal.ui.editor.product,PluginSection,handleDoubleClick,3,1,1
eclipse.pde.ui-20120217-1437,org.eclipse.pde.internal.ui.editor.product,PluginSection,dispose,5,2,0
eclipse.pde.ui-20120217-1437,org.eclipse.pde.internal.ui.editor.product,PluginSection,doGlobalAction,15,4,1
eclipse.pde.ui-20120217-1437,org.eclipse.pde.internal.ui.editor.product,PluginSection,canPaste,6,3,2
eclipse.pde.ui-20120217-1437,org.eclipse.pde.internal.ui.editor.product,PluginSection,fillContextMenu,31,2,1
eclipse.pde.ui-20120217-1437,org.eclipse.pde.internal.ui.editor.product,PluginSection,run,3,1,0
eclipse.pde.ui-20120217-1437,org.eclipse.pde.internal.ui.editor.product,PluginSection,run,3,1,0
eclipse.pde.ui-20120217-1437,org.eclipse.pde.internal.ui.editor.product,PluginSection,run,3,1,0
eclipse.pde.ui-20120217-1437,org.eclipse.pde.internal.ui.editor.product,PluginSection,handleOpen,6,2,1
eclipse.pde.ui-20120217-1437,org.eclipse.pde.internal.ui.editor.product,PluginSection,handleAddRequired,29,6,2
eclipse.pde.ui-20120217-1437,org.eclipse.pde.internal.ui.editor.product,PluginSection,handleAddWorkingSet,23,5,0
eclipse.pde.ui-20120217-1437,org.eclipse.pde.internal.ui.editor.product,PluginSection,handleRemoveAll,4,1,0
eclipse.pde.ui-20120217-1437,org.eclipse.pde.internal.ui.editor.product,PluginSection,handleDelete,9,2,0
eclipse.pde.ui-20120217-1437,org.eclipse.pde.internal.ui.editor.product,PluginSection,handleAdd,14,3,0
eclipse.pde.ui-20120217-1437,org.eclipse.pde.internal.ui.editor.product,PluginSection,getBundles,12,3,0
eclipse.pde.ui-20120217-1437,org.eclipse.pde.internal.ui.editor.product,PluginSection,addPlugin,9,1,2
eclipse.pde.ui-20120217-1437,org.eclipse.pde.internal.ui.editor.product,PluginSection,getProduct,3,1,0
eclipse.pde.ui-20120217-1437,org.eclipse.pde.internal.ui.editor.product,PluginSection,getModel,3,1,0
eclipse.pde.ui-20120217-1437,org.eclipse.pde.internal.ui.editor.product,PluginSection,modelChanged,32,11,1
eclipse.pde.ui-20120217-1437,org.eclipse.pde.internal.ui.editor.product,PluginSection,handleModelEventWorldChanged,7,2,1
eclipse.pde.ui-20120217-1437,org.eclipse.pde.internal.ui.editor.product,PluginSection,refresh,5,1,0
eclipse.pde.ui-20120217-1437,org.eclipse.pde.internal.ui.editor.product,PluginSection,modelsChanged,14,3,1
eclipse.pde.ui-20120217-1437,org.eclipse.pde.internal.ui.editor.product,PluginSection,run,6,2,0
eclipse.pde.ui-20120217-1437,org.eclipse.pde.internal.ui.editor.product,PluginSection,findModel,8,4,1
eclipse.pde.ui-20120217-1437,org.eclipse.pde.internal.ui.editor.product,PluginSection,selectionChanged,4,1,1
eclipse.pde.ui-20120217-1437,org.eclipse.pde.internal.ui.editor.product,PluginSection,setFormInput,7,2,1
eclipse.pde.ui-20120217-1437,org.eclipse.pde.internal.ui.editor.product,PluginSection,doPaste,9,4,2
eclipse.pde.ui-20120217-1437,org.eclipse.pde.internal.ui.editor.product,PluginSection,updateRemoveButtons,13,3,2
eclipse.pde.ui-20120217-1437,org.eclipse.pde.internal.ui.editor.product,PluginSection,createCount,3,1,0
eclipse.pde.ui-20120217-1437,org.eclipse.pde.internal.ui.editor.product,PluginSection,includeOptionalDependencies,3,1,0
eclipse.pde.ui-20120217-1437,org.eclipse.pde.internal.ui.editor.product,ContentProvider,getElements,3,1,1
eclipse.pde.ui-20120217-1437,org.eclipse.pde.internal.ui.editor.product,NewPluginAction,NewPluginAction,4,1,0
eclipse.pde.ui-20120217-1437,org.eclipse.pde.internal.ui.editor.product,NewPluginAction,run,3,1,0
eclipse.pde.ui-20120217-1437,org.eclipse.pde.internal.ui.editor.product,NewFragmentAction,NewFragmentAction,4,1,0
eclipse.pde.ui-20120217-1437,org.eclipse.pde.internal.ui.editor.product,NewFragmentAction,run,3,1,0
eclipse.pde.ui-20120217-1437,org.eclipse.pde.internal.ui.editor.product,ProductEditor,ProductEditor,3,1,0
eclipse.pde.ui-20120217-1437,org.eclipse.pde.internal.ui.editor.product,ProductEditor,getEditorID,3,1,0
eclipse.pde.ui-20120217-1437,org.eclipse.pde.internal.ui.editor.product,ProductEditor,isSaveAsAllowed,3,1,0
eclipse.pde.ui-20120217-1437,org.eclipse.pde.internal.ui.editor.product,ProductEditor,getContextIDForSaveAs,3,1,0
eclipse.pde.ui-20120217-1437,org.eclipse.pde.internal.ui.editor.product,ProductEditor,createInputContextManager,3,1,0
eclipse.pde.ui-20120217-1437,org.eclipse.pde.internal.ui.editor.product,ProductEditor,createResourceContexts,4,1,2
eclipse.pde.ui-20120217-1437,org.eclipse.pde.internal.ui.editor.product,ProductEditor,createSystemFileContexts,17,3,2
eclipse.pde.ui-20120217-1437,org.eclipse.pde.internal.ui.editor.product,ProductEditor,createStorageContexts,5,2,2
eclipse.pde.ui-20120217-1437,org.eclipse.pde.internal.ui.editor.product,ProductEditor,createContentOutline,3,1,0
eclipse.pde.ui-20120217-1437,org.eclipse.pde.internal.ui.editor.product,ProductEditor,getInputContext,3,1,1
eclipse.pde.ui-20120217-1437,org.eclipse.pde.internal.ui.editor.product,ProductEditor,addEditorPages,14,1,0
eclipse.pde.ui-20120217-1437,org.eclipse.pde.internal.ui.editor.product,ProductEditor,updateConfigurationPage,8,1,0
eclipse.pde.ui-20120217-1437,org.eclipse.pde.internal.ui.editor.product,ProductEditor,useFeatures,4,1,0
eclipse.pde.ui-20120217-1437,org.eclipse.pde.internal.ui.editor.product,ProductEditor,editorContextAdded,2,1,1
eclipse.pde.ui-20120217-1437,org.eclipse.pde.internal.ui.editor.product,ProductEditor,contextRemoved,3,1,1
eclipse.pde.ui-20120217-1437,org.eclipse.pde.internal.ui.editor.product,ProductEditor,monitoredFileAdded,2,1,1
eclipse.pde.ui-20120217-1437,org.eclipse.pde.internal.ui.editor.product,ProductEditor,monitoredFileRemoved,3,1,1
eclipse.pde.ui-20120217-1437,org.eclipse.pde.internal.ui.editor.product,ProductEditor,contributeToToolbar,6,1,1
eclipse.pde.ui-20120217-1437,org.eclipse.pde.internal.ui.editor.product,ProductEditor,getExportAction,8,2,0
eclipse.pde.ui-20120217-1437,org.eclipse.pde.internal.ui.editor.product,ProductEditor,getLauncherHelper,4,2,0
eclipse.pde.ui-20120217-1437,org.eclipse.pde.internal.ui.editor.product,ProductEditorContributor,ProductEditorContributor,3,1,0
eclipse.pde.ui-20120217-1437,org.eclipse.pde.internal.ui.editor.product,ProductExportAction,ProductExportAction,6,2,1
eclipse.pde.ui-20120217-1437,org.eclipse.pde.internal.ui.editor.product,ProductExportAction,ProductExportAction,4,1,1
eclipse.pde.ui-20120217-1437,org.eclipse.pde.internal.ui.editor.product,ProductExportAction,run,7,1,0
eclipse.pde.ui-20120217-1437,org.eclipse.pde.internal.ui.editor.product,ProductInfoSection,createControl,4,1,3
eclipse.pde.ui-20120217-1437,org.eclipse.pde.internal.ui.editor.product,ProductInfoSection,widgetSelected,3,2,1
eclipse.pde.ui-20120217-1437,org.eclipse.pde.internal.ui.editor.product,ProductInfoSection,widgetDefaultSelected,2,1,1
eclipse.pde.ui-20120217-1437,org.eclipse.pde.internal.ui.editor.product,ProductInfoSection,isValidId,3,1,1
eclipse.pde.ui-20120217-1437,org.eclipse.pde.internal.ui.editor.product,ProductInfoSection,addItem,11,3,2
eclipse.pde.ui-20120217-1437,org.eclipse.pde.internal.ui.editor.product,ProductInfoSection,removeItem,9,3,1
eclipse.pde.ui-20120217-1437,org.eclipse.pde.internal.ui.editor.product,ProductInfoSection,handleExtensionDelta,16,7,1
eclipse.pde.ui-20120217-1437,org.eclipse.pde.internal.ui.editor.product,ProductInfoSection,computeIndex,10,4,1
eclipse.pde.ui-20120217-1437,org.eclipse.pde.internal.ui.editor.product,ProductInfoSection,reload,9,3,1
eclipse.pde.ui-20120217-1437,org.eclipse.pde.internal.ui.editor.product,ProductInfoSection,ProductInfoSection,4,1,2
eclipse.pde.ui-20120217-1437,org.eclipse.pde.internal.ui.editor.product,ProductInfoSection,createClient,19,1,2
eclipse.pde.ui-20120217-1437,org.eclipse.pde.internal.ui.editor.product,ProductInfoSection,dispose,7,2,0
eclipse.pde.ui-20120217-1437,org.eclipse.pde.internal.ui.editor.product,ProductInfoSection,createProductEntry,25,1,3
eclipse.pde.ui-20120217-1437,org.eclipse.pde.internal.ui.editor.product,ProductInfoSection,widgetSelected,3,1,1
eclipse.pde.ui-20120217-1437,org.eclipse.pde.internal.ui.editor.product,ProductInfoSection,widgetSelected,3,1,1
eclipse.pde.ui-20120217-1437,org.eclipse.pde.internal.ui.editor.product,ProductInfoSection,handleNewDefinition,11,2,0
eclipse.pde.ui-20120217-1437,org.eclipse.pde.internal.ui.editor.product,ProductInfoSection,createApplicationEntry,19,1,3
eclipse.pde.ui-20120217-1437,org.eclipse.pde.internal.ui.editor.product,ProductInfoSection,widgetSelected,3,1,1
eclipse.pde.ui-20120217-1437,org.eclipse.pde.internal.ui.editor.product,ProductInfoSection,createConfigurationOption,45,2,2
eclipse.pde.ui-20120217-1437,org.eclipse.pde.internal.ui.editor.product,ProductInfoSection,linkEntered,3,1,1
eclipse.pde.ui-20120217-1437,org.eclipse.pde.internal.ui.editor.product,ProductInfoSection,linkExited,3,1,1
eclipse.pde.ui-20120217-1437,org.eclipse.pde.internal.ui.editor.product,ProductInfoSection,linkActivated,4,1,1
eclipse.pde.ui-20120217-1437,org.eclipse.pde.internal.ui.editor.product,ProductInfoSection,widgetSelected,8,2,1
eclipse.pde.ui-20120217-1437,org.eclipse.pde.internal.ui.editor.product,ProductInfoSection,getModel,3,1,0
eclipse.pde.ui-20120217-1437,org.eclipse.pde.internal.ui.editor.product,ProductInfoSection,getProduct,3,1,0
eclipse.pde.ui-20120217-1437,org.eclipse.pde.internal.ui.editor.product,ProductInfoSection,refresh,12,3,0
eclipse.pde.ui-20120217-1437,org.eclipse.pde.internal.ui.editor.product,ProductInfoSection,modelChanged,14,5,1
eclipse.pde.ui-20120217-1437,org.eclipse.pde.internal.ui.editor.product,ProductInfoSection,handleModelEventWorldChanged,5,1,1
eclipse.pde.ui-20120217-1437,org.eclipse.pde.internal.ui.editor.product,ProductInfoSection,revertConfigurationPage,11,3,1
eclipse.pde.ui-20120217-1437,org.eclipse.pde.internal.ui.editor.product,ProductInfoSection,refreshProductCombo,9,3,1
eclipse.pde.ui-20120217-1437,org.eclipse.pde.internal.ui.editor.product,ProductInfoSection,getStatusLineManager,4,1,0
eclipse.pde.ui-20120217-1437,org.eclipse.pde.internal.ui.editor.product,ProductInfoSection,canPaste,6,2,1
eclipse.pde.ui-20120217-1437,org.eclipse.pde.internal.ui.editor.product,ProductInfoSection,registryChanged,12,2,1
eclipse.pde.ui-20120217-1437,org.eclipse.pde.internal.ui.editor.product,ProductInfoSection,run,4,1,0
eclipse.pde.ui-20120217-1437,org.eclipse.pde.internal.ui.editor.product,ProductInfoSection,stateChanged,17,1,1
eclipse.pde.ui-20120217-1437,org.eclipse.pde.internal.ui.editor.product,ProductInfoSection,run,4,1,0
eclipse.pde.ui-20120217-1437,org.eclipse.pde.internal.ui.editor.product,ProductInfoSection,stateResolved,2,1,1
eclipse.pde.ui-20120217-1437,org.eclipse.pde.internal.ui.editor.product,ExtensionIdComboPart,createControl,4,1,3
eclipse.pde.ui-20120217-1437,org.eclipse.pde.internal.ui.editor.product,ExtensionIdComboPart,widgetSelected,3,2,1
eclipse.pde.ui-20120217-1437,org.eclipse.pde.internal.ui.editor.product,ExtensionIdComboPart,widgetDefaultSelected,2,1,1
eclipse.pde.ui-20120217-1437,org.eclipse.pde.internal.ui.editor.product,ExtensionIdComboPart,isValidId,3,1,1
eclipse.pde.ui-20120217-1437,org.eclipse.pde.internal.ui.editor.product,ExtensionIdComboPart,addItem,11,3,2
eclipse.pde.ui-20120217-1437,org.eclipse.pde.internal.ui.editor.product,ExtensionIdComboPart,removeItem,9,3,1
eclipse.pde.ui-20120217-1437,org.eclipse.pde.internal.ui.editor.product,ExtensionIdComboPart,handleExtensionDelta,16,7,1
eclipse.pde.ui-20120217-1437,org.eclipse.pde.internal.ui.editor.product,ExtensionIdComboPart,computeIndex,10,4,1
eclipse.pde.ui-20120217-1437,org.eclipse.pde.internal.ui.editor.product,ExtensionIdComboPart,reload,9,3,1
eclipse.pde.ui-20120217-1437,org.eclipse.pde.internal.ui.editor.product,ProductInputContext,ProductInputContext,4,1,3
eclipse.pde.ui-20120217-1437,org.eclipse.pde.internal.ui.editor.product,ProductInputContext,getId,3,1,0
eclipse.pde.ui-20120217-1437,org.eclipse.pde.internal.ui.editor.product,ProductInputContext,createModel,28,5,1
eclipse.pde.ui-20120217-1437,org.eclipse.pde.internal.ui.editor.product,ProductInputContext,addTextEditOperation,2,1,2
eclipse.pde.ui-20120217-1437,org.eclipse.pde.internal.ui.editor.product,ProductInputContext,flushModel,16,3,1
eclipse.pde.ui-20120217-1437,org.eclipse.pde.internal.ui.editor.product,ProductInputContext,doRevert,11,1,0
eclipse.pde.ui-20120217-1437,org.eclipse.pde.internal.ui.editor.product,ProductInputContext,getPartitionName,3,1,0
eclipse.pde.ui-20120217-1437,org.eclipse.pde.internal.ui.editor.product,ProductInputContextManager,ProductInputContextManager,3,1,1
eclipse.pde.ui-20120217-1437,org.eclipse.pde.internal.ui.editor.product,ProductInputContextManager,getAggregateModel,4,1,0
eclipse.pde.ui-20120217-1437,org.eclipse.pde.internal.ui.editor.product,ProductLauncherFormPageHelper,ProductLauncherFormPageHelper,3,1,1
eclipse.pde.ui-20120217-1437,org.eclipse.pde.internal.ui.editor.product,ProductLauncherFormPageHelper,getLaunchObject,5,2,0
eclipse.pde.ui-20120217-1437,org.eclipse.pde.internal.ui.editor.product,ProductLauncherFormPageHelper,isOSGi,3,1,0
eclipse.pde.ui-20120217-1437,org.eclipse.pde.internal.ui.editor.product,ProductLauncherFormPageHelper,preLaunch,3,1,0
eclipse.pde.ui-20120217-1437,org.eclipse.pde.internal.ui.editor.product,ProductLauncherFormPageHelper,handleSynchronize,13,2,1
eclipse.pde.ui-20120217-1437,org.eclipse.pde.internal.ui.editor.product,ProductLauncherFormPageHelper,getProduct,4,1,0
eclipse.pde.ui-20120217-1437,org.eclipse.pde.internal.ui.editor.product,ProductOutlinePage,ProductOutlinePage,3,1,1
eclipse.pde.ui-20120217-1437,org.eclipse.pde.internal.ui.editor.product,ProductOutlinePage,sort,2,1,1
eclipse.pde.ui-20120217-1437,org.eclipse.pde.internal.ui.editor.product,ProductOutlinePage,getChildren,9,3,1
eclipse.pde.ui-20120217-1437,org.eclipse.pde.internal.ui.editor.product,ProductOutlinePage,getParentPageId,5,3,1
eclipse.pde.ui-20120217-1437,org.eclipse.pde.internal.ui.editor.product,ProductValidateAction,ProductValidateAction,5,1,1
eclipse.pde.ui-20120217-1437,org.eclipse.pde.internal.ui.editor.product,ProductValidateAction,run,29,7,0
eclipse.pde.ui-20120217-1437,org.eclipse.pde.internal.ui.editor.product,ProductValidateAction,addFeaturePlugins,9,4,2
eclipse.pde.ui-20120217-1437,org.eclipse.pde.internal.ui.editor.product,ProductValidateAction,getUniqueFeatures,10,2,0
eclipse.pde.ui-20120217-1437,org.eclipse.pde.internal.ui.editor.product,ProductValidateAction,addFeatureAndChildren,10,3,3
eclipse.pde.ui-20120217-1437,org.eclipse.pde.internal.ui.editor.product,PropertiesSection,ContentProvider,2,1,0
eclipse.pde.ui-20120217-1437,org.eclipse.pde.internal.ui.editor.product,PropertiesSection,getElements,6,2,1
eclipse.pde.ui-20120217-1437,org.eclipse.pde.internal.ui.editor.product,PropertiesSection,dispose,2,1,0
eclipse.pde.ui-20120217-1437,org.eclipse.pde.internal.ui.editor.product,PropertiesSection,inputChanged,2,1,3
eclipse.pde.ui-20120217-1437,org.eclipse.pde.internal.ui.editor.product,PropertiesSection,getColumnImage,4,2,2
eclipse.pde.ui-20120217-1437,org.eclipse.pde.internal.ui.editor.product,PropertiesSection,getColumnText,10,3,2
eclipse.pde.ui-20120217-1437,org.eclipse.pde.internal.ui.editor.product,PropertiesSection,PropertyDialog,6,1,3
eclipse.pde.ui-20120217-1437,org.eclipse.pde.internal.ui.editor.product,PropertiesSection,createDialogArea,30,4,1
eclipse.pde.ui-20120217-1437,org.eclipse.pde.internal.ui.editor.product,PropertiesSection,modifyText,3,1,1
eclipse.pde.ui-20120217-1437,org.eclipse.pde.internal.ui.editor.product,PropertiesSection,modifyText,3,1,1
eclipse.pde.ui-20120217-1437,org.eclipse.pde.internal.ui.editor.product,PropertiesSection,validate,12,3,0
eclipse.pde.ui-20120217-1437,org.eclipse.pde.internal.ui.editor.product,PropertiesSection,okPressed,11,2,0
eclipse.pde.ui-20120217-1437,org.eclipse.pde.internal.ui.editor.product,PropertiesSection,createHelpControl,3,1,1
eclipse.pde.ui-20120217-1437,org.eclipse.pde.internal.ui.editor.product,PropertiesSection,getResult,3,1,0
eclipse.pde.ui-20120217-1437,org.eclipse.pde.internal.ui.editor.product,PropertiesSection,canModify,3,1,2
eclipse.pde.ui-20120217-1437,org.eclipse.pde.internal.ui.editor.product,PropertiesSection,getValue,3,1,2
eclipse.pde.ui-20120217-1437,org.eclipse.pde.internal.ui.editor.product,PropertiesSection,modify,8,2,3
eclipse.pde.ui-20120217-1437,org.eclipse.pde.internal.ui.editor.product,PropertiesSection,PropertiesSection,3,1,2
eclipse.pde.ui-20120217-1437,org.eclipse.pde.internal.ui.editor.product,PropertiesSection,getButtonLabels,7,1,0
eclipse.pde.ui-20120217-1437,org.eclipse.pde.internal.ui.editor.product,PropertiesSection,buttonSelected,13,4,1
eclipse.pde.ui-20120217-1437,org.eclipse.pde.internal.ui.editor.product,PropertiesSection,createClient,46,2,2
eclipse.pde.ui-20120217-1437,org.eclipse.pde.internal.ui.editor.product,PropertiesSection,doubleClick,3,1,1
eclipse.pde.ui-20120217-1437,org.eclipse.pde.internal.ui.editor.product,PropertiesSection,keyReleased,5,2,1
eclipse.pde.ui-20120217-1437,org.eclipse.pde.internal.ui.editor.product,PropertiesSection,handleAdd,11,3,0
eclipse.pde.ui-20120217-1437,org.eclipse.pde.internal.ui.editor.product,PropertiesSection,handleEdit,17,4,0
eclipse.pde.ui-20120217-1437,org.eclipse.pde.internal.ui.editor.product,PropertiesSection,getExistingNames,8,2,0
eclipse.pde.ui-20120217-1437,org.eclipse.pde.internal.ui.editor.product,PropertiesSection,handleRemove,10,2,0
eclipse.pde.ui-20120217-1437,org.eclipse.pde.internal.ui.editor.product,PropertiesSection,selectionChanged,3,1,1
eclipse.pde.ui-20120217-1437,org.eclipse.pde.internal.ui.editor.product,PropertiesSection,getProduct,3,1,0
eclipse.pde.ui-20120217-1437,org.eclipse.pde.internal.ui.editor.product,PropertiesSection,getModel,3,1,0
eclipse.pde.ui-20120217-1437,org.eclipse.pde.internal.ui.editor.product,PropertiesSection,modelChanged,5,1,1
eclipse.pde.ui-20120217-1437,org.eclipse.pde.internal.ui.editor.product,PropertiesSection,updateButtons,7,1,0
eclipse.pde.ui-20120217-1437,org.eclipse.pde.internal.ui.editor.product,ContentProvider,ContentProvider,2,1,0
eclipse.pde.ui-20120217-1437,org.eclipse.pde.internal.ui.editor.product,ContentProvider,getElements,6,2,1
eclipse.pde.ui-20120217-1437,org.eclipse.pde.internal.ui.editor.product,ContentProvider,dispose,2,1,0
eclipse.pde.ui-20120217-1437,org.eclipse.pde.internal.ui.editor.product,ContentProvider,inputChanged,2,1,3
eclipse.pde.ui-20120217-1437,org.eclipse.pde.internal.ui.editor.product,LabelProvider,getColumnImage,4,2,2
eclipse.pde.ui-20120217-1437,org.eclipse.pde.internal.ui.editor.product,LabelProvider,getColumnText,10,3,2
eclipse.pde.ui-20120217-1437,org.eclipse.pde.internal.ui.editor.product,PropertyDialog,PropertyDialog,6,1,3
eclipse.pde.ui-20120217-1437,org.eclipse.pde.internal.ui.editor.product,PropertyDialog,createDialogArea,30,4,1
eclipse.pde.ui-20120217-1437,org.eclipse.pde.internal.ui.editor.product,PropertyDialog,modifyText,3,1,1
eclipse.pde.ui-20120217-1437,org.eclipse.pde.internal.ui.editor.product,PropertyDialog,modifyText,3,1,1
eclipse.pde.ui-20120217-1437,org.eclipse.pde.internal.ui.editor.product,PropertyDialog,validate,12,3,0
eclipse.pde.ui-20120217-1437,org.eclipse.pde.internal.ui.editor.product,PropertyDialog,okPressed,11,2,0
eclipse.pde.ui-20120217-1437,org.eclipse.pde.internal.ui.editor.product,PropertyDialog,createHelpControl,3,1,1
eclipse.pde.ui-20120217-1437,org.eclipse.pde.internal.ui.editor.product,PropertyDialog,getResult,3,1,0
eclipse.pde.ui-20120217-1437,org.eclipse.pde.internal.ui.editor.product,ValueCellModifier,canModify,3,1,2
eclipse.pde.ui-20120217-1437,org.eclipse.pde.internal.ui.editor.product,ValueCellModifier,getValue,3,1,2
eclipse.pde.ui-20120217-1437,org.eclipse.pde.internal.ui.editor.product,ValueCellModifier,modify,8,2,3
eclipse.pde.ui-20120217-1437,org.eclipse.pde.internal.ui.editor.product,SplashConfigurationSection,SplashConfigurationSection,6,1,2
eclipse.pde.ui-20120217-1437,org.eclipse.pde.internal.ui.editor.product,SplashConfigurationSection,createClient,7,1,2
eclipse.pde.ui-20120217-1437,org.eclipse.pde.internal.ui.editor.product,SplashConfigurationSection,createUIListenersFieldTemplateCombo,20,2,0
eclipse.pde.ui-20120217-1437,org.eclipse.pde.internal.ui.editor.product,SplashConfigurationSection,widgetSelected,3,1,1
eclipse.pde.ui-20120217-1437,org.eclipse.pde.internal.ui.editor.product,SplashConfigurationSection,focusGained,6,2,1
eclipse.pde.ui-20120217-1437,org.eclipse.pde.internal.ui.editor.product,SplashConfigurationSection,focusLost,3,1,1
eclipse.pde.ui-20120217-1437,org.eclipse.pde.internal.ui.editor.product,SplashConfigurationSection,handleTemplateComboWidgetSelected,8,2,0
eclipse.pde.ui-20120217-1437,org.eclipse.pde.internal.ui.editor.product,SplashConfigurationSection,getSelectedTemplate,8,2,0
eclipse.pde.ui-20120217-1437,org.eclipse.pde.internal.ui.editor.product,SplashConfigurationSection,createUI,12,1,0
eclipse.pde.ui-20120217-1437,org.eclipse.pde.internal.ui.editor.product,SplashConfigurationSection,createUIFieldDecorationTemplate,10,1,0
eclipse.pde.ui-20120217-1437,org.eclipse.pde.internal.ui.editor.product,SplashConfigurationSection,createUILabelType,5,1,1
eclipse.pde.ui-20120217-1437,org.eclipse.pde.internal.ui.editor.product,SplashConfigurationSection,createUILabelProgress,7,1,1
eclipse.pde.ui-20120217-1437,org.eclipse.pde.internal.ui.editor.product,SplashConfigurationSection,createUIFieldTemplateCombo,13,2,1
eclipse.pde.ui-20120217-1437,org.eclipse.pde.internal.ui.editor.product,SplashConfigurationSection,createUISectionContainer,6,1,1
eclipse.pde.ui-20120217-1437,org.eclipse.pde.internal.ui.editor.product,SplashConfigurationSection,configureUISection,7,1,0
eclipse.pde.ui-20120217-1437,org.eclipse.pde.internal.ui.editor.product,SplashConfigurationSection,createProgressBarConfig,40,2,1
eclipse.pde.ui-20120217-1437,org.eclipse.pde.internal.ui.editor.product,SplashConfigurationSection,widgetSelected,5,1,1
eclipse.pde.ui-20120217-1437,org.eclipse.pde.internal.ui.editor.product,SplashConfigurationSection,modifyText,3,1,1
eclipse.pde.ui-20120217-1437,org.eclipse.pde.internal.ui.editor.product,SplashConfigurationSection,createProgressMessageConfig,41,3,1
eclipse.pde.ui-20120217-1437,org.eclipse.pde.internal.ui.editor.product,SplashConfigurationSection,widgetSelected,5,1,1
eclipse.pde.ui-20120217-1437,org.eclipse.pde.internal.ui.editor.product,SplashConfigurationSection,propertyChange,3,2,1
eclipse.pde.ui-20120217-1437,org.eclipse.pde.internal.ui.editor.product,SplashConfigurationSection,modifyText,3,1,1
eclipse.pde.ui-20120217-1437,org.eclipse.pde.internal.ui.editor.product,SplashConfigurationSection,applyColor,5,2,0
eclipse.pde.ui-20120217-1437,org.eclipse.pde.internal.ui.editor.product,SplashConfigurationSection,applySpinners,7,3,1
eclipse.pde.ui-20120217-1437,org.eclipse.pde.internal.ui.editor.product,SplashConfigurationSection,createLabel,8,1,4
eclipse.pde.ui-20120217-1437,org.eclipse.pde.internal.ui.editor.product,SplashConfigurationSection,createButton,7,1,3
eclipse.pde.ui-20120217-1437,org.eclipse.pde.internal.ui.editor.product,SplashConfigurationSection,createSpinner,7,1,2
eclipse.pde.ui-20120217-1437,org.eclipse.pde.internal.ui.editor.product,SplashConfigurationSection,resetProgressBarGeometry,6,1,0
eclipse.pde.ui-20120217-1437,org.eclipse.pde.internal.ui.editor.product,SplashConfigurationSection,resetProgressMessageGeometry,6,1,0
eclipse.pde.ui-20120217-1437,org.eclipse.pde.internal.ui.editor.product,SplashConfigurationSection,refresh,34,5,0
eclipse.pde.ui-20120217-1437,org.eclipse.pde.internal.ui.editor.product,SplashConfigurationSection,updateUIFieldTemplateCombo,16,4,0
eclipse.pde.ui-20120217-1437,org.eclipse.pde.internal.ui.editor.product,SplashConfigurationSection,getSplashInfo,8,2,0
eclipse.pde.ui-20120217-1437,org.eclipse.pde.internal.ui.editor.product,SplashConfigurationSection,getProduct,3,1,0
eclipse.pde.ui-20120217-1437,org.eclipse.pde.internal.ui.editor.product,SplashConfigurationSection,getModel,3,1,0
eclipse.pde.ui-20120217-1437,org.eclipse.pde.internal.ui.editor.product,SplashConfigurationSection,canPaste,6,2,1
eclipse.pde.ui-20120217-1437,org.eclipse.pde.internal.ui.editor.product,SplashConfigurationSection,rgbToHEX,4,2,1
eclipse.pde.ui-20120217-1437,org.eclipse.pde.internal.ui.editor.product,SplashConfigurationSection,rgbToHex,7,2,1
eclipse.pde.ui-20120217-1437,org.eclipse.pde.internal.ui.editor.product,SplashConfigurationSection,hexToRGB,4,2,1
eclipse.pde.ui-20120217-1437,org.eclipse.pde.internal.ui.editor.product,SplashConfigurationSection,modelChanged,8,3,1
eclipse.pde.ui-20120217-1437,org.eclipse.pde.internal.ui.editor.product,SplashConfigurationSection,handleModelEventChange,9,3,1
eclipse.pde.ui-20120217-1437,org.eclipse.pde.internal.ui.editor.product,SplashConfigurationSection,handleModelEventWorldChanged,3,1,1
eclipse.pde.ui-20120217-1437,org.eclipse.pde.internal.ui.editor.product,SplashConfigurationSection,dispose,7,2,0
eclipse.pde.ui-20120217-1437,org.eclipse.pde.internal.ui.editor.product,SplashConfigurationSection,updateFieldEnablement,4,1,0
eclipse.pde.ui-20120217-1437,org.eclipse.pde.internal.ui.editor.product,SplashConfigurationSection,updateFieldProgressEnablement,15,2,0
eclipse.pde.ui-20120217-1437,org.eclipse.pde.internal.ui.editor.product,SplashConfigurationSection,updateFieldProgressBarEnablement,6,2,1
eclipse.pde.ui-20120217-1437,org.eclipse.pde.internal.ui.editor.product,SplashConfigurationSection,updateFieldProgressMessageEnablement,6,2,1
eclipse.pde.ui-20120217-1437,org.eclipse.pde.internal.ui.editor.product,SplashConfigurationSection,updateFieldTemplateEnablement,9,2,0
eclipse.pde.ui-20120217-1437,org.eclipse.pde.internal.ui.editor.product,SplashConfigurationSection,addOffsetTooltips,9,3,1
eclipse.pde.ui-20120217-1437,org.eclipse.pde.internal.ui.editor.product,SplashLocationSection,SplashLocationSection,4,1,2
eclipse.pde.ui-20120217-1437,org.eclipse.pde.internal.ui.editor.product,SplashLocationSection,createClient,29,1,2
eclipse.pde.ui-20120217-1437,org.eclipse.pde.internal.ui.editor.product,SplashLocationSection,textValueChanged,3,1,1
eclipse.pde.ui-20120217-1437,org.eclipse.pde.internal.ui.editor.product,SplashLocationSection,browseButtonSelected,3,1,1
eclipse.pde.ui-20120217-1437,org.eclipse.pde.internal.ui.editor.product,SplashLocationSection,refresh,5,1,0
eclipse.pde.ui-20120217-1437,org.eclipse.pde.internal.ui.editor.product,SplashLocationSection,commit,4,1,1
eclipse.pde.ui-20120217-1437,org.eclipse.pde.internal.ui.editor.product,SplashLocationSection,cancelEdit,4,1,0
eclipse.pde.ui-20120217-1437,org.eclipse.pde.internal.ui.editor.product,SplashLocationSection,getSplashInfo,8,2,0
eclipse.pde.ui-20120217-1437,org.eclipse.pde.internal.ui.editor.product,SplashLocationSection,getProduct,3,1,0
eclipse.pde.ui-20120217-1437,org.eclipse.pde.internal.ui.editor.product,SplashLocationSection,getModel,3,1,0
eclipse.pde.ui-20120217-1437,org.eclipse.pde.internal.ui.editor.product,SplashLocationSection,handleBrowse,11,2,0
eclipse.pde.ui-20120217-1437,org.eclipse.pde.internal.ui.editor.product,SplashLocationSection,canPaste,6,2,1
eclipse.pde.ui-20120217-1437,org.eclipse.pde.internal.ui.editor.product,SplashLocationSection,modelChanged,5,2,1
eclipse.pde.ui-20120217-1437,org.eclipse.pde.internal.ui.editor.product,SplashLocationSection,handleModelEventWorldChanged,3,1,1
eclipse.pde.ui-20120217-1437,org.eclipse.pde.internal.ui.editor.product,SplashLocationSection,dispose,7,2,0
eclipse.pde.ui-20120217-1437,org.eclipse.pde.internal.ui.editor.product,SplashPage,SplashPage,3,1,1
eclipse.pde.ui-20120217-1437,org.eclipse.pde.internal.ui.editor.product,SplashPage,getHelpResource,3,1,0
eclipse.pde.ui-20120217-1437,org.eclipse.pde.internal.ui.editor.product,SplashPage,createFormContent,9,1,1
eclipse.pde.ui-20120217-1437,org.eclipse.pde.internal.ui.editor.product,SplashPage,fillBody,6,1,2
eclipse.pde.ui-20120217-1437,org.eclipse.pde.internal.ui.editor.product,VersionDialog,VersionDialog,12,1,3
eclipse.pde.ui-20120217-1437,org.eclipse.pde.internal.ui.editor.product,VersionDialog,getGroupText,3,1,0
eclipse.pde.ui-20120217-1437,org.eclipse.pde.internal.ui.editor.product,VersionDialog,createDialogArea,12,1,1
eclipse.pde.ui-20120217-1437,org.eclipse.pde.internal.ui.editor.product,VersionDialog,modifyText,3,1,1
eclipse.pde.ui-20120217-1437,org.eclipse.pde.internal.ui.editor.product,VersionDialog,getVersion,3,1,0
eclipse.pde.ui-20120217-1437,org.eclipse.pde.internal.ui.editor.product,VersionDialog,okPressed,4,1,0
eclipse.pde.ui-20120217-1437,org.eclipse.pde.internal.ui.editor.product,WindowImagesSection,WindowImagesSection,4,1,2
eclipse.pde.ui-20120217-1437,org.eclipse.pde.internal.ui.editor.product,WindowImagesSection,createClient,38,2,2
eclipse.pde.ui-20120217-1437,org.eclipse.pde.internal.ui.editor.product,WindowImagesSection,validateControl,3,1,0
eclipse.pde.ui-20120217-1437,org.eclipse.pde.internal.ui.editor.product,WindowImagesSection,textValueChanged,3,1,1
eclipse.pde.ui-20120217-1437,org.eclipse.pde.internal.ui.editor.product,WindowImagesSection,browseButtonSelected,3,1,1
eclipse.pde.ui-20120217-1437,org.eclipse.pde.internal.ui.editor.product,WindowImagesSection,linkActivated,3,1,1
eclipse.pde.ui-20120217-1437,org.eclipse.pde.internal.ui.editor.product,WindowImagesSection,refresh,9,2,0
eclipse.pde.ui-20120217-1437,org.eclipse.pde.internal.ui.editor.product,WindowImagesSection,validateWinImageEntry,3,1,1
eclipse.pde.ui-20120217-1437,org.eclipse.pde.internal.ui.editor.product,WindowImagesSection,getWindowImages,8,2,0
eclipse.pde.ui-20120217-1437,org.eclipse.pde.internal.ui.editor.product,WindowImagesSection,getProduct,3,1,0
eclipse.pde.ui-20120217-1437,org.eclipse.pde.internal.ui.editor.product,WindowImagesSection,getModel,3,1,0
eclipse.pde.ui-20120217-1437,org.eclipse.pde.internal.ui.editor.product,WindowImagesSection,commit,6,2,1
eclipse.pde.ui-20120217-1437,org.eclipse.pde.internal.ui.editor.product,WindowImagesSection,cancelEdit,6,2,0
eclipse.pde.ui-20120217-1437,org.eclipse.pde.internal.ui.editor.product,WindowImagesSection,handleBrowse,16,2,1
eclipse.pde.ui-20120217-1437,org.eclipse.pde.internal.ui.editor.product,WindowImagesSection,canPaste,6,2,1
eclipse.pde.ui-20120217-1437,org.eclipse.pde.internal.ui.editor.product,WindowImagesSection,modelChanged,5,2,1
eclipse.pde.ui-20120217-1437,org.eclipse.pde.internal.ui.editor.product,WindowImagesSection,handleModelEventWorldChanged,3,1,1
eclipse.pde.ui-20120217-1437,org.eclipse.pde.internal.ui.editor.product,WindowImagesSection,dispose,7,2,0
eclipse.pde.ui-20120217-1437,org.eclipse.pde.internal.ui.editor.schema,AbstractSchemaDetails,AbstractSchemaDetails,5,1,3
eclipse.pde.ui-20120217-1437,org.eclipse.pde.internal.ui.editor.schema,AbstractSchemaDetails,modelChanged,9,4,1
eclipse.pde.ui-20120217-1437,org.eclipse.pde.internal.ui.editor.schema,AbstractSchemaDetails,createContents,30,5,1
eclipse.pde.ui-20120217-1437,org.eclipse.pde.internal.ui.editor.schema,AbstractSchemaDetails,createDescription,30,4,2
eclipse.pde.ui-20120217-1437,org.eclipse.pde.internal.ui.editor.schema,AbstractSchemaDetails,documentChanged,11,4,1
eclipse.pde.ui-20120217-1437,org.eclipse.pde.internal.ui.editor.schema,AbstractSchemaDetails,documentAboutToBeChanged,2,1,1
eclipse.pde.ui-20120217-1437,org.eclipse.pde.internal.ui.editor.schema,AbstractSchemaDetails,createDetails,0,1,1
eclipse.pde.ui-20120217-1437,org.eclipse.pde.internal.ui.editor.schema,AbstractSchemaDetails,updateFields,0,1,1
eclipse.pde.ui-20120217-1437,org.eclipse.pde.internal.ui.editor.schema,AbstractSchemaDetails,hookListeners,0,1,0
eclipse.pde.ui-20120217-1437,org.eclipse.pde.internal.ui.editor.schema,AbstractSchemaDetails,isEditableElement,3,1,0
eclipse.pde.ui-20120217-1437,org.eclipse.pde.internal.ui.editor.schema,AbstractSchemaDetails,setDecription,3,1,1
eclipse.pde.ui-20120217-1437,org.eclipse.pde.internal.ui.editor.schema,AbstractSchemaDetails,setText,3,1,1
eclipse.pde.ui-20120217-1437,org.eclipse.pde.internal.ui.editor.schema,AbstractSchemaDetails,getContextId,3,1,0
eclipse.pde.ui-20120217-1437,org.eclipse.pde.internal.ui.editor.schema,AbstractSchemaDetails,getPage,3,1,0
eclipse.pde.ui-20120217-1437,org.eclipse.pde.internal.ui.editor.schema,AbstractSchemaDetails,isEditable,3,1,0
eclipse.pde.ui-20120217-1437,org.eclipse.pde.internal.ui.editor.schema,AbstractSchemaDetails,fireSaveNeeded,4,1,0
eclipse.pde.ui-20120217-1437,org.eclipse.pde.internal.ui.editor.schema,AbstractSchemaDetails,canPaste,4,2,1
eclipse.pde.ui-20120217-1437,org.eclipse.pde.internal.ui.editor.schema,AbstractSchemaDetails,doGlobalAction,4,2,1
eclipse.pde.ui-20120217-1437,org.eclipse.pde.internal.ui.editor.schema,AbstractSchemaDetails,selectionChanged,13,5,2
eclipse.pde.ui-20120217-1437,org.eclipse.pde.internal.ui.editor.schema,AbstractSchemaDetails,updateDescriptionViewer,7,2,1
eclipse.pde.ui-20120217-1437,org.eclipse.pde.internal.ui.editor.schema,AbstractSchemaDetails,updateObjectDescription,5,2,1
eclipse.pde.ui-20120217-1437,org.eclipse.pde.internal.ui.editor.schema,AbstractSchemaDetails,fireSelectionChange,3,1,0
eclipse.pde.ui-20120217-1437,org.eclipse.pde.internal.ui.editor.schema,AbstractSchemaDetails,fireMasterSelection,3,1,1
eclipse.pde.ui-20120217-1437,org.eclipse.pde.internal.ui.editor.schema,AbstractSchemaDetails,createComboPart,11,1,5
eclipse.pde.ui-20120217-1437,org.eclipse.pde.internal.ui.editor.schema,AbstractSchemaDetails,createComboPart,3,1,4
eclipse.pde.ui-20120217-1437,org.eclipse.pde.internal.ui.editor.schema,AbstractSchemaDetails,createTrueFalseButtons,16,1,3
eclipse.pde.ui-20120217-1437,org.eclipse.pde.internal.ui.editor.schema,AbstractSchemaDetails,createMinOccurComp,15,1,2
eclipse.pde.ui-20120217-1437,org.eclipse.pde.internal.ui.editor.schema,AbstractSchemaDetails,createMaxOccurComp,27,2,2
eclipse.pde.ui-20120217-1437,org.eclipse.pde.internal.ui.editor.schema,AbstractSchemaDetails,widgetSelected,4,2,1
eclipse.pde.ui-20120217-1437,org.eclipse.pde.internal.ui.editor.schema,AbstractSchemaDetails,getMinOccur,4,2,0
eclipse.pde.ui-20120217-1437,org.eclipse.pde.internal.ui.editor.schema,AbstractSchemaDetails,getMaxOccur,7,3,0
eclipse.pde.ui-20120217-1437,org.eclipse.pde.internal.ui.editor.schema,AbstractSchemaDetails,updateMinOccur,3,2,1
eclipse.pde.ui-20120217-1437,org.eclipse.pde.internal.ui.editor.schema,AbstractSchemaDetails,updateMaxOccur,7,3,1
eclipse.pde.ui-20120217-1437,org.eclipse.pde.internal.ui.editor.schema,AbstractSchemaDetails,hookMinOccur,11,3,1
eclipse.pde.ui-20120217-1437,org.eclipse.pde.internal.ui.editor.schema,AbstractSchemaDetails,modifyText,5,3,1
eclipse.pde.ui-20120217-1437,org.eclipse.pde.internal.ui.editor.schema,AbstractSchemaDetails,hookMaxOccur,12,3,1
eclipse.pde.ui-20120217-1437,org.eclipse.pde.internal.ui.editor.schema,AbstractSchemaDetails,modifyText,5,3,1
eclipse.pde.ui-20120217-1437,org.eclipse.pde.internal.ui.editor.schema,AbstractSchemaDetails,enableMinMax,7,1,1
eclipse.pde.ui-20120217-1437,org.eclipse.pde.internal.ui.editor.schema,AbstractSchemaDetails,blockListeners,3,1,0
eclipse.pde.ui-20120217-1437,org.eclipse.pde.internal.ui.editor.schema,AbstractSchemaDetails,setBlockListeners,3,1,1
eclipse.pde.ui-20120217-1437,org.eclipse.pde.internal.ui.editor.schema,AbstractSchemaDetails,dispose,7,2,0
eclipse.pde.ui-20120217-1437,org.eclipse.pde.internal.ui.editor.schema,DocSection,DocSection,10,1,3
eclipse.pde.ui-20120217-1437,org.eclipse.pde.internal.ui.editor.schema,DocSection,commit,4,1,1
eclipse.pde.ui-20120217-1437,org.eclipse.pde.internal.ui.editor.schema,DocSection,createClient,55,3,2
eclipse.pde.ui-20120217-1437,org.eclipse.pde.internal.ui.editor.schema,DocSection,widgetSelected,3,1,1
eclipse.pde.ui-20120217-1437,org.eclipse.pde.internal.ui.editor.schema,DocSection,selectionChanged,3,1,1
eclipse.pde.ui-20120217-1437,org.eclipse.pde.internal.ui.editor.schema,DocSection,focusGained,3,1,1
eclipse.pde.ui-20120217-1437,org.eclipse.pde.internal.ui.editor.schema,DocSection,doGlobalAction,31,8,1
eclipse.pde.ui-20120217-1437,org.eclipse.pde.internal.ui.editor.schema,DocSection,fillContextMenu,3,1,1
eclipse.pde.ui-20120217-1437,org.eclipse.pde.internal.ui.editor.schema,DocSection,setFormInput,19,6,1
eclipse.pde.ui-20120217-1437,org.eclipse.pde.internal.ui.editor.schema,DocSection,getTopicName,15,8,1
eclipse.pde.ui-20120217-1437,org.eclipse.pde.internal.ui.editor.schema,DocSection,handleApply,7,3,0
eclipse.pde.ui-20120217-1437,org.eclipse.pde.internal.ui.editor.schema,DocSection,initialize,15,2,0
eclipse.pde.ui-20120217-1437,org.eclipse.pde.internal.ui.editor.schema,DocSection,documentChanged,5,2,1
eclipse.pde.ui-20120217-1437,org.eclipse.pde.internal.ui.editor.schema,DocSection,documentAboutToBeChanged,2,1,1
eclipse.pde.ui-20120217-1437,org.eclipse.pde.internal.ui.editor.schema,DocSection,dispose,7,2,0
eclipse.pde.ui-20120217-1437,org.eclipse.pde.internal.ui.editor.schema,DocSection,createTabs,8,2,0
eclipse.pde.ui-20120217-1437,org.eclipse.pde.internal.ui.editor.schema,DocSection,addTab,7,1,1
eclipse.pde.ui-20120217-1437,org.eclipse.pde.internal.ui.editor.schema,DocSection,updateTabImage,6,3,1
eclipse.pde.ui-20120217-1437,org.eclipse.pde.internal.ui.editor.schema,DocSection,updateTabSelection,9,3,0
eclipse.pde.ui-20120217-1437,org.eclipse.pde.internal.ui.editor.schema,DocSection,setFocus,4,1,0
eclipse.pde.ui-20120217-1437,org.eclipse.pde.internal.ui.editor.schema,DocSection,updateSelection,3,1,1
eclipse.pde.ui-20120217-1437,org.eclipse.pde.internal.ui.editor.schema,DocSection,updateEditorInput,8,2,1
eclipse.pde.ui-20120217-1437,org.eclipse.pde.internal.ui.editor.schema,DocSection,modelChanged,5,2,1
eclipse.pde.ui-20120217-1437,org.eclipse.pde.internal.ui.editor.schema,DocSection,refresh,9,2,0
eclipse.pde.ui-20120217-1437,org.eclipse.pde.internal.ui.editor.schema,DocSection,canPaste,3,1,1
eclipse.pde.ui-20120217-1437,org.eclipse.pde.internal.ui.editor.schema,ElementSection,getElements,7,2,1
eclipse.pde.ui-20120217-1437,org.eclipse.pde.internal.ui.editor.schema,ElementSection,getChildren,19,5,1
eclipse.pde.ui-20120217-1437,org.eclipse.pde.internal.ui.editor.schema,ElementSection,getParent,4,2,1
eclipse.pde.ui-20120217-1437,org.eclipse.pde.internal.ui.editor.schema,ElementSection,hasChildren,4,2,1
eclipse.pde.ui-20120217-1437,org.eclipse.pde.internal.ui.editor.schema,ElementSection,ElementSection,5,1,2
eclipse.pde.ui-20120217-1437,org.eclipse.pde.internal.ui.editor.schema,ElementSection,createClient,8,1,2
eclipse.pde.ui-20120217-1437,org.eclipse.pde.internal.ui.editor.schema,ElementSection,createSectionToolbar,18,2,2
eclipse.pde.ui-20120217-1437,org.eclipse.pde.internal.ui.editor.schema,ElementSection,widgetDisposed,5,2,1
eclipse.pde.ui-20120217-1437,org.eclipse.pde.internal.ui.editor.schema,ElementSection,createTree,9,1,2
eclipse.pde.ui-20120217-1437,org.eclipse.pde.internal.ui.editor.schema,ElementSection,initDragAndDrop,8,1,0
eclipse.pde.ui-20120217-1437,org.eclipse.pde.internal.ui.editor.schema,ElementSection,getTreeViewer,3,1,0
eclipse.pde.ui-20120217-1437,org.eclipse.pde.internal.ui.editor.schema,ElementSection,refresh,7,2,0
eclipse.pde.ui-20120217-1437,org.eclipse.pde.internal.ui.editor.schema,ElementSection,buttonSelected,20,6,1
eclipse.pde.ui-20120217-1437,org.eclipse.pde.internal.ui.editor.schema,ElementSection,addCompositor,8,4,1
eclipse.pde.ui-20120217-1437,org.eclipse.pde.internal.ui.editor.schema,ElementSection,dispose,8,2,0
eclipse.pde.ui-20120217-1437,org.eclipse.pde.internal.ui.editor.schema,ElementSection,doGlobalAction,17,4,1
eclipse.pde.ui-20120217-1437,org.eclipse.pde.internal.ui.editor.schema,ElementSection,setFormInput,13,5,1
eclipse.pde.ui-20120217-1437,org.eclipse.pde.internal.ui.editor.schema,ElementSection,fillContextMenu,71,20,1
eclipse.pde.ui-20120217-1437,org.eclipse.pde.internal.ui.editor.schema,ElementSection,run,3,1,0
eclipse.pde.ui-20120217-1437,org.eclipse.pde.internal.ui.editor.schema,ElementSection,handleDelete,13,4,1
eclipse.pde.ui-20120217-1437,org.eclipse.pde.internal.ui.editor.schema,ElementSection,handleDelete,28,8,2
eclipse.pde.ui-20120217-1437,org.eclipse.pde.internal.ui.editor.schema,ElementSection,handleReferenceDelete,12,3,2
eclipse.pde.ui-20120217-1437,org.eclipse.pde.internal.ui.editor.schema,ElementSection,handleElementDelete,11,3,2
eclipse.pde.ui-20120217-1437,org.eclipse.pde.internal.ui.editor.schema,ElementSection,handleAttributeDelete,19,5,2
eclipse.pde.ui-20120217-1437,org.eclipse.pde.internal.ui.editor.schema,ElementSection,handleCompositorDelete,21,5,2
eclipse.pde.ui-20120217-1437,org.eclipse.pde.internal.ui.editor.schema,ElementSection,schemaObjectHigherThan,5,3,2
eclipse.pde.ui-20120217-1437,org.eclipse.pde.internal.ui.editor.schema,ElementSection,computeNestLevel,8,2,1
eclipse.pde.ui-20120217-1437,org.eclipse.pde.internal.ui.editor.schema,ElementSection,handleNewAttribute,12,5,0
eclipse.pde.ui-20120217-1437,org.eclipse.pde.internal.ui.editor.schema,ElementSection,handleNewElement,4,1,0
eclipse.pde.ui-20120217-1437,org.eclipse.pde.internal.ui.editor.schema,ElementSection,initialize,11,1,0
eclipse.pde.ui-20120217-1437,org.eclipse.pde.internal.ui.editor.schema,ElementSection,handleModelChanged,77,22,1
eclipse.pde.ui-20120217-1437,org.eclipse.pde.internal.ui.editor.schema,ElementSection,run,3,1,0
eclipse.pde.ui-20120217-1437,org.eclipse.pde.internal.ui.editor.schema,ElementSection,run,3,1,0
eclipse.pde.ui-20120217-1437,org.eclipse.pde.internal.ui.editor.schema,ElementSection,handleModelEventWorldChanged,9,2,1
eclipse.pde.ui-20120217-1437,org.eclipse.pde.internal.ui.editor.schema,ElementSection,selectionChanged,4,1,1
eclipse.pde.ui-20120217-1437,org.eclipse.pde.internal.ui.editor.schema,ElementSection,setFocus,6,2,0
eclipse.pde.ui-20120217-1437,org.eclipse.pde.internal.ui.editor.schema,ElementSection,updateButtons,27,9,0
eclipse.pde.ui-20120217-1437,org.eclipse.pde.internal.ui.editor.schema,ElementSection,getSibling,6,4,2
eclipse.pde.ui-20120217-1437,org.eclipse.pde.internal.ui.editor.schema,ElementSection,getRealTarget,19,12,2
eclipse.pde.ui-20120217-1437,org.eclipse.pde.internal.ui.editor.schema,ElementSection,canPaste,16,5,2
eclipse.pde.ui-20120217-1437,org.eclipse.pde.internal.ui.editor.schema,ElementSection,handleDoubleClick,25,6,1
eclipse.pde.ui-20120217-1437,org.eclipse.pde.internal.ui.editor.schema,ElementSection,fireSelection,4,2,1
eclipse.pde.ui-20120217-1437,org.eclipse.pde.internal.ui.editor.schema,ElementSection,doPaste,3,1,2
eclipse.pde.ui-20120217-1437,org.eclipse.pde.internal.ui.editor.schema,ElementSection,handleOp,20,7,3
eclipse.pde.ui-20120217-1437,org.eclipse.pde.internal.ui.editor.schema,ElementSection,doLink,5,2,3
eclipse.pde.ui-20120217-1437,org.eclipse.pde.internal.ui.editor.schema,ElementSection,doMove,14,5,3
eclipse.pde.ui-20120217-1437,org.eclipse.pde.internal.ui.editor.schema,ElementSection,doPaste,14,5,3
eclipse.pde.ui-20120217-1437,org.eclipse.pde.internal.ui.editor.schema,ContentProvider,getElements,7,2,1
eclipse.pde.ui-20120217-1437,org.eclipse.pde.internal.ui.editor.schema,ContentProvider,getChildren,19,5,1
eclipse.pde.ui-20120217-1437,org.eclipse.pde.internal.ui.editor.schema,ContentProvider,getParent,4,2,1
eclipse.pde.ui-20120217-1437,org.eclipse.pde.internal.ui.editor.schema,ContentProvider,hasChildren,4,2,1
eclipse.pde.ui-20120217-1437,org.eclipse.pde.internal.ui.editor.schema,ElementSectionDragAdapter,ElementSectionDragAdapter,3,1,1
eclipse.pde.ui-20120217-1437,org.eclipse.pde.internal.ui.editor.schema,ElementSectionDragAdapter,dragSetData,13,4,1
eclipse.pde.ui-20120217-1437,org.eclipse.pde.internal.ui.editor.schema,ElementSectionDragAdapter,createTextualRepresentation,9,2,1
eclipse.pde.ui-20120217-1437,org.eclipse.pde.internal.ui.editor.schema,ElementSectionDragAdapter,dragStart,9,2,1
eclipse.pde.ui-20120217-1437,org.eclipse.pde.internal.ui.editor.schema,ElementSectionDragAdapter,dragFinished,4,2,1
eclipse.pde.ui-20120217-1437,org.eclipse.pde.internal.ui.editor.schema,ElementSectionDragAdapter,canDrag,3,1,0
eclipse.pde.ui-20120217-1437,org.eclipse.pde.internal.ui.editor.schema,ElementSectionDragAdapter,canCopy,12,5,1
eclipse.pde.ui-20120217-1437,org.eclipse.pde.internal.ui.editor.schema,ElementSectionDragAdapter,getSelectedModelObjects,3,1,0
eclipse.pde.ui-20120217-1437,org.eclipse.pde.internal.ui.editor.schema,ElementSectionDragAdapter,createObjectRepresentation,9,3,1
eclipse.pde.ui-20120217-1437,org.eclipse.pde.internal.ui.editor.schema,ElementSectionDragAdapter,getDragData,4,2,0
eclipse.pde.ui-20120217-1437,org.eclipse.pde.internal.ui.editor.schema,ElementSectionDropAdapter,ElementSectionDropAdapter,5,1,2
eclipse.pde.ui-20120217-1437,org.eclipse.pde.internal.ui.editor.schema,ElementSectionDropAdapter,performDrop,4,1,1
eclipse.pde.ui-20120217-1437,org.eclipse.pde.internal.ui.editor.schema,ElementSectionDropAdapter,validateDrop,18,10,3
eclipse.pde.ui-20120217-1437,org.eclipse.pde.internal.ui.editor.schema,ElementSectionDropAdapter,isNonRefElement,3,1,1
eclipse.pde.ui-20120217-1437,org.eclipse.pde.internal.ui.editor.schema,FilteredSchemaAttributeSelectionDialog,ShowOptionalAttributesAction,4,1,0
eclipse.pde.ui-20120217-1437,org.eclipse.pde.internal.ui.editor.schema,FilteredSchemaAttributeSelectionDialog,run,4,1,0
eclipse.pde.ui-20120217-1437,org.eclipse.pde.internal.ui.editor.schema,FilteredSchemaAttributeSelectionDialog,select,8,3,3
eclipse.pde.ui-20120217-1437,org.eclipse.pde.internal.ui.editor.schema,FilteredSchemaAttributeSelectionDialog,setEnabled,3,1,1
eclipse.pde.ui-20120217-1437,org.eclipse.pde.internal.ui.editor.schema,FilteredSchemaAttributeSelectionDialog,FilteredSchemaAttributeSelectionDialog,9,1,1
eclipse.pde.ui-20120217-1437,org.eclipse.pde.internal.ui.editor.schema,FilteredSchemaAttributeSelectionDialog,configureShell,4,1,1
eclipse.pde.ui-20120217-1437,org.eclipse.pde.internal.ui.editor.schema,FilteredSchemaAttributeSelectionDialog,getImage,3,1,1
eclipse.pde.ui-20120217-1437,org.eclipse.pde.internal.ui.editor.schema,FilteredSchemaAttributeSelectionDialog,getText,10,4,1
eclipse.pde.ui-20120217-1437,org.eclipse.pde.internal.ui.editor.schema,FilteredSchemaAttributeSelectionDialog,decorateImage,3,1,2
eclipse.pde.ui-20120217-1437,org.eclipse.pde.internal.ui.editor.schema,FilteredSchemaAttributeSelectionDialog,decorateText,8,3,2
eclipse.pde.ui-20120217-1437,org.eclipse.pde.internal.ui.editor.schema,FilteredSchemaAttributeSelectionDialog,getImage,3,1,1
eclipse.pde.ui-20120217-1437,org.eclipse.pde.internal.ui.editor.schema,FilteredSchemaAttributeSelectionDialog,getText,8,2,1
eclipse.pde.ui-20120217-1437,org.eclipse.pde.internal.ui.editor.schema,FilteredSchemaAttributeSelectionDialog,isConsistentItem,3,1,1
eclipse.pde.ui-20120217-1437,org.eclipse.pde.internal.ui.editor.schema,FilteredSchemaAttributeSelectionDialog,matchItem,10,2,1
eclipse.pde.ui-20120217-1437,org.eclipse.pde.internal.ui.editor.schema,FilteredSchemaAttributeSelectionDialog,compare,3,1,2
eclipse.pde.ui-20120217-1437,org.eclipse.pde.internal.ui.editor.schema,FilteredSchemaAttributeSelectionDialog,createFilter,3,1,0
eclipse.pde.ui-20120217-1437,org.eclipse.pde.internal.ui.editor.schema,FilteredSchemaAttributeSelectionDialog,fillContentProvider,24,7,3
eclipse.pde.ui-20120217-1437,org.eclipse.pde.internal.ui.editor.schema,FilteredSchemaAttributeSelectionDialog,getDialogSettings,7,2,0
eclipse.pde.ui-20120217-1437,org.eclipse.pde.internal.ui.editor.schema,FilteredSchemaAttributeSelectionDialog,getElementName,7,2,1
eclipse.pde.ui-20120217-1437,org.eclipse.pde.internal.ui.editor.schema,FilteredSchemaAttributeSelectionDialog,fillViewMenu,5,1,1
eclipse.pde.ui-20120217-1437,org.eclipse.pde.internal.ui.editor.schema,FilteredSchemaAttributeSelectionDialog,getItemsComparator,3,1,0
eclipse.pde.ui-20120217-1437,org.eclipse.pde.internal.ui.editor.schema,FilteredSchemaAttributeSelectionDialog,validateItem,3,1,1
eclipse.pde.ui-20120217-1437,org.eclipse.pde.internal.ui.editor.schema,FilteredSchemaAttributeSelectionDialog,restoreDialog,9,2,1
eclipse.pde.ui-20120217-1437,org.eclipse.pde.internal.ui.editor.schema,FilteredSchemaAttributeSelectionDialog,storeDialog,4,1,1
eclipse.pde.ui-20120217-1437,org.eclipse.pde.internal.ui.editor.schema,FilteredSchemaAttributeSelectionDialog,close,4,1,0
eclipse.pde.ui-20120217-1437,org.eclipse.pde.internal.ui.editor.schema,FilteredSchemaAttributeSelectionDialog,createExtendedContentArea,3,1,1
eclipse.pde.ui-20120217-1437,org.eclipse.pde.internal.ui.editor.schema,FilteredSchemaAttributeSelectionDialog,getQualifiedName,5,1,1
eclipse.pde.ui-20120217-1437,org.eclipse.pde.internal.ui.editor.schema,ShowOptionalAttributesAction,ShowOptionalAttributesAction,4,1,0
eclipse.pde.ui-20120217-1437,org.eclipse.pde.internal.ui.editor.schema,ShowOptionalAttributesAction,run,4,1,0
eclipse.pde.ui-20120217-1437,org.eclipse.pde.internal.ui.editor.schema,OptionalAttributesFilter,select,8,3,3
eclipse.pde.ui-20120217-1437,org.eclipse.pde.internal.ui.editor.schema,OptionalAttributesFilter,setEnabled,3,1,1
eclipse.pde.ui-20120217-1437,org.eclipse.pde.internal.ui.editor.schema,SchemaListLabelProvider,getImage,3,1,1
eclipse.pde.ui-20120217-1437,org.eclipse.pde.internal.ui.editor.schema,SchemaListLabelProvider,getText,10,4,1
eclipse.pde.ui-20120217-1437,org.eclipse.pde.internal.ui.editor.schema,SchemaListLabelProvider,decorateImage,3,1,2
eclipse.pde.ui-20120217-1437,org.eclipse.pde.internal.ui.editor.schema,SchemaListLabelProvider,decorateText,8,3,2
eclipse.pde.ui-20120217-1437,org.eclipse.pde.internal.ui.editor.schema,SchemaDetailsLabelProvider,getImage,3,1,1
eclipse.pde.ui-20120217-1437,org.eclipse.pde.internal.ui.editor.schema,SchemaDetailsLabelProvider,getText,8,2,1
eclipse.pde.ui-20120217-1437,org.eclipse.pde.internal.ui.editor.schema,SchemaItemsFilter,isConsistentItem,3,1,1
eclipse.pde.ui-20120217-1437,org.eclipse.pde.internal.ui.editor.schema,SchemaItemsFilter,matchItem,10,2,1
eclipse.pde.ui-20120217-1437,org.eclipse.pde.internal.ui.editor.schema,SchemaComparator,compare,3,1,2
eclipse.pde.ui-20120217-1437,org.eclipse.pde.internal.ui.editor.schema,NewAttributeAction,NewAttributeAction,5,1,0
eclipse.pde.ui-20120217-1437,org.eclipse.pde.internal.ui.editor.schema,NewAttributeAction,getElement,3,1,0
eclipse.pde.ui-20120217-1437,org.eclipse.pde.internal.ui.editor.schema,NewAttributeAction,getInitialName,3,1,0
eclipse.pde.ui-20120217-1437,org.eclipse.pde.internal.ui.editor.schema,NewAttributeAction,run,18,3,0
eclipse.pde.ui-20120217-1437,org.eclipse.pde.internal.ui.editor.schema,NewAttributeAction,setElement,3,1,1
eclipse.pde.ui-20120217-1437,org.eclipse.pde.internal.ui.editor.schema,NewClassCreationWizard,NewClassCreationWizard,9,1,3
eclipse.pde.ui-20120217-1437,org.eclipse.pde.internal.ui.editor.schema,NewClassCreationWizard,addPages,17,9,0
eclipse.pde.ui-20120217-1437,org.eclipse.pde.internal.ui.editor.schema,NewClassCreationWizard,initializeValues,27,6,2
eclipse.pde.ui-20120217-1437,org.eclipse.pde.internal.ui.editor.schema,NewCompositorAction,NewCompositorAction,19,3,3
eclipse.pde.ui-20120217-1437,org.eclipse.pde.internal.ui.editor.schema,NewCompositorAction,upperCaseFirstLetter,8,2,1
eclipse.pde.ui-20120217-1437,org.eclipse.pde.internal.ui.editor.schema,NewCompositorAction,run,29,7,0
eclipse.pde.ui-20120217-1437,org.eclipse.pde.internal.ui.editor.schema,NewElementAction,NewElementAction,5,1,0
eclipse.pde.ui-20120217-1437,org.eclipse.pde.internal.ui.editor.schema,NewElementAction,getInitialName,3,1,0
eclipse.pde.ui-20120217-1437,org.eclipse.pde.internal.ui.editor.schema,NewElementAction,getSchema,3,1,0
eclipse.pde.ui-20120217-1437,org.eclipse.pde.internal.ui.editor.schema,NewElementAction,run,9,2,0
eclipse.pde.ui-20120217-1437,org.eclipse.pde.internal.ui.editor.schema,NewElementAction,setSchema,3,1,1
eclipse.pde.ui-20120217-1437,org.eclipse.pde.internal.ui.editor.schema,NewReferenceAction,NewReferenceAction,8,1,3
eclipse.pde.ui-20120217-1437,org.eclipse.pde.internal.ui.editor.schema,NewReferenceAction,run,8,2,0
eclipse.pde.ui-20120217-1437,org.eclipse.pde.internal.ui.editor.schema,NewRestrictionDialog,NewRestrictionDialog,3,1,1
eclipse.pde.ui-20120217-1437,org.eclipse.pde.internal.ui.editor.schema,NewRestrictionDialog,configureShell,4,1,1
eclipse.pde.ui-20120217-1437,org.eclipse.pde.internal.ui.editor.schema,NewRestrictionDialog,createCustomArea,8,1,1
eclipse.pde.ui-20120217-1437,org.eclipse.pde.internal.ui.editor.schema,NewRestrictionDialog,getNewRestriction,3,1,0
eclipse.pde.ui-20120217-1437,org.eclipse.pde.internal.ui.editor.schema,NewRestrictionDialog,close,4,1,0
eclipse.pde.ui-20120217-1437,org.eclipse.pde.internal.ui.editor.schema,SchemaAttributeDetails,SchemaAttributeDetails,3,1,1
eclipse.pde.ui-20120217-1437,org.eclipse.pde.internal.ui.editor.schema,SchemaAttributeDetails,getElements,6,2,1
eclipse.pde.ui-20120217-1437,org.eclipse.pde.internal.ui.editor.schema,SchemaAttributeDetails,createDetails,32,1,1
eclipse.pde.ui-20120217-1437,org.eclipse.pde.internal.ui.editor.schema,SchemaAttributeDetails,createTypeDetails,0,1,2
eclipse.pde.ui-20120217-1437,org.eclipse.pde.internal.ui.editor.schema,SchemaAttributeDetails,updateFields,30,3,1
eclipse.pde.ui-20120217-1437,org.eclipse.pde.internal.ui.editor.schema,SchemaAttributeDetails,hookListeners,79,14,0
eclipse.pde.ui-20120217-1437,org.eclipse.pde.internal.ui.editor.schema,SchemaAttributeDetails,textValueChanged,4,2,1
eclipse.pde.ui-20120217-1437,org.eclipse.pde.internal.ui.editor.schema,SchemaAttributeDetails,textValueChanged,22,7,1
eclipse.pde.ui-20120217-1437,org.eclipse.pde.internal.ui.editor.schema,SchemaAttributeDetails,widgetSelected,4,2,1
eclipse.pde.ui-20120217-1437,org.eclipse.pde.internal.ui.editor.schema,SchemaAttributeDetails,widgetSelected,13,4,1
eclipse.pde.ui-20120217-1437,org.eclipse.pde.internal.ui.editor.schema,SchemaAttributeDetails,widgetSelected,8,2,1
eclipse.pde.ui-20120217-1437,org.eclipse.pde.internal.ui.editor.schema,SchemaAttributeDetails,widgetSelected,8,2,1
eclipse.pde.ui-20120217-1437,org.eclipse.pde.internal.ui.editor.schema,SchemaAttributeDetails,doUseChange,15,4,1
eclipse.pde.ui-20120217-1437,org.eclipse.pde.internal.ui.editor.schema,SchemaAttributeDetails,modelChanged,9,3,1
eclipse.pde.ui-20120217-1437,org.eclipse.pde.internal.ui.editor.schema,SchemaAttributeDetails,commit,5,1,1
eclipse.pde.ui-20120217-1437,org.eclipse.pde.internal.ui.editor.schema,SchemaAttributeDetails,getAttribute,3,1,0
eclipse.pde.ui-20120217-1437,org.eclipse.pde.internal.ui.editor.schema,SchemaAttributeContentProvider,getElements,6,2,1
eclipse.pde.ui-20120217-1437,org.eclipse.pde.internal.ui.editor.schema,SchemaCompositorDetails,SchemaCompositorDetails,3,1,1
eclipse.pde.ui-20120217-1437,org.eclipse.pde.internal.ui.editor.schema,SchemaCompositorDetails,createDetails,15,1,1
eclipse.pde.ui-20120217-1437,org.eclipse.pde.internal.ui.editor.schema,SchemaCompositorDetails,updateFields,12,2,1
eclipse.pde.ui-20120217-1437,org.eclipse.pde.internal.ui.editor.schema,SchemaCompositorDetails,hookListeners,24,4,0
eclipse.pde.ui-20120217-1437,org.eclipse.pde.internal.ui.editor.schema,SchemaCompositorDetails,widgetSelected,4,2,1
eclipse.pde.ui-20120217-1437,org.eclipse.pde.internal.ui.editor.schema,SchemaCompositorDetails,widgetSelected,4,2,1
eclipse.pde.ui-20120217-1437,org.eclipse.pde.internal.ui.editor.schema,SchemaCompositorDetails,widgetSelected,5,2,1
eclipse.pde.ui-20120217-1437,org.eclipse.pde.internal.ui.editor.schema,SchemaCompositorDetails,commit,3,1,1
eclipse.pde.ui-20120217-1437,org.eclipse.pde.internal.ui.editor.schema,SchemaDtdDetailsSection,createContents,19,1,1
eclipse.pde.ui-20120217-1437,org.eclipse.pde.internal.ui.editor.schema,SchemaDtdDetailsSection,updateDTDLabel,15,7,1
eclipse.pde.ui-20120217-1437,org.eclipse.pde.internal.ui.editor.schema,SchemaEditor,getEditorID,3,1,0
eclipse.pde.ui-20120217-1437,org.eclipse.pde.internal.ui.editor.schema,SchemaEditor,isSaveAsAllowed,3,1,0
eclipse.pde.ui-20120217-1437,org.eclipse.pde.internal.ui.editor.schema,SchemaEditor,getContextIDForSaveAs,3,1,0
eclipse.pde.ui-20120217-1437,org.eclipse.pde.internal.ui.editor.schema,SchemaEditor,createResourceContexts,6,1,2
eclipse.pde.ui-20120217-1437,org.eclipse.pde.internal.ui.editor.schema,SchemaEditor,createInputContextManager,4,1,0
eclipse.pde.ui-20120217-1437,org.eclipse.pde.internal.ui.editor.schema,SchemaEditor,monitoredFileAdded,2,1,1
eclipse.pde.ui-20120217-1437,org.eclipse.pde.internal.ui.editor.schema,SchemaEditor,monitoredFileRemoved,3,1,1
eclipse.pde.ui-20120217-1437,org.eclipse.pde.internal.ui.editor.schema,SchemaEditor,editorContextAdded,3,1,1
eclipse.pde.ui-20120217-1437,org.eclipse.pde.internal.ui.editor.schema,SchemaEditor,contextRemoved,3,1,1
eclipse.pde.ui-20120217-1437,org.eclipse.pde.internal.ui.editor.schema,SchemaEditor,createSystemFileContexts,3,1,2
eclipse.pde.ui-20120217-1437,org.eclipse.pde.internal.ui.editor.schema,SchemaEditor,createStorageContexts,3,1,2
eclipse.pde.ui-20120217-1437,org.eclipse.pde.internal.ui.editor.schema,SchemaEditor,previewReferenceDocument,6,2,0
eclipse.pde.ui-20120217-1437,org.eclipse.pde.internal.ui.editor.schema,SchemaEditor,addEditorPages,10,1,0
eclipse.pde.ui-20120217-1437,org.eclipse.pde.internal.ui.editor.schema,SchemaEditor,computeInitialPageId,7,2,0
eclipse.pde.ui-20120217-1437,org.eclipse.pde.internal.ui.editor.schema,SchemaEditor,createSourcePage,3,1,4
eclipse.pde.ui-20120217-1437,org.eclipse.pde.internal.ui.editor.schema,SchemaEditor,createContentOutline,3,1,0
eclipse.pde.ui-20120217-1437,org.eclipse.pde.internal.ui.editor.schema,SchemaEditor,getInputContext,7,2,1
eclipse.pde.ui-20120217-1437,org.eclipse.pde.internal.ui.editor.schema,SchemaEditor,openSchema,12,2,1
eclipse.pde.ui-20120217-1437,org.eclipse.pde.internal.ui.editor.schema,SchemaEditor,openSchema,11,2,1
eclipse.pde.ui-20120217-1437,org.eclipse.pde.internal.ui.editor.schema,SchemaEditor,openSchema,15,2,1
eclipse.pde.ui-20120217-1437,org.eclipse.pde.internal.ui.editor.schema,SchemaEditor,openEditor,15,2,1
eclipse.pde.ui-20120217-1437,org.eclipse.pde.internal.ui.editor.schema,SchemaEditor,openSchema,25,3,2
eclipse.pde.ui-20120217-1437,org.eclipse.pde.internal.ui.editor.schema,SchemaEditor,openToElement,8,3,2
eclipse.pde.ui-20120217-1437,org.eclipse.pde.internal.ui.editor.schema,SchemaEditor,canCut,14,5,1
eclipse.pde.ui-20120217-1437,org.eclipse.pde.internal.ui.editor.schema,SchemaEditorContributor,PreviewAction,2,1,0
eclipse.pde.ui-20120217-1437,org.eclipse.pde.internal.ui.editor.schema,SchemaEditorContributor,run,11,2,0
eclipse.pde.ui-20120217-1437,org.eclipse.pde.internal.ui.editor.schema,SchemaEditorContributor,run,3,1,0
eclipse.pde.ui-20120217-1437,org.eclipse.pde.internal.ui.editor.schema,SchemaEditorContributor,SchemaEditorContributor,3,1,0
eclipse.pde.ui-20120217-1437,org.eclipse.pde.internal.ui.editor.schema,SchemaEditorContributor,hasKnownTypes,3,1,1
eclipse.pde.ui-20120217-1437,org.eclipse.pde.internal.ui.editor.schema,SchemaEditorContributor,contextMenuAboutToShow,5,1,2
eclipse.pde.ui-20120217-1437,org.eclipse.pde.internal.ui.editor.schema,SchemaEditorContributor,getPreviewAction,3,1,0
eclipse.pde.ui-20120217-1437,org.eclipse.pde.internal.ui.editor.schema,SchemaEditorContributor,makeActions,5,1,0
eclipse.pde.ui-20120217-1437,org.eclipse.pde.internal.ui.editor.schema,PreviewAction,PreviewAction,2,1,0
eclipse.pde.ui-20120217-1437,org.eclipse.pde.internal.ui.editor.schema,PreviewAction,run,11,2,0
eclipse.pde.ui-20120217-1437,org.eclipse.pde.internal.ui.editor.schema,PreviewAction,run,3,1,0
eclipse.pde.ui-20120217-1437,org.eclipse.pde.internal.ui.editor.schema,SchemaElementDetails,SchemaElementDetails,3,1,1
eclipse.pde.ui-20120217-1437,org.eclipse.pde.internal.ui.editor.schema,SchemaElementDetails,createDetails,17,1,1
eclipse.pde.ui-20120217-1437,org.eclipse.pde.internal.ui.editor.schema,SchemaElementDetails,updateFields,19,4,1
eclipse.pde.ui-20120217-1437,org.eclipse.pde.internal.ui.editor.schema,SchemaElementDetails,hookListeners,39,8,0
eclipse.pde.ui-20120217-1437,org.eclipse.pde.internal.ui.editor.schema,SchemaElementDetails,textValueChanged,20,6,1
eclipse.pde.ui-20120217-1437,org.eclipse.pde.internal.ui.editor.schema,SchemaElementDetails,widgetSelected,4,2,1
eclipse.pde.ui-20120217-1437,org.eclipse.pde.internal.ui.editor.schema,SchemaElementDetails,widgetSelected,4,2,1
eclipse.pde.ui-20120217-1437,org.eclipse.pde.internal.ui.editor.schema,SchemaElementDetails,modelChanged,9,3,1
eclipse.pde.ui-20120217-1437,org.eclipse.pde.internal.ui.editor.schema,SchemaElementDetails,commit,4,1,1
eclipse.pde.ui-20120217-1437,org.eclipse.pde.internal.ui.editor.schema,SchemaElementReferenceDetails,SchemaElementReferenceDetails,3,1,1
eclipse.pde.ui-20120217-1437,org.eclipse.pde.internal.ui.editor.schema,SchemaElementReferenceDetails,createDetails,12,1,1
eclipse.pde.ui-20120217-1437,org.eclipse.pde.internal.ui.editor.schema,SchemaElementReferenceDetails,updateFields,12,2,1
eclipse.pde.ui-20120217-1437,org.eclipse.pde.internal.ui.editor.schema,SchemaElementReferenceDetails,hookListeners,23,4,0
eclipse.pde.ui-20120217-1437,org.eclipse.pde.internal.ui.editor.schema,SchemaElementReferenceDetails,widgetSelected,4,2,1
eclipse.pde.ui-20120217-1437,org.eclipse.pde.internal.ui.editor.schema,SchemaElementReferenceDetails,widgetSelected,4,2,1
eclipse.pde.ui-20120217-1437,org.eclipse.pde.internal.ui.editor.schema,SchemaElementReferenceDetails,linkActivated,4,2,1
eclipse.pde.ui-20120217-1437,org.eclipse.pde.internal.ui.editor.schema,SchemaElementReferenceDetails,commit,3,1,1
eclipse.pde.ui-20120217-1437,org.eclipse.pde.internal.ui.editor.schema,SchemaFormOutlinePage,getChildren,15,5,1
eclipse.pde.ui-20120217-1437,org.eclipse.pde.internal.ui.editor.schema,SchemaFormOutlinePage,SchemaLabelProvider,3,1,1
eclipse.pde.ui-20120217-1437,org.eclipse.pde.internal.ui.editor.schema,SchemaFormOutlinePage,getText,4,1,1
eclipse.pde.ui-20120217-1437,org.eclipse.pde.internal.ui.editor.schema,SchemaFormOutlinePage,SchemaFormOutlinePage,3,1,1
eclipse.pde.ui-20120217-1437,org.eclipse.pde.internal.ui.editor.schema,SchemaFormOutlinePage,createLabelProvider,3,1,0
eclipse.pde.ui-20120217-1437,org.eclipse.pde.internal.ui.editor.schema,SchemaFormOutlinePage,createTopics,10,2,0
eclipse.pde.ui-20120217-1437,org.eclipse.pde.internal.ui.editor.schema,SchemaFormOutlinePage,getAttributes,7,2,1
eclipse.pde.ui-20120217-1437,org.eclipse.pde.internal.ui.editor.schema,SchemaFormOutlinePage,getMarkup,4,1,0
eclipse.pde.ui-20120217-1437,org.eclipse.pde.internal.ui.editor.schema,SchemaFormOutlinePage,getObjectLabel,15,8,1
eclipse.pde.ui-20120217-1437,org.eclipse.pde.internal.ui.editor.schema,SchemaFormOutlinePage,getTopics,6,2,0
eclipse.pde.ui-20120217-1437,org.eclipse.pde.internal.ui.editor.schema,SchemaFormOutlinePage,getParentPageId,5,3,1
eclipse.pde.ui-20120217-1437,org.eclipse.pde.internal.ui.editor.schema,SchemaFormOutlinePage,modelChanged,25,5,1
eclipse.pde.ui-20120217-1437,org.eclipse.pde.internal.ui.editor.schema,SchemaLabelProvider,SchemaLabelProvider,3,1,1
eclipse.pde.ui-20120217-1437,org.eclipse.pde.internal.ui.editor.schema,SchemaLabelProvider,getText,4,1,1
eclipse.pde.ui-20120217-1437,org.eclipse.pde.internal.ui.editor.schema,SchemaFormPage,SchemaBlock,3,1,0
eclipse.pde.ui-20120217-1437,org.eclipse.pde.internal.ui.editor.schema,SchemaFormPage,createMasterSection,4,1,2
eclipse.pde.ui-20120217-1437,org.eclipse.pde.internal.ui.editor.schema,SchemaFormPage,registerPages,13,1,1
eclipse.pde.ui-20120217-1437,org.eclipse.pde.internal.ui.editor.schema,SchemaFormPage,getPageKey,20,10,1
eclipse.pde.ui-20120217-1437,org.eclipse.pde.internal.ui.editor.schema,SchemaFormPage,getPage,3,1,1
eclipse.pde.ui-20120217-1437,org.eclipse.pde.internal.ui.editor.schema,SchemaFormPage,SchemaFormPage,4,1,1
eclipse.pde.ui-20120217-1437,org.eclipse.pde.internal.ui.editor.schema,SchemaFormPage,getHelpResource,3,1,0
eclipse.pde.ui-20120217-1437,org.eclipse.pde.internal.ui.editor.schema,SchemaFormPage,createFormContent,12,2,1
eclipse.pde.ui-20120217-1437,org.eclipse.pde.internal.ui.editor.schema,SchemaFormPage,createUIControlConPreviewRefDoc,10,1,0
eclipse.pde.ui-20120217-1437,org.eclipse.pde.internal.ui.editor.schema,SchemaFormPage,createControl,5,1,1
eclipse.pde.ui-20120217-1437,org.eclipse.pde.internal.ui.editor.schema,SchemaFormPage,createUIImageHyperlinkPreviewRefDoc,6,1,1
eclipse.pde.ui-20120217-1437,org.eclipse.pde.internal.ui.editor.schema,SchemaFormPage,createUIListenerImageHyperlinkPreviewRefDoc,14,1,0
eclipse.pde.ui-20120217-1437,org.eclipse.pde.internal.ui.editor.schema,SchemaFormPage,linkActivated,3,1,1
eclipse.pde.ui-20120217-1437,org.eclipse.pde.internal.ui.editor.schema,SchemaFormPage,linkEntered,3,1,1
eclipse.pde.ui-20120217-1437,org.eclipse.pde.internal.ui.editor.schema,SchemaFormPage,linkExited,3,1,1
eclipse.pde.ui-20120217-1437,org.eclipse.pde.internal.ui.editor.schema,SchemaFormPage,handleLinkEnteredPreviewRefDoc,4,1,1
eclipse.pde.ui-20120217-1437,org.eclipse.pde.internal.ui.editor.schema,SchemaFormPage,handleLinkExitedPreviewRefDoc,4,1,0
eclipse.pde.ui-20120217-1437,org.eclipse.pde.internal.ui.editor.schema,SchemaFormPage,handleLinkActivatedPreviewRefDoc,10,2,0
eclipse.pde.ui-20120217-1437,org.eclipse.pde.internal.ui.editor.schema,SchemaFormPage,initialize,5,1,0
eclipse.pde.ui-20120217-1437,org.eclipse.pde.internal.ui.editor.schema,SchemaFormPage,dispose,5,2,0
eclipse.pde.ui-20120217-1437,org.eclipse.pde.internal.ui.editor.schema,SchemaFormPage,modelChanged,19,7,1
eclipse.pde.ui-20120217-1437,org.eclipse.pde.internal.ui.editor.schema,SchemaFormPage,handleModelEventWorldChanged,4,1,1
eclipse.pde.ui-20120217-1437,org.eclipse.pde.internal.ui.editor.schema,SchemaBlock,SchemaBlock,3,1,0
eclipse.pde.ui-20120217-1437,org.eclipse.pde.internal.ui.editor.schema,SchemaBlock,createMasterSection,4,1,2
eclipse.pde.ui-20120217-1437,org.eclipse.pde.internal.ui.editor.schema,SchemaBlock,registerPages,13,1,1
eclipse.pde.ui-20120217-1437,org.eclipse.pde.internal.ui.editor.schema,SchemaBlock,getPageKey,20,10,1
eclipse.pde.ui-20120217-1437,org.eclipse.pde.internal.ui.editor.schema,SchemaBlock,getPage,3,1,1
eclipse.pde.ui-20120217-1437,org.eclipse.pde.internal.ui.editor.schema,SchemaIdentifierAttributeDetails,SchemaIdentifierAttributeDetails,3,1,1
eclipse.pde.ui-20120217-1437,org.eclipse.pde.internal.ui.editor.schema,SchemaIdentifierAttributeDetails,createTypeDetails,35,1,2
eclipse.pde.ui-20120217-1437,org.eclipse.pde.internal.ui.editor.schema,SchemaIdentifierAttributeDetails,updateFields,17,3,1
eclipse.pde.ui-20120217-1437,org.eclipse.pde.internal.ui.editor.schema,SchemaIdentifierAttributeDetails,hookListeners,77,21,0
eclipse.pde.ui-20120217-1437,org.eclipse.pde.internal.ui.editor.schema,SchemaIdentifierAttributeDetails,textValueChanged,4,2,1
eclipse.pde.ui-20120217-1437,org.eclipse.pde.internal.ui.editor.schema,SchemaIdentifierAttributeDetails,browseButtonSelected,4,2,1
eclipse.pde.ui-20120217-1437,org.eclipse.pde.internal.ui.editor.schema,SchemaIdentifierAttributeDetails,widgetSelected,22,8,1
eclipse.pde.ui-20120217-1437,org.eclipse.pde.internal.ui.editor.schema,SchemaIdentifierAttributeDetails,widgetSelected,27,11,1
eclipse.pde.ui-20120217-1437,org.eclipse.pde.internal.ui.editor.schema,SchemaIdentifierAttributeDetails,selectionChanged,4,2,1
eclipse.pde.ui-20120217-1437,org.eclipse.pde.internal.ui.editor.schema,SchemaIdentifierAttributeDetails,doOpenSelectionDialog,14,3,1
eclipse.pde.ui-20120217-1437,org.eclipse.pde.internal.ui.editor.schema,SchemaIncludesSection,select,13,3,3
eclipse.pde.ui-20120217-1437,org.eclipse.pde.internal.ui.editor.schema,SchemaIncludesSection,SchemaIncludesSection,5,1,2
eclipse.pde.ui-20120217-1437,org.eclipse.pde.internal.ui.editor.schema,SchemaIncludesSection,createClient,14,1,2
eclipse.pde.ui-20120217-1437,org.eclipse.pde.internal.ui.editor.schema,SchemaIncludesSection,buttonSelected,4,2,1
eclipse.pde.ui-20120217-1437,org.eclipse.pde.internal.ui.editor.schema,SchemaIncludesSection,selectionChanged,7,2,1
eclipse.pde.ui-20120217-1437,org.eclipse.pde.internal.ui.editor.schema,SchemaIncludesSection,dispose,6,2,0
eclipse.pde.ui-20120217-1437,org.eclipse.pde.internal.ui.editor.schema,SchemaIncludesSection,modelChanged,18,6,1
eclipse.pde.ui-20120217-1437,org.eclipse.pde.internal.ui.editor.schema,SchemaIncludesSection,doGlobalAction,7,2,1
eclipse.pde.ui-20120217-1437,org.eclipse.pde.internal.ui.editor.schema,SchemaIncludesSection,getSchema,3,1,0
eclipse.pde.ui-20120217-1437,org.eclipse.pde.internal.ui.editor.schema,SchemaIncludesSection,handleRemoveInclude,12,4,0
eclipse.pde.ui-20120217-1437,org.eclipse.pde.internal.ui.editor.schema,SchemaIncludesSection,handleNewInclude,19,4,0
eclipse.pde.ui-20120217-1437,org.eclipse.pde.internal.ui.editor.schema,SchemaIncludesSection,initialize,3,1,0
eclipse.pde.ui-20120217-1437,org.eclipse.pde.internal.ui.editor.schema,SchemaIncludesSection,getIncludeLocation,23,6,1
eclipse.pde.ui-20120217-1437,org.eclipse.pde.internal.ui.editor.schema,SchemaIncludesSection,isUnlistedInclude,13,4,1
eclipse.pde.ui-20120217-1437,org.eclipse.pde.internal.ui.editor.schema,SchemaIncludesSection,handleDoubleClick,21,5,1
eclipse.pde.ui-20120217-1437,org.eclipse.pde.internal.ui.editor.schema,SchemaIncludesSection,refresh,6,1,0
eclipse.pde.ui-20120217-1437,org.eclipse.pde.internal.ui.editor.schema,PDEProjectFilter,select,13,3,3
eclipse.pde.ui-20120217-1437,org.eclipse.pde.internal.ui.editor.schema,SchemaInputContext,SchemaInputContext,4,1,3
eclipse.pde.ui-20120217-1437,org.eclipse.pde.internal.ui.editor.schema,SchemaInputContext,getId,3,1,0
eclipse.pde.ui-20120217-1437,org.eclipse.pde.internal.ui.editor.schema,SchemaInputContext,createModel,14,5,1
eclipse.pde.ui-20120217-1437,org.eclipse.pde.internal.ui.editor.schema,SchemaInputContext,createExternalModel,14,4,1
eclipse.pde.ui-20120217-1437,org.eclipse.pde.internal.ui.editor.schema,SchemaInputContext,createStorageModel,12,1,1
eclipse.pde.ui-20120217-1437,org.eclipse.pde.internal.ui.editor.schema,SchemaInputContext,addTextEditOperation,2,1,2
eclipse.pde.ui-20120217-1437,org.eclipse.pde.internal.ui.editor.schema,SchemaInputContext,flushModel,16,3,1
eclipse.pde.ui-20120217-1437,org.eclipse.pde.internal.ui.editor.schema,SchemaInputContext,flushEditorInput,9,1,0
eclipse.pde.ui-20120217-1437,org.eclipse.pde.internal.ui.editor.schema,SchemaInputContext,synchronizeModel,23,3,1
eclipse.pde.ui-20120217-1437,org.eclipse.pde.internal.ui.editor.schema,SchemaInputContext,reorderInsertEdits,2,1,1
eclipse.pde.ui-20120217-1437,org.eclipse.pde.internal.ui.editor.schema,SchemaInputContext,getPartitionName,3,1,0
eclipse.pde.ui-20120217-1437,org.eclipse.pde.internal.ui.editor.schema,SchemaInputContextManager,SchemaInputContextManager,3,1,1
eclipse.pde.ui-20120217-1437,org.eclipse.pde.internal.ui.editor.schema,SchemaInputContextManager,getAggregateModel,3,1,0
eclipse.pde.ui-20120217-1437,org.eclipse.pde.internal.ui.editor.schema,SchemaInputContextManager,findSchema,4,1,0
eclipse.pde.ui-20120217-1437,org.eclipse.pde.internal.ui.editor.schema,SchemaJavaAttributeDetails,SchemaJavaAttributeDetails,3,1,1
eclipse.pde.ui-20120217-1437,org.eclipse.pde.internal.ui.editor.schema,SchemaJavaAttributeDetails,createTypeDetails,6,1,2
eclipse.pde.ui-20120217-1437,org.eclipse.pde.internal.ui.editor.schema,SchemaJavaAttributeDetails,updateFields,30,5,1
eclipse.pde.ui-20120217-1437,org.eclipse.pde.internal.ui.editor.schema,SchemaJavaAttributeDetails,hookListeners,38,9,0
eclipse.pde.ui-20120217-1437,org.eclipse.pde.internal.ui.editor.schema,SchemaJavaAttributeDetails,textValueChanged,4,2,1
eclipse.pde.ui-20120217-1437,org.eclipse.pde.internal.ui.editor.schema,SchemaJavaAttributeDetails,linkActivated,6,3,1
eclipse.pde.ui-20120217-1437,org.eclipse.pde.internal.ui.editor.schema,SchemaJavaAttributeDetails,browseButtonSelected,4,2,1
eclipse.pde.ui-20120217-1437,org.eclipse.pde.internal.ui.editor.schema,SchemaJavaAttributeDetails,textValueChanged,4,2,1
eclipse.pde.ui-20120217-1437,org.eclipse.pde.internal.ui.editor.schema,SchemaJavaAttributeDetails,linkActivated,6,3,1
eclipse.pde.ui-20120217-1437,org.eclipse.pde.internal.ui.editor.schema,SchemaJavaAttributeDetails,browseButtonSelected,4,2,1
eclipse.pde.ui-20120217-1437,org.eclipse.pde.internal.ui.editor.schema,SchemaJavaAttributeDetails,handleLinkActivated,24,4,2
eclipse.pde.ui-20120217-1437,org.eclipse.pde.internal.ui.editor.schema,SchemaJavaAttributeDetails,setBasedOn,9,4,0
eclipse.pde.ui-20120217-1437,org.eclipse.pde.internal.ui.editor.schema,SchemaJavaAttributeDetails,doOpenSelectionDialog,15,2,2
eclipse.pde.ui-20120217-1437,org.eclipse.pde.internal.ui.editor.schema,SchemaJavaAttributeDetails,commit,5,1,1
eclipse.pde.ui-20120217-1437,org.eclipse.pde.internal.ui.editor.schema,SchemaJavaAttributeDetails,dispose,5,3,0
eclipse.pde.ui-20120217-1437,org.eclipse.pde.internal.ui.editor.schema,SchemaOtherAttributeDetails,SchemaOtherAttributeDetails,3,1,1
eclipse.pde.ui-20120217-1437,org.eclipse.pde.internal.ui.editor.schema,SchemaOtherAttributeDetails,createTypeDetails,2,1,2
eclipse.pde.ui-20120217-1437,org.eclipse.pde.internal.ui.editor.schema,SchemaOverviewPage,SchemaOverviewPage,3,1,1
eclipse.pde.ui-20120217-1437,org.eclipse.pde.internal.ui.editor.schema,SchemaOverviewPage,getHelpResource,3,1,0
eclipse.pde.ui-20120217-1437,org.eclipse.pde.internal.ui.editor.schema,SchemaOverviewPage,setActive,4,2,1
eclipse.pde.ui-20120217-1437,org.eclipse.pde.internal.ui.editor.schema,SchemaOverviewPage,createFormContent,20,2,1
eclipse.pde.ui-20120217-1437,org.eclipse.pde.internal.ui.editor.schema,SchemaOverviewPage,createUIControlConPreviewRefDoc,10,1,0
eclipse.pde.ui-20120217-1437,org.eclipse.pde.internal.ui.editor.schema,SchemaOverviewPage,createControl,5,1,1
eclipse.pde.ui-20120217-1437,org.eclipse.pde.internal.ui.editor.schema,SchemaOverviewPage,createUIImageHyperlinkPreviewRefDoc,6,1,1
eclipse.pde.ui-20120217-1437,org.eclipse.pde.internal.ui.editor.schema,SchemaOverviewPage,createUIListenerImageHyperlinkPreviewRefDoc,14,1,0
eclipse.pde.ui-20120217-1437,org.eclipse.pde.internal.ui.editor.schema,SchemaOverviewPage,linkActivated,3,1,1
eclipse.pde.ui-20120217-1437,org.eclipse.pde.internal.ui.editor.schema,SchemaOverviewPage,linkEntered,3,1,1
eclipse.pde.ui-20120217-1437,org.eclipse.pde.internal.ui.editor.schema,SchemaOverviewPage,linkExited,3,1,1
eclipse.pde.ui-20120217-1437,org.eclipse.pde.internal.ui.editor.schema,SchemaOverviewPage,handleLinkEnteredPreviewRefDoc,4,1,1
eclipse.pde.ui-20120217-1437,org.eclipse.pde.internal.ui.editor.schema,SchemaOverviewPage,handleLinkExitedPreviewRefDoc,4,1,0
eclipse.pde.ui-20120217-1437,org.eclipse.pde.internal.ui.editor.schema,SchemaOverviewPage,handleLinkActivatedPreviewRefDoc,10,2,0
eclipse.pde.ui-20120217-1437,org.eclipse.pde.internal.ui.editor.schema,SchemaOverviewPage,dispose,4,1,0
eclipse.pde.ui-20120217-1437,org.eclipse.pde.internal.ui.editor.schema,SchemaPreviewLauncher,open,13,2,1
eclipse.pde.ui-20120217-1437,org.eclipse.pde.internal.ui.editor.schema,SchemaPreviewLauncher,handleUnsavedOpenSchemaEditor,13,4,1
eclipse.pde.ui-20120217-1437,org.eclipse.pde.internal.ui.editor.schema,SchemaRearranger,SchemaRearranger,3,1,1
eclipse.pde.ui-20120217-1437,org.eclipse.pde.internal.ui.editor.schema,SchemaRearranger,moveCompositor,31,8,2
eclipse.pde.ui-20120217-1437,org.eclipse.pde.internal.ui.editor.schema,SchemaRearranger,moveReference,14,4,3
eclipse.pde.ui-20120217-1437,org.eclipse.pde.internal.ui.editor.schema,SchemaRearranger,moveElement,9,4,3
eclipse.pde.ui-20120217-1437,org.eclipse.pde.internal.ui.editor.schema,SchemaRearranger,moveAttribute,24,6,3
eclipse.pde.ui-20120217-1437,org.eclipse.pde.internal.ui.editor.schema,SchemaRearranger,pasteCompositor,18,4,3
eclipse.pde.ui-20120217-1437,org.eclipse.pde.internal.ui.editor.schema,SchemaRearranger,pasteReference,7,2,3
eclipse.pde.ui-20120217-1437,org.eclipse.pde.internal.ui.editor.schema,SchemaRearranger,pasteElement,7,1,2
eclipse.pde.ui-20120217-1437,org.eclipse.pde.internal.ui.editor.schema,SchemaRearranger,pasteAttribute,17,3,3
eclipse.pde.ui-20120217-1437,org.eclipse.pde.internal.ui.editor.schema,SchemaRearranger,linkReference,8,2,3
eclipse.pde.ui-20120217-1437,org.eclipse.pde.internal.ui.editor.schema,SchemaRearranger,deleteCompositor,12,4,1
eclipse.pde.ui-20120217-1437,org.eclipse.pde.internal.ui.editor.schema,SchemaRearranger,deleteAttribute,5,1,1
eclipse.pde.ui-20120217-1437,org.eclipse.pde.internal.ui.editor.schema,SchemaRearranger,deleteElement,7,2,1
eclipse.pde.ui-20120217-1437,org.eclipse.pde.internal.ui.editor.schema,SchemaRearranger,deleteReference,4,1,1
eclipse.pde.ui-20120217-1437,org.eclipse.pde.internal.ui.editor.schema,SchemaRootElementDetails,SchemaRootElementDetails,3,1,1
eclipse.pde.ui-20120217-1437,org.eclipse.pde.internal.ui.editor.schema,SchemaRootElementDetails,createDetails,18,1,1
eclipse.pde.ui-20120217-1437,org.eclipse.pde.internal.ui.editor.schema,SchemaRootElementDetails,updateFields,24,5,1
eclipse.pde.ui-20120217-1437,org.eclipse.pde.internal.ui.editor.schema,SchemaRootElementDetails,hookListeners,27,4,0
eclipse.pde.ui-20120217-1437,org.eclipse.pde.internal.ui.editor.schema,SchemaRootElementDetails,widgetSelected,7,2,1
eclipse.pde.ui-20120217-1437,org.eclipse.pde.internal.ui.editor.schema,SchemaRootElementDetails,widgetSelected,5,2,1
eclipse.pde.ui-20120217-1437,org.eclipse.pde.internal.ui.editor.schema,SchemaRootElementDetails,textValueChanged,4,2,1
eclipse.pde.ui-20120217-1437,org.eclipse.pde.internal.ui.editor.schema,SchemaRootElementDetails,commit,4,1,1
eclipse.pde.ui-20120217-1437,org.eclipse.pde.internal.ui.editor.schema,SchemaSourcePage,SchemaSourcePage,3,1,3
eclipse.pde.ui-20120217-1437,org.eclipse.pde.internal.ui.editor.schema,SchemaSourcePage,createContentOutlinePage,3,1,0
eclipse.pde.ui-20120217-1437,org.eclipse.pde.internal.ui.editor.schema,SchemaSourcePage,editorContextMenuAboutToShow,6,1,1
eclipse.pde.ui-20120217-1437,org.eclipse.pde.internal.ui.editor.schema,SchemaSourcePage,createOutlineLabelProvider,3,1,0
eclipse.pde.ui-20120217-1437,org.eclipse.pde.internal.ui.editor.schema,SchemaSourcePage,createOutlineContentProvider,3,1,0
eclipse.pde.ui-20120217-1437,org.eclipse.pde.internal.ui.editor.schema,SchemaSourcePage,createOutlineComparator,3,1,0
eclipse.pde.ui-20120217-1437,org.eclipse.pde.internal.ui.editor.schema,SchemaSourcePage,updateSelection,2,1,1
eclipse.pde.ui-20120217-1437,org.eclipse.pde.internal.ui.editor.schema,SchemaSourcePage,createOutlinePage,3,1,0
eclipse.pde.ui-20120217-1437,org.eclipse.pde.internal.ui.editor.schema,SchemaSourcePage,isQuickOutlineEnabled,3,1,0
eclipse.pde.ui-20120217-1437,org.eclipse.pde.internal.ui.editor.schema,SchemaSourcePage,updateSelection,2,1,1
eclipse.pde.ui-20120217-1437,org.eclipse.pde.internal.ui.editor.schema,SchemaSourcePage,setPartName,3,1,1
eclipse.pde.ui-20120217-1437,org.eclipse.pde.internal.ui.editor.schema,SchemaSpecSection,SchemaSpecSection,6,1,2
eclipse.pde.ui-20120217-1437,org.eclipse.pde.internal.ui.editor.schema,SchemaSpecSection,commit,6,1,1
eclipse.pde.ui-20120217-1437,org.eclipse.pde.internal.ui.editor.schema,SchemaSpecSection,cancelEdit,6,1,0
eclipse.pde.ui-20120217-1437,org.eclipse.pde.internal.ui.editor.schema,SchemaSpecSection,createClient,32,1,2
eclipse.pde.ui-20120217-1437,org.eclipse.pde.internal.ui.editor.schema,SchemaSpecSection,textValueChanged,3,1,1
eclipse.pde.ui-20120217-1437,org.eclipse.pde.internal.ui.editor.schema,SchemaSpecSection,textValueChanged,3,1,1
eclipse.pde.ui-20120217-1437,org.eclipse.pde.internal.ui.editor.schema,SchemaSpecSection,textValueChanged,4,1,1
eclipse.pde.ui-20120217-1437,org.eclipse.pde.internal.ui.editor.schema,SchemaSpecSection,dispose,5,2,0
eclipse.pde.ui-20120217-1437,org.eclipse.pde.internal.ui.editor.schema,SchemaSpecSection,initialize,8,1,0
eclipse.pde.ui-20120217-1437,org.eclipse.pde.internal.ui.editor.schema,SchemaSpecSection,setFocus,5,2,0
eclipse.pde.ui-20120217-1437,org.eclipse.pde.internal.ui.editor.schema,SchemaSpecSection,refresh,8,1,0
eclipse.pde.ui-20120217-1437,org.eclipse.pde.internal.ui.editor.schema,SchemaSpecSection,canPaste,3,1,1
eclipse.pde.ui-20120217-1437,org.eclipse.pde.internal.ui.editor.schema,SchemaStringAttributeDetails,SchemaStringAttributeDetails,3,1,1
eclipse.pde.ui-20120217-1437,org.eclipse.pde.internal.ui.editor.schema,SchemaStringAttributeDetails,createTypeDetails,40,1,2
eclipse.pde.ui-20120217-1437,org.eclipse.pde.internal.ui.editor.schema,SchemaStringAttributeDetails,updateFields,13,2,1
eclipse.pde.ui-20120217-1437,org.eclipse.pde.internal.ui.editor.schema,SchemaStringAttributeDetails,hookListeners,72,20,0
eclipse.pde.ui-20120217-1437,org.eclipse.pde.internal.ui.editor.schema,SchemaStringAttributeDetails,widgetSelected,4,2,1
eclipse.pde.ui-20120217-1437,org.eclipse.pde.internal.ui.editor.schema,SchemaStringAttributeDetails,widgetSelected,22,8,1
eclipse.pde.ui-20120217-1437,org.eclipse.pde.internal.ui.editor.schema,SchemaStringAttributeDetails,widgetSelected,27,11,1
eclipse.pde.ui-20120217-1437,org.eclipse.pde.internal.ui.editor.schema,SchemaStringAttributeDetails,selectionChanged,4,2,1
eclipse.pde.ui-20120217-1437,org.eclipse.pde.internal.ui.editor.site,ArchivePage,ArchivePage,3,1,1
eclipse.pde.ui-20120217-1437,org.eclipse.pde.internal.ui.editor.site,ArchivePage,createFormContent,14,1,1
eclipse.pde.ui-20120217-1437,org.eclipse.pde.internal.ui.editor.site,ArchivePage,getHelpResource,3,1,0
eclipse.pde.ui-20120217-1437,org.eclipse.pde.internal.ui.editor.site,ArchiveSection,hasChildren,9,3,1
eclipse.pde.ui-20120217-1437,org.eclipse.pde.internal.ui.editor.site,ArchiveSection,getElements,4,1,1
eclipse.pde.ui-20120217-1437,org.eclipse.pde.internal.ui.editor.site,ArchiveSection,getColumnText,10,3,2
eclipse.pde.ui-20120217-1437,org.eclipse.pde.internal.ui.editor.site,ArchiveSection,getColumnImage,3,1,2
eclipse.pde.ui-20120217-1437,org.eclipse.pde.internal.ui.editor.site,ArchiveSection,ArchiveSection,6,1,2
eclipse.pde.ui-20120217-1437,org.eclipse.pde.internal.ui.editor.site,ArchiveSection,createClient,16,1,2
eclipse.pde.ui-20120217-1437,org.eclipse.pde.internal.ui.editor.site,ArchiveSection,dispose,4,1,0
eclipse.pde.ui-20120217-1437,org.eclipse.pde.internal.ui.editor.site,ArchiveSection,createButtons,36,2,2
eclipse.pde.ui-20120217-1437,org.eclipse.pde.internal.ui.editor.site,ArchiveSection,widgetSelected,3,1,1
eclipse.pde.ui-20120217-1437,org.eclipse.pde.internal.ui.editor.site,ArchiveSection,widgetSelected,4,2,1
eclipse.pde.ui-20120217-1437,org.eclipse.pde.internal.ui.editor.site,ArchiveSection,widgetSelected,3,1,1
eclipse.pde.ui-20120217-1437,org.eclipse.pde.internal.ui.editor.site,ArchiveSection,createTable,16,1,2
eclipse.pde.ui-20120217-1437,org.eclipse.pde.internal.ui.editor.site,ArchiveSection,createTableViewer,12,1,0
eclipse.pde.ui-20120217-1437,org.eclipse.pde.internal.ui.editor.site,ArchiveSection,selectionChanged,3,1,1
eclipse.pde.ui-20120217-1437,org.eclipse.pde.internal.ui.editor.site,ArchiveSection,handleSelectionChanged,17,3,0
eclipse.pde.ui-20120217-1437,org.eclipse.pde.internal.ui.editor.site,ArchiveSection,showDialog,12,1,1
eclipse.pde.ui-20120217-1437,org.eclipse.pde.internal.ui.editor.site,ArchiveSection,run,6,1,0
eclipse.pde.ui-20120217-1437,org.eclipse.pde.internal.ui.editor.site,ArchiveSection,handleDelete,15,3,0
eclipse.pde.ui-20120217-1437,org.eclipse.pde.internal.ui.editor.site,ArchiveSection,doGlobalAction,12,2,1
eclipse.pde.ui-20120217-1437,org.eclipse.pde.internal.ui.editor.site,ArchiveSection,run,3,1,0
eclipse.pde.ui-20120217-1437,org.eclipse.pde.internal.ui.editor.site,ArchiveSection,refresh,4,1,0
eclipse.pde.ui-20120217-1437,org.eclipse.pde.internal.ui.editor.site,ArchiveSection,initialize,3,1,0
eclipse.pde.ui-20120217-1437,org.eclipse.pde.internal.ui.editor.site,ArchiveSection,modelChanged,3,1,1
eclipse.pde.ui-20120217-1437,org.eclipse.pde.internal.ui.editor.site,ArchiveSection,createContextMenu,22,1,1
eclipse.pde.ui-20120217-1437,org.eclipse.pde.internal.ui.editor.site,ArchiveSection,menuAboutToShow,13,1,1
eclipse.pde.ui-20120217-1437,org.eclipse.pde.internal.ui.editor.site,ArchiveSection,run,3,1,0
eclipse.pde.ui-20120217-1437,org.eclipse.pde.internal.ui.editor.site,ArchiveSection,setFormInput,7,2,1
eclipse.pde.ui-20120217-1437,org.eclipse.pde.internal.ui.editor.site,FolderProvider,hasChildren,9,3,1
eclipse.pde.ui-20120217-1437,org.eclipse.pde.internal.ui.editor.site,ContentProvider,getElements,4,1,1
eclipse.pde.ui-20120217-1437,org.eclipse.pde.internal.ui.editor.site,ArchiveLabelProvider,getColumnText,10,3,2
eclipse.pde.ui-20120217-1437,org.eclipse.pde.internal.ui.editor.site,ArchiveLabelProvider,getColumnImage,3,1,2
eclipse.pde.ui-20120217-1437,org.eclipse.pde.internal.ui.editor.site,CategoryDetailsSection,CategoryDetailsSection,3,1,2
eclipse.pde.ui-20120217-1437,org.eclipse.pde.internal.ui.editor.site,CategoryDetailsSection,CategoryDetailsSection,6,1,5
eclipse.pde.ui-20120217-1437,org.eclipse.pde.internal.ui.editor.site,CategoryDetailsSection,alreadyExists,10,4,1
eclipse.pde.ui-20120217-1437,org.eclipse.pde.internal.ui.editor.site,CategoryDetailsSection,applyValue,25,7,2
eclipse.pde.ui-20120217-1437,org.eclipse.pde.internal.ui.editor.site,CategoryDetailsSection,cancelEdit,6,1,0
eclipse.pde.ui-20120217-1437,org.eclipse.pde.internal.ui.editor.site,CategoryDetailsSection,canPaste,10,4,1
eclipse.pde.ui-20120217-1437,org.eclipse.pde.internal.ui.editor.site,CategoryDetailsSection,clearField,5,4,1
eclipse.pde.ui-20120217-1437,org.eclipse.pde.internal.ui.editor.site,CategoryDetailsSection,clearFields,5,1,0
eclipse.pde.ui-20120217-1437,org.eclipse.pde.internal.ui.editor.site,CategoryDetailsSection,commit,6,1,1
eclipse.pde.ui-20120217-1437,org.eclipse.pde.internal.ui.editor.site,CategoryDetailsSection,createClient,63,3,2
eclipse.pde.ui-20120217-1437,org.eclipse.pde.internal.ui.editor.site,CategoryDetailsSection,textValueChanged,15,2,1
eclipse.pde.ui-20120217-1437,org.eclipse.pde.internal.ui.editor.site,CategoryDetailsSection,textValueChanged,8,1,1
eclipse.pde.ui-20120217-1437,org.eclipse.pde.internal.ui.editor.site,CategoryDetailsSection,textValueChanged,8,1,1
eclipse.pde.ui-20120217-1437,org.eclipse.pde.internal.ui.editor.site,CategoryDetailsSection,dispose,5,2,0
eclipse.pde.ui-20120217-1437,org.eclipse.pde.internal.ui.editor.site,CategoryDetailsSection,limitTextWidth,4,1,1
eclipse.pde.ui-20120217-1437,org.eclipse.pde.internal.ui.editor.site,CategoryDetailsSection,modelChanged,3,1,1
eclipse.pde.ui-20120217-1437,org.eclipse.pde.internal.ui.editor.site,CategoryDetailsSection,bringFeatures,15,4,1
eclipse.pde.ui-20120217-1437,org.eclipse.pde.internal.ui.editor.site,CategoryDetailsSection,refresh,11,2,0
eclipse.pde.ui-20120217-1437,org.eclipse.pde.internal.ui.editor.site,CategoryDetailsSection,selectionChanged,13,3,2
eclipse.pde.ui-20120217-1437,org.eclipse.pde.internal.ui.editor.site,CategoryDetailsSection,setFocus,3,2,0
eclipse.pde.ui-20120217-1437,org.eclipse.pde.internal.ui.editor.site,CategoryDetailsSection,setValue,18,6,1
eclipse.pde.ui-20120217-1437,org.eclipse.pde.internal.ui.editor.site,CategorySection,getElements,12,4,1
eclipse.pde.ui-20120217-1437,org.eclipse.pde.internal.ui.editor.site,CategorySection,getChildren,17,5,1
eclipse.pde.ui-20120217-1437,org.eclipse.pde.internal.ui.editor.site,CategorySection,getParent,3,1,1
eclipse.pde.ui-20120217-1437,org.eclipse.pde.internal.ui.editor.site,CategorySection,hasChildren,15,5,1
eclipse.pde.ui-20120217-1437,org.eclipse.pde.internal.ui.editor.site,CategorySection,CategorySection,5,1,2
eclipse.pde.ui-20120217-1437,org.eclipse.pde.internal.ui.editor.site,CategorySection,createClient,101,12,2
eclipse.pde.ui-20120217-1437,org.eclipse.pde.internal.ui.editor.site,CategorySection,dragEnter,7,2,1
eclipse.pde.ui-20120217-1437,org.eclipse.pde.internal.ui.editor.site,CategorySection,dragOperationChanged,7,2,1
eclipse.pde.ui-20120217-1437,org.eclipse.pde.internal.ui.editor.site,CategorySection,dragOver,7,2,1
eclipse.pde.ui-20120217-1437,org.eclipse.pde.internal.ui.editor.site,CategorySection,determineLocation,15,4,1
eclipse.pde.ui-20120217-1437,org.eclipse.pde.internal.ui.editor.site,CategorySection,performDrop,16,4,1
eclipse.pde.ui-20120217-1437,org.eclipse.pde.internal.ui.editor.site,CategorySection,validateDrop,3,1,3
eclipse.pde.ui-20120217-1437,org.eclipse.pde.internal.ui.editor.site,CategorySection,dragStart,6,2,1
eclipse.pde.ui-20120217-1437,org.eclipse.pde.internal.ui.editor.site,CategorySection,dragSetData,4,1,1
eclipse.pde.ui-20120217-1437,org.eclipse.pde.internal.ui.editor.site,CategorySection,dragFinished,2,1,1
eclipse.pde.ui-20120217-1437,org.eclipse.pde.internal.ui.editor.site,CategorySection,categoryExists,9,3,1
eclipse.pde.ui-20120217-1437,org.eclipse.pde.internal.ui.editor.site,CategorySection,copyFeature,15,3,2
eclipse.pde.ui-20120217-1437,org.eclipse.pde.internal.ui.editor.site,CategorySection,addCategory,15,4,2
eclipse.pde.ui-20120217-1437,org.eclipse.pde.internal.ui.editor.site,CategorySection,moveFeature,12,4,2
eclipse.pde.ui-20120217-1437,org.eclipse.pde.internal.ui.editor.site,CategorySection,buttonSelected,18,6,1
eclipse.pde.ui-20120217-1437,org.eclipse.pde.internal.ui.editor.site,CategorySection,handleDoubleClick,8,2,1
eclipse.pde.ui-20120217-1437,org.eclipse.pde.internal.ui.editor.site,CategorySection,selectionChanged,4,1,1
eclipse.pde.ui-20120217-1437,org.eclipse.pde.internal.ui.editor.site,CategorySection,handleAddCategoryDefinition,17,2,0
eclipse.pde.ui-20120217-1437,org.eclipse.pde.internal.ui.editor.site,CategorySection,handleRemove,23,7,0
eclipse.pde.ui-20120217-1437,org.eclipse.pde.internal.ui.editor.site,CategorySection,handleRemoveCategoryDefinition,20,5,1
eclipse.pde.ui-20120217-1437,org.eclipse.pde.internal.ui.editor.site,CategorySection,handleRemoveSiteFeatureAdapter,16,3,1
eclipse.pde.ui-20120217-1437,org.eclipse.pde.internal.ui.editor.site,CategorySection,removeCategory,11,4,2
eclipse.pde.ui-20120217-1437,org.eclipse.pde.internal.ui.editor.site,CategorySection,findRealFeature,10,3,1
eclipse.pde.ui-20120217-1437,org.eclipse.pde.internal.ui.editor.site,CategorySection,dispose,7,2,0
eclipse.pde.ui-20120217-1437,org.eclipse.pde.internal.ui.editor.site,CategorySection,fillContextMenu,28,3,1
eclipse.pde.ui-20120217-1437,org.eclipse.pde.internal.ui.editor.site,CategorySection,run,3,1,0
eclipse.pde.ui-20120217-1437,org.eclipse.pde.internal.ui.editor.site,CategorySection,run,3,1,0
eclipse.pde.ui-20120217-1437,org.eclipse.pde.internal.ui.editor.site,CategorySection,doGlobalAction,18,5,1
eclipse.pde.ui-20120217-1437,org.eclipse.pde.internal.ui.editor.site,CategorySection,refresh,5,1,0
eclipse.pde.ui-20120217-1437,org.eclipse.pde.internal.ui.editor.site,CategorySection,updateButtons,10,2,0
eclipse.pde.ui-20120217-1437,org.eclipse.pde.internal.ui.editor.site,CategorySection,modelChanged,3,1,1
eclipse.pde.ui-20120217-1437,org.eclipse.pde.internal.ui.editor.site,CategorySection,initialize,5,1,0
eclipse.pde.ui-20120217-1437,org.eclipse.pde.internal.ui.editor.site,CategorySection,doPaste,14,4,2
eclipse.pde.ui-20120217-1437,org.eclipse.pde.internal.ui.editor.site,CategorySection,canPaste,18,7,2
eclipse.pde.ui-20120217-1437,org.eclipse.pde.internal.ui.editor.site,CategorySection,handleBuild,4,1,0
eclipse.pde.ui-20120217-1437,org.eclipse.pde.internal.ui.editor.site,CategorySection,getFeaturesFromSelection,17,6,1
eclipse.pde.ui-20120217-1437,org.eclipse.pde.internal.ui.editor.site,CategorySection,findFeature,5,2,1
eclipse.pde.ui-20120217-1437,org.eclipse.pde.internal.ui.editor.site,CategorySection,handleImportEnvironment,10,1,0
eclipse.pde.ui-20120217-1437,org.eclipse.pde.internal.ui.editor.site,CategorySection,run,3,1,0
eclipse.pde.ui-20120217-1437,org.eclipse.pde.internal.ui.editor.site,CategorySection,handleNewFeature,24,4,0
eclipse.pde.ui-20120217-1437,org.eclipse.pde.internal.ui.editor.site,CategorySection,run,18,4,0
eclipse.pde.ui-20120217-1437,org.eclipse.pde.internal.ui.editor.site,CategorySection,canAdd,9,3,1
eclipse.pde.ui-20120217-1437,org.eclipse.pde.internal.ui.editor.site,CategorySection,createSiteFeature,13,1,2
eclipse.pde.ui-20120217-1437,org.eclipse.pde.internal.ui.editor.site,CategorySection,formatVersion,9,1,1
eclipse.pde.ui-20120217-1437,org.eclipse.pde.internal.ui.editor.site,CategorySection,isFeaturePatch,7,3,1
eclipse.pde.ui-20120217-1437,org.eclipse.pde.internal.ui.editor.site,CategorySection,getModel,3,1,0
eclipse.pde.ui-20120217-1437,org.eclipse.pde.internal.ui.editor.site,CategorySection,doAdd,29,8,1
eclipse.pde.ui-20120217-1437,org.eclipse.pde.internal.ui.editor.site,CategorySection,fireSelection,3,1,0
eclipse.pde.ui-20120217-1437,org.eclipse.pde.internal.ui.editor.site,CategorySection,setFormInput,15,4,1
eclipse.pde.ui-20120217-1437,org.eclipse.pde.internal.ui.editor.site,CategorySection,expandCategory,11,4,1
eclipse.pde.ui-20120217-1437,org.eclipse.pde.internal.ui.editor.site,CategorySection,modelsChanged,3,1,1
eclipse.pde.ui-20120217-1437,org.eclipse.pde.internal.ui.editor.site,CategorySection,copySiteFeature,12,1,2
eclipse.pde.ui-20120217-1437,org.eclipse.pde.internal.ui.editor.site,CategoryContentProvider,getElements,12,4,1
eclipse.pde.ui-20120217-1437,org.eclipse.pde.internal.ui.editor.site,CategoryContentProvider,getChildren,17,5,1
eclipse.pde.ui-20120217-1437,org.eclipse.pde.internal.ui.editor.site,CategoryContentProvider,getParent,3,1,1
eclipse.pde.ui-20120217-1437,org.eclipse.pde.internal.ui.editor.site,CategoryContentProvider,hasChildren,15,5,1
eclipse.pde.ui-20120217-1437,org.eclipse.pde.internal.ui.editor.site,DescriptionSection,DescriptionSection,6,1,2
eclipse.pde.ui-20120217-1437,org.eclipse.pde.internal.ui.editor.site,DescriptionSection,commit,6,1,1
eclipse.pde.ui-20120217-1437,org.eclipse.pde.internal.ui.editor.site,DescriptionSection,createClient,40,1,2
eclipse.pde.ui-20120217-1437,org.eclipse.pde.internal.ui.editor.site,DescriptionSection,textValueChanged,3,1,1
eclipse.pde.ui-20120217-1437,org.eclipse.pde.internal.ui.editor.site,DescriptionSection,textValueChanged,3,1,1
eclipse.pde.ui-20120217-1437,org.eclipse.pde.internal.ui.editor.site,DescriptionSection,textValueChanged,3,1,1
eclipse.pde.ui-20120217-1437,org.eclipse.pde.internal.ui.editor.site,DescriptionSection,setName,19,3,1
eclipse.pde.ui-20120217-1437,org.eclipse.pde.internal.ui.editor.site,DescriptionSection,setDescriptionURL,19,3,1
eclipse.pde.ui-20120217-1437,org.eclipse.pde.internal.ui.editor.site,DescriptionSection,setDescriptionText,19,3,1
eclipse.pde.ui-20120217-1437,org.eclipse.pde.internal.ui.editor.site,DescriptionSection,dispose,5,2,0
eclipse.pde.ui-20120217-1437,org.eclipse.pde.internal.ui.editor.site,DescriptionSection,initialize,5,1,0
eclipse.pde.ui-20120217-1437,org.eclipse.pde.internal.ui.editor.site,DescriptionSection,modelChanged,3,1,1
eclipse.pde.ui-20120217-1437,org.eclipse.pde.internal.ui.editor.site,DescriptionSection,setFocus,3,2,0
eclipse.pde.ui-20120217-1437,org.eclipse.pde.internal.ui.editor.site,DescriptionSection,setIfDefined,5,2,2
eclipse.pde.ui-20120217-1437,org.eclipse.pde.internal.ui.editor.site,DescriptionSection,refresh,8,1,0
eclipse.pde.ui-20120217-1437,org.eclipse.pde.internal.ui.editor.site,DescriptionSection,cancelEdit,6,1,0
eclipse.pde.ui-20120217-1437,org.eclipse.pde.internal.ui.editor.site,DescriptionSection,canPaste,10,4,1
eclipse.pde.ui-20120217-1437,org.eclipse.pde.internal.ui.editor.site,FeatureDetailsSection,FeatureDetailsSection,3,1,2
eclipse.pde.ui-20120217-1437,org.eclipse.pde.internal.ui.editor.site,FeatureDetailsSection,FeatureDetailsSection,6,1,5
eclipse.pde.ui-20120217-1437,org.eclipse.pde.internal.ui.editor.site,FeatureDetailsSection,applyIsPatch,4,2,1
eclipse.pde.ui-20120217-1437,org.eclipse.pde.internal.ui.editor.site,FeatureDetailsSection,applyValue,5,4,2
eclipse.pde.ui-20120217-1437,org.eclipse.pde.internal.ui.editor.site,FeatureDetailsSection,cancelEdit,4,1,0
eclipse.pde.ui-20120217-1437,org.eclipse.pde.internal.ui.editor.site,FeatureDetailsSection,canPaste,10,4,1
eclipse.pde.ui-20120217-1437,org.eclipse.pde.internal.ui.editor.site,FeatureDetailsSection,clearField,3,2,1
eclipse.pde.ui-20120217-1437,org.eclipse.pde.internal.ui.editor.site,FeatureDetailsSection,clearFields,4,1,0
eclipse.pde.ui-20120217-1437,org.eclipse.pde.internal.ui.editor.site,FeatureDetailsSection,commit,9,1,1
eclipse.pde.ui-20120217-1437,org.eclipse.pde.internal.ui.editor.site,FeatureDetailsSection,createClient,33,3,2
eclipse.pde.ui-20120217-1437,org.eclipse.pde.internal.ui.editor.site,FeatureDetailsSection,textValueChanged,14,2,1
eclipse.pde.ui-20120217-1437,org.eclipse.pde.internal.ui.editor.site,FeatureDetailsSection,createPatchButton,18,1,2
eclipse.pde.ui-20120217-1437,org.eclipse.pde.internal.ui.editor.site,FeatureDetailsSection,widgetSelected,8,1,1
eclipse.pde.ui-20120217-1437,org.eclipse.pde.internal.ui.editor.site,FeatureDetailsSection,dispose,5,2,0
eclipse.pde.ui-20120217-1437,org.eclipse.pde.internal.ui.editor.site,FeatureDetailsSection,limitTextWidth,4,1,1
eclipse.pde.ui-20120217-1437,org.eclipse.pde.internal.ui.editor.site,FeatureDetailsSection,modelChanged,3,1,1
eclipse.pde.ui-20120217-1437,org.eclipse.pde.internal.ui.editor.site,FeatureDetailsSection,refresh,11,2,0
eclipse.pde.ui-20120217-1437,org.eclipse.pde.internal.ui.editor.site,FeatureDetailsSection,selectionChanged,13,3,2
eclipse.pde.ui-20120217-1437,org.eclipse.pde.internal.ui.editor.site,FeatureDetailsSection,setFocus,3,2,0
eclipse.pde.ui-20120217-1437,org.eclipse.pde.internal.ui.editor.site,FeatureDetailsSection,setValue,8,3,1
eclipse.pde.ui-20120217-1437,org.eclipse.pde.internal.ui.editor.site,FeaturesPage,SiteFeaturesBlock,3,1,0
eclipse.pde.ui-20120217-1437,org.eclipse.pde.internal.ui.editor.site,FeaturesPage,createMasterSection,4,1,2
eclipse.pde.ui-20120217-1437,org.eclipse.pde.internal.ui.editor.site,FeaturesPage,registerPages,15,5,1
eclipse.pde.ui-20120217-1437,org.eclipse.pde.internal.ui.editor.site,FeaturesPage,getPageKey,5,3,1
eclipse.pde.ui-20120217-1437,org.eclipse.pde.internal.ui.editor.site,FeaturesPage,getPage,5,3,1
eclipse.pde.ui-20120217-1437,org.eclipse.pde.internal.ui.editor.site,FeaturesPage,FeaturesPage,4,1,1
eclipse.pde.ui-20120217-1437,org.eclipse.pde.internal.ui.editor.site,FeaturesPage,createFormContent,9,1,1
eclipse.pde.ui-20120217-1437,org.eclipse.pde.internal.ui.editor.site,FeaturesPage,createFeatureDetails,11,1,0
eclipse.pde.ui-20120217-1437,org.eclipse.pde.internal.ui.editor.site,FeaturesPage,createSections,3,1,2
eclipse.pde.ui-20120217-1437,org.eclipse.pde.internal.ui.editor.site,FeaturesPage,getContextId,3,1,0
eclipse.pde.ui-20120217-1437,org.eclipse.pde.internal.ui.editor.site,FeaturesPage,createCategoryDetails,11,1,0
eclipse.pde.ui-20120217-1437,org.eclipse.pde.internal.ui.editor.site,FeaturesPage,createSections,3,1,2
eclipse.pde.ui-20120217-1437,org.eclipse.pde.internal.ui.editor.site,FeaturesPage,getContextId,3,1,0
eclipse.pde.ui-20120217-1437,org.eclipse.pde.internal.ui.editor.site,FeaturesPage,getHelpResource,3,1,0
eclipse.pde.ui-20120217-1437,org.eclipse.pde.internal.ui.editor.site,SiteFeaturesBlock,SiteFeaturesBlock,3,1,0
eclipse.pde.ui-20120217-1437,org.eclipse.pde.internal.ui.editor.site,SiteFeaturesBlock,createMasterSection,4,1,2
eclipse.pde.ui-20120217-1437,org.eclipse.pde.internal.ui.editor.site,SiteFeaturesBlock,registerPages,15,5,1
eclipse.pde.ui-20120217-1437,org.eclipse.pde.internal.ui.editor.site,SiteFeaturesBlock,getPageKey,5,3,1
eclipse.pde.ui-20120217-1437,org.eclipse.pde.internal.ui.editor.site,SiteFeaturesBlock,getPage,5,3,1
eclipse.pde.ui-20120217-1437,org.eclipse.pde.internal.ui.editor.site,MirrorsSection,MirrorsSection,6,1,2
eclipse.pde.ui-20120217-1437,org.eclipse.pde.internal.ui.editor.site,MirrorsSection,commit,4,1,1
eclipse.pde.ui-20120217-1437,org.eclipse.pde.internal.ui.editor.site,MirrorsSection,createClient,21,1,2
eclipse.pde.ui-20120217-1437,org.eclipse.pde.internal.ui.editor.site,MirrorsSection,textValueChanged,3,1,1
eclipse.pde.ui-20120217-1437,org.eclipse.pde.internal.ui.editor.site,MirrorsSection,setMirrorsURL,10,1,1
eclipse.pde.ui-20120217-1437,org.eclipse.pde.internal.ui.editor.site,MirrorsSection,dispose,5,2,0
eclipse.pde.ui-20120217-1437,org.eclipse.pde.internal.ui.editor.site,MirrorsSection,initialize,5,1,0
eclipse.pde.ui-20120217-1437,org.eclipse.pde.internal.ui.editor.site,MirrorsSection,modelChanged,3,1,1
eclipse.pde.ui-20120217-1437,org.eclipse.pde.internal.ui.editor.site,MirrorsSection,setFocus,3,2,0
eclipse.pde.ui-20120217-1437,org.eclipse.pde.internal.ui.editor.site,MirrorsSection,setIfDefined,5,2,2
eclipse.pde.ui-20120217-1437,org.eclipse.pde.internal.ui.editor.site,MirrorsSection,refresh,6,1,0
eclipse.pde.ui-20120217-1437,org.eclipse.pde.internal.ui.editor.site,MirrorsSection,cancelEdit,4,1,0
eclipse.pde.ui-20120217-1437,org.eclipse.pde.internal.ui.editor.site,MirrorsSection,canPaste,10,4,1
eclipse.pde.ui-20120217-1437,org.eclipse.pde.internal.ui.editor.site,NewArchiveDialog,NewArchiveDialog,5,1,3
eclipse.pde.ui-20120217-1437,org.eclipse.pde.internal.ui.editor.site,NewArchiveDialog,createButtonsForButtonBar,4,1,1
eclipse.pde.ui-20120217-1437,org.eclipse.pde.internal.ui.editor.site,NewArchiveDialog,createDialogArea,22,1,1
eclipse.pde.ui-20120217-1437,org.eclipse.pde.internal.ui.editor.site,NewArchiveDialog,modifyText,3,1,1
eclipse.pde.ui-20120217-1437,org.eclipse.pde.internal.ui.editor.site,NewArchiveDialog,createEntries,14,2,1
eclipse.pde.ui-20120217-1437,org.eclipse.pde.internal.ui.editor.site,NewArchiveDialog,createErrorStatus,3,1,1
eclipse.pde.ui-20120217-1437,org.eclipse.pde.internal.ui.editor.site,NewArchiveDialog,dialogChanged,9,4,0
eclipse.pde.ui-20120217-1437,org.eclipse.pde.internal.ui.editor.site,NewArchiveDialog,execute,12,3,0
eclipse.pde.ui-20120217-1437,org.eclipse.pde.internal.ui.editor.site,NewArchiveDialog,getEmptyErrorStatus,4,2,0
eclipse.pde.ui-20120217-1437,org.eclipse.pde.internal.ui.editor.site,NewArchiveDialog,getOKStatus,4,2,0
eclipse.pde.ui-20120217-1437,org.eclipse.pde.internal.ui.editor.site,NewArchiveDialog,hasPath,16,4,1
eclipse.pde.ui-20120217-1437,org.eclipse.pde.internal.ui.editor.site,NewArchiveDialog,okPressed,4,1,0
eclipse.pde.ui-20120217-1437,org.eclipse.pde.internal.ui.editor.site,NewArchiveDialog,setIfDefined,3,2,2
eclipse.pde.ui-20120217-1437,org.eclipse.pde.internal.ui.editor.site,PortabilitySection,getArchChoices,3,1,0
eclipse.pde.ui-20120217-1437,org.eclipse.pde.internal.ui.editor.site,PortabilitySection,getKnownChoices,7,2,1
eclipse.pde.ui-20120217-1437,org.eclipse.pde.internal.ui.editor.site,PortabilitySection,getNLChoices,9,2,0
eclipse.pde.ui-20120217-1437,org.eclipse.pde.internal.ui.editor.site,PortabilitySection,getOSChoices,3,1,0
eclipse.pde.ui-20120217-1437,org.eclipse.pde.internal.ui.editor.site,PortabilitySection,getWSChoices,3,1,0
eclipse.pde.ui-20120217-1437,org.eclipse.pde.internal.ui.editor.site,PortabilitySection,PortabilitySection,3,1,2
eclipse.pde.ui-20120217-1437,org.eclipse.pde.internal.ui.editor.site,PortabilitySection,PortabilitySection,6,1,5
eclipse.pde.ui-20120217-1437,org.eclipse.pde.internal.ui.editor.site,PortabilitySection,applyValue,7,6,2
eclipse.pde.ui-20120217-1437,org.eclipse.pde.internal.ui.editor.site,PortabilitySection,cancelEdit,7,1,0
eclipse.pde.ui-20120217-1437,org.eclipse.pde.internal.ui.editor.site,PortabilitySection,canPaste,10,4,1
eclipse.pde.ui-20120217-1437,org.eclipse.pde.internal.ui.editor.site,PortabilitySection,clearField,5,4,1
eclipse.pde.ui-20120217-1437,org.eclipse.pde.internal.ui.editor.site,PortabilitySection,clearFields,6,2,0
eclipse.pde.ui-20120217-1437,org.eclipse.pde.internal.ui.editor.site,PortabilitySection,commit,7,2,1
eclipse.pde.ui-20120217-1437,org.eclipse.pde.internal.ui.editor.site,PortabilitySection,createClient,103,1,2
eclipse.pde.ui-20120217-1437,org.eclipse.pde.internal.ui.editor.site,PortabilitySection,browseButtonSelected,9,1,1
eclipse.pde.ui-20120217-1437,org.eclipse.pde.internal.ui.editor.site,PortabilitySection,run,4,1,0
eclipse.pde.ui-20120217-1437,org.eclipse.pde.internal.ui.editor.site,PortabilitySection,textValueChanged,8,1,1
eclipse.pde.ui-20120217-1437,org.eclipse.pde.internal.ui.editor.site,PortabilitySection,browseButtonSelected,9,1,1
eclipse.pde.ui-20120217-1437,org.eclipse.pde.internal.ui.editor.site,PortabilitySection,run,4,1,0
eclipse.pde.ui-20120217-1437,org.eclipse.pde.internal.ui.editor.site,PortabilitySection,textValueChanged,8,1,1
eclipse.pde.ui-20120217-1437,org.eclipse.pde.internal.ui.editor.site,PortabilitySection,browseButtonSelected,9,1,1
eclipse.pde.ui-20120217-1437,org.eclipse.pde.internal.ui.editor.site,PortabilitySection,run,4,1,0
eclipse.pde.ui-20120217-1437,org.eclipse.pde.internal.ui.editor.site,PortabilitySection,textValueChanged,8,1,1
eclipse.pde.ui-20120217-1437,org.eclipse.pde.internal.ui.editor.site,PortabilitySection,browseButtonSelected,9,1,1
eclipse.pde.ui-20120217-1437,org.eclipse.pde.internal.ui.editor.site,PortabilitySection,run,4,1,0
eclipse.pde.ui-20120217-1437,org.eclipse.pde.internal.ui.editor.site,PortabilitySection,textValueChanged,8,1,1
eclipse.pde.ui-20120217-1437,org.eclipse.pde.internal.ui.editor.site,PortabilitySection,dispose,5,2,0
eclipse.pde.ui-20120217-1437,org.eclipse.pde.internal.ui.editor.site,PortabilitySection,initialize,5,2,1
eclipse.pde.ui-20120217-1437,org.eclipse.pde.internal.ui.editor.site,PortabilitySection,limitTextWidth,4,1,1
eclipse.pde.ui-20120217-1437,org.eclipse.pde.internal.ui.editor.site,PortabilitySection,modelChanged,3,1,1
eclipse.pde.ui-20120217-1437,org.eclipse.pde.internal.ui.editor.site,PortabilitySection,openPortabilityChoiceDialog,17,2,3
eclipse.pde.ui-20120217-1437,org.eclipse.pde.internal.ui.editor.site,PortabilitySection,refresh,12,2,0
eclipse.pde.ui-20120217-1437,org.eclipse.pde.internal.ui.editor.site,PortabilitySection,selectionChanged,13,3,2
eclipse.pde.ui-20120217-1437,org.eclipse.pde.internal.ui.editor.site,PortabilitySection,setFocus,3,2,0
eclipse.pde.ui-20120217-1437,org.eclipse.pde.internal.ui.editor.site,PortabilitySection,setValue,11,6,1
eclipse.pde.ui-20120217-1437,org.eclipse.pde.internal.ui.editor.site,SiteEditor,getEditorID,3,1,0
eclipse.pde.ui-20120217-1437,org.eclipse.pde.internal.ui.editor.site,SiteEditor,createResourceContexts,13,3,2
eclipse.pde.ui-20120217-1437,org.eclipse.pde.internal.ui.editor.site,SiteEditor,createInputContextManager,5,1,0
eclipse.pde.ui-20120217-1437,org.eclipse.pde.internal.ui.editor.site,SiteEditor,monitoredFileAdded,2,1,1
eclipse.pde.ui-20120217-1437,org.eclipse.pde.internal.ui.editor.site,SiteEditor,monitoredFileRemoved,3,1,1
eclipse.pde.ui-20120217-1437,org.eclipse.pde.internal.ui.editor.site,SiteEditor,editorContextAdded,3,1,1
eclipse.pde.ui-20120217-1437,org.eclipse.pde.internal.ui.editor.site,SiteEditor,contextRemoved,3,1,1
eclipse.pde.ui-20120217-1437,org.eclipse.pde.internal.ui.editor.site,SiteEditor,createSystemFileContexts,19,3,2
eclipse.pde.ui-20120217-1437,org.eclipse.pde.internal.ui.editor.site,SiteEditor,createStorageContexts,6,2,2
eclipse.pde.ui-20120217-1437,org.eclipse.pde.internal.ui.editor.site,SiteEditor,contextMenuAboutToShow,3,1,1
eclipse.pde.ui-20120217-1437,org.eclipse.pde.internal.ui.editor.site,SiteEditor,addEditorPages,10,1,0
eclipse.pde.ui-20120217-1437,org.eclipse.pde.internal.ui.editor.site,SiteEditor,computeInitialPageId,3,1,0
eclipse.pde.ui-20120217-1437,org.eclipse.pde.internal.ui.editor.site,SiteEditor,createSourcePage,3,1,4
eclipse.pde.ui-20120217-1437,org.eclipse.pde.internal.ui.editor.site,SiteEditor,createContentOutline,3,1,0
eclipse.pde.ui-20120217-1437,org.eclipse.pde.internal.ui.editor.site,SiteEditor,getInputContext,7,2,1
eclipse.pde.ui-20120217-1437,org.eclipse.pde.internal.ui.editor.site,SiteEditor,contributeToToolbar,3,1,1
eclipse.pde.ui-20120217-1437,org.eclipse.pde.internal.ui.editor.site,SiteEditor,getBuildAllAction,20,2,0
eclipse.pde.ui-20120217-1437,org.eclipse.pde.internal.ui.editor.site,SiteEditor,run,3,1,0
eclipse.pde.ui-20120217-1437,org.eclipse.pde.internal.ui.editor.site,SiteEditor,modelChanged,3,1,1
eclipse.pde.ui-20120217-1437,org.eclipse.pde.internal.ui.editor.site,SiteEditor,updateActionEnablement,4,2,0
eclipse.pde.ui-20120217-1437,org.eclipse.pde.internal.ui.editor.site,SiteEditor,handleBuild,17,3,1
eclipse.pde.ui-20120217-1437,org.eclipse.pde.internal.ui.editor.site,SiteEditor,getFeatureModels,8,3,1
eclipse.pde.ui-20120217-1437,org.eclipse.pde.internal.ui.editor.site,SiteEditor,ensureContentSaved,18,2,0
eclipse.pde.ui-20120217-1437,org.eclipse.pde.internal.ui.editor.site,SiteEditor,run,3,1,1
eclipse.pde.ui-20120217-1437,org.eclipse.pde.internal.ui.editor.site,SiteEditorContributor,SiteEditorContributor,3,1,0
eclipse.pde.ui-20120217-1437,org.eclipse.pde.internal.ui.editor.site,SiteEditorContributor,hasKnownTypes,3,1,1
eclipse.pde.ui-20120217-1437,org.eclipse.pde.internal.ui.editor.site,SiteFeatureAdapter,SiteFeatureAdapter,4,1,2
eclipse.pde.ui-20120217-1437,org.eclipse.pde.internal.ui.editor.site,SiteFeatureAdapter,write,3,1,2
eclipse.pde.ui-20120217-1437,org.eclipse.pde.internal.ui.editor.site,SiteFeatureAdapter,equals,16,3,1
eclipse.pde.ui-20120217-1437,org.eclipse.pde.internal.ui.editor.site,SiteFeatureAdapter,hashCode,13,4,0
eclipse.pde.ui-20120217-1437,org.eclipse.pde.internal.ui.editor.site,SiteInputContext,SiteInputContext,4,1,3
eclipse.pde.ui-20120217-1437,org.eclipse.pde.internal.ui.editor.site,SiteInputContext,createModel,25,4,1
eclipse.pde.ui-20120217-1437,org.eclipse.pde.internal.ui.editor.site,SiteInputContext,createWorkspaceModel,16,1,3
eclipse.pde.ui-20120217-1437,org.eclipse.pde.internal.ui.editor.site,SiteInputContext,createStorageModel,16,1,1
eclipse.pde.ui-20120217-1437,org.eclipse.pde.internal.ui.editor.site,SiteInputContext,dispose,7,2,0
eclipse.pde.ui-20120217-1437,org.eclipse.pde.internal.ui.editor.site,SiteInputContext,flushModel,17,4,1
eclipse.pde.ui-20120217-1437,org.eclipse.pde.internal.ui.editor.site,SiteInputContext,synchronizeModel,23,1,1
eclipse.pde.ui-20120217-1437,org.eclipse.pde.internal.ui.editor.site,SiteInputContext,getId,3,1,0
eclipse.pde.ui-20120217-1437,org.eclipse.pde.internal.ui.editor.site,SiteInputContext,addTextEditOperation,2,1,2
eclipse.pde.ui-20120217-1437,org.eclipse.pde.internal.ui.editor.site,SiteInputContext,reorderInsertEdits,2,1,1
eclipse.pde.ui-20120217-1437,org.eclipse.pde.internal.ui.editor.site,SiteInputContext,getPartitionName,3,1,0
eclipse.pde.ui-20120217-1437,org.eclipse.pde.internal.ui.editor.site,SiteInputContextManager,SiteInputContextManager,3,1,1
eclipse.pde.ui-20120217-1437,org.eclipse.pde.internal.ui.editor.site,SiteInputContextManager,getAggregateModel,3,1,0
eclipse.pde.ui-20120217-1437,org.eclipse.pde.internal.ui.editor.site,SiteInputContextManager,findSiteModel,4,1,0
eclipse.pde.ui-20120217-1437,org.eclipse.pde.internal.ui.editor.site,SiteLabelProvider,SiteLabelProvider,8,1,0
eclipse.pde.ui-20120217-1437,org.eclipse.pde.internal.ui.editor.site,SiteLabelProvider,getImage,9,5,1
eclipse.pde.ui-20120217-1437,org.eclipse.pde.internal.ui.editor.site,SiteLabelProvider,getText,9,4,1
eclipse.pde.ui-20120217-1437,org.eclipse.pde.internal.ui.editor.site,SiteLabelProvider,dispose,20,5,0
eclipse.pde.ui-20120217-1437,org.eclipse.pde.internal.ui.editor.site,SiteOutlinePage,SiteOutlinePage,3,1,1
eclipse.pde.ui-20120217-1437,org.eclipse.pde.internal.ui.editor.site,SiteOutlinePage,getChildren,41,13,1
eclipse.pde.ui-20120217-1437,org.eclipse.pde.internal.ui.editor.site,SiteOutlinePage,getParentPageId,7,4,1
eclipse.pde.ui-20120217-1437,org.eclipse.pde.internal.ui.editor.site,SiteOutlinePage,createLabelProvider,4,1,0
eclipse.pde.ui-20120217-1437,org.eclipse.pde.internal.ui.editor.site,SiteOutlinePage,dispose,4,2,0
eclipse.pde.ui-20120217-1437,org.eclipse.pde.internal.ui.editor.site,SiteSourcePage,SiteSourcePage,3,1,3
eclipse.pde.ui-20120217-1437,org.eclipse.pde.internal.ui.editor.site,SiteSourcePage,createContentOutlinePage,3,1,0
eclipse.pde.ui-20120217-1437,org.eclipse.pde.internal.ui.editor.site,SiteSourcePage,createOutlineLabelProvider,3,1,0
eclipse.pde.ui-20120217-1437,org.eclipse.pde.internal.ui.editor.site,SiteSourcePage,createOutlineContentProvider,3,1,0
eclipse.pde.ui-20120217-1437,org.eclipse.pde.internal.ui.editor.site,SiteSourcePage,createOutlineComparator,3,1,0
eclipse.pde.ui-20120217-1437,org.eclipse.pde.internal.ui.editor.site,SiteSourcePage,updateSelection,2,1,1
eclipse.pde.ui-20120217-1437,org.eclipse.pde.internal.ui.editor.site,SiteSourcePage,createOutlinePage,3,1,0
eclipse.pde.ui-20120217-1437,org.eclipse.pde.internal.ui.editor.site,SiteSourcePage,isQuickOutlineEnabled,3,1,0
eclipse.pde.ui-20120217-1437,org.eclipse.pde.internal.ui.editor.site,SiteSourcePage,updateSelection,2,1,1
eclipse.pde.ui-20120217-1437,org.eclipse.pde.internal.ui.editor.site,SiteUndoManager,SiteUndoManager,4,1,1
eclipse.pde.ui-20120217-1437,org.eclipse.pde.internal.ui.editor.site,SiteUndoManager,getPageId,9,3,1
eclipse.pde.ui-20120217-1437,org.eclipse.pde.internal.ui.editor.site,SiteUndoManager,execute,19,7,2
eclipse.pde.ui-20120217-1437,org.eclipse.pde.internal.ui.editor.site,SiteUndoManager,executeAdd,26,6,2
eclipse.pde.ui-20120217-1437,org.eclipse.pde.internal.ui.editor.site,SiteUndoManager,executeRemove,26,6,2
eclipse.pde.ui-20120217-1437,org.eclipse.pde.internal.ui.editor.site,SiteUndoManager,executeChange,11,2,4
eclipse.pde.ui-20120217-1437,org.eclipse.pde.internal.ui.editor.site,SiteUndoManager,modelChanged,10,4,1
eclipse.pde.ui-20120217-1437,org.eclipse.pde.internal.ui.editor.site,SynchronizePropertiesAction,SynchronizePropertiesAction,5,1,2
eclipse.pde.ui-20120217-1437,org.eclipse.pde.internal.ui.editor.site,SynchronizePropertiesAction,run,5,1,0
eclipse.pde.ui-20120217-1437,org.eclipse.pde.internal.ui.editor.site,SynchronizePropertiesWizard,SynchronizePropertiesWizard,9,1,2
eclipse.pde.ui-20120217-1437,org.eclipse.pde.internal.ui.editor.site,SynchronizePropertiesWizard,addPages,4,1,0
eclipse.pde.ui-20120217-1437,org.eclipse.pde.internal.ui.editor.site,SynchronizePropertiesWizard,performFinish,3,1,0
eclipse.pde.ui-20120217-1437,org.eclipse.pde.internal.ui.editor.site,SynchronizePropertiesWizardPage,SynchronizePropertiesWizardPage,7,1,2
eclipse.pde.ui-20120217-1437,org.eclipse.pde.internal.ui.editor.site,SynchronizePropertiesWizardPage,createControl,23,1,1
eclipse.pde.ui-20120217-1437,org.eclipse.pde.internal.ui.editor.site,SynchronizePropertiesWizardPage,finish,31,1,0
eclipse.pde.ui-20120217-1437,org.eclipse.pde.internal.ui.editor.site,SynchronizePropertiesWizardPage,execute,14,1,1
eclipse.pde.ui-20120217-1437,org.eclipse.pde.internal.ui.editor.site,SynchronizePropertiesWizardPage,getFeature,5,2,1
eclipse.pde.ui-20120217-1437,org.eclipse.pde.internal.ui.editor.site,SynchronizePropertiesWizardPage,importEnvironment,30,4,1
eclipse.pde.ui-20120217-1437,org.eclipse.pde.internal.ui.editor.site,SynchronizePropertiesWizardPage,run,12,1,0
eclipse.pde.ui-20120217-1437,org.eclipse.pde.internal.ui.editor.site,SynchronizePropertiesWizardPage,importEnvironment,10,3,2
eclipse.pde.ui-20120217-1437,org.eclipse.pde.internal.ui.editor.site,SynchronizePropertiesWizardPage,loadSettings,23,5,0
eclipse.pde.ui-20120217-1437,org.eclipse.pde.internal.ui.editor.site,SynchronizePropertiesWizardPage,runOperation,12,2,2
eclipse.pde.ui-20120217-1437,org.eclipse.pde.internal.ui.editor.site,SynchronizePropertiesWizardPage,saveSettings,7,2,0
eclipse.pde.ui-20120217-1437,org.eclipse.pde.internal.ui.editor.targetdefinition,ArgumentsSection,ArgumentsSection,6,1,2
eclipse.pde.ui-20120217-1437,org.eclipse.pde.internal.ui.editor.targetdefinition,ArgumentsSection,getTarget,3,1,0
eclipse.pde.ui-20120217-1437,org.eclipse.pde.internal.ui.editor.targetdefinition,ArgumentsSection,createClient,109,6,2
eclipse.pde.ui-20120217-1437,org.eclipse.pde.internal.ui.editor.targetdefinition,ArgumentsSection,textValueChanged,4,1,1
eclipse.pde.ui-20120217-1437,org.eclipse.pde.internal.ui.editor.targetdefinition,ArgumentsSection,widgetSelected,8,2,1
eclipse.pde.ui-20120217-1437,org.eclipse.pde.internal.ui.editor.targetdefinition,ArgumentsSection,textValueChanged,4,1,1
eclipse.pde.ui-20120217-1437,org.eclipse.pde.internal.ui.editor.targetdefinition,ArgumentsSection,widgetSelected,13,4,1
eclipse.pde.ui-20120217-1437,org.eclipse.pde.internal.ui.editor.targetdefinition,ArgumentsSection,widgetSelected,8,2,1
eclipse.pde.ui-20120217-1437,org.eclipse.pde.internal.ui.editor.targetdefinition,ArgumentsSection,refresh,5,1,0
eclipse.pde.ui-20120217-1437,org.eclipse.pde.internal.ui.editor.targetdefinition,ArgumentsSection,commit,5,1,1
eclipse.pde.ui-20120217-1437,org.eclipse.pde.internal.ui.editor.targetdefinition,ArgumentsSection,dispose,4,2,0
eclipse.pde.ui-20120217-1437,org.eclipse.pde.internal.ui.editor.targetdefinition,ContentPage,ContentPage,3,1,1
eclipse.pde.ui-20120217-1437,org.eclipse.pde.internal.ui.editor.targetdefinition,ContentPage,getTarget,3,1,0
eclipse.pde.ui-20120217-1437,org.eclipse.pde.internal.ui.editor.targetdefinition,ContentPage,createFormContent,15,1,1
eclipse.pde.ui-20120217-1437,org.eclipse.pde.internal.ui.editor.targetdefinition,ContentPage,dispose,4,1,0
eclipse.pde.ui-20120217-1437,org.eclipse.pde.internal.ui.editor.targetdefinition,ContentPage,fillBody,5,1,2
eclipse.pde.ui-20120217-1437,org.eclipse.pde.internal.ui.editor.targetdefinition,ContentPage,canLeaveThePage,4,1,0
eclipse.pde.ui-20120217-1437,org.eclipse.pde.internal.ui.editor.targetdefinition,ContentSection,ContentSection,5,1,2
eclipse.pde.ui-20120217-1437,org.eclipse.pde.internal.ui.editor.targetdefinition,ContentSection,getTarget,3,1,0
eclipse.pde.ui-20120217-1437,org.eclipse.pde.internal.ui.editor.targetdefinition,ContentSection,createClient,22,1,2
eclipse.pde.ui-20120217-1437,org.eclipse.pde.internal.ui.editor.targetdefinition,ContentSection,contentsChanged,3,1,4
eclipse.pde.ui-20120217-1437,org.eclipse.pde.internal.ui.editor.targetdefinition,ContentSection,refresh,4,1,0
eclipse.pde.ui-20120217-1437,org.eclipse.pde.internal.ui.editor.targetdefinition,DefinitionPage,DefinitionPage,3,1,1
eclipse.pde.ui-20120217-1437,org.eclipse.pde.internal.ui.editor.targetdefinition,DefinitionPage,getTarget,3,1,0
eclipse.pde.ui-20120217-1437,org.eclipse.pde.internal.ui.editor.targetdefinition,DefinitionPage,createFormContent,15,1,1
eclipse.pde.ui-20120217-1437,org.eclipse.pde.internal.ui.editor.targetdefinition,DefinitionPage,dispose,4,1,0
eclipse.pde.ui-20120217-1437,org.eclipse.pde.internal.ui.editor.targetdefinition,DefinitionPage,fillBody,11,1,2
eclipse.pde.ui-20120217-1437,org.eclipse.pde.internal.ui.editor.targetdefinition,DefinitionPage,createContentsSection,4,1,2
eclipse.pde.ui-20120217-1437,org.eclipse.pde.internal.ui.editor.targetdefinition,DefinitionPage,createEnvironmentSection,4,1,2
eclipse.pde.ui-20120217-1437,org.eclipse.pde.internal.ui.editor.targetdefinition,DefinitionPage,createSection,8,1,3
eclipse.pde.ui-20120217-1437,org.eclipse.pde.internal.ui.editor.targetdefinition,DefinitionPage,createText,17,1,3
eclipse.pde.ui-20120217-1437,org.eclipse.pde.internal.ui.editor.targetdefinition,DefinitionPage,linkActivated,5,3,1
eclipse.pde.ui-20120217-1437,org.eclipse.pde.internal.ui.editor.targetdefinition,DefinitionPage,linkEntered,4,1,1
eclipse.pde.ui-20120217-1437,org.eclipse.pde.internal.ui.editor.targetdefinition,DefinitionPage,linkExited,4,1,1
eclipse.pde.ui-20120217-1437,org.eclipse.pde.internal.ui.editor.targetdefinition,DefinitionPage,canLeaveThePage,4,1,0
eclipse.pde.ui-20120217-1437,org.eclipse.pde.internal.ui.editor.targetdefinition,EnvironmentPage,EnvironmentPage,3,1,1
eclipse.pde.ui-20120217-1437,org.eclipse.pde.internal.ui.editor.targetdefinition,EnvironmentPage,createFormContent,15,1,1
eclipse.pde.ui-20120217-1437,org.eclipse.pde.internal.ui.editor.targetdefinition,EnvironmentPage,dispose,4,1,0
eclipse.pde.ui-20120217-1437,org.eclipse.pde.internal.ui.editor.targetdefinition,EnvironmentPage,fillBody,8,1,2
eclipse.pde.ui-20120217-1437,org.eclipse.pde.internal.ui.editor.targetdefinition,EnvironmentPage,canLeaveThePage,4,1,0
eclipse.pde.ui-20120217-1437,org.eclipse.pde.internal.ui.editor.targetdefinition,EnvironmentSection,EnvironmentSection,5,1,2
eclipse.pde.ui-20120217-1437,org.eclipse.pde.internal.ui.editor.targetdefinition,EnvironmentSection,getTarget,3,1,0
eclipse.pde.ui-20120217-1437,org.eclipse.pde.internal.ui.editor.targetdefinition,EnvironmentSection,createClient,120,6,2
eclipse.pde.ui-20120217-1437,org.eclipse.pde.internal.ui.editor.targetdefinition,EnvironmentSection,modifyText,4,1,1
eclipse.pde.ui-20120217-1437,org.eclipse.pde.internal.ui.editor.targetdefinition,EnvironmentSection,modifyText,4,1,1
eclipse.pde.ui-20120217-1437,org.eclipse.pde.internal.ui.editor.targetdefinition,EnvironmentSection,modifyText,4,1,1
eclipse.pde.ui-20120217-1437,org.eclipse.pde.internal.ui.editor.targetdefinition,EnvironmentSection,focusGained,41,6,1
eclipse.pde.ui-20120217-1437,org.eclipse.pde.internal.ui.editor.targetdefinition,EnvironmentSection,run,4,1,1
eclipse.pde.ui-20120217-1437,org.eclipse.pde.internal.ui.editor.targetdefinition,EnvironmentSection,modifyText,12,3,1
eclipse.pde.ui-20120217-1437,org.eclipse.pde.internal.ui.editor.targetdefinition,EnvironmentSection,initializeChoices,23,7,0
eclipse.pde.ui-20120217-1437,org.eclipse.pde.internal.ui.editor.targetdefinition,EnvironmentSection,initializeAllLocales,7,3,0
eclipse.pde.ui-20120217-1437,org.eclipse.pde.internal.ui.editor.targetdefinition,EnvironmentSection,getText,15,3,1
eclipse.pde.ui-20120217-1437,org.eclipse.pde.internal.ui.editor.targetdefinition,EnvironmentSection,refresh,12,1,0
eclipse.pde.ui-20120217-1437,org.eclipse.pde.internal.ui.editor.targetdefinition,EnvironmentSection,updateChoices,9,2,0
eclipse.pde.ui-20120217-1437,org.eclipse.pde.internal.ui.editor.targetdefinition,EnvironmentSection,run,3,1,0
eclipse.pde.ui-20120217-1437,org.eclipse.pde.internal.ui.editor.targetdefinition,ImplicitDependenciesSection,ImplicitDependenciesSection,5,1,2
eclipse.pde.ui-20120217-1437,org.eclipse.pde.internal.ui.editor.targetdefinition,ImplicitDependenciesSection,getTarget,3,1,0
eclipse.pde.ui-20120217-1437,org.eclipse.pde.internal.ui.editor.targetdefinition,ImplicitDependenciesSection,createClient,20,1,2
eclipse.pde.ui-20120217-1437,org.eclipse.pde.internal.ui.editor.targetdefinition,ImplicitDependenciesSection,createTableViewer,38,2,2
eclipse.pde.ui-20120217-1437,org.eclipse.pde.internal.ui.editor.targetdefinition,ImplicitDependenciesSection,getElements,7,2,1
eclipse.pde.ui-20120217-1437,org.eclipse.pde.internal.ui.editor.targetdefinition,ImplicitDependenciesSection,compare,5,1,3
eclipse.pde.ui-20120217-1437,org.eclipse.pde.internal.ui.editor.targetdefinition,ImplicitDependenciesSection,selectionChanged,3,1,1
eclipse.pde.ui-20120217-1437,org.eclipse.pde.internal.ui.editor.targetdefinition,ImplicitDependenciesSection,doubleClick,4,1,1
eclipse.pde.ui-20120217-1437,org.eclipse.pde.internal.ui.editor.targetdefinition,ImplicitDependenciesSection,createButtons,37,1,2
eclipse.pde.ui-20120217-1437,org.eclipse.pde.internal.ui.editor.targetdefinition,ImplicitDependenciesSection,widgetSelected,3,1,1
eclipse.pde.ui-20120217-1437,org.eclipse.pde.internal.ui.editor.targetdefinition,ImplicitDependenciesSection,widgetSelected,3,1,1
eclipse.pde.ui-20120217-1437,org.eclipse.pde.internal.ui.editor.targetdefinition,ImplicitDependenciesSection,widgetSelected,3,1,1
eclipse.pde.ui-20120217-1437,org.eclipse.pde.internal.ui.editor.targetdefinition,ImplicitDependenciesSection,updateButtons,4,1,0
eclipse.pde.ui-20120217-1437,org.eclipse.pde.internal.ui.editor.targetdefinition,ImplicitDependenciesSection,updateCount,3,2,0
eclipse.pde.ui-20120217-1437,org.eclipse.pde.internal.ui.editor.targetdefinition,ImplicitDependenciesSection,handleAdd,31,4,0
eclipse.pde.ui-20120217-1437,org.eclipse.pde.internal.ui.editor.targetdefinition,ImplicitDependenciesSection,getValidBundles,20,6,0
eclipse.pde.ui-20120217-1437,org.eclipse.pde.internal.ui.editor.targetdefinition,ImplicitDependenciesSection,handleRemove,15,4,0
eclipse.pde.ui-20120217-1437,org.eclipse.pde.internal.ui.editor.targetdefinition,ImplicitDependenciesSection,handleRemoveAll,5,1,0
eclipse.pde.ui-20120217-1437,org.eclipse.pde.internal.ui.editor.targetdefinition,ImplicitDependenciesSection,refresh,7,1,0
eclipse.pde.ui-20120217-1437,org.eclipse.pde.internal.ui.editor.targetdefinition,InformationSection,InformationSection,6,1,2
eclipse.pde.ui-20120217-1437,org.eclipse.pde.internal.ui.editor.targetdefinition,InformationSection,getTarget,3,1,0
eclipse.pde.ui-20120217-1437,org.eclipse.pde.internal.ui.editor.targetdefinition,InformationSection,createClient,36,2,2
eclipse.pde.ui-20120217-1437,org.eclipse.pde.internal.ui.editor.targetdefinition,InformationSection,modifyText,5,1,1
eclipse.pde.ui-20120217-1437,org.eclipse.pde.internal.ui.editor.targetdefinition,InformationSection,autoEnable,6,2,0
eclipse.pde.ui-20120217-1437,org.eclipse.pde.internal.ui.editor.targetdefinition,InformationSection,validateControl,3,1,0
eclipse.pde.ui-20120217-1437,org.eclipse.pde.internal.ui.editor.targetdefinition,InformationSection,refresh,4,1,0
eclipse.pde.ui-20120217-1437,org.eclipse.pde.internal.ui.editor.targetdefinition,JRESection,JRESection,5,1,2
eclipse.pde.ui-20120217-1437,org.eclipse.pde.internal.ui.editor.targetdefinition,JRESection,getTarget,3,1,0
eclipse.pde.ui-20120217-1437,org.eclipse.pde.internal.ui.editor.targetdefinition,JRESection,createClient,97,6,2
eclipse.pde.ui-20120217-1437,org.eclipse.pde.internal.ui.editor.targetdefinition,JRESection,widgetSelected,7,2,1
eclipse.pde.ui-20120217-1437,org.eclipse.pde.internal.ui.editor.targetdefinition,JRESection,widgetSelected,7,2,1
eclipse.pde.ui-20120217-1437,org.eclipse.pde.internal.ui.editor.targetdefinition,JRESection,modifyText,6,2,1
eclipse.pde.ui-20120217-1437,org.eclipse.pde.internal.ui.editor.targetdefinition,JRESection,widgetSelected,3,1,1
eclipse.pde.ui-20120217-1437,org.eclipse.pde.internal.ui.editor.targetdefinition,JRESection,widgetSelected,7,2,1
eclipse.pde.ui-20120217-1437,org.eclipse.pde.internal.ui.editor.targetdefinition,JRESection,modifyText,6,2,1
eclipse.pde.ui-20120217-1437,org.eclipse.pde.internal.ui.editor.targetdefinition,JRESection,widgetSelected,3,1,1
eclipse.pde.ui-20120217-1437,org.eclipse.pde.internal.ui.editor.targetdefinition,JRESection,initializeValues,6,2,0
eclipse.pde.ui-20120217-1437,org.eclipse.pde.internal.ui.editor.targetdefinition,JRESection,updateWidgets,4,1,0
eclipse.pde.ui-20120217-1437,org.eclipse.pde.internal.ui.editor.targetdefinition,JRESection,refresh,32,6,0
eclipse.pde.ui-20120217-1437,org.eclipse.pde.internal.ui.editor.targetdefinition,JRESection,openPreferencePage,7,1,1
eclipse.pde.ui-20120217-1437,org.eclipse.pde.internal.ui.editor.targetdefinition,LocationsSection,LocationsSection,5,1,2
eclipse.pde.ui-20120217-1437,org.eclipse.pde.internal.ui.editor.targetdefinition,LocationsSection,getTarget,3,1,0
eclipse.pde.ui-20120217-1437,org.eclipse.pde.internal.ui.editor.targetdefinition,LocationsSection,createClient,22,1,2
eclipse.pde.ui-20120217-1437,org.eclipse.pde.internal.ui.editor.targetdefinition,LocationsSection,contentsChanged,3,1,4
eclipse.pde.ui-20120217-1437,org.eclipse.pde.internal.ui.editor.targetdefinition,LocationsSection,refresh,4,1,0
eclipse.pde.ui-20120217-1437,org.eclipse.pde.internal.ui.editor.targetdefinition,SimpleFormEntryAdapter,SimpleFormEntryAdapter,3,1,1
eclipse.pde.ui-20120217-1437,org.eclipse.pde.internal.ui.editor.targetdefinition,SimpleFormEntryAdapter,browseButtonSelected,2,1,1
eclipse.pde.ui-20120217-1437,org.eclipse.pde.internal.ui.editor.targetdefinition,SimpleFormEntryAdapter,focusGained,2,1,1
eclipse.pde.ui-20120217-1437,org.eclipse.pde.internal.ui.editor.targetdefinition,SimpleFormEntryAdapter,selectionChanged,2,1,1
eclipse.pde.ui-20120217-1437,org.eclipse.pde.internal.ui.editor.targetdefinition,SimpleFormEntryAdapter,textDirty,3,1,1
eclipse.pde.ui-20120217-1437,org.eclipse.pde.internal.ui.editor.targetdefinition,SimpleFormEntryAdapter,textValueChanged,2,1,1
eclipse.pde.ui-20120217-1437,org.eclipse.pde.internal.ui.editor.targetdefinition,SimpleFormEntryAdapter,linkActivated,2,1,1
eclipse.pde.ui-20120217-1437,org.eclipse.pde.internal.ui.editor.targetdefinition,SimpleFormEntryAdapter,linkEntered,2,1,1
eclipse.pde.ui-20120217-1437,org.eclipse.pde.internal.ui.editor.targetdefinition,SimpleFormEntryAdapter,linkExited,2,1,1
eclipse.pde.ui-20120217-1437,org.eclipse.pde.internal.ui.editor.targetdefinition,TargetEditor,createToolkit,3,1,1
eclipse.pde.ui-20120217-1437,org.eclipse.pde.internal.ui.editor.targetdefinition,TargetEditor,addPages,11,1,0
eclipse.pde.ui-20120217-1437,org.eclipse.pde.internal.ui.editor.targetdefinition,TargetEditor,doSave,10,1,1
eclipse.pde.ui-20120217-1437,org.eclipse.pde.internal.ui.editor.targetdefinition,TargetEditor,doSaveAs,34,6,0
eclipse.pde.ui-20120217-1437,org.eclipse.pde.internal.ui.editor.targetdefinition,TargetEditor,isSaveAsAllowed,3,1,0
eclipse.pde.ui-20120217-1437,org.eclipse.pde.internal.ui.editor.targetdefinition,TargetEditor,setDirty,4,1,1
eclipse.pde.ui-20120217-1437,org.eclipse.pde.internal.ui.editor.targetdefinition,TargetEditor,isDirty,3,1,0
eclipse.pde.ui-20120217-1437,org.eclipse.pde.internal.ui.editor.targetdefinition,TargetEditor,init,4,2,2
eclipse.pde.ui-20120217-1437,org.eclipse.pde.internal.ui.editor.targetdefinition,TargetEditor,setInput,5,1,1
eclipse.pde.ui-20120217-1437,org.eclipse.pde.internal.ui.editor.targetdefinition,TargetEditor,dispose,7,1,0
eclipse.pde.ui-20120217-1437,org.eclipse.pde.internal.ui.editor.targetdefinition,TargetEditor,getTarget,3,1,0
eclipse.pde.ui-20120217-1437,org.eclipse.pde.internal.ui.editor.targetdefinition,TargetEditor,getTargetChangedListener,6,2,0
eclipse.pde.ui-20120217-1437,org.eclipse.pde.internal.ui.editor.targetdefinition,TargetEditor,doRevert,13,4,0
eclipse.pde.ui-20120217-1437,org.eclipse.pde.internal.ui.editor.targetdefinition,TargetEditor,contributeToToolbar,53,1,2
eclipse.pde.ui-20120217-1437,org.eclipse.pde.internal.ui.editor.targetdefinition,TargetEditor,createControl,19,1,1
eclipse.pde.ui-20120217-1437,org.eclipse.pde.internal.ui.editor.targetdefinition,TargetEditor,linkActivated,3,1,1
eclipse.pde.ui-20120217-1437,org.eclipse.pde.internal.ui.editor.targetdefinition,TargetEditor,linkEntered,3,1,1
eclipse.pde.ui-20120217-1437,org.eclipse.pde.internal.ui.editor.targetdefinition,TargetEditor,linkExited,3,1,1
eclipse.pde.ui-20120217-1437,org.eclipse.pde.internal.ui.editor.targetdefinition,TargetEditor,run,8,1,0
eclipse.pde.ui-20120217-1437,org.eclipse.pde.internal.ui.editor.targetdefinition,TargetEditor,run,3,1,0
eclipse.pde.ui-20120217-1437,org.eclipse.pde.internal.ui.editor.targetdefinition,TargetEditor,run,6,1,0
eclipse.pde.ui-20120217-1437,org.eclipse.pde.internal.ui.editor.targetdefinition,TargetEditor,addForm,4,1,1
eclipse.pde.ui-20120217-1437,org.eclipse.pde.internal.ui.editor.targetdefinition,TargetEditor,showError,9,1,2
eclipse.pde.ui-20120217-1437,org.eclipse.pde.internal.ui.editor.targetdefinition,TargetEditor,run,3,1,0
eclipse.pde.ui-20120217-1437,org.eclipse.pde.internal.ui.editor.targetdefinition,TargetEditor,dispose,3,1,0
eclipse.pde.ui-20120217-1437,org.eclipse.pde.internal.ui.editor.targetdefinition,TargetEditor,reset,3,1,0
eclipse.pde.ui-20120217-1437,org.eclipse.pde.internal.ui.editor.targetdefinition,TargetEditor,setInput,20,4,1
eclipse.pde.ui-20120217-1437,org.eclipse.pde.internal.ui.editor.targetdefinition,TargetEditor,getTarget,14,2,0
eclipse.pde.ui-20120217-1437,org.eclipse.pde.internal.ui.editor.targetdefinition,TargetEditor,loadTargetDefinition,19,3,0
eclipse.pde.ui-20120217-1437,org.eclipse.pde.internal.ui.editor.targetdefinition,TargetEditor,saveTargetDefinition,12,1,0
eclipse.pde.ui-20120217-1437,org.eclipse.pde.internal.ui.editor.targetdefinition,TargetEditor,getTargetPlatformService,7,2,0
eclipse.pde.ui-20120217-1437,org.eclipse.pde.internal.ui.editor.targetdefinition,TargetEditor,resourceChanged,21,6,1
eclipse.pde.ui-20120217-1437,org.eclipse.pde.internal.ui.editor.targetdefinition,TargetEditor,run,3,1,0
eclipse.pde.ui-20120217-1437,org.eclipse.pde.internal.ui.editor.targetdefinition,TargetEditor,setLocationTree,3,1,1
eclipse.pde.ui-20120217-1437,org.eclipse.pde.internal.ui.editor.targetdefinition,TargetEditor,setContentTree,3,1,1
eclipse.pde.ui-20120217-1437,org.eclipse.pde.internal.ui.editor.targetdefinition,TargetEditor,getJobFamily,3,1,0
eclipse.pde.ui-20120217-1437,org.eclipse.pde.internal.ui.editor.targetdefinition,TargetEditor,contentsChanged,67,12,4
eclipse.pde.ui-20120217-1437,org.eclipse.pde.internal.ui.editor.targetdefinition,TargetEditor,run,7,2,1
eclipse.pde.ui-20120217-1437,org.eclipse.pde.internal.ui.editor.targetdefinition,TargetEditor,belongsTo,3,1,1
eclipse.pde.ui-20120217-1437,org.eclipse.pde.internal.ui.editor.targetdefinition,TargetEditor,done,22,4,1
eclipse.pde.ui-20120217-1437,org.eclipse.pde.internal.ui.editor.targetdefinition,TargetEditor,runInUIThread,14,4,1
eclipse.pde.ui-20120217-1437,org.eclipse.pde.internal.ui.editor.targetdefinition,InputHandler,dispose,3,1,0
eclipse.pde.ui-20120217-1437,org.eclipse.pde.internal.ui.editor.targetdefinition,InputHandler,reset,3,1,0
eclipse.pde.ui-20120217-1437,org.eclipse.pde.internal.ui.editor.targetdefinition,InputHandler,setInput,20,4,1
eclipse.pde.ui-20120217-1437,org.eclipse.pde.internal.ui.editor.targetdefinition,InputHandler,getTarget,14,2,0
eclipse.pde.ui-20120217-1437,org.eclipse.pde.internal.ui.editor.targetdefinition,InputHandler,loadTargetDefinition,19,3,0
eclipse.pde.ui-20120217-1437,org.eclipse.pde.internal.ui.editor.targetdefinition,InputHandler,saveTargetDefinition,12,1,0
eclipse.pde.ui-20120217-1437,org.eclipse.pde.internal.ui.editor.targetdefinition,InputHandler,getTargetPlatformService,7,2,0
eclipse.pde.ui-20120217-1437,org.eclipse.pde.internal.ui.editor.targetdefinition,InputHandler,resourceChanged,21,6,1
eclipse.pde.ui-20120217-1437,org.eclipse.pde.internal.ui.editor.targetdefinition,InputHandler,run,3,1,0
eclipse.pde.ui-20120217-1437,org.eclipse.pde.internal.ui.editor.targetdefinition,TargetChangedListener,setLocationTree,3,1,1
eclipse.pde.ui-20120217-1437,org.eclipse.pde.internal.ui.editor.targetdefinition,TargetChangedListener,setContentTree,3,1,1
eclipse.pde.ui-20120217-1437,org.eclipse.pde.internal.ui.editor.targetdefinition,TargetChangedListener,getJobFamily,3,1,0
eclipse.pde.ui-20120217-1437,org.eclipse.pde.internal.ui.editor.targetdefinition,TargetChangedListener,contentsChanged,67,12,4
eclipse.pde.ui-20120217-1437,org.eclipse.pde.internal.ui.editor.targetdefinition,TargetChangedListener,run,7,2,1
eclipse.pde.ui-20120217-1437,org.eclipse.pde.internal.ui.editor.targetdefinition,TargetChangedListener,belongsTo,3,1,1
eclipse.pde.ui-20120217-1437,org.eclipse.pde.internal.ui.editor.targetdefinition,TargetChangedListener,done,22,4,1
eclipse.pde.ui-20120217-1437,org.eclipse.pde.internal.ui.editor.targetdefinition,TargetChangedListener,runInUIThread,14,4,1
eclipse.pde.ui-20120217-1437,org.eclipse.pde.internal.ui.editor.targetdefinition,TargetEditorContributor,run,3,2,0
eclipse.pde.ui-20120217-1437,org.eclipse.pde.internal.ui.editor.targetdefinition,TargetEditorContributor,update,3,1,0
eclipse.pde.ui-20120217-1437,org.eclipse.pde.internal.ui.editor.targetdefinition,TargetEditorContributor,setActiveEditor,12,3,1
eclipse.pde.ui-20120217-1437,org.eclipse.pde.internal.ui.editor.targetdefinition,TargetEditorContributor,getRevertAction,6,2,0
eclipse.pde.ui-20120217-1437,org.eclipse.pde.internal.ui.editor.targetdefinition,RevertAction,run,3,2,0
eclipse.pde.ui-20120217-1437,org.eclipse.pde.internal.ui.editor.targetdefinition,RevertAction,update,3,1,0
eclipse.pde.ui-20120217-1437,org.eclipse.pde.internal.ui.editor.text,AbstractHyperlink,AbstractHyperlink,4,1,2
eclipse.pde.ui-20120217-1437,org.eclipse.pde.internal.ui.editor.text,AbstractHyperlink,getHyperlinkRegion,3,1,0
eclipse.pde.ui-20120217-1437,org.eclipse.pde.internal.ui.editor.text,AbstractHyperlink,getHyperlinkText,3,1,0
eclipse.pde.ui-20120217-1437,org.eclipse.pde.internal.ui.editor.text,AbstractHyperlink,getTypeLabel,3,1,0
eclipse.pde.ui-20120217-1437,org.eclipse.pde.internal.ui.editor.text,AnnotationHover,getHoverInfo,10,4,2
eclipse.pde.ui-20120217-1437,org.eclipse.pde.internal.ui.editor.text,AnnotationHover,getMessagesForLine,19,6,2
eclipse.pde.ui-20120217-1437,org.eclipse.pde.internal.ui.editor.text,AnnotationHover,compareRulerLine,10,2,3
eclipse.pde.ui-20120217-1437,org.eclipse.pde.internal.ui.editor.text,AnnotationModelFactory,createAnnotationModel,5,2,1
eclipse.pde.ui-20120217-1437,org.eclipse.pde.internal.ui.editor.text,ArgumentRule,isWordStart,3,1,1
eclipse.pde.ui-20120217-1437,org.eclipse.pde.internal.ui.editor.text,ArgumentRule,isWordPart,3,1,1
eclipse.pde.ui-20120217-1437,org.eclipse.pde.internal.ui.editor.text,ArgumentRule,ArgumentRule,3,1,1
eclipse.pde.ui-20120217-1437,org.eclipse.pde.internal.ui.editor.text,ArgumentRule,endSequenceDetected,6,2,1
eclipse.pde.ui-20120217-1437,org.eclipse.pde.internal.ui.editor.text,ArgumentRule,sequenceDetected,4,1,3
eclipse.pde.ui-20120217-1437,org.eclipse.pde.internal.ui.editor.text,ArgumentDetector,isWordStart,3,1,1
eclipse.pde.ui-20120217-1437,org.eclipse.pde.internal.ui.editor.text,ArgumentDetector,isWordPart,3,1,1
eclipse.pde.ui-20120217-1437,org.eclipse.pde.internal.ui.editor.text,BasePDEScanner,BasePDEScanner,2,1,0
eclipse.pde.ui-20120217-1437,org.eclipse.pde.internal.ui.editor.text,BasePDEScanner,setColorManager,3,1,1
eclipse.pde.ui-20120217-1437,org.eclipse.pde.internal.ui.editor.text,BasePDEScanner,BasePDEScanner,4,1,1
eclipse.pde.ui-20120217-1437,org.eclipse.pde.internal.ui.editor.text,BasePDEScanner,adaptToPreferenceChange,9,4,1
eclipse.pde.ui-20120217-1437,org.eclipse.pde.internal.ui.editor.text,BasePDEScanner,affectsTextPresentation,0,1,1
eclipse.pde.ui-20120217-1437,org.eclipse.pde.internal.ui.editor.text,BasePDEScanner,getTokenAffected,0,1,1
eclipse.pde.ui-20120217-1437,org.eclipse.pde.internal.ui.editor.text,BasePDEScanner,initialize,0,1,0
eclipse.pde.ui-20120217-1437,org.eclipse.pde.internal.ui.editor.text,BasePDEScanner,adaptToStyleChange,14,4,3
eclipse.pde.ui-20120217-1437,org.eclipse.pde.internal.ui.editor.text,BasePDEScanner,adaptToColorChange,4,1,2
eclipse.pde.ui-20120217-1437,org.eclipse.pde.internal.ui.editor.text,BasePDEScanner,createTextAttribute,3,1,1
eclipse.pde.ui-20120217-1437,org.eclipse.pde.internal.ui.editor.text,BasePDEScanner,createTextAttribute,8,3,2
eclipse.pde.ui-20120217-1437,org.eclipse.pde.internal.ui.editor.text,BundleHyperlink,BundleHyperlink,3,1,2
eclipse.pde.ui-20120217-1437,org.eclipse.pde.internal.ui.editor.text,BundleHyperlink,open2,3,1,0
eclipse.pde.ui-20120217-1437,org.eclipse.pde.internal.ui.editor.text,ChangeAwareSourceViewerConfiguration,ChangeAwareSourceViewerConfiguration,5,1,3
eclipse.pde.ui-20120217-1437,org.eclipse.pde.internal.ui.editor.text,ChangeAwareSourceViewerConfiguration,ChangeAwareSourceViewerConfiguration,3,1,2
eclipse.pde.ui-20120217-1437,org.eclipse.pde.internal.ui.editor.text,ChangeAwareSourceViewerConfiguration,getReconciler,14,4,1
eclipse.pde.ui-20120217-1437,org.eclipse.pde.internal.ui.editor.text,ChangeAwareSourceViewerConfiguration,getInformationPresenter,13,4,1
eclipse.pde.ui-20120217-1437,org.eclipse.pde.internal.ui.editor.text,ChangeAwareSourceViewerConfiguration,getOutlinePresenter,18,4,1
eclipse.pde.ui-20120217-1437,org.eclipse.pde.internal.ui.editor.text,ChangeAwareSourceViewerConfiguration,getOutlinePresenterControlCreator,10,1,2
eclipse.pde.ui-20120217-1437,org.eclipse.pde.internal.ui.editor.text,ChangeAwareSourceViewerConfiguration,createInformationControl,5,1,1
eclipse.pde.ui-20120217-1437,org.eclipse.pde.internal.ui.editor.text,ChangeAwareSourceViewerConfiguration,getInfoImplementationType,3,1,0
eclipse.pde.ui-20120217-1437,org.eclipse.pde.internal.ui.editor.text,ChangeAwareSourceViewerConfiguration,getInformationControlCreator,8,1,1
eclipse.pde.ui-20120217-1437,org.eclipse.pde.internal.ui.editor.text,ChangeAwareSourceViewerConfiguration,createInformationControl,3,1,1
eclipse.pde.ui-20120217-1437,org.eclipse.pde.internal.ui.editor.text,ChangeAwareSourceViewerConfiguration,getHyperlinkDetectors,11,4,1
eclipse.pde.ui-20120217-1437,org.eclipse.pde.internal.ui.editor.text,ChangeAwareSourceViewerConfiguration,getQuickAssistAssistant,10,3,1
eclipse.pde.ui-20120217-1437,org.eclipse.pde.internal.ui.editor.text,ChangeAwareSourceViewerConfiguration,affectsTextPresentation,0,1,1
eclipse.pde.ui-20120217-1437,org.eclipse.pde.internal.ui.editor.text,ChangeAwareSourceViewerConfiguration,affectsColorPresentation,0,1,1
eclipse.pde.ui-20120217-1437,org.eclipse.pde.internal.ui.editor.text,ChangeAwareSourceViewerConfiguration,adaptToPreferenceChange,0,1,1
eclipse.pde.ui-20120217-1437,org.eclipse.pde.internal.ui.editor.text,ChangeAwareSourceViewerConfiguration,dispose,3,2,0
eclipse.pde.ui-20120217-1437,org.eclipse.pde.internal.ui.editor.text,ColorManager,ColorManager,3,1,0
eclipse.pde.ui-20120217-1437,org.eclipse.pde.internal.ui.editor.text,ColorManager,getDefault,5,2,0
eclipse.pde.ui-20120217-1437,org.eclipse.pde.internal.ui.editor.text,ColorManager,initializeDefaults,21,1,1
eclipse.pde.ui-20120217-1437,org.eclipse.pde.internal.ui.editor.text,ColorManager,initialize,18,2,0
eclipse.pde.ui-20120217-1437,org.eclipse.pde.internal.ui.editor.text,ColorManager,disposeColors,5,3,1
eclipse.pde.ui-20120217-1437,org.eclipse.pde.internal.ui.editor.text,ColorManager,dispose,4,2,0
eclipse.pde.ui-20120217-1437,org.eclipse.pde.internal.ui.editor.text,ColorManager,putColor,3,1,2
eclipse.pde.ui-20120217-1437,org.eclipse.pde.internal.ui.editor.text,ColorManager,putColor,8,3,2
eclipse.pde.ui-20120217-1437,org.eclipse.pde.internal.ui.editor.text,ColorManager,getColor,5,2,1
eclipse.pde.ui-20120217-1437,org.eclipse.pde.internal.ui.editor.text,ColorManager,handlePropertyChangeEvent,9,2,1
eclipse.pde.ui-20120217-1437,org.eclipse.pde.internal.ui.editor.text,ExternalizedStringRule,ExternalizedStringDetector,3,1,0
eclipse.pde.ui-20120217-1437,org.eclipse.pde.internal.ui.editor.text,ExternalizedStringRule,isWordStart,6,2,1
eclipse.pde.ui-20120217-1437,org.eclipse.pde.internal.ui.editor.text,ExternalizedStringRule,isWordPart,15,5,1
eclipse.pde.ui-20120217-1437,org.eclipse.pde.internal.ui.editor.text,ExternalizedStringRule,ExternalizedStringRule,3,1,1
eclipse.pde.ui-20120217-1437,org.eclipse.pde.internal.ui.editor.text,ExternalizedStringRule,endSequenceDetected,11,3,1
eclipse.pde.ui-20120217-1437,org.eclipse.pde.internal.ui.editor.text,ExternalizedStringDetector,ExternalizedStringDetector,3,1,0
eclipse.pde.ui-20120217-1437,org.eclipse.pde.internal.ui.editor.text,ExternalizedStringDetector,isWordStart,6,2,1
eclipse.pde.ui-20120217-1437,org.eclipse.pde.internal.ui.editor.text,ExternalizedStringDetector,isWordPart,15,5,1
eclipse.pde.ui-20120217-1437,org.eclipse.pde.internal.ui.editor.text,IColorManager,dispose,0,1,0
eclipse.pde.ui-20120217-1437,org.eclipse.pde.internal.ui.editor.text,IColorManager,getColor,0,1,1
eclipse.pde.ui-20120217-1437,org.eclipse.pde.internal.ui.editor.text,IColorManager,handlePropertyChangeEvent,0,1,1
eclipse.pde.ui-20120217-1437,org.eclipse.pde.internal.ui.editor.text,IControlHoverContentProvider,getHoverContent,0,1,1
eclipse.pde.ui-20120217-1437,org.eclipse.pde.internal.ui.editor.text,JavaHyperlink,JavaHyperlink,4,1,3
eclipse.pde.ui-20120217-1437,org.eclipse.pde.internal.ui.editor.text,JavaHyperlink,open,19,4,0
eclipse.pde.ui-20120217-1437,org.eclipse.pde.internal.ui.editor.text,ManifestConfiguration,ManifestHeaderScanner,3,1,0
eclipse.pde.ui-20120217-1437,org.eclipse.pde.internal.ui.editor.text,ManifestConfiguration,affectsTextPresentation,3,1,1
eclipse.pde.ui-20120217-1437,org.eclipse.pde.internal.ui.editor.text,ManifestConfiguration,getTokenAffected,4,2,1
eclipse.pde.ui-20120217-1437,org.eclipse.pde.internal.ui.editor.text,ManifestConfiguration,initialize,31,1,0
eclipse.pde.ui-20120217-1437,org.eclipse.pde.internal.ui.editor.text,ManifestConfiguration,ManifestValueScanner,3,1,0
eclipse.pde.ui-20120217-1437,org.eclipse.pde.internal.ui.editor.text,ManifestConfiguration,affectsTextPresentation,3,1,1
eclipse.pde.ui-20120217-1437,org.eclipse.pde.internal.ui.editor.text,ManifestConfiguration,getTokenAffected,6,3,1
eclipse.pde.ui-20120217-1437,org.eclipse.pde.internal.ui.editor.text,ManifestConfiguration,initialize,29,2,0
eclipse.pde.ui-20120217-1437,org.eclipse.pde.internal.ui.editor.text,ManifestConfiguration,isWordStart,3,1,1
eclipse.pde.ui-20120217-1437,org.eclipse.pde.internal.ui.editor.text,ManifestConfiguration,isWordPart,3,1,1
eclipse.pde.ui-20120217-1437,org.eclipse.pde.internal.ui.editor.text,ManifestConfiguration,isWordStart,3,1,1
eclipse.pde.ui-20120217-1437,org.eclipse.pde.internal.ui.editor.text,ManifestConfiguration,isWordPart,3,1,1
eclipse.pde.ui-20120217-1437,org.eclipse.pde.internal.ui.editor.text,ManifestConfiguration,ManifestConfiguration,3,1,1
eclipse.pde.ui-20120217-1437,org.eclipse.pde.internal.ui.editor.text,ManifestConfiguration,ManifestConfiguration,3,1,2
eclipse.pde.ui-20120217-1437,org.eclipse.pde.internal.ui.editor.text,ManifestConfiguration,ManifestConfiguration,6,1,3
eclipse.pde.ui-20120217-1437,org.eclipse.pde.internal.ui.editor.text,ManifestConfiguration,getConfiguredContentTypes,7,1,1
eclipse.pde.ui-20120217-1437,org.eclipse.pde.internal.ui.editor.text,ManifestConfiguration,getAnnotationHover,4,2,1
eclipse.pde.ui-20120217-1437,org.eclipse.pde.internal.ui.editor.text,ManifestConfiguration,getPresentationReconciler,11,1,1
eclipse.pde.ui-20120217-1437,org.eclipse.pde.internal.ui.editor.text,ManifestConfiguration,affectsTextPresentation,4,1,1
eclipse.pde.ui-20120217-1437,org.eclipse.pde.internal.ui.editor.text,ManifestConfiguration,affectsColorPresentation,4,1,1
eclipse.pde.ui-20120217-1437,org.eclipse.pde.internal.ui.editor.text,ManifestConfiguration,adaptToPreferenceChange,5,2,1
eclipse.pde.ui-20120217-1437,org.eclipse.pde.internal.ui.editor.text,ManifestConfiguration,dispose,4,2,0
eclipse.pde.ui-20120217-1437,org.eclipse.pde.internal.ui.editor.text,ManifestConfiguration,getContentAssistant,22,3,1
eclipse.pde.ui-20120217-1437,org.eclipse.pde.internal.ui.editor.text,ManifestConfiguration,createInformationControl,3,1,1
eclipse.pde.ui-20120217-1437,org.eclipse.pde.internal.ui.editor.text,ManifestConfiguration,getTextHover,4,2,2
eclipse.pde.ui-20120217-1437,org.eclipse.pde.internal.ui.editor.text,ManifestConfiguration,getInfoImplementationType,3,1,0
eclipse.pde.ui-20120217-1437,org.eclipse.pde.internal.ui.editor.text,ManifestConfiguration,getConfiguredDocumentPartitioning,4,2,1
eclipse.pde.ui-20120217-1437,org.eclipse.pde.internal.ui.editor.text,ManifestHeaderScanner,ManifestHeaderScanner,3,1,0
eclipse.pde.ui-20120217-1437,org.eclipse.pde.internal.ui.editor.text,ManifestHeaderScanner,affectsTextPresentation,3,1,1
eclipse.pde.ui-20120217-1437,org.eclipse.pde.internal.ui.editor.text,ManifestHeaderScanner,getTokenAffected,4,2,1
eclipse.pde.ui-20120217-1437,org.eclipse.pde.internal.ui.editor.text,ManifestHeaderScanner,initialize,31,1,0
eclipse.pde.ui-20120217-1437,org.eclipse.pde.internal.ui.editor.text,ManifestValueScanner,ManifestValueScanner,3,1,0
eclipse.pde.ui-20120217-1437,org.eclipse.pde.internal.ui.editor.text,ManifestValueScanner,affectsTextPresentation,3,1,1
eclipse.pde.ui-20120217-1437,org.eclipse.pde.internal.ui.editor.text,ManifestValueScanner,getTokenAffected,6,3,1
eclipse.pde.ui-20120217-1437,org.eclipse.pde.internal.ui.editor.text,ManifestValueScanner,initialize,29,2,0
eclipse.pde.ui-20120217-1437,org.eclipse.pde.internal.ui.editor.text,AssignmentDetector,isWordStart,3,1,1
eclipse.pde.ui-20120217-1437,org.eclipse.pde.internal.ui.editor.text,AssignmentDetector,isWordPart,3,1,1
eclipse.pde.ui-20120217-1437,org.eclipse.pde.internal.ui.editor.text,KeywordDetector,isWordStart,3,1,1
eclipse.pde.ui-20120217-1437,org.eclipse.pde.internal.ui.editor.text,KeywordDetector,isWordPart,3,1,1
eclipse.pde.ui-20120217-1437,org.eclipse.pde.internal.ui.editor.text,ManifestElementHyperlink,ManifestElementHyperlink,3,1,2
eclipse.pde.ui-20120217-1437,org.eclipse.pde.internal.ui.editor.text,ManifestElementHyperlink,open2,0,1,0
eclipse.pde.ui-20120217-1437,org.eclipse.pde.internal.ui.editor.text,ManifestElementHyperlink,open,10,3,0
eclipse.pde.ui-20120217-1437,org.eclipse.pde.internal.ui.editor.text,ManifestPartitionScanner,ManifestPartitionScanner,9,1,0
eclipse.pde.ui-20120217-1437,org.eclipse.pde.internal.ui.editor.text,ManifestTextHover,ManifestTextHover,5,1,1
eclipse.pde.ui-20120217-1437,org.eclipse.pde.internal.ui.editor.text,ManifestTextHover,getHoverInfo,11,4,2
eclipse.pde.ui-20120217-1437,org.eclipse.pde.internal.ui.editor.text,ManifestTextHover,checkForTranslatable,11,4,1
eclipse.pde.ui-20120217-1437,org.eclipse.pde.internal.ui.editor.text,MultilineDamagerRepairer,MultilineDamagerRepairer,3,1,2
eclipse.pde.ui-20120217-1437,org.eclipse.pde.internal.ui.editor.text,MultilineDamagerRepairer,MultilineDamagerRepairer,3,1,1
eclipse.pde.ui-20120217-1437,org.eclipse.pde.internal.ui.editor.text,MultilineDamagerRepairer,getDamageRegion,3,1,3
eclipse.pde.ui-20120217-1437,org.eclipse.pde.internal.ui.editor.text,MultilineDamagerRepairer,setDefaultTextAttribute,3,1,1
eclipse.pde.ui-20120217-1437,org.eclipse.pde.internal.ui.editor.text,PDEDefaultInformationControl,PDEDefaultInformationControl,3,1,2
eclipse.pde.ui-20120217-1437,org.eclipse.pde.internal.ui.editor.text,PDEDefaultInformationControl,dispose,4,1,0
eclipse.pde.ui-20120217-1437,org.eclipse.pde.internal.ui.editor.text,PDEDefaultInformationControl,isDisposed,3,1,0
eclipse.pde.ui-20120217-1437,org.eclipse.pde.internal.ui.editor.text,PDEMarkerAnnotationModel,PDEMarkerAnnotation,3,1,1
eclipse.pde.ui-20120217-1437,org.eclipse.pde.internal.ui.editor.text,PDEMarkerAnnotationModel,setQuickFixable,4,1,1
eclipse.pde.ui-20120217-1437,org.eclipse.pde.internal.ui.editor.text,PDEMarkerAnnotationModel,isQuickFixableStateSet,3,1,0
eclipse.pde.ui-20120217-1437,org.eclipse.pde.internal.ui.editor.text,PDEMarkerAnnotationModel,isQuickFixable,3,1,0
eclipse.pde.ui-20120217-1437,org.eclipse.pde.internal.ui.editor.text,PDEMarkerAnnotationModel,PDEMarkerAnnotationModel,3,1,1
eclipse.pde.ui-20120217-1437,org.eclipse.pde.internal.ui.editor.text,PDEMarkerAnnotationModel,createMarkerAnnotation,3,1,1
eclipse.pde.ui-20120217-1437,org.eclipse.pde.internal.ui.editor.text,PDEMarkerAnnotation,PDEMarkerAnnotation,3,1,1
eclipse.pde.ui-20120217-1437,org.eclipse.pde.internal.ui.editor.text,PDEMarkerAnnotation,setQuickFixable,4,1,1
eclipse.pde.ui-20120217-1437,org.eclipse.pde.internal.ui.editor.text,PDEMarkerAnnotation,isQuickFixableStateSet,3,1,0
eclipse.pde.ui-20120217-1437,org.eclipse.pde.internal.ui.editor.text,PDEMarkerAnnotation,isQuickFixable,3,1,0
eclipse.pde.ui-20120217-1437,org.eclipse.pde.internal.ui.editor.text,PDEQuickAssistAssistant,PDECompletionProposal,5,1,3
eclipse.pde.ui-20120217-1437,org.eclipse.pde.internal.ui.editor.text,PDEQuickAssistAssistant,apply,3,1,1
eclipse.pde.ui-20120217-1437,org.eclipse.pde.internal.ui.editor.text,PDEQuickAssistAssistant,getSelection,3,1,1
eclipse.pde.ui-20120217-1437,org.eclipse.pde.internal.ui.editor.text,PDEQuickAssistAssistant,getAdditionalProposalInfo,4,2,0
eclipse.pde.ui-20120217-1437,org.eclipse.pde.internal.ui.editor.text,PDEQuickAssistAssistant,getDisplayString,3,1,0
eclipse.pde.ui-20120217-1437,org.eclipse.pde.internal.ui.editor.text,PDEQuickAssistAssistant,getImage,17,6,0
eclipse.pde.ui-20120217-1437,org.eclipse.pde.internal.ui.editor.text,PDEQuickAssistAssistant,getContextInformation,3,1,0
eclipse.pde.ui-20120217-1437,org.eclipse.pde.internal.ui.editor.text,PDEQuickAssistAssistant,getInformationControlCreator,3,1,0
eclipse.pde.ui-20120217-1437,org.eclipse.pde.internal.ui.editor.text,PDEQuickAssistAssistant,getPrefixCompletionStart,3,1,2
eclipse.pde.ui-20120217-1437,org.eclipse.pde.internal.ui.editor.text,PDEQuickAssistAssistant,getPrefixCompletionText,3,1,2
eclipse.pde.ui-20120217-1437,org.eclipse.pde.internal.ui.editor.text,PDEQuickAssistAssistant,isAutoInsertable,3,1,0
eclipse.pde.ui-20120217-1437,org.eclipse.pde.internal.ui.editor.text,PDEQuickAssistAssistant,equals,7,2,1
eclipse.pde.ui-20120217-1437,org.eclipse.pde.internal.ui.editor.text,PDEQuickAssistAssistant,compareTo,11,4,1
eclipse.pde.ui-20120217-1437,org.eclipse.pde.internal.ui.editor.text,PDEQuickAssistAssistant,getErrorMessage,3,1,0
eclipse.pde.ui-20120217-1437,org.eclipse.pde.internal.ui.editor.text,PDEQuickAssistAssistant,canFix,17,5,1
eclipse.pde.ui-20120217-1437,org.eclipse.pde.internal.ui.editor.text,PDEQuickAssistAssistant,populateDataModelForAnnotation,16,5,1
eclipse.pde.ui-20120217-1437,org.eclipse.pde.internal.ui.editor.text,PDEQuickAssistAssistant,canAssist,3,1,1
eclipse.pde.ui-20120217-1437,org.eclipse.pde.internal.ui.editor.text,PDEQuickAssistAssistant,computeQuickAssistProposals,57,11,1
eclipse.pde.ui-20120217-1437,org.eclipse.pde.internal.ui.editor.text,PDEQuickAssistAssistant,compare,8,2,2
eclipse.pde.ui-20120217-1437,org.eclipse.pde.internal.ui.editor.text,PDEQuickAssistAssistant,PDEQuickAssistAssistant,12,1,0
eclipse.pde.ui-20120217-1437,org.eclipse.pde.internal.ui.editor.text,PDEQuickAssistAssistant,doCreateInformationControl,3,1,1
eclipse.pde.ui-20120217-1437,org.eclipse.pde.internal.ui.editor.text,PDEQuickAssistAssistant,dispose,5,1,0
eclipse.pde.ui-20120217-1437,org.eclipse.pde.internal.ui.editor.text,PDECompletionProposal,PDECompletionProposal,5,1,3
eclipse.pde.ui-20120217-1437,org.eclipse.pde.internal.ui.editor.text,PDECompletionProposal,apply,3,1,1
eclipse.pde.ui-20120217-1437,org.eclipse.pde.internal.ui.editor.text,PDECompletionProposal,getSelection,3,1,1
eclipse.pde.ui-20120217-1437,org.eclipse.pde.internal.ui.editor.text,PDECompletionProposal,getAdditionalProposalInfo,4,2,0
eclipse.pde.ui-20120217-1437,org.eclipse.pde.internal.ui.editor.text,PDECompletionProposal,getDisplayString,3,1,0
eclipse.pde.ui-20120217-1437,org.eclipse.pde.internal.ui.editor.text,PDECompletionProposal,getImage,17,6,0
eclipse.pde.ui-20120217-1437,org.eclipse.pde.internal.ui.editor.text,PDECompletionProposal,getContextInformation,3,1,0
eclipse.pde.ui-20120217-1437,org.eclipse.pde.internal.ui.editor.text,PDECompletionProposal,getInformationControlCreator,3,1,0
eclipse.pde.ui-20120217-1437,org.eclipse.pde.internal.ui.editor.text,PDECompletionProposal,getPrefixCompletionStart,3,1,2
eclipse.pde.ui-20120217-1437,org.eclipse.pde.internal.ui.editor.text,PDECompletionProposal,getPrefixCompletionText,3,1,2
eclipse.pde.ui-20120217-1437,org.eclipse.pde.internal.ui.editor.text,PDECompletionProposal,isAutoInsertable,3,1,0
eclipse.pde.ui-20120217-1437,org.eclipse.pde.internal.ui.editor.text,PDECompletionProposal,equals,7,2,1
eclipse.pde.ui-20120217-1437,org.eclipse.pde.internal.ui.editor.text,PDECompletionProposal,compareTo,11,4,1
eclipse.pde.ui-20120217-1437,org.eclipse.pde.internal.ui.editor.text,PDEQuickAssistProcessor,getErrorMessage,3,1,0
eclipse.pde.ui-20120217-1437,org.eclipse.pde.internal.ui.editor.text,PDEQuickAssistProcessor,canFix,17,5,1
eclipse.pde.ui-20120217-1437,org.eclipse.pde.internal.ui.editor.text,PDEQuickAssistProcessor,populateDataModelForAnnotation,16,5,1
eclipse.pde.ui-20120217-1437,org.eclipse.pde.internal.ui.editor.text,PDEQuickAssistProcessor,canAssist,3,1,1
eclipse.pde.ui-20120217-1437,org.eclipse.pde.internal.ui.editor.text,PDEQuickAssistProcessor,computeQuickAssistProposals,57,11,1
eclipse.pde.ui-20120217-1437,org.eclipse.pde.internal.ui.editor.text,PDEQuickAssistProcessor,compare,8,2,2
eclipse.pde.ui-20120217-1437,org.eclipse.pde.internal.ui.editor.text,PDESelectAnnotationRulerAction,PDESelectAnnotationRulerAction,6,1,4
eclipse.pde.ui-20120217-1437,org.eclipse.pde.internal.ui.editor.text,PDESelectAnnotationRulerAction,run,3,1,0
eclipse.pde.ui-20120217-1437,org.eclipse.pde.internal.ui.editor.text,PDESelectAnnotationRulerAction,runWithEvent,12,3,1
eclipse.pde.ui-20120217-1437,org.eclipse.pde.internal.ui.editor.text,PDESelectAnnotationRulerAction,update,7,2,0
eclipse.pde.ui-20120217-1437,org.eclipse.pde.internal.ui.editor.text,PDESelectAnnotationRulerAction,checkReadOnly,25,8,0
eclipse.pde.ui-20120217-1437,org.eclipse.pde.internal.ui.editor.text,PDESourceInfoProvider,PDESourceInfoProvider,3,1,1
eclipse.pde.ui-20120217-1437,org.eclipse.pde.internal.ui.editor.text,PDESourceInfoProvider,getInformation,3,1,2
eclipse.pde.ui-20120217-1437,org.eclipse.pde.internal.ui.editor.text,PDESourceInfoProvider,getSubject,10,3,2
eclipse.pde.ui-20120217-1437,org.eclipse.pde.internal.ui.editor.text,PDESourceInfoProvider,getInformation2,11,3,2
eclipse.pde.ui-20120217-1437,org.eclipse.pde.internal.ui.editor.text,PDETextHover,getHoverRegion,3,1,2
eclipse.pde.ui-20120217-1437,org.eclipse.pde.internal.ui.editor.text,PDETextHover,getHoverControlCreator,3,1,0
eclipse.pde.ui-20120217-1437,org.eclipse.pde.internal.ui.editor.text,PDETextHover,getInformationControlCreator,8,1,0
eclipse.pde.ui-20120217-1437,org.eclipse.pde.internal.ui.editor.text,PDETextHover,createInformationControl,3,1,1
eclipse.pde.ui-20120217-1437,org.eclipse.pde.internal.ui.editor.text,PDETextHover,addHoverListenerToControl,19,4,3
eclipse.pde.ui-20120217-1437,org.eclipse.pde.internal.ui.editor.text,PDETextHover,mouseEnter,2,1,1
eclipse.pde.ui-20120217-1437,org.eclipse.pde.internal.ui.editor.text,PDETextHover,mouseExit,4,2,1
eclipse.pde.ui-20120217-1437,org.eclipse.pde.internal.ui.editor.text,PDETextHover,mouseHover,8,3,1
eclipse.pde.ui-20120217-1437,org.eclipse.pde.internal.ui.editor.text,PDETextHover,updateHover,6,2,2
eclipse.pde.ui-20120217-1437,org.eclipse.pde.internal.ui.editor.text,PDEWordFinder,PDEWordFinder,2,1,0
eclipse.pde.ui-20120217-1437,org.eclipse.pde.internal.ui.editor.text,PDEWordFinder,findWord,30,8,2
eclipse.pde.ui-20120217-1437,org.eclipse.pde.internal.ui.editor.text,PackageHyperlink,PackageHyperlink,4,1,3
eclipse.pde.ui-20120217-1437,org.eclipse.pde.internal.ui.editor.text,PackageHyperlink,open2,14,3,0
eclipse.pde.ui-20120217-1437,org.eclipse.pde.internal.ui.editor.text,PluginXMLConfiguration,PluginXMLConfiguration,3,1,2
eclipse.pde.ui-20120217-1437,org.eclipse.pde.internal.ui.editor.text,PluginXMLConfiguration,getContentAssistant,14,2,1
eclipse.pde.ui-20120217-1437,org.eclipse.pde.internal.ui.editor.text,PluginXMLConfiguration,dispose,4,2,0
eclipse.pde.ui-20120217-1437,org.eclipse.pde.internal.ui.editor.text,PluginXMLConfiguration,getTextHover,4,2,2
eclipse.pde.ui-20120217-1437,org.eclipse.pde.internal.ui.editor.text,PluginXMLTextHover,PluginXMLTextHover,3,1,1
eclipse.pde.ui-20120217-1437,org.eclipse.pde.internal.ui.editor.text,PluginXMLTextHover,getHoverInfo,36,13,2
eclipse.pde.ui-20120217-1437,org.eclipse.pde.internal.ui.editor.text,PluginXMLTextHover,getExtensionPointHoverInfo,8,3,2
eclipse.pde.ui-20120217-1437,org.eclipse.pde.internal.ui.editor.text,PluginXMLTextHover,getExtensionSchema,8,4,1
eclipse.pde.ui-20120217-1437,org.eclipse.pde.internal.ui.editor.text,PluginXMLTextHover,getSchemaObject,6,4,2
eclipse.pde.ui-20120217-1437,org.eclipse.pde.internal.ui.editor.text,PluginXMLTextHover,getAttributeText,5,2,2
eclipse.pde.ui-20120217-1437,org.eclipse.pde.internal.ui.editor.text,PluginXMLTextHover,getAttributeValueText,8,4,2
eclipse.pde.ui-20120217-1437,org.eclipse.pde.internal.ui.editor.text,PluginXMLTextHover,getSchemaDescription,11,2,2
eclipse.pde.ui-20120217-1437,org.eclipse.pde.internal.ui.editor.text,PluginXMLTextHover,getElementText,6,2,1
eclipse.pde.ui-20120217-1437,org.eclipse.pde.internal.ui.editor.text,PluginXMLTextHover,checkTranslatedValue,5,2,1
eclipse.pde.ui-20120217-1437,org.eclipse.pde.internal.ui.editor.text,ReconcilingStrategy,ReconcilingStrategy,2,1,0
eclipse.pde.ui-20120217-1437,org.eclipse.pde.internal.ui.editor.text,ReconcilingStrategy,setDocument,3,1,1
eclipse.pde.ui-20120217-1437,org.eclipse.pde.internal.ui.editor.text,ReconcilingStrategy,reconcile,3,2,2
eclipse.pde.ui-20120217-1437,org.eclipse.pde.internal.ui.editor.text,ReconcilingStrategy,reconcile,3,2,1
eclipse.pde.ui-20120217-1437,org.eclipse.pde.internal.ui.editor.text,ReconcilingStrategy,notifyParticipants,5,2,0
eclipse.pde.ui-20120217-1437,org.eclipse.pde.internal.ui.editor.text,ReconcilingStrategy,addParticipant,3,1,1
eclipse.pde.ui-20120217-1437,org.eclipse.pde.internal.ui.editor.text,ReconcilingStrategy,removeParticipant,3,1,1
eclipse.pde.ui-20120217-1437,org.eclipse.pde.internal.ui.editor.text,ResourceHyperlink,ResourceHyperlink,4,1,3
eclipse.pde.ui-20120217-1437,org.eclipse.pde.internal.ui.editor.text,ResourceHyperlink,open,23,6,0
eclipse.pde.ui-20120217-1437,org.eclipse.pde.internal.ui.editor.text,ResourceHyperlink,processAbsolutePathes,18,4,0
eclipse.pde.ui-20120217-1437,org.eclipse.pde.internal.ui.editor.text,SchemaHyperlink,SchemaHyperlink,4,1,3
eclipse.pde.ui-20120217-1437,org.eclipse.pde.internal.ui.editor.text,SchemaHyperlink,open,3,2,0
eclipse.pde.ui-20120217-1437,org.eclipse.pde.internal.ui.editor.text,SourceInformationProvider,partOpened,2,1,1
eclipse.pde.ui-20120217-1437,org.eclipse.pde.internal.ui.editor.text,SourceInformationProvider,partDeactivated,2,1,1
eclipse.pde.ui-20120217-1437,org.eclipse.pde.internal.ui.editor.text,SourceInformationProvider,partClosed,3,2,1
eclipse.pde.ui-20120217-1437,org.eclipse.pde.internal.ui.editor.text,SourceInformationProvider,partActivated,3,1,1
eclipse.pde.ui-20120217-1437,org.eclipse.pde.internal.ui.editor.text,SourceInformationProvider,partBroughtToTop,3,1,1
eclipse.pde.ui-20120217-1437,org.eclipse.pde.internal.ui.editor.text,SourceInformationProvider,SourceInformationProvider,9,2,3
eclipse.pde.ui-20120217-1437,org.eclipse.pde.internal.ui.editor.text,SourceInformationProvider,update,20,6,0
eclipse.pde.ui-20120217-1437,org.eclipse.pde.internal.ui.editor.text,SourceInformationProvider,getSubject,4,2,2
eclipse.pde.ui-20120217-1437,org.eclipse.pde.internal.ui.editor.text,SourceInformationProvider,getInformation,7,3,2
eclipse.pde.ui-20120217-1437,org.eclipse.pde.internal.ui.editor.text,SourceInformationProvider,getInformationPresenterControlCreator,3,1,0
eclipse.pde.ui-20120217-1437,org.eclipse.pde.internal.ui.editor.text,TranslationHyperlink,TranslationHyperlink,4,1,3
eclipse.pde.ui-20120217-1437,org.eclipse.pde.internal.ui.editor.text,TranslationHyperlink,getLocalization,9,5,0
eclipse.pde.ui-20120217-1437,org.eclipse.pde.internal.ui.editor.text,TranslationHyperlink,getOpened,3,1,0
eclipse.pde.ui-20120217-1437,org.eclipse.pde.internal.ui.editor.text,TranslationHyperlink,open,3,1,0
eclipse.pde.ui-20120217-1437,org.eclipse.pde.internal.ui.editor.text,TranslationHyperlink,openHyperLink,56,12,0
eclipse.pde.ui-20120217-1437,org.eclipse.pde.internal.ui.editor.text,XMLConfiguration,XMLConfiguration,3,1,1
eclipse.pde.ui-20120217-1437,org.eclipse.pde.internal.ui.editor.text,XMLConfiguration,XMLConfiguration,3,1,2
eclipse.pde.ui-20120217-1437,org.eclipse.pde.internal.ui.editor.text,XMLConfiguration,getConfiguredContentTypes,3,1,1
eclipse.pde.ui-20120217-1437,org.eclipse.pde.internal.ui.editor.text,XMLConfiguration,getDoubleClickStrategy,4,2,2
eclipse.pde.ui-20120217-1437,org.eclipse.pde.internal.ui.editor.text,XMLConfiguration,getPDEScanner,4,2,0
eclipse.pde.ui-20120217-1437,org.eclipse.pde.internal.ui.editor.text,XMLConfiguration,getPDETagScanner,4,2,0
eclipse.pde.ui-20120217-1437,org.eclipse.pde.internal.ui.editor.text,XMLConfiguration,getPresentationReconciler,15,1,1
eclipse.pde.ui-20120217-1437,org.eclipse.pde.internal.ui.editor.text,XMLConfiguration,getAnnotationHover,4,2,1
eclipse.pde.ui-20120217-1437,org.eclipse.pde.internal.ui.editor.text,XMLConfiguration,adaptToPreferenceChange,10,4,1
eclipse.pde.ui-20120217-1437,org.eclipse.pde.internal.ui.editor.text,XMLConfiguration,adaptTextAttribute,13,3,1
eclipse.pde.ui-20120217-1437,org.eclipse.pde.internal.ui.editor.text,XMLConfiguration,adaptToStyleChange,13,3,3
eclipse.pde.ui-20120217-1437,org.eclipse.pde.internal.ui.editor.text,XMLConfiguration,affectsTextPresentation,4,1,1
eclipse.pde.ui-20120217-1437,org.eclipse.pde.internal.ui.editor.text,XMLConfiguration,affectsColorPresentation,4,1,1
eclipse.pde.ui-20120217-1437,org.eclipse.pde.internal.ui.editor.text,XMLConfiguration,getInfoImplementationType,3,1,0
eclipse.pde.ui-20120217-1437,org.eclipse.pde.internal.ui.editor.text,XMLConfiguration,getConfiguredDocumentPartitioning,3,1,1
eclipse.pde.ui-20120217-1437,org.eclipse.pde.internal.ui.editor.text,XMLConfiguration,getReconciler,22,5,1
eclipse.pde.ui-20120217-1437,org.eclipse.pde.internal.ui.editor.text,XMLDoubleClickStrategy,doubleClicked,7,2,1
eclipse.pde.ui-20120217-1437,org.eclipse.pde.internal.ui.editor.text,XMLDoubleClickStrategy,selectWord,27,5,1
eclipse.pde.ui-20120217-1437,org.eclipse.pde.internal.ui.editor.text,XMLDoubleClickStrategy,selectRange,5,1,2
eclipse.pde.ui-20120217-1437,org.eclipse.pde.internal.ui.editor.text,XMLPartitionScanner,XMLPartitionScanner,6,1,0
eclipse.pde.ui-20120217-1437,org.eclipse.pde.internal.ui.editor.text,XMLReconcilingStrategy,SpellingProblemCollector,6,2,1
eclipse.pde.ui-20120217-1437,org.eclipse.pde.internal.ui.editor.text,XMLReconcilingStrategy,accept,3,1,1
eclipse.pde.ui-20120217-1437,org.eclipse.pde.internal.ui.editor.text,XMLReconcilingStrategy,beginCollecting,3,1,0
eclipse.pde.ui-20120217-1437,org.eclipse.pde.internal.ui.editor.text,XMLReconcilingStrategy,endCollecting,10,2,0
eclipse.pde.ui-20120217-1437,org.eclipse.pde.internal.ui.editor.text,XMLReconcilingStrategy,XMLReconcilingStrategy,3,1,1
eclipse.pde.ui-20120217-1437,org.eclipse.pde.internal.ui.editor.text,XMLReconcilingStrategy,reconcile,4,1,1
eclipse.pde.ui-20120217-1437,org.eclipse.pde.internal.ui.editor.text,XMLReconcilingStrategy,deleteAllAnnotations,15,5,1
eclipse.pde.ui-20120217-1437,org.eclipse.pde.internal.ui.editor.text,XMLReconcilingStrategy,deleteNonstringSpellingAnnotations,21,5,1
eclipse.pde.ui-20120217-1437,org.eclipse.pde.internal.ui.editor.text,XMLReconcilingStrategy,createSpellingProblemCollector,5,2,0
eclipse.pde.ui-20120217-1437,org.eclipse.pde.internal.ui.editor.text,SpellingProblemCollector,SpellingProblemCollector,6,2,1
eclipse.pde.ui-20120217-1437,org.eclipse.pde.internal.ui.editor.text,SpellingProblemCollector,accept,3,1,1
eclipse.pde.ui-20120217-1437,org.eclipse.pde.internal.ui.editor.text,SpellingProblemCollector,beginCollecting,3,1,0
eclipse.pde.ui-20120217-1437,org.eclipse.pde.internal.ui.editor.text,SpellingProblemCollector,endCollecting,10,2,0
eclipse.pde.ui-20120217-1437,org.eclipse.pde.internal.ui.editor.text,XMLScanner,XMLScanner,3,1,1
eclipse.pde.ui-20120217-1437,org.eclipse.pde.internal.ui.editor.text,XMLScanner,initialize,10,1,0
eclipse.pde.ui-20120217-1437,org.eclipse.pde.internal.ui.editor.text,XMLScanner,getTokenAffected,9,3,1
eclipse.pde.ui-20120217-1437,org.eclipse.pde.internal.ui.editor.text,XMLScanner,affectsTextPresentation,3,1,1
eclipse.pde.ui-20120217-1437,org.eclipse.pde.internal.ui.editor.text,XMLStringPartitionScanner,XMLStringPartitionScanner,10,1,0
eclipse.pde.ui-20120217-1437,org.eclipse.pde.internal.ui.editor.text,XMLTagRule,XMLTagRule,3,1,1
eclipse.pde.ui-20120217-1437,org.eclipse.pde.internal.ui.editor.text,XMLTagRule,sequenceDetected,17,5,3
eclipse.pde.ui-20120217-1437,org.eclipse.pde.internal.ui.editor.text,XMLTagScanner,XMLTagScanner,3,1,1
eclipse.pde.ui-20120217-1437,org.eclipse.pde.internal.ui.editor.text,XMLTagScanner,initialize,12,1,0
eclipse.pde.ui-20120217-1437,org.eclipse.pde.internal.ui.editor.text,XMLTagScanner,getTokenAffected,10,3,1
eclipse.pde.ui-20120217-1437,org.eclipse.pde.internal.ui.editor.text,XMLTagScanner,affectsTextPresentation,3,1,1
eclipse.pde.ui-20120217-1437,org.eclipse.pde.internal.ui.editor.text,XMLUtil,getTopLevelParent,9,6,1
eclipse.pde.ui-20120217-1437,org.eclipse.pde.internal.ui.editor.text,XMLUtil,withinRange,3,1,3
eclipse.pde.ui-20120217-1437,org.eclipse.pde.internal.ui.editor.text,XMLUtil,withinRange,6,4,2
eclipse.pde.ui-20120217-1437,org.eclipse.pde.internal.ui.editor.text,XMLUtil,getSchemaElement,24,9,2
eclipse.pde.ui-20120217-1437,org.eclipse.pde.internal.ui.editor.text,XMLUtil,getSchemaAttribute,5,2,2
eclipse.pde.ui-20120217-1437,org.eclipse.pde.internal.ui.editor.text,XMLUtil,createDefaultClassName,19,4,3
eclipse.pde.ui-20120217-1437,org.eclipse.pde.internal.ui.editor.text,XMLUtil,createDefaultPackageName,6,2,2
eclipse.pde.ui-20120217-1437,org.eclipse.pde.internal.ui.editor.text,XMLUtil,createDefaultName,5,2,3
eclipse.pde.ui-20120217-1437,org.eclipse.pde.internal.ui.editor.text,XMLUtil,getCounterValue,11,2,1
eclipse.pde.ui-20120217-1437,org.eclipse.pde.internal.ui.editor.text,XMLUtil,getCounterKey,3,1,1
eclipse.pde.ui-20120217-1437,org.eclipse.pde.internal.ui.editor.text,XMLWhitespaceDetector,isWhitespace,3,1,1
eclipse.pde.ui-20120217-1437,org.eclipse.pde.internal.ui.editor.validation,AbstractControlValidator,AbstractControlValidator,8,1,3
eclipse.pde.ui-20120217-1437,org.eclipse.pde.internal.ui.editor.validation,AbstractControlValidator,autoEnable,7,2,0
eclipse.pde.ui-20120217-1437,org.eclipse.pde.internal.ui.editor.validation,AbstractControlValidator,getEnabled,3,1,0
eclipse.pde.ui-20120217-1437,org.eclipse.pde.internal.ui.editor.validation,AbstractControlValidator,setEnabled,12,3,1
eclipse.pde.ui-20120217-1437,org.eclipse.pde.internal.ui.editor.validation,AbstractControlValidator,validate,10,3,0
eclipse.pde.ui-20120217-1437,org.eclipse.pde.internal.ui.editor.validation,AbstractControlValidator,validateControl,0,1,0
eclipse.pde.ui-20120217-1437,org.eclipse.pde.internal.ui.editor.validation,AbstractControlValidator,addMessage,6,2,3
eclipse.pde.ui-20120217-1437,org.eclipse.pde.internal.ui.editor.validation,AbstractControlValidator,addMessage,6,2,2
eclipse.pde.ui-20120217-1437,org.eclipse.pde.internal.ui.editor.validation,AbstractControlValidator,getMessageType,16,5,1
eclipse.pde.ui-20120217-1437,org.eclipse.pde.internal.ui.editor.validation,AbstractControlValidator,getMessageType,12,3,2
eclipse.pde.ui-20120217-1437,org.eclipse.pde.internal.ui.editor.validation,AbstractControlValidator,removeMessage,3,1,1
eclipse.pde.ui-20120217-1437,org.eclipse.pde.internal.ui.editor.validation,AbstractControlValidator,setMessagePrefix,3,1,1
eclipse.pde.ui-20120217-1437,org.eclipse.pde.internal.ui.editor.validation,AbstractControlValidator,getMessagePrefix,3,1,0
eclipse.pde.ui-20120217-1437,org.eclipse.pde.internal.ui.editor.validation,AbstractControlValidator,getManagedForm,3,1,0
eclipse.pde.ui-20120217-1437,org.eclipse.pde.internal.ui.editor.validation,AbstractControlValidator,getMessageManager,3,1,0
eclipse.pde.ui-20120217-1437,org.eclipse.pde.internal.ui.editor.validation,AbstractControlValidator,setRefresh,3,1,1
eclipse.pde.ui-20120217-1437,org.eclipse.pde.internal.ui.editor.validation,AbstractControlValidator,getControl,3,1,0
eclipse.pde.ui-20120217-1437,org.eclipse.pde.internal.ui.editor.validation,AbstractControlValidator,isValid,3,1,0
eclipse.pde.ui-20120217-1437,org.eclipse.pde.internal.ui.editor.validation,AbstractControlValidator,reset,4,1,0
eclipse.pde.ui-20120217-1437,org.eclipse.pde.internal.ui.editor.validation,ControlValidationUtility,validateRequiredField,7,2,3
eclipse.pde.ui-20120217-1437,org.eclipse.pde.internal.ui.editor.validation,ControlValidationUtility,validateTranslatableField,18,5,4
eclipse.pde.ui-20120217-1437,org.eclipse.pde.internal.ui.editor.validation,ControlValidationUtility,validateVersionField,8,2,2
eclipse.pde.ui-20120217-1437,org.eclipse.pde.internal.ui.editor.validation,ControlValidationUtility,validatePlatformFilterField,10,1,2
eclipse.pde.ui-20120217-1437,org.eclipse.pde.internal.ui.editor.validation,ControlValidationUtility,validateActivatorField,18,4,3
eclipse.pde.ui-20120217-1437,org.eclipse.pde.internal.ui.editor.validation,ControlValidationUtility,validateFragmentHostPluginField,16,4,3
eclipse.pde.ui-20120217-1437,org.eclipse.pde.internal.ui.editor.validation,IControlValidator,setEnabled,0,1,1
eclipse.pde.ui-20120217-1437,org.eclipse.pde.internal.ui.editor.validation,IControlValidator,getEnabled,0,1,0
eclipse.pde.ui-20120217-1437,org.eclipse.pde.internal.ui.editor.validation,IControlValidator,validate,0,1,0
eclipse.pde.ui-20120217-1437,org.eclipse.pde.internal.ui.editor.validation,IControlValidator,getControl,0,1,0
eclipse.pde.ui-20120217-1437,org.eclipse.pde.internal.ui.editor.validation,IControlValidator,isValid,0,1,0
eclipse.pde.ui-20120217-1437,org.eclipse.pde.internal.ui.editor.validation,IControlValidator,reset,0,1,0
eclipse.pde.ui-20120217-1437,org.eclipse.pde.internal.ui.editor.validation,IControlValidator,setRefresh,0,1,1
eclipse.pde.ui-20120217-1437,org.eclipse.pde.internal.ui.editor.validation,IValidatorMessageHandler,addMessage,0,1,3
eclipse.pde.ui-20120217-1437,org.eclipse.pde.internal.ui.editor.validation,IValidatorMessageHandler,addMessage,0,1,2
eclipse.pde.ui-20120217-1437,org.eclipse.pde.internal.ui.editor.validation,IValidatorMessageHandler,removeMessage,0,1,1
eclipse.pde.ui-20120217-1437,org.eclipse.pde.internal.ui.editor.validation,IValidatorMessageHandler,setMessagePrefix,0,1,1
eclipse.pde.ui-20120217-1437,org.eclipse.pde.internal.ui.editor.validation,IValidatorMessageHandler,getManagedForm,0,1,0
eclipse.pde.ui-20120217-1437,org.eclipse.pde.internal.ui.editor.validation,IValidatorMessageHandler,getMessageManager,0,1,0
eclipse.pde.ui-20120217-1437,org.eclipse.pde.internal.ui.editor.validation,IValidatorMessageHandler,getMessagePrefix,0,1,0
eclipse.pde.ui-20120217-1437,org.eclipse.pde.internal.ui.editor.validation,TextValidator,TextValidator,5,1,4
eclipse.pde.ui-20120217-1437,org.eclipse.pde.internal.ui.editor.validation,TextValidator,intialize,10,3,0
eclipse.pde.ui-20120217-1437,org.eclipse.pde.internal.ui.editor.validation,TextValidator,setEnabled,15,4,1
eclipse.pde.ui-20120217-1437,org.eclipse.pde.internal.ui.editor.validation,TextValidator,createListeners,8,1,0
eclipse.pde.ui-20120217-1437,org.eclipse.pde.internal.ui.editor.validation,TextValidator,modifyText,3,1,1
eclipse.pde.ui-20120217-1437,org.eclipse.pde.internal.ui.editor.validation,TextValidator,handleModifyTextEvent,8,2,1
eclipse.pde.ui-20120217-1437,org.eclipse.pde.internal.ui.editor.validation,TextValidator,addListeners,3,1,0
eclipse.pde.ui-20120217-1437,org.eclipse.pde.internal.ui.editor.validation,TextValidator,removeListeners,3,1,0
eclipse.pde.ui-20120217-1437,org.eclipse.pde.internal.ui.editor.validation,TextValidator,getText,3,1,0
eclipse.pde.ui-20120217-1437,org.eclipse.pde.internal.ui.editor.validation,TextValidator,autoEnable,6,2,0
eclipse.pde.ui-20120217-1437,org.eclipse.pde.internal.ui.elements,DefaultContentProvider,DefaultContentProvider,3,1,0
eclipse.pde.ui-20120217-1437,org.eclipse.pde.internal.ui.elements,DefaultContentProvider,dispose,2,1,0
eclipse.pde.ui-20120217-1437,org.eclipse.pde.internal.ui.elements,DefaultContentProvider,inputChanged,2,1,3
eclipse.pde.ui-20120217-1437,org.eclipse.pde.internal.ui.elements,DefaultElement,getChildren,3,1,0
eclipse.pde.ui-20120217-1437,org.eclipse.pde.internal.ui.elements,DefaultElement,getImage,3,1,0
eclipse.pde.ui-20120217-1437,org.eclipse.pde.internal.ui.elements,DefaultElement,getLabel,3,1,0
eclipse.pde.ui-20120217-1437,org.eclipse.pde.internal.ui.elements,DefaultElement,getParent,3,1,0
eclipse.pde.ui-20120217-1437,org.eclipse.pde.internal.ui.elements,ElementLabelProvider,ElementLabelProvider,3,1,0
eclipse.pde.ui-20120217-1437,org.eclipse.pde.internal.ui.elements,ElementLabelProvider,getImage,6,2,1
eclipse.pde.ui-20120217-1437,org.eclipse.pde.internal.ui.elements,ElementLabelProvider,getText,6,2,1
eclipse.pde.ui-20120217-1437,org.eclipse.pde.internal.ui.elements,ElementList,ElementList,3,1,1
eclipse.pde.ui-20120217-1437,org.eclipse.pde.internal.ui.elements,ElementList,ElementList,3,1,2
eclipse.pde.ui-20120217-1437,org.eclipse.pde.internal.ui.elements,ElementList,ElementList,3,1,3
eclipse.pde.ui-20120217-1437,org.eclipse.pde.internal.ui.elements,ElementList,add,3,1,1
eclipse.pde.ui-20120217-1437,org.eclipse.pde.internal.ui.elements,ElementList,getChildren,6,2,0
eclipse.pde.ui-20120217-1437,org.eclipse.pde.internal.ui.elements,ElementList,remove,3,1,1
eclipse.pde.ui-20120217-1437,org.eclipse.pde.internal.ui.elements,ElementList,size,3,1,0
eclipse.pde.ui-20120217-1437,org.eclipse.pde.internal.ui.elements,ElementList,toString,3,1,0
eclipse.pde.ui-20120217-1437,org.eclipse.pde.internal.ui.elements,IPDEElement,getChildren,0,1,0
eclipse.pde.ui-20120217-1437,org.eclipse.pde.internal.ui.elements,IPDEElement,getImage,0,1,0
eclipse.pde.ui-20120217-1437,org.eclipse.pde.internal.ui.elements,IPDEElement,getLabel,0,1,0
eclipse.pde.ui-20120217-1437,org.eclipse.pde.internal.ui.elements,IPDEElement,getParent,0,1,0
eclipse.pde.ui-20120217-1437,org.eclipse.pde.internal.ui.elements,ListContentProvider,ListContentProvider,3,1,0
eclipse.pde.ui-20120217-1437,org.eclipse.pde.internal.ui.elements,ListContentProvider,getElements,6,2,1
eclipse.pde.ui-20120217-1437,org.eclipse.pde.internal.ui.elements,NamedElement,NamedElement,3,1,1
eclipse.pde.ui-20120217-1437,org.eclipse.pde.internal.ui.elements,NamedElement,NamedElement,3,1,2
eclipse.pde.ui-20120217-1437,org.eclipse.pde.internal.ui.elements,NamedElement,NamedElement,5,1,3
eclipse.pde.ui-20120217-1437,org.eclipse.pde.internal.ui.elements,NamedElement,getImage,3,1,0
eclipse.pde.ui-20120217-1437,org.eclipse.pde.internal.ui.elements,NamedElement,getLabel,3,1,0
eclipse.pde.ui-20120217-1437,org.eclipse.pde.internal.ui.elements,NamedElement,getParent,3,1,0
eclipse.pde.ui-20120217-1437,org.eclipse.pde.internal.ui.elements,NamedElement,toString,3,1,0
eclipse.pde.ui-20120217-1437,org.eclipse.pde.internal.ui.elements,TreeContentProvider,TreeContentProvider,3,1,0
eclipse.pde.ui-20120217-1437,org.eclipse.pde.internal.ui.elements,TreeContentProvider,dispose,2,1,0
eclipse.pde.ui-20120217-1437,org.eclipse.pde.internal.ui.elements,TreeContentProvider,getChildren,6,2,1
eclipse.pde.ui-20120217-1437,org.eclipse.pde.internal.ui.elements,TreeContentProvider,getElements,6,2,1
eclipse.pde.ui-20120217-1437,org.eclipse.pde.internal.ui.elements,TreeContentProvider,getParent,6,2,1
eclipse.pde.ui-20120217-1437,org.eclipse.pde.internal.ui.elements,TreeContentProvider,hasChildren,7,2,1
eclipse.pde.ui-20120217-1437,org.eclipse.pde.internal.ui.elements,TreeContentProvider,inputChanged,2,1,3
eclipse.pde.ui-20120217-1437,org.eclipse.pde.internal.ui.elements,TreeContentProvider,isDeleted,3,1,1
eclipse.pde.ui-20120217-1437,org.eclipse.pde.internal.ui.launcher,AbstractPluginBlock,PluginModelNameBuffer,4,1,0
eclipse.pde.ui-20120217-1437,org.eclipse.pde.internal.ui.launcher,AbstractPluginBlock,add,3,1,1
eclipse.pde.ui-20120217-1437,org.eclipse.pde.internal.ui.launcher,AbstractPluginBlock,getPluginName,9,2,1
eclipse.pde.ui-20120217-1437,org.eclipse.pde.internal.ui.launcher,AbstractPluginBlock,toString,11,4,0
eclipse.pde.ui-20120217-1437,org.eclipse.pde.internal.ui.launcher,AbstractPluginBlock,getColumnImage,3,1,2
eclipse.pde.ui-20120217-1437,org.eclipse.pde.internal.ui.launcher,AbstractPluginBlock,getColumnText,15,6,2
eclipse.pde.ui-20120217-1437,org.eclipse.pde.internal.ui.launcher,AbstractPluginBlock,filterAffectingControl,29,8,1
eclipse.pde.ui-20120217-1437,org.eclipse.pde.internal.ui.launcher,AbstractPluginBlock,widgetSelected,13,5,1
eclipse.pde.ui-20120217-1437,org.eclipse.pde.internal.ui.launcher,AbstractPluginBlock,hasChildren,3,1,1
eclipse.pde.ui-20120217-1437,org.eclipse.pde.internal.ui.launcher,AbstractPluginBlock,getChildren,5,3,1
eclipse.pde.ui-20120217-1437,org.eclipse.pde.internal.ui.launcher,AbstractPluginBlock,getParent,7,2,1
eclipse.pde.ui-20120217-1437,org.eclipse.pde.internal.ui.launcher,AbstractPluginBlock,getElements,6,3,1
eclipse.pde.ui-20120217-1437,org.eclipse.pde.internal.ui.launcher,AbstractPluginBlock,AbstractPluginBlock,4,1,1
eclipse.pde.ui-20120217-1437,org.eclipse.pde.internal.ui.launcher,AbstractPluginBlock,getExternalModels,23,6,0
eclipse.pde.ui-20120217-1437,org.eclipse.pde.internal.ui.launcher,AbstractPluginBlock,getWorkspaceModels,13,4,0
eclipse.pde.ui-20120217-1437,org.eclipse.pde.internal.ui.launcher,AbstractPluginBlock,updateCounter,7,2,0
eclipse.pde.ui-20120217-1437,org.eclipse.pde.internal.ui.launcher,AbstractPluginBlock,createControl,16,1,3
eclipse.pde.ui-20120217-1437,org.eclipse.pde.internal.ui.launcher,AbstractPluginBlock,createButton,11,1,4
eclipse.pde.ui-20120217-1437,org.eclipse.pde.internal.ui.launcher,AbstractPluginBlock,getLabelProvider,3,1,0
eclipse.pde.ui-20120217-1437,org.eclipse.pde.internal.ui.launcher,AbstractPluginBlock,createPluginViewer,85,8,3
eclipse.pde.ui-20120217-1437,org.eclipse.pde.internal.ui.launcher,AbstractPluginBlock,preRefresh,15,3,2
eclipse.pde.ui-20120217-1437,org.eclipse.pde.internal.ui.launcher,AbstractPluginBlock,checkStateChanged,11,4,1
eclipse.pde.ui-20120217-1437,org.eclipse.pde.internal.ui.launcher,AbstractPluginBlock,checkStateChanged,10,2,1
eclipse.pde.ui-20120217-1437,org.eclipse.pde.internal.ui.launcher,AbstractPluginBlock,category,4,2,1
eclipse.pde.ui-20120217-1437,org.eclipse.pde.internal.ui.launcher,AbstractPluginBlock,createEditors,56,8,0
eclipse.pde.ui-20120217-1437,org.eclipse.pde.internal.ui.launcher,AbstractPluginBlock,widgetSelected,42,7,1
eclipse.pde.ui-20120217-1437,org.eclipse.pde.internal.ui.launcher,AbstractPluginBlock,modifyText,8,2,1
eclipse.pde.ui-20120217-1437,org.eclipse.pde.internal.ui.launcher,AbstractPluginBlock,widgetSelected,7,2,1
eclipse.pde.ui-20120217-1437,org.eclipse.pde.internal.ui.launcher,AbstractPluginBlock,isEditable,9,3,1
eclipse.pde.ui-20120217-1437,org.eclipse.pde.internal.ui.launcher,AbstractPluginBlock,isFragment,7,2,1
eclipse.pde.ui-20120217-1437,org.eclipse.pde.internal.ui.launcher,AbstractPluginBlock,select,6,2,3
eclipse.pde.ui-20120217-1437,org.eclipse.pde.internal.ui.launcher,AbstractPluginBlock,createButtonContainer,19,1,2
eclipse.pde.ui-20120217-1437,org.eclipse.pde.internal.ui.launcher,AbstractPluginBlock,getTreeViewerStyle,3,1,0
eclipse.pde.ui-20120217-1437,org.eclipse.pde.internal.ui.launcher,AbstractPluginBlock,createButton,8,1,3
eclipse.pde.ui-20120217-1437,org.eclipse.pde.internal.ui.launcher,AbstractPluginBlock,handleCheckStateChanged,21,4,1
eclipse.pde.ui-20120217-1437,org.eclipse.pde.internal.ui.launcher,AbstractPluginBlock,setText,25,4,2
eclipse.pde.ui-20120217-1437,org.eclipse.pde.internal.ui.launcher,AbstractPluginBlock,resetText,23,4,1
eclipse.pde.ui-20120217-1437,org.eclipse.pde.internal.ui.launcher,AbstractPluginBlock,handleGroupStateChanged,24,9,2
eclipse.pde.ui-20120217-1437,org.eclipse.pde.internal.ui.launcher,AbstractPluginBlock,toggleGroups,4,1,1
eclipse.pde.ui-20120217-1437,org.eclipse.pde.internal.ui.launcher,AbstractPluginBlock,handleFilterButton,4,1,0
eclipse.pde.ui-20120217-1437,org.eclipse.pde.internal.ui.launcher,AbstractPluginBlock,handleWorkingSets,18,6,0
eclipse.pde.ui-20120217-1437,org.eclipse.pde.internal.ui.launcher,AbstractPluginBlock,setChecked,4,1,2
eclipse.pde.ui-20120217-1437,org.eclipse.pde.internal.ui.launcher,AbstractPluginBlock,getPluginIDs,20,7,1
eclipse.pde.ui-20120217-1437,org.eclipse.pde.internal.ui.launcher,AbstractPluginBlock,initializeFrom,17,3,2
eclipse.pde.ui-20120217-1437,org.eclipse.pde.internal.ui.launcher,AbstractPluginBlock,addRequiredPlugins,26,9,0
eclipse.pde.ui-20120217-1437,org.eclipse.pde.internal.ui.launcher,AbstractPluginBlock,findPlugin,17,7,1
eclipse.pde.ui-20120217-1437,org.eclipse.pde.internal.ui.launcher,AbstractPluginBlock,setCheckedElements,5,1,1
eclipse.pde.ui-20120217-1437,org.eclipse.pde.internal.ui.launcher,AbstractPluginBlock,updateGroup,15,5,1
eclipse.pde.ui-20120217-1437,org.eclipse.pde.internal.ui.launcher,AbstractPluginBlock,adjustGroupState,6,1,0
eclipse.pde.ui-20120217-1437,org.eclipse.pde.internal.ui.launcher,AbstractPluginBlock,performApply,8,1,1
eclipse.pde.ui-20120217-1437,org.eclipse.pde.internal.ui.launcher,AbstractPluginBlock,savePluginState,0,1,1
eclipse.pde.ui-20120217-1437,org.eclipse.pde.internal.ui.launcher,AbstractPluginBlock,setDefaults,6,1,1
eclipse.pde.ui-20120217-1437,org.eclipse.pde.internal.ui.launcher,AbstractPluginBlock,enableViewer,13,1,1
eclipse.pde.ui-20120217-1437,org.eclipse.pde.internal.ui.launcher,AbstractPluginBlock,dispose,4,1,0
eclipse.pde.ui-20120217-1437,org.eclipse.pde.internal.ui.launcher,AbstractPluginBlock,isEnabled,3,1,0
eclipse.pde.ui-20120217-1437,org.eclipse.pde.internal.ui.launcher,AbstractPluginBlock,handleRestoreDefaults,29,7,0
eclipse.pde.ui-20120217-1437,org.eclipse.pde.internal.ui.launcher,AbstractPluginBlock,getShell,9,2,0
eclipse.pde.ui-20120217-1437,org.eclipse.pde.internal.ui.launcher,AbstractPluginBlock,handleValidate,31,6,0
eclipse.pde.ui-20120217-1437,org.eclipse.pde.internal.ui.launcher,AbstractPluginBlock,setVisible,8,3,1
eclipse.pde.ui-20120217-1437,org.eclipse.pde.internal.ui.launcher,AbstractPluginBlock,createValidationOperation,0,1,0
eclipse.pde.ui-20120217-1437,org.eclipse.pde.internal.ui.launcher,AbstractPluginBlock,refreshTreeView,14,4,1
eclipse.pde.ui-20120217-1437,org.eclipse.pde.internal.ui.launcher,AbstractPluginBlock,resetGroup,14,5,1
eclipse.pde.ui-20120217-1437,org.eclipse.pde.internal.ui.launcher,PluginModelNameBuffer,PluginModelNameBuffer,4,1,0
eclipse.pde.ui-20120217-1437,org.eclipse.pde.internal.ui.launcher,PluginModelNameBuffer,add,3,1,1
eclipse.pde.ui-20120217-1437,org.eclipse.pde.internal.ui.launcher,PluginModelNameBuffer,getPluginName,9,2,1
eclipse.pde.ui-20120217-1437,org.eclipse.pde.internal.ui.launcher,PluginModelNameBuffer,toString,11,4,0
eclipse.pde.ui-20120217-1437,org.eclipse.pde.internal.ui.launcher,OSGiLabelProvider,getColumnImage,3,1,2
eclipse.pde.ui-20120217-1437,org.eclipse.pde.internal.ui.launcher,OSGiLabelProvider,getColumnText,15,6,2
eclipse.pde.ui-20120217-1437,org.eclipse.pde.internal.ui.launcher,Listener,filterAffectingControl,29,8,1
eclipse.pde.ui-20120217-1437,org.eclipse.pde.internal.ui.launcher,Listener,widgetSelected,13,5,1
eclipse.pde.ui-20120217-1437,org.eclipse.pde.internal.ui.launcher,PluginContentProvider,hasChildren,3,1,1
eclipse.pde.ui-20120217-1437,org.eclipse.pde.internal.ui.launcher,PluginContentProvider,getChildren,5,3,1
eclipse.pde.ui-20120217-1437,org.eclipse.pde.internal.ui.launcher,PluginContentProvider,getParent,7,2,1
eclipse.pde.ui-20120217-1437,org.eclipse.pde.internal.ui.launcher,PluginContentProvider,getElements,6,3,1
eclipse.pde.ui-20120217-1437,org.eclipse.pde.internal.ui.launcher,Filter,select,6,2,3
eclipse.pde.ui-20120217-1437,org.eclipse.pde.internal.ui.launcher,ApplicationSelectionDialog,ApplicationSelectionDialog,5,1,3
eclipse.pde.ui-20120217-1437,org.eclipse.pde.internal.ui.launcher,ApplicationSelectionDialog,configureShell,4,1,1
eclipse.pde.ui-20120217-1437,org.eclipse.pde.internal.ui.launcher,ApplicationSelectionDialog,createButtonsForButtonBar,4,1,1
eclipse.pde.ui-20120217-1437,org.eclipse.pde.internal.ui.launcher,ApplicationSelectionDialog,createDialogArea,22,3,1
eclipse.pde.ui-20120217-1437,org.eclipse.pde.internal.ui.launcher,ApplicationSelectionDialog,okPressed,4,1,0
eclipse.pde.ui-20120217-1437,org.eclipse.pde.internal.ui.launcher,ApplicationSelectionDialog,getSelectedApplication,4,2,0
eclipse.pde.ui-20120217-1437,org.eclipse.pde.internal.ui.launcher,BaseBlock,widgetSelected,15,5,1
eclipse.pde.ui-20120217-1437,org.eclipse.pde.internal.ui.launcher,BaseBlock,modifyText,3,2,1
eclipse.pde.ui-20120217-1437,org.eclipse.pde.internal.ui.launcher,BaseBlock,BaseBlock,3,1,1
eclipse.pde.ui-20120217-1437,org.eclipse.pde.internal.ui.launcher,BaseBlock,createText,28,3,3
eclipse.pde.ui-20120217-1437,org.eclipse.pde.internal.ui.launcher,BaseBlock,widgetSelected,11,2,1
eclipse.pde.ui-20120217-1437,org.eclipse.pde.internal.ui.launcher,BaseBlock,createButtons,5,1,2
eclipse.pde.ui-20120217-1437,org.eclipse.pde.internal.ui.launcher,BaseBlock,createButton,8,1,2
eclipse.pde.ui-20120217-1437,org.eclipse.pde.internal.ui.launcher,BaseBlock,handleBrowseFileSystem,8,2,0
eclipse.pde.ui-20120217-1437,org.eclipse.pde.internal.ui.launcher,BaseBlock,handleBrowseWorkspace,9,3,0
eclipse.pde.ui-20120217-1437,org.eclipse.pde.internal.ui.launcher,BaseBlock,getContainer,27,5,0
eclipse.pde.ui-20120217-1437,org.eclipse.pde.internal.ui.launcher,BaseBlock,handleInsertVariable,4,2,0
eclipse.pde.ui-20120217-1437,org.eclipse.pde.internal.ui.launcher,BaseBlock,getLocation,3,1,0
eclipse.pde.ui-20120217-1437,org.eclipse.pde.internal.ui.launcher,BaseBlock,validate,3,1,0
eclipse.pde.ui-20120217-1437,org.eclipse.pde.internal.ui.launcher,BaseBlock,getName,0,1,0
eclipse.pde.ui-20120217-1437,org.eclipse.pde.internal.ui.launcher,BaseBlock,isFile,0,1,0
eclipse.pde.ui-20120217-1437,org.eclipse.pde.internal.ui.launcher,BaseBlock,enableBrowseSection,8,2,1
eclipse.pde.ui-20120217-1437,org.eclipse.pde.internal.ui.launcher,Listener,widgetSelected,15,5,1
eclipse.pde.ui-20120217-1437,org.eclipse.pde.internal.ui.launcher,Listener,modifyText,3,2,1
eclipse.pde.ui-20120217-1437,org.eclipse.pde.internal.ui.launcher,BlockAdapter,BlockAdapter,6,1,2
eclipse.pde.ui-20120217-1437,org.eclipse.pde.internal.ui.launcher,BlockAdapter,createControl,9,1,3
eclipse.pde.ui-20120217-1437,org.eclipse.pde.internal.ui.launcher,BlockAdapter,initializeFrom,9,2,2
eclipse.pde.ui-20120217-1437,org.eclipse.pde.internal.ui.launcher,BlockAdapter,initializeFrom,9,3,1
eclipse.pde.ui-20120217-1437,org.eclipse.pde.internal.ui.launcher,BlockAdapter,performApply,8,2,1
eclipse.pde.ui-20120217-1437,org.eclipse.pde.internal.ui.launcher,BlockAdapter,setDefaults,8,2,1
eclipse.pde.ui-20120217-1437,org.eclipse.pde.internal.ui.launcher,BlockAdapter,enableViewer,2,1,1
eclipse.pde.ui-20120217-1437,org.eclipse.pde.internal.ui.launcher,BlockAdapter,dispose,4,1,0
eclipse.pde.ui-20120217-1437,org.eclipse.pde.internal.ui.launcher,BlockAdapter,initialize,10,3,1
eclipse.pde.ui-20120217-1437,org.eclipse.pde.internal.ui.launcher,BlockAdapter,setActiveBlock,38,9,1
eclipse.pde.ui-20120217-1437,org.eclipse.pde.internal.ui.launcher,ConfigurationAreaBlock,ConfigurationAreaBlock,3,1,1
eclipse.pde.ui-20120217-1437,org.eclipse.pde.internal.ui.launcher,ConfigurationAreaBlock,createControl,43,4,1
eclipse.pde.ui-20120217-1437,org.eclipse.pde.internal.ui.launcher,ConfigurationAreaBlock,widgetSelected,8,3,1
eclipse.pde.ui-20120217-1437,org.eclipse.pde.internal.ui.launcher,ConfigurationAreaBlock,modifyText,5,2,1
eclipse.pde.ui-20120217-1437,org.eclipse.pde.internal.ui.launcher,ConfigurationAreaBlock,initializeFrom,16,3,1
eclipse.pde.ui-20120217-1437,org.eclipse.pde.internal.ui.launcher,ConfigurationAreaBlock,performApply,8,2,1
eclipse.pde.ui-20120217-1437,org.eclipse.pde.internal.ui.launcher,ConfigurationAreaBlock,setDefaults,13,2,2
eclipse.pde.ui-20120217-1437,org.eclipse.pde.internal.ui.launcher,ConfigurationAreaBlock,getName,3,1,0
eclipse.pde.ui-20120217-1437,org.eclipse.pde.internal.ui.launcher,ConfigurationAreaBlock,isFile,3,1,0
eclipse.pde.ui-20120217-1437,org.eclipse.pde.internal.ui.launcher,ConfigurationAreaBlock,validate,4,2,0
eclipse.pde.ui-20120217-1437,org.eclipse.pde.internal.ui.launcher,ConfigurationTemplateBlock,ConfigurationTemplateBlock,3,1,1
eclipse.pde.ui-20120217-1437,org.eclipse.pde.internal.ui.launcher,ConfigurationTemplateBlock,createControl,36,2,1
eclipse.pde.ui-20120217-1437,org.eclipse.pde.internal.ui.launcher,ConfigurationTemplateBlock,widgetSelected,6,2,1
eclipse.pde.ui-20120217-1437,org.eclipse.pde.internal.ui.launcher,ConfigurationTemplateBlock,initializeFrom,9,2,1
eclipse.pde.ui-20120217-1437,org.eclipse.pde.internal.ui.launcher,ConfigurationTemplateBlock,performApply,4,2,1
eclipse.pde.ui-20120217-1437,org.eclipse.pde.internal.ui.launcher,ConfigurationTemplateBlock,setDefaults,4,1,1
eclipse.pde.ui-20120217-1437,org.eclipse.pde.internal.ui.launcher,ConfigurationTemplateBlock,getName,3,1,0
eclipse.pde.ui-20120217-1437,org.eclipse.pde.internal.ui.launcher,ConfigurationTemplateBlock,isFile,3,1,0
eclipse.pde.ui-20120217-1437,org.eclipse.pde.internal.ui.launcher,ConfigurationTemplateBlock,handleBrowseWorkspace,21,4,0
eclipse.pde.ui-20120217-1437,org.eclipse.pde.internal.ui.launcher,ConfigurationTemplateBlock,validate,4,2,1
eclipse.pde.ui-20120217-1437,org.eclipse.pde.internal.ui.launcher,ConfigurationTemplateBlock,getFile,25,5,0
eclipse.pde.ui-20120217-1437,org.eclipse.pde.internal.ui.launcher,ConfigurationTemplateBlock,handleBrowseFileSystem,8,2,0
eclipse.pde.ui-20120217-1437,org.eclipse.pde.internal.ui.launcher,ConfigurationTemplateBlock,getLocation,10,1,0
eclipse.pde.ui-20120217-1437,org.eclipse.pde.internal.ui.launcher,ConfigurationTemplateBlock,validate,4,2,0
eclipse.pde.ui-20120217-1437,org.eclipse.pde.internal.ui.launcher,FeatureBlock,getColumnImage,33,11,2
eclipse.pde.ui-20120217-1437,org.eclipse.pde.internal.ui.launcher,FeatureBlock,getColumnText,24,8,2
eclipse.pde.ui-20120217-1437,org.eclipse.pde.internal.ui.launcher,FeatureBlock,update,15,3,1
eclipse.pde.ui-20120217-1437,org.eclipse.pde.internal.ui.launcher,FeatureBlock,getStyledText,22,5,1
eclipse.pde.ui-20120217-1437,org.eclipse.pde.internal.ui.launcher,FeatureBlock,getImage,3,1,1
eclipse.pde.ui-20120217-1437,org.eclipse.pde.internal.ui.launcher,FeatureBlock,getText,6,2,1
eclipse.pde.ui-20120217-1437,org.eclipse.pde.internal.ui.launcher,FeatureBlock,widgetSelected,34,12,1
eclipse.pde.ui-20120217-1437,org.eclipse.pde.internal.ui.launcher,FeatureBlock,handleSelectFeatures,29,7,0
eclipse.pde.ui-20120217-1437,org.eclipse.pde.internal.ui.launcher,FeatureBlock,handleFilterButton,9,2,0
eclipse.pde.ui-20120217-1437,org.eclipse.pde.internal.ui.launcher,FeatureBlock,handleRemovePlugin,19,2,0
eclipse.pde.ui-20120217-1437,org.eclipse.pde.internal.ui.launcher,FeatureBlock,handleAddPlugin,30,6,0
eclipse.pde.ui-20120217-1437,org.eclipse.pde.internal.ui.launcher,FeatureBlock,getAvailablePlugins,18,5,0
eclipse.pde.ui-20120217-1437,org.eclipse.pde.internal.ui.launcher,FeatureBlock,handleValidate,37,6,0
eclipse.pde.ui-20120217-1437,org.eclipse.pde.internal.ui.launcher,FeatureBlock,getModels,4,1,0
eclipse.pde.ui-20120217-1437,org.eclipse.pde.internal.ui.launcher,FeatureBlock,getShell,9,2,0
eclipse.pde.ui-20120217-1437,org.eclipse.pde.internal.ui.launcher,FeatureBlock,handleAddRequired,25,7,0
eclipse.pde.ui-20120217-1437,org.eclipse.pde.internal.ui.launcher,FeatureBlock,getFeatureDependencies,13,4,2
eclipse.pde.ui-20120217-1437,org.eclipse.pde.internal.ui.launcher,FeatureBlock,addFeature,9,3,2
eclipse.pde.ui-20120217-1437,org.eclipse.pde.internal.ui.launcher,FeatureBlock,handleColumn,19,4,2
eclipse.pde.ui-20120217-1437,org.eclipse.pde.internal.ui.launcher,FeatureBlock,handleRestoreDefaults,23,3,0
eclipse.pde.ui-20120217-1437,org.eclipse.pde.internal.ui.launcher,FeatureBlock,handleSelectAll,10,2,1
eclipse.pde.ui-20120217-1437,org.eclipse.pde.internal.ui.launcher,FeatureBlock,canModify,6,2,2
eclipse.pde.ui-20120217-1437,org.eclipse.pde.internal.ui.launcher,FeatureBlock,getValue,13,4,2
eclipse.pde.ui-20120217-1437,org.eclipse.pde.internal.ui.launcher,FeatureBlock,getLocationIndex,12,4,1
eclipse.pde.ui-20120217-1437,org.eclipse.pde.internal.ui.launcher,FeatureBlock,modify,23,6,3
eclipse.pde.ui-20120217-1437,org.eclipse.pde.internal.ui.launcher,FeatureBlock,getLocation,14,4,1
eclipse.pde.ui-20120217-1437,org.eclipse.pde.internal.ui.launcher,FeatureBlock,getElements,9,3,1
eclipse.pde.ui-20120217-1437,org.eclipse.pde.internal.ui.launcher,FeatureBlock,dispose,2,1,0
eclipse.pde.ui-20120217-1437,org.eclipse.pde.internal.ui.launcher,FeatureBlock,inputChanged,2,1,3
eclipse.pde.ui-20120217-1437,org.eclipse.pde.internal.ui.launcher,FeatureBlock,getChildren,6,2,1
eclipse.pde.ui-20120217-1437,org.eclipse.pde.internal.ui.launcher,FeatureBlock,getParent,4,2,1
eclipse.pde.ui-20120217-1437,org.eclipse.pde.internal.ui.launcher,FeatureBlock,hasChildren,4,2,1
eclipse.pde.ui-20120217-1437,org.eclipse.pde.internal.ui.launcher,FeatureBlock,TreeSorter,4,1,2
eclipse.pde.ui-20120217-1437,org.eclipse.pde.internal.ui.launcher,FeatureBlock,compare,10,3,3
eclipse.pde.ui-20120217-1437,org.eclipse.pde.internal.ui.launcher,FeatureBlock,PluginLaunchModel,4,1,2
eclipse.pde.ui-20120217-1437,org.eclipse.pde.internal.ui.launcher,FeatureBlock,getPluginModelBase,3,1,0
eclipse.pde.ui-20120217-1437,org.eclipse.pde.internal.ui.launcher,FeatureBlock,getPluginResolution,3,1,0
eclipse.pde.ui-20120217-1437,org.eclipse.pde.internal.ui.launcher,FeatureBlock,setPluginResolution,3,1,1
eclipse.pde.ui-20120217-1437,org.eclipse.pde.internal.ui.launcher,FeatureBlock,getPluginModelId,3,1,0
eclipse.pde.ui-20120217-1437,org.eclipse.pde.internal.ui.launcher,FeatureBlock,getPluginModelVersion,3,1,0
eclipse.pde.ui-20120217-1437,org.eclipse.pde.internal.ui.launcher,FeatureBlock,FeatureLaunchModel,5,1,2
eclipse.pde.ui-20120217-1437,org.eclipse.pde.internal.ui.launcher,FeatureBlock,setWorkspaceModel,3,1,1
eclipse.pde.ui-20120217-1437,org.eclipse.pde.internal.ui.launcher,FeatureBlock,setTargetModel,3,1,1
eclipse.pde.ui-20120217-1437,org.eclipse.pde.internal.ui.launcher,FeatureBlock,setPluginResolution,3,1,1
eclipse.pde.ui-20120217-1437,org.eclipse.pde.internal.ui.launcher,FeatureBlock,getId,9,3,0
eclipse.pde.ui-20120217-1437,org.eclipse.pde.internal.ui.launcher,FeatureBlock,getVersion,9,3,0
eclipse.pde.ui-20120217-1437,org.eclipse.pde.internal.ui.launcher,FeatureBlock,getModel,12,4,1
eclipse.pde.ui-20120217-1437,org.eclipse.pde.internal.ui.launcher,FeatureBlock,getResolutionValue,3,1,0
eclipse.pde.ui-20120217-1437,org.eclipse.pde.internal.ui.launcher,FeatureBlock,toString,9,3,0
eclipse.pde.ui-20120217-1437,org.eclipse.pde.internal.ui.launcher,FeatureBlock,getResolutionLabel,12,4,1
eclipse.pde.ui-20120217-1437,org.eclipse.pde.internal.ui.launcher,FeatureBlock,FeatureBlock,5,1,1
eclipse.pde.ui-20120217-1437,org.eclipse.pde.internal.ui.launcher,FeatureBlock,createControl,31,1,3
eclipse.pde.ui-20120217-1437,org.eclipse.pde.internal.ui.launcher,FeatureBlock,select,3,1,3
eclipse.pde.ui-20120217-1437,org.eclipse.pde.internal.ui.launcher,FeatureBlock,dispose,4,1,0
eclipse.pde.ui-20120217-1437,org.eclipse.pde.internal.ui.launcher,FeatureBlock,createCheckBoxTree,126,11,1
eclipse.pde.ui-20120217-1437,org.eclipse.pde.internal.ui.launcher,FeatureBlock,isElementVisible,9,3,2
eclipse.pde.ui-20120217-1437,org.eclipse.pde.internal.ui.launcher,FeatureBlock,doCreateRefreshJob,21,2,0
eclipse.pde.ui-20120217-1437,org.eclipse.pde.internal.ui.launcher,FeatureBlock,done,14,2,1
eclipse.pde.ui-20120217-1437,org.eclipse.pde.internal.ui.launcher,FeatureBlock,run,7,1,0
eclipse.pde.ui-20120217-1437,org.eclipse.pde.internal.ui.launcher,FeatureBlock,checkStateChanged,4,1,1
eclipse.pde.ui-20120217-1437,org.eclipse.pde.internal.ui.launcher,FeatureBlock,doubleClick,9,2,1
eclipse.pde.ui-20120217-1437,org.eclipse.pde.internal.ui.launcher,FeatureBlock,selectionChanged,11,3,1
eclipse.pde.ui-20120217-1437,org.eclipse.pde.internal.ui.launcher,FeatureBlock,keyReleased,27,5,1
eclipse.pde.ui-20120217-1437,org.eclipse.pde.internal.ui.launcher,FeatureBlock,createButtonContainer,35,1,2
eclipse.pde.ui-20120217-1437,org.eclipse.pde.internal.ui.launcher,FeatureBlock,initialize,3,1,0
eclipse.pde.ui-20120217-1437,org.eclipse.pde.internal.ui.launcher,FeatureBlock,initializeFrom,33,4,1
eclipse.pde.ui-20120217-1437,org.eclipse.pde.internal.ui.launcher,FeatureBlock,performApply,9,1,1
eclipse.pde.ui-20120217-1437,org.eclipse.pde.internal.ui.launcher,FeatureBlock,savePluginState,30,6,1
eclipse.pde.ui-20120217-1437,org.eclipse.pde.internal.ui.launcher,FeatureBlock,saveSortOrder,10,1,0
eclipse.pde.ui-20120217-1437,org.eclipse.pde.internal.ui.launcher,FeatureBlock,setDefaults,6,1,1
eclipse.pde.ui-20120217-1437,org.eclipse.pde.internal.ui.launcher,FeatureBlock,updateCounter,7,2,0
eclipse.pde.ui-20120217-1437,org.eclipse.pde.internal.ui.launcher,FeatureBlock,setVisible,8,3,1
eclipse.pde.ui-20120217-1437,org.eclipse.pde.internal.ui.launcher,FeatureBlock,setInput,69,12,2
eclipse.pde.ui-20120217-1437,org.eclipse.pde.internal.ui.launcher,FeatureTreeLabelProvider,getColumnImage,33,11,2
eclipse.pde.ui-20120217-1437,org.eclipse.pde.internal.ui.launcher,FeatureTreeLabelProvider,getColumnText,24,8,2
eclipse.pde.ui-20120217-1437,org.eclipse.pde.internal.ui.launcher,FeatureTreeLabelProvider,update,15,3,1
eclipse.pde.ui-20120217-1437,org.eclipse.pde.internal.ui.launcher,FeatureTreeLabelProvider,getStyledText,22,5,1
eclipse.pde.ui-20120217-1437,org.eclipse.pde.internal.ui.launcher,FeatureTreeLabelProvider,getImage,3,1,1
eclipse.pde.ui-20120217-1437,org.eclipse.pde.internal.ui.launcher,FeatureTreeLabelProvider,getText,6,2,1
eclipse.pde.ui-20120217-1437,org.eclipse.pde.internal.ui.launcher,ButtonSelectionListener,widgetSelected,34,12,1
eclipse.pde.ui-20120217-1437,org.eclipse.pde.internal.ui.launcher,ButtonSelectionListener,handleSelectFeatures,29,7,0
eclipse.pde.ui-20120217-1437,org.eclipse.pde.internal.ui.launcher,ButtonSelectionListener,handleFilterButton,9,2,0
eclipse.pde.ui-20120217-1437,org.eclipse.pde.internal.ui.launcher,ButtonSelectionListener,handleRemovePlugin,19,2,0
eclipse.pde.ui-20120217-1437,org.eclipse.pde.internal.ui.launcher,ButtonSelectionListener,handleAddPlugin,30,6,0
eclipse.pde.ui-20120217-1437,org.eclipse.pde.internal.ui.launcher,ButtonSelectionListener,getAvailablePlugins,18,5,0
eclipse.pde.ui-20120217-1437,org.eclipse.pde.internal.ui.launcher,ButtonSelectionListener,handleValidate,37,6,0
eclipse.pde.ui-20120217-1437,org.eclipse.pde.internal.ui.launcher,ButtonSelectionListener,getModels,4,1,0
eclipse.pde.ui-20120217-1437,org.eclipse.pde.internal.ui.launcher,ButtonSelectionListener,getShell,9,2,0
eclipse.pde.ui-20120217-1437,org.eclipse.pde.internal.ui.launcher,ButtonSelectionListener,handleAddRequired,25,7,0
eclipse.pde.ui-20120217-1437,org.eclipse.pde.internal.ui.launcher,ButtonSelectionListener,getFeatureDependencies,13,4,2
eclipse.pde.ui-20120217-1437,org.eclipse.pde.internal.ui.launcher,ButtonSelectionListener,addFeature,9,3,2
eclipse.pde.ui-20120217-1437,org.eclipse.pde.internal.ui.launcher,ButtonSelectionListener,handleColumn,19,4,2
eclipse.pde.ui-20120217-1437,org.eclipse.pde.internal.ui.launcher,ButtonSelectionListener,handleRestoreDefaults,23,3,0
eclipse.pde.ui-20120217-1437,org.eclipse.pde.internal.ui.launcher,ButtonSelectionListener,handleSelectAll,10,2,1
eclipse.pde.ui-20120217-1437,org.eclipse.pde.internal.ui.launcher,LocationCellModifier,canModify,6,2,2
eclipse.pde.ui-20120217-1437,org.eclipse.pde.internal.ui.launcher,LocationCellModifier,getValue,13,4,2
eclipse.pde.ui-20120217-1437,org.eclipse.pde.internal.ui.launcher,LocationCellModifier,getLocationIndex,12,4,1
eclipse.pde.ui-20120217-1437,org.eclipse.pde.internal.ui.launcher,LocationCellModifier,modify,23,6,3
eclipse.pde.ui-20120217-1437,org.eclipse.pde.internal.ui.launcher,LocationCellModifier,getLocation,14,4,1
eclipse.pde.ui-20120217-1437,org.eclipse.pde.internal.ui.launcher,PluginContentProvider,getElements,9,3,1
eclipse.pde.ui-20120217-1437,org.eclipse.pde.internal.ui.launcher,PluginContentProvider,dispose,2,1,0
eclipse.pde.ui-20120217-1437,org.eclipse.pde.internal.ui.launcher,PluginContentProvider,inputChanged,2,1,3
eclipse.pde.ui-20120217-1437,org.eclipse.pde.internal.ui.launcher,PluginContentProvider,getChildren,6,2,1
eclipse.pde.ui-20120217-1437,org.eclipse.pde.internal.ui.launcher,PluginContentProvider,getParent,4,2,1
eclipse.pde.ui-20120217-1437,org.eclipse.pde.internal.ui.launcher,PluginContentProvider,hasChildren,4,2,1
eclipse.pde.ui-20120217-1437,org.eclipse.pde.internal.ui.launcher,TreeSorter,TreeSorter,4,1,2
eclipse.pde.ui-20120217-1437,org.eclipse.pde.internal.ui.launcher,TreeSorter,compare,10,3,3
eclipse.pde.ui-20120217-1437,org.eclipse.pde.internal.ui.launcher,PluginLaunchModel,PluginLaunchModel,4,1,2
eclipse.pde.ui-20120217-1437,org.eclipse.pde.internal.ui.launcher,PluginLaunchModel,getPluginModelBase,3,1,0
eclipse.pde.ui-20120217-1437,org.eclipse.pde.internal.ui.launcher,PluginLaunchModel,getPluginResolution,3,1,0
eclipse.pde.ui-20120217-1437,org.eclipse.pde.internal.ui.launcher,PluginLaunchModel,setPluginResolution,3,1,1
eclipse.pde.ui-20120217-1437,org.eclipse.pde.internal.ui.launcher,PluginLaunchModel,getPluginModelId,3,1,0
eclipse.pde.ui-20120217-1437,org.eclipse.pde.internal.ui.launcher,PluginLaunchModel,getPluginModelVersion,3,1,0
eclipse.pde.ui-20120217-1437,org.eclipse.pde.internal.ui.launcher,FeatureLaunchModel,FeatureLaunchModel,5,1,2
eclipse.pde.ui-20120217-1437,org.eclipse.pde.internal.ui.launcher,FeatureLaunchModel,setWorkspaceModel,3,1,1
eclipse.pde.ui-20120217-1437,org.eclipse.pde.internal.ui.launcher,FeatureLaunchModel,setTargetModel,3,1,1
eclipse.pde.ui-20120217-1437,org.eclipse.pde.internal.ui.launcher,FeatureLaunchModel,setPluginResolution,3,1,1
eclipse.pde.ui-20120217-1437,org.eclipse.pde.internal.ui.launcher,FeatureLaunchModel,getId,9,3,0
eclipse.pde.ui-20120217-1437,org.eclipse.pde.internal.ui.launcher,FeatureLaunchModel,getVersion,9,3,0
eclipse.pde.ui-20120217-1437,org.eclipse.pde.internal.ui.launcher,FeatureLaunchModel,getModel,12,4,1
eclipse.pde.ui-20120217-1437,org.eclipse.pde.internal.ui.launcher,FeatureLaunchModel,getResolutionValue,3,1,0
eclipse.pde.ui-20120217-1437,org.eclipse.pde.internal.ui.launcher,FeatureLaunchModel,toString,9,3,0
eclipse.pde.ui-20120217-1437,org.eclipse.pde.internal.ui.launcher,FilteredCheckboxTree,FilteredCheckboxTree,3,1,3
eclipse.pde.ui-20120217-1437,org.eclipse.pde.internal.ui.launcher,FilteredCheckboxTree,doCreateTreeViewer,3,1,2
eclipse.pde.ui-20120217-1437,org.eclipse.pde.internal.ui.launcher,FilteredCheckboxTree,doCreateRefreshJob,5,1,0
eclipse.pde.ui-20120217-1437,org.eclipse.pde.internal.ui.launcher,FilteredCheckboxTree,resetFilter,8,2,0
eclipse.pde.ui-20120217-1437,org.eclipse.pde.internal.ui.launcher,FilteredCheckboxTree,getTreeLocationOffset,9,2,0
eclipse.pde.ui-20120217-1437,org.eclipse.pde.internal.ui.launcher,FilteredCheckboxTree,preRefresh,0,1,2
eclipse.pde.ui-20120217-1437,org.eclipse.pde.internal.ui.launcher,FilteredCheckboxTree,FilteredCheckboxTreeItem,8,2,4
eclipse.pde.ui-20120217-1437,org.eclipse.pde.internal.ui.launcher,FilteredCheckboxTree,unmapAllElements,4,1,0
eclipse.pde.ui-20120217-1437,org.eclipse.pde.internal.ui.launcher,FilteredCheckboxTree,FilterableCheckboxTreeViewer,12,2,2
eclipse.pde.ui-20120217-1437,org.eclipse.pde.internal.ui.launcher,FilteredCheckboxTree,checkStateChanged,6,2,1
eclipse.pde.ui-20120217-1437,org.eclipse.pde.internal.ui.launcher,FilteredCheckboxTree,addPreRefreshNotifier,4,2,1
eclipse.pde.ui-20120217-1437,org.eclipse.pde.internal.ui.launcher,FilteredCheckboxTree,getChecked,14,7,1
eclipse.pde.ui-20120217-1437,org.eclipse.pde.internal.ui.launcher,FilteredCheckboxTree,getCheckedChildren,15,4,1
eclipse.pde.ui-20120217-1437,org.eclipse.pde.internal.ui.launcher,FilteredCheckboxTree,getCheckedElements,19,5,0
eclipse.pde.ui-20120217-1437,org.eclipse.pde.internal.ui.launcher,FilteredCheckboxTree,setChecked,7,2,2
eclipse.pde.ui-20120217-1437,org.eclipse.pde.internal.ui.launcher,FilteredCheckboxTree,setCheckedElements,18,5,1
eclipse.pde.ui-20120217-1437,org.eclipse.pde.internal.ui.launcher,FilteredCheckboxTree,setSubtreeChecked,19,5,2
eclipse.pde.ui-20120217-1437,org.eclipse.pde.internal.ui.launcher,FilteredCheckboxTree,preservingSelection,8,2,1
eclipse.pde.ui-20120217-1437,org.eclipse.pde.internal.ui.launcher,FilteredCheckboxTree,internalRefresh,12,2,2
eclipse.pde.ui-20120217-1437,org.eclipse.pde.internal.ui.launcher,FilteredCheckboxTree,doApplyCheckedState,23,5,2
eclipse.pde.ui-20120217-1437,org.eclipse.pde.internal.ui.launcher,FilteredCheckboxTree,getAllTreeItems,9,2,1
eclipse.pde.ui-20120217-1437,org.eclipse.pde.internal.ui.launcher,FilteredCheckboxTree,saveCheckedState,12,3,0
eclipse.pde.ui-20120217-1437,org.eclipse.pde.internal.ui.launcher,FilteredCheckboxTree,saveCheckedState,12,3,2
eclipse.pde.ui-20120217-1437,org.eclipse.pde.internal.ui.launcher,FilteredCheckboxTree,getItemState,14,4,1
eclipse.pde.ui-20120217-1437,org.eclipse.pde.internal.ui.launcher,FilteredCheckboxTree,setEnabled,8,2,1
eclipse.pde.ui-20120217-1437,org.eclipse.pde.internal.ui.launcher,PreRefreshNotifier,preRefresh,0,1,2
eclipse.pde.ui-20120217-1437,org.eclipse.pde.internal.ui.launcher,FilterableCheckboxTreeViewer,FilteredCheckboxTreeItem,8,2,4
eclipse.pde.ui-20120217-1437,org.eclipse.pde.internal.ui.launcher,FilterableCheckboxTreeViewer,unmapAllElements,4,1,0
eclipse.pde.ui-20120217-1437,org.eclipse.pde.internal.ui.launcher,FilterableCheckboxTreeViewer,FilterableCheckboxTreeViewer,12,2,2
eclipse.pde.ui-20120217-1437,org.eclipse.pde.internal.ui.launcher,FilterableCheckboxTreeViewer,checkStateChanged,6,2,1
eclipse.pde.ui-20120217-1437,org.eclipse.pde.internal.ui.launcher,FilterableCheckboxTreeViewer,addPreRefreshNotifier,4,2,1
eclipse.pde.ui-20120217-1437,org.eclipse.pde.internal.ui.launcher,FilterableCheckboxTreeViewer,getChecked,14,7,1
eclipse.pde.ui-20120217-1437,org.eclipse.pde.internal.ui.launcher,FilterableCheckboxTreeViewer,getCheckedChildren,15,4,1
eclipse.pde.ui-20120217-1437,org.eclipse.pde.internal.ui.launcher,FilterableCheckboxTreeViewer,getCheckedElements,19,5,0
eclipse.pde.ui-20120217-1437,org.eclipse.pde.internal.ui.launcher,FilterableCheckboxTreeViewer,setChecked,7,2,2
eclipse.pde.ui-20120217-1437,org.eclipse.pde.internal.ui.launcher,FilterableCheckboxTreeViewer,setCheckedElements,18,5,1
eclipse.pde.ui-20120217-1437,org.eclipse.pde.internal.ui.launcher,FilterableCheckboxTreeViewer,setSubtreeChecked,19,5,2
eclipse.pde.ui-20120217-1437,org.eclipse.pde.internal.ui.launcher,FilterableCheckboxTreeViewer,preservingSelection,8,2,1
eclipse.pde.ui-20120217-1437,org.eclipse.pde.internal.ui.launcher,FilterableCheckboxTreeViewer,internalRefresh,12,2,2
eclipse.pde.ui-20120217-1437,org.eclipse.pde.internal.ui.launcher,FilterableCheckboxTreeViewer,doApplyCheckedState,23,5,2
eclipse.pde.ui-20120217-1437,org.eclipse.pde.internal.ui.launcher,FilterableCheckboxTreeViewer,getAllTreeItems,9,2,1
eclipse.pde.ui-20120217-1437,org.eclipse.pde.internal.ui.launcher,FilterableCheckboxTreeViewer,saveCheckedState,12,3,0
eclipse.pde.ui-20120217-1437,org.eclipse.pde.internal.ui.launcher,FilterableCheckboxTreeViewer,saveCheckedState,12,3,2
eclipse.pde.ui-20120217-1437,org.eclipse.pde.internal.ui.launcher,FilterableCheckboxTreeViewer,getItemState,14,4,1
eclipse.pde.ui-20120217-1437,org.eclipse.pde.internal.ui.launcher,FilteredCheckboxTreeItem,FilteredCheckboxTreeItem,8,2,4
eclipse.pde.ui-20120217-1437,org.eclipse.pde.internal.ui.launcher,GenericExceptionStatusHandler,handleStatus,4,1,2
eclipse.pde.ui-20120217-1437,org.eclipse.pde.internal.ui.launcher,JREBlock,widgetSelected,6,3,1
eclipse.pde.ui-20120217-1437,org.eclipse.pde.internal.ui.launcher,JREBlock,modifyText,3,1,1
eclipse.pde.ui-20120217-1437,org.eclipse.pde.internal.ui.launcher,JREBlock,JREBlock,3,1,1
eclipse.pde.ui-20120217-1437,org.eclipse.pde.internal.ui.launcher,JREBlock,createControl,11,1,1
eclipse.pde.ui-20120217-1437,org.eclipse.pde.internal.ui.launcher,JREBlock,createJRESection,45,4,1
eclipse.pde.ui-20120217-1437,org.eclipse.pde.internal.ui.launcher,JREBlock,widgetSelected,7,2,1
eclipse.pde.ui-20120217-1437,org.eclipse.pde.internal.ui.launcher,JREBlock,widgetSelected,12,3,1
eclipse.pde.ui-20120217-1437,org.eclipse.pde.internal.ui.launcher,JREBlock,createJavaExecutableSection,19,1,1
eclipse.pde.ui-20120217-1437,org.eclipse.pde.internal.ui.launcher,JREBlock,createBootstrapEntriesSection,10,1,1
eclipse.pde.ui-20120217-1437,org.eclipse.pde.internal.ui.launcher,JREBlock,initializeFrom,4,1,1
eclipse.pde.ui-20120217-1437,org.eclipse.pde.internal.ui.launcher,JREBlock,initializeJRESection,38,8,1
eclipse.pde.ui-20120217-1437,org.eclipse.pde.internal.ui.launcher,JREBlock,setEEComboSelection,12,5,1
eclipse.pde.ui-20120217-1437,org.eclipse.pde.internal.ui.launcher,JREBlock,updateJREEnablement,6,1,0
eclipse.pde.ui-20120217-1437,org.eclipse.pde.internal.ui.launcher,JREBlock,initializeBootstrapEntriesSection,3,1,1
eclipse.pde.ui-20120217-1437,org.eclipse.pde.internal.ui.launcher,JREBlock,performApply,4,1,1
eclipse.pde.ui-20120217-1437,org.eclipse.pde.internal.ui.launcher,JREBlock,saveJRESection,34,7,1
eclipse.pde.ui-20120217-1437,org.eclipse.pde.internal.ui.launcher,JREBlock,saveBootstrapEntriesSection,3,1,1
eclipse.pde.ui-20120217-1437,org.eclipse.pde.internal.ui.launcher,JREBlock,setDefaults,3,1,1
eclipse.pde.ui-20120217-1437,org.eclipse.pde.internal.ui.launcher,JREBlock,setJRECombo,5,1,0
eclipse.pde.ui-20120217-1437,org.eclipse.pde.internal.ui.launcher,JREBlock,setEECombo,16,2,0
eclipse.pde.ui-20120217-1437,org.eclipse.pde.internal.ui.launcher,JREBlock,getComparator,8,1,0
eclipse.pde.ui-20120217-1437,org.eclipse.pde.internal.ui.launcher,JREBlock,compare,3,1,2
eclipse.pde.ui-20120217-1437,org.eclipse.pde.internal.ui.launcher,JREBlock,validate,4,2,0
eclipse.pde.ui-20120217-1437,org.eclipse.pde.internal.ui.launcher,JREBlock,parseEESelection,5,2,1
eclipse.pde.ui-20120217-1437,org.eclipse.pde.internal.ui.launcher,Listener,widgetSelected,6,3,1
eclipse.pde.ui-20120217-1437,org.eclipse.pde.internal.ui.launcher,Listener,modifyText,3,1,1
eclipse.pde.ui-20120217-1437,org.eclipse.pde.internal.ui.launcher,JUnitProgramBlock,JUnitProgramBlock,3,1,1
eclipse.pde.ui-20120217-1437,org.eclipse.pde.internal.ui.launcher,JUnitProgramBlock,getApplicationAttribute,3,1,0
eclipse.pde.ui-20120217-1437,org.eclipse.pde.internal.ui.launcher,JUnitProgramBlock,setDefaults,4,2,1
eclipse.pde.ui-20120217-1437,org.eclipse.pde.internal.ui.launcher,JUnitProgramBlock,getApplicationNames,9,2,0
eclipse.pde.ui-20120217-1437,org.eclipse.pde.internal.ui.launcher,JUnitProgramBlock,initializeApplicationSection,5,2,1
eclipse.pde.ui-20120217-1437,org.eclipse.pde.internal.ui.launcher,JUnitProgramBlock,saveApplicationSection,11,2,1
eclipse.pde.ui-20120217-1437,org.eclipse.pde.internal.ui.launcher,LaunchAction,LaunchAction,11,2,3
eclipse.pde.ui-20120217-1437,org.eclipse.pde.internal.ui.launcher,LaunchAction,run,8,2,0
eclipse.pde.ui-20120217-1437,org.eclipse.pde.internal.ui.launcher,LaunchAction,findLaunchConfiguration,15,4,0
eclipse.pde.ui-20120217-1437,org.eclipse.pde.internal.ui.launcher,LaunchAction,refreshConfiguration,26,4,1
eclipse.pde.ui-20120217-1437,org.eclipse.pde.internal.ui.launcher,LaunchAction,appendBundle,13,2,2
eclipse.pde.ui-20120217-1437,org.eclipse.pde.internal.ui.launcher,LaunchAction,getProgramArguments,6,1,1
eclipse.pde.ui-20120217-1437,org.eclipse.pde.internal.ui.launcher,LaunchAction,getVMArguments,6,1,1
eclipse.pde.ui-20120217-1437,org.eclipse.pde.internal.ui.launcher,LaunchAction,concatArgs,14,4,2
eclipse.pde.ui-20120217-1437,org.eclipse.pde.internal.ui.launcher,LaunchAction,getJREContainer,10,3,1
eclipse.pde.ui-20120217-1437,org.eclipse.pde.internal.ui.launcher,LaunchAction,getModels,19,6,0
eclipse.pde.ui-20120217-1437,org.eclipse.pde.internal.ui.launcher,LaunchAction,getUniqueFeatures,10,2,0
eclipse.pde.ui-20120217-1437,org.eclipse.pde.internal.ui.launcher,LaunchAction,addFeatureAndChildren,10,3,3
eclipse.pde.ui-20120217-1437,org.eclipse.pde.internal.ui.launcher,LaunchAction,addFeaturePlugins,9,4,2
eclipse.pde.ui-20120217-1437,org.eclipse.pde.internal.ui.launcher,LaunchAction,getTemplateConfigIni,15,6,1
eclipse.pde.ui-20120217-1437,org.eclipse.pde.internal.ui.launcher,LaunchAction,getExpandedPath,9,3,1
eclipse.pde.ui-20120217-1437,org.eclipse.pde.internal.ui.launcher,LaunchAction,chooseConfiguration,19,3,1
eclipse.pde.ui-20120217-1437,org.eclipse.pde.internal.ui.launcher,LaunchAction,createConfiguration,17,1,0
eclipse.pde.ui-20120217-1437,org.eclipse.pde.internal.ui.launcher,LaunchAction,getComputedName,4,1,1
eclipse.pde.ui-20120217-1437,org.eclipse.pde.internal.ui.launcher,LaunchAction,getLaunchConfigurations,15,4,0
eclipse.pde.ui-20120217-1437,org.eclipse.pde.internal.ui.launcher,LaunchAction,getWorkbenchLaunchConfigType,4,1,0
eclipse.pde.ui-20120217-1437,org.eclipse.pde.internal.ui.launcher,LaunchTerminationStatusHandler,handleStatus,5,3,2
eclipse.pde.ui-20120217-1437,org.eclipse.pde.internal.ui.launcher,LaunchTerminationStatusHandler,handleWorkspaceInUse,8,1,0
eclipse.pde.ui-20120217-1437,org.eclipse.pde.internal.ui.launcher,LaunchTerminationStatusHandler,run,3,1,0
eclipse.pde.ui-20120217-1437,org.eclipse.pde.internal.ui.launcher,LaunchTerminationStatusHandler,handleOtherReasonsFoundInLog,27,5,1
eclipse.pde.ui-20120217-1437,org.eclipse.pde.internal.ui.launcher,LaunchTerminationStatusHandler,run,22,5,0
eclipse.pde.ui-20120217-1437,org.eclipse.pde.internal.ui.launcher,LaunchTerminationStatusHandler,openInEditor,12,2,1
eclipse.pde.ui-20120217-1437,org.eclipse.pde.internal.ui.launcher,LauncherUtilsStatusHandler,handleStatus,24,7,2
eclipse.pde.ui-20120217-1437,org.eclipse.pde.internal.ui.launcher,LauncherUtilsStatusHandler,selectWorkspaceField,11,3,1
eclipse.pde.ui-20120217-1437,org.eclipse.pde.internal.ui.launcher,LauncherUtilsStatusHandler,generateConfigIni,4,1,0
eclipse.pde.ui-20120217-1437,org.eclipse.pde.internal.ui.launcher,LauncherUtilsStatusHandler,deleteWorkspace,3,1,1
eclipse.pde.ui-20120217-1437,org.eclipse.pde.internal.ui.launcher,LauncherUtilsStatusHandler,clearLog,3,1,0
eclipse.pde.ui-20120217-1437,org.eclipse.pde.internal.ui.launcher,LauncherUtilsStatusHandler,handleWorkspaceLocked,4,1,3
eclipse.pde.ui-20120217-1437,org.eclipse.pde.internal.ui.launcher,LauncherUtilsStatusHandler,organizeManifests,21,2,3
eclipse.pde.ui-20120217-1437,org.eclipse.pde.internal.ui.launcher,LauncherUtilsStatusHandler,run,16,2,0
eclipse.pde.ui-20120217-1437,org.eclipse.pde.internal.ui.launcher,LauncherUtilsStatusHandler,getDisplay,7,2,0
eclipse.pde.ui-20120217-1437,org.eclipse.pde.internal.ui.launcher,LauncherUtilsStatusHandler,getActiveShell,9,3,0
eclipse.pde.ui-20120217-1437,org.eclipse.pde.internal.ui.launcher,LauncherUtilsStatusHandler,initializeProcessor,13,1,1
eclipse.pde.ui-20120217-1437,org.eclipse.pde.internal.ui.launcher,LauncherUtilsStatusHandler,generateDialog,12,1,1
eclipse.pde.ui-20120217-1437,org.eclipse.pde.internal.ui.launcher,LauncherUtilsStatusHandler,run,5,1,0
eclipse.pde.ui-20120217-1437,org.eclipse.pde.internal.ui.launcher,LauncherUtilsStatusHandler,generateErrorDialog,17,2,4
eclipse.pde.ui-20120217-1437,org.eclipse.pde.internal.ui.launcher,LauncherUtilsStatusHandler,run,12,2,0
eclipse.pde.ui-20120217-1437,org.eclipse.pde.internal.ui.launcher,OSGiBundleBlock,OSGiBundleBlock,3,1,1
eclipse.pde.ui-20120217-1437,org.eclipse.pde.internal.ui.launcher,OSGiBundleBlock,savePluginState,28,7,1
eclipse.pde.ui-20120217-1437,org.eclipse.pde.internal.ui.launcher,OSGiBundleBlock,initializeFrom,8,1,1
eclipse.pde.ui-20120217-1437,org.eclipse.pde.internal.ui.launcher,OSGiBundleBlock,initExternalPluginsState,15,3,1
eclipse.pde.ui-20120217-1437,org.eclipse.pde.internal.ui.launcher,OSGiBundleBlock,initWorkspacePluginsState,15,3,1
eclipse.pde.ui-20120217-1437,org.eclipse.pde.internal.ui.launcher,OSGiBundleBlock,createValidationOperation,3,1,0
eclipse.pde.ui-20120217-1437,org.eclipse.pde.internal.ui.launcher,OSGiFrameworkBlock,widgetSelected,6,2,1
eclipse.pde.ui-20120217-1437,org.eclipse.pde.internal.ui.launcher,OSGiFrameworkBlock,modifyText,3,1,1
eclipse.pde.ui-20120217-1437,org.eclipse.pde.internal.ui.launcher,OSGiFrameworkBlock,OSGiFrameworkBlock,6,1,2
eclipse.pde.ui-20120217-1437,org.eclipse.pde.internal.ui.launcher,OSGiFrameworkBlock,createControl,46,2,1
eclipse.pde.ui-20120217-1437,org.eclipse.pde.internal.ui.launcher,OSGiFrameworkBlock,initializeFrom,7,1,1
eclipse.pde.ui-20120217-1437,org.eclipse.pde.internal.ui.launcher,OSGiFrameworkBlock,initializeFramework,14,4,1
eclipse.pde.ui-20120217-1437,org.eclipse.pde.internal.ui.launcher,OSGiFrameworkBlock,performApply,11,2,1
eclipse.pde.ui-20120217-1437,org.eclipse.pde.internal.ui.launcher,OSGiFrameworkBlock,getDefaultStartLevel,3,1,0
eclipse.pde.ui-20120217-1437,org.eclipse.pde.internal.ui.launcher,OSGiFrameworkBlock,setActiveIndex,5,2,0
eclipse.pde.ui-20120217-1437,org.eclipse.pde.internal.ui.launcher,Listener,widgetSelected,6,2,1
eclipse.pde.ui-20120217-1437,org.eclipse.pde.internal.ui.launcher,Listener,modifyText,3,1,1
eclipse.pde.ui-20120217-1437,org.eclipse.pde.internal.ui.launcher,OpenLogDialog,OpenLogDialog,5,1,2
eclipse.pde.ui-20120217-1437,org.eclipse.pde.internal.ui.launcher,OpenLogDialog,configureShell,5,1,1
eclipse.pde.ui-20120217-1437,org.eclipse.pde.internal.ui.launcher,OpenLogDialog,createButtonsForButtonBar,3,1,1
eclipse.pde.ui-20120217-1437,org.eclipse.pde.internal.ui.launcher,OpenLogDialog,create,7,3,0
eclipse.pde.ui-20120217-1437,org.eclipse.pde.internal.ui.launcher,OpenLogDialog,createDialogArea,11,1,1
eclipse.pde.ui-20120217-1437,org.eclipse.pde.internal.ui.launcher,OpenLogDialog,getLogSummary,12,2,0
eclipse.pde.ui-20120217-1437,org.eclipse.pde.internal.ui.launcher,OpenLogDialog,readFile,4,2,1
eclipse.pde.ui-20120217-1437,org.eclipse.pde.internal.ui.launcher,OpenLogDialog,readLargeFile,24,7,1
eclipse.pde.ui-20120217-1437,org.eclipse.pde.internal.ui.launcher,OpenLogDialog,buttonPressed,7,2,1
eclipse.pde.ui-20120217-1437,org.eclipse.pde.internal.ui.launcher,OpenLogDialog,readLargeFileWithMonitor,22,1,1
eclipse.pde.ui-20120217-1437,org.eclipse.pde.internal.ui.launcher,OpenLogDialog,run,9,1,1
eclipse.pde.ui-20120217-1437,org.eclipse.pde.internal.ui.launcher,OpenLogDialog,readFileWithMonitor,22,1,1
eclipse.pde.ui-20120217-1437,org.eclipse.pde.internal.ui.launcher,OpenLogDialog,run,9,1,1
eclipse.pde.ui-20120217-1437,org.eclipse.pde.internal.ui.launcher,OpenLogDialog,storeSettings,3,1,0
eclipse.pde.ui-20120217-1437,org.eclipse.pde.internal.ui.launcher,OpenLogDialog,getDialogSettings,6,2,0
eclipse.pde.ui-20120217-1437,org.eclipse.pde.internal.ui.launcher,OpenLogDialog,readConfiguration,15,1,0
eclipse.pde.ui-20120217-1437,org.eclipse.pde.internal.ui.launcher,OpenLogDialog,writeConfiguration,9,1,0
eclipse.pde.ui-20120217-1437,org.eclipse.pde.internal.ui.launcher,PDELogFileProvider,getLogSources,31,4,0
eclipse.pde.ui-20120217-1437,org.eclipse.pde.internal.ui.launcher,PluginBlock,PluginBlock,3,1,1
eclipse.pde.ui-20120217-1437,org.eclipse.pde.internal.ui.launcher,PluginBlock,initializeFrom,19,4,2
eclipse.pde.ui-20120217-1437,org.eclipse.pde.internal.ui.launcher,PluginBlock,initialize,7,2,1
eclipse.pde.ui-20120217-1437,org.eclipse.pde.internal.ui.launcher,PluginBlock,initWorkspacePluginsState,15,3,1
eclipse.pde.ui-20120217-1437,org.eclipse.pde.internal.ui.launcher,PluginBlock,initExternalPluginsState,15,3,1
eclipse.pde.ui-20120217-1437,org.eclipse.pde.internal.ui.launcher,PluginBlock,isEnabled,3,1,0
eclipse.pde.ui-20120217-1437,org.eclipse.pde.internal.ui.launcher,PluginBlock,savePluginState,54,14,1
eclipse.pde.ui-20120217-1437,org.eclipse.pde.internal.ui.launcher,PluginBlock,addRequiredPlugins,18,4,0
eclipse.pde.ui-20120217-1437,org.eclipse.pde.internal.ui.launcher,PluginBlock,createValidationOperation,3,1,0
eclipse.pde.ui-20120217-1437,org.eclipse.pde.internal.ui.launcher,PluginStatusDialog,getChildren,9,3,1
eclipse.pde.ui-20120217-1437,org.eclipse.pde.internal.ui.launcher,PluginStatusDialog,getParent,3,1,1
eclipse.pde.ui-20120217-1437,org.eclipse.pde.internal.ui.launcher,PluginStatusDialog,hasChildren,9,3,1
eclipse.pde.ui-20120217-1437,org.eclipse.pde.internal.ui.launcher,PluginStatusDialog,getElements,3,1,1
eclipse.pde.ui-20120217-1437,org.eclipse.pde.internal.ui.launcher,PluginStatusDialog,PluginStatusDialog,5,1,2
eclipse.pde.ui-20120217-1437,org.eclipse.pde.internal.ui.launcher,PluginStatusDialog,PluginStatusDialog,5,1,1
eclipse.pde.ui-20120217-1437,org.eclipse.pde.internal.ui.launcher,PluginStatusDialog,showCancelButton,3,1,1
eclipse.pde.ui-20120217-1437,org.eclipse.pde.internal.ui.launcher,PluginStatusDialog,setInput,3,1,1
eclipse.pde.ui-20120217-1437,org.eclipse.pde.internal.ui.launcher,PluginStatusDialog,createButtonsForButtonBar,6,2,1
eclipse.pde.ui-20120217-1437,org.eclipse.pde.internal.ui.launcher,PluginStatusDialog,configureShell,4,1,1
eclipse.pde.ui-20120217-1437,org.eclipse.pde.internal.ui.launcher,PluginStatusDialog,createDialogArea,18,1,1
eclipse.pde.ui-20120217-1437,org.eclipse.pde.internal.ui.launcher,PluginStatusDialog,close,4,1,0
eclipse.pde.ui-20120217-1437,org.eclipse.pde.internal.ui.launcher,PluginStatusDialog,getDialogSettings,6,2,0
eclipse.pde.ui-20120217-1437,org.eclipse.pde.internal.ui.launcher,PluginStatusDialog,getDialogSectionName,3,1,0
eclipse.pde.ui-20120217-1437,org.eclipse.pde.internal.ui.launcher,PluginStatusDialog,getDialogBoundsSettings,3,1,0
eclipse.pde.ui-20120217-1437,org.eclipse.pde.internal.ui.launcher,PluginStatusDialog,refresh,5,1,1
eclipse.pde.ui-20120217-1437,org.eclipse.pde.internal.ui.launcher,ContentProvider,getChildren,9,3,1
eclipse.pde.ui-20120217-1437,org.eclipse.pde.internal.ui.launcher,ContentProvider,getParent,3,1,1
eclipse.pde.ui-20120217-1437,org.eclipse.pde.internal.ui.launcher,ContentProvider,hasChildren,9,3,1
eclipse.pde.ui-20120217-1437,org.eclipse.pde.internal.ui.launcher,ContentProvider,getElements,3,1,1
eclipse.pde.ui-20120217-1437,org.eclipse.pde.internal.ui.launcher,PluginValidationStatusHandler,handleStatus,5,3,2
eclipse.pde.ui-20120217-1437,org.eclipse.pde.internal.ui.launcher,PluginValidationStatusHandler,createExtensionError,6,1,1
eclipse.pde.ui-20120217-1437,org.eclipse.pde.internal.ui.launcher,PluginValidationStatusHandler,displayValidationError,14,2,1
eclipse.pde.ui-20120217-1437,org.eclipse.pde.internal.ui.launcher,PluginValidationStatusHandler,run,6,1,0
eclipse.pde.ui-20120217-1437,org.eclipse.pde.internal.ui.launcher,ProgramBlock,widgetSelected,10,2,1
eclipse.pde.ui-20120217-1437,org.eclipse.pde.internal.ui.launcher,ProgramBlock,modifyText,5,2,1
eclipse.pde.ui-20120217-1437,org.eclipse.pde.internal.ui.launcher,ProgramBlock,updateProductDecorator,18,5,0
eclipse.pde.ui-20120217-1437,org.eclipse.pde.internal.ui.launcher,ProgramBlock,ProgramBlock,3,1,1
eclipse.pde.ui-20120217-1437,org.eclipse.pde.internal.ui.launcher,ProgramBlock,createControl,10,1,1
eclipse.pde.ui-20120217-1437,org.eclipse.pde.internal.ui.launcher,ProgramBlock,createProductSection,12,1,1
eclipse.pde.ui-20120217-1437,org.eclipse.pde.internal.ui.launcher,ProgramBlock,createApplicationSection,6,1,1
eclipse.pde.ui-20120217-1437,org.eclipse.pde.internal.ui.launcher,ProgramBlock,initializeFrom,10,1,1
eclipse.pde.ui-20120217-1437,org.eclipse.pde.internal.ui.launcher,ProgramBlock,initializeProductSection,4,2,1
eclipse.pde.ui-20120217-1437,org.eclipse.pde.internal.ui.launcher,ProgramBlock,initializeApplicationSection,27,8,1
eclipse.pde.ui-20120217-1437,org.eclipse.pde.internal.ui.launcher,ProgramBlock,performApply,4,1,1
eclipse.pde.ui-20120217-1437,org.eclipse.pde.internal.ui.launcher,ProgramBlock,saveProductSection,4,1,1
eclipse.pde.ui-20120217-1437,org.eclipse.pde.internal.ui.launcher,ProgramBlock,saveApplicationSection,6,2,1
eclipse.pde.ui-20120217-1437,org.eclipse.pde.internal.ui.launcher,ProgramBlock,setDefaults,7,2,1
eclipse.pde.ui-20120217-1437,org.eclipse.pde.internal.ui.launcher,ProgramBlock,getApplicationNames,3,1,0
eclipse.pde.ui-20120217-1437,org.eclipse.pde.internal.ui.launcher,ProgramBlock,getApplicationAttribute,3,1,0
eclipse.pde.ui-20120217-1437,org.eclipse.pde.internal.ui.launcher,Listener,widgetSelected,10,2,1
eclipse.pde.ui-20120217-1437,org.eclipse.pde.internal.ui.launcher,Listener,modifyText,5,2,1
eclipse.pde.ui-20120217-1437,org.eclipse.pde.internal.ui.launcher,Listener,updateProductDecorator,18,5,0
eclipse.pde.ui-20120217-1437,org.eclipse.pde.internal.ui.launcher,RunWorkbenchAction,run,10,1,0
eclipse.pde.ui-20120217-1437,org.eclipse.pde.internal.ui.launcher,RunWorkbenchAction,run,4,1,0
eclipse.pde.ui-20120217-1437,org.eclipse.pde.internal.ui.launcher,SoftwareInstallBlock,SoftwareInstallBlock,3,1,1
eclipse.pde.ui-20120217-1437,org.eclipse.pde.internal.ui.launcher,SoftwareInstallBlock,createControl,10,1,1
eclipse.pde.ui-20120217-1437,org.eclipse.pde.internal.ui.launcher,SoftwareInstallBlock,widgetSelected,3,1,1
eclipse.pde.ui-20120217-1437,org.eclipse.pde.internal.ui.launcher,SoftwareInstallBlock,setDefaults,2,1,1
eclipse.pde.ui-20120217-1437,org.eclipse.pde.internal.ui.launcher,SoftwareInstallBlock,initializeFrom,3,1,1
eclipse.pde.ui-20120217-1437,org.eclipse.pde.internal.ui.launcher,SoftwareInstallBlock,performApply,8,2,1
eclipse.pde.ui-20120217-1437,org.eclipse.pde.internal.ui.launcher,SoftwareInstallBlock,validate,3,1,0
eclipse.pde.ui-20120217-1437,org.eclipse.pde.internal.ui.launcher,TracingBlock,TracingBlock,3,1,1
eclipse.pde.ui-20120217-1437,org.eclipse.pde.internal.ui.launcher,TracingBlock,getTab,3,1,0
eclipse.pde.ui-20120217-1437,org.eclipse.pde.internal.ui.launcher,TracingBlock,createControl,20,3,1
eclipse.pde.ui-20120217-1437,org.eclipse.pde.internal.ui.launcher,TracingBlock,widgetSelected,10,3,1
eclipse.pde.ui-20120217-1437,org.eclipse.pde.internal.ui.launcher,TracingBlock,createSashSection,6,1,1
eclipse.pde.ui-20120217-1437,org.eclipse.pde.internal.ui.launcher,TracingBlock,createPluginViewer,43,1,1
eclipse.pde.ui-20120217-1437,org.eclipse.pde.internal.ui.launcher,TracingBlock,selectionChanged,6,1,1
eclipse.pde.ui-20120217-1437,org.eclipse.pde.internal.ui.launcher,TracingBlock,checkStateChanged,6,1,1
eclipse.pde.ui-20120217-1437,org.eclipse.pde.internal.ui.launcher,TracingBlock,doubleClick,8,1,1
eclipse.pde.ui-20120217-1437,org.eclipse.pde.internal.ui.launcher,TracingBlock,createPropertySheetClient,8,1,1
eclipse.pde.ui-20120217-1437,org.eclipse.pde.internal.ui.launcher,TracingBlock,createButtonSection,30,1,1
eclipse.pde.ui-20120217-1437,org.eclipse.pde.internal.ui.launcher,TracingBlock,widgetSelected,5,1,1
eclipse.pde.ui-20120217-1437,org.eclipse.pde.internal.ui.launcher,TracingBlock,widgetSelected,5,1,1
eclipse.pde.ui-20120217-1437,org.eclipse.pde.internal.ui.launcher,TracingBlock,createPropertySheet,18,2,1
eclipse.pde.ui-20120217-1437,org.eclipse.pde.internal.ui.launcher,TracingBlock,initializeFrom,43,7,1
eclipse.pde.ui-20120217-1437,org.eclipse.pde.internal.ui.launcher,TracingBlock,performApply,31,9,1
eclipse.pde.ui-20120217-1437,org.eclipse.pde.internal.ui.launcher,TracingBlock,setDefaults,4,1,1
eclipse.pde.ui-20120217-1437,org.eclipse.pde.internal.ui.launcher,TracingBlock,activated,3,1,1
eclipse.pde.ui-20120217-1437,org.eclipse.pde.internal.ui.launcher,TracingBlock,dispose,3,2,0
eclipse.pde.ui-20120217-1437,org.eclipse.pde.internal.ui.launcher,TracingBlock,getToolkit,3,1,0
eclipse.pde.ui-20120217-1437,org.eclipse.pde.internal.ui.launcher,TracingBlock,getSelectedModel,7,3,0
eclipse.pde.ui-20120217-1437,org.eclipse.pde.internal.ui.launcher,TracingBlock,pluginSelected,14,3,2
eclipse.pde.ui-20120217-1437,org.eclipse.pde.internal.ui.launcher,TracingBlock,getTraceableModels,11,4,0
eclipse.pde.ui-20120217-1437,org.eclipse.pde.internal.ui.launcher,TracingBlock,getLastSelectedPlugin,10,3,0
eclipse.pde.ui-20120217-1437,org.eclipse.pde.internal.ui.launcher,TracingBlock,storeSelectedModel,9,2,0
eclipse.pde.ui-20120217-1437,org.eclipse.pde.internal.ui.launcher,TracingBlock,getPropertySource,11,3,1
eclipse.pde.ui-20120217-1437,org.eclipse.pde.internal.ui.launcher,TracingBlock,masterCheckChanged,13,3,1
eclipse.pde.ui-20120217-1437,org.eclipse.pde.internal.ui.launcher,TracingBlock,disposePropertySources,8,2,0
eclipse.pde.ui-20120217-1437,org.eclipse.pde.internal.ui.launcher,TracingBlock,PageBookKey,4,1,2
eclipse.pde.ui-20120217-1437,org.eclipse.pde.internal.ui.launcher,TracingBlock,equals,6,2,1
eclipse.pde.ui-20120217-1437,org.eclipse.pde.internal.ui.launcher,TracingBlock,hashCode,3,1,0
eclipse.pde.ui-20120217-1437,org.eclipse.pde.internal.ui.launcher,PageBookKey,PageBookKey,4,1,2
eclipse.pde.ui-20120217-1437,org.eclipse.pde.internal.ui.launcher,PageBookKey,equals,6,2,1
eclipse.pde.ui-20120217-1437,org.eclipse.pde.internal.ui.launcher,PageBookKey,hashCode,3,1,0
eclipse.pde.ui-20120217-1437,org.eclipse.pde.internal.ui.launcher,TracingPropertySource,PropertyEditor,4,1,2
eclipse.pde.ui-20120217-1437,org.eclipse.pde.internal.ui.launcher,TracingPropertySource,getKey,3,1,0
eclipse.pde.ui-20120217-1437,org.eclipse.pde.internal.ui.launcher,TracingPropertySource,getLabel,3,1,0
eclipse.pde.ui-20120217-1437,org.eclipse.pde.internal.ui.launcher,TracingPropertySource,create,0,1,2
eclipse.pde.ui-20120217-1437,org.eclipse.pde.internal.ui.launcher,TracingPropertySource,initialize,0,1,0
eclipse.pde.ui-20120217-1437,org.eclipse.pde.internal.ui.launcher,TracingPropertySource,valueModified,5,1,1
eclipse.pde.ui-20120217-1437,org.eclipse.pde.internal.ui.launcher,TracingPropertySource,BooleanEditor,3,1,2
eclipse.pde.ui-20120217-1437,org.eclipse.pde.internal.ui.launcher,TracingPropertySource,create,7,1,2
eclipse.pde.ui-20120217-1437,org.eclipse.pde.internal.ui.launcher,TracingPropertySource,update,4,1,0
eclipse.pde.ui-20120217-1437,org.eclipse.pde.internal.ui.launcher,TracingPropertySource,initialize,10,1,0
eclipse.pde.ui-20120217-1437,org.eclipse.pde.internal.ui.launcher,TracingPropertySource,widgetSelected,4,1,1
eclipse.pde.ui-20120217-1437,org.eclipse.pde.internal.ui.launcher,TracingPropertySource,TextEditor,3,1,2
eclipse.pde.ui-20120217-1437,org.eclipse.pde.internal.ui.launcher,TracingPropertySource,create,11,1,2
eclipse.pde.ui-20120217-1437,org.eclipse.pde.internal.ui.launcher,TracingPropertySource,update,4,1,0
eclipse.pde.ui-20120217-1437,org.eclipse.pde.internal.ui.launcher,TracingPropertySource,initialize,9,1,0
eclipse.pde.ui-20120217-1437,org.eclipse.pde.internal.ui.launcher,TracingPropertySource,modifyText,3,1,1
eclipse.pde.ui-20120217-1437,org.eclipse.pde.internal.ui.launcher,TracingPropertySource,TracingPropertySource,8,1,4
eclipse.pde.ui-20120217-1437,org.eclipse.pde.internal.ui.launcher,TracingPropertySource,getModel,3,1,0
eclipse.pde.ui-20120217-1437,org.eclipse.pde.internal.ui.launcher,TracingPropertySource,getSortedKeys,15,2,1
eclipse.pde.ui-20120217-1437,org.eclipse.pde.internal.ui.launcher,TracingPropertySource,compare,3,1,2
eclipse.pde.ui-20120217-1437,org.eclipse.pde.internal.ui.launcher,TracingPropertySource,compareKeys,5,1,2
eclipse.pde.ui-20120217-1437,org.eclipse.pde.internal.ui.launcher,TracingPropertySource,createContents,40,7,2
eclipse.pde.ui-20120217-1437,org.eclipse.pde.internal.ui.launcher,TracingPropertySource,save,12,3,0
eclipse.pde.ui-20120217-1437,org.eclipse.pde.internal.ui.launcher,TracingPropertySource,dispose,2,1,0
eclipse.pde.ui-20120217-1437,org.eclipse.pde.internal.ui.launcher,TracingPropertySource,isModified,3,1,0
eclipse.pde.ui-20120217-1437,org.eclipse.pde.internal.ui.launcher,PropertyEditor,PropertyEditor,4,1,2
eclipse.pde.ui-20120217-1437,org.eclipse.pde.internal.ui.launcher,PropertyEditor,getKey,3,1,0
eclipse.pde.ui-20120217-1437,org.eclipse.pde.internal.ui.launcher,PropertyEditor,getLabel,3,1,0
eclipse.pde.ui-20120217-1437,org.eclipse.pde.internal.ui.launcher,PropertyEditor,create,0,1,2
eclipse.pde.ui-20120217-1437,org.eclipse.pde.internal.ui.launcher,PropertyEditor,initialize,0,1,0
eclipse.pde.ui-20120217-1437,org.eclipse.pde.internal.ui.launcher,PropertyEditor,valueModified,5,1,1
eclipse.pde.ui-20120217-1437,org.eclipse.pde.internal.ui.launcher,BooleanEditor,BooleanEditor,3,1,2
eclipse.pde.ui-20120217-1437,org.eclipse.pde.internal.ui.launcher,BooleanEditor,create,7,1,2
eclipse.pde.ui-20120217-1437,org.eclipse.pde.internal.ui.launcher,BooleanEditor,update,4,1,0
eclipse.pde.ui-20120217-1437,org.eclipse.pde.internal.ui.launcher,BooleanEditor,initialize,10,1,0
eclipse.pde.ui-20120217-1437,org.eclipse.pde.internal.ui.launcher,BooleanEditor,widgetSelected,4,1,1
eclipse.pde.ui-20120217-1437,org.eclipse.pde.internal.ui.launcher,TextEditor,TextEditor,3,1,2
eclipse.pde.ui-20120217-1437,org.eclipse.pde.internal.ui.launcher,TextEditor,create,11,1,2
eclipse.pde.ui-20120217-1437,org.eclipse.pde.internal.ui.launcher,TextEditor,update,4,1,0
eclipse.pde.ui-20120217-1437,org.eclipse.pde.internal.ui.launcher,TextEditor,initialize,9,1,0
eclipse.pde.ui-20120217-1437,org.eclipse.pde.internal.ui.launcher,TextEditor,modifyText,3,1,1
eclipse.pde.ui-20120217-1437,org.eclipse.pde.internal.ui.launcher,WorkspaceDataBlock,WorkspaceDataBlock,3,1,1
eclipse.pde.ui-20120217-1437,org.eclipse.pde.internal.ui.launcher,WorkspaceDataBlock,createControl,66,1,1
eclipse.pde.ui-20120217-1437,org.eclipse.pde.internal.ui.launcher,WorkspaceDataBlock,widgetSelected,6,1,1
eclipse.pde.ui-20120217-1437,org.eclipse.pde.internal.ui.launcher,WorkspaceDataBlock,widgetSelected,3,1,1
eclipse.pde.ui-20120217-1437,org.eclipse.pde.internal.ui.launcher,WorkspaceDataBlock,widgetSelected,3,1,1
eclipse.pde.ui-20120217-1437,org.eclipse.pde.internal.ui.launcher,WorkspaceDataBlock,widgetSelected,3,1,1
eclipse.pde.ui-20120217-1437,org.eclipse.pde.internal.ui.launcher,WorkspaceDataBlock,performApply,18,4,2
eclipse.pde.ui-20120217-1437,org.eclipse.pde.internal.ui.launcher,WorkspaceDataBlock,initializeFrom,14,2,2
eclipse.pde.ui-20120217-1437,org.eclipse.pde.internal.ui.launcher,WorkspaceDataBlock,setDefaults,9,1,2
eclipse.pde.ui-20120217-1437,org.eclipse.pde.internal.ui.launcher,WorkspaceDataBlock,getName,3,1,0
eclipse.pde.ui-20120217-1437,org.eclipse.pde.internal.ui.launcher,WorkspaceDataBlock,isFile,3,1,0
eclipse.pde.ui-20120217-1437,org.eclipse.pde.internal.ui.launcher,WorkspaceDataBlock,handleBrowseWorkspace,3,1,0
eclipse.pde.ui-20120217-1437,org.eclipse.pde.internal.ui.launcher,WorkspaceDataBlock,handleBrowseFileSystem,3,1,0
eclipse.pde.ui-20120217-1437,org.eclipse.pde.internal.ui.launcher,WorkspaceDataBlock,validate,7,2,0
eclipse.pde.ui-20120217-1437,org.eclipse.pde.internal.ui.launcher,WorkspaceDataBlock,selectWorkspaceLocation,4,1,0
eclipse.pde.ui-20120217-1437,org.eclipse.pde.internal.ui.nls,AvailableFilter,AvailableFilter,5,1,2
eclipse.pde.ui-20120217-1437,org.eclipse.pde.internal.ui.nls,AvailableFilter,select,5,2,3
eclipse.pde.ui-20120217-1437,org.eclipse.pde.internal.ui.nls,AvailableFilter,matches,3,1,1
eclipse.pde.ui-20120217-1437,org.eclipse.pde.internal.ui.nls,AvailableFilter,setPattern,11,5,1
eclipse.pde.ui-20120217-1437,org.eclipse.pde.internal.ui.nls,ExternalizeStringsLabelProvider,ExternalizeStringsLabelProvider,3,1,0
eclipse.pde.ui-20120217-1437,org.eclipse.pde.internal.ui.nls,ExternalizeStringsLabelProvider,getColumnText,12,4,2
eclipse.pde.ui-20120217-1437,org.eclipse.pde.internal.ui.nls,ExternalizeStringsLabelProvider,getColumnImage,3,1,2
eclipse.pde.ui-20120217-1437,org.eclipse.pde.internal.ui.nls,ExternalizeStringsLabelProvider,getFont,9,3,1
eclipse.pde.ui-20120217-1437,org.eclipse.pde.internal.ui.nls,ExternalizeStringsOperation,ExternalizeStringsOperation,6,1,2
eclipse.pde.ui-20120217-1437,org.eclipse.pde.internal.ui.nls,ExternalizeStringsOperation,execute,34,6,1
eclipse.pde.ui-20120217-1437,org.eclipse.pde.internal.ui.nls,ExternalizeStringsOperation,getChangeForBuild,19,4,4
eclipse.pde.ui-20120217-1437,org.eclipse.pde.internal.ui.nls,ExternalizeStringsOperation,modifyModel,10,3,2
eclipse.pde.ui-20120217-1437,org.eclipse.pde.internal.ui.nls,ExternalizeStringsOperation,getChangeForPlugin,7,2,1
eclipse.pde.ui-20120217-1437,org.eclipse.pde.internal.ui.nls,ExternalizeStringsOperation,getChangeForFile,11,2,2
eclipse.pde.ui-20120217-1437,org.eclipse.pde.internal.ui.nls,ExternalizeStringsOperation,doReplace,20,3,5
eclipse.pde.ui-20120217-1437,org.eclipse.pde.internal.ui.nls,ExternalizeStringsOperation,addBundleLocalization,20,4,3
eclipse.pde.ui-20120217-1437,org.eclipse.pde.internal.ui.nls,ExternalizeStringsOperation,modifyModel,7,2,2
eclipse.pde.ui-20120217-1437,org.eclipse.pde.internal.ui.nls,ExternalizeStringsOperation,getPropertiesInsertEdit,8,1,2
eclipse.pde.ui-20120217-1437,org.eclipse.pde.internal.ui.nls,ExternalizeStringsOperation,getPropertiesFileComment,8,3,1
eclipse.pde.ui-20120217-1437,org.eclipse.pde.internal.ui.nls,ExternalizeStringsProcessor,checkFinalConditions,5,2,2
eclipse.pde.ui-20120217-1437,org.eclipse.pde.internal.ui.nls,ExternalizeStringsProcessor,checkInitialConditions,3,1,1
eclipse.pde.ui-20120217-1437,org.eclipse.pde.internal.ui.nls,ExternalizeStringsProcessor,createChange,13,1,1
eclipse.pde.ui-20120217-1437,org.eclipse.pde.internal.ui.nls,ExternalizeStringsProcessor,getElements,3,1,0
eclipse.pde.ui-20120217-1437,org.eclipse.pde.internal.ui.nls,ExternalizeStringsProcessor,getIdentifier,3,1,0
eclipse.pde.ui-20120217-1437,org.eclipse.pde.internal.ui.nls,ExternalizeStringsProcessor,getProcessorName,3,1,0
eclipse.pde.ui-20120217-1437,org.eclipse.pde.internal.ui.nls,ExternalizeStringsProcessor,isApplicable,3,1,0
eclipse.pde.ui-20120217-1437,org.eclipse.pde.internal.ui.nls,ExternalizeStringsProcessor,loadParticipants,3,1,2
eclipse.pde.ui-20120217-1437,org.eclipse.pde.internal.ui.nls,ExternalizeStringsProcessor,setChangeFiles,3,1,1
eclipse.pde.ui-20120217-1437,org.eclipse.pde.internal.ui.nls,ExternalizeStringsWizard,ExternalizeStringsWizard,7,1,2
eclipse.pde.ui-20120217-1437,org.eclipse.pde.internal.ui.nls,ExternalizeStringsWizard,addUserInputPages,5,1,0
eclipse.pde.ui-20120217-1437,org.eclipse.pde.internal.ui.nls,ExternalizeStringsWizardPage,getElements,3,1,1
eclipse.pde.ui-20120217-1437,org.eclipse.pde.internal.ui.nls,ExternalizeStringsWizardPage,getChildren,4,2,1
eclipse.pde.ui-20120217-1437,org.eclipse.pde.internal.ui.nls,ExternalizeStringsWizardPage,getParent,6,2,1
eclipse.pde.ui-20120217-1437,org.eclipse.pde.internal.ui.nls,ExternalizeStringsWizardPage,hasChildren,3,1,1
eclipse.pde.ui-20120217-1437,org.eclipse.pde.internal.ui.nls,ExternalizeStringsWizardPage,dispose,2,1,0
eclipse.pde.ui-20120217-1437,org.eclipse.pde.internal.ui.nls,ExternalizeStringsWizardPage,inputChanged,2,1,3
eclipse.pde.ui-20120217-1437,org.eclipse.pde.internal.ui.nls,ExternalizeStringsWizardPage,canModify,3,1,2
eclipse.pde.ui-20120217-1437,org.eclipse.pde.internal.ui.nls,ExternalizeStringsWizardPage,getValue,9,3,2
eclipse.pde.ui-20120217-1437,org.eclipse.pde.internal.ui.nls,ExternalizeStringsWizardPage,modify,14,4,3
eclipse.pde.ui-20120217-1437,org.eclipse.pde.internal.ui.nls,ExternalizeStringsWizardPage,ExternalizeStringsWizardPage,42,5,1
eclipse.pde.ui-20120217-1437,org.eclipse.pde.internal.ui.nls,ExternalizeStringsWizardPage,select,5,2,3
eclipse.pde.ui-20120217-1437,org.eclipse.pde.internal.ui.nls,ExternalizeStringsWizardPage,modifyText,20,4,1
eclipse.pde.ui-20120217-1437,org.eclipse.pde.internal.ui.nls,ExternalizeStringsWizardPage,dispose,4,1,0
eclipse.pde.ui-20120217-1437,org.eclipse.pde.internal.ui.nls,ExternalizeStringsWizardPage,createControl,17,1,1
eclipse.pde.ui-20120217-1437,org.eclipse.pde.internal.ui.nls,ExternalizeStringsWizardPage,createInputContents,72,1,1
eclipse.pde.ui-20120217-1437,org.eclipse.pde.internal.ui.nls,ExternalizeStringsWizardPage,selectionChanged,3,1,1
eclipse.pde.ui-20120217-1437,org.eclipse.pde.internal.ui.nls,ExternalizeStringsWizardPage,checkStateChanged,3,1,1
eclipse.pde.ui-20120217-1437,org.eclipse.pde.internal.ui.nls,ExternalizeStringsWizardPage,widgetSelected,4,1,1
eclipse.pde.ui-20120217-1437,org.eclipse.pde.internal.ui.nls,ExternalizeStringsWizardPage,widgetSelected,4,1,1
eclipse.pde.ui-20120217-1437,org.eclipse.pde.internal.ui.nls,ExternalizeStringsWizardPage,createTableViewer,61,5,1
eclipse.pde.ui-20120217-1437,org.eclipse.pde.internal.ui.nls,ExternalizeStringsWizardPage,getElements,10,3,1
eclipse.pde.ui-20120217-1437,org.eclipse.pde.internal.ui.nls,ExternalizeStringsWizardPage,dispose,2,1,0
eclipse.pde.ui-20120217-1437,org.eclipse.pde.internal.ui.nls,ExternalizeStringsWizardPage,inputChanged,2,1,3
eclipse.pde.ui-20120217-1437,org.eclipse.pde.internal.ui.nls,ExternalizeStringsWizardPage,selectionChanged,3,1,1
eclipse.pde.ui-20120217-1437,org.eclipse.pde.internal.ui.nls,ExternalizeStringsWizardPage,checkStateChanged,7,2,1
eclipse.pde.ui-20120217-1437,org.eclipse.pde.internal.ui.nls,ExternalizeStringsWizardPage,createSourceViewer,14,1,1
eclipse.pde.ui-20120217-1437,org.eclipse.pde.internal.ui.nls,ExternalizeStringsWizardPage,initialize,5,1,0
eclipse.pde.ui-20120217-1437,org.eclipse.pde.internal.ui.nls,ExternalizeStringsWizardPage,handleSelectionChanged,36,6,1
eclipse.pde.ui-20120217-1437,org.eclipse.pde.internal.ui.nls,ExternalizeStringsWizardPage,refreshPropertiesViewer,9,3,1
eclipse.pde.ui-20120217-1437,org.eclipse.pde.internal.ui.nls,ExternalizeStringsWizardPage,updateSourceViewer,16,3,2
eclipse.pde.ui-20120217-1437,org.eclipse.pde.internal.ui.nls,ExternalizeStringsWizardPage,updatePropertiesLabel,6,1,1
eclipse.pde.ui-20120217-1437,org.eclipse.pde.internal.ui.nls,ExternalizeStringsWizardPage,handlePropertySelection,11,3,0
eclipse.pde.ui-20120217-1437,org.eclipse.pde.internal.ui.nls,ExternalizeStringsWizardPage,createCellEditors,7,1,0
eclipse.pde.ui-20120217-1437,org.eclipse.pde.internal.ui.nls,ExternalizeStringsWizardPage,validateKey,37,8,2
eclipse.pde.ui-20120217-1437,org.eclipse.pde.internal.ui.nls,ExternalizeStringsWizardPage,getErrorMessage,8,2,2
eclipse.pde.ui-20120217-1437,org.eclipse.pde.internal.ui.nls,ExternalizeStringsWizardPage,getChangeFiles,3,1,0
eclipse.pde.ui-20120217-1437,org.eclipse.pde.internal.ui.nls,ExternalizeStringsWizardPage,hasCheckedElements,3,1,0
eclipse.pde.ui-20120217-1437,org.eclipse.pde.internal.ui.nls,ExternalizeStringsWizardPage,setEnabled,7,6,2
eclipse.pde.ui-20120217-1437,org.eclipse.pde.internal.ui.nls,ExternalizeStringsWizardPage,setPageComplete,4,2,1
eclipse.pde.ui-20120217-1437,org.eclipse.pde.internal.ui.nls,ModelChangeContentProvider,getElements,3,1,1
eclipse.pde.ui-20120217-1437,org.eclipse.pde.internal.ui.nls,ModelChangeContentProvider,getChildren,4,2,1
eclipse.pde.ui-20120217-1437,org.eclipse.pde.internal.ui.nls,ModelChangeContentProvider,getParent,6,2,1
eclipse.pde.ui-20120217-1437,org.eclipse.pde.internal.ui.nls,ModelChangeContentProvider,hasChildren,3,1,1
eclipse.pde.ui-20120217-1437,org.eclipse.pde.internal.ui.nls,ModelChangeContentProvider,dispose,2,1,0
eclipse.pde.ui-20120217-1437,org.eclipse.pde.internal.ui.nls,ModelChangeContentProvider,inputChanged,2,1,3
eclipse.pde.ui-20120217-1437,org.eclipse.pde.internal.ui.nls,ExternalizeStringsCellModifier,canModify,3,1,2
eclipse.pde.ui-20120217-1437,org.eclipse.pde.internal.ui.nls,ExternalizeStringsCellModifier,getValue,9,3,2
eclipse.pde.ui-20120217-1437,org.eclipse.pde.internal.ui.nls,ExternalizeStringsCellModifier,modify,14,4,3
eclipse.pde.ui-20120217-1437,org.eclipse.pde.internal.ui.nls,GetNonExternalizedStringsAction,execute,4,1,1
eclipse.pde.ui-20120217-1437,org.eclipse.pde.internal.ui.nls,GetNonExternalizedStringsAction,runGetNonExternalizedStringsAction,28,4,1
eclipse.pde.ui-20120217-1437,org.eclipse.pde.internal.ui.nls,GetNonExternalizedStringsAction,setExternalizeSelectedPluginsOnly,3,1,1
eclipse.pde.ui-20120217-1437,org.eclipse.pde.internal.ui.nls,GetNonExternalizedStringsAction,isExternalizeSelectedPluginsOnly,3,1,0
eclipse.pde.ui-20120217-1437,org.eclipse.pde.internal.ui.nls,GetNonExternalizedStringsAction,setSkipMessageDialog,3,1,1
eclipse.pde.ui-20120217-1437,org.eclipse.pde.internal.ui.nls,GetNonExternalizedStringsAction,isSkipMessageDialog,3,1,0
eclipse.pde.ui-20120217-1437,org.eclipse.pde.internal.ui.nls,GetNonExternalizedStringsOperation,GetNonExternalizedStringsOperation,4,1,2
eclipse.pde.ui-20120217-1437,org.eclipse.pde.internal.ui.nls,GetNonExternalizedStringsOperation,run,27,10,1
eclipse.pde.ui-20120217-1437,org.eclipse.pde.internal.ui.nls,GetNonExternalizedStringsOperation,getUnExternalizedStrings,18,5,2
eclipse.pde.ui-20120217-1437,org.eclipse.pde.internal.ui.nls,GetNonExternalizedStringsOperation,modifyModel,12,5,2
eclipse.pde.ui-20120217-1437,org.eclipse.pde.internal.ui.nls,GetNonExternalizedStringsOperation,inspectManifest,8,3,2
eclipse.pde.ui-20120217-1437,org.eclipse.pde.internal.ui.nls,GetNonExternalizedStringsOperation,inspectXML,26,9,2
eclipse.pde.ui-20120217-1437,org.eclipse.pde.internal.ui.nls,GetNonExternalizedStringsOperation,inspectExtension,29,13,4
eclipse.pde.ui-20120217-1437,org.eclipse.pde.internal.ui.nls,GetNonExternalizedStringsOperation,inspectExtensionPoint,3,3,3
eclipse.pde.ui-20120217-1437,org.eclipse.pde.internal.ui.nls,GetNonExternalizedStringsOperation,isNotTranslated,5,3,1
eclipse.pde.ui-20120217-1437,org.eclipse.pde.internal.ui.nls,GetNonExternalizedStringsOperation,getChangeTable,3,1,0
eclipse.pde.ui-20120217-1437,org.eclipse.pde.internal.ui.nls,GetNonExternalizedStringsOperation,wasCanceled,3,1,0
eclipse.pde.ui-20120217-1437,org.eclipse.pde.internal.ui.nls,GetNonExternalizedStringsOperation,selected,3,1,1
eclipse.pde.ui-20120217-1437,org.eclipse.pde.internal.ui.nls,InternationalizationWizardPage,InternationalizationWizardPage,3,1,1
eclipse.pde.ui-20120217-1437,org.eclipse.pde.internal.ui.nls,InternationalizationWizardPage,InternationalizationWizardPage,3,1,3
eclipse.pde.ui-20120217-1437,org.eclipse.pde.internal.ui.nls,InternationalizationWizardPage,createFilterContainer,13,1,3
eclipse.pde.ui-20120217-1437,org.eclipse.pde.internal.ui.nls,InternationalizationWizardPage,createFilterText,7,1,2
eclipse.pde.ui-20120217-1437,org.eclipse.pde.internal.ui.nls,InternationalizeAction,execute,34,4,1
eclipse.pde.ui-20120217-1437,org.eclipse.pde.internal.ui.nls,InternationalizeModelTable,InternationalizeModelTable,4,1,0
eclipse.pde.ui-20120217-1437,org.eclipse.pde.internal.ui.nls,InternationalizeModelTable,addToModelTable,4,2,2
eclipse.pde.ui-20120217-1437,org.eclipse.pde.internal.ui.nls,InternationalizeModelTable,addModel,3,1,1
eclipse.pde.ui-20120217-1437,org.eclipse.pde.internal.ui.nls,InternationalizeModelTable,removeModel,3,1,1
eclipse.pde.ui-20120217-1437,org.eclipse.pde.internal.ui.nls,InternationalizeModelTable,getModelCount,3,1,0
eclipse.pde.ui-20120217-1437,org.eclipse.pde.internal.ui.nls,InternationalizeModelTable,getModels,3,1,0
eclipse.pde.ui-20120217-1437,org.eclipse.pde.internal.ui.nls,InternationalizeModelTable,getPreSelected,3,1,0
eclipse.pde.ui-20120217-1437,org.eclipse.pde.internal.ui.nls,InternationalizeModelTable,hasPreSelected,3,1,0
eclipse.pde.ui-20120217-1437,org.eclipse.pde.internal.ui.nls,InternationalizeModelTable,isEmpty,3,1,0
eclipse.pde.ui-20120217-1437,org.eclipse.pde.internal.ui.nls,InternationalizeOperation,InternationalizeOperation,3,1,1
eclipse.pde.ui-20120217-1437,org.eclipse.pde.internal.ui.nls,InternationalizeOperation,run,16,6,1
eclipse.pde.ui-20120217-1437,org.eclipse.pde.internal.ui.nls,InternationalizeOperation,wasCanceled,3,1,0
eclipse.pde.ui-20120217-1437,org.eclipse.pde.internal.ui.nls,InternationalizeOperation,selected,3,1,1
eclipse.pde.ui-20120217-1437,org.eclipse.pde.internal.ui.nls,InternationalizeOperation,getPluginTable,3,1,0
eclipse.pde.ui-20120217-1437,org.eclipse.pde.internal.ui.nls,InternationalizeWizard,InternationalizeWizard,8,1,1
eclipse.pde.ui-20120217-1437,org.eclipse.pde.internal.ui.nls,InternationalizeWizard,populateLocaleModelTable,7,2,0
eclipse.pde.ui-20120217-1437,org.eclipse.pde.internal.ui.nls,InternationalizeWizard,init,2,1,2
eclipse.pde.ui-20120217-1437,org.eclipse.pde.internal.ui.nls,InternationalizeWizard,addPages,7,1,0
eclipse.pde.ui-20120217-1437,org.eclipse.pde.internal.ui.nls,InternationalizeWizard,getSettingsSection,7,2,1
eclipse.pde.ui-20120217-1437,org.eclipse.pde.internal.ui.nls,InternationalizeWizard,getPluginModelsForInternationalization,3,1,0
eclipse.pde.ui-20120217-1437,org.eclipse.pde.internal.ui.nls,InternationalizeWizard,getLocalesForInternationalization,3,1,0
eclipse.pde.ui-20120217-1437,org.eclipse.pde.internal.ui.nls,InternationalizeWizard,performFinish,7,1,0
eclipse.pde.ui-20120217-1437,org.eclipse.pde.internal.ui.nls,InternationalizeWizard,getNextPage,7,2,1
eclipse.pde.ui-20120217-1437,org.eclipse.pde.internal.ui.nls,InternationalizeWizard,getPreviousPage,6,2,1
eclipse.pde.ui-20120217-1437,org.eclipse.pde.internal.ui.nls,InternationalizeWizard,canFinish,3,1,0
eclipse.pde.ui-20120217-1437,org.eclipse.pde.internal.ui.nls,InternationalizeWizard,ensurePluginsAreExternalized,16,3,0
eclipse.pde.ui-20120217-1437,org.eclipse.pde.internal.ui.nls,InternationalizeWizard,performCancel,3,1,0
eclipse.pde.ui-20120217-1437,org.eclipse.pde.internal.ui.nls,InternationalizeWizard,setContainer,4,2,1
eclipse.pde.ui-20120217-1437,org.eclipse.pde.internal.ui.nls,InternationalizeWizardLocalePage,getElements,3,1,1
eclipse.pde.ui-20120217-1437,org.eclipse.pde.internal.ui.nls,InternationalizeWizardLocalePage,InternationalizeWizardLocalePage,11,2,2
eclipse.pde.ui-20120217-1437,org.eclipse.pde.internal.ui.nls,InternationalizeWizardLocalePage,addFilter,12,1,0
eclipse.pde.ui-20120217-1437,org.eclipse.pde.internal.ui.nls,InternationalizeWizardLocalePage,runInUIThread,4,1,1
eclipse.pde.ui-20120217-1437,org.eclipse.pde.internal.ui.nls,InternationalizeWizardLocalePage,handleFilter,12,3,0
eclipse.pde.ui-20120217-1437,org.eclipse.pde.internal.ui.nls,InternationalizeWizardLocalePage,createControl,19,1,1
eclipse.pde.ui-20120217-1437,org.eclipse.pde.internal.ui.nls,InternationalizeWizardLocalePage,createLocaleList,19,1,1
eclipse.pde.ui-20120217-1437,org.eclipse.pde.internal.ui.nls,InternationalizeWizardLocalePage,isRefreshNeeded,10,3,0
eclipse.pde.ui-20120217-1437,org.eclipse.pde.internal.ui.nls,InternationalizeWizardLocalePage,addLocale,5,2,2
eclipse.pde.ui-20120217-1437,org.eclipse.pde.internal.ui.nls,InternationalizeWizardLocalePage,getLocalesForInternationalization,8,2,0
eclipse.pde.ui-20120217-1437,org.eclipse.pde.internal.ui.nls,InternationalizeWizardLocalePage,storeSettings,2,1,0
eclipse.pde.ui-20120217-1437,org.eclipse.pde.internal.ui.nls,InternationalizeWizardLocalePage,modelsChanged,3,1,1
eclipse.pde.ui-20120217-1437,org.eclipse.pde.internal.ui.nls,InternationalizeWizardLocalePage,initialize,4,1,0
eclipse.pde.ui-20120217-1437,org.eclipse.pde.internal.ui.nls,InternationalizeWizardLocalePage,addViewerListeners,33,3,0
eclipse.pde.ui-20120217-1437,org.eclipse.pde.internal.ui.nls,InternationalizeWizardLocalePage,doubleClick,3,1,1
eclipse.pde.ui-20120217-1437,org.eclipse.pde.internal.ui.nls,InternationalizeWizardLocalePage,doubleClick,3,1,1
eclipse.pde.ui-20120217-1437,org.eclipse.pde.internal.ui.nls,InternationalizeWizardLocalePage,selectionChanged,3,2,1
eclipse.pde.ui-20120217-1437,org.eclipse.pde.internal.ui.nls,InternationalizeWizardLocalePage,selectionChanged,3,2,1
eclipse.pde.ui-20120217-1437,org.eclipse.pde.internal.ui.nls,InternationalizeWizardLocalePage,modifyText,4,1,1
eclipse.pde.ui-20120217-1437,org.eclipse.pde.internal.ui.nls,InternationalizeWizardLocalePage,createAvailableList,21,1,1
eclipse.pde.ui-20120217-1437,org.eclipse.pde.internal.ui.nls,InternationalizeWizardLocalePage,createButtonArea,61,1,1
eclipse.pde.ui-20120217-1437,org.eclipse.pde.internal.ui.nls,InternationalizeWizardLocalePage,widgetSelected,3,1,1
eclipse.pde.ui-20120217-1437,org.eclipse.pde.internal.ui.nls,InternationalizeWizardLocalePage,widgetSelected,3,1,1
eclipse.pde.ui-20120217-1437,org.eclipse.pde.internal.ui.nls,InternationalizeWizardLocalePage,widgetSelected,3,1,1
eclipse.pde.ui-20120217-1437,org.eclipse.pde.internal.ui.nls,InternationalizeWizardLocalePage,widgetSelected,3,1,1
eclipse.pde.ui-20120217-1437,org.eclipse.pde.internal.ui.nls,InternationalizeWizardLocalePage,createScrollArea,5,1,1
eclipse.pde.ui-20120217-1437,org.eclipse.pde.internal.ui.nls,InternationalizeWizardLocalePage,refreshPage,6,1,0
eclipse.pde.ui-20120217-1437,org.eclipse.pde.internal.ui.nls,InternationalizeWizardLocalePage,pageChanged,3,1,0
eclipse.pde.ui-20120217-1437,org.eclipse.pde.internal.ui.nls,InternationalizeWizardLocalePage,pageChanged,11,2,2
eclipse.pde.ui-20120217-1437,org.eclipse.pde.internal.ui.nls,InternationalizeWizardLocalePage,updateCount,4,1,0
eclipse.pde.ui-20120217-1437,org.eclipse.pde.internal.ui.nls,InternationalizeWizardLocalePage,updateButtonEnablement,8,3,2
eclipse.pde.ui-20120217-1437,org.eclipse.pde.internal.ui.nls,InternationalizeWizardLocalePage,updateSelectionBasedEnablement,4,2,2
eclipse.pde.ui-20120217-1437,org.eclipse.pde.internal.ui.nls,InternationalizeWizardLocalePage,handleAdd,17,3,0
eclipse.pde.ui-20120217-1437,org.eclipse.pde.internal.ui.nls,InternationalizeWizardLocalePage,handleAddAll,18,4,0
eclipse.pde.ui-20120217-1437,org.eclipse.pde.internal.ui.nls,InternationalizeWizardLocalePage,handleRemove,17,3,0
eclipse.pde.ui-20120217-1437,org.eclipse.pde.internal.ui.nls,InternationalizeWizardLocalePage,doAdd,6,1,1
eclipse.pde.ui-20120217-1437,org.eclipse.pde.internal.ui.nls,InternationalizeWizardLocalePage,doRemove,6,1,1
eclipse.pde.ui-20120217-1437,org.eclipse.pde.internal.ui.nls,InternationalizeWizardLocalePage,setRedraw,4,1,1
eclipse.pde.ui-20120217-1437,org.eclipse.pde.internal.ui.nls,InternationalizeWizardLocalePage,handleRemoveAll,18,4,0
eclipse.pde.ui-20120217-1437,org.eclipse.pde.internal.ui.nls,InternationalizeWizardLocalePage,dispose,4,1,0
eclipse.pde.ui-20120217-1437,org.eclipse.pde.internal.ui.nls,InternationalizeWizardLocalePage,setBlockSelectionListeners,3,1,1
eclipse.pde.ui-20120217-1437,org.eclipse.pde.internal.ui.nls,InternationalizeWizardLocalePage,isCurrentPage,3,1,0
eclipse.pde.ui-20120217-1437,org.eclipse.pde.internal.ui.nls,InternationalizeWizardLocalePage,canFlipToNextPage,3,1,0
eclipse.pde.ui-20120217-1437,org.eclipse.pde.internal.ui.nls,ContentProvider,getElements,3,1,1
eclipse.pde.ui-20120217-1437,org.eclipse.pde.internal.ui.nls,InternationalizeWizardOpenOperation,InternationalizeWizardOpenOperation,4,1,1
eclipse.pde.ui-20120217-1437,org.eclipse.pde.internal.ui.nls,InternationalizeWizardOpenOperation,run,32,3,2
eclipse.pde.ui-20120217-1437,org.eclipse.pde.internal.ui.nls,InternationalizeWizardOpenOperation,run,20,2,0
eclipse.pde.ui-20120217-1437,org.eclipse.pde.internal.ui.nls,InternationalizeWizardPluginPage,getElements,3,1,1
eclipse.pde.ui-20120217-1437,org.eclipse.pde.internal.ui.nls,InternationalizeWizardPluginPage,getElements,3,1,1
eclipse.pde.ui-20120217-1437,org.eclipse.pde.internal.ui.nls,InternationalizeWizardPluginPage,InternationalizeWizardPluginPage,10,2,2
eclipse.pde.ui-20120217-1437,org.eclipse.pde.internal.ui.nls,InternationalizeWizardPluginPage,addFilter,12,1,0
eclipse.pde.ui-20120217-1437,org.eclipse.pde.internal.ui.nls,InternationalizeWizardPluginPage,runInUIThread,4,1,1
eclipse.pde.ui-20120217-1437,org.eclipse.pde.internal.ui.nls,InternationalizeWizardPluginPage,handleFilter,12,3,0
eclipse.pde.ui-20120217-1437,org.eclipse.pde.internal.ui.nls,InternationalizeWizardPluginPage,createControl,48,1,1
eclipse.pde.ui-20120217-1437,org.eclipse.pde.internal.ui.nls,InternationalizeWizardPluginPage,modifyText,3,1,1
eclipse.pde.ui-20120217-1437,org.eclipse.pde.internal.ui.nls,InternationalizeWizardPluginPage,createAvailableList,5,1,1
eclipse.pde.ui-20120217-1437,org.eclipse.pde.internal.ui.nls,InternationalizeWizardPluginPage,createInternationalizeList,5,1,1
eclipse.pde.ui-20120217-1437,org.eclipse.pde.internal.ui.nls,InternationalizeWizardPluginPage,createViewerContainer,11,1,2
eclipse.pde.ui-20120217-1437,org.eclipse.pde.internal.ui.nls,InternationalizeWizardPluginPage,createTableViewer,13,1,3
eclipse.pde.ui-20120217-1437,org.eclipse.pde.internal.ui.nls,InternationalizeWizardPluginPage,isRefreshNeeded,7,2,0
eclipse.pde.ui-20120217-1437,org.eclipse.pde.internal.ui.nls,InternationalizeWizardPluginPage,findModel,7,3,1
eclipse.pde.ui-20120217-1437,org.eclipse.pde.internal.ui.nls,InternationalizeWizardPluginPage,findFragments,12,4,1
eclipse.pde.ui-20120217-1437,org.eclipse.pde.internal.ui.nls,InternationalizeWizardPluginPage,addPluginAndDependencies,17,5,3
eclipse.pde.ui-20120217-1437,org.eclipse.pde.internal.ui.nls,InternationalizeWizardPluginPage,addDependencies,26,8,3
eclipse.pde.ui-20120217-1437,org.eclipse.pde.internal.ui.nls,InternationalizeWizardPluginPage,getModelsToInternationalize,8,2,0
eclipse.pde.ui-20120217-1437,org.eclipse.pde.internal.ui.nls,InternationalizeWizardPluginPage,storeSettings,6,1,0
eclipse.pde.ui-20120217-1437,org.eclipse.pde.internal.ui.nls,InternationalizeWizardPluginPage,createIndividualFragments,3,1,0
eclipse.pde.ui-20120217-1437,org.eclipse.pde.internal.ui.nls,InternationalizeWizardPluginPage,modelsChanged,3,1,1
eclipse.pde.ui-20120217-1437,org.eclipse.pde.internal.ui.nls,InternationalizeWizardPluginPage,initialize,4,1,0
eclipse.pde.ui-20120217-1437,org.eclipse.pde.internal.ui.nls,InternationalizeWizardPluginPage,addViewerListeners,33,3,0
eclipse.pde.ui-20120217-1437,org.eclipse.pde.internal.ui.nls,InternationalizeWizardPluginPage,doubleClick,3,1,1
eclipse.pde.ui-20120217-1437,org.eclipse.pde.internal.ui.nls,InternationalizeWizardPluginPage,doubleClick,3,1,1
eclipse.pde.ui-20120217-1437,org.eclipse.pde.internal.ui.nls,InternationalizeWizardPluginPage,selectionChanged,3,2,1
eclipse.pde.ui-20120217-1437,org.eclipse.pde.internal.ui.nls,InternationalizeWizardPluginPage,selectionChanged,3,2,1
eclipse.pde.ui-20120217-1437,org.eclipse.pde.internal.ui.nls,InternationalizeWizardPluginPage,modifyText,4,1,1
eclipse.pde.ui-20120217-1437,org.eclipse.pde.internal.ui.nls,InternationalizeWizardPluginPage,createButtonArea,61,1,1
eclipse.pde.ui-20120217-1437,org.eclipse.pde.internal.ui.nls,InternationalizeWizardPluginPage,widgetSelected,3,1,1
eclipse.pde.ui-20120217-1437,org.eclipse.pde.internal.ui.nls,InternationalizeWizardPluginPage,widgetSelected,3,1,1
eclipse.pde.ui-20120217-1437,org.eclipse.pde.internal.ui.nls,InternationalizeWizardPluginPage,widgetSelected,3,1,1
eclipse.pde.ui-20120217-1437,org.eclipse.pde.internal.ui.nls,InternationalizeWizardPluginPage,widgetSelected,3,1,1
eclipse.pde.ui-20120217-1437,org.eclipse.pde.internal.ui.nls,InternationalizeWizardPluginPage,createScrollArea,5,1,1
eclipse.pde.ui-20120217-1437,org.eclipse.pde.internal.ui.nls,InternationalizeWizardPluginPage,refreshPage,6,1,0
eclipse.pde.ui-20120217-1437,org.eclipse.pde.internal.ui.nls,InternationalizeWizardPluginPage,pageChanged,3,1,0
eclipse.pde.ui-20120217-1437,org.eclipse.pde.internal.ui.nls,InternationalizeWizardPluginPage,pageChanged,14,3,2
eclipse.pde.ui-20120217-1437,org.eclipse.pde.internal.ui.nls,InternationalizeWizardPluginPage,updateCount,4,1,0
eclipse.pde.ui-20120217-1437,org.eclipse.pde.internal.ui.nls,InternationalizeWizardPluginPage,updateButtonEnablement,8,3,2
eclipse.pde.ui-20120217-1437,org.eclipse.pde.internal.ui.nls,InternationalizeWizardPluginPage,updateSelectionBasedEnablement,4,2,2
eclipse.pde.ui-20120217-1437,org.eclipse.pde.internal.ui.nls,InternationalizeWizardPluginPage,handleAdd,17,3,0
eclipse.pde.ui-20120217-1437,org.eclipse.pde.internal.ui.nls,InternationalizeWizardPluginPage,handleAddAll,18,4,0
eclipse.pde.ui-20120217-1437,org.eclipse.pde.internal.ui.nls,InternationalizeWizardPluginPage,handleRemove,17,3,0
eclipse.pde.ui-20120217-1437,org.eclipse.pde.internal.ui.nls,InternationalizeWizardPluginPage,doAdd,6,1,1
eclipse.pde.ui-20120217-1437,org.eclipse.pde.internal.ui.nls,InternationalizeWizardPluginPage,doRemove,6,1,1
eclipse.pde.ui-20120217-1437,org.eclipse.pde.internal.ui.nls,InternationalizeWizardPluginPage,setRedraw,4,1,1
eclipse.pde.ui-20120217-1437,org.eclipse.pde.internal.ui.nls,InternationalizeWizardPluginPage,handleRemoveAll,18,4,0
eclipse.pde.ui-20120217-1437,org.eclipse.pde.internal.ui.nls,InternationalizeWizardPluginPage,dispose,4,1,0
eclipse.pde.ui-20120217-1437,org.eclipse.pde.internal.ui.nls,InternationalizeWizardPluginPage,setBlockSelectionListeners,3,1,1
eclipse.pde.ui-20120217-1437,org.eclipse.pde.internal.ui.nls,InternationalizeWizardPluginPage,isCurrentPage,3,1,0
eclipse.pde.ui-20120217-1437,org.eclipse.pde.internal.ui.nls,InternationalizeWizardPluginPage,canFlipToNextPage,6,2,0
eclipse.pde.ui-20120217-1437,org.eclipse.pde.internal.ui.nls,InternationalizeWizardPluginPage,getTemplate,3,1,0
eclipse.pde.ui-20120217-1437,org.eclipse.pde.internal.ui.nls,InternationalizeWizardPluginPage,overwriteWithoutAsking,3,1,0
eclipse.pde.ui-20120217-1437,org.eclipse.pde.internal.ui.nls,ContentProvider,getElements,3,1,1
eclipse.pde.ui-20120217-1437,org.eclipse.pde.internal.ui.nls,SelectedContentProvider,getElements,3,1,1
eclipse.pde.ui-20120217-1437,org.eclipse.pde.internal.ui.nls,ModelChange,modelLoaded,8,1,1
eclipse.pde.ui-20120217-1437,org.eclipse.pde.internal.ui.nls,ModelChange,ModelChange,6,2,2
eclipse.pde.ui-20120217-1437,org.eclipse.pde.internal.ui.nls,ModelChange,addChange,7,4,2
eclipse.pde.ui-20120217-1437,org.eclipse.pde.internal.ui.nls,ModelChange,addXMLChange,9,3,2
eclipse.pde.ui-20120217-1437,org.eclipse.pde.internal.ui.nls,ModelChange,addMFChange,6,2,2
eclipse.pde.ui-20120217-1437,org.eclipse.pde.internal.ui.nls,ModelChange,getChangeFiles,8,4,0
eclipse.pde.ui-20120217-1437,org.eclipse.pde.internal.ui.nls,ModelChange,getPropertiesFile,3,1,0
eclipse.pde.ui-20120217-1437,org.eclipse.pde.internal.ui.nls,ModelChange,getProperties,19,3,0
eclipse.pde.ui-20120217-1437,org.eclipse.pde.internal.ui.nls,ModelChange,getChangesInFile,5,3,1
eclipse.pde.ui-20120217-1437,org.eclipse.pde.internal.ui.nls,ModelChange,getNumberOfChangesInFile,5,3,1
eclipse.pde.ui-20120217-1437,org.eclipse.pde.internal.ui.nls,ModelChange,wasPreSelected,3,1,0
eclipse.pde.ui-20120217-1437,org.eclipse.pde.internal.ui.nls,ModelChange,getParentModel,3,1,0
eclipse.pde.ui-20120217-1437,org.eclipse.pde.internal.ui.nls,ModelChange,getModelChangeFiles,6,4,0
eclipse.pde.ui-20120217-1437,org.eclipse.pde.internal.ui.nls,ModelChange,setBundleLocalization,6,3,1
eclipse.pde.ui-20120217-1437,org.eclipse.pde.internal.ui.nls,ModelChange,getBundleLocalization,3,1,0
eclipse.pde.ui-20120217-1437,org.eclipse.pde.internal.ui.nls,ModelChange,localizationSet,4,1,0
eclipse.pde.ui-20120217-1437,org.eclipse.pde.internal.ui.nls,ModelChangeElement,ModelChangeElement,34,5,2
eclipse.pde.ui-20120217-1437,org.eclipse.pde.internal.ui.nls,ModelChangeElement,getKey,3,1,0
eclipse.pde.ui-20120217-1437,org.eclipse.pde.internal.ui.nls,ModelChangeElement,setKey,3,1,1
eclipse.pde.ui-20120217-1437,org.eclipse.pde.internal.ui.nls,ModelChangeElement,getValue,3,1,0
eclipse.pde.ui-20120217-1437,org.eclipse.pde.internal.ui.nls,ModelChangeElement,setValue,3,1,1
eclipse.pde.ui-20120217-1437,org.eclipse.pde.internal.ui.nls,ModelChangeElement,isExternalized,3,1,0
eclipse.pde.ui-20120217-1437,org.eclipse.pde.internal.ui.nls,ModelChangeElement,setExternalized,3,1,1
eclipse.pde.ui-20120217-1437,org.eclipse.pde.internal.ui.nls,ModelChangeElement,getOffset,3,1,0
eclipse.pde.ui-20120217-1437,org.eclipse.pde.internal.ui.nls,ModelChangeElement,getLength,3,1,0
eclipse.pde.ui-20120217-1437,org.eclipse.pde.internal.ui.nls,ModelChangeElement,generateValidKey,3,1,2
eclipse.pde.ui-20120217-1437,org.eclipse.pde.internal.ui.nls,ModelChangeElement,generateValidKey,11,3,1
eclipse.pde.ui-20120217-1437,org.eclipse.pde.internal.ui.nls,ModelChangeElement,getExternKey,3,1,0
eclipse.pde.ui-20120217-1437,org.eclipse.pde.internal.ui.nls,ModelChangeElement,updateValue,27,5,0
eclipse.pde.ui-20120217-1437,org.eclipse.pde.internal.ui.nls,ModelChangeFile,ModelChangeFile,4,1,2
eclipse.pde.ui-20120217-1437,org.eclipse.pde.internal.ui.nls,ModelChangeFile,getFile,3,1,0
eclipse.pde.ui-20120217-1437,org.eclipse.pde.internal.ui.nls,ModelChangeFile,getModel,3,1,0
eclipse.pde.ui-20120217-1437,org.eclipse.pde.internal.ui.nls,ModelChangeFile,add,3,2,1
eclipse.pde.ui-20120217-1437,org.eclipse.pde.internal.ui.nls,ModelChangeFile,getNumChanges,3,1,0
eclipse.pde.ui-20120217-1437,org.eclipse.pde.internal.ui.nls,ModelChangeFile,getChanges,3,1,0
eclipse.pde.ui-20120217-1437,org.eclipse.pde.internal.ui.nls,ModelChangeLabelProvider,ModelChangeLabelProvider,4,1,0
eclipse.pde.ui-20120217-1437,org.eclipse.pde.internal.ui.nls,ModelChangeLabelProvider,getText,5,3,1
eclipse.pde.ui-20120217-1437,org.eclipse.pde.internal.ui.nls,ModelChangeLabelProvider,getObjectText,10,2,1
eclipse.pde.ui-20120217-1437,org.eclipse.pde.internal.ui.nls,ModelChangeLabelProvider,getImage,9,5,1
eclipse.pde.ui-20120217-1437,org.eclipse.pde.internal.ui.nls,ModelChangeLabelProvider,getObjectImage,6,3,1
eclipse.pde.ui-20120217-1437,org.eclipse.pde.internal.ui.nls,ModelChangeLabelProvider,dispose,5,3,0
eclipse.pde.ui-20120217-1437,org.eclipse.pde.internal.ui.nls,ModelChangeTable,addToChangeTable,11,4,4
eclipse.pde.ui-20120217-1437,org.eclipse.pde.internal.ui.nls,ModelChangeTable,getAllModelChanges,3,1,0
eclipse.pde.ui-20120217-1437,org.eclipse.pde.internal.ui.nls,ModelChangeTable,getModelChange,4,2,1
eclipse.pde.ui-20120217-1437,org.eclipse.pde.internal.ui.nls,ModelChangeTable,getPreSelected,3,1,0
eclipse.pde.ui-20120217-1437,org.eclipse.pde.internal.ui.nls,ModelChangeTable,hasPreSelected,3,1,0
eclipse.pde.ui-20120217-1437,org.eclipse.pde.internal.ui.nls,ModelChangeTable,isEmpty,3,1,0
eclipse.pde.ui-20120217-1437,org.eclipse.pde.internal.ui.nls,NLSFragmentGenerator,matches,4,1,1
eclipse.pde.ui-20120217-1437,org.eclipse.pde.internal.ui.nls,NLSFragmentGenerator,matches,4,1,1
eclipse.pde.ui-20120217-1437,org.eclipse.pde.internal.ui.nls,NLSFragmentGenerator,matches,4,1,1
eclipse.pde.ui-20120217-1437,org.eclipse.pde.internal.ui.nls,NLSFragmentGenerator,matches,4,1,1
eclipse.pde.ui-20120217-1437,org.eclipse.pde.internal.ui.nls,NLSFragmentGenerator,matches,3,1,1
eclipse.pde.ui-20120217-1437,org.eclipse.pde.internal.ui.nls,NLSFragmentGenerator,NLSFragmentGenerator,7,1,5
eclipse.pde.ui-20120217-1437,org.eclipse.pde.internal.ui.nls,NLSFragmentGenerator,setProgressMonitor,3,1,1
eclipse.pde.ui-20120217-1437,org.eclipse.pde.internal.ui.nls,NLSFragmentGenerator,getProgressMonitor,3,1,0
eclipse.pde.ui-20120217-1437,org.eclipse.pde.internal.ui.nls,NLSFragmentGenerator,generate,26,1,0
eclipse.pde.ui-20120217-1437,org.eclipse.pde.internal.ui.nls,NLSFragmentGenerator,run,14,1,1
eclipse.pde.ui-20120217-1437,org.eclipse.pde.internal.ui.nls,NLSFragmentGenerator,run,3,1,0
eclipse.pde.ui-20120217-1437,org.eclipse.pde.internal.ui.nls,NLSFragmentGenerator,internationalizePlugins,22,6,3
eclipse.pde.ui-20120217-1437,org.eclipse.pde.internal.ui.nls,NLSFragmentGenerator,promptForOverwrite,16,5,2
eclipse.pde.ui-20120217-1437,org.eclipse.pde.internal.ui.nls,NLSFragmentGenerator,getNLProject,3,1,2
eclipse.pde.ui-20120217-1437,org.eclipse.pde.internal.ui.nls,NLSFragmentGenerator,createNLFragment,16,1,3
eclipse.pde.ui-20120217-1437,org.eclipse.pde.internal.ui.nls,NLSFragmentGenerator,getProjectName,3,1,0
eclipse.pde.ui-20120217-1437,org.eclipse.pde.internal.ui.nls,NLSFragmentGenerator,getProject,3,1,0
eclipse.pde.ui-20120217-1437,org.eclipse.pde.internal.ui.nls,NLSFragmentGenerator,getLocationPath,3,1,0
eclipse.pde.ui-20120217-1437,org.eclipse.pde.internal.ui.nls,NLSFragmentGenerator,pluginName,3,1,2
eclipse.pde.ui-20120217-1437,org.eclipse.pde.internal.ui.nls,NLSFragmentGenerator,populateFieldData,21,2,2
eclipse.pde.ui-20120217-1437,org.eclipse.pde.internal.ui.nls,NLSFragmentGenerator,incrementRelease,17,3,1
eclipse.pde.ui-20120217-1437,org.eclipse.pde.internal.ui.nls,NLSFragmentGenerator,createLocaleSpecificPropertiesFile,83,12,3
eclipse.pde.ui-20120217-1437,org.eclipse.pde.internal.ui.nls,NLSFragmentGenerator,visit,25,5,1
eclipse.pde.ui-20120217-1437,org.eclipse.pde.internal.ui.nls,NLSFragmentGenerator,visit,16,3,1
eclipse.pde.ui-20120217-1437,org.eclipse.pde.internal.ui.nls,NLSFragmentGenerator,worked,7,2,0
eclipse.pde.ui-20120217-1437,org.eclipse.pde.internal.ui.nls,NLSFragmentGenerator,createParents,11,3,2
eclipse.pde.ui-20120217-1437,org.eclipse.pde.internal.ui.nls,NLSFragmentGenerator,join,3,1,2
eclipse.pde.ui-20120217-1437,org.eclipse.pde.internal.ui.nls,NLSFragmentGenerator,join,10,3,4
eclipse.pde.ui-20120217-1437,org.eclipse.pde.internal.ui.nls,NLSFragmentGenerator,localeSpecificName,5,1,2
eclipse.pde.ui-20120217-1437,org.eclipse.pde.internal.ui.nls,NLSFragmentGenerator,Filters,3,1,1
eclipse.pde.ui-20120217-1437,org.eclipse.pde.internal.ui.nls,NLSFragmentGenerator,add,3,1,1
eclipse.pde.ui-20120217-1437,org.eclipse.pde.internal.ui.nls,NLSFragmentGenerator,include,14,4,1
eclipse.pde.ui-20120217-1437,org.eclipse.pde.internal.ui.nls,NLSFragmentGenerator,AbstractFilter,3,1,1
eclipse.pde.ui-20120217-1437,org.eclipse.pde.internal.ui.nls,NLSFragmentGenerator,inclusive,3,1,0
eclipse.pde.ui-20120217-1437,org.eclipse.pde.internal.ui.nls,NLSFragmentGenerator,inclusive,0,1,0
eclipse.pde.ui-20120217-1437,org.eclipse.pde.internal.ui.nls,NLSFragmentGenerator,matches,0,1,1
eclipse.pde.ui-20120217-1437,org.eclipse.pde.internal.ui.nls,NLSFragmentGenerator,visit,0,1,1
eclipse.pde.ui-20120217-1437,org.eclipse.pde.internal.ui.nls,NLSFragmentGenerator,quote,3,1,1
eclipse.pde.ui-20120217-1437,org.eclipse.pde.internal.ui.nls,NLSFragmentGenerator,ensureTargetVersionCompatibility,6,2,1
eclipse.pde.ui-20120217-1437,org.eclipse.pde.internal.ui.nls,Filters,Filters,3,1,1
eclipse.pde.ui-20120217-1437,org.eclipse.pde.internal.ui.nls,Filters,add,3,1,1
eclipse.pde.ui-20120217-1437,org.eclipse.pde.internal.ui.nls,Filters,include,14,4,1
eclipse.pde.ui-20120217-1437,org.eclipse.pde.internal.ui.nls,AbstractFilter,AbstractFilter,3,1,1
eclipse.pde.ui-20120217-1437,org.eclipse.pde.internal.ui.nls,AbstractFilter,inclusive,3,1,0
eclipse.pde.ui-20120217-1437,org.eclipse.pde.internal.ui.nls,Filter,inclusive,0,1,0
eclipse.pde.ui-20120217-1437,org.eclipse.pde.internal.ui.nls,Filter,matches,0,1,1
eclipse.pde.ui-20120217-1437,org.eclipse.pde.internal.ui.nls,Visitor,visit,0,1,1
eclipse.pde.ui-20120217-1437,org.eclipse.pde.internal.ui.nls,StringHelper,preparePropertiesString,30,9,2
eclipse.pde.ui-20120217-1437,org.eclipse.pde.internal.ui.nls,StringHelper,unwindEscapeChars,12,3,1
eclipse.pde.ui-20120217-1437,org.eclipse.pde.internal.ui.nls,StringHelper,getUnwoundString,19,8,1
eclipse.pde.ui-20120217-1437,org.eclipse.pde.internal.ui.nls,StringHelper,toHex,3,1,1
eclipse.pde.ui-20120217-1437,org.eclipse.pde.internal.ui.nls,StringHelper,windEscapeChars,76,32,1
eclipse.pde.ui-20120217-1437,org.eclipse.pde.internal.ui.nls,StringHelper,isValidLocalization,12,4,1
eclipse.pde.ui-20120217-1437,org.eclipse.pde.internal.ui.parts,CheckboxTablePart,CheckboxTablePart,3,1,1
eclipse.pde.ui-20120217-1437,org.eclipse.pde.internal.ui.parts,CheckboxTablePart,createStructuredViewer,23,2,3
eclipse.pde.ui-20120217-1437,org.eclipse.pde.internal.ui.parts,CheckboxTablePart,selectionChanged,3,1,1
eclipse.pde.ui-20120217-1437,org.eclipse.pde.internal.ui.parts,CheckboxTablePart,checkStateChanged,3,1,1
eclipse.pde.ui-20120217-1437,org.eclipse.pde.internal.ui.parts,CheckboxTablePart,getTableViewer,3,1,0
eclipse.pde.ui-20120217-1437,org.eclipse.pde.internal.ui.parts,CheckboxTablePart,buttonSelected,2,1,2
eclipse.pde.ui-20120217-1437,org.eclipse.pde.internal.ui.parts,CheckboxTablePart,elementChecked,2,1,2
eclipse.pde.ui-20120217-1437,org.eclipse.pde.internal.ui.parts,CheckboxTablePart,selectionChanged,2,1,1
eclipse.pde.ui-20120217-1437,org.eclipse.pde.internal.ui.parts,ComboPart,ComboPart,2,1,0
eclipse.pde.ui-20120217-1437,org.eclipse.pde.internal.ui.parts,ComboPart,addSelectionListener,4,2,1
eclipse.pde.ui-20120217-1437,org.eclipse.pde.internal.ui.parts,ComboPart,indexOf,4,2,1
eclipse.pde.ui-20120217-1437,org.eclipse.pde.internal.ui.parts,ComboPart,addModifyListener,4,2,1
eclipse.pde.ui-20120217-1437,org.eclipse.pde.internal.ui.parts,ComboPart,createControl,5,2,3
eclipse.pde.ui-20120217-1437,org.eclipse.pde.internal.ui.parts,ComboPart,getControl,3,1,0
eclipse.pde.ui-20120217-1437,org.eclipse.pde.internal.ui.parts,ComboPart,getSelectionIndex,4,2,0
eclipse.pde.ui-20120217-1437,org.eclipse.pde.internal.ui.parts,ComboPart,add,4,2,2
eclipse.pde.ui-20120217-1437,org.eclipse.pde.internal.ui.parts,ComboPart,add,4,2,1
eclipse.pde.ui-20120217-1437,org.eclipse.pde.internal.ui.parts,ComboPart,remove,11,3,1
eclipse.pde.ui-20120217-1437,org.eclipse.pde.internal.ui.parts,ComboPart,select,4,2,1
eclipse.pde.ui-20120217-1437,org.eclipse.pde.internal.ui.parts,ComboPart,getSelection,4,2,0
eclipse.pde.ui-20120217-1437,org.eclipse.pde.internal.ui.parts,ComboPart,setText,4,2,1
eclipse.pde.ui-20120217-1437,org.eclipse.pde.internal.ui.parts,ComboPart,setItems,4,2,1
eclipse.pde.ui-20120217-1437,org.eclipse.pde.internal.ui.parts,ComboPart,setEnabled,4,2,1
eclipse.pde.ui-20120217-1437,org.eclipse.pde.internal.ui.parts,ComboPart,getItemCount,4,2,0
eclipse.pde.ui-20120217-1437,org.eclipse.pde.internal.ui.parts,ComboPart,getItems,4,2,0
eclipse.pde.ui-20120217-1437,org.eclipse.pde.internal.ui.parts,ComboPart,setVisibleItemCount,4,2,1
eclipse.pde.ui-20120217-1437,org.eclipse.pde.internal.ui.parts,ComboViewerPart,ComboViewerPart,2,1,0
eclipse.pde.ui-20120217-1437,org.eclipse.pde.internal.ui.parts,ComboViewerPart,createControl,14,2,3
eclipse.pde.ui-20120217-1437,org.eclipse.pde.internal.ui.parts,ComboViewerPart,getControl,3,1,0
eclipse.pde.ui-20120217-1437,org.eclipse.pde.internal.ui.parts,ComboViewerPart,setEnabled,3,1,1
eclipse.pde.ui-20120217-1437,org.eclipse.pde.internal.ui.parts,ComboViewerPart,refresh,3,1,0
eclipse.pde.ui-20120217-1437,org.eclipse.pde.internal.ui.parts,ComboViewerPart,addItem,4,1,1
eclipse.pde.ui-20120217-1437,org.eclipse.pde.internal.ui.parts,ComboViewerPart,addItem,4,1,2
eclipse.pde.ui-20120217-1437,org.eclipse.pde.internal.ui.parts,ComboViewerPart,getItems,3,1,0
eclipse.pde.ui-20120217-1437,org.eclipse.pde.internal.ui.parts,ComboViewerPart,setItems,5,2,1
eclipse.pde.ui-20120217-1437,org.eclipse.pde.internal.ui.parts,ComboViewerPart,setItems,9,2,1
eclipse.pde.ui-20120217-1437,org.eclipse.pde.internal.ui.parts,ComboViewerPart,select,4,2,1
eclipse.pde.ui-20120217-1437,org.eclipse.pde.internal.ui.parts,ComboViewerPart,select,3,2,1
eclipse.pde.ui-20120217-1437,org.eclipse.pde.internal.ui.parts,ComboViewerPart,setLabelProvider,3,1,1
eclipse.pde.ui-20120217-1437,org.eclipse.pde.internal.ui.parts,ComboViewerPart,setComparator,3,1,1
eclipse.pde.ui-20120217-1437,org.eclipse.pde.internal.ui.parts,ComboViewerPart,addSelectionChangedListener,3,1,1
eclipse.pde.ui-20120217-1437,org.eclipse.pde.internal.ui.parts,ComboViewerPart,getSelection,3,1,0
eclipse.pde.ui-20120217-1437,org.eclipse.pde.internal.ui.parts,ConditionalListSelectionDialog,ConditionalListSelectionDialog,4,1,3
eclipse.pde.ui-20120217-1437,org.eclipse.pde.internal.ui.parts,ConditionalListSelectionDialog,createDialogArea,22,4,1
eclipse.pde.ui-20120217-1437,org.eclipse.pde.internal.ui.parts,ConditionalListSelectionDialog,widgetSelected,4,2,1
eclipse.pde.ui-20120217-1437,org.eclipse.pde.internal.ui.parts,ConditionalListSelectionDialog,setElements,4,1,1
eclipse.pde.ui-20120217-1437,org.eclipse.pde.internal.ui.parts,ConditionalListSelectionDialog,setConditionalElements,3,1,1
eclipse.pde.ui-20120217-1437,org.eclipse.pde.internal.ui.parts,EditableTablePart,RenameAction,3,1,0
eclipse.pde.ui-20120217-1437,org.eclipse.pde.internal.ui.parts,EditableTablePart,run,3,1,0
eclipse.pde.ui-20120217-1437,org.eclipse.pde.internal.ui.parts,EditableTablePart,canModify,3,1,2
eclipse.pde.ui-20120217-1437,org.eclipse.pde.internal.ui.parts,EditableTablePart,modify,3,1,3
eclipse.pde.ui-20120217-1437,org.eclipse.pde.internal.ui.parts,EditableTablePart,getValue,3,1,2
eclipse.pde.ui-20120217-1437,org.eclipse.pde.internal.ui.parts,EditableTablePart,EditableTablePart,3,1,1
eclipse.pde.ui-20120217-1437,org.eclipse.pde.internal.ui.parts,EditableTablePart,isEditable,3,1,0
eclipse.pde.ui-20120217-1437,org.eclipse.pde.internal.ui.parts,EditableTablePart,setEditable,3,1,1
eclipse.pde.ui-20120217-1437,org.eclipse.pde.internal.ui.parts,EditableTablePart,getRenameAction,4,2,0
eclipse.pde.ui-20120217-1437,org.eclipse.pde.internal.ui.parts,EditableTablePart,createStructuredViewer,4,1,3
eclipse.pde.ui-20120217-1437,org.eclipse.pde.internal.ui.parts,EditableTablePart,doRename,15,3,0
eclipse.pde.ui-20120217-1437,org.eclipse.pde.internal.ui.parts,EditableTablePart,entryModified,2,1,2
eclipse.pde.ui-20120217-1437,org.eclipse.pde.internal.ui.parts,RenameAction,RenameAction,3,1,0
eclipse.pde.ui-20120217-1437,org.eclipse.pde.internal.ui.parts,RenameAction,run,3,1,0
eclipse.pde.ui-20120217-1437,org.eclipse.pde.internal.ui.parts,NameModifier,canModify,3,1,2
eclipse.pde.ui-20120217-1437,org.eclipse.pde.internal.ui.parts,NameModifier,modify,3,1,3
eclipse.pde.ui-20120217-1437,org.eclipse.pde.internal.ui.parts,NameModifier,getValue,3,1,2
eclipse.pde.ui-20120217-1437,org.eclipse.pde.internal.ui.parts,FormBrowser,FormBrowser,3,1,1
eclipse.pde.ui-20120217-1437,org.eclipse.pde.internal.ui.parts,FormBrowser,createControl,33,4,1
eclipse.pde.ui-20120217-1437,org.eclipse.pde.internal.ui.parts,FormBrowser,widgetDisposed,6,2,1
eclipse.pde.ui-20120217-1437,org.eclipse.pde.internal.ui.parts,FormBrowser,getControl,3,1,0
eclipse.pde.ui-20120217-1437,org.eclipse.pde.internal.ui.parts,FormBrowser,setText,4,2,1
eclipse.pde.ui-20120217-1437,org.eclipse.pde.internal.ui.parts,FormEntry,FormEntry,3,1,4
eclipse.pde.ui-20120217-1437,org.eclipse.pde.internal.ui.parts,FormEntry,FormEntry,3,1,5
eclipse.pde.ui-20120217-1437,org.eclipse.pde.internal.ui.parts,FormEntry,FormEntry,3,1,6
eclipse.pde.ui-20120217-1437,org.eclipse.pde.internal.ui.parts,FormEntry,FormEntry,3,1,5
eclipse.pde.ui-20120217-1437,org.eclipse.pde.internal.ui.parts,FormEntry,createControl,25,5,8
eclipse.pde.ui-20120217-1437,org.eclipse.pde.internal.ui.parts,FormEntry,widgetSelected,3,2,1
eclipse.pde.ui-20120217-1437,org.eclipse.pde.internal.ui.parts,FormEntry,setEditable,5,3,1
eclipse.pde.ui-20120217-1437,org.eclipse.pde.internal.ui.parts,FormEntry,fillIntoGrid,52,11,3
eclipse.pde.ui-20120217-1437,org.eclipse.pde.internal.ui.parts,FormEntry,setFormEntryListener,7,4,1
eclipse.pde.ui-20120217-1437,org.eclipse.pde.internal.ui.parts,FormEntry,addListeners,24,3,0
eclipse.pde.ui-20120217-1437,org.eclipse.pde.internal.ui.parts,FormEntry,keyReleased,3,1,1
eclipse.pde.ui-20120217-1437,org.eclipse.pde.internal.ui.parts,FormEntry,modifyText,3,1,1
eclipse.pde.ui-20120217-1437,org.eclipse.pde.internal.ui.parts,FormEntry,focusGained,4,2,1
eclipse.pde.ui-20120217-1437,org.eclipse.pde.internal.ui.parts,FormEntry,focusLost,3,2,1
eclipse.pde.ui-20120217-1437,org.eclipse.pde.internal.ui.parts,FormEntry,commit,7,3,0
eclipse.pde.ui-20120217-1437,org.eclipse.pde.internal.ui.parts,FormEntry,cancelEdit,3,1,0
eclipse.pde.ui-20120217-1437,org.eclipse.pde.internal.ui.parts,FormEntry,editOccured,5,3,1
eclipse.pde.ui-20120217-1437,org.eclipse.pde.internal.ui.parts,FormEntry,getText,3,1,0
eclipse.pde.ui-20120217-1437,org.eclipse.pde.internal.ui.parts,FormEntry,getLabel,3,1,0
eclipse.pde.ui-20120217-1437,org.eclipse.pde.internal.ui.parts,FormEntry,getButton,3,1,0
eclipse.pde.ui-20120217-1437,org.eclipse.pde.internal.ui.parts,FormEntry,getValue,3,1,0
eclipse.pde.ui-20120217-1437,org.eclipse.pde.internal.ui.parts,FormEntry,isDirty,3,1,0
eclipse.pde.ui-20120217-1437,org.eclipse.pde.internal.ui.parts,FormEntry,keyReleaseOccured,10,6,1
eclipse.pde.ui-20120217-1437,org.eclipse.pde.internal.ui.parts,FormEntry,setValue,4,2,1
eclipse.pde.ui-20120217-1437,org.eclipse.pde.internal.ui.parts,FormEntry,setValue,5,1,2
eclipse.pde.ui-20120217-1437,org.eclipse.pde.internal.ui.parts,FormEntry,setVisible,5,4,1
eclipse.pde.ui-20120217-1437,org.eclipse.pde.internal.ui.parts,FormEntry,setTextWidthHint,12,4,1
eclipse.pde.ui-20120217-1437,org.eclipse.pde.internal.ui.parts,IFormEntryListener,focusGained,0,1,1
eclipse.pde.ui-20120217-1437,org.eclipse.pde.internal.ui.parts,IFormEntryListener,textDirty,0,1,1
eclipse.pde.ui-20120217-1437,org.eclipse.pde.internal.ui.parts,IFormEntryListener,textValueChanged,0,1,1
eclipse.pde.ui-20120217-1437,org.eclipse.pde.internal.ui.parts,IFormEntryListener,browseButtonSelected,0,1,1
eclipse.pde.ui-20120217-1437,org.eclipse.pde.internal.ui.parts,IFormEntryListener,selectionChanged,0,1,1
eclipse.pde.ui-20120217-1437,org.eclipse.pde.internal.ui.parts,ILinkLabelProvider,getStatusText,0,1,1
eclipse.pde.ui-20120217-1437,org.eclipse.pde.internal.ui.parts,ILinkLabelProvider,getToolTipText,0,1,1
eclipse.pde.ui-20120217-1437,org.eclipse.pde.internal.ui.parts,MessageLine,MessageLine,3,1,1
eclipse.pde.ui-20120217-1437,org.eclipse.pde.internal.ui.parts,MessageLine,MessageLine,5,1,2
eclipse.pde.ui-20120217-1437,org.eclipse.pde.internal.ui.parts,MessageLine,findImage,16,5,1
eclipse.pde.ui-20120217-1437,org.eclipse.pde.internal.ui.parts,MessageLine,setErrorStatus,17,4,1
eclipse.pde.ui-20120217-1437,org.eclipse.pde.internal.ui.parts,MessageLine,dispose,7,2,0
eclipse.pde.ui-20120217-1437,org.eclipse.pde.internal.ui.parts,PDESourceViewer,PDESourceViewer,4,1,1
eclipse.pde.ui-20120217-1437,org.eclipse.pde.internal.ui.parts,PDESourceViewer,getDocument,3,1,0
eclipse.pde.ui-20120217-1437,org.eclipse.pde.internal.ui.parts,PDESourceViewer,getViewer,3,1,0
eclipse.pde.ui-20120217-1437,org.eclipse.pde.internal.ui.parts,PDESourceViewer,getConfiguration,7,2,0
eclipse.pde.ui-20120217-1437,org.eclipse.pde.internal.ui.parts,PDESourceViewer,createUI,6,1,3
eclipse.pde.ui-20120217-1437,org.eclipse.pde.internal.ui.parts,PDESourceViewer,createUI,10,1,2
eclipse.pde.ui-20120217-1437,org.eclipse.pde.internal.ui.parts,PDESourceViewer,createUIListeners,17,2,0
eclipse.pde.ui-20120217-1437,org.eclipse.pde.internal.ui.parts,PDESourceViewer,selectionChanged,3,1,1
eclipse.pde.ui-20120217-1437,org.eclipse.pde.internal.ui.parts,PDESourceViewer,focusGained,3,1,1
eclipse.pde.ui-20120217-1437,org.eclipse.pde.internal.ui.parts,PDESourceViewer,createUIListenersStyledText,12,2,1
eclipse.pde.ui-20120217-1437,org.eclipse.pde.internal.ui.parts,PDESourceViewer,widgetDisposed,6,2,1
eclipse.pde.ui-20120217-1437,org.eclipse.pde.internal.ui.parts,PDESourceViewer,dispose,10,3,0
eclipse.pde.ui-20120217-1437,org.eclipse.pde.internal.ui.parts,PDESourceViewer,configureUIStyledText,5,1,2
eclipse.pde.ui-20120217-1437,org.eclipse.pde.internal.ui.parts,PDESourceViewer,unsetMenu,13,4,0
eclipse.pde.ui-20120217-1437,org.eclipse.pde.internal.ui.parts,PDESourceViewer,doGlobalAction,32,9,1
eclipse.pde.ui-20120217-1437,org.eclipse.pde.internal.ui.parts,PDESourceViewer,canPaste,6,2,0
eclipse.pde.ui-20120217-1437,org.eclipse.pde.internal.ui.parts,PluginVersionPart,PluginVersionTablePart,3,1,1
eclipse.pde.ui-20120217-1437,org.eclipse.pde.internal.ui.parts,PluginVersionPart,selectionChanged,8,2,1
eclipse.pde.ui-20120217-1437,org.eclipse.pde.internal.ui.parts,PluginVersionPart,handleDoubleClick,7,2,1
eclipse.pde.ui-20120217-1437,org.eclipse.pde.internal.ui.parts,PluginVersionPart,buttonSelected,16,2,2
eclipse.pde.ui-20120217-1437,org.eclipse.pde.internal.ui.parts,PluginVersionPart,getElements,7,2,1
eclipse.pde.ui-20120217-1437,org.eclipse.pde.internal.ui.parts,PluginVersionPart,dispose,2,1,0
eclipse.pde.ui-20120217-1437,org.eclipse.pde.internal.ui.parts,PluginVersionPart,inputChanged,2,1,3
eclipse.pde.ui-20120217-1437,org.eclipse.pde.internal.ui.parts,PluginVersionPart,PluginVersionPart,3,1,1
eclipse.pde.ui-20120217-1437,org.eclipse.pde.internal.ui.parts,PluginVersionPart,setVersion,12,3,1
eclipse.pde.ui-20120217-1437,org.eclipse.pde.internal.ui.parts,PluginVersionPart,setVersion,6,1,2
eclipse.pde.ui-20120217-1437,org.eclipse.pde.internal.ui.parts,PluginVersionPart,createVersionFields,5,2,3
eclipse.pde.ui-20120217-1437,org.eclipse.pde.internal.ui.parts,PluginVersionPart,createVersionSelectionField,14,1,2
eclipse.pde.ui-20120217-1437,org.eclipse.pde.internal.ui.parts,PluginVersionPart,createRangeField,25,2,3
eclipse.pde.ui-20120217-1437,org.eclipse.pde.internal.ui.parts,PluginVersionPart,createSingleField,13,2,3
eclipse.pde.ui-20120217-1437,org.eclipse.pde.internal.ui.parts,PluginVersionPart,preloadFields,11,4,0
eclipse.pde.ui-20120217-1437,org.eclipse.pde.internal.ui.parts,PluginVersionPart,validateVersion,14,4,3
eclipse.pde.ui-20120217-1437,org.eclipse.pde.internal.ui.parts,PluginVersionPart,validateVersionRange,33,5,1
eclipse.pde.ui-20120217-1437,org.eclipse.pde.internal.ui.parts,PluginVersionPart,validateFullVersionRangeText,6,3,1
eclipse.pde.ui-20120217-1437,org.eclipse.pde.internal.ui.parts,PluginVersionPart,getMinVersion,3,1,0
eclipse.pde.ui-20120217-1437,org.eclipse.pde.internal.ui.parts,PluginVersionPart,getMaxVersion,4,2,0
eclipse.pde.ui-20120217-1437,org.eclipse.pde.internal.ui.parts,PluginVersionPart,getMinInclusive,4,2,0
eclipse.pde.ui-20120217-1437,org.eclipse.pde.internal.ui.parts,PluginVersionPart,getMaxInclusive,4,2,0
eclipse.pde.ui-20120217-1437,org.eclipse.pde.internal.ui.parts,PluginVersionPart,extractSingleVersionFromText,5,3,0
eclipse.pde.ui-20120217-1437,org.eclipse.pde.internal.ui.parts,PluginVersionPart,getVersion,17,4,0
eclipse.pde.ui-20120217-1437,org.eclipse.pde.internal.ui.parts,PluginVersionPart,addListeners,4,3,2
eclipse.pde.ui-20120217-1437,org.eclipse.pde.internal.ui.parts,PluginVersionPart,getGroupText,3,1,0
eclipse.pde.ui-20120217-1437,org.eclipse.pde.internal.ui.parts,PluginVersionTablePart,PluginVersionTablePart,3,1,1
eclipse.pde.ui-20120217-1437,org.eclipse.pde.internal.ui.parts,PluginVersionTablePart,selectionChanged,8,2,1
eclipse.pde.ui-20120217-1437,org.eclipse.pde.internal.ui.parts,PluginVersionTablePart,handleDoubleClick,7,2,1
eclipse.pde.ui-20120217-1437,org.eclipse.pde.internal.ui.parts,PluginVersionTablePart,buttonSelected,16,2,2
eclipse.pde.ui-20120217-1437,org.eclipse.pde.internal.ui.parts,PluginVersionContentProvider,getElements,7,2,1
eclipse.pde.ui-20120217-1437,org.eclipse.pde.internal.ui.parts,PluginVersionContentProvider,dispose,2,1,0
eclipse.pde.ui-20120217-1437,org.eclipse.pde.internal.ui.parts,PluginVersionContentProvider,inputChanged,2,1,3
eclipse.pde.ui-20120217-1437,org.eclipse.pde.internal.ui.parts,SharedPart,setEnabled,6,2,1
eclipse.pde.ui-20120217-1437,org.eclipse.pde.internal.ui.parts,SharedPart,createControl,0,1,4
eclipse.pde.ui-20120217-1437,org.eclipse.pde.internal.ui.parts,SharedPart,isEnabled,3,1,0
eclipse.pde.ui-20120217-1437,org.eclipse.pde.internal.ui.parts,SharedPart,updateEnabledState,2,1,0
eclipse.pde.ui-20120217-1437,org.eclipse.pde.internal.ui.parts,SharedPart,createComposite,4,2,2
eclipse.pde.ui-20120217-1437,org.eclipse.pde.internal.ui.parts,SharedPart,createEmptySpace,15,2,3
eclipse.pde.ui-20120217-1437,org.eclipse.pde.internal.ui.parts,SharedPartWithButtons,widgetSelected,3,1,1
eclipse.pde.ui-20120217-1437,org.eclipse.pde.internal.ui.parts,SharedPartWithButtons,widgetDefaultSelected,3,1,1
eclipse.pde.ui-20120217-1437,org.eclipse.pde.internal.ui.parts,SharedPartWithButtons,buttonSelected,4,1,1
eclipse.pde.ui-20120217-1437,org.eclipse.pde.internal.ui.parts,SharedPartWithButtons,SharedPartWithButtons,3,1,1
eclipse.pde.ui-20120217-1437,org.eclipse.pde.internal.ui.parts,SharedPartWithButtons,setButtonEnabled,5,2,2
eclipse.pde.ui-20120217-1437,org.eclipse.pde.internal.ui.parts,SharedPartWithButtons,setButtonVisible,5,2,2
eclipse.pde.ui-20120217-1437,org.eclipse.pde.internal.ui.parts,SharedPartWithButtons,createMainControl,0,1,4
eclipse.pde.ui-20120217-1437,org.eclipse.pde.internal.ui.parts,SharedPartWithButtons,buttonSelected,0,1,2
eclipse.pde.ui-20120217-1437,org.eclipse.pde.internal.ui.parts,SharedPartWithButtons,createControl,5,1,4
eclipse.pde.ui-20120217-1437,org.eclipse.pde.internal.ui.parts,SharedPartWithButtons,createButtons,21,4,2
eclipse.pde.ui-20120217-1437,org.eclipse.pde.internal.ui.parts,SharedPartWithButtons,createButtonsLayout,5,1,0
eclipse.pde.ui-20120217-1437,org.eclipse.pde.internal.ui.parts,SharedPartWithButtons,createButton,16,2,4
eclipse.pde.ui-20120217-1437,org.eclipse.pde.internal.ui.parts,SharedPartWithButtons,updateEnabledState,5,2,0
eclipse.pde.ui-20120217-1437,org.eclipse.pde.internal.ui.parts,SharedPartWithButtons,createMainLabel,2,1,3
eclipse.pde.ui-20120217-1437,org.eclipse.pde.internal.ui.parts,SharedPartWithButtons,getButton,6,2,1
eclipse.pde.ui-20120217-1437,org.eclipse.pde.internal.ui.parts,SelectionHandler,widgetSelected,3,1,1
eclipse.pde.ui-20120217-1437,org.eclipse.pde.internal.ui.parts,SelectionHandler,widgetDefaultSelected,3,1,1
eclipse.pde.ui-20120217-1437,org.eclipse.pde.internal.ui.parts,SelectionHandler,buttonSelected,4,1,1
eclipse.pde.ui-20120217-1437,org.eclipse.pde.internal.ui.parts,StatusInfo,StatusInfo,3,1,0
eclipse.pde.ui-20120217-1437,org.eclipse.pde.internal.ui.parts,StatusInfo,StatusInfo,4,1,2
eclipse.pde.ui-20120217-1437,org.eclipse.pde.internal.ui.parts,StatusInfo,isOK,3,1,0
eclipse.pde.ui-20120217-1437,org.eclipse.pde.internal.ui.parts,StatusInfo,isWarning,3,1,0
eclipse.pde.ui-20120217-1437,org.eclipse.pde.internal.ui.parts,StatusInfo,isInfo,3,1,0
eclipse.pde.ui-20120217-1437,org.eclipse.pde.internal.ui.parts,StatusInfo,isError,3,1,0
eclipse.pde.ui-20120217-1437,org.eclipse.pde.internal.ui.parts,StatusInfo,getMessage,3,1,0
eclipse.pde.ui-20120217-1437,org.eclipse.pde.internal.ui.parts,StatusInfo,setError,5,1,1
eclipse.pde.ui-20120217-1437,org.eclipse.pde.internal.ui.parts,StatusInfo,setWarning,5,1,1
eclipse.pde.ui-20120217-1437,org.eclipse.pde.internal.ui.parts,StatusInfo,setInfo,5,1,1
eclipse.pde.ui-20120217-1437,org.eclipse.pde.internal.ui.parts,StatusInfo,setOK,4,1,0
eclipse.pde.ui-20120217-1437,org.eclipse.pde.internal.ui.parts,StatusInfo,matches,3,1,1
eclipse.pde.ui-20120217-1437,org.eclipse.pde.internal.ui.parts,StatusInfo,isMultiStatus,3,1,0
eclipse.pde.ui-20120217-1437,org.eclipse.pde.internal.ui.parts,StatusInfo,getSeverity,3,1,0
eclipse.pde.ui-20120217-1437,org.eclipse.pde.internal.ui.parts,StatusInfo,getPlugin,3,1,0
eclipse.pde.ui-20120217-1437,org.eclipse.pde.internal.ui.parts,StatusInfo,getException,3,1,0
eclipse.pde.ui-20120217-1437,org.eclipse.pde.internal.ui.parts,StatusInfo,getCode,3,1,0
eclipse.pde.ui-20120217-1437,org.eclipse.pde.internal.ui.parts,StatusInfo,getChildren,3,1,0
eclipse.pde.ui-20120217-1437,org.eclipse.pde.internal.ui.parts,StructuredViewerPart,StructuredViewerPart,3,1,1
eclipse.pde.ui-20120217-1437,org.eclipse.pde.internal.ui.parts,StructuredViewerPart,getViewer,3,1,0
eclipse.pde.ui-20120217-1437,org.eclipse.pde.internal.ui.parts,StructuredViewerPart,getControl,3,1,0
eclipse.pde.ui-20120217-1437,org.eclipse.pde.internal.ui.parts,StructuredViewerPart,createMainControl,8,1,4
eclipse.pde.ui-20120217-1437,org.eclipse.pde.internal.ui.parts,StructuredViewerPart,setMinimumSize,4,2,2
eclipse.pde.ui-20120217-1437,org.eclipse.pde.internal.ui.parts,StructuredViewerPart,applyMinimumSize,7,2,0
eclipse.pde.ui-20120217-1437,org.eclipse.pde.internal.ui.parts,StructuredViewerPart,updateEnabledState,4,1,0
eclipse.pde.ui-20120217-1437,org.eclipse.pde.internal.ui.parts,StructuredViewerPart,createStructuredViewer,0,1,3
eclipse.pde.ui-20120217-1437,org.eclipse.pde.internal.ui.parts,TablePart,TablePart,3,1,1
eclipse.pde.ui-20120217-1437,org.eclipse.pde.internal.ui.parts,TablePart,createStructuredViewer,19,2,3
eclipse.pde.ui-20120217-1437,org.eclipse.pde.internal.ui.parts,TablePart,selectionChanged,3,1,1
eclipse.pde.ui-20120217-1437,org.eclipse.pde.internal.ui.parts,TablePart,doubleClick,3,1,1
eclipse.pde.ui-20120217-1437,org.eclipse.pde.internal.ui.parts,TablePart,getTableViewer,3,1,0
eclipse.pde.ui-20120217-1437,org.eclipse.pde.internal.ui.parts,TablePart,buttonSelected,2,1,2
eclipse.pde.ui-20120217-1437,org.eclipse.pde.internal.ui.parts,TablePart,selectionChanged,2,1,1
eclipse.pde.ui-20120217-1437,org.eclipse.pde.internal.ui.parts,TablePart,handleDoubleClick,2,1,1
eclipse.pde.ui-20120217-1437,org.eclipse.pde.internal.ui.parts,TreeMessageDialog,TreeMessageDialog,3,1,7
eclipse.pde.ui-20120217-1437,org.eclipse.pde.internal.ui.parts,TreeMessageDialog,createCustomArea,11,1,1
eclipse.pde.ui-20120217-1437,org.eclipse.pde.internal.ui.parts,TreeMessageDialog,setContentProvider,3,1,1
eclipse.pde.ui-20120217-1437,org.eclipse.pde.internal.ui.parts,TreeMessageDialog,setLabelProvider,3,1,1
eclipse.pde.ui-20120217-1437,org.eclipse.pde.internal.ui.parts,TreeMessageDialog,setInput,3,1,1
eclipse.pde.ui-20120217-1437,org.eclipse.pde.internal.ui.parts,TreePart,TreePart,3,1,1
eclipse.pde.ui-20120217-1437,org.eclipse.pde.internal.ui.parts,TreePart,createTreeViewer,3,1,2
eclipse.pde.ui-20120217-1437,org.eclipse.pde.internal.ui.parts,TreePart,createStructuredViewer,19,2,3
eclipse.pde.ui-20120217-1437,org.eclipse.pde.internal.ui.parts,TreePart,selectionChanged,3,1,1
eclipse.pde.ui-20120217-1437,org.eclipse.pde.internal.ui.parts,TreePart,doubleClick,3,1,1
eclipse.pde.ui-20120217-1437,org.eclipse.pde.internal.ui.parts,TreePart,getTreeViewer,3,1,0
eclipse.pde.ui-20120217-1437,org.eclipse.pde.internal.ui.parts,TreePart,buttonSelected,2,1,2
eclipse.pde.ui-20120217-1437,org.eclipse.pde.internal.ui.parts,TreePart,selectionChanged,2,1,1
eclipse.pde.ui-20120217-1437,org.eclipse.pde.internal.ui.parts,TreePart,handleDoubleClick,2,1,1
eclipse.pde.ui-20120217-1437,org.eclipse.pde.internal.ui.parts,WizardCheckboxTablePart,WizardCheckboxTablePart,4,1,2
eclipse.pde.ui-20120217-1437,org.eclipse.pde.internal.ui.parts,WizardCheckboxTablePart,WizardCheckboxTablePart,7,1,1
eclipse.pde.ui-20120217-1437,org.eclipse.pde.internal.ui.parts,WizardCheckboxTablePart,setSelectAllIndex,3,1,1
eclipse.pde.ui-20120217-1437,org.eclipse.pde.internal.ui.parts,WizardCheckboxTablePart,setDeselectAllIndex,3,1,1
eclipse.pde.ui-20120217-1437,org.eclipse.pde.internal.ui.parts,WizardCheckboxTablePart,setSelectIndex,3,1,1
eclipse.pde.ui-20120217-1437,org.eclipse.pde.internal.ui.parts,WizardCheckboxTablePart,setDeselectIndex,3,1,1
eclipse.pde.ui-20120217-1437,org.eclipse.pde.internal.ui.parts,WizardCheckboxTablePart,buttonSelected,14,5,2
eclipse.pde.ui-20120217-1437,org.eclipse.pde.internal.ui.parts,WizardCheckboxTablePart,getSelection,4,1,0
eclipse.pde.ui-20120217-1437,org.eclipse.pde.internal.ui.parts,WizardCheckboxTablePart,setSelection,5,1,1
eclipse.pde.ui-20120217-1437,org.eclipse.pde.internal.ui.parts,WizardCheckboxTablePart,createControl,3,1,1
eclipse.pde.ui-20120217-1437,org.eclipse.pde.internal.ui.parts,WizardCheckboxTablePart,createControl,8,1,2
eclipse.pde.ui-20120217-1437,org.eclipse.pde.internal.ui.parts,WizardCheckboxTablePart,createControl,13,2,3
eclipse.pde.ui-20120217-1437,org.eclipse.pde.internal.ui.parts,WizardCheckboxTablePart,createButton,5,1,4
eclipse.pde.ui-20120217-1437,org.eclipse.pde.internal.ui.parts,WizardCheckboxTablePart,createStructuredViewer,5,1,3
eclipse.pde.ui-20120217-1437,org.eclipse.pde.internal.ui.parts,WizardCheckboxTablePart,createMainLabel,8,2,3
eclipse.pde.ui-20120217-1437,org.eclipse.pde.internal.ui.parts,WizardCheckboxTablePart,updateCounter,4,1,1
eclipse.pde.ui-20120217-1437,org.eclipse.pde.internal.ui.parts,WizardCheckboxTablePart,updateCount,3,1,1
eclipse.pde.ui-20120217-1437,org.eclipse.pde.internal.ui.parts,WizardCheckboxTablePart,updateCounterLabel,6,1,0
eclipse.pde.ui-20120217-1437,org.eclipse.pde.internal.ui.parts,WizardCheckboxTablePart,getSelectionCount,3,1,0
eclipse.pde.ui-20120217-1437,org.eclipse.pde.internal.ui.parts,WizardCheckboxTablePart,selectAll,3,1,1
eclipse.pde.ui-20120217-1437,org.eclipse.pde.internal.ui.parts,WizardCheckboxTablePart,getTotalCount,4,1,0
eclipse.pde.ui-20120217-1437,org.eclipse.pde.internal.ui.parts,WizardCheckboxTablePart,handleSelectAll,12,2,1
eclipse.pde.ui-20120217-1437,org.eclipse.pde.internal.ui.parts,WizardCheckboxTablePart,handleSelect,11,3,1
eclipse.pde.ui-20120217-1437,org.eclipse.pde.internal.ui.parts,WizardCheckboxTablePart,elementChecked,4,1,2
eclipse.pde.ui-20120217-1437,org.eclipse.pde.internal.ui.parts,WizardCheckboxTablePart,getCounterLabel,3,1,0
eclipse.pde.ui-20120217-1437,org.eclipse.pde.internal.ui.preferences,AddToJavaSearchJob,synchWithTarget,5,1,1
eclipse.pde.ui-20120217-1437,org.eclipse.pde.internal.ui.preferences,AddToJavaSearchJob,clearAll,5,1,0
eclipse.pde.ui-20120217-1437,org.eclipse.pde.internal.ui.preferences,AddToJavaSearchJob,changeBundles,5,1,2
eclipse.pde.ui-20120217-1437,org.eclipse.pde.internal.ui.preferences,AddToJavaSearchJob,AddToJavaSearchJob,6,1,1
eclipse.pde.ui-20120217-1437,org.eclipse.pde.internal.ui.preferences,AddToJavaSearchJob,AddToJavaSearchJob,6,1,2
eclipse.pde.ui-20120217-1437,org.eclipse.pde.internal.ui.preferences,AddToJavaSearchJob,runInWorkspace,56,11,1
eclipse.pde.ui-20120217-1437,org.eclipse.pde.internal.ui.preferences,AddToJavaSearchJob,belongsTo,3,1,1
eclipse.pde.ui-20120217-1437,org.eclipse.pde.internal.ui.preferences,CompilersPreferencePage,CompilersPreferencePage,4,1,0
eclipse.pde.ui-20120217-1437,org.eclipse.pde.internal.ui.preferences,CompilersPreferencePage,createContents,40,4,1
eclipse.pde.ui-20120217-1437,org.eclipse.pde.internal.ui.preferences,CompilersPreferencePage,widgetSelected,25,4,1
eclipse.pde.ui-20120217-1437,org.eclipse.pde.internal.ui.preferences,CompilersPreferencePage,dispose,6,2,0
eclipse.pde.ui-20120217-1437,org.eclipse.pde.internal.ui.preferences,CompilersPreferencePage,init,2,1,1
eclipse.pde.ui-20120217-1437,org.eclipse.pde.internal.ui.preferences,CompilersPreferencePage,performCancel,4,1,0
eclipse.pde.ui-20120217-1437,org.eclipse.pde.internal.ui.preferences,CompilersPreferencePage,performOk,4,1,0
eclipse.pde.ui-20120217-1437,org.eclipse.pde.internal.ui.preferences,CompilersPreferencePage,performApply,4,1,0
eclipse.pde.ui-20120217-1437,org.eclipse.pde.internal.ui.preferences,CompilersPreferencePage,performDefaults,4,1,0
eclipse.pde.ui-20120217-1437,org.eclipse.pde.internal.ui.preferences,CompilersPreferencePage,applyData,8,3,1
eclipse.pde.ui-20120217-1437,org.eclipse.pde.internal.ui.preferences,EditorPreferencePage,EditorPreferencePage,4,1,0
eclipse.pde.ui-20120217-1437,org.eclipse.pde.internal.ui.preferences,EditorPreferencePage,performOk,6,1,0
eclipse.pde.ui-20120217-1437,org.eclipse.pde.internal.ui.preferences,EditorPreferencePage,dispose,6,1,0
eclipse.pde.ui-20120217-1437,org.eclipse.pde.internal.ui.preferences,EditorPreferencePage,performDefaults,5,1,0
eclipse.pde.ui-20120217-1437,org.eclipse.pde.internal.ui.preferences,EditorPreferencePage,init,2,1,1
eclipse.pde.ui-20120217-1437,org.eclipse.pde.internal.ui.preferences,EditorPreferencePage,createContents,31,3,1
eclipse.pde.ui-20120217-1437,org.eclipse.pde.internal.ui.preferences,EditorPreferencePage,widgetSelected,4,3,1
eclipse.pde.ui-20120217-1437,org.eclipse.pde.internal.ui.preferences,EditorPreferencePage,widgetSelected,4,1,1
eclipse.pde.ui-20120217-1437,org.eclipse.pde.internal.ui.preferences,EditorPreferencePage,createXMLTab,6,1,1
eclipse.pde.ui-20120217-1437,org.eclipse.pde.internal.ui.preferences,EditorPreferencePage,createManifestTab,6,1,1
eclipse.pde.ui-20120217-1437,org.eclipse.pde.internal.ui.preferences,MainPreferencePage,DefaultRuntimeWorkspaceBlock,3,1,0
eclipse.pde.ui-20120217-1437,org.eclipse.pde.internal.ui.preferences,MainPreferencePage,createControl,16,1,1
eclipse.pde.ui-20120217-1437,org.eclipse.pde.internal.ui.preferences,MainPreferencePage,getName,3,1,0
eclipse.pde.ui-20120217-1437,org.eclipse.pde.internal.ui.preferences,MainPreferencePage,isFile,3,1,0
eclipse.pde.ui-20120217-1437,org.eclipse.pde.internal.ui.preferences,MainPreferencePage,DefaultJUnitWorkspaceBlock,3,1,0
eclipse.pde.ui-20120217-1437,org.eclipse.pde.internal.ui.preferences,MainPreferencePage,createControl,16,1,1
eclipse.pde.ui-20120217-1437,org.eclipse.pde.internal.ui.preferences,MainPreferencePage,getName,3,1,0
eclipse.pde.ui-20120217-1437,org.eclipse.pde.internal.ui.preferences,MainPreferencePage,isFile,3,1,0
eclipse.pde.ui-20120217-1437,org.eclipse.pde.internal.ui.preferences,MainPreferencePage,MainPreferencePage,4,1,0
eclipse.pde.ui-20120217-1437,org.eclipse.pde.internal.ui.preferences,MainPreferencePage,createContents,49,2,1
eclipse.pde.ui-20120217-1437,org.eclipse.pde.internal.ui.preferences,MainPreferencePage,widgetSelected,3,1,1
eclipse.pde.ui-20120217-1437,org.eclipse.pde.internal.ui.preferences,MainPreferencePage,createControl,5,1,1
eclipse.pde.ui-20120217-1437,org.eclipse.pde.internal.ui.preferences,MainPreferencePage,performOk,43,5,0
eclipse.pde.ui-20120217-1437,org.eclipse.pde.internal.ui.preferences,MainPreferencePage,performDefaults,25,2,0
eclipse.pde.ui-20120217-1437,org.eclipse.pde.internal.ui.preferences,MainPreferencePage,setVisible,4,1,1
eclipse.pde.ui-20120217-1437,org.eclipse.pde.internal.ui.preferences,MainPreferencePage,init,2,1,1
eclipse.pde.ui-20120217-1437,org.eclipse.pde.internal.ui.preferences,DefaultRuntimeWorkspaceBlock,DefaultRuntimeWorkspaceBlock,3,1,0
eclipse.pde.ui-20120217-1437,org.eclipse.pde.internal.ui.preferences,DefaultRuntimeWorkspaceBlock,createControl,16,1,1
eclipse.pde.ui-20120217-1437,org.eclipse.pde.internal.ui.preferences,DefaultRuntimeWorkspaceBlock,getName,3,1,0
eclipse.pde.ui-20120217-1437,org.eclipse.pde.internal.ui.preferences,DefaultRuntimeWorkspaceBlock,isFile,3,1,0
eclipse.pde.ui-20120217-1437,org.eclipse.pde.internal.ui.preferences,DefaultJUnitWorkspaceBlock,DefaultJUnitWorkspaceBlock,3,1,0
eclipse.pde.ui-20120217-1437,org.eclipse.pde.internal.ui.preferences,DefaultJUnitWorkspaceBlock,createControl,16,1,1
eclipse.pde.ui-20120217-1437,org.eclipse.pde.internal.ui.preferences,DefaultJUnitWorkspaceBlock,getName,3,1,0
eclipse.pde.ui-20120217-1437,org.eclipse.pde.internal.ui.preferences,DefaultJUnitWorkspaceBlock,isFile,3,1,0
eclipse.pde.ui-20120217-1437,org.eclipse.pde.internal.ui.preferences,ManifestSyntaxColorTab,ManifestSyntaxColorTab,3,1,1
eclipse.pde.ui-20120217-1437,org.eclipse.pde.internal.ui.preferences,ManifestSyntaxColorTab,getDocument,18,1,0
eclipse.pde.ui-20120217-1437,org.eclipse.pde.internal.ui.preferences,ManifestSyntaxColorTab,getSourceViewerConfiguration,3,1,0
eclipse.pde.ui-20120217-1437,org.eclipse.pde.internal.ui.preferences,ManifestSyntaxColorTab,getColorStrings,3,1,0
eclipse.pde.ui-20120217-1437,org.eclipse.pde.internal.ui.preferences,OSGiFrameworkPreferencePage,getImage,3,1,1
eclipse.pde.ui-20120217-1437,org.eclipse.pde.internal.ui.preferences,OSGiFrameworkPreferencePage,getText,8,2,1
eclipse.pde.ui-20120217-1437,org.eclipse.pde.internal.ui.preferences,OSGiFrameworkPreferencePage,getFont,19,5,1
eclipse.pde.ui-20120217-1437,org.eclipse.pde.internal.ui.preferences,OSGiFrameworkPreferencePage,dispose,6,2,0
eclipse.pde.ui-20120217-1437,org.eclipse.pde.internal.ui.preferences,OSGiFrameworkPreferencePage,OSGiFrameworkPreferencePage,3,1,0
eclipse.pde.ui-20120217-1437,org.eclipse.pde.internal.ui.preferences,OSGiFrameworkPreferencePage,setDefaultFramework,4,1,0
eclipse.pde.ui-20120217-1437,org.eclipse.pde.internal.ui.preferences,OSGiFrameworkPreferencePage,createContents,38,3,1
eclipse.pde.ui-20120217-1437,org.eclipse.pde.internal.ui.preferences,OSGiFrameworkPreferencePage,widgetSelected,3,1,1
eclipse.pde.ui-20120217-1437,org.eclipse.pde.internal.ui.preferences,OSGiFrameworkPreferencePage,checkStateChanged,6,1,1
eclipse.pde.ui-20120217-1437,org.eclipse.pde.internal.ui.preferences,OSGiFrameworkPreferencePage,performOk,17,2,0
eclipse.pde.ui-20120217-1437,org.eclipse.pde.internal.ui.preferences,OSGiFrameworkPreferencePage,performDefaults,4,1,0
eclipse.pde.ui-20120217-1437,org.eclipse.pde.internal.ui.preferences,OSGiFrameworkPreferencePage,init,2,1,1
eclipse.pde.ui-20120217-1437,org.eclipse.pde.internal.ui.preferences,FrameworkLabelProvider,getImage,3,1,1
eclipse.pde.ui-20120217-1437,org.eclipse.pde.internal.ui.preferences,FrameworkLabelProvider,getText,8,2,1
eclipse.pde.ui-20120217-1437,org.eclipse.pde.internal.ui.preferences,FrameworkLabelProvider,getFont,19,5,1
eclipse.pde.ui-20120217-1437,org.eclipse.pde.internal.ui.preferences,FrameworkLabelProvider,dispose,6,2,0
eclipse.pde.ui-20120217-1437,org.eclipse.pde.internal.ui.preferences,PDECompilersConfigurationBlock,ControlData,4,1,2
eclipse.pde.ui-20120217-1437,org.eclipse.pde.internal.ui.preferences,PDECompilersConfigurationBlock,getKey,3,1,0
eclipse.pde.ui-20120217-1437,org.eclipse.pde.internal.ui.preferences,PDECompilersConfigurationBlock,getValue,4,1,1
eclipse.pde.ui-20120217-1437,org.eclipse.pde.internal.ui.preferences,PDECompilersConfigurationBlock,getValue,3,1,1
eclipse.pde.ui-20120217-1437,org.eclipse.pde.internal.ui.preferences,PDECompilersConfigurationBlock,getSelection,10,4,1
eclipse.pde.ui-20120217-1437,org.eclipse.pde.internal.ui.preferences,PDECompilersConfigurationBlock,Key,4,1,2
eclipse.pde.ui-20120217-1437,org.eclipse.pde.internal.ui.preferences,PDECompilersConfigurationBlock,getNode,7,2,2
eclipse.pde.ui-20120217-1437,org.eclipse.pde.internal.ui.preferences,PDECompilersConfigurationBlock,getStoredValue,7,2,2
eclipse.pde.ui-20120217-1437,org.eclipse.pde.internal.ui.preferences,PDECompilersConfigurationBlock,getStoredValue,9,3,3
eclipse.pde.ui-20120217-1437,org.eclipse.pde.internal.ui.preferences,PDECompilersConfigurationBlock,setStoredValue,9,2,3
eclipse.pde.ui-20120217-1437,org.eclipse.pde.internal.ui.preferences,PDECompilersConfigurationBlock,toString,3,1,0
eclipse.pde.ui-20120217-1437,org.eclipse.pde.internal.ui.preferences,PDECompilersConfigurationBlock,getPDEPrefKey,3,1,1
eclipse.pde.ui-20120217-1437,org.eclipse.pde.internal.ui.preferences,PDECompilersConfigurationBlock,widgetSelected,17,3,1
eclipse.pde.ui-20120217-1437,org.eclipse.pde.internal.ui.preferences,PDECompilersConfigurationBlock,modifyText,9,2,1
eclipse.pde.ui-20120217-1437,org.eclipse.pde.internal.ui.preferences,PDECompilersConfigurationBlock,PDECompilersConfigurationBlock,25,5,2
eclipse.pde.ui-20120217-1437,org.eclipse.pde.internal.ui.preferences,PDECompilersConfigurationBlock,hasProjectSpecificSettings,11,4,1
eclipse.pde.ui-20120217-1437,org.eclipse.pde.internal.ui.preferences,PDECompilersConfigurationBlock,useProjectSpecificSettings,23,5,1
eclipse.pde.ui-20120217-1437,org.eclipse.pde.internal.ui.preferences,PDECompilersConfigurationBlock,updateControls,35,7,0
eclipse.pde.ui-20120217-1437,org.eclipse.pde.internal.ui.preferences,PDECompilersConfigurationBlock,enableControl,10,3,2
eclipse.pde.ui-20120217-1437,org.eclipse.pde.internal.ui.preferences,PDECompilersConfigurationBlock,createControl,21,3,1
eclipse.pde.ui-20120217-1437,org.eclipse.pde.internal.ui.preferences,PDECompilersConfigurationBlock,createPage,46,5,4
eclipse.pde.ui-20120217-1437,org.eclipse.pde.internal.ui.preferences,PDECompilersConfigurationBlock,initializeComboControls,5,2,4
eclipse.pde.ui-20120217-1437,org.eclipse.pde.internal.ui.preferences,PDECompilersConfigurationBlock,createCheckControl,14,2,4
eclipse.pde.ui-20120217-1437,org.eclipse.pde.internal.ui.preferences,PDECompilersConfigurationBlock,dispose,5,1,0
eclipse.pde.ui-20120217-1437,org.eclipse.pde.internal.ui.preferences,PDECompilersConfigurationBlock,createComboControl,24,4,4
eclipse.pde.ui-20120217-1437,org.eclipse.pde.internal.ui.preferences,PDECompilersConfigurationBlock,createTextControl,16,3,4
eclipse.pde.ui-20120217-1437,org.eclipse.pde.internal.ui.preferences,PDECompilersConfigurationBlock,createScrolledComposite,14,1,2
eclipse.pde.ui-20120217-1437,org.eclipse.pde.internal.ui.preferences,PDECompilersConfigurationBlock,handleEvent,3,1,1
eclipse.pde.ui-20120217-1437,org.eclipse.pde.internal.ui.preferences,PDECompilersConfigurationBlock,createExpansibleComposite,15,1,2
eclipse.pde.ui-20120217-1437,org.eclipse.pde.internal.ui.preferences,PDECompilersConfigurationBlock,expansionStateChanged,4,1,1
eclipse.pde.ui-20120217-1437,org.eclipse.pde.internal.ui.preferences,PDECompilersConfigurationBlock,getScrollingParent,16,5,1
eclipse.pde.ui-20120217-1437,org.eclipse.pde.internal.ui.preferences,PDECompilersConfigurationBlock,handleExpand,18,3,1
eclipse.pde.ui-20120217-1437,org.eclipse.pde.internal.ui.preferences,PDECompilersConfigurationBlock,performOK,4,1,0
eclipse.pde.ui-20120217-1437,org.eclipse.pde.internal.ui.preferences,PDECompilersConfigurationBlock,performApply,3,1,0
eclipse.pde.ui-20120217-1437,org.eclipse.pde.internal.ui.preferences,PDECompilersConfigurationBlock,save,25,6,0
eclipse.pde.ui-20120217-1437,org.eclipse.pde.internal.ui.preferences,PDECompilersConfigurationBlock,collectChanges,22,6,2
eclipse.pde.ui-20120217-1437,org.eclipse.pde.internal.ui.preferences,PDECompilersConfigurationBlock,performCancel,3,1,0
eclipse.pde.ui-20120217-1437,org.eclipse.pde.internal.ui.preferences,PDECompilersConfigurationBlock,performDefaults,10,2,0
eclipse.pde.ui-20120217-1437,org.eclipse.pde.internal.ui.preferences,PDECompilersConfigurationBlock,persistExpansionState,6,2,0
eclipse.pde.ui-20120217-1437,org.eclipse.pde.internal.ui.preferences,PDECompilersConfigurationBlock,restoreExpansionState,11,3,0
eclipse.pde.ui-20120217-1437,org.eclipse.pde.internal.ui.preferences,PDECompilersConfigurationBlock,addBuilder,32,8,1
eclipse.pde.ui-20120217-1437,org.eclipse.pde.internal.ui.preferences,PDECompilersConfigurationBlock,doFullBuild,49,9,0
eclipse.pde.ui-20120217-1437,org.eclipse.pde.internal.ui.preferences,PDECompilersConfigurationBlock,belongsTo,3,1,1
eclipse.pde.ui-20120217-1437,org.eclipse.pde.internal.ui.preferences,PDECompilersConfigurationBlock,run,38,9,1
eclipse.pde.ui-20120217-1437,org.eclipse.pde.internal.ui.preferences,ControlData,ControlData,4,1,2
eclipse.pde.ui-20120217-1437,org.eclipse.pde.internal.ui.preferences,ControlData,getKey,3,1,0
eclipse.pde.ui-20120217-1437,org.eclipse.pde.internal.ui.preferences,ControlData,getValue,4,1,1
eclipse.pde.ui-20120217-1437,org.eclipse.pde.internal.ui.preferences,ControlData,getValue,3,1,1
eclipse.pde.ui-20120217-1437,org.eclipse.pde.internal.ui.preferences,ControlData,getSelection,10,4,1
eclipse.pde.ui-20120217-1437,org.eclipse.pde.internal.ui.preferences,Key,Key,4,1,2
eclipse.pde.ui-20120217-1437,org.eclipse.pde.internal.ui.preferences,Key,getNode,7,2,2
eclipse.pde.ui-20120217-1437,org.eclipse.pde.internal.ui.preferences,Key,getStoredValue,7,2,2
eclipse.pde.ui-20120217-1437,org.eclipse.pde.internal.ui.preferences,Key,getStoredValue,9,3,3
eclipse.pde.ui-20120217-1437,org.eclipse.pde.internal.ui.preferences,Key,setStoredValue,9,2,3
eclipse.pde.ui-20120217-1437,org.eclipse.pde.internal.ui.preferences,Key,toString,3,1,0
eclipse.pde.ui-20120217-1437,org.eclipse.pde.internal.ui.preferences,PreferenceInitializer,initializeDefaultPreferences,6,1,0
eclipse.pde.ui-20120217-1437,org.eclipse.pde.internal.ui.preferences,ProjectSelectionDialog,getChildren,20,4,1
eclipse.pde.ui-20120217-1437,org.eclipse.pde.internal.ui.preferences,ProjectSelectionDialog,ProjectSelectionDialog,12,1,2
eclipse.pde.ui-20120217-1437,org.eclipse.pde.internal.ui.preferences,ProjectSelectionDialog,select,3,1,3
eclipse.pde.ui-20120217-1437,org.eclipse.pde.internal.ui.preferences,ProjectSelectionDialog,createDialogArea,47,1,1
eclipse.pde.ui-20120217-1437,org.eclipse.pde.internal.ui.preferences,ProjectSelectionDialog,selectionChanged,3,1,1
eclipse.pde.ui-20120217-1437,org.eclipse.pde.internal.ui.preferences,ProjectSelectionDialog,doubleClick,3,1,1
eclipse.pde.ui-20120217-1437,org.eclipse.pde.internal.ui.preferences,ProjectSelectionDialog,widgetSelected,3,1,1
eclipse.pde.ui-20120217-1437,org.eclipse.pde.internal.ui.preferences,ProjectSelectionDialog,widgetDefaultSelected,3,1,1
eclipse.pde.ui-20120217-1437,org.eclipse.pde.internal.ui.preferences,ProjectSelectionDialog,doSelectionChanged,10,2,1
eclipse.pde.ui-20120217-1437,org.eclipse.pde.internal.ui.preferences,ProjectSelectionDialog,updateFilter,9,2,1
eclipse.pde.ui-20120217-1437,org.eclipse.pde.internal.ui.preferences,ProjectSelectionDialog,computeResult,2,1,0
eclipse.pde.ui-20120217-1437,org.eclipse.pde.internal.ui.preferences,ApiJavaElementContentProvider,getChildren,20,4,1
eclipse.pde.ui-20120217-1437,org.eclipse.pde.internal.ui.preferences,SyntaxColorTab,ColorElement,7,1,5
eclipse.pde.ui-20120217-1437,org.eclipse.pde.internal.ui.preferences,SyntaxColorTab,getColorKey,3,1,0
eclipse.pde.ui-20120217-1437,org.eclipse.pde.internal.ui.preferences,SyntaxColorTab,getDisplayName,3,1,0
eclipse.pde.ui-20120217-1437,org.eclipse.pde.internal.ui.preferences,SyntaxColorTab,getColorValue,3,1,0
eclipse.pde.ui-20120217-1437,org.eclipse.pde.internal.ui.preferences,SyntaxColorTab,setColorValue,6,2,1
eclipse.pde.ui-20120217-1437,org.eclipse.pde.internal.ui.preferences,SyntaxColorTab,setBold,8,2,1
eclipse.pde.ui-20120217-1437,org.eclipse.pde.internal.ui.preferences,SyntaxColorTab,isBold,3,1,0
eclipse.pde.ui-20120217-1437,org.eclipse.pde.internal.ui.preferences,SyntaxColorTab,setItalic,8,2,1
eclipse.pde.ui-20120217-1437,org.eclipse.pde.internal.ui.preferences,SyntaxColorTab,isItalic,3,1,0
eclipse.pde.ui-20120217-1437,org.eclipse.pde.internal.ui.preferences,SyntaxColorTab,toString,3,1,0
eclipse.pde.ui-20120217-1437,org.eclipse.pde.internal.ui.preferences,SyntaxColorTab,firePropertyChange,6,2,1
eclipse.pde.ui-20120217-1437,org.eclipse.pde.internal.ui.preferences,SyntaxColorTab,SyntaxColorTab,3,1,1
eclipse.pde.ui-20120217-1437,org.eclipse.pde.internal.ui.preferences,SyntaxColorTab,getColorStrings,0,1,0
eclipse.pde.ui-20120217-1437,org.eclipse.pde.internal.ui.preferences,SyntaxColorTab,getColorData,14,2,0
eclipse.pde.ui-20120217-1437,org.eclipse.pde.internal.ui.preferences,SyntaxColorTab,createContents,8,1,1
eclipse.pde.ui-20120217-1437,org.eclipse.pde.internal.ui.preferences,SyntaxColorTab,createElementTable,67,1,1
eclipse.pde.ui-20120217-1437,org.eclipse.pde.internal.ui.preferences,SyntaxColorTab,widgetSelected,4,1,1
eclipse.pde.ui-20120217-1437,org.eclipse.pde.internal.ui.preferences,SyntaxColorTab,widgetSelected,4,1,1
eclipse.pde.ui-20120217-1437,org.eclipse.pde.internal.ui.preferences,SyntaxColorTab,widgetSelected,4,1,1
eclipse.pde.ui-20120217-1437,org.eclipse.pde.internal.ui.preferences,SyntaxColorTab,selectionChanged,6,1,1
eclipse.pde.ui-20120217-1437,org.eclipse.pde.internal.ui.preferences,SyntaxColorTab,createPreviewer,18,2,1
eclipse.pde.ui-20120217-1437,org.eclipse.pde.internal.ui.preferences,SyntaxColorTab,getSourceViewerConfiguration,0,1,0
eclipse.pde.ui-20120217-1437,org.eclipse.pde.internal.ui.preferences,SyntaxColorTab,performOk,10,2,0
eclipse.pde.ui-20120217-1437,org.eclipse.pde.internal.ui.preferences,SyntaxColorTab,performDefaults,14,2,0
eclipse.pde.ui-20120217-1437,org.eclipse.pde.internal.ui.preferences,SyntaxColorTab,dispose,3,1,0
eclipse.pde.ui-20120217-1437,org.eclipse.pde.internal.ui.preferences,SyntaxColorTab,getDocument,0,1,0
eclipse.pde.ui-20120217-1437,org.eclipse.pde.internal.ui.preferences,SyntaxColorTab,getColorElement,4,1,1
eclipse.pde.ui-20120217-1437,org.eclipse.pde.internal.ui.preferences,ColorElement,ColorElement,7,1,5
eclipse.pde.ui-20120217-1437,org.eclipse.pde.internal.ui.preferences,ColorElement,getColorKey,3,1,0
eclipse.pde.ui-20120217-1437,org.eclipse.pde.internal.ui.preferences,ColorElement,getDisplayName,3,1,0
eclipse.pde.ui-20120217-1437,org.eclipse.pde.internal.ui.preferences,ColorElement,getColorValue,3,1,0
eclipse.pde.ui-20120217-1437,org.eclipse.pde.internal.ui.preferences,ColorElement,setColorValue,6,2,1
eclipse.pde.ui-20120217-1437,org.eclipse.pde.internal.ui.preferences,ColorElement,setBold,8,2,1
eclipse.pde.ui-20120217-1437,org.eclipse.pde.internal.ui.preferences,ColorElement,isBold,3,1,0
eclipse.pde.ui-20120217-1437,org.eclipse.pde.internal.ui.preferences,ColorElement,setItalic,8,2,1
eclipse.pde.ui-20120217-1437,org.eclipse.pde.internal.ui.preferences,ColorElement,isItalic,3,1,0
eclipse.pde.ui-20120217-1437,org.eclipse.pde.internal.ui.preferences,ColorElement,toString,3,1,0
eclipse.pde.ui-20120217-1437,org.eclipse.pde.internal.ui.preferences,ColorElement,firePropertyChange,6,2,1
eclipse.pde.ui-20120217-1437,org.eclipse.pde.internal.ui.preferences,TabFolderLayout,computeSize,15,5,4
eclipse.pde.ui-20120217-1437,org.eclipse.pde.internal.ui.preferences,TabFolderLayout,layout,7,2,2
eclipse.pde.ui-20120217-1437,org.eclipse.pde.internal.ui.preferences,TargetPlatformPreferenceNode,add,2,1,1
eclipse.pde.ui-20120217-1437,org.eclipse.pde.internal.ui.preferences,TargetPlatformPreferenceNode,createPage,3,1,0
eclipse.pde.ui-20120217-1437,org.eclipse.pde.internal.ui.preferences,TargetPlatformPreferenceNode,disposeResources,4,2,0
eclipse.pde.ui-20120217-1437,org.eclipse.pde.internal.ui.preferences,TargetPlatformPreferenceNode,findSubNode,3,1,1
eclipse.pde.ui-20120217-1437,org.eclipse.pde.internal.ui.preferences,TargetPlatformPreferenceNode,getId,3,1,0
eclipse.pde.ui-20120217-1437,org.eclipse.pde.internal.ui.preferences,TargetPlatformPreferenceNode,getLabelImage,3,1,0
eclipse.pde.ui-20120217-1437,org.eclipse.pde.internal.ui.preferences,TargetPlatformPreferenceNode,getLabelText,3,1,0
eclipse.pde.ui-20120217-1437,org.eclipse.pde.internal.ui.preferences,TargetPlatformPreferenceNode,getPage,3,1,0
eclipse.pde.ui-20120217-1437,org.eclipse.pde.internal.ui.preferences,TargetPlatformPreferenceNode,getSubNodes,3,1,0
eclipse.pde.ui-20120217-1437,org.eclipse.pde.internal.ui.preferences,TargetPlatformPreferenceNode,remove,3,1,1
eclipse.pde.ui-20120217-1437,org.eclipse.pde.internal.ui.preferences,TargetPlatformPreferenceNode,remove,3,1,1
eclipse.pde.ui-20120217-1437,org.eclipse.pde.internal.ui.preferences,TargetPlatformPreferencePage,TargetLabelProvider,7,2,0
eclipse.pde.ui-20120217-1437,org.eclipse.pde.internal.ui.preferences,TargetPlatformPreferencePage,getBoldFont,13,3,0
eclipse.pde.ui-20120217-1437,org.eclipse.pde.internal.ui.preferences,TargetPlatformPreferencePage,update,43,7,1
eclipse.pde.ui-20120217-1437,org.eclipse.pde.internal.ui.preferences,TargetPlatformPreferencePage,applyStyles,5,2,1
eclipse.pde.ui-20120217-1437,org.eclipse.pde.internal.ui.preferences,TargetPlatformPreferencePage,getImage,15,5,1
eclipse.pde.ui-20120217-1437,org.eclipse.pde.internal.ui.preferences,TargetPlatformPreferencePage,dispose,8,2,0
eclipse.pde.ui-20120217-1437,org.eclipse.pde.internal.ui.preferences,TargetPlatformPreferencePage,createContents,7,1,1
eclipse.pde.ui-20120217-1437,org.eclipse.pde.internal.ui.preferences,TargetPlatformPreferencePage,createTargetProfilesGroup,154,12,1
eclipse.pde.ui-20120217-1437,org.eclipse.pde.internal.ui.preferences,TargetPlatformPreferencePage,checkStateChanged,9,2,1
eclipse.pde.ui-20120217-1437,org.eclipse.pde.internal.ui.preferences,TargetPlatformPreferencePage,selectionChanged,4,1,1
eclipse.pde.ui-20120217-1437,org.eclipse.pde.internal.ui.preferences,TargetPlatformPreferencePage,doubleClick,3,1,1
eclipse.pde.ui-20120217-1437,org.eclipse.pde.internal.ui.preferences,TargetPlatformPreferencePage,keyPressed,5,2,1
eclipse.pde.ui-20120217-1437,org.eclipse.pde.internal.ui.preferences,TargetPlatformPreferencePage,compare,11,3,3
eclipse.pde.ui-20120217-1437,org.eclipse.pde.internal.ui.preferences,TargetPlatformPreferencePage,widgetSelected,3,1,1
eclipse.pde.ui-20120217-1437,org.eclipse.pde.internal.ui.preferences,TargetPlatformPreferencePage,widgetSelected,3,1,1
eclipse.pde.ui-20120217-1437,org.eclipse.pde.internal.ui.preferences,TargetPlatformPreferencePage,widgetSelected,3,1,1
eclipse.pde.ui-20120217-1437,org.eclipse.pde.internal.ui.preferences,TargetPlatformPreferencePage,widgetSelected,3,1,1
eclipse.pde.ui-20120217-1437,org.eclipse.pde.internal.ui.preferences,TargetPlatformPreferencePage,widgetSelected,3,1,1
eclipse.pde.ui-20120217-1437,org.eclipse.pde.internal.ui.preferences,TargetPlatformPreferencePage,handleActivate,20,3,0
eclipse.pde.ui-20120217-1437,org.eclipse.pde.internal.ui.preferences,TargetPlatformPreferencePage,handleReload,53,8,0
eclipse.pde.ui-20120217-1437,org.eclipse.pde.internal.ui.preferences,TargetPlatformPreferencePage,configureShell,4,1,1
eclipse.pde.ui-20120217-1437,org.eclipse.pde.internal.ui.preferences,TargetPlatformPreferencePage,run,9,3,1
eclipse.pde.ui-20120217-1437,org.eclipse.pde.internal.ui.preferences,TargetPlatformPreferencePage,handleAdd,14,3,0
eclipse.pde.ui-20120217-1437,org.eclipse.pde.internal.ui.preferences,TargetPlatformPreferencePage,handleEdit,26,6,0
eclipse.pde.ui-20120217-1437,org.eclipse.pde.internal.ui.preferences,TargetPlatformPreferencePage,handleRemove,33,8,0
eclipse.pde.ui-20120217-1437,org.eclipse.pde.internal.ui.preferences,TargetPlatformPreferencePage,handleMove,15,2,0
eclipse.pde.ui-20120217-1437,org.eclipse.pde.internal.ui.preferences,TargetPlatformPreferencePage,updateButtons,14,2,0
eclipse.pde.ui-20120217-1437,org.eclipse.pde.internal.ui.preferences,TargetPlatformPreferencePage,updateDetails,9,2,0
eclipse.pde.ui-20120217-1437,org.eclipse.pde.internal.ui.preferences,TargetPlatformPreferencePage,getTargetService,3,1,0
eclipse.pde.ui-20120217-1437,org.eclipse.pde.internal.ui.preferences,TargetPlatformPreferencePage,init,6,2,1
eclipse.pde.ui-20120217-1437,org.eclipse.pde.internal.ui.preferences,TargetPlatformPreferencePage,performDefaults,27,5,0
eclipse.pde.ui-20120217-1437,org.eclipse.pde.internal.ui.preferences,TargetPlatformPreferencePage,performOk,156,26,0
eclipse.pde.ui-20120217-1437,org.eclipse.pde.internal.ui.preferences,TargetPlatformPreferencePage,done,32,8,1
eclipse.pde.ui-20120217-1437,org.eclipse.pde.internal.ui.preferences,TargetPlatformPreferencePage,run,3,1,0
eclipse.pde.ui-20120217-1437,org.eclipse.pde.internal.ui.preferences,TargetPlatformPreferencePage,runGC,12,1,0
eclipse.pde.ui-20120217-1437,org.eclipse.pde.internal.ui.preferences,TargetPlatformPreferencePage,run,6,1,1
eclipse.pde.ui-20120217-1437,org.eclipse.pde.internal.ui.preferences,TargetLabelProvider,TargetLabelProvider,7,2,0
eclipse.pde.ui-20120217-1437,org.eclipse.pde.internal.ui.preferences,TargetLabelProvider,getBoldFont,13,3,0
eclipse.pde.ui-20120217-1437,org.eclipse.pde.internal.ui.preferences,TargetLabelProvider,update,43,7,1
eclipse.pde.ui-20120217-1437,org.eclipse.pde.internal.ui.preferences,TargetLabelProvider,applyStyles,5,2,1
eclipse.pde.ui-20120217-1437,org.eclipse.pde.internal.ui.preferences,TargetLabelProvider,getImage,15,5,1
eclipse.pde.ui-20120217-1437,org.eclipse.pde.internal.ui.preferences,TargetLabelProvider,dispose,8,2,0
eclipse.pde.ui-20120217-1437,org.eclipse.pde.internal.ui.preferences,XMLSyntaxColorTab,XMLSyntaxColorTab,3,1,1
eclipse.pde.ui-20120217-1437,org.eclipse.pde.internal.ui.preferences,XMLSyntaxColorTab,getDocument,20,1,0
eclipse.pde.ui-20120217-1437,org.eclipse.pde.internal.ui.preferences,XMLSyntaxColorTab,getSourceViewerConfiguration,3,1,0
eclipse.pde.ui-20120217-1437,org.eclipse.pde.internal.ui.preferences,XMLSyntaxColorTab,getColorStrings,3,1,0
eclipse.pde.ui-20120217-1437,org.eclipse.pde.internal.ui.properties,CompilersPropertyPage,createContents,40,4,1
eclipse.pde.ui-20120217-1437,org.eclipse.pde.internal.ui.properties,CompilersPropertyPage,widgetSelected,7,2,1
eclipse.pde.ui-20120217-1437,org.eclipse.pde.internal.ui.properties,CompilersPropertyPage,widgetSelected,5,1,1
eclipse.pde.ui-20120217-1437,org.eclipse.pde.internal.ui.properties,CompilersPropertyPage,getProject,3,1,0
eclipse.pde.ui-20120217-1437,org.eclipse.pde.internal.ui.properties,CompilersPropertyPage,performCancel,4,1,0
eclipse.pde.ui-20120217-1437,org.eclipse.pde.internal.ui.properties,CompilersPropertyPage,performOk,4,1,0
eclipse.pde.ui-20120217-1437,org.eclipse.pde.internal.ui.properties,CompilersPropertyPage,performDefaults,4,1,0
eclipse.pde.ui-20120217-1437,org.eclipse.pde.internal.ui.properties,CompilersPropertyPage,performApply,4,1,0
eclipse.pde.ui-20120217-1437,org.eclipse.pde.internal.ui.properties,CompilersPropertyPage,dispose,4,1,0
eclipse.pde.ui-20120217-1437,org.eclipse.pde.internal.ui.properties,CompilersPropertyPage,offerLink,3,1,0
eclipse.pde.ui-20120217-1437,org.eclipse.pde.internal.ui.properties,CompilersPropertyPage,applyData,8,3,1
eclipse.pde.ui-20120217-1437,org.eclipse.pde.internal.ui.properties,PluginDevelopmentPage,PluginDevelopmentPage,3,1,0
eclipse.pde.ui-20120217-1437,org.eclipse.pde.internal.ui.properties,PluginDevelopmentPage,createContents,16,1,1
eclipse.pde.ui-20120217-1437,org.eclipse.pde.internal.ui.properties,PluginDevelopmentPage,initialize,7,2,0
eclipse.pde.ui-20120217-1437,org.eclipse.pde.internal.ui.properties,PluginDevelopmentPage,getPreferences,3,1,1
eclipse.pde.ui-20120217-1437,org.eclipse.pde.internal.ui.properties,PluginDevelopmentPage,createControl,4,1,1
eclipse.pde.ui-20120217-1437,org.eclipse.pde.internal.ui.properties,PluginDevelopmentPage,performOk,16,4,0
eclipse.pde.ui-20120217-1437,org.eclipse.pde.internal.ui.properties,SelfHostingPropertyPage,getElements,3,1,1
eclipse.pde.ui-20120217-1437,org.eclipse.pde.internal.ui.properties,SelfHostingPropertyPage,getImage,3,1,1
eclipse.pde.ui-20120217-1437,org.eclipse.pde.internal.ui.properties,SelfHostingPropertyPage,getOutputFolders,23,5,0
eclipse.pde.ui-20120217-1437,org.eclipse.pde.internal.ui.properties,SelfHostingPropertyPage,SelfHostingPropertyPage,3,1,0
eclipse.pde.ui-20120217-1437,org.eclipse.pde.internal.ui.properties,SelfHostingPropertyPage,dispose,3,2,0
eclipse.pde.ui-20120217-1437,org.eclipse.pde.internal.ui.properties,SelfHostingPropertyPage,createContents,22,1,1
eclipse.pde.ui-20120217-1437,org.eclipse.pde.internal.ui.properties,SelfHostingPropertyPage,createControl,4,1,1
eclipse.pde.ui-20120217-1437,org.eclipse.pde.internal.ui.properties,SelfHostingPropertyPage,initialize,12,3,0
eclipse.pde.ui-20120217-1437,org.eclipse.pde.internal.ui.properties,SelfHostingPropertyPage,getPreferences,3,1,1
eclipse.pde.ui-20120217-1437,org.eclipse.pde.internal.ui.properties,SelfHostingPropertyPage,performDefaults,3,1,0
eclipse.pde.ui-20120217-1437,org.eclipse.pde.internal.ui.properties,SelfHostingPropertyPage,performOk,22,6,0
eclipse.pde.ui-20120217-1437,org.eclipse.pde.internal.ui.properties,ContentProvider,getElements,3,1,1
eclipse.pde.ui-20120217-1437,org.eclipse.pde.internal.ui.properties,FolderLabelProvider,getImage,3,1,1
eclipse.pde.ui-20120217-1437,org.eclipse.pde.internal.ui.refactoring,BuildPropertiesChange,createRenameChange,41,7,4
eclipse.pde.ui-20120217-1437,org.eclipse.pde.internal.ui.refactoring,BuildPropertiesChange,addBuildEntryEdit,13,3,3
eclipse.pde.ui-20120217-1437,org.eclipse.pde.internal.ui.refactoring,BundleManifestChange,createMoveToPackageChange,21,2,3
eclipse.pde.ui-20120217-1437,org.eclipse.pde.internal.ui.refactoring,BundleManifestChange,createMovePackageChange,37,7,3
eclipse.pde.ui-20120217-1437,org.eclipse.pde.internal.ui.refactoring,BundleManifestChange,createRenameChange,49,8,4
eclipse.pde.ui-20120217-1437,org.eclipse.pde.internal.ui.refactoring,BundleManifestChange,createChange,12,2,2
eclipse.pde.ui-20120217-1437,org.eclipse.pde.internal.ui.refactoring,BundleManifestChange,renameLocalization,4,2,3
eclipse.pde.ui-20120217-1437,org.eclipse.pde.internal.ui.refactoring,BundleManifestChange,resetHeaderValue,10,3,4
eclipse.pde.ui-20120217-1437,org.eclipse.pde.internal.ui.refactoring,BundleManifestChange,isGoodMatch,5,2,3
eclipse.pde.ui-20120217-1437,org.eclipse.pde.internal.ui.refactoring,BundleManifestChange,renamePackage,6,2,3
eclipse.pde.ui-20120217-1437,org.eclipse.pde.internal.ui.refactoring,BundleManifestChange,removePackage,8,2,2
eclipse.pde.ui-20120217-1437,org.eclipse.pde.internal.ui.refactoring,BundleManifestChange,addPackage,16,4,2
eclipse.pde.ui-20120217-1437,org.eclipse.pde.internal.ui.refactoring,BundleManifestChange,getVersionAttribute,4,1,1
eclipse.pde.ui-20120217-1437,org.eclipse.pde.internal.ui.refactoring,BundleManifestChange,getExportedPackageHeader,4,1,1
eclipse.pde.ui-20120217-1437,org.eclipse.pde.internal.ui.refactoring,BundleManifestChange,getBundle,8,1,2
eclipse.pde.ui-20120217-1437,org.eclipse.pde.internal.ui.refactoring,ContainerMoveParticipant,getName,3,1,0
eclipse.pde.ui-20120217-1437,org.eclipse.pde.internal.ui.refactoring,ContainerRenameParticipant,getName,3,1,0
eclipse.pde.ui-20120217-1437,org.eclipse.pde.internal.ui.refactoring,ContainerRenameParticipant,initialize,14,3,1
eclipse.pde.ui-20120217-1437,org.eclipse.pde.internal.ui.refactoring,ContainerRenameParticipant,createChange,7,3,1
eclipse.pde.ui-20120217-1437,org.eclipse.pde.internal.ui.refactoring,ContainerRenameParticipant,createManifestChange,47,5,1
eclipse.pde.ui-20120217-1437,org.eclipse.pde.internal.ui.refactoring,CreateHeaderChangeOperation,CreateHeaderChangeOperation,6,1,4
eclipse.pde.ui-20120217-1437,org.eclipse.pde.internal.ui.refactoring,CreateHeaderChangeOperation,run,12,3,1
eclipse.pde.ui-20120217-1437,org.eclipse.pde.internal.ui.refactoring,CreateHeaderChangeOperation,getChange,3,1,0
eclipse.pde.ui-20120217-1437,org.eclipse.pde.internal.ui.refactoring,CreateHeaderChangeOperation,updateBundleHeader,49,12,2
eclipse.pde.ui-20120217-1437,org.eclipse.pde.internal.ui.refactoring,CreateHeaderChangeOperation,createListener,8,2,1
eclipse.pde.ui-20120217-1437,org.eclipse.pde.internal.ui.refactoring,CreateHeaderChangeOperation,getTextChange,10,2,2
eclipse.pde.ui-20120217-1437,org.eclipse.pde.internal.ui.refactoring,FileMoveParticipant,getName,3,1,0
eclipse.pde.ui-20120217-1437,org.eclipse.pde.internal.ui.refactoring,FileRenameParticipant,getName,3,1,0
eclipse.pde.ui-20120217-1437,org.eclipse.pde.internal.ui.refactoring,FileRenameParticipant,initialize,14,3,1
eclipse.pde.ui-20120217-1437,org.eclipse.pde.internal.ui.refactoring,FindReferenceOperation,FindReferenceOperation,4,1,2
eclipse.pde.ui-20120217-1437,org.eclipse.pde.internal.ui.refactoring,FindReferenceOperation,run,11,2,1
eclipse.pde.ui-20120217-1437,org.eclipse.pde.internal.ui.refactoring,FindReferenceOperation,getChanges,3,1,0
eclipse.pde.ui-20120217-1437,org.eclipse.pde.internal.ui.refactoring,FindReferenceOperation,findRequireBundleReferences,20,6,2
eclipse.pde.ui-20120217-1437,org.eclipse.pde.internal.ui.refactoring,FindReferenceOperation,findFragmentReferences,15,4,2
eclipse.pde.ui-20120217-1437,org.eclipse.pde.internal.ui.refactoring,FindReferenceOperation,findXFriendReferences,18,6,2
eclipse.pde.ui-20120217-1437,org.eclipse.pde.internal.ui.refactoring,GeneralRenameIDWizardPage,GeneralRenameIDWizardPage,4,1,2
eclipse.pde.ui-20120217-1437,org.eclipse.pde.internal.ui.refactoring,GeneralRenameIDWizardPage,createControl,8,1,1
eclipse.pde.ui-20120217-1437,org.eclipse.pde.internal.ui.refactoring,GeneralRenameIDWizardPage,createMainControl,4,1,1
eclipse.pde.ui-20120217-1437,org.eclipse.pde.internal.ui.refactoring,GeneralRenameIDWizardPage,createNewID,14,1,1
eclipse.pde.ui-20120217-1437,org.eclipse.pde.internal.ui.refactoring,GeneralRenameIDWizardPage,modifyText,4,1,1
eclipse.pde.ui-20120217-1437,org.eclipse.pde.internal.ui.refactoring,GeneralRenameIDWizardPage,createUpdateReferences,12,1,1
eclipse.pde.ui-20120217-1437,org.eclipse.pde.internal.ui.refactoring,GeneralRenameIDWizardPage,widgetSelected,3,1,1
eclipse.pde.ui-20120217-1437,org.eclipse.pde.internal.ui.refactoring,GeneralRenameIDWizardPage,validatePage,8,3,0
eclipse.pde.ui-20120217-1437,org.eclipse.pde.internal.ui.refactoring,GeneralRenameIDWizardPage,validateId,0,1,1
eclipse.pde.ui-20120217-1437,org.eclipse.pde.internal.ui.refactoring,ManifestPackageMoveParticipant,initialize,14,3,1
eclipse.pde.ui-20120217-1437,org.eclipse.pde.internal.ui.refactoring,ManifestPackageMoveParticipant,getName,3,1,0
eclipse.pde.ui-20120217-1437,org.eclipse.pde.internal.ui.refactoring,ManifestPackageMoveParticipant,addChange,17,6,2
eclipse.pde.ui-20120217-1437,org.eclipse.pde.internal.ui.refactoring,ManifestPackageMoveParticipant,getDestinationProject,8,3,0
eclipse.pde.ui-20120217-1437,org.eclipse.pde.internal.ui.refactoring,ManifestPackageMoveParticipant,isInterestingForExtensions,3,1,0
eclipse.pde.ui-20120217-1437,org.eclipse.pde.internal.ui.refactoring,ManifestPackageRenameParticipant,initialize,19,4,1
eclipse.pde.ui-20120217-1437,org.eclipse.pde.internal.ui.refactoring,ManifestPackageRenameParticipant,getName,3,1,0
eclipse.pde.ui-20120217-1437,org.eclipse.pde.internal.ui.refactoring,ManifestPackageRenameParticipant,addBundleManifestChange,19,6,2
eclipse.pde.ui-20120217-1437,org.eclipse.pde.internal.ui.refactoring,ManifestPackageRenameParticipant,isAffected,16,6,2
eclipse.pde.ui-20120217-1437,org.eclipse.pde.internal.ui.refactoring,ManifestTypeMoveParticipant,initialize,14,3,1
eclipse.pde.ui-20120217-1437,org.eclipse.pde.internal.ui.refactoring,ManifestTypeMoveParticipant,getName,3,1,0
eclipse.pde.ui-20120217-1437,org.eclipse.pde.internal.ui.refactoring,ManifestTypeMoveParticipant,isInterestingForExtensions,9,2,0
eclipse.pde.ui-20120217-1437,org.eclipse.pde.internal.ui.refactoring,ManifestTypeMoveParticipant,addChange,6,3,3
eclipse.pde.ui-20120217-1437,org.eclipse.pde.internal.ui.refactoring,ManifestTypeMoveParticipant,getNewName,9,3,2
eclipse.pde.ui-20120217-1437,org.eclipse.pde.internal.ui.refactoring,ManifestTypeMoveParticipant,addChange,7,3,2
eclipse.pde.ui-20120217-1437,org.eclipse.pde.internal.ui.refactoring,ManifestTypeRenameParticipant,initialize,14,3,1
eclipse.pde.ui-20120217-1437,org.eclipse.pde.internal.ui.refactoring,ManifestTypeRenameParticipant,getOldNames,6,2,0
eclipse.pde.ui-20120217-1437,org.eclipse.pde.internal.ui.refactoring,ManifestTypeRenameParticipant,getNewNames,13,2,0
eclipse.pde.ui-20120217-1437,org.eclipse.pde.internal.ui.refactoring,ManifestTypeRenameParticipant,getName,3,1,0
eclipse.pde.ui-20120217-1437,org.eclipse.pde.internal.ui.refactoring,MoveFromChange,MoveFromChange,3,1,2
eclipse.pde.ui-20120217-1437,org.eclipse.pde.internal.ui.refactoring,MoveFromChange,getMovedElements,13,2,0
eclipse.pde.ui-20120217-1437,org.eclipse.pde.internal.ui.refactoring,MoveFromChange,getMovedText,3,1,1
eclipse.pde.ui-20120217-1437,org.eclipse.pde.internal.ui.refactoring,MoveFromChange,setMovedElements,3,1,1
eclipse.pde.ui-20120217-1437,org.eclipse.pde.internal.ui.refactoring,MoveFromChange,getPackageName,3,1,1
eclipse.pde.ui-20120217-1437,org.eclipse.pde.internal.ui.refactoring,MovedTextFileChange,MovedTextFileChange,4,1,3
eclipse.pde.ui-20120217-1437,org.eclipse.pde.internal.ui.refactoring,MovedTextFileChange,getCurrentDocument,17,3,1
eclipse.pde.ui-20120217-1437,org.eclipse.pde.internal.ui.refactoring,PDEMoveParticipant,checkConditions,3,1,2
eclipse.pde.ui-20120217-1437,org.eclipse.pde.internal.ui.refactoring,PDEMoveParticipant,addElement,4,1,2
eclipse.pde.ui-20120217-1437,org.eclipse.pde.internal.ui.refactoring,PDEMoveParticipant,createChange,9,2,1
eclipse.pde.ui-20120217-1437,org.eclipse.pde.internal.ui.refactoring,PDEMoveParticipant,isInterestingForExtensions,0,1,0
eclipse.pde.ui-20120217-1437,org.eclipse.pde.internal.ui.refactoring,PDEMoveParticipant,addChange,2,1,3
eclipse.pde.ui-20120217-1437,org.eclipse.pde.internal.ui.refactoring,PDEMoveParticipant,addChange,2,1,2
eclipse.pde.ui-20120217-1437,org.eclipse.pde.internal.ui.refactoring,PDEMoveParticipant,getNewName,3,1,2
eclipse.pde.ui-20120217-1437,org.eclipse.pde.internal.ui.refactoring,PDEMoveParticipant,getNewNames,6,2,0
eclipse.pde.ui-20120217-1437,org.eclipse.pde.internal.ui.refactoring,PDERefactor,PDERefactor,4,1,1
eclipse.pde.ui-20120217-1437,org.eclipse.pde.internal.ui.refactoring,PDERefactor,getProcessor,3,1,0
eclipse.pde.ui-20120217-1437,org.eclipse.pde.internal.ui.refactoring,PDERefactoringAction,PDERefactoringAction,4,1,2
eclipse.pde.ui-20120217-1437,org.eclipse.pde.internal.ui.refactoring,PDERefactoringAction,setSelection,3,1,1
eclipse.pde.ui-20120217-1437,org.eclipse.pde.internal.ui.refactoring,PDERefactoringAction,run,11,1,0
eclipse.pde.ui-20120217-1437,org.eclipse.pde.internal.ui.refactoring,PDERefactoringAction,getShell,3,1,0
eclipse.pde.ui-20120217-1437,org.eclipse.pde.internal.ui.refactoring,PDERefactoringAction,getRefactoringProcessor,0,1,1
eclipse.pde.ui-20120217-1437,org.eclipse.pde.internal.ui.refactoring,PDERefactoringAction,getRefactoringWizard,0,1,2
eclipse.pde.ui-20120217-1437,org.eclipse.pde.internal.ui.refactoring,PDERenameParticipant,checkConditions,3,1,2
eclipse.pde.ui-20120217-1437,org.eclipse.pde.internal.ui.refactoring,PDERenameParticipant,addElement,8,2,2
eclipse.pde.ui-20120217-1437,org.eclipse.pde.internal.ui.refactoring,PDERenameParticipant,createChange,9,3,1
eclipse.pde.ui-20120217-1437,org.eclipse.pde.internal.ui.refactoring,PDERenameParticipant,addChange,6,3,3
eclipse.pde.ui-20120217-1437,org.eclipse.pde.internal.ui.refactoring,PDERenameParticipant,getNewNames,6,2,0
eclipse.pde.ui-20120217-1437,org.eclipse.pde.internal.ui.refactoring,PDERenameParticipant,addBundleManifestChange,3,1,2
eclipse.pde.ui-20120217-1437,org.eclipse.pde.internal.ui.refactoring,PDERenameParticipant,addBundleManifestChange,6,3,3
eclipse.pde.ui-20120217-1437,org.eclipse.pde.internal.ui.refactoring,PDERenameParticipant,addBuildPropertiesChange,7,3,2
eclipse.pde.ui-20120217-1437,org.eclipse.pde.internal.ui.refactoring,PDERenameParticipant,updateManifest,3,1,0
eclipse.pde.ui-20120217-1437,org.eclipse.pde.internal.ui.refactoring,PDERenameParticipant,updateBuildProperties,3,1,0
eclipse.pde.ui-20120217-1437,org.eclipse.pde.internal.ui.refactoring,PDERenameParticipant,containsElement,5,3,1
eclipse.pde.ui-20120217-1437,org.eclipse.pde.internal.ui.refactoring,PluginManifestChange,createRenameChange,51,11,5
eclipse.pde.ui-20120217-1437,org.eclipse.pde.internal.ui.refactoring,PluginManifestChange,addExtensionAttributeEdit,27,9,5
eclipse.pde.ui-20120217-1437,org.eclipse.pde.internal.ui.refactoring,PluginManifestChange,createTextEdit,10,4,3
eclipse.pde.ui-20120217-1437,org.eclipse.pde.internal.ui.refactoring,PluginManifestChange,createTextEdit,11,4,3
eclipse.pde.ui-20120217-1437,org.eclipse.pde.internal.ui.refactoring,PluginManifestChange,isGoodMatch,5,2,3
eclipse.pde.ui-20120217-1437,org.eclipse.pde.internal.ui.refactoring,PluginManifestChange,isGoodFolderMatch,3,1,2
eclipse.pde.ui-20120217-1437,org.eclipse.pde.internal.ui.refactoring,RefactoringActionFactory,createRefactorPluginIdAction,3,1,0
eclipse.pde.ui-20120217-1437,org.eclipse.pde.internal.ui.refactoring,RefactoringActionFactory,createRefactorPluginIdAction,11,1,1
eclipse.pde.ui-20120217-1437,org.eclipse.pde.internal.ui.refactoring,RefactoringActionFactory,getRefactoringProcessor,3,1,1
eclipse.pde.ui-20120217-1437,org.eclipse.pde.internal.ui.refactoring,RefactoringActionFactory,getRefactoringWizard,3,1,2
eclipse.pde.ui-20120217-1437,org.eclipse.pde.internal.ui.refactoring,RefactoringActionFactory,createRefactorExtPointAction,11,1,1
eclipse.pde.ui-20120217-1437,org.eclipse.pde.internal.ui.refactoring,RefactoringActionFactory,getRefactoringProcessor,3,1,1
eclipse.pde.ui-20120217-1437,org.eclipse.pde.internal.ui.refactoring,RefactoringActionFactory,getRefactoringWizard,3,1,2
eclipse.pde.ui-20120217-1437,org.eclipse.pde.internal.ui.refactoring,RefactoringActionFactory,getExtensionPointInfo,17,3,0
eclipse.pde.ui-20120217-1437,org.eclipse.pde.internal.ui.refactoring,RefactoringActionFactory,getBase,6,2,0
eclipse.pde.ui-20120217-1437,org.eclipse.pde.internal.ui.refactoring,RefactoringActionFactory,getCurrentValue,6,2,0
eclipse.pde.ui-20120217-1437,org.eclipse.pde.internal.ui.refactoring,RefactoringInfo,getBase,0,1,0
eclipse.pde.ui-20120217-1437,org.eclipse.pde.internal.ui.refactoring,RefactoringInfo,getSelection,3,1,0
eclipse.pde.ui-20120217-1437,org.eclipse.pde.internal.ui.refactoring,RefactoringInfo,setSelection,3,1,1
eclipse.pde.ui-20120217-1437,org.eclipse.pde.internal.ui.refactoring,RefactoringInfo,isUpdateReferences,3,1,0
eclipse.pde.ui-20120217-1437,org.eclipse.pde.internal.ui.refactoring,RefactoringInfo,setUpdateReferences,3,1,1
eclipse.pde.ui-20120217-1437,org.eclipse.pde.internal.ui.refactoring,RefactoringInfo,getNewValue,3,1,0
eclipse.pde.ui-20120217-1437,org.eclipse.pde.internal.ui.refactoring,RefactoringInfo,setNewValue,3,1,1
eclipse.pde.ui-20120217-1437,org.eclipse.pde.internal.ui.refactoring,RefactoringInfo,getCurrentValue,0,1,0
eclipse.pde.ui-20120217-1437,org.eclipse.pde.internal.ui.refactoring,RefactoringPluginInfo,isRenameProject,3,1,0
eclipse.pde.ui-20120217-1437,org.eclipse.pde.internal.ui.refactoring,RefactoringPluginInfo,setRenameProject,3,1,1
eclipse.pde.ui-20120217-1437,org.eclipse.pde.internal.ui.refactoring,RefactoringPluginInfo,getCurrentValue,8,3,0
eclipse.pde.ui-20120217-1437,org.eclipse.pde.internal.ui.refactoring,RefactoringPluginInfo,getBase,3,1,0
eclipse.pde.ui-20120217-1437,org.eclipse.pde.internal.ui.refactoring,RenameExtensionPointProcessor,RenameExtensionPointProcessor,3,1,1
eclipse.pde.ui-20120217-1437,org.eclipse.pde.internal.ui.refactoring,RenameExtensionPointProcessor,checkFinalConditions,6,2,2
eclipse.pde.ui-20120217-1437,org.eclipse.pde.internal.ui.refactoring,RenameExtensionPointProcessor,checkInitialConditions,3,1,1
eclipse.pde.ui-20120217-1437,org.eclipse.pde.internal.ui.refactoring,RenameExtensionPointProcessor,createChange,7,2,1
eclipse.pde.ui-20120217-1437,org.eclipse.pde.internal.ui.refactoring,RenameExtensionPointProcessor,getElements,3,1,0
eclipse.pde.ui-20120217-1437,org.eclipse.pde.internal.ui.refactoring,RenameExtensionPointProcessor,getIdentifier,3,1,0
eclipse.pde.ui-20120217-1437,org.eclipse.pde.internal.ui.refactoring,RenameExtensionPointProcessor,getProcessorName,3,1,0
eclipse.pde.ui-20120217-1437,org.eclipse.pde.internal.ui.refactoring,RenameExtensionPointProcessor,isApplicable,3,1,0
eclipse.pde.ui-20120217-1437,org.eclipse.pde.internal.ui.refactoring,RenameExtensionPointProcessor,loadParticipants,3,1,2
eclipse.pde.ui-20120217-1437,org.eclipse.pde.internal.ui.refactoring,RenameExtensionPointProcessor,changeExtensionPoint,4,2,2
eclipse.pde.ui-20120217-1437,org.eclipse.pde.internal.ui.refactoring,RenameExtensionPointProcessor,findReferences,9,3,2
eclipse.pde.ui-20120217-1437,org.eclipse.pde.internal.ui.refactoring,RenameExtensionPointProcessor,getId,6,2,0
eclipse.pde.ui-20120217-1437,org.eclipse.pde.internal.ui.refactoring,RenameExtensionPointProcessor,getNewId,6,2,0
eclipse.pde.ui-20120217-1437,org.eclipse.pde.internal.ui.refactoring,RenameExtensionPointProcessor,getModificationFile,9,3,1
eclipse.pde.ui-20120217-1437,org.eclipse.pde.internal.ui.refactoring,RenameExtensionPointProcessor,getExtensionPointModification,16,4,1
eclipse.pde.ui-20120217-1437,org.eclipse.pde.internal.ui.refactoring,RenameExtensionPointProcessor,modifyModel,11,4,2
eclipse.pde.ui-20120217-1437,org.eclipse.pde.internal.ui.refactoring,RenameExtensionPointProcessor,getExtensionModification,13,4,1
eclipse.pde.ui-20120217-1437,org.eclipse.pde.internal.ui.refactoring,RenameExtensionPointProcessor,modifyModel,8,4,2
eclipse.pde.ui-20120217-1437,org.eclipse.pde.internal.ui.refactoring,RenameExtensionPointWizard,RenameExtensionPointWizard,4,1,2
eclipse.pde.ui-20120217-1437,org.eclipse.pde.internal.ui.refactoring,RenameExtensionPointWizard,addUserInputPages,14,4,0
eclipse.pde.ui-20120217-1437,org.eclipse.pde.internal.ui.refactoring,RenameExtensionPointWizard,validateId,8,4,1
eclipse.pde.ui-20120217-1437,org.eclipse.pde.internal.ui.refactoring,RenamePluginProcessor,RenamePluginProcessor,3,1,1
eclipse.pde.ui-20120217-1437,org.eclipse.pde.internal.ui.refactoring,RenamePluginProcessor,checkFinalConditions,12,5,2
eclipse.pde.ui-20120217-1437,org.eclipse.pde.internal.ui.refactoring,RenamePluginProcessor,checkInitialConditions,3,1,1
eclipse.pde.ui-20120217-1437,org.eclipse.pde.internal.ui.refactoring,RenamePluginProcessor,getElements,3,1,0
eclipse.pde.ui-20120217-1437,org.eclipse.pde.internal.ui.refactoring,RenamePluginProcessor,getIdentifier,3,1,0
eclipse.pde.ui-20120217-1437,org.eclipse.pde.internal.ui.refactoring,RenamePluginProcessor,getProcessorName,3,1,0
eclipse.pde.ui-20120217-1437,org.eclipse.pde.internal.ui.refactoring,RenamePluginProcessor,isApplicable,3,1,0
eclipse.pde.ui-20120217-1437,org.eclipse.pde.internal.ui.refactoring,RenamePluginProcessor,loadParticipants,15,3,2
eclipse.pde.ui-20120217-1437,org.eclipse.pde.internal.ui.refactoring,RenamePluginProcessor,select,4,2,2
eclipse.pde.ui-20120217-1437,org.eclipse.pde.internal.ui.refactoring,RenamePluginProcessor,getAffectedNatures,3,1,1
eclipse.pde.ui-20120217-1437,org.eclipse.pde.internal.ui.refactoring,RenamePluginProcessor,createChange,12,3,1
eclipse.pde.ui-20120217-1437,org.eclipse.pde.internal.ui.refactoring,RenamePluginProcessor,getTotalWork,6,3,0
eclipse.pde.ui-20120217-1437,org.eclipse.pde.internal.ui.refactoring,RenamePluginProcessor,createProjectChange,13,2,1
eclipse.pde.ui-20120217-1437,org.eclipse.pde.internal.ui.refactoring,RenamePluginProcessor,createReferenceChanges,14,3,1
eclipse.pde.ui-20120217-1437,org.eclipse.pde.internal.ui.refactoring,RenamePluginWizard,RenamePluginWizard,4,1,2
eclipse.pde.ui-20120217-1437,org.eclipse.pde.internal.ui.refactoring,RenamePluginWizard,addUserInputPages,4,1,0
eclipse.pde.ui-20120217-1437,org.eclipse.pde.internal.ui.refactoring,RenamePluginWizardPage,RenamePluginWizardPage,3,1,1
eclipse.pde.ui-20120217-1437,org.eclipse.pde.internal.ui.refactoring,RenamePluginWizardPage,createMainControl,5,1,1
eclipse.pde.ui-20120217-1437,org.eclipse.pde.internal.ui.refactoring,RenamePluginWizardPage,createRenameProject,14,1,1
eclipse.pde.ui-20120217-1437,org.eclipse.pde.internal.ui.refactoring,RenamePluginWizardPage,widgetSelected,3,1,1
eclipse.pde.ui-20120217-1437,org.eclipse.pde.internal.ui.refactoring,RenamePluginWizardPage,dispose,4,1,0
eclipse.pde.ui-20120217-1437,org.eclipse.pde.internal.ui.refactoring,RenamePluginWizardPage,validateId,3,1,1
eclipse.pde.ui-20120217-1437,org.eclipse.pde.internal.ui.refactoring,RenameProjectChange,renamedResourcePath,3,1,2
eclipse.pde.ui-20120217-1437,org.eclipse.pde.internal.ui.refactoring,RenameProjectChange,RenameProjectChange,7,1,5
eclipse.pde.ui-20120217-1437,org.eclipse.pde.internal.ui.refactoring,RenameProjectChange,RenameProjectChange,3,1,4
eclipse.pde.ui-20120217-1437,org.eclipse.pde.internal.ui.refactoring,RenameProjectChange,getDescriptor,4,2,0
eclipse.pde.ui-20120217-1437,org.eclipse.pde.internal.ui.refactoring,RenameProjectChange,getModifiedElement,3,1,0
eclipse.pde.ui-20120217-1437,org.eclipse.pde.internal.ui.refactoring,RenameProjectChange,getName,3,1,0
eclipse.pde.ui-20120217-1437,org.eclipse.pde.internal.ui.refactoring,RenameProjectChange,getNewName,3,1,0
eclipse.pde.ui-20120217-1437,org.eclipse.pde.internal.ui.refactoring,RenameProjectChange,getResource,3,1,0
eclipse.pde.ui-20120217-1437,org.eclipse.pde.internal.ui.refactoring,RenameProjectChange,isValid,6,3,1
eclipse.pde.ui-20120217-1437,org.eclipse.pde.internal.ui.refactoring,RenameProjectChange,perform,18,2,1
eclipse.pde.ui-20120217-1437,org.eclipse.pde.internal.ui.refactoring,RenameProjectChange,initializeValidationData,2,1,1
eclipse.pde.ui-20120217-1437,org.eclipse.pde.internal.ui.refactoring,ResourceMoveParticipant,isInterestingForExtensions,3,1,0
eclipse.pde.ui-20120217-1437,org.eclipse.pde.internal.ui.refactoring,ResourceMoveParticipant,initialize,12,3,1
eclipse.pde.ui-20120217-1437,org.eclipse.pde.internal.ui.refactoring,ResourceMoveParticipant,addChange,6,3,3
eclipse.pde.ui-20120217-1437,org.eclipse.pde.internal.ui.refactoring,ResourceMoveParticipant,getNewName,9,3,2
eclipse.pde.ui-20120217-1437,org.eclipse.pde.internal.ui.refactoring,ResourceMoveParticipant,addChange,12,5,2
eclipse.pde.ui-20120217-1437,org.eclipse.pde.internal.ui.search,AbstractSearchResultPage,getElements,4,2,1
eclipse.pde.ui-20120217-1437,org.eclipse.pde.internal.ui.search,AbstractSearchResultPage,dispose,2,1,0
eclipse.pde.ui-20120217-1437,org.eclipse.pde.internal.ui.search,AbstractSearchResultPage,inputChanged,4,1,3
eclipse.pde.ui-20120217-1437,org.eclipse.pde.internal.ui.search,AbstractSearchResultPage,clear,3,1,0
eclipse.pde.ui-20120217-1437,org.eclipse.pde.internal.ui.search,AbstractSearchResultPage,elementsChanged,11,4,1
eclipse.pde.ui-20120217-1437,org.eclipse.pde.internal.ui.search,AbstractSearchResultPage,AbstractSearchResultPage,3,1,0
eclipse.pde.ui-20120217-1437,org.eclipse.pde.internal.ui.search,AbstractSearchResultPage,elementsChanged,3,2,1
eclipse.pde.ui-20120217-1437,org.eclipse.pde.internal.ui.search,AbstractSearchResultPage,clear,3,2,0
eclipse.pde.ui-20120217-1437,org.eclipse.pde.internal.ui.search,AbstractSearchResultPage,configureTreeViewer,3,1,1
eclipse.pde.ui-20120217-1437,org.eclipse.pde.internal.ui.search,AbstractSearchResultPage,configureTableViewer,6,1,1
eclipse.pde.ui-20120217-1437,org.eclipse.pde.internal.ui.search,AbstractSearchResultPage,createLabelProvider,0,1,0
eclipse.pde.ui-20120217-1437,org.eclipse.pde.internal.ui.search,AbstractSearchResultPage,createViewerComparator,0,1,0
eclipse.pde.ui-20120217-1437,org.eclipse.pde.internal.ui.search,ContentProvider,getElements,4,2,1
eclipse.pde.ui-20120217-1437,org.eclipse.pde.internal.ui.search,ContentProvider,dispose,2,1,0
eclipse.pde.ui-20120217-1437,org.eclipse.pde.internal.ui.search,ContentProvider,inputChanged,4,1,3
eclipse.pde.ui-20120217-1437,org.eclipse.pde.internal.ui.search,ContentProvider,clear,3,1,0
eclipse.pde.ui-20120217-1437,org.eclipse.pde.internal.ui.search,ContentProvider,elementsChanged,11,4,1
eclipse.pde.ui-20120217-1437,org.eclipse.pde.internal.ui.search,BaseSearchAction,BaseSearchAction,3,1,1
eclipse.pde.ui-20120217-1437,org.eclipse.pde.internal.ui.search,BaseSearchAction,run,4,1,0
eclipse.pde.ui-20120217-1437,org.eclipse.pde.internal.ui.search,BaseSearchAction,createSearchQuery,0,1,0
eclipse.pde.ui-20120217-1437,org.eclipse.pde.internal.ui.search,ClassSearchParticipant,ClassSearchParticipant,2,1,0
eclipse.pde.ui-20120217-1437,org.eclipse.pde.internal.ui.search,ClassSearchParticipant,search,26,9,3
eclipse.pde.ui-20120217-1437,org.eclipse.pde.internal.ui.search,ClassSearchParticipant,encloses,4,3,2
eclipse.pde.ui-20120217-1437,org.eclipse.pde.internal.ui.search,ClassSearchParticipant,searchProject,23,5,2
eclipse.pde.ui-20120217-1437,org.eclipse.pde.internal.ui.search,ClassSearchParticipant,modifyModel,17,5,2
eclipse.pde.ui-20120217-1437,org.eclipse.pde.internal.ui.search,ClassSearchParticipant,inspectExtension,25,8,3
eclipse.pde.ui-20120217-1437,org.eclipse.pde.internal.ui.search,ClassSearchParticipant,checkMatch,20,5,2
eclipse.pde.ui-20120217-1437,org.eclipse.pde.internal.ui.search,ClassSearchParticipant,removeInitializationData,5,2,1
eclipse.pde.ui-20120217-1437,org.eclipse.pde.internal.ui.search,ClassSearchParticipant,inspectBundle,38,9,1
eclipse.pde.ui-20120217-1437,org.eclipse.pde.internal.ui.search,ClassSearchParticipant,getMatcher,3,1,1
eclipse.pde.ui-20120217-1437,org.eclipse.pde.internal.ui.search,ClassSearchParticipant,getOffsetOfElement,18,3,3
eclipse.pde.ui-20120217-1437,org.eclipse.pde.internal.ui.search,ClassSearchParticipant,getProperValue,3,1,1
eclipse.pde.ui-20120217-1437,org.eclipse.pde.internal.ui.search,ClassSearchParticipant,extractType,5,2,1
eclipse.pde.ui-20120217-1437,org.eclipse.pde.internal.ui.search,ClassSearchParticipant,extractPackage,7,3,1
eclipse.pde.ui-20120217-1437,org.eclipse.pde.internal.ui.search,ClassSearchParticipant,estimateTicks,3,1,1
eclipse.pde.ui-20120217-1437,org.eclipse.pde.internal.ui.search,ClassSearchParticipant,getUIParticipant,3,1,0
eclipse.pde.ui-20120217-1437,org.eclipse.pde.internal.ui.search,FindDeclarationsAction,FindDeclarationsAction,5,1,1
eclipse.pde.ui-20120217-1437,org.eclipse.pde.internal.ui.search,FindDeclarationsAction,createSearchQuery,24,5,0
eclipse.pde.ui-20120217-1437,org.eclipse.pde.internal.ui.search,FindPluginReferencesAction,setActivePart,2,1,2
eclipse.pde.ui-20120217-1437,org.eclipse.pde.internal.ui.search,FindPluginReferencesAction,run,6,2,1
eclipse.pde.ui-20120217-1437,org.eclipse.pde.internal.ui.search,FindPluginReferencesAction,createSearchQuery,8,1,0
eclipse.pde.ui-20120217-1437,org.eclipse.pde.internal.ui.search,FindPluginReferencesAction,selectionChanged,11,4,2
eclipse.pde.ui-20120217-1437,org.eclipse.pde.internal.ui.search,FindReferencesAction,FindReferencesAction,3,1,1
eclipse.pde.ui-20120217-1437,org.eclipse.pde.internal.ui.search,FindReferencesAction,FindReferencesAction,6,1,2
eclipse.pde.ui-20120217-1437,org.eclipse.pde.internal.ui.search,FindReferencesAction,initialize,3,1,0
eclipse.pde.ui-20120217-1437,org.eclipse.pde.internal.ui.search,FindReferencesAction,createSearchQuery,37,8,0
eclipse.pde.ui-20120217-1437,org.eclipse.pde.internal.ui.search,ManifestEditorOpener,open,13,3,2
eclipse.pde.ui-20120217-1437,org.eclipse.pde.internal.ui.search,ManifestEditorOpener,findExactMatch,29,7,3
eclipse.pde.ui-20120217-1437,org.eclipse.pde.internal.ui.search,ManifestEditorOpener,getAttributeRegionForLine,9,1,4
eclipse.pde.ui-20120217-1437,org.eclipse.pde.internal.ui.search,ManifestEditorOpener,getAttributeRegion,12,3,4
eclipse.pde.ui-20120217-1437,org.eclipse.pde.internal.ui.search,ManifestEditorOpener,getAttributeRegion,12,3,3
eclipse.pde.ui-20120217-1437,org.eclipse.pde.internal.ui.search,ManifestEditorOpener,getAttributeMatch,6,2,3
eclipse.pde.ui-20120217-1437,org.eclipse.pde.internal.ui.search,ManifestEditorOpener,getAttributeMatch,3,1,3
eclipse.pde.ui-20120217-1437,org.eclipse.pde.internal.ui.search,ManifestEditorOpener,getAttributeMatch,16,4,3
eclipse.pde.ui-20120217-1437,org.eclipse.pde.internal.ui.search,OpenPluginSearchPageAction,dispose,3,1,0
eclipse.pde.ui-20120217-1437,org.eclipse.pde.internal.ui.search,OpenPluginSearchPageAction,init,3,1,1
eclipse.pde.ui-20120217-1437,org.eclipse.pde.internal.ui.search,OpenPluginSearchPageAction,run,7,2,1
eclipse.pde.ui-20120217-1437,org.eclipse.pde.internal.ui.search,OpenPluginSearchPageAction,selectionChanged,2,1,2
eclipse.pde.ui-20120217-1437,org.eclipse.pde.internal.ui.search,OpenPluginSearchPageAction,beep,4,2,0
eclipse.pde.ui-20120217-1437,org.eclipse.pde.internal.ui.search,PluginSearchActionGroup,setBaseModel,3,1,1
eclipse.pde.ui-20120217-1437,org.eclipse.pde.internal.ui.search,PluginSearchActionGroup,fillContextMenu,15,3,1
eclipse.pde.ui-20120217-1437,org.eclipse.pde.internal.ui.search,PluginSearchActionGroup,addOpenSchemaAction,21,4,2
eclipse.pde.ui-20120217-1437,org.eclipse.pde.internal.ui.search,PluginSearchActionGroup,addFindDeclarationsAction,6,3,2
eclipse.pde.ui-20120217-1437,org.eclipse.pde.internal.ui.search,PluginSearchActionGroup,addShowDescriptionAction,15,5,2
eclipse.pde.ui-20120217-1437,org.eclipse.pde.internal.ui.search,PluginSearchActionGroup,fullyQualifyPointID,7,2,1
eclipse.pde.ui-20120217-1437,org.eclipse.pde.internal.ui.search,PluginSearchActionGroup,addFindReferencesAction,9,4,2
eclipse.pde.ui-20120217-1437,org.eclipse.pde.internal.ui.search,PluginSearchActionGroup,addDependencyExtentAction,12,4,2
eclipse.pde.ui-20120217-1437,org.eclipse.pde.internal.ui.search,PluginSearchPage,equals,6,3,1
eclipse.pde.ui-20120217-1437,org.eclipse.pde.internal.ui.search,PluginSearchPage,createControl,14,1,1
eclipse.pde.ui-20120217-1437,org.eclipse.pde.internal.ui.search,PluginSearchPage,createGroup,11,2,5
eclipse.pde.ui-20120217-1437,org.eclipse.pde.internal.ui.search,PluginSearchPage,createPatternSection,14,1,1
eclipse.pde.ui-20120217-1437,org.eclipse.pde.internal.ui.search,PluginSearchPage,createSettingsSection,8,1,1
eclipse.pde.ui-20120217-1437,org.eclipse.pde.internal.ui.search,PluginSearchPage,getExternalScope,5,3,0
eclipse.pde.ui-20120217-1437,org.eclipse.pde.internal.ui.search,PluginSearchPage,getInput,21,5,0
eclipse.pde.ui-20120217-1437,org.eclipse.pde.internal.ui.search,PluginSearchPage,getLimitTo,5,3,0
eclipse.pde.ui-20120217-1437,org.eclipse.pde.internal.ui.search,PluginSearchPage,getSearchFor,5,3,0
eclipse.pde.ui-20120217-1437,org.eclipse.pde.internal.ui.search,PluginSearchPage,getSelectedResources,31,12,0
eclipse.pde.ui-20120217-1437,org.eclipse.pde.internal.ui.search,PluginSearchPage,getWorkspaceScope,10,3,0
eclipse.pde.ui-20120217-1437,org.eclipse.pde.internal.ui.search,PluginSearchPage,hookListeners,32,3,0
eclipse.pde.ui-20120217-1437,org.eclipse.pde.internal.ui.search,PluginSearchPage,widgetSelected,10,2,1
eclipse.pde.ui-20120217-1437,org.eclipse.pde.internal.ui.search,PluginSearchPage,widgetSelected,8,2,1
eclipse.pde.ui-20120217-1437,org.eclipse.pde.internal.ui.search,PluginSearchPage,modifyText,3,1,1
eclipse.pde.ui-20120217-1437,org.eclipse.pde.internal.ui.search,PluginSearchPage,performAction,6,1,0
eclipse.pde.ui-20120217-1437,org.eclipse.pde.internal.ui.search,PluginSearchPage,resetPage,16,2,1
eclipse.pde.ui-20120217-1437,org.eclipse.pde.internal.ui.search,PluginSearchPage,saveQueryData,13,3,0
eclipse.pde.ui-20120217-1437,org.eclipse.pde.internal.ui.search,PluginSearchPage,setContainer,3,1,1
eclipse.pde.ui-20120217-1437,org.eclipse.pde.internal.ui.search,PluginSearchPage,setVisible,18,4,1
eclipse.pde.ui-20120217-1437,org.eclipse.pde.internal.ui.search,PluginSearchPage,initSelections,6,2,0
eclipse.pde.ui-20120217-1437,org.eclipse.pde.internal.ui.search,QueryData,equals,6,3,1
eclipse.pde.ui-20120217-1437,org.eclipse.pde.internal.ui.search,PluginSearchQuery,PluginSearchQuery,3,1,1
eclipse.pde.ui-20120217-1437,org.eclipse.pde.internal.ui.search,PluginSearchQuery,run,17,2,1
eclipse.pde.ui-20120217-1437,org.eclipse.pde.internal.ui.search,PluginSearchQuery,accept,6,2,1
eclipse.pde.ui-20120217-1437,org.eclipse.pde.internal.ui.search,PluginSearchQuery,getLabel,3,1,0
eclipse.pde.ui-20120217-1437,org.eclipse.pde.internal.ui.search,PluginSearchQuery,canRerun,3,1,0
eclipse.pde.ui-20120217-1437,org.eclipse.pde.internal.ui.search,PluginSearchQuery,canRunInBackground,3,1,0
eclipse.pde.ui-20120217-1437,org.eclipse.pde.internal.ui.search,PluginSearchQuery,getSearchResult,4,2,0
eclipse.pde.ui-20120217-1437,org.eclipse.pde.internal.ui.search,PluginSearchResultPage,getImage,3,1,1
eclipse.pde.ui-20120217-1437,org.eclipse.pde.internal.ui.search,PluginSearchResultPage,getText,13,5,1
eclipse.pde.ui-20120217-1437,org.eclipse.pde.internal.ui.search,PluginSearchResultPage,PluginSearchResultPage,4,1,0
eclipse.pde.ui-20120217-1437,org.eclipse.pde.internal.ui.search,PluginSearchResultPage,fillContextMenu,19,2,1
eclipse.pde.ui-20120217-1437,org.eclipse.pde.internal.ui.search,PluginSearchResultPage,createLabelProvider,3,1,0
eclipse.pde.ui-20120217-1437,org.eclipse.pde.internal.ui.search,PluginSearchResultPage,createViewerComparator,3,1,0
eclipse.pde.ui-20120217-1437,org.eclipse.pde.internal.ui.search,PluginSearchResultPage,showMatch,3,1,4
eclipse.pde.ui-20120217-1437,org.eclipse.pde.internal.ui.search,PluginSearchResultPage,dispose,4,1,0
eclipse.pde.ui-20120217-1437,org.eclipse.pde.internal.ui.search,SearchLabelProvider,getImage,3,1,1
eclipse.pde.ui-20120217-1437,org.eclipse.pde.internal.ui.search,SearchLabelProvider,getText,13,5,1
eclipse.pde.ui-20120217-1437,org.eclipse.pde.internal.ui.search,PreviewReferenceAction,setActivePart,2,1,2
eclipse.pde.ui-20120217-1437,org.eclipse.pde.internal.ui.search,PreviewReferenceAction,run,10,3,1
eclipse.pde.ui-20120217-1437,org.eclipse.pde.internal.ui.search,PreviewReferenceAction,selectionChanged,7,3,2
eclipse.pde.ui-20120217-1437,org.eclipse.pde.internal.ui.search,SearchResult,SearchResult,3,1,1
eclipse.pde.ui-20120217-1437,org.eclipse.pde.internal.ui.search,SearchResult,getEditorMatchAdapter,3,1,0
eclipse.pde.ui-20120217-1437,org.eclipse.pde.internal.ui.search,SearchResult,getLabel,4,1,0
eclipse.pde.ui-20120217-1437,org.eclipse.pde.internal.ui.search,SearchResult,getTooltip,3,1,0
eclipse.pde.ui-20120217-1437,org.eclipse.pde.internal.ui.search,SearchResult,getImageDescriptor,3,1,0
eclipse.pde.ui-20120217-1437,org.eclipse.pde.internal.ui.search,SearchResult,getQuery,3,1,0
eclipse.pde.ui-20120217-1437,org.eclipse.pde.internal.ui.search,SearchResult,isShownInEditor,5,2,2
eclipse.pde.ui-20120217-1437,org.eclipse.pde.internal.ui.search,SearchResult,computeContainedMatches,17,6,2
eclipse.pde.ui-20120217-1437,org.eclipse.pde.internal.ui.search,SearchResult,getFileMatchAdapter,3,1,0
eclipse.pde.ui-20120217-1437,org.eclipse.pde.internal.ui.search,SearchResult,isMatchContained,21,6,2
eclipse.pde.ui-20120217-1437,org.eclipse.pde.internal.ui.search,SearchResult,getDocument,10,3,2
eclipse.pde.ui-20120217-1437,org.eclipse.pde.internal.ui.search,ShowDescriptionAction,ShowDescriptionAction,4,1,1
eclipse.pde.ui-20120217-1437,org.eclipse.pde.internal.ui.search,ShowDescriptionAction,ShowDescriptionAction,3,1,1
eclipse.pde.ui-20120217-1437,org.eclipse.pde.internal.ui.search,ShowDescriptionAction,ShowDescriptionAction,5,1,2
eclipse.pde.ui-20120217-1437,org.eclipse.pde.internal.ui.search,ShowDescriptionAction,ShowDescriptionAction,5,1,2
eclipse.pde.ui-20120217-1437,org.eclipse.pde.internal.ui.search,ShowDescriptionAction,ShowDescriptionAction,4,1,1
eclipse.pde.ui-20120217-1437,org.eclipse.pde.internal.ui.search,ShowDescriptionAction,initialize,3,1,0
eclipse.pde.ui-20120217-1437,org.eclipse.pde.internal.ui.search,ShowDescriptionAction,setSchema,4,1,1
eclipse.pde.ui-20120217-1437,org.eclipse.pde.internal.ui.search,ShowDescriptionAction,setExtensionPoint,5,1,1
eclipse.pde.ui-20120217-1437,org.eclipse.pde.internal.ui.search,ShowDescriptionAction,run,18,5,0
eclipse.pde.ui-20120217-1437,org.eclipse.pde.internal.ui.search,ShowDescriptionAction,showNoSchemaMessage,7,2,0
eclipse.pde.ui-20120217-1437,org.eclipse.pde.internal.ui.search,ShowDescriptionAction,showSchemaDocument,17,2,0
eclipse.pde.ui-20120217-1437,org.eclipse.pde.internal.ui.search,ShowDescriptionAction,getTempWorkingDir,6,2,0
eclipse.pde.ui-20120217-1437,org.eclipse.pde.internal.ui.search,ShowDescriptionAction,getTempPreviewFile,24,2,0
eclipse.pde.ui-20120217-1437,org.eclipse.pde.internal.ui.search,ShowDescriptionAction,linkPreviewFileToSchemaFile,14,3,0
eclipse.pde.ui-20120217-1437,org.eclipse.pde.internal.ui.search,ShowDescriptionAction,getSchemaFile,11,3,0
eclipse.pde.ui-20120217-1437,org.eclipse.pde.internal.ui.search,ShowDescriptionAction,showURL,20,2,2
eclipse.pde.ui-20120217-1437,org.eclipse.pde.internal.ui.search.dependencies,AddNewBinaryDependenciesOperation,AddNewBinaryDependenciesOperation,3,1,2
eclipse.pde.ui-20120217-1437,org.eclipse.pde.internal.ui.search.dependencies,AddNewBinaryDependenciesOperation,AddNewBinaryDependenciesOperation,4,1,3
eclipse.pde.ui-20120217-1437,org.eclipse.pde.internal.ui.search.dependencies,AddNewBinaryDependenciesOperation,findSecondaryDependencies,27,7,6
eclipse.pde.ui-20120217-1437,org.eclipse.pde.internal.ui.search.dependencies,AddNewDependenciesAction,AddDependenciesOperation,3,1,2
eclipse.pde.ui-20120217-1437,org.eclipse.pde.internal.ui.search.dependencies,AddNewDependenciesAction,handleNewDependencies,9,2,3
eclipse.pde.ui-20120217-1437,org.eclipse.pde.internal.ui.search.dependencies,AddNewDependenciesAction,run,3,1,0
eclipse.pde.ui-20120217-1437,org.eclipse.pde.internal.ui.search.dependencies,AddNewDependenciesAction,AddNewDependenciesAction,4,1,2
eclipse.pde.ui-20120217-1437,org.eclipse.pde.internal.ui.search.dependencies,AddNewDependenciesAction,run,28,2,0
eclipse.pde.ui-20120217-1437,org.eclipse.pde.internal.ui.search.dependencies,AddNewDependenciesAction,runInWorkspace,20,2,1
eclipse.pde.ui-20120217-1437,org.eclipse.pde.internal.ui.search.dependencies,AddNewDependenciesAction,run,3,1,0
eclipse.pde.ui-20120217-1437,org.eclipse.pde.internal.ui.search.dependencies,AddNewDependenciesAction,getOperation,3,1,0
eclipse.pde.ui-20120217-1437,org.eclipse.pde.internal.ui.search.dependencies,AddDependenciesOperation,AddDependenciesOperation,3,1,2
eclipse.pde.ui-20120217-1437,org.eclipse.pde.internal.ui.search.dependencies,AddDependenciesOperation,handleNewDependencies,9,2,3
eclipse.pde.ui-20120217-1437,org.eclipse.pde.internal.ui.search.dependencies,AddDependenciesOperation,run,3,1,0
eclipse.pde.ui-20120217-1437,org.eclipse.pde.internal.ui.search.dependencies,AddNewDependenciesOperation,acceptSearchMatch,3,1,1
eclipse.pde.ui-20120217-1437,org.eclipse.pde.internal.ui.search.dependencies,AddNewDependenciesOperation,foundMatches,3,1,0
eclipse.pde.ui-20120217-1437,org.eclipse.pde.internal.ui.search.dependencies,AddNewDependenciesOperation,AddNewDependenciesOperation,4,1,2
eclipse.pde.ui-20120217-1437,org.eclipse.pde.internal.ui.search.dependencies,AddNewDependenciesOperation,execute,21,2,1
eclipse.pde.ui-20120217-1437,org.eclipse.pde.internal.ui.search.dependencies,AddNewDependenciesOperation,foundNewDependencies,3,1,0
eclipse.pde.ui-20120217-1437,org.eclipse.pde.internal.ui.search.dependencies,AddNewDependenciesOperation,findSecondaryBundles,8,4,2
eclipse.pde.ui-20120217-1437,org.eclipse.pde.internal.ui.search.dependencies,AddNewDependenciesOperation,getSecondaryDependencies,8,3,0
eclipse.pde.ui-20120217-1437,org.eclipse.pde.internal.ui.search.dependencies,AddNewDependenciesOperation,getBuild,8,3,0
eclipse.pde.ui-20120217-1437,org.eclipse.pde.internal.ui.search.dependencies,AddNewDependenciesOperation,findManifestPlugins,7,3,2
eclipse.pde.ui-20120217-1437,org.eclipse.pde.internal.ui.search.dependencies,AddNewDependenciesOperation,findManifestPlugins,16,4,2
eclipse.pde.ui-20120217-1437,org.eclipse.pde.internal.ui.search.dependencies,AddNewDependenciesOperation,findManifestPlugins,16,4,1
eclipse.pde.ui-20120217-1437,org.eclipse.pde.internal.ui.search.dependencies,AddNewDependenciesOperation,findExportedPackages,23,8,1
eclipse.pde.ui-20120217-1437,org.eclipse.pde.internal.ui.search.dependencies,AddNewDependenciesOperation,addPackage,11,5,2
eclipse.pde.ui-20120217-1437,org.eclipse.pde.internal.ui.search.dependencies,AddNewDependenciesOperation,findImportPackages,12,5,2
eclipse.pde.ui-20120217-1437,org.eclipse.pde.internal.ui.search.dependencies,AddNewDependenciesOperation,findSecondaryDependencies,39,10,6
eclipse.pde.ui-20120217-1437,org.eclipse.pde.internal.ui.search.dependencies,AddNewDependenciesOperation,addProjectPackages,38,10,2
eclipse.pde.ui-20120217-1437,org.eclipse.pde.internal.ui.search.dependencies,AddNewDependenciesOperation,addPackagesFromResource,13,5,3
eclipse.pde.ui-20120217-1437,org.eclipse.pde.internal.ui.search.dependencies,AddNewDependenciesOperation,handleNewDependencies,4,2,3
eclipse.pde.ui-20120217-1437,org.eclipse.pde.internal.ui.search.dependencies,AddNewDependenciesOperation,addDependencies,21,3,2
eclipse.pde.ui-20120217-1437,org.eclipse.pde.internal.ui.search.dependencies,AddNewDependenciesOperation,addImportPackages,27,6,2
eclipse.pde.ui-20120217-1437,org.eclipse.pde.internal.ui.search.dependencies,AddNewDependenciesOperation,addRequireBundles,35,8,3
eclipse.pde.ui-20120217-1437,org.eclipse.pde.internal.ui.search.dependencies,AddNewDependenciesOperation,addRequireBundles,21,4,3
eclipse.pde.ui-20120217-1437,org.eclipse.pde.internal.ui.search.dependencies,AddNewDependenciesOperation,minimizeBundles,15,6,1
eclipse.pde.ui-20120217-1437,org.eclipse.pde.internal.ui.search.dependencies,ReferenceFinder,acceptSearchMatch,3,1,1
eclipse.pde.ui-20120217-1437,org.eclipse.pde.internal.ui.search.dependencies,ReferenceFinder,foundMatches,3,1,0
eclipse.pde.ui-20120217-1437,org.eclipse.pde.internal.ui.search.dependencies,CalculateUsesAction,CalculateUsesAction,4,1,2
eclipse.pde.ui-20120217-1437,org.eclipse.pde.internal.ui.search.dependencies,CalculateUsesAction,run,6,1,0
eclipse.pde.ui-20120217-1437,org.eclipse.pde.internal.ui.search.dependencies,CalculateUsesAction,createJob,19,1,0
eclipse.pde.ui-20120217-1437,org.eclipse.pde.internal.ui.search.dependencies,CalculateUsesAction,runInWorkspace,14,1,1
eclipse.pde.ui-20120217-1437,org.eclipse.pde.internal.ui.search.dependencies,CalculateUsesAction,getOperation,14,2,0
eclipse.pde.ui-20120217-1437,org.eclipse.pde.internal.ui.search.dependencies,CalculateUsesAction,handleSetUsesDirectives,9,2,1
eclipse.pde.ui-20120217-1437,org.eclipse.pde.internal.ui.search.dependencies,CalculateUsesAction,run,4,2,0
eclipse.pde.ui-20120217-1437,org.eclipse.pde.internal.ui.search.dependencies,CalculateUsesOperation,CalculateUsesOperation,4,1,2
eclipse.pde.ui-20120217-1437,org.eclipse.pde.internal.ui.search.dependencies,CalculateUsesOperation,execute,14,3,1
eclipse.pde.ui-20120217-1437,org.eclipse.pde.internal.ui.search.dependencies,CalculateUsesOperation,getPublicExportedPackages,11,4,0
eclipse.pde.ui-20120217-1437,org.eclipse.pde.internal.ui.search.dependencies,CalculateUsesOperation,findPackageReferences,24,4,2
eclipse.pde.ui-20120217-1437,org.eclipse.pde.internal.ui.search.dependencies,CalculateUsesOperation,findReferences,7,2,4
eclipse.pde.ui-20120217-1437,org.eclipse.pde.internal.ui.search.dependencies,CalculateUsesOperation,findReferences,21,8,3
eclipse.pde.ui-20120217-1437,org.eclipse.pde.internal.ui.search.dependencies,CalculateUsesOperation,addPackage,25,7,4
eclipse.pde.ui-20120217-1437,org.eclipse.pde.internal.ui.search.dependencies,CalculateUsesOperation,addPackages,3,2,4
eclipse.pde.ui-20120217-1437,org.eclipse.pde.internal.ui.search.dependencies,CalculateUsesOperation,handleSetUsesDirectives,4,2,1
eclipse.pde.ui-20120217-1437,org.eclipse.pde.internal.ui.search.dependencies,CalculateUsesOperation,setUsesDirectives,10,3,1
eclipse.pde.ui-20120217-1437,org.eclipse.pde.internal.ui.search.dependencies,CalculateUsesOperation,getDirectiveValue,19,5,2
eclipse.pde.ui-20120217-1437,org.eclipse.pde.internal.ui.search.dependencies,DependencyCalculator,DependencyCalculator,4,1,1
eclipse.pde.ui-20120217-1437,org.eclipse.pde.internal.ui.search.dependencies,DependencyCalculator,findDependencies,6,3,1
eclipse.pde.ui-20120217-1437,org.eclipse.pde.internal.ui.search.dependencies,DependencyCalculator,findDependency,4,2,1
eclipse.pde.ui-20120217-1437,org.eclipse.pde.internal.ui.search.dependencies,DependencyCalculator,findObjectDependencies,8,4,1
eclipse.pde.ui-20120217-1437,org.eclipse.pde.internal.ui.search.dependencies,DependencyCalculator,getBundleIDs,5,1,0
eclipse.pde.ui-20120217-1437,org.eclipse.pde.internal.ui.search.dependencies,DependencyCalculator,findDependencies,18,6,1
eclipse.pde.ui-20120217-1437,org.eclipse.pde.internal.ui.search.dependencies,DependencyCalculator,addRequiredBundles,7,4,1
eclipse.pde.ui-20120217-1437,org.eclipse.pde.internal.ui.search.dependencies,DependencyCalculator,addImportedPackages,12,6,1
eclipse.pde.ui-20120217-1437,org.eclipse.pde.internal.ui.search.dependencies,DependencyCalculator,addFragments,6,3,1
eclipse.pde.ui-20120217-1437,org.eclipse.pde.internal.ui.search.dependencies,DependencyCalculator,containsPluginId,3,1,1
eclipse.pde.ui-20120217-1437,org.eclipse.pde.internal.ui.search.dependencies,DependencyExtentAction,DependencyExtentAction,5,1,2
eclipse.pde.ui-20120217-1437,org.eclipse.pde.internal.ui.search.dependencies,DependencyExtentAction,run,4,1,0
eclipse.pde.ui-20120217-1437,org.eclipse.pde.internal.ui.search.dependencies,DependencyExtentOperation,acceptSearchMatch,5,2,1
eclipse.pde.ui-20120217-1437,org.eclipse.pde.internal.ui.search.dependencies,DependencyExtentOperation,containMatches,3,1,0
eclipse.pde.ui-20120217-1437,org.eclipse.pde.internal.ui.search.dependencies,DependencyExtentOperation,acceptSearchMatch,3,2,1
eclipse.pde.ui-20120217-1437,org.eclipse.pde.internal.ui.search.dependencies,DependencyExtentOperation,getMatch,3,1,0
eclipse.pde.ui-20120217-1437,org.eclipse.pde.internal.ui.search.dependencies,DependencyExtentOperation,DependencyExtentOperation,6,1,3
eclipse.pde.ui-20120217-1437,org.eclipse.pde.internal.ui.search.dependencies,DependencyExtentOperation,execute,9,2,1
eclipse.pde.ui-20120217-1437,org.eclipse.pde.internal.ui.search.dependencies,DependencyExtentOperation,checkForExtensionPointsUsed,6,2,1
eclipse.pde.ui-20120217-1437,org.eclipse.pde.internal.ui.search.dependencies,DependencyExtentOperation,findMatches,14,5,1
eclipse.pde.ui-20120217-1437,org.eclipse.pde.internal.ui.search.dependencies,DependencyExtentOperation,checkForJavaDependencies,35,10,2
eclipse.pde.ui-20120217-1437,org.eclipse.pde.internal.ui.search.dependencies,DependencyExtentOperation,searchForTypesUsed,13,5,4
eclipse.pde.ui-20120217-1437,org.eclipse.pde.internal.ui.search.dependencies,TypeReferenceSearchRequestor,acceptSearchMatch,5,2,1
eclipse.pde.ui-20120217-1437,org.eclipse.pde.internal.ui.search.dependencies,TypeReferenceSearchRequestor,containMatches,3,1,0
eclipse.pde.ui-20120217-1437,org.eclipse.pde.internal.ui.search.dependencies,TypeDeclarationSearchRequestor,acceptSearchMatch,3,2,1
eclipse.pde.ui-20120217-1437,org.eclipse.pde.internal.ui.search.dependencies,TypeDeclarationSearchRequestor,getMatch,3,1,0
eclipse.pde.ui-20120217-1437,org.eclipse.pde.internal.ui.search.dependencies,DependencyExtentQuery,DependencyExtentQuery,4,1,2
eclipse.pde.ui-20120217-1437,org.eclipse.pde.internal.ui.search.dependencies,DependencyExtentQuery,run,7,1,1
eclipse.pde.ui-20120217-1437,org.eclipse.pde.internal.ui.search.dependencies,DependencyExtentQuery,getLabel,3,1,0
eclipse.pde.ui-20120217-1437,org.eclipse.pde.internal.ui.search.dependencies,DependencyExtentQuery,canRerun,3,1,0
eclipse.pde.ui-20120217-1437,org.eclipse.pde.internal.ui.search.dependencies,DependencyExtentQuery,canRunInBackground,3,1,0
eclipse.pde.ui-20120217-1437,org.eclipse.pde.internal.ui.search.dependencies,DependencyExtentQuery,getSearchResult,4,2,0
eclipse.pde.ui-20120217-1437,org.eclipse.pde.internal.ui.search.dependencies,DependencyExtentQuery,getDirectRoots,14,3,0
eclipse.pde.ui-20120217-1437,org.eclipse.pde.internal.ui.search.dependencies,DependencyExtentSearchResult,DependencyExtentSearchResult,3,1,1
eclipse.pde.ui-20120217-1437,org.eclipse.pde.internal.ui.search.dependencies,DependencyExtentSearchResult,getEditorMatchAdapter,3,1,0
eclipse.pde.ui-20120217-1437,org.eclipse.pde.internal.ui.search.dependencies,DependencyExtentSearchResult,getFileMatchAdapter,3,1,0
eclipse.pde.ui-20120217-1437,org.eclipse.pde.internal.ui.search.dependencies,DependencyExtentSearchResult,isShownInEditor,3,1,2
eclipse.pde.ui-20120217-1437,org.eclipse.pde.internal.ui.search.dependencies,DependencyExtentSearchResult,computeContainedMatches,10,2,2
eclipse.pde.ui-20120217-1437,org.eclipse.pde.internal.ui.search.dependencies,DependencyExtentSearchResult,collectMatches,19,5,2
eclipse.pde.ui-20120217-1437,org.eclipse.pde.internal.ui.search.dependencies,DependencyExtentSearchResult,getLabel,4,1,0
eclipse.pde.ui-20120217-1437,org.eclipse.pde.internal.ui.search.dependencies,DependencyExtentSearchResult,getTooltip,3,1,0
eclipse.pde.ui-20120217-1437,org.eclipse.pde.internal.ui.search.dependencies,DependencyExtentSearchResult,getImageDescriptor,3,1,0
eclipse.pde.ui-20120217-1437,org.eclipse.pde.internal.ui.search.dependencies,DependencyExtentSearchResult,getQuery,3,1,0
eclipse.pde.ui-20120217-1437,org.eclipse.pde.internal.ui.search.dependencies,DependencyExtentSearchResultPage,category,11,3,1
eclipse.pde.ui-20120217-1437,org.eclipse.pde.internal.ui.search.dependencies,DependencyExtentSearchResultPage,getImage,4,2,1
eclipse.pde.ui-20120217-1437,org.eclipse.pde.internal.ui.search.dependencies,DependencyExtentSearchResultPage,getText,16,8,1
eclipse.pde.ui-20120217-1437,org.eclipse.pde.internal.ui.search.dependencies,DependencyExtentSearchResultPage,DependencyExtentSearchResultPage,3,1,0
eclipse.pde.ui-20120217-1437,org.eclipse.pde.internal.ui.search.dependencies,DependencyExtentSearchResultPage,dispose,4,1,0
eclipse.pde.ui-20120217-1437,org.eclipse.pde.internal.ui.search.dependencies,DependencyExtentSearchResultPage,fillContextMenu,11,1,1
eclipse.pde.ui-20120217-1437,org.eclipse.pde.internal.ui.search.dependencies,DependencyExtentSearchResultPage,addJavaSearchGroup,19,3,1
eclipse.pde.ui-20120217-1437,org.eclipse.pde.internal.ui.search.dependencies,DependencyExtentSearchResultPage,run,7,1,0
eclipse.pde.ui-20120217-1437,org.eclipse.pde.internal.ui.search.dependencies,DependencyExtentSearchResultPage,showMatch,14,2,4
eclipse.pde.ui-20120217-1437,org.eclipse.pde.internal.ui.search.dependencies,DependencyExtentSearchResultPage,createLabelProvider,3,1,0
eclipse.pde.ui-20120217-1437,org.eclipse.pde.internal.ui.search.dependencies,DependencyExtentSearchResultPage,createViewerComparator,3,1,0
eclipse.pde.ui-20120217-1437,org.eclipse.pde.internal.ui.search.dependencies,Comparator,category,11,3,1
eclipse.pde.ui-20120217-1437,org.eclipse.pde.internal.ui.search.dependencies,LabelProvider,getImage,4,2,1
eclipse.pde.ui-20120217-1437,org.eclipse.pde.internal.ui.search.dependencies,LabelProvider,getText,16,8,1
eclipse.pde.ui-20120217-1437,org.eclipse.pde.internal.ui.search.dependencies,GatherUnusedDependenciesOperation,acceptSearchMatch,3,1,1
eclipse.pde.ui-20120217-1437,org.eclipse.pde.internal.ui.search.dependencies,GatherUnusedDependenciesOperation,foundMatches,3,1,0
eclipse.pde.ui-20120217-1437,org.eclipse.pde.internal.ui.search.dependencies,GatherUnusedDependenciesOperation,GatherUnusedDependenciesOperation,3,1,1
eclipse.pde.ui-20120217-1437,org.eclipse.pde.internal.ui.search.dependencies,GatherUnusedDependenciesOperation,run,49,14,1
eclipse.pde.ui-20120217-1437,org.eclipse.pde.internal.ui.search.dependencies,GatherUnusedDependenciesOperation,updateMonitor,3,1,2
eclipse.pde.ui-20120217-1437,org.eclipse.pde.internal.ui.search.dependencies,GatherUnusedDependenciesOperation,isUnused,4,1,2
eclipse.pde.ui-20120217-1437,org.eclipse.pde.internal.ui.search.dependencies,GatherUnusedDependenciesOperation,isUnused,7,2,3
eclipse.pde.ui-20120217-1437,org.eclipse.pde.internal.ui.search.dependencies,GatherUnusedDependenciesOperation,provideJavaClasses,33,6,2
eclipse.pde.ui-20120217-1437,org.eclipse.pde.internal.ui.search.dependencies,GatherUnusedDependenciesOperation,provideJavaClasses,29,7,4
eclipse.pde.ui-20120217-1437,org.eclipse.pde.internal.ui.search.dependencies,GatherUnusedDependenciesOperation,provideJavaClasses,20,3,2
eclipse.pde.ui-20120217-1437,org.eclipse.pde.internal.ui.search.dependencies,GatherUnusedDependenciesOperation,getList,3,1,0
eclipse.pde.ui-20120217-1437,org.eclipse.pde.internal.ui.search.dependencies,GatherUnusedDependenciesOperation,removeDependencies,14,5,2
eclipse.pde.ui-20120217-1437,org.eclipse.pde.internal.ui.search.dependencies,GatherUnusedDependenciesOperation,minimizeDependencies,26,9,3
eclipse.pde.ui-20120217-1437,org.eclipse.pde.internal.ui.search.dependencies,Requestor,acceptSearchMatch,3,1,1
eclipse.pde.ui-20120217-1437,org.eclipse.pde.internal.ui.search.dependencies,Requestor,foundMatches,3,1,0
eclipse.pde.ui-20120217-1437,org.eclipse.pde.internal.ui.search.dependencies,JavaEditorOpener,open,19,6,4
eclipse.pde.ui-20120217-1437,org.eclipse.pde.internal.ui.search.dependencies,JavaEditorOpener,showWithMarker,13,1,4
eclipse.pde.ui-20120217-1437,org.eclipse.pde.internal.ui.search.dependencies,PackageFinder,findPackagesInClassFiles,11,3,2
eclipse.pde.ui-20120217-1437,org.eclipse.pde.internal.ui.search.dependencies,PackageFinder,computeReferencedTypes,84,21,2
eclipse.pde.ui-20120217-1437,org.eclipse.pde.internal.ui.search.dependencies,PackageFinder,isPrimitiveTypeSignature,8,4,1
eclipse.pde.ui-20120217-1437,org.eclipse.pde.internal.ui.search.dependencies,PackageFinder,extractFullyQualifiedTopLevelType,8,1,1
eclipse.pde.ui-20120217-1437,org.eclipse.pde.internal.ui.search.dependencies,PackageFinder,getPackage,4,1,1
eclipse.pde.ui-20120217-1437,org.eclipse.pde.internal.ui.search.dependencies,PackageFinder,getClassFiles,21,4,2
eclipse.pde.ui-20120217-1437,org.eclipse.pde.internal.ui.search.dependencies,PackageFinder,addClassFilesFromResource,37,14,2
eclipse.pde.ui-20120217-1437,org.eclipse.pde.internal.ui.search.dependencies,ShowResultsAction,ShowResultsAction,5,1,3
eclipse.pde.ui-20120217-1437,org.eclipse.pde.internal.ui.search.dependencies,ShowResultsAction,run,17,3,0
eclipse.pde.ui-20120217-1437,org.eclipse.pde.internal.ui.search.dependencies,ShowResultsAction,getUnusedDependeciesInfoDialog,19,1,0
eclipse.pde.ui-20120217-1437,org.eclipse.pde.internal.ui.search.dependencies,ShowResultsAction,getElements,3,1,1
eclipse.pde.ui-20120217-1437,org.eclipse.pde.internal.ui.search.dependencies,ShowResultsAction,dispose,2,1,0
eclipse.pde.ui-20120217-1437,org.eclipse.pde.internal.ui.search.dependencies,ShowResultsAction,inputChanged,2,1,3
eclipse.pde.ui-20120217-1437,org.eclipse.pde.internal.ui.search.dependencies,UnusedDependenciesAction,UnusedDependenciesAction,5,1,2
eclipse.pde.ui-20120217-1437,org.eclipse.pde.internal.ui.search.dependencies,UnusedDependenciesAction,run,6,1,0
eclipse.pde.ui-20120217-1437,org.eclipse.pde.internal.ui.search.dependencies,UnusedDependenciesJob,UnusedDependenciesJob,5,1,3
eclipse.pde.ui-20120217-1437,org.eclipse.pde.internal.ui.search.dependencies,UnusedDependenciesJob,run,15,1,1
eclipse.pde.ui-20120217-1437,org.eclipse.pde.internal.ui.search.dependencies,UnusedDependenciesJob,getShowResultsAction,3,1,1
eclipse.pde.ui-20120217-1437,org.eclipse.pde.internal.ui.search.dependencies,UnusedDependenciesJob,showResults,8,1,1
eclipse.pde.ui-20120217-1437,org.eclipse.pde.internal.ui.search.dependencies,UnusedDependenciesJob,run,3,1,0
eclipse.pde.ui-20120217-1437,org.eclipse.pde.internal.ui.search.dependencies,UnusedImportsDialog,compare,5,3,3
eclipse.pde.ui-20120217-1437,org.eclipse.pde.internal.ui.search.dependencies,UnusedImportsDialog,getElements,3,1,1
eclipse.pde.ui-20120217-1437,org.eclipse.pde.internal.ui.search.dependencies,UnusedImportsDialog,UnusedImportsDialog,7,1,3
eclipse.pde.ui-20120217-1437,org.eclipse.pde.internal.ui.search.dependencies,UnusedImportsDialog,createButtonsForButtonBar,4,1,1
eclipse.pde.ui-20120217-1437,org.eclipse.pde.internal.ui.search.dependencies,UnusedImportsDialog,configureShell,4,1,1
eclipse.pde.ui-20120217-1437,org.eclipse.pde.internal.ui.search.dependencies,UnusedImportsDialog,createDialogArea,20,1,1
eclipse.pde.ui-20120217-1437,org.eclipse.pde.internal.ui.search.dependencies,UnusedImportsDialog,okPressed,4,1,0
eclipse.pde.ui-20120217-1437,org.eclipse.pde.internal.ui.search.dependencies,Comparator,compare,5,3,3
eclipse.pde.ui-20120217-1437,org.eclipse.pde.internal.ui.search.dependencies,ContentProvider,getElements,3,1,1
eclipse.pde.ui-20120217-1437,org.eclipse.pde.internal.ui.search.dialogs,FilteredIUSelectionDialog,IUWrapperLabelProvider,4,1,0
eclipse.pde.ui-20120217-1437,org.eclipse.pde.internal.ui.search.dialogs,FilteredIUSelectionDialog,getStyledText,30,3,1
eclipse.pde.ui-20120217-1437,org.eclipse.pde.internal.ui.search.dialogs,FilteredIUSelectionDialog,getImage,11,4,1
eclipse.pde.ui-20120217-1437,org.eclipse.pde.internal.ui.search.dialogs,FilteredIUSelectionDialog,getText,4,1,1
eclipse.pde.ui-20120217-1437,org.eclipse.pde.internal.ui.search.dialogs,FilteredIUSelectionDialog,dispose,3,1,0
eclipse.pde.ui-20120217-1437,org.eclipse.pde.internal.ui.search.dialogs,FilteredIUSelectionDialog,FilteredIUSelectionDialog,8,1,2
eclipse.pde.ui-20120217-1437,org.eclipse.pde.internal.ui.search.dialogs,FilteredIUSelectionDialog,createExtendedContentArea,15,1,1
eclipse.pde.ui-20120217-1437,org.eclipse.pde.internal.ui.search.dialogs,FilteredIUSelectionDialog,widgetSelected,4,1,1
eclipse.pde.ui-20120217-1437,org.eclipse.pde.internal.ui.search.dialogs,FilteredIUSelectionDialog,IUItemsFilter,3,1,0
eclipse.pde.ui-20120217-1437,org.eclipse.pde.internal.ui.search.dialogs,FilteredIUSelectionDialog,matchItem,5,3,1
eclipse.pde.ui-20120217-1437,org.eclipse.pde.internal.ui.search.dialogs,FilteredIUSelectionDialog,isConsistentItem,3,1,1
eclipse.pde.ui-20120217-1437,org.eclipse.pde.internal.ui.search.dialogs,FilteredIUSelectionDialog,isSubFilter,4,2,1
eclipse.pde.ui-20120217-1437,org.eclipse.pde.internal.ui.search.dialogs,FilteredIUSelectionDialog,equalsFilter,4,2,1
eclipse.pde.ui-20120217-1437,org.eclipse.pde.internal.ui.search.dialogs,FilteredIUSelectionDialog,isIUMatch,10,4,1
eclipse.pde.ui-20120217-1437,org.eclipse.pde.internal.ui.search.dialogs,FilteredIUSelectionDialog,createFilter,3,1,0
eclipse.pde.ui-20120217-1437,org.eclipse.pde.internal.ui.search.dialogs,FilteredIUSelectionDialog,fillContentProvider,20,6,3
eclipse.pde.ui-20120217-1437,org.eclipse.pde.internal.ui.search.dialogs,FilteredIUSelectionDialog,getDialogSettings,3,1,0
eclipse.pde.ui-20120217-1437,org.eclipse.pde.internal.ui.search.dialogs,FilteredIUSelectionDialog,getElementName,3,1,1
eclipse.pde.ui-20120217-1437,org.eclipse.pde.internal.ui.search.dialogs,FilteredIUSelectionDialog,getItemsComparator,28,5,0
eclipse.pde.ui-20120217-1437,org.eclipse.pde.internal.ui.search.dialogs,FilteredIUSelectionDialog,compare,23,5,2
eclipse.pde.ui-20120217-1437,org.eclipse.pde.internal.ui.search.dialogs,FilteredIUSelectionDialog,validateItem,3,1,1
eclipse.pde.ui-20120217-1437,org.eclipse.pde.internal.ui.search.dialogs,IUWrapperLabelProvider,IUWrapperLabelProvider,4,1,0
eclipse.pde.ui-20120217-1437,org.eclipse.pde.internal.ui.search.dialogs,IUWrapperLabelProvider,getStyledText,30,3,1
eclipse.pde.ui-20120217-1437,org.eclipse.pde.internal.ui.search.dialogs,IUWrapperLabelProvider,getImage,11,4,1
eclipse.pde.ui-20120217-1437,org.eclipse.pde.internal.ui.search.dialogs,IUWrapperLabelProvider,getText,4,1,1
eclipse.pde.ui-20120217-1437,org.eclipse.pde.internal.ui.search.dialogs,IUWrapperLabelProvider,dispose,3,1,0
eclipse.pde.ui-20120217-1437,org.eclipse.pde.internal.ui.search.dialogs,IUItemsFilter,IUItemsFilter,3,1,0
eclipse.pde.ui-20120217-1437,org.eclipse.pde.internal.ui.search.dialogs,IUItemsFilter,matchItem,5,3,1
eclipse.pde.ui-20120217-1437,org.eclipse.pde.internal.ui.search.dialogs,IUItemsFilter,isConsistentItem,3,1,1
eclipse.pde.ui-20120217-1437,org.eclipse.pde.internal.ui.search.dialogs,IUItemsFilter,isSubFilter,4,2,1
eclipse.pde.ui-20120217-1437,org.eclipse.pde.internal.ui.search.dialogs,IUItemsFilter,equalsFilter,4,2,1
eclipse.pde.ui-20120217-1437,org.eclipse.pde.internal.ui.search.dialogs,IUItemsFilter,isIUMatch,10,4,1
eclipse.pde.ui-20120217-1437,org.eclipse.pde.internal.ui.search.dialogs,FilteredPluginArtifactsSelectionDialog,getImage,6,2,1
eclipse.pde.ui-20120217-1437,org.eclipse.pde.internal.ui.search.dialogs,FilteredPluginArtifactsSelectionDialog,getText,22,7,1
eclipse.pde.ui-20120217-1437,org.eclipse.pde.internal.ui.search.dialogs,FilteredPluginArtifactsSelectionDialog,decorateImage,3,1,2
eclipse.pde.ui-20120217-1437,org.eclipse.pde.internal.ui.search.dialogs,FilteredPluginArtifactsSelectionDialog,decorateText,7,2,2
eclipse.pde.ui-20120217-1437,org.eclipse.pde.internal.ui.search.dialogs,FilteredPluginArtifactsSelectionDialog,getImage,26,6,1
eclipse.pde.ui-20120217-1437,org.eclipse.pde.internal.ui.search.dialogs,FilteredPluginArtifactsSelectionDialog,getText,26,6,1
eclipse.pde.ui-20120217-1437,org.eclipse.pde.internal.ui.search.dialogs,FilteredPluginArtifactsSelectionDialog,getImage,4,2,1
eclipse.pde.ui-20120217-1437,org.eclipse.pde.internal.ui.search.dialogs,FilteredPluginArtifactsSelectionDialog,select,7,3,3
eclipse.pde.ui-20120217-1437,org.eclipse.pde.internal.ui.search.dialogs,FilteredPluginArtifactsSelectionDialog,setEnabled,3,1,1
eclipse.pde.ui-20120217-1437,org.eclipse.pde.internal.ui.search.dialogs,FilteredPluginArtifactsSelectionDialog,select,7,3,3
eclipse.pde.ui-20120217-1437,org.eclipse.pde.internal.ui.search.dialogs,FilteredPluginArtifactsSelectionDialog,setEnabled,3,1,1
eclipse.pde.ui-20120217-1437,org.eclipse.pde.internal.ui.search.dialogs,FilteredPluginArtifactsSelectionDialog,select,7,3,3
eclipse.pde.ui-20120217-1437,org.eclipse.pde.internal.ui.search.dialogs,FilteredPluginArtifactsSelectionDialog,setEnabled,3,1,1
eclipse.pde.ui-20120217-1437,org.eclipse.pde.internal.ui.search.dialogs,FilteredPluginArtifactsSelectionDialog,select,7,3,3
eclipse.pde.ui-20120217-1437,org.eclipse.pde.internal.ui.search.dialogs,FilteredPluginArtifactsSelectionDialog,setEnabled,3,1,1
eclipse.pde.ui-20120217-1437,org.eclipse.pde.internal.ui.search.dialogs,FilteredPluginArtifactsSelectionDialog,ExtensionsAction,4,1,0
eclipse.pde.ui-20120217-1437,org.eclipse.pde.internal.ui.search.dialogs,FilteredPluginArtifactsSelectionDialog,run,4,1,0
eclipse.pde.ui-20120217-1437,org.eclipse.pde.internal.ui.search.dialogs,FilteredPluginArtifactsSelectionDialog,ExtensionPointsAction,4,1,0
eclipse.pde.ui-20120217-1437,org.eclipse.pde.internal.ui.search.dialogs,FilteredPluginArtifactsSelectionDialog,run,4,1,0
eclipse.pde.ui-20120217-1437,org.eclipse.pde.internal.ui.search.dialogs,FilteredPluginArtifactsSelectionDialog,ExportedPackagesAction,4,1,0
eclipse.pde.ui-20120217-1437,org.eclipse.pde.internal.ui.search.dialogs,FilteredPluginArtifactsSelectionDialog,run,4,1,0
eclipse.pde.ui-20120217-1437,org.eclipse.pde.internal.ui.search.dialogs,FilteredPluginArtifactsSelectionDialog,FeaturesAction,4,1,0
eclipse.pde.ui-20120217-1437,org.eclipse.pde.internal.ui.search.dialogs,FilteredPluginArtifactsSelectionDialog,run,4,1,0
eclipse.pde.ui-20120217-1437,org.eclipse.pde.internal.ui.search.dialogs,FilteredPluginArtifactsSelectionDialog,FilteredPluginArtifactsSelectionDialog,10,1,1
eclipse.pde.ui-20120217-1437,org.eclipse.pde.internal.ui.search.dialogs,FilteredPluginArtifactsSelectionDialog,configureShell,4,1,1
eclipse.pde.ui-20120217-1437,org.eclipse.pde.internal.ui.search.dialogs,FilteredPluginArtifactsSelectionDialog,createExtendedContentArea,3,1,1
eclipse.pde.ui-20120217-1437,org.eclipse.pde.internal.ui.search.dialogs,FilteredPluginArtifactsSelectionDialog,createFilter,3,1,0
eclipse.pde.ui-20120217-1437,org.eclipse.pde.internal.ui.search.dialogs,FilteredPluginArtifactsSelectionDialog,fillContentProvider,42,8,3
eclipse.pde.ui-20120217-1437,org.eclipse.pde.internal.ui.search.dialogs,FilteredPluginArtifactsSelectionDialog,getDialogSettings,7,2,0
eclipse.pde.ui-20120217-1437,org.eclipse.pde.internal.ui.search.dialogs,FilteredPluginArtifactsSelectionDialog,getElementName,23,6,1
eclipse.pde.ui-20120217-1437,org.eclipse.pde.internal.ui.search.dialogs,FilteredPluginArtifactsSelectionDialog,getItemsComparator,3,1,0
eclipse.pde.ui-20120217-1437,org.eclipse.pde.internal.ui.search.dialogs,FilteredPluginArtifactsSelectionDialog,validateItem,3,1,1
eclipse.pde.ui-20120217-1437,org.eclipse.pde.internal.ui.search.dialogs,FilteredPluginArtifactsSelectionDialog,fillViewMenu,8,1,1
eclipse.pde.ui-20120217-1437,org.eclipse.pde.internal.ui.search.dialogs,FilteredPluginArtifactsSelectionDialog,restoreDialog,24,5,1
eclipse.pde.ui-20120217-1437,org.eclipse.pde.internal.ui.search.dialogs,FilteredPluginArtifactsSelectionDialog,storeDialog,7,1,1
eclipse.pde.ui-20120217-1437,org.eclipse.pde.internal.ui.search.dialogs,FilteredPluginArtifactsSelectionDialog,restoreItemFromMemento,45,18,1
eclipse.pde.ui-20120217-1437,org.eclipse.pde.internal.ui.search.dialogs,FilteredPluginArtifactsSelectionDialog,getFeatureModel,13,3,1
eclipse.pde.ui-20120217-1437,org.eclipse.pde.internal.ui.search.dialogs,FilteredPluginArtifactsSelectionDialog,getModel,12,4,1
eclipse.pde.ui-20120217-1437,org.eclipse.pde.internal.ui.search.dialogs,FilteredPluginArtifactsSelectionDialog,storeItemToMemento,35,6,2
eclipse.pde.ui-20120217-1437,org.eclipse.pde.internal.ui.search.dialogs,FilteredPluginArtifactsSelectionDialog,isConsistentItem,3,1,1
eclipse.pde.ui-20120217-1437,org.eclipse.pde.internal.ui.search.dialogs,FilteredPluginArtifactsSelectionDialog,matchItem,24,6,1
eclipse.pde.ui-20120217-1437,org.eclipse.pde.internal.ui.search.dialogs,FilteredPluginArtifactsSelectionDialog,matchesSegments,17,5,1
eclipse.pde.ui-20120217-1437,org.eclipse.pde.internal.ui.search.dialogs,FilteredPluginArtifactsSelectionDialog,compare,6,2,2
eclipse.pde.ui-20120217-1437,org.eclipse.pde.internal.ui.search.dialogs,FilteredPluginArtifactsSelectionDialog,getId,18,6,1
eclipse.pde.ui-20120217-1437,org.eclipse.pde.internal.ui.search.dialogs,FilteredPluginArtifactsSelectionDialog,compareSimilarObjects,32,8,2
eclipse.pde.ui-20120217-1437,org.eclipse.pde.internal.ui.search.dialogs,FilteredPluginArtifactsSelectionDialog,comparePlugins,3,1,2
eclipse.pde.ui-20120217-1437,org.eclipse.pde.internal.ui.search.dialogs,FilteredPluginArtifactsSelectionDialog,compareExtensionPoints,3,1,2
eclipse.pde.ui-20120217-1437,org.eclipse.pde.internal.ui.search.dialogs,FilteredPluginArtifactsSelectionDialog,compareBundleDescriptions,3,1,2
eclipse.pde.ui-20120217-1437,org.eclipse.pde.internal.ui.search.dialogs,FilteredPluginArtifactsSelectionDialog,compareFeatures,3,1,2
eclipse.pde.ui-20120217-1437,org.eclipse.pde.internal.ui.search.dialogs,FilteredPluginArtifactsSelectionDialog,close,4,1,0
eclipse.pde.ui-20120217-1437,org.eclipse.pde.internal.ui.search.dialogs,FilteredPluginArtifactsSelectionDialog,getModel,9,3,2
eclipse.pde.ui-20120217-1437,org.eclipse.pde.internal.ui.search.dialogs,SearchLabelProvider,getImage,6,2,1
eclipse.pde.ui-20120217-1437,org.eclipse.pde.internal.ui.search.dialogs,SearchLabelProvider,getText,22,7,1
eclipse.pde.ui-20120217-1437,org.eclipse.pde.internal.ui.search.dialogs,SearchLabelProvider,decorateImage,3,1,2
eclipse.pde.ui-20120217-1437,org.eclipse.pde.internal.ui.search.dialogs,SearchLabelProvider,decorateText,7,2,2
eclipse.pde.ui-20120217-1437,org.eclipse.pde.internal.ui.search.dialogs,DetailedLabelProvider,getImage,26,6,1
eclipse.pde.ui-20120217-1437,org.eclipse.pde.internal.ui.search.dialogs,DetailedLabelProvider,getText,26,6,1
eclipse.pde.ui-20120217-1437,org.eclipse.pde.internal.ui.search.dialogs,DetailedLabelProvider,getImage,4,2,1
eclipse.pde.ui-20120217-1437,org.eclipse.pde.internal.ui.search.dialogs,ExtensionsFilter,select,7,3,3
eclipse.pde.ui-20120217-1437,org.eclipse.pde.internal.ui.search.dialogs,ExtensionsFilter,setEnabled,3,1,1
eclipse.pde.ui-20120217-1437,org.eclipse.pde.internal.ui.search.dialogs,ExtensionPointsFilter,select,7,3,3
eclipse.pde.ui-20120217-1437,org.eclipse.pde.internal.ui.search.dialogs,ExtensionPointsFilter,setEnabled,3,1,1
eclipse.pde.ui-20120217-1437,org.eclipse.pde.internal.ui.search.dialogs,ExportedPackagesFilter,select,7,3,3
eclipse.pde.ui-20120217-1437,org.eclipse.pde.internal.ui.search.dialogs,ExportedPackagesFilter,setEnabled,3,1,1
eclipse.pde.ui-20120217-1437,org.eclipse.pde.internal.ui.search.dialogs,FeaturesFilter,select,7,3,3
eclipse.pde.ui-20120217-1437,org.eclipse.pde.internal.ui.search.dialogs,FeaturesFilter,setEnabled,3,1,1
eclipse.pde.ui-20120217-1437,org.eclipse.pde.internal.ui.search.dialogs,ExtensionsAction,ExtensionsAction,4,1,0
eclipse.pde.ui-20120217-1437,org.eclipse.pde.internal.ui.search.dialogs,ExtensionsAction,run,4,1,0
eclipse.pde.ui-20120217-1437,org.eclipse.pde.internal.ui.search.dialogs,ExtensionPointsAction,ExtensionPointsAction,4,1,0
eclipse.pde.ui-20120217-1437,org.eclipse.pde.internal.ui.search.dialogs,ExtensionPointsAction,run,4,1,0
eclipse.pde.ui-20120217-1437,org.eclipse.pde.internal.ui.search.dialogs,ExportedPackagesAction,ExportedPackagesAction,4,1,0
eclipse.pde.ui-20120217-1437,org.eclipse.pde.internal.ui.search.dialogs,ExportedPackagesAction,run,4,1,0
eclipse.pde.ui-20120217-1437,org.eclipse.pde.internal.ui.search.dialogs,FeaturesAction,FeaturesAction,4,1,0
eclipse.pde.ui-20120217-1437,org.eclipse.pde.internal.ui.search.dialogs,FeaturesAction,run,4,1,0
eclipse.pde.ui-20120217-1437,org.eclipse.pde.internal.ui.search.dialogs,PluginSearchSelectionHistory,restoreItemFromMemento,45,18,1
eclipse.pde.ui-20120217-1437,org.eclipse.pde.internal.ui.search.dialogs,PluginSearchSelectionHistory,getFeatureModel,13,3,1
eclipse.pde.ui-20120217-1437,org.eclipse.pde.internal.ui.search.dialogs,PluginSearchSelectionHistory,getModel,12,4,1
eclipse.pde.ui-20120217-1437,org.eclipse.pde.internal.ui.search.dialogs,PluginSearchSelectionHistory,storeItemToMemento,35,6,2
eclipse.pde.ui-20120217-1437,org.eclipse.pde.internal.ui.search.dialogs,PluginSearchItemsFilter,isConsistentItem,3,1,1
eclipse.pde.ui-20120217-1437,org.eclipse.pde.internal.ui.search.dialogs,PluginSearchItemsFilter,matchItem,24,6,1
eclipse.pde.ui-20120217-1437,org.eclipse.pde.internal.ui.search.dialogs,PluginSearchItemsFilter,matchesSegments,17,5,1
eclipse.pde.ui-20120217-1437,org.eclipse.pde.internal.ui.search.dialogs,PluginSearchComparator,compare,6,2,2
eclipse.pde.ui-20120217-1437,org.eclipse.pde.internal.ui.search.dialogs,PluginSearchComparator,getId,18,6,1
eclipse.pde.ui-20120217-1437,org.eclipse.pde.internal.ui.search.dialogs,PluginSearchComparator,compareSimilarObjects,32,8,2
eclipse.pde.ui-20120217-1437,org.eclipse.pde.internal.ui.search.dialogs,PluginSearchComparator,comparePlugins,3,1,2
eclipse.pde.ui-20120217-1437,org.eclipse.pde.internal.ui.search.dialogs,PluginSearchComparator,compareExtensionPoints,3,1,2
eclipse.pde.ui-20120217-1437,org.eclipse.pde.internal.ui.search.dialogs,PluginSearchComparator,compareBundleDescriptions,3,1,2
eclipse.pde.ui-20120217-1437,org.eclipse.pde.internal.ui.search.dialogs,PluginSearchComparator,compareFeatures,3,1,2
eclipse.pde.ui-20120217-1437,org.eclipse.pde.internal.ui.search.dialogs,IUPackage,IUPackage,5,1,3
eclipse.pde.ui-20120217-1437,org.eclipse.pde.internal.ui.search.dialogs,IUPackage,getIU,3,1,0
eclipse.pde.ui-20120217-1437,org.eclipse.pde.internal.ui.search.dialogs,IUPackage,getVersion,3,1,0
eclipse.pde.ui-20120217-1437,org.eclipse.pde.internal.ui.search.dialogs,IUPackage,getId,3,1,0
eclipse.pde.ui-20120217-1437,org.eclipse.pde.internal.ui.search.dialogs,PluginArtifactSearchHandler,execute,26,4,1
eclipse.pde.ui-20120217-1437,org.eclipse.pde.internal.ui.search.dialogs,PluginArtifactSearchHandler,getInputContext,4,2,2
eclipse.pde.ui-20120217-1437,org.eclipse.pde.internal.ui.search.dialogs,TargetRepositorySearchHandler,execute,26,7,1
eclipse.pde.ui-20120217-1437,org.eclipse.pde.internal.ui.search.dialogs,TargetRepositorySearchHandler,installIntoActiveTarget,19,2,2
eclipse.pde.ui-20120217-1437,org.eclipse.pde.internal.ui.shared,CachedCheckboxTreeViewer,CachedCheckboxTreeViewer,10,1,1
eclipse.pde.ui-20120217-1437,org.eclipse.pde.internal.ui.shared,CachedCheckboxTreeViewer,checkStateChanged,3,1,1
eclipse.pde.ui-20120217-1437,org.eclipse.pde.internal.ui.shared,CachedCheckboxTreeViewer,updateCheckState,40,14,2
eclipse.pde.ui-20120217-1437,org.eclipse.pde.internal.ui.shared,CachedCheckboxTreeViewer,restoreLeafCheckState,16,4,0
eclipse.pde.ui-20120217-1437,org.eclipse.pde.internal.ui.shared,CachedCheckboxTreeViewer,getCheckedLeafElements,6,2,0
eclipse.pde.ui-20120217-1437,org.eclipse.pde.internal.ui.shared,CachedCheckboxTreeViewer,getCheckedLeafCount,6,2,0
eclipse.pde.ui-20120217-1437,org.eclipse.pde.internal.ui.shared,CachedCheckboxTreeViewer,setChecked,4,1,2
eclipse.pde.ui-20120217-1437,org.eclipse.pde.internal.ui.shared,CachedCheckboxTreeViewer,setCheckedElements,21,6,1
eclipse.pde.ui-20120217-1437,org.eclipse.pde.internal.ui.shared,CachedCheckboxTreeViewer,setAllChecked,33,9,1
eclipse.pde.ui-20120217-1437,org.eclipse.pde.internal.ui.shared,CachedCheckboxTreeViewer,addFilteredChildren,11,3,3
eclipse.pde.ui-20120217-1437,org.eclipse.pde.internal.ui.shared,CachedCheckboxTreeViewer,remove,6,2,1
eclipse.pde.ui-20120217-1437,org.eclipse.pde.internal.ui.shared,CachedCheckboxTreeViewer,remove,4,1,1
eclipse.pde.ui-20120217-1437,org.eclipse.pde.internal.ui.shared,FilteredCheckboxTree,FilteredCheckboxTree,3,1,2
eclipse.pde.ui-20120217-1437,org.eclipse.pde.internal.ui.shared,FilteredCheckboxTree,FilteredCheckboxTree,3,1,3
eclipse.pde.ui-20120217-1437,org.eclipse.pde.internal.ui.shared,FilteredCheckboxTree,FilteredCheckboxTree,5,1,4
eclipse.pde.ui-20120217-1437,org.eclipse.pde.internal.ui.shared,FilteredCheckboxTree,doCreateTreeViewer,12,2,2
eclipse.pde.ui-20120217-1437,org.eclipse.pde.internal.ui.shared,FilteredCheckboxTree,doCreateRefreshJob,18,3,0
eclipse.pde.ui-20120217-1437,org.eclipse.pde.internal.ui.shared,FilteredCheckboxTree,done,11,3,1
eclipse.pde.ui-20120217-1437,org.eclipse.pde.internal.ui.shared,FilteredCheckboxTree,run,4,2,0
eclipse.pde.ui-20120217-1437,org.eclipse.pde.internal.ui.shared,FilteredCheckboxTree,doCreateFilterText,9,2,1
eclipse.pde.ui-20120217-1437,org.eclipse.pde.internal.ui.shared,FilteredCheckboxTree,getCheckboxTreeViewer,3,1,0
eclipse.pde.ui-20120217-1437,org.eclipse.pde.internal.ui.shared,FilteredCheckboxTree,getRefreshJobDelay,3,1,0
eclipse.pde.ui-20120217-1437,org.eclipse.pde.internal.ui.shared.target,AddBundleContainerSelectionPage,AddBundleContainerSelectionPage,7,1,1
eclipse.pde.ui-20120217-1437,org.eclipse.pde.internal.ui.shared.target,AddBundleContainerSelectionPage,getTargetPlatformService,9,3,0
eclipse.pde.ui-20120217-1437,org.eclipse.pde.internal.ui.shared.target,AddBundleContainerSelectionPage,dispose,4,1,0
eclipse.pde.ui-20120217-1437,org.eclipse.pde.internal.ui.shared.target,AddBundleContainerSelectionPage,createControl,55,6,1
eclipse.pde.ui-20120217-1437,org.eclipse.pde.internal.ui.shared.target,AddBundleContainerSelectionPage,getText,6,2,1
eclipse.pde.ui-20120217-1437,org.eclipse.pde.internal.ui.shared.target,AddBundleContainerSelectionPage,getImage,6,2,1
eclipse.pde.ui-20120217-1437,org.eclipse.pde.internal.ui.shared.target,AddBundleContainerSelectionPage,doubleClick,7,2,1
eclipse.pde.ui-20120217-1437,org.eclipse.pde.internal.ui.shared.target,AddBundleContainerSelectionPage,selectionChanged,10,3,1
eclipse.pde.ui-20120217-1437,org.eclipse.pde.internal.ui.shared.target,AddBundleContainerSelectionPage,initViewerContents,7,1,1
eclipse.pde.ui-20120217-1437,org.eclipse.pde.internal.ui.shared.target,AddBundleContainerSelectionPage,getStandardChoices,124,10,0
eclipse.pde.ui-20120217-1437,org.eclipse.pde.internal.ui.shared.target,AddBundleContainerSelectionPage,createWizard,36,4,0
eclipse.pde.ui-20120217-1437,org.eclipse.pde.internal.ui.shared.target,AddBundleContainerSelectionPage,addPages,11,2,0
eclipse.pde.ui-20120217-1437,org.eclipse.pde.internal.ui.shared.target,AddBundleContainerSelectionPage,performFinish,17,3,0
eclipse.pde.ui-20120217-1437,org.eclipse.pde.internal.ui.shared.target,AddBundleContainerSelectionPage,createWizard,37,4,0
eclipse.pde.ui-20120217-1437,org.eclipse.pde.internal.ui.shared.target,AddBundleContainerSelectionPage,addPages,12,2,0
eclipse.pde.ui-20120217-1437,org.eclipse.pde.internal.ui.shared.target,AddBundleContainerSelectionPage,performFinish,17,3,0
eclipse.pde.ui-20120217-1437,org.eclipse.pde.internal.ui.shared.target,AddBundleContainerSelectionPage,createWizard,38,4,0
eclipse.pde.ui-20120217-1437,org.eclipse.pde.internal.ui.shared.target,AddBundleContainerSelectionPage,addPages,8,2,0
eclipse.pde.ui-20120217-1437,org.eclipse.pde.internal.ui.shared.target,AddBundleContainerSelectionPage,performFinish,23,3,0
eclipse.pde.ui-20120217-1437,org.eclipse.pde.internal.ui.shared.target,AddBundleContainerSelectionPage,getTargetLocationProvisionerChoices,30,6,0
eclipse.pde.ui-20120217-1437,org.eclipse.pde.internal.ui.shared.target,AddBundleContainerSelectionPage,getLocalId,3,1,0
eclipse.pde.ui-20120217-1437,org.eclipse.pde.internal.ui.shared.target,AddBundleContainerSelectionPage,getPluginId,3,1,0
eclipse.pde.ui-20120217-1437,org.eclipse.pde.internal.ui.shared.target,AddBundleContainerSelectionPage,getTargetProvisionerChoices,30,6,0
eclipse.pde.ui-20120217-1437,org.eclipse.pde.internal.ui.shared.target,AddBundleContainerSelectionPage,getLocalId,3,1,0
eclipse.pde.ui-20120217-1437,org.eclipse.pde.internal.ui.shared.target,AddBundleContainerSelectionPage,getPluginId,3,1,0
eclipse.pde.ui-20120217-1437,org.eclipse.pde.internal.ui.shared.target,AddBundleContainerSelectionPage,createWizardElement,14,3,1
eclipse.pde.ui-20120217-1437,org.eclipse.pde.internal.ui.shared.target,AddBundleContainerSelectionPage,createTargetLocationProvisionerNode,49,6,1
eclipse.pde.ui-20120217-1437,org.eclipse.pde.internal.ui.shared.target,AddBundleContainerSelectionPage,createWizard,44,6,0
eclipse.pde.ui-20120217-1437,org.eclipse.pde.internal.ui.shared.target,AddBundleContainerSelectionPage,addPages,14,2,0
eclipse.pde.ui-20120217-1437,org.eclipse.pde.internal.ui.shared.target,AddBundleContainerSelectionPage,performFinish,21,5,0
eclipse.pde.ui-20120217-1437,org.eclipse.pde.internal.ui.shared.target,AddBundleContainerSelectionPage,createDeprecatedExtensionNode,59,7,1
eclipse.pde.ui-20120217-1437,org.eclipse.pde.internal.ui.shared.target,AddBundleContainerSelectionPage,createWizard,54,7,0
eclipse.pde.ui-20120217-1437,org.eclipse.pde.internal.ui.shared.target,AddBundleContainerSelectionPage,addPages,13,2,0
eclipse.pde.ui-20120217-1437,org.eclipse.pde.internal.ui.shared.target,AddBundleContainerSelectionPage,performFinish,32,6,0
eclipse.pde.ui-20120217-1437,org.eclipse.pde.internal.ui.shared.target,AddBundleContainerSelectionPage,AbstractBundleContainerNode,5,1,3
eclipse.pde.ui-20120217-1437,org.eclipse.pde.internal.ui.shared.target,AddBundleContainerSelectionPage,createWizard,0,1,0
eclipse.pde.ui-20120217-1437,org.eclipse.pde.internal.ui.shared.target,AddBundleContainerSelectionPage,dispose,6,2,0
eclipse.pde.ui-20120217-1437,org.eclipse.pde.internal.ui.shared.target,AddBundleContainerSelectionPage,getExtent,3,1,0
eclipse.pde.ui-20120217-1437,org.eclipse.pde.internal.ui.shared.target,AddBundleContainerSelectionPage,getWizard,6,2,0
eclipse.pde.ui-20120217-1437,org.eclipse.pde.internal.ui.shared.target,AddBundleContainerSelectionPage,isContentCreated,3,1,0
eclipse.pde.ui-20120217-1437,org.eclipse.pde.internal.ui.shared.target,AddBundleContainerSelectionPage,getName,3,1,0
eclipse.pde.ui-20120217-1437,org.eclipse.pde.internal.ui.shared.target,AddBundleContainerSelectionPage,getDescription,3,1,0
eclipse.pde.ui-20120217-1437,org.eclipse.pde.internal.ui.shared.target,AddBundleContainerSelectionPage,getImage,3,1,0
eclipse.pde.ui-20120217-1437,org.eclipse.pde.internal.ui.shared.target,AbstractBundleContainerNode,AbstractBundleContainerNode,5,1,3
eclipse.pde.ui-20120217-1437,org.eclipse.pde.internal.ui.shared.target,AbstractBundleContainerNode,createWizard,0,1,0
eclipse.pde.ui-20120217-1437,org.eclipse.pde.internal.ui.shared.target,AbstractBundleContainerNode,dispose,6,2,0
eclipse.pde.ui-20120217-1437,org.eclipse.pde.internal.ui.shared.target,AbstractBundleContainerNode,getExtent,3,1,0
eclipse.pde.ui-20120217-1437,org.eclipse.pde.internal.ui.shared.target,AbstractBundleContainerNode,getWizard,6,2,0
eclipse.pde.ui-20120217-1437,org.eclipse.pde.internal.ui.shared.target,AbstractBundleContainerNode,isContentCreated,3,1,0
eclipse.pde.ui-20120217-1437,org.eclipse.pde.internal.ui.shared.target,AbstractBundleContainerNode,getName,3,1,0
eclipse.pde.ui-20120217-1437,org.eclipse.pde.internal.ui.shared.target,AbstractBundleContainerNode,getDescription,3,1,0
eclipse.pde.ui-20120217-1437,org.eclipse.pde.internal.ui.shared.target,AbstractBundleContainerNode,getImage,3,1,0
eclipse.pde.ui-20120217-1437,org.eclipse.pde.internal.ui.shared.target,AddBundleContainerWizard,AddBundleContainerWizard,5,1,1
eclipse.pde.ui-20120217-1437,org.eclipse.pde.internal.ui.shared.target,AddBundleContainerWizard,addPages,3,1,0
eclipse.pde.ui-20120217-1437,org.eclipse.pde.internal.ui.shared.target,AddBundleContainerWizard,performFinish,3,1,0
eclipse.pde.ui-20120217-1437,org.eclipse.pde.internal.ui.shared.target,AddFeatureContainersPage,AddFeatureContainersPage,3,1,0
eclipse.pde.ui-20120217-1437,org.eclipse.pde.internal.ui.shared.target,AddFeatureContainersPage,getDefaultTitle,3,1,0
eclipse.pde.ui-20120217-1437,org.eclipse.pde.internal.ui.shared.target,AddFeatureContainersPage,getDefaultMessage,3,1,0
eclipse.pde.ui-20120217-1437,org.eclipse.pde.internal.ui.shared.target,AddFeatureContainersPage,createLocationArea,5,1,1
eclipse.pde.ui-20120217-1437,org.eclipse.pde.internal.ui.shared.target,AddFeatureContainersPage,createTableArea,47,2,1
eclipse.pde.ui-20120217-1437,org.eclipse.pde.internal.ui.shared.target,AddFeatureContainersPage,checkStateChanged,3,1,1
eclipse.pde.ui-20120217-1437,org.eclipse.pde.internal.ui.shared.target,AddFeatureContainersPage,doubleClick,7,2,1
eclipse.pde.ui-20120217-1437,org.eclipse.pde.internal.ui.shared.target,AddFeatureContainersPage,widgetSelected,4,1,1
eclipse.pde.ui-20120217-1437,org.eclipse.pde.internal.ui.shared.target,AddFeatureContainersPage,widgetSelected,4,1,1
eclipse.pde.ui-20120217-1437,org.eclipse.pde.internal.ui.shared.target,AddFeatureContainersPage,checkStateChanged,15,2,0
eclipse.pde.ui-20120217-1437,org.eclipse.pde.internal.ui.shared.target,AddFeatureContainersPage,containerChanged,53,7,1
eclipse.pde.ui-20120217-1437,org.eclipse.pde.internal.ui.shared.target,AddFeatureContainersPage,dispose,4,1,0
eclipse.pde.ui-20120217-1437,org.eclipse.pde.internal.ui.shared.target,AddFeatureContainersPage,getBundleContainers,21,6,0
eclipse.pde.ui-20120217-1437,org.eclipse.pde.internal.ui.shared.target,AddFeatureContainersPage,doLoadFeatures,17,7,2
eclipse.pde.ui-20120217-1437,org.eclipse.pde.internal.ui.shared.target,AddFeatureContainersPage,doLoadFeature,25,4,3
eclipse.pde.ui-20120217-1437,org.eclipse.pde.internal.ui.shared.target,ArgumentsFromContainerSelectionDialog,ArgumentsFromContainerSelectionDialog,4,1,2
eclipse.pde.ui-20120217-1437,org.eclipse.pde.internal.ui.shared.target,ArgumentsFromContainerSelectionDialog,configureShell,4,1,1
eclipse.pde.ui-20120217-1437,org.eclipse.pde.internal.ui.shared.target,ArgumentsFromContainerSelectionDialog,createButtonsForButtonBar,4,1,1
eclipse.pde.ui-20120217-1437,org.eclipse.pde.internal.ui.shared.target,ArgumentsFromContainerSelectionDialog,createDialogArea,104,10,1
eclipse.pde.ui-20120217-1437,org.eclipse.pde.internal.ui.shared.target,ArgumentsFromContainerSelectionDialog,getChildren,9,3,1
eclipse.pde.ui-20120217-1437,org.eclipse.pde.internal.ui.shared.target,ArgumentsFromContainerSelectionDialog,hasChildren,3,1,1
eclipse.pde.ui-20120217-1437,org.eclipse.pde.internal.ui.shared.target,ArgumentsFromContainerSelectionDialog,getElements,6,2,1
eclipse.pde.ui-20120217-1437,org.eclipse.pde.internal.ui.shared.target,ArgumentsFromContainerSelectionDialog,getParent,3,1,1
eclipse.pde.ui-20120217-1437,org.eclipse.pde.internal.ui.shared.target,ArgumentsFromContainerSelectionDialog,inputChanged,2,1,3
eclipse.pde.ui-20120217-1437,org.eclipse.pde.internal.ui.shared.target,ArgumentsFromContainerSelectionDialog,dispose,2,1,0
eclipse.pde.ui-20120217-1437,org.eclipse.pde.internal.ui.shared.target,ArgumentsFromContainerSelectionDialog,checkStateChanged,4,1,1
eclipse.pde.ui-20120217-1437,org.eclipse.pde.internal.ui.shared.target,ArgumentsFromContainerSelectionDialog,doubleClick,8,2,1
eclipse.pde.ui-20120217-1437,org.eclipse.pde.internal.ui.shared.target,ArgumentsFromContainerSelectionDialog,widgetSelected,4,1,1
eclipse.pde.ui-20120217-1437,org.eclipse.pde.internal.ui.shared.target,ArgumentsFromContainerSelectionDialog,widgetSelected,4,1,1
eclipse.pde.ui-20120217-1437,org.eclipse.pde.internal.ui.shared.target,ArgumentsFromContainerSelectionDialog,isResizable,3,1,0
eclipse.pde.ui-20120217-1437,org.eclipse.pde.internal.ui.shared.target,ArgumentsFromContainerSelectionDialog,updateCheckState,29,7,1
eclipse.pde.ui-20120217-1437,org.eclipse.pde.internal.ui.shared.target,ArgumentsFromContainerSelectionDialog,updateOKButton,14,4,0
eclipse.pde.ui-20120217-1437,org.eclipse.pde.internal.ui.shared.target,ArgumentsFromContainerSelectionDialog,getSelectedArguments,3,1,0
eclipse.pde.ui-20120217-1437,org.eclipse.pde.internal.ui.shared.target,ArgumentsFromContainerSelectionDialog,okPressed,15,4,0
eclipse.pde.ui-20120217-1437,org.eclipse.pde.internal.ui.shared.target,EditBundleContainerWizard,EditBundleContainerWizard,10,2,2
eclipse.pde.ui-20120217-1437,org.eclipse.pde.internal.ui.shared.target,EditBundleContainerWizard,addPages,17,6,0
eclipse.pde.ui-20120217-1437,org.eclipse.pde.internal.ui.shared.target,EditBundleContainerWizard,performFinish,19,5,0
eclipse.pde.ui-20120217-1437,org.eclipse.pde.internal.ui.shared.target,EditDirectoryContainerPage,EditDirectoryContainerPage,4,1,1
eclipse.pde.ui-20120217-1437,org.eclipse.pde.internal.ui.shared.target,EditDirectoryContainerPage,EditDirectoryContainerPage,3,1,0
eclipse.pde.ui-20120217-1437,org.eclipse.pde.internal.ui.shared.target,EditDirectoryContainerPage,EditDirectoryContainerPage,4,1,2
eclipse.pde.ui-20120217-1437,org.eclipse.pde.internal.ui.shared.target,EditDirectoryContainerPage,createControl,17,3,1
eclipse.pde.ui-20120217-1437,org.eclipse.pde.internal.ui.shared.target,EditDirectoryContainerPage,getDefaultTitle,6,2,0
eclipse.pde.ui-20120217-1437,org.eclipse.pde.internal.ui.shared.target,EditDirectoryContainerPage,getDefaultMessage,3,1,0
eclipse.pde.ui-20120217-1437,org.eclipse.pde.internal.ui.shared.target,EditDirectoryContainerPage,createLocationArea,55,6,1
eclipse.pde.ui-20120217-1437,org.eclipse.pde.internal.ui.shared.target,EditDirectoryContainerPage,modifyText,11,3,1
eclipse.pde.ui-20120217-1437,org.eclipse.pde.internal.ui.shared.target,EditDirectoryContainerPage,widgetSelected,8,2,1
eclipse.pde.ui-20120217-1437,org.eclipse.pde.internal.ui.shared.target,EditDirectoryContainerPage,widgetSelected,8,2,1
eclipse.pde.ui-20120217-1437,org.eclipse.pde.internal.ui.shared.target,EditDirectoryContainerPage,initializeInputFields,26,5,1
eclipse.pde.ui-20120217-1437,org.eclipse.pde.internal.ui.shared.target,EditDirectoryContainerPage,getLocationComboItems,20,5,0
eclipse.pde.ui-20120217-1437,org.eclipse.pde.internal.ui.shared.target,EditDirectoryContainerPage,getDefaultLocation,3,1,0
eclipse.pde.ui-20120217-1437,org.eclipse.pde.internal.ui.shared.target,EditDirectoryContainerPage,storeSettings,24,7,0
eclipse.pde.ui-20120217-1437,org.eclipse.pde.internal.ui.shared.target,EditDirectoryContainerPage,getBundleContainer,3,1,0
eclipse.pde.ui-20120217-1437,org.eclipse.pde.internal.ui.shared.target,EditDirectoryContainerPage,containerChanged,9,2,1
eclipse.pde.ui-20120217-1437,org.eclipse.pde.internal.ui.shared.target,EditDirectoryContainerPage,validateInput,22,3,0
eclipse.pde.ui-20120217-1437,org.eclipse.pde.internal.ui.shared.target,EditDirectoryContainerPage,createContainer,3,1,1
eclipse.pde.ui-20120217-1437,org.eclipse.pde.internal.ui.shared.target,EditDirectoryContainerPage,getTargetPlatformService,9,3,0
eclipse.pde.ui-20120217-1437,org.eclipse.pde.internal.ui.shared.target,EditDirectoryContainerPage,CreateContainerJob,3,1,2
eclipse.pde.ui-20120217-1437,org.eclipse.pde.internal.ui.shared.target,EditDirectoryContainerPage,runInUIThread,22,3,1
eclipse.pde.ui-20120217-1437,org.eclipse.pde.internal.ui.shared.target,CreateContainerJob,CreateContainerJob,3,1,2
eclipse.pde.ui-20120217-1437,org.eclipse.pde.internal.ui.shared.target,CreateContainerJob,runInUIThread,22,3,1
eclipse.pde.ui-20120217-1437,org.eclipse.pde.internal.ui.shared.target,EditFeatureContainerPage,EditFeatureContainerPage,3,1,1
eclipse.pde.ui-20120217-1437,org.eclipse.pde.internal.ui.shared.target,EditFeatureContainerPage,getDefaultTitle,3,1,0
eclipse.pde.ui-20120217-1437,org.eclipse.pde.internal.ui.shared.target,EditFeatureContainerPage,getDefaultMessage,3,1,0
eclipse.pde.ui-20120217-1437,org.eclipse.pde.internal.ui.shared.target,EditFeatureContainerPage,createLocationArea,20,1,1
eclipse.pde.ui-20120217-1437,org.eclipse.pde.internal.ui.shared.target,EditFeatureContainerPage,initializeInputFields,3,1,1
eclipse.pde.ui-20120217-1437,org.eclipse.pde.internal.ui.shared.target,EditFeatureContainerPage,storeSettings,2,1,0
eclipse.pde.ui-20120217-1437,org.eclipse.pde.internal.ui.shared.target,EditFeatureContainerPage,validateInput,3,1,0
eclipse.pde.ui-20120217-1437,org.eclipse.pde.internal.ui.shared.target,EditFeatureContainerPage,createContainer,3,1,1
eclipse.pde.ui-20120217-1437,org.eclipse.pde.internal.ui.shared.target,EditIUContainerPage,EditIUContainerPage,15,1,1
eclipse.pde.ui-20120217-1437,org.eclipse.pde.internal.ui.shared.target,EditIUContainerPage,EditIUContainerPage,6,1,2
eclipse.pde.ui-20120217-1437,org.eclipse.pde.internal.ui.shared.target,EditIUContainerPage,getBundleContainer,11,2,0
eclipse.pde.ui-20120217-1437,org.eclipse.pde.internal.ui.shared.target,EditIUContainerPage,storeSettings,8,2,0
eclipse.pde.ui-20120217-1437,org.eclipse.pde.internal.ui.shared.target,EditIUContainerPage,createControl,17,2,1
eclipse.pde.ui-20120217-1437,org.eclipse.pde.internal.ui.shared.target,EditIUContainerPage,createRepositoryComboArea,18,2,1
eclipse.pde.ui-20120217-1437,org.eclipse.pde.internal.ui.shared.target,EditIUContainerPage,repositorySelectionChanged,11,2,2
eclipse.pde.ui-20120217-1437,org.eclipse.pde.internal.ui.shared.target,EditIUContainerPage,createAvailableIUArea,36,4,1
eclipse.pde.ui-20120217-1437,org.eclipse.pde.internal.ui.shared.target,EditIUContainerPage,checkStateChanged,17,3,1
eclipse.pde.ui-20120217-1437,org.eclipse.pde.internal.ui.shared.target,EditIUContainerPage,selectionChanged,4,1,1
eclipse.pde.ui-20120217-1437,org.eclipse.pde.internal.ui.shared.target,EditIUContainerPage,createDetailsArea,18,1,1
eclipse.pde.ui-20120217-1437,org.eclipse.pde.internal.ui.shared.target,EditIUContainerPage,widgetSelected,3,1,1
eclipse.pde.ui-20120217-1437,org.eclipse.pde.internal.ui.shared.target,EditIUContainerPage,createCheckboxArea,43,1,1
eclipse.pde.ui-20120217-1437,org.eclipse.pde.internal.ui.shared.target,EditIUContainerPage,widgetSelected,3,1,1
eclipse.pde.ui-20120217-1437,org.eclipse.pde.internal.ui.shared.target,EditIUContainerPage,widgetSelected,3,1,1
eclipse.pde.ui-20120217-1437,org.eclipse.pde.internal.ui.shared.target,EditIUContainerPage,widgetSelected,4,1,1
eclipse.pde.ui-20120217-1437,org.eclipse.pde.internal.ui.shared.target,EditIUContainerPage,widgetSelected,3,1,1
eclipse.pde.ui-20120217-1437,org.eclipse.pde.internal.ui.shared.target,EditIUContainerPage,widgetSelected,3,1,1
eclipse.pde.ui-20120217-1437,org.eclipse.pde.internal.ui.shared.target,EditIUContainerPage,warnIfGlobalSettingChanged,24,6,0
eclipse.pde.ui-20120217-1437,org.eclipse.pde.internal.ui.shared.target,EditIUContainerPage,createQueryContext,5,1,0
eclipse.pde.ui-20120217-1437,org.eclipse.pde.internal.ui.shared.target,EditIUContainerPage,updateViewContext,10,2,0
eclipse.pde.ui-20120217-1437,org.eclipse.pde.internal.ui.shared.target,EditIUContainerPage,updateDetails,20,4,0
eclipse.pde.ui-20120217-1437,org.eclipse.pde.internal.ui.shared.target,EditIUContainerPage,pageChanged,13,3,0
eclipse.pde.ui-20120217-1437,org.eclipse.pde.internal.ui.shared.target,EditIUContainerPage,restoreWidgetState,97,21,0
eclipse.pde.ui-20120217-1437,org.eclipse.pde.internal.ui.shared.target,EditProfileContainerPage,EditProfileContainerPage,3,1,0
eclipse.pde.ui-20120217-1437,org.eclipse.pde.internal.ui.shared.target,EditProfileContainerPage,EditProfileContainerPage,3,1,1
eclipse.pde.ui-20120217-1437,org.eclipse.pde.internal.ui.shared.target,EditProfileContainerPage,getDefaultTitle,6,2,0
eclipse.pde.ui-20120217-1437,org.eclipse.pde.internal.ui.shared.target,EditProfileContainerPage,getDefaultMessage,3,1,0
eclipse.pde.ui-20120217-1437,org.eclipse.pde.internal.ui.shared.target,EditProfileContainerPage,createLocationArea,67,6,1
eclipse.pde.ui-20120217-1437,org.eclipse.pde.internal.ui.shared.target,EditProfileContainerPage,widgetSelected,4,1,1
eclipse.pde.ui-20120217-1437,org.eclipse.pde.internal.ui.shared.target,EditProfileContainerPage,modifyText,11,3,1
eclipse.pde.ui-20120217-1437,org.eclipse.pde.internal.ui.shared.target,EditProfileContainerPage,widgetSelected,8,2,1
eclipse.pde.ui-20120217-1437,org.eclipse.pde.internal.ui.shared.target,EditProfileContainerPage,widgetSelected,8,2,1
eclipse.pde.ui-20120217-1437,org.eclipse.pde.internal.ui.shared.target,EditProfileContainerPage,getConfigComboItems,20,5,0
eclipse.pde.ui-20120217-1437,org.eclipse.pde.internal.ui.shared.target,EditProfileContainerPage,storeSettings,24,7,0
eclipse.pde.ui-20120217-1437,org.eclipse.pde.internal.ui.shared.target,EditProfileContainerPage,initializeInputFields,19,3,1
eclipse.pde.ui-20120217-1437,org.eclipse.pde.internal.ui.shared.target,EditProfileContainerPage,updateConfigEnablement,7,1,0
eclipse.pde.ui-20120217-1437,org.eclipse.pde.internal.ui.shared.target,EditProfileContainerPage,validateInput,27,5,0
eclipse.pde.ui-20120217-1437,org.eclipse.pde.internal.ui.shared.target,EditProfileContainerPage,createContainer,3,1,1
eclipse.pde.ui-20120217-1437,org.eclipse.pde.internal.ui.shared.target,IEditBundleContainerPage,getBundleContainer,0,1,0
eclipse.pde.ui-20120217-1437,org.eclipse.pde.internal.ui.shared.target,IEditBundleContainerPage,storeSettings,0,1,0
eclipse.pde.ui-20120217-1437,org.eclipse.pde.internal.ui.shared.target,ITargetChangedListener,contentsChanged,0,1,4
eclipse.pde.ui-20120217-1437,org.eclipse.pde.internal.ui.shared.target,IUContentProvider,getElements,3,1,1
eclipse.pde.ui-20120217-1437,org.eclipse.pde.internal.ui.shared.target,IUContentProvider,getChildren,21,4,1
eclipse.pde.ui-20120217-1437,org.eclipse.pde.internal.ui.shared.target,IUContentProvider,getParent,6,2,1
eclipse.pde.ui-20120217-1437,org.eclipse.pde.internal.ui.shared.target,IUContentProvider,hasChildren,3,1,1
eclipse.pde.ui-20120217-1437,org.eclipse.pde.internal.ui.shared.target,IUContentProvider,IUWrapper,4,1,2
eclipse.pde.ui-20120217-1437,org.eclipse.pde.internal.ui.shared.target,IUContentProvider,getIU,3,1,0
eclipse.pde.ui-20120217-1437,org.eclipse.pde.internal.ui.shared.target,IUContentProvider,getParent,3,1,0
eclipse.pde.ui-20120217-1437,org.eclipse.pde.internal.ui.shared.target,IUWrapper,IUWrapper,4,1,2
eclipse.pde.ui-20120217-1437,org.eclipse.pde.internal.ui.shared.target,IUWrapper,getIU,3,1,0
eclipse.pde.ui-20120217-1437,org.eclipse.pde.internal.ui.shared.target,IUWrapper,getParent,3,1,0
eclipse.pde.ui-20120217-1437,org.eclipse.pde.internal.ui.shared.target,IUFactory,getAdapterList,3,1,0
eclipse.pde.ui-20120217-1437,org.eclipse.pde.internal.ui.shared.target,IUFactory,getAdapter,25,9,2
eclipse.pde.ui-20120217-1437,org.eclipse.pde.internal.ui.shared.target,IUFactory,canEdit,3,1,2
eclipse.pde.ui-20120217-1437,org.eclipse.pde.internal.ui.shared.target,IUFactory,getEditWizard,3,1,2
eclipse.pde.ui-20120217-1437,org.eclipse.pde.internal.ui.shared.target,IUFactory,canUpdate,3,1,2
eclipse.pde.ui-20120217-1437,org.eclipse.pde.internal.ui.shared.target,IUFactory,update,15,3,3
eclipse.pde.ui-20120217-1437,org.eclipse.pde.internal.ui.shared.target,IUFactory,getLabelProvider,6,2,0
eclipse.pde.ui-20120217-1437,org.eclipse.pde.internal.ui.shared.target,IUFactory,getContentProvider,6,2,0
eclipse.pde.ui-20120217-1437,org.eclipse.pde.internal.ui.shared.target,InstallableUnitWizard,InstallableUnitWizard,3,1,0
eclipse.pde.ui-20120217-1437,org.eclipse.pde.internal.ui.shared.target,InstallableUnitWizard,setTarget,3,1,1
eclipse.pde.ui-20120217-1437,org.eclipse.pde.internal.ui.shared.target,InstallableUnitWizard,addPages,8,2,0
eclipse.pde.ui-20120217-1437,org.eclipse.pde.internal.ui.shared.target,InstallableUnitWizard,performFinish,4,1,0
eclipse.pde.ui-20120217-1437,org.eclipse.pde.internal.ui.shared.target,InstallableUnitWizard,getLocations,3,1,0
eclipse.pde.ui-20120217-1437,org.eclipse.pde.internal.ui.shared.target,Messages,Messages,2,1,0
eclipse.pde.ui-20120217-1437,org.eclipse.pde.internal.ui.shared.target,PreviewContainerPage,PreviewContainerPage,7,1,2
eclipse.pde.ui-20120217-1437,org.eclipse.pde.internal.ui.shared.target,PreviewContainerPage,createControl,10,1,1
eclipse.pde.ui-20120217-1437,org.eclipse.pde.internal.ui.shared.target,PreviewContainerPage,setInput,36,5,1
eclipse.pde.ui-20120217-1437,org.eclipse.pde.internal.ui.shared.target,PreviewContainerPage,run,12,3,1
eclipse.pde.ui-20120217-1437,org.eclipse.pde.internal.ui.shared.target,PreviewContainerPage,setVisible,6,2,1
eclipse.pde.ui-20120217-1437,org.eclipse.pde.internal.ui.shared.target,StyledBundleLabelProvider,StyledBundleLabelProvider,6,1,2
eclipse.pde.ui-20120217-1437,org.eclipse.pde.internal.ui.shared.target,StyledBundleLabelProvider,dispose,4,1,0
eclipse.pde.ui-20120217-1437,org.eclipse.pde.internal.ui.shared.target,StyledBundleLabelProvider,update,8,1,1
eclipse.pde.ui-20120217-1437,org.eclipse.pde.internal.ui.shared.target,StyledBundleLabelProvider,getStyledString,98,21,1
eclipse.pde.ui-20120217-1437,org.eclipse.pde.internal.ui.shared.target,StyledBundleLabelProvider,appendBundleInfo,21,6,2
eclipse.pde.ui-20120217-1437,org.eclipse.pde.internal.ui.shared.target,StyledBundleLabelProvider,appendLocation,9,1,3
eclipse.pde.ui-20120217-1437,org.eclipse.pde.internal.ui.shared.target,StyledBundleLabelProvider,appendBundleCount,9,2,2
eclipse.pde.ui-20120217-1437,org.eclipse.pde.internal.ui.shared.target,StyledBundleLabelProvider,getImage,83,26,1
eclipse.pde.ui-20120217-1437,org.eclipse.pde.internal.ui.shared.target,StyledBundleLabelProvider,getText,4,1,1
eclipse.pde.ui-20120217-1437,org.eclipse.pde.internal.ui.shared.target,TargetContentsGroup,createInForm,5,1,2
eclipse.pde.ui-20120217-1437,org.eclipse.pde.internal.ui.shared.target,TargetContentsGroup,createInDialog,5,1,1
eclipse.pde.ui-20120217-1437,org.eclipse.pde.internal.ui.shared.target,TargetContentsGroup,TargetContentsGroup,2,1,0
eclipse.pde.ui-20120217-1437,org.eclipse.pde.internal.ui.shared.target,TargetContentsGroup,addTargetChangedListener,3,1,1
eclipse.pde.ui-20120217-1437,org.eclipse.pde.internal.ui.shared.target,TargetContentsGroup,contentChanged,6,2,0
eclipse.pde.ui-20120217-1437,org.eclipse.pde.internal.ui.shared.target,TargetContentsGroup,dispose,5,2,0
eclipse.pde.ui-20120217-1437,org.eclipse.pde.internal.ui.shared.target,TargetContentsGroup,createFormContents,17,1,2
eclipse.pde.ui-20120217-1437,org.eclipse.pde.internal.ui.shared.target,TargetContentsGroup,createDialogContents,9,1,1
eclipse.pde.ui-20120217-1437,org.eclipse.pde.internal.ui.shared.target,TargetContentsGroup,createTree,79,9,2
eclipse.pde.ui-20120217-1437,org.eclipse.pde.internal.ui.shared.target,TargetContentsGroup,doubleClick,9,1,1
eclipse.pde.ui-20120217-1437,org.eclipse.pde.internal.ui.shared.target,TargetContentsGroup,checkStateChanged,6,1,1
eclipse.pde.ui-20120217-1437,org.eclipse.pde.internal.ui.shared.target,TargetContentsGroup,selectionChanged,3,1,1
eclipse.pde.ui-20120217-1437,org.eclipse.pde.internal.ui.shared.target,TargetContentsGroup,compare,27,9,3
eclipse.pde.ui-20120217-1437,org.eclipse.pde.internal.ui.shared.target,TargetContentsGroup,run,3,1,0
eclipse.pde.ui-20120217-1437,org.eclipse.pde.internal.ui.shared.target,TargetContentsGroup,createButtons,265,12,2
eclipse.pde.ui-20120217-1437,org.eclipse.pde.internal.ui.shared.target,TargetContentsGroup,widgetSelected,3,1,1
eclipse.pde.ui-20120217-1437,org.eclipse.pde.internal.ui.shared.target,TargetContentsGroup,widgetSelected,3,1,1
eclipse.pde.ui-20120217-1437,org.eclipse.pde.internal.ui.shared.target,TargetContentsGroup,widgetSelected,12,3,1
eclipse.pde.ui-20120217-1437,org.eclipse.pde.internal.ui.shared.target,TargetContentsGroup,widgetSelected,12,3,1
eclipse.pde.ui-20120217-1437,org.eclipse.pde.internal.ui.shared.target,TargetContentsGroup,widgetSelected,7,1,1
eclipse.pde.ui-20120217-1437,org.eclipse.pde.internal.ui.shared.target,TargetContentsGroup,widgetSelected,7,1,1
eclipse.pde.ui-20120217-1437,org.eclipse.pde.internal.ui.shared.target,TargetContentsGroup,widgetSelected,17,3,1
eclipse.pde.ui-20120217-1437,org.eclipse.pde.internal.ui.shared.target,TargetContentsGroup,widgetSelected,18,2,1
eclipse.pde.ui-20120217-1437,org.eclipse.pde.internal.ui.shared.target,TargetContentsGroup,widgetSelected,18,2,1
eclipse.pde.ui-20120217-1437,org.eclipse.pde.internal.ui.shared.target,TargetContentsGroup,widgetSelected,11,2,1
eclipse.pde.ui-20120217-1437,org.eclipse.pde.internal.ui.shared.target,TargetContentsGroup,widgetSelected,11,2,1
eclipse.pde.ui-20120217-1437,org.eclipse.pde.internal.ui.shared.target,TargetContentsGroup,initializeFilters,24,5,0
eclipse.pde.ui-20120217-1437,org.eclipse.pde.internal.ui.shared.target,TargetContentsGroup,select,8,3,3
eclipse.pde.ui-20120217-1437,org.eclipse.pde.internal.ui.shared.target,TargetContentsGroup,select,8,3,3
eclipse.pde.ui-20120217-1437,org.eclipse.pde.internal.ui.shared.target,TargetContentsGroup,getParentPath,9,2,1
eclipse.pde.ui-20120217-1437,org.eclipse.pde.internal.ui.shared.target,TargetContentsGroup,loadManifest,44,7,1
eclipse.pde.ui-20120217-1437,org.eclipse.pde.internal.ui.shared.target,TargetContentsGroup,getRequiredPlugins,93,18,2
eclipse.pde.ui-20120217-1437,org.eclipse.pde.internal.ui.shared.target,TargetContentsGroup,run,58,12,1
eclipse.pde.ui-20120217-1437,org.eclipse.pde.internal.ui.shared.target,TargetContentsGroup,getRequiredFeatures,9,3,2
eclipse.pde.ui-20120217-1437,org.eclipse.pde.internal.ui.shared.target,TargetContentsGroup,getFeatureDependencies,14,5,3
eclipse.pde.ui-20120217-1437,org.eclipse.pde.internal.ui.shared.target,TargetContentsGroup,handleGroupChange,18,3,0
eclipse.pde.ui-20120217-1437,org.eclipse.pde.internal.ui.shared.target,TargetContentsGroup,updateButtons,54,10,0
eclipse.pde.ui-20120217-1437,org.eclipse.pde.internal.ui.shared.target,TargetContentsGroup,setInput,36,5,1
eclipse.pde.ui-20120217-1437,org.eclipse.pde.internal.ui.shared.target,TargetContentsGroup,updateCheckState,18,5,0
eclipse.pde.ui-20120217-1437,org.eclipse.pde.internal.ui.shared.target,TargetContentsGroup,setCancelled,5,1,0
eclipse.pde.ui-20120217-1437,org.eclipse.pde.internal.ui.shared.target,TargetContentsGroup,getFileBundleMapping,20,4,0
eclipse.pde.ui-20120217-1437,org.eclipse.pde.internal.ui.shared.target,TargetContentsGroup,getBundleChildren,23,7,1
eclipse.pde.ui-20120217-1437,org.eclipse.pde.internal.ui.shared.target,TargetContentsGroup,setEnabled,28,3,1
eclipse.pde.ui-20120217-1437,org.eclipse.pde.internal.ui.shared.target,TargetContentsGroup,saveIncludedBundleState,68,16,0
eclipse.pde.ui-20120217-1437,org.eclipse.pde.internal.ui.shared.target,TargetContentsGroup,getChildren,3,1,1
eclipse.pde.ui-20120217-1437,org.eclipse.pde.internal.ui.shared.target,TargetContentsGroup,getParent,3,1,1
eclipse.pde.ui-20120217-1437,org.eclipse.pde.internal.ui.shared.target,TargetContentsGroup,hasChildren,12,4,1
eclipse.pde.ui-20120217-1437,org.eclipse.pde.internal.ui.shared.target,TargetContentsGroup,getElements,41,11,1
eclipse.pde.ui-20120217-1437,org.eclipse.pde.internal.ui.shared.target,TargetContentsGroup,dispose,2,1,0
eclipse.pde.ui-20120217-1437,org.eclipse.pde.internal.ui.shared.target,TargetContentsGroup,inputChanged,2,1,3
eclipse.pde.ui-20120217-1437,org.eclipse.pde.internal.ui.shared.target,TreeContentProvider,getChildren,3,1,1
eclipse.pde.ui-20120217-1437,org.eclipse.pde.internal.ui.shared.target,TreeContentProvider,getParent,3,1,1
eclipse.pde.ui-20120217-1437,org.eclipse.pde.internal.ui.shared.target,TreeContentProvider,hasChildren,12,4,1
eclipse.pde.ui-20120217-1437,org.eclipse.pde.internal.ui.shared.target,TreeContentProvider,getElements,41,11,1
eclipse.pde.ui-20120217-1437,org.eclipse.pde.internal.ui.shared.target,TreeContentProvider,dispose,2,1,0
eclipse.pde.ui-20120217-1437,org.eclipse.pde.internal.ui.shared.target,TreeContentProvider,inputChanged,2,1,3
eclipse.pde.ui-20120217-1437,org.eclipse.pde.internal.ui.shared.target,TargetLocationLabelProvider,TargetLocationLabelProvider,3,1,2
eclipse.pde.ui-20120217-1437,org.eclipse.pde.internal.ui.shared.target,TargetLocationLabelProvider,update,5,1,1
eclipse.pde.ui-20120217-1437,org.eclipse.pde.internal.ui.shared.target,TargetLocationLabelProvider,getImage,7,2,1
eclipse.pde.ui-20120217-1437,org.eclipse.pde.internal.ui.shared.target,TargetLocationLabelProvider,getText,7,2,1
eclipse.pde.ui-20120217-1437,org.eclipse.pde.internal.ui.shared.target,TargetLocationsGroup,createInForm,5,1,2
eclipse.pde.ui-20120217-1437,org.eclipse.pde.internal.ui.shared.target,TargetLocationsGroup,createInDialog,5,1,1
eclipse.pde.ui-20120217-1437,org.eclipse.pde.internal.ui.shared.target,TargetLocationsGroup,TargetLocationsGroup,2,1,0
eclipse.pde.ui-20120217-1437,org.eclipse.pde.internal.ui.shared.target,TargetLocationsGroup,addTargetChangedListener,3,1,1
eclipse.pde.ui-20120217-1437,org.eclipse.pde.internal.ui.shared.target,TargetLocationsGroup,createFormContents,30,2,2
eclipse.pde.ui-20120217-1437,org.eclipse.pde.internal.ui.shared.target,TargetLocationsGroup,keyPressed,5,2,1
eclipse.pde.ui-20120217-1437,org.eclipse.pde.internal.ui.shared.target,TargetLocationsGroup,createDialogContents,30,2,1
eclipse.pde.ui-20120217-1437,org.eclipse.pde.internal.ui.shared.target,TargetLocationsGroup,keyPressed,5,2,1
eclipse.pde.ui-20120217-1437,org.eclipse.pde.internal.ui.shared.target,TargetLocationsGroup,initializeTreeViewer,32,4,1
eclipse.pde.ui-20120217-1437,org.eclipse.pde.internal.ui.shared.target,TargetLocationsGroup,compare,9,3,3
eclipse.pde.ui-20120217-1437,org.eclipse.pde.internal.ui.shared.target,TargetLocationsGroup,selectionChanged,3,1,1
eclipse.pde.ui-20120217-1437,org.eclipse.pde.internal.ui.shared.target,TargetLocationsGroup,doubleClick,5,2,1
eclipse.pde.ui-20120217-1437,org.eclipse.pde.internal.ui.shared.target,TargetLocationsGroup,initializeButtons,46,1,0
eclipse.pde.ui-20120217-1437,org.eclipse.pde.internal.ui.shared.target,TargetLocationsGroup,widgetSelected,3,1,1
eclipse.pde.ui-20120217-1437,org.eclipse.pde.internal.ui.shared.target,TargetLocationsGroup,widgetSelected,3,1,1
eclipse.pde.ui-20120217-1437,org.eclipse.pde.internal.ui.shared.target,TargetLocationsGroup,widgetSelected,3,1,1
eclipse.pde.ui-20120217-1437,org.eclipse.pde.internal.ui.shared.target,TargetLocationsGroup,widgetSelected,3,1,1
eclipse.pde.ui-20120217-1437,org.eclipse.pde.internal.ui.shared.target,TargetLocationsGroup,widgetSelected,4,1,1
eclipse.pde.ui-20120217-1437,org.eclipse.pde.internal.ui.shared.target,TargetLocationsGroup,setInput,5,1,1
eclipse.pde.ui-20120217-1437,org.eclipse.pde.internal.ui.shared.target,TargetLocationsGroup,handleAdd,10,2,0
eclipse.pde.ui-20120217-1437,org.eclipse.pde.internal.ui.shared.target,TargetLocationsGroup,handleEdit,51,11,0
eclipse.pde.ui-20120217-1437,org.eclipse.pde.internal.ui.shared.target,TargetLocationsGroup,handleRemove,47,10,0
eclipse.pde.ui-20120217-1437,org.eclipse.pde.internal.ui.shared.target,TargetLocationsGroup,handleUpdate,47,10,0
eclipse.pde.ui-20120217-1437,org.eclipse.pde.internal.ui.shared.target,TargetLocationsGroup,done,24,4,1
eclipse.pde.ui-20120217-1437,org.eclipse.pde.internal.ui.shared.target,TargetLocationsGroup,runInUIThread,18,4,1
eclipse.pde.ui-20120217-1437,org.eclipse.pde.internal.ui.shared.target,TargetLocationsGroup,updateButtons,45,11,0
eclipse.pde.ui-20120217-1437,org.eclipse.pde.internal.ui.shared.target,TargetLocationsGroup,contentsChanged,6,2,1
eclipse.pde.ui-20120217-1437,org.eclipse.pde.internal.ui.shared.target,TargetLocationsGroup,getChildren,39,11,1
eclipse.pde.ui-20120217-1437,org.eclipse.pde.internal.ui.shared.target,TargetLocationsGroup,getParent,6,2,1
eclipse.pde.ui-20120217-1437,org.eclipse.pde.internal.ui.shared.target,TargetLocationsGroup,hasChildren,3,1,1
eclipse.pde.ui-20120217-1437,org.eclipse.pde.internal.ui.shared.target,TargetLocationsGroup,getElements,26,8,1
eclipse.pde.ui-20120217-1437,org.eclipse.pde.internal.ui.shared.target,TargetLocationsGroup,dispose,2,1,0
eclipse.pde.ui-20120217-1437,org.eclipse.pde.internal.ui.shared.target,TargetLocationsGroup,inputChanged,2,1,3
eclipse.pde.ui-20120217-1437,org.eclipse.pde.internal.ui.shared.target,TargetLocationContentProvider,getChildren,39,11,1
eclipse.pde.ui-20120217-1437,org.eclipse.pde.internal.ui.shared.target,TargetLocationContentProvider,getParent,6,2,1
eclipse.pde.ui-20120217-1437,org.eclipse.pde.internal.ui.shared.target,TargetLocationContentProvider,hasChildren,3,1,1
eclipse.pde.ui-20120217-1437,org.eclipse.pde.internal.ui.shared.target,TargetLocationContentProvider,getElements,26,8,1
eclipse.pde.ui-20120217-1437,org.eclipse.pde.internal.ui.shared.target,TargetLocationContentProvider,dispose,2,1,0
eclipse.pde.ui-20120217-1437,org.eclipse.pde.internal.ui.shared.target,TargetLocationContentProvider,inputChanged,2,1,3
eclipse.pde.ui-20120217-1437,org.eclipse.pde.internal.ui.shared.target,UpdateTargetJob,update,9,2,3
eclipse.pde.ui-20120217-1437,org.eclipse.pde.internal.ui.shared.target,UpdateTargetJob,UpdateTargetJob,5,1,2
eclipse.pde.ui-20120217-1437,org.eclipse.pde.internal.ui.shared.target,UpdateTargetJob,run,56,10,1
eclipse.pde.ui-20120217-1437,org.eclipse.pde.internal.ui.util,AbstractOverlayIcon,AbstractOverlayIcon,3,1,1
eclipse.pde.ui-20120217-1437,org.eclipse.pde.internal.ui.util,AbstractOverlayIcon,AbstractOverlayIcon,5,2,2
eclipse.pde.ui-20120217-1437,org.eclipse.pde.internal.ui.util,AbstractOverlayIcon,drawBottomLeft,12,4,1
eclipse.pde.ui-20120217-1437,org.eclipse.pde.internal.ui.util,AbstractOverlayIcon,drawBottomRight,12,4,1
eclipse.pde.ui-20120217-1437,org.eclipse.pde.internal.ui.util,AbstractOverlayIcon,getBaseImageData,0,1,0
eclipse.pde.ui-20120217-1437,org.eclipse.pde.internal.ui.util,AbstractOverlayIcon,drawCompositeImage,10,6,2
eclipse.pde.ui-20120217-1437,org.eclipse.pde.internal.ui.util,AbstractOverlayIcon,drawTopLeft,12,4,1
eclipse.pde.ui-20120217-1437,org.eclipse.pde.internal.ui.util,AbstractOverlayIcon,drawTopRight,12,4,1
eclipse.pde.ui-20120217-1437,org.eclipse.pde.internal.ui.util,AbstractOverlayIcon,getSize,3,1,0
eclipse.pde.ui-20120217-1437,org.eclipse.pde.internal.ui.util,ChoicePropertyDescriptor,ChoicePropertyDescriptor,4,1,3
eclipse.pde.ui-20120217-1437,org.eclipse.pde.internal.ui.util,ChoicePropertyDescriptor,createPropertyEditor,5,2,1
eclipse.pde.ui-20120217-1437,org.eclipse.pde.internal.ui.util,FileExtensionFilter,FileExtensionFilter,3,1,1
eclipse.pde.ui-20120217-1437,org.eclipse.pde.internal.ui.util,FileExtensionFilter,select,17,6,3
eclipse.pde.ui-20120217-1437,org.eclipse.pde.internal.ui.util,FileExtensionsFilter,FileExtensionsFilter,3,1,0
eclipse.pde.ui-20120217-1437,org.eclipse.pde.internal.ui.util,FileExtensionsFilter,select,9,3,3
eclipse.pde.ui-20120217-1437,org.eclipse.pde.internal.ui.util,FileExtensionsFilter,processContainer,16,4,3
eclipse.pde.ui-20120217-1437,org.eclipse.pde.internal.ui.util,FileExtensionsFilter,processFile,13,3,1
eclipse.pde.ui-20120217-1437,org.eclipse.pde.internal.ui.util,FileExtensionsFilter,addFileExtension,3,1,1
eclipse.pde.ui-20120217-1437,org.eclipse.pde.internal.ui.util,FileNameFilter,FileNameFilter,3,1,1
eclipse.pde.ui-20120217-1437,org.eclipse.pde.internal.ui.util,FileNameFilter,select,17,6,3
eclipse.pde.ui-20120217-1437,org.eclipse.pde.internal.ui.util,FileValidator,validate,6,2,1
eclipse.pde.ui-20120217-1437,org.eclipse.pde.internal.ui.util,ImageOverlayIcon,ImageOverlayIcon,3,1,2
eclipse.pde.ui-20120217-1437,org.eclipse.pde.internal.ui.util,ImageOverlayIcon,ImageOverlayIcon,4,1,3
eclipse.pde.ui-20120217-1437,org.eclipse.pde.internal.ui.util,ImageOverlayIcon,getBaseImageData,3,1,0
eclipse.pde.ui-20120217-1437,org.eclipse.pde.internal.ui.util,LocaleUtil,getLocales,13,2,0
eclipse.pde.ui-20120217-1437,org.eclipse.pde.internal.ui.util,LocaleUtil,expandLocaleName,11,4,1
eclipse.pde.ui-20120217-1437,org.eclipse.pde.internal.ui.util,LocaleUtil,trimLocalization,8,3,1
eclipse.pde.ui-20120217-1437,org.eclipse.pde.internal.ui.util,ModelModification,ModelModification,3,1,1
eclipse.pde.ui-20120217-1437,org.eclipse.pde.internal.ui.util,ModelModification,ModelModification,3,1,2
eclipse.pde.ui-20120217-1437,org.eclipse.pde.internal.ui.util,ModelModification,ModelModification,8,5,1
eclipse.pde.ui-20120217-1437,org.eclipse.pde.internal.ui.util,ModelModification,singleFileModification,7,4,1
eclipse.pde.ui-20120217-1437,org.eclipse.pde.internal.ui.util,ModelModification,createFullBundleModification,7,1,2
eclipse.pde.ui-20120217-1437,org.eclipse.pde.internal.ui.util,ModelModification,assignFile,7,5,1
eclipse.pde.ui-20120217-1437,org.eclipse.pde.internal.ui.util,ModelModification,modifyModel,0,1,2
eclipse.pde.ui-20120217-1437,org.eclipse.pde.internal.ui.util,ModelModification,getFile,3,1,0
eclipse.pde.ui-20120217-1437,org.eclipse.pde.internal.ui.util,ModelModification,getManifestFile,3,1,0
eclipse.pde.ui-20120217-1437,org.eclipse.pde.internal.ui.util,ModelModification,getXMLFile,3,1,0
eclipse.pde.ui-20120217-1437,org.eclipse.pde.internal.ui.util,ModelModification,getPropertiesFile,3,1,0
eclipse.pde.ui-20120217-1437,org.eclipse.pde.internal.ui.util,ModelModification,isFullBundleModification,3,1,0
eclipse.pde.ui-20120217-1437,org.eclipse.pde.internal.ui.util,ModelModification,saveOpenEditor,3,1,0
eclipse.pde.ui-20120217-1437,org.eclipse.pde.internal.ui.util,OSGiConsole,OSGiConsole,15,1,1
eclipse.pde.ui-20120217-1437,org.eclipse.pde.internal.ui.util,OSGiConsole,getOutput,3,1,0
eclipse.pde.ui-20120217-1437,org.eclipse.pde.internal.ui.util,OSGiConsole,getInput,3,1,0
eclipse.pde.ui-20120217-1437,org.eclipse.pde.internal.ui.util,OSGiConsole,doClose,3,1,0
eclipse.pde.ui-20120217-1437,org.eclipse.pde.internal.ui.util,OSGiConsole,init,19,1,0
eclipse.pde.ui-20120217-1437,org.eclipse.pde.internal.ui.util,OSGiConsole,dispose,3,1,0
eclipse.pde.ui-20120217-1437,org.eclipse.pde.internal.ui.util,OSGiConsoleFactory,OSGiConsoleFactory,3,1,0
eclipse.pde.ui-20120217-1437,org.eclipse.pde.internal.ui.util,OSGiConsoleFactory,openConsole,10,4,0
eclipse.pde.ui-20120217-1437,org.eclipse.pde.internal.ui.util,OSGiConsoleFactory,getConsole,5,2,0
eclipse.pde.ui-20120217-1437,org.eclipse.pde.internal.ui.util,OSGiConsoleFactory,closeConsole,7,2,1
eclipse.pde.ui-20120217-1437,org.eclipse.pde.internal.ui.util,OSGiConsolePageParticipant,getAdapter,3,1,1
eclipse.pde.ui-20120217-1437,org.eclipse.pde.internal.ui.util,OSGiConsolePageParticipant,init,5,1,2
eclipse.pde.ui-20120217-1437,org.eclipse.pde.internal.ui.util,OSGiConsolePageParticipant,dispose,3,1,0
eclipse.pde.ui-20120217-1437,org.eclipse.pde.internal.ui.util,OSGiConsolePageParticipant,activated,2,1,0
eclipse.pde.ui-20120217-1437,org.eclipse.pde.internal.ui.util,OSGiConsolePageParticipant,deactivated,2,1,0
eclipse.pde.ui-20120217-1437,org.eclipse.pde.internal.ui.util,OverlayIcon,OverlayIcon,3,1,2
eclipse.pde.ui-20120217-1437,org.eclipse.pde.internal.ui.util,OverlayIcon,OverlayIcon,5,2,3
eclipse.pde.ui-20120217-1437,org.eclipse.pde.internal.ui.util,OverlayIcon,getBaseImageData,3,1,0
eclipse.pde.ui-20120217-1437,org.eclipse.pde.internal.ui.util,PDEJavaHelperUI,selectType,15,3,2
eclipse.pde.ui-20120217-1437,org.eclipse.pde.internal.ui.util,PDEJavaHelperUI,selectType,22,6,4
eclipse.pde.ui-20120217-1437,org.eclipse.pde.internal.ui.util,PDEJavaHelperUI,createClass,53,9,4
eclipse.pde.ui-20120217-1437,org.eclipse.pde.internal.ui.util,PDEJavaHelperUI,getOSGIConstantJavaDoc,3,1,2
eclipse.pde.ui-20120217-1437,org.eclipse.pde.internal.ui.util,PDEJavaHelperUI,getJavaDoc,25,6,3
eclipse.pde.ui-20120217-1437,org.eclipse.pde.internal.ui.util,PDEJavaHelperUI,formatJavaDoc,7,1,1
eclipse.pde.ui-20120217-1437,org.eclipse.pde.internal.ui.util,PDEJavaHelperUI,getString,12,2,1
eclipse.pde.ui-20120217-1437,org.eclipse.pde.internal.ui.util,PDEJavaHelperUI,addTypeFieldAssistToText,27,2,3
eclipse.pde.ui-20120217-1437,org.eclipse.pde.internal.ui.util,PDELabelUtility,getFieldLabel,30,8,1
eclipse.pde.ui-20120217-1437,org.eclipse.pde.internal.ui.util,PDELabelUtility,qualifyMessage,8,1,2
eclipse.pde.ui-20120217-1437,org.eclipse.pde.internal.ui.util,PDELabelUtility,addNumberToBase,17,7,3
eclipse.pde.ui-20120217-1437,org.eclipse.pde.internal.ui.util,PDELabelUtility,compareTitleWithBase,44,12,4
eclipse.pde.ui-20120217-1437,org.eclipse.pde.internal.ui.util,PDELabelUtility,generateName,3,1,2
eclipse.pde.ui-20120217-1437,org.eclipse.pde.internal.ui.util,PDELabelUtility,generateName,9,2,3
eclipse.pde.ui-20120217-1437,org.eclipse.pde.internal.ui.util,PDELabelUtility,getBaseName,13,6,2
eclipse.pde.ui-20120217-1437,org.eclipse.pde.internal.ui.util,PDEModelUtility,connect,13,4,1
eclipse.pde.ui-20120217-1437,org.eclipse.pde.internal.ui.util,PDEModelUtility,disconnect,16,6,1
eclipse.pde.ui-20120217-1437,org.eclipse.pde.internal.ui.util,PDEModelUtility,getOpenManifestEditor,3,1,1
eclipse.pde.ui-20120217-1437,org.eclipse.pde.internal.ui.util,PDEModelUtility,getOpenBuildPropertiesEditor,3,1,1
eclipse.pde.ui-20120217-1437,org.eclipse.pde.internal.ui.util,PDEModelUtility,getOpenUpdateSiteEditor,3,1,1
eclipse.pde.ui-20120217-1437,org.eclipse.pde.internal.ui.util,PDEModelUtility,getOpenEditor,9,4,2
eclipse.pde.ui-20120217-1437,org.eclipse.pde.internal.ui.util,PDEModelUtility,getOpenSchemaEditor,3,1,1
eclipse.pde.ui-20120217-1437,org.eclipse.pde.internal.ui.util,PDEModelUtility,getOpenEditor,27,7,3
eclipse.pde.ui-20120217-1437,org.eclipse.pde.internal.ui.util,PDEModelUtility,getActivePluginModel,8,3,0
eclipse.pde.ui-20120217-1437,org.eclipse.pde.internal.ui.util,PDEModelUtility,getOpenModel,18,7,1
eclipse.pde.ui-20120217-1437,org.eclipse.pde.internal.ui.util,PDEModelUtility,modifyModel,11,3,2
eclipse.pde.ui-20120217-1437,org.eclipse.pde.internal.ui.util,PDEModelUtility,changesForModelModication,12,3,2
eclipse.pde.ui-20120217-1437,org.eclipse.pde.internal.ui.util,PDEModelUtility,run,3,2,0
eclipse.pde.ui-20120217-1437,org.eclipse.pde.internal.ui.util,PDEModelUtility,generateModelEdits,77,15,3
eclipse.pde.ui-20120217-1437,org.eclipse.pde.internal.ui.util,PDEModelUtility,setChangeTextType,6,2,2
eclipse.pde.ui-20120217-1437,org.eclipse.pde.internal.ui.util,PDEModelUtility,modifyEditorModel,20,5,4
eclipse.pde.ui-20120217-1437,org.eclipse.pde.internal.ui.util,PDEModelUtility,run,15,5,0
eclipse.pde.ui-20120217-1437,org.eclipse.pde.internal.ui.util,PDEModelUtility,getOpenEditor,13,4,1
eclipse.pde.ui-20120217-1437,org.eclipse.pde.internal.ui.util,PDEModelUtility,getModelFromEditor,24,11,2
eclipse.pde.ui-20120217-1437,org.eclipse.pde.internal.ui.util,PDEModelUtility,createListener,6,4,3
eclipse.pde.ui-20120217-1437,org.eclipse.pde.internal.ui.util,PDEModelUtility,prepareAbstractEditingModel,19,5,3
eclipse.pde.ui-20120217-1437,org.eclipse.pde.internal.ui.util,PDEModelUtility,prepareBundlePluginModel,15,4,3
eclipse.pde.ui-20120217-1437,org.eclipse.pde.internal.ui.util,PDEModelUtility,gatherListeners,12,3,1
eclipse.pde.ui-20120217-1437,org.eclipse.pde.internal.ui.util,PDEModelUtility,gatherListener,4,2,1
eclipse.pde.ui-20120217-1437,org.eclipse.pde.internal.ui.util,PDEModelUtility,getDisplay,5,2,0
eclipse.pde.ui-20120217-1437,org.eclipse.pde.internal.ui.util,PersistablePluginObject,PersistablePluginObject,2,1,0
eclipse.pde.ui-20120217-1437,org.eclipse.pde.internal.ui.util,PersistablePluginObject,PersistablePluginObject,3,1,1
eclipse.pde.ui-20120217-1437,org.eclipse.pde.internal.ui.util,PersistablePluginObject,getFactoryId,3,1,0
eclipse.pde.ui-20120217-1437,org.eclipse.pde.internal.ui.util,PersistablePluginObject,saveState,3,1,1
eclipse.pde.ui-20120217-1437,org.eclipse.pde.internal.ui.util,PersistablePluginObject,createElement,3,1,1
eclipse.pde.ui-20120217-1437,org.eclipse.pde.internal.ui.util,PersistablePluginObject,getAdapter,17,7,1
eclipse.pde.ui-20120217-1437,org.eclipse.pde.internal.ui.util,PersistablePluginObject,getResource,5,1,0
eclipse.pde.ui-20120217-1437,org.eclipse.pde.internal.ui.util,PersistablePluginObject,getPluginID,3,1,0
eclipse.pde.ui-20120217-1437,org.eclipse.pde.internal.ui.util,PersistablePluginObject,getPluginContainmentAdapter,4,2,0
eclipse.pde.ui-20120217-1437,org.eclipse.pde.internal.ui.util,PersistablePluginObject,equals,7,2,1
eclipse.pde.ui-20120217-1437,org.eclipse.pde.internal.ui.util,PersistablePluginObject,hashCode,3,1,0
eclipse.pde.ui-20120217-1437,org.eclipse.pde.internal.ui.util,PluginAdapter,adaptElements,14,4,2
eclipse.pde.ui-20120217-1437,org.eclipse.pde.internal.ui.util,PluginAdapter,dispose,2,1,0
eclipse.pde.ui-20120217-1437,org.eclipse.pde.internal.ui.util,PluginContainmentAdapter,PluginContainmentAdapter,3,1,0
eclipse.pde.ui-20120217-1437,org.eclipse.pde.internal.ui.util,PluginContainmentAdapter,contains,5,2,3
eclipse.pde.ui-20120217-1437,org.eclipse.pde.internal.ui.util,PluginWorkingSet,getElements,3,1,1
eclipse.pde.ui-20120217-1437,org.eclipse.pde.internal.ui.util,PluginWorkingSet,getChildren,3,1,1
eclipse.pde.ui-20120217-1437,org.eclipse.pde.internal.ui.util,PluginWorkingSet,getParent,3,1,1
eclipse.pde.ui-20120217-1437,org.eclipse.pde.internal.ui.util,PluginWorkingSet,hasChildren,3,1,1
eclipse.pde.ui-20120217-1437,org.eclipse.pde.internal.ui.util,PluginWorkingSet,WorkingSetLabelProvider,3,1,0
eclipse.pde.ui-20120217-1437,org.eclipse.pde.internal.ui.util,PluginWorkingSet,getText,9,3,1
eclipse.pde.ui-20120217-1437,org.eclipse.pde.internal.ui.util,PluginWorkingSet,getImage,3,1,1
eclipse.pde.ui-20120217-1437,org.eclipse.pde.internal.ui.util,PluginWorkingSet,dispose,4,1,0
eclipse.pde.ui-20120217-1437,org.eclipse.pde.internal.ui.util,PluginWorkingSet,CheckboxFilteredTree,3,1,3
eclipse.pde.ui-20120217-1437,org.eclipse.pde.internal.ui.util,PluginWorkingSet,doCreateTreeViewer,3,1,2
eclipse.pde.ui-20120217-1437,org.eclipse.pde.internal.ui.util,PluginWorkingSet,getCheckboxTreeViewer,3,1,0
eclipse.pde.ui-20120217-1437,org.eclipse.pde.internal.ui.util,PluginWorkingSet,PluginWorkingSet,4,1,0
eclipse.pde.ui-20120217-1437,org.eclipse.pde.internal.ui.util,PluginWorkingSet,finish,18,4,0
eclipse.pde.ui-20120217-1437,org.eclipse.pde.internal.ui.util,PluginWorkingSet,getSelection,3,1,0
eclipse.pde.ui-20120217-1437,org.eclipse.pde.internal.ui.util,PluginWorkingSet,setSelection,3,1,1
eclipse.pde.ui-20120217-1437,org.eclipse.pde.internal.ui.util,PluginWorkingSet,createControl,68,1,1
eclipse.pde.ui-20120217-1437,org.eclipse.pde.internal.ui.util,PluginWorkingSet,modifyText,3,1,1
eclipse.pde.ui-20120217-1437,org.eclipse.pde.internal.ui.util,PluginWorkingSet,checkStateChanged,3,1,1
eclipse.pde.ui-20120217-1437,org.eclipse.pde.internal.ui.util,PluginWorkingSet,widgetSelected,4,1,1
eclipse.pde.ui-20120217-1437,org.eclipse.pde.internal.ui.util,PluginWorkingSet,widgetSelected,4,1,1
eclipse.pde.ui-20120217-1437,org.eclipse.pde.internal.ui.util,PluginWorkingSet,initialize,20,8,0
eclipse.pde.ui-20120217-1437,org.eclipse.pde.internal.ui.util,PluginWorkingSet,dispose,4,1,0
eclipse.pde.ui-20120217-1437,org.eclipse.pde.internal.ui.util,PluginWorkingSet,validatePage,26,7,0
eclipse.pde.ui-20120217-1437,org.eclipse.pde.internal.ui.util,ContentProvider,getElements,3,1,1
eclipse.pde.ui-20120217-1437,org.eclipse.pde.internal.ui.util,ContentProvider,getChildren,3,1,1
eclipse.pde.ui-20120217-1437,org.eclipse.pde.internal.ui.util,ContentProvider,getParent,3,1,1
eclipse.pde.ui-20120217-1437,org.eclipse.pde.internal.ui.util,ContentProvider,hasChildren,3,1,1
eclipse.pde.ui-20120217-1437,org.eclipse.pde.internal.ui.util,WorkingSetLabelProvider,WorkingSetLabelProvider,3,1,0
eclipse.pde.ui-20120217-1437,org.eclipse.pde.internal.ui.util,WorkingSetLabelProvider,getText,9,3,1
eclipse.pde.ui-20120217-1437,org.eclipse.pde.internal.ui.util,WorkingSetLabelProvider,getImage,3,1,1
eclipse.pde.ui-20120217-1437,org.eclipse.pde.internal.ui.util,WorkingSetLabelProvider,dispose,4,1,0
eclipse.pde.ui-20120217-1437,org.eclipse.pde.internal.ui.util,CheckboxFilteredTree,CheckboxFilteredTree,3,1,3
eclipse.pde.ui-20120217-1437,org.eclipse.pde.internal.ui.util,CheckboxFilteredTree,doCreateTreeViewer,3,1,2
eclipse.pde.ui-20120217-1437,org.eclipse.pde.internal.ui.util,CheckboxFilteredTree,getCheckboxTreeViewer,3,1,0
eclipse.pde.ui-20120217-1437,org.eclipse.pde.internal.ui.util,SWTUtil,getStandardDisplay,6,2,0
eclipse.pde.ui-20120217-1437,org.eclipse.pde.internal.ui.util,SWTUtil,getShell,9,7,1
eclipse.pde.ui-20120217-1437,org.eclipse.pde.internal.ui.util,SWTUtil,getButtonWidthHint,6,2,1
eclipse.pde.ui-20120217-1437,org.eclipse.pde.internal.ui.util,SWTUtil,setButtonDimensionHint,8,2,1
eclipse.pde.ui-20120217-1437,org.eclipse.pde.internal.ui.util,SWTUtil,setDialogSize,6,1,3
eclipse.pde.ui-20120217-1437,org.eclipse.pde.internal.ui.util,SharedLabelProvider,SharedLabelProvider,2,1,0
eclipse.pde.ui-20120217-1437,org.eclipse.pde.internal.ui.util,SharedLabelProvider,connect,3,2,1
eclipse.pde.ui-20120217-1437,org.eclipse.pde.internal.ui.util,SharedLabelProvider,disconnect,6,2,1
eclipse.pde.ui-20120217-1437,org.eclipse.pde.internal.ui.util,SharedLabelProvider,dispose,12,4,0
eclipse.pde.ui-20120217-1437,org.eclipse.pde.internal.ui.util,SharedLabelProvider,get,3,1,1
eclipse.pde.ui-20120217-1437,org.eclipse.pde.internal.ui.util,SharedLabelProvider,get,12,3,2
eclipse.pde.ui-20120217-1437,org.eclipse.pde.internal.ui.util,SharedLabelProvider,get,10,3,2
eclipse.pde.ui-20120217-1437,org.eclipse.pde.internal.ui.util,SharedLabelProvider,getKey,3,1,2
eclipse.pde.ui-20120217-1437,org.eclipse.pde.internal.ui.util,SharedLabelProvider,createImage,11,2,2
eclipse.pde.ui-20120217-1437,org.eclipse.pde.internal.ui.util,SharedLabelProvider,createImage,11,2,2
eclipse.pde.ui-20120217-1437,org.eclipse.pde.internal.ui.util,SharedLabelProvider,getLowerLeftOverlays,5,3,1
eclipse.pde.ui-20120217-1437,org.eclipse.pde.internal.ui.util,SharedLabelProvider,getUpperRightOverlays,6,4,1
eclipse.pde.ui-20120217-1437,org.eclipse.pde.internal.ui.util,SharedLabelProvider,getLowerRightOverlays,8,6,1
eclipse.pde.ui-20120217-1437,org.eclipse.pde.internal.ui.util,SharedLabelProvider,getUpperLeftOverlays,5,3,1
eclipse.pde.ui-20120217-1437,org.eclipse.pde.internal.ui.util,SharedLabelProvider,getColumnText,3,1,2
eclipse.pde.ui-20120217-1437,org.eclipse.pde.internal.ui.util,SharedLabelProvider,getColumnImage,3,1,2
eclipse.pde.ui-20120217-1437,org.eclipse.pde.internal.ui.util,SharedLabelProvider,getImageFromPlugin,4,1,2
eclipse.pde.ui-20120217-1437,org.eclipse.pde.internal.ui.util,SharedLabelProvider,getImageFromPlugin,56,15,2
eclipse.pde.ui-20120217-1437,org.eclipse.pde.internal.ui.util,SharedLabelProvider,getBlankImage,4,2,0
eclipse.pde.ui-20120217-1437,org.eclipse.pde.internal.ui.util,SourcePluginFilter,SourcePluginFilter,3,1,0
eclipse.pde.ui-20120217-1437,org.eclipse.pde.internal.ui.util,SourcePluginFilter,SourcePluginFilter,3,1,1
eclipse.pde.ui-20120217-1437,org.eclipse.pde.internal.ui.util,SourcePluginFilter,setState,3,1,1
eclipse.pde.ui-20120217-1437,org.eclipse.pde.internal.ui.util,SourcePluginFilter,select,13,4,3
eclipse.pde.ui-20120217-1437,org.eclipse.pde.internal.ui.util,StringMatcher,Position,4,1,2
eclipse.pde.ui-20120217-1437,org.eclipse.pde.internal.ui.util,StringMatcher,getStart,3,1,0
eclipse.pde.ui-20120217-1437,org.eclipse.pde.internal.ui.util,StringMatcher,getEnd,3,1,0
eclipse.pde.ui-20120217-1437,org.eclipse.pde.internal.ui.util,StringMatcher,StringMatcher,13,3,3
eclipse.pde.ui-20120217-1437,org.eclipse.pde.internal.ui.util,StringMatcher,find,27,13,3
eclipse.pde.ui-20120217-1437,org.eclipse.pde.internal.ui.util,StringMatcher,match,3,1,1
eclipse.pde.ui-20120217-1437,org.eclipse.pde.internal.ui.util,StringMatcher,match,48,18,3
eclipse.pde.ui-20120217-1437,org.eclipse.pde.internal.ui.util,StringMatcher,parseNoWildCards,5,1,0
eclipse.pde.ui-20120217-1437,org.eclipse.pde.internal.ui.util,StringMatcher,parseWildCards,49,12,0
eclipse.pde.ui-20120217-1437,org.eclipse.pde.internal.ui.util,StringMatcher,posIn,12,5,3
eclipse.pde.ui-20120217-1437,org.eclipse.pde.internal.ui.util,StringMatcher,regExpPosIn,8,3,4
eclipse.pde.ui-20120217-1437,org.eclipse.pde.internal.ui.util,StringMatcher,regExpRegionMatches,18,8,5
eclipse.pde.ui-20120217-1437,org.eclipse.pde.internal.ui.util,StringMatcher,textPosIn,13,5,4
eclipse.pde.ui-20120217-1437,org.eclipse.pde.internal.ui.util,Position,Position,4,1,2
eclipse.pde.ui-20120217-1437,org.eclipse.pde.internal.ui.util,Position,getStart,3,1,0
eclipse.pde.ui-20120217-1437,org.eclipse.pde.internal.ui.util,Position,getEnd,3,1,0
eclipse.pde.ui-20120217-1437,org.eclipse.pde.internal.ui.util,TemplateFileGenerator,TemplateFileGenerator,8,1,6
eclipse.pde.ui-20120217-1437,org.eclipse.pde.internal.ui.util,TemplateFileGenerator,generateFiles,8,2,1
eclipse.pde.ui-20120217-1437,org.eclipse.pde.internal.ui.util,TemplateFileGenerator,getTemplateLocation,18,4,0
eclipse.pde.ui-20120217-1437,org.eclipse.pde.internal.ui.util,TemplateFileGenerator,generateFiles,54,8,2
eclipse.pde.ui-20120217-1437,org.eclipse.pde.internal.ui.util,TemplateFileGenerator,generateFiles,47,13,5
eclipse.pde.ui-20120217-1437,org.eclipse.pde.internal.ui.util,TemplateFileGenerator,copyFile,17,2,5
eclipse.pde.ui-20120217-1437,org.eclipse.pde.internal.ui.util,TemplateFileGenerator,generateFiles,68,17,6
eclipse.pde.ui-20120217-1437,org.eclipse.pde.internal.ui.util,TemplateFileGenerator,isOkToCreateFolder,11,3,1
eclipse.pde.ui-20120217-1437,org.eclipse.pde.internal.ui.util,TemplateFileGenerator,isOkToCreateFile,34,11,1
eclipse.pde.ui-20120217-1437,org.eclipse.pde.internal.ui.util,TemplateFileGenerator,getSourceFolder,18,4,1
eclipse.pde.ui-20120217-1437,org.eclipse.pde.internal.ui.util,TemplateFileGenerator,getValue,3,1,1
eclipse.pde.ui-20120217-1437,org.eclipse.pde.internal.ui.util,TemplateFileGenerator,generateJavaSourceFolder,13,5,2
eclipse.pde.ui-20120217-1437,org.eclipse.pde.internal.ui.util,TemplateFileGenerator,getProcessedString,24,6,2
eclipse.pde.ui-20120217-1437,org.eclipse.pde.internal.ui.util,TemplateFileGenerator,getReplacementString,4,1,2
eclipse.pde.ui-20120217-1437,org.eclipse.pde.internal.ui.util,TemplateFileGenerator,getKeyValue,26,8,1
eclipse.pde.ui-20120217-1437,org.eclipse.pde.internal.ui.util,TemplateFileGenerator,getProcessedStream,74,14,3
eclipse.pde.ui-20120217-1437,org.eclipse.pde.internal.ui.util,TemplateFileGenerator,getDirectoryCandidates,9,5,0
eclipse.pde.ui-20120217-1437,org.eclipse.pde.internal.ui.util,TemplateFileGenerator,getSectionId,3,1,0
eclipse.pde.ui-20120217-1437,org.eclipse.pde.internal.ui.util,TemplateFileGenerator,getTargetVersion,9,2,0
eclipse.pde.ui-20120217-1437,org.eclipse.pde.internal.ui.util,TextUtil,createMultiLine,3,1,2
eclipse.pde.ui-20120217-1437,org.eclipse.pde.internal.ui.util,TextUtil,createMultiLine,46,13,3
eclipse.pde.ui-20120217-1437,org.eclipse.pde.internal.ui.util,TextUtil,isParagraph,7,5,2
eclipse.pde.ui-20120217-1437,org.eclipse.pde.internal.ui.util,TextUtil,isPreEnd,10,8,2
eclipse.pde.ui-20120217-1437,org.eclipse.pde.internal.ui.util,TextUtil,isPreStart,9,7,2
eclipse.pde.ui-20120217-1437,org.eclipse.pde.internal.ui.util,TextUtil,getJavaDocStyleSheerURL,15,3,0
eclipse.pde.ui-20120217-1437,org.eclipse.pde.internal.ui.util,TextUtil,trimNonAlphaChars,8,4,1
eclipse.pde.ui-20120217-1437,org.eclipse.pde.internal.ui.views.dependencies,CalleesContentProvider,CalleesContentProvider,3,1,1
eclipse.pde.ui-20120217-1437,org.eclipse.pde.internal.ui.views.dependencies,CalleesContentProvider,findCallees,29,9,1
eclipse.pde.ui-20120217-1437,org.eclipse.pde.internal.ui.views.dependencies,CalleesContentProvider,findCallees,4,2,1
eclipse.pde.ui-20120217-1437,org.eclipse.pde.internal.ui.views.dependencies,CalleesContentProvider,getDependencies,30,10,1
eclipse.pde.ui-20120217-1437,org.eclipse.pde.internal.ui.views.dependencies,CalleesListContentProvider,CalleesListContentProvider,3,1,1
eclipse.pde.ui-20120217-1437,org.eclipse.pde.internal.ui.views.dependencies,CalleesListContentProvider,setShowOptional,3,1,1
eclipse.pde.ui-20120217-1437,org.eclipse.pde.internal.ui.views.dependencies,CalleesListContentProvider,getShowOptional,3,1,0
eclipse.pde.ui-20120217-1437,org.eclipse.pde.internal.ui.views.dependencies,CalleesListContentProvider,getElements,38,13,1
eclipse.pde.ui-20120217-1437,org.eclipse.pde.internal.ui.views.dependencies,CalleesTreeContentProvider,CalleesTreeContentProvider,3,1,1
eclipse.pde.ui-20120217-1437,org.eclipse.pde.internal.ui.views.dependencies,CalleesTreeContentProvider,getChildren,18,6,1
eclipse.pde.ui-20120217-1437,org.eclipse.pde.internal.ui.views.dependencies,CalleesTreeContentProvider,getElements,6,2,1
eclipse.pde.ui-20120217-1437,org.eclipse.pde.internal.ui.views.dependencies,CalleesTreeContentProvider,getParent,3,1,1
eclipse.pde.ui-20120217-1437,org.eclipse.pde.internal.ui.views.dependencies,CalleesTreeContentProvider,hasChildren,3,1,1
eclipse.pde.ui-20120217-1437,org.eclipse.pde.internal.ui.views.dependencies,CallersContentProvider,CallersContentProvider,3,1,1
eclipse.pde.ui-20120217-1437,org.eclipse.pde.internal.ui.views.dependencies,CallersContentProvider,findReferences,9,3,1
eclipse.pde.ui-20120217-1437,org.eclipse.pde.internal.ui.views.dependencies,CallersListContentProvider,CallersListContentProvider,3,1,1
eclipse.pde.ui-20120217-1437,org.eclipse.pde.internal.ui.views.dependencies,CallersListContentProvider,getElements,29,7,1
eclipse.pde.ui-20120217-1437,org.eclipse.pde.internal.ui.views.dependencies,CallersTreeContentProvider,CallersTreeContentProvider,3,1,1
eclipse.pde.ui-20120217-1437,org.eclipse.pde.internal.ui.views.dependencies,CallersTreeContentProvider,getChildren,12,4,1
eclipse.pde.ui-20120217-1437,org.eclipse.pde.internal.ui.views.dependencies,CallersTreeContentProvider,getElements,6,2,1
eclipse.pde.ui-20120217-1437,org.eclipse.pde.internal.ui.views.dependencies,CallersTreeContentProvider,getParent,3,1,1
eclipse.pde.ui-20120217-1437,org.eclipse.pde.internal.ui.views.dependencies,CallersTreeContentProvider,hasChildren,3,1,1
eclipse.pde.ui-20120217-1437,org.eclipse.pde.internal.ui.views.dependencies,DependenciesLabelProvider,DependenciesLabelProvider,6,1,1
eclipse.pde.ui-20120217-1437,org.eclipse.pde.internal.ui.views.dependencies,DependenciesLabelProvider,dispose,4,1,0
eclipse.pde.ui-20120217-1437,org.eclipse.pde.internal.ui.views.dependencies,DependenciesLabelProvider,getText,24,9,1
eclipse.pde.ui-20120217-1437,org.eclipse.pde.internal.ui.views.dependencies,DependenciesLabelProvider,getObjectText,5,1,1
eclipse.pde.ui-20120217-1437,org.eclipse.pde.internal.ui.views.dependencies,DependenciesLabelProvider,getImage,54,25,1
eclipse.pde.ui-20120217-1437,org.eclipse.pde.internal.ui.views.dependencies,DependenciesView,addPropertyListener,2,1,1
eclipse.pde.ui-20120217-1437,org.eclipse.pde.internal.ui.views.dependencies,DependenciesView,createPartControl,2,1,1
eclipse.pde.ui-20120217-1437,org.eclipse.pde.internal.ui.views.dependencies,DependenciesView,dispose,2,1,0
eclipse.pde.ui-20120217-1437,org.eclipse.pde.internal.ui.views.dependencies,DependenciesView,getAdapter,3,1,1
eclipse.pde.ui-20120217-1437,org.eclipse.pde.internal.ui.views.dependencies,DependenciesView,getSite,3,1,0
eclipse.pde.ui-20120217-1437,org.eclipse.pde.internal.ui.views.dependencies,DependenciesView,getTitle,3,1,0
eclipse.pde.ui-20120217-1437,org.eclipse.pde.internal.ui.views.dependencies,DependenciesView,getTitleImage,3,1,0
eclipse.pde.ui-20120217-1437,org.eclipse.pde.internal.ui.views.dependencies,DependenciesView,getTitleToolTip,3,1,0
eclipse.pde.ui-20120217-1437,org.eclipse.pde.internal.ui.views.dependencies,DependenciesView,removePropertyListener,2,1,1
eclipse.pde.ui-20120217-1437,org.eclipse.pde.internal.ui.views.dependencies,DependenciesView,setFocus,2,1,0
eclipse.pde.ui-20120217-1437,org.eclipse.pde.internal.ui.views.dependencies,DependenciesView,ShowLoopsAction,9,1,0
eclipse.pde.ui-20120217-1437,org.eclipse.pde.internal.ui.views.dependencies,DependenciesView,run,4,1,0
eclipse.pde.ui-20120217-1437,org.eclipse.pde.internal.ui.views.dependencies,DependenciesView,ShowCalleesAction,8,1,0
eclipse.pde.ui-20120217-1437,org.eclipse.pde.internal.ui.views.dependencies,DependenciesView,run,6,2,0
eclipse.pde.ui-20120217-1437,org.eclipse.pde.internal.ui.views.dependencies,DependenciesView,ShowCallersAction,8,1,0
eclipse.pde.ui-20120217-1437,org.eclipse.pde.internal.ui.views.dependencies,DependenciesView,run,6,2,0
eclipse.pde.ui-20120217-1437,org.eclipse.pde.internal.ui.views.dependencies,DependenciesView,ShowListAction,8,1,0
eclipse.pde.ui-20120217-1437,org.eclipse.pde.internal.ui.views.dependencies,DependenciesView,run,6,2,0
eclipse.pde.ui-20120217-1437,org.eclipse.pde.internal.ui.views.dependencies,DependenciesView,ShowTreeAction,8,1,0
eclipse.pde.ui-20120217-1437,org.eclipse.pde.internal.ui.views.dependencies,DependenciesView,run,6,2,0
eclipse.pde.ui-20120217-1437,org.eclipse.pde.internal.ui.views.dependencies,DependenciesView,DependenciesView,7,1,0
eclipse.pde.ui-20120217-1437,org.eclipse.pde.internal.ui.views.dependencies,DependenciesView,contributeToActionBars,4,1,1
eclipse.pde.ui-20120217-1437,org.eclipse.pde.internal.ui.views.dependencies,DependenciesView,contributeToLocalToolBar,12,1,1
eclipse.pde.ui-20120217-1437,org.eclipse.pde.internal.ui.views.dependencies,DependenciesView,createDefaultPage,3,1,1
eclipse.pde.ui-20120217-1437,org.eclipse.pde.internal.ui.views.dependencies,DependenciesView,getDefaultPart,12,4,0
eclipse.pde.ui-20120217-1437,org.eclipse.pde.internal.ui.views.dependencies,DependenciesView,createPage,23,5,1
eclipse.pde.ui-20120217-1437,org.eclipse.pde.internal.ui.views.dependencies,DependenciesView,createPartControl,18,1,1
eclipse.pde.ui-20120217-1437,org.eclipse.pde.internal.ui.views.dependencies,DependenciesView,doCreatePage,10,3,1
eclipse.pde.ui-20120217-1437,org.eclipse.pde.internal.ui.views.dependencies,DependenciesView,doDestroyPage,6,1,2
eclipse.pde.ui-20120217-1437,org.eclipse.pde.internal.ui.views.dependencies,DependenciesView,getBootstrapPart,3,1,0
eclipse.pde.ui-20120217-1437,org.eclipse.pde.internal.ui.views.dependencies,DependenciesView,init,13,4,2
eclipse.pde.ui-20120217-1437,org.eclipse.pde.internal.ui.views.dependencies,DependenciesView,isImportant,3,1,1
eclipse.pde.ui-20120217-1437,org.eclipse.pde.internal.ui.views.dependencies,DependenciesView,openTo,9,3,1
eclipse.pde.ui-20120217-1437,org.eclipse.pde.internal.ui.views.dependencies,DependenciesView,openCallersFor,8,2,1
eclipse.pde.ui-20120217-1437,org.eclipse.pde.internal.ui.views.dependencies,DependenciesView,openCalleesFor,8,2,1
eclipse.pde.ui-20120217-1437,org.eclipse.pde.internal.ui.views.dependencies,DependenciesView,updateInput,5,1,1
eclipse.pde.ui-20120217-1437,org.eclipse.pde.internal.ui.views.dependencies,DependenciesView,findLoops,16,4,0
eclipse.pde.ui-20120217-1437,org.eclipse.pde.internal.ui.views.dependencies,DependenciesView,run,7,2,0
eclipse.pde.ui-20120217-1437,org.eclipse.pde.internal.ui.views.dependencies,DependenciesView,saveState,7,2,1
eclipse.pde.ui-20120217-1437,org.eclipse.pde.internal.ui.views.dependencies,DependenciesView,setPresentation,19,6,1
eclipse.pde.ui-20120217-1437,org.eclipse.pde.internal.ui.views.dependencies,DependenciesView,setViewType,19,6,1
eclipse.pde.ui-20120217-1437,org.eclipse.pde.internal.ui.views.dependencies,DependenciesView,showPageRec,22,5,1
eclipse.pde.ui-20120217-1437,org.eclipse.pde.internal.ui.views.dependencies,DependenciesView,updateTitle,25,7,1
eclipse.pde.ui-20120217-1437,org.eclipse.pde.internal.ui.views.dependencies,DependenciesView,updateTitle,4,1,1
eclipse.pde.ui-20120217-1437,org.eclipse.pde.internal.ui.views.dependencies,DependenciesView,addHistoryEntry,7,3,1
eclipse.pde.ui-20120217-1437,org.eclipse.pde.internal.ui.views.dependencies,DependenciesView,updateHistoryEntries,9,4,0
eclipse.pde.ui-20120217-1437,org.eclipse.pde.internal.ui.views.dependencies,DependenciesView,gotoHistoryEntry,5,2,1
eclipse.pde.ui-20120217-1437,org.eclipse.pde.internal.ui.views.dependencies,DependenciesView,getHistoryEntries,6,2,0
eclipse.pde.ui-20120217-1437,org.eclipse.pde.internal.ui.views.dependencies,DependenciesView,setHistoryEntries,7,2,1
eclipse.pde.ui-20120217-1437,org.eclipse.pde.internal.ui.views.dependencies,DependenciesView,getInput,6,2,0
eclipse.pde.ui-20120217-1437,org.eclipse.pde.internal.ui.views.dependencies,DependenciesView,isShowingCallers,3,1,0
eclipse.pde.ui-20120217-1437,org.eclipse.pde.internal.ui.views.dependencies,DependenciesView,enableStateView,6,2,1
eclipse.pde.ui-20120217-1437,org.eclipse.pde.internal.ui.views.dependencies,DummyPart,addPropertyListener,2,1,1
eclipse.pde.ui-20120217-1437,org.eclipse.pde.internal.ui.views.dependencies,DummyPart,createPartControl,2,1,1
eclipse.pde.ui-20120217-1437,org.eclipse.pde.internal.ui.views.dependencies,DummyPart,dispose,2,1,0
eclipse.pde.ui-20120217-1437,org.eclipse.pde.internal.ui.views.dependencies,DummyPart,getAdapter,3,1,1
eclipse.pde.ui-20120217-1437,org.eclipse.pde.internal.ui.views.dependencies,DummyPart,getSite,3,1,0
eclipse.pde.ui-20120217-1437,org.eclipse.pde.internal.ui.views.dependencies,DummyPart,getTitle,3,1,0
eclipse.pde.ui-20120217-1437,org.eclipse.pde.internal.ui.views.dependencies,DummyPart,getTitleImage,3,1,0
eclipse.pde.ui-20120217-1437,org.eclipse.pde.internal.ui.views.dependencies,DummyPart,getTitleToolTip,3,1,0
eclipse.pde.ui-20120217-1437,org.eclipse.pde.internal.ui.views.dependencies,DummyPart,removePropertyListener,2,1,1
eclipse.pde.ui-20120217-1437,org.eclipse.pde.internal.ui.views.dependencies,DummyPart,setFocus,2,1,0
eclipse.pde.ui-20120217-1437,org.eclipse.pde.internal.ui.views.dependencies,ShowLoopsAction,ShowLoopsAction,9,1,0
eclipse.pde.ui-20120217-1437,org.eclipse.pde.internal.ui.views.dependencies,ShowLoopsAction,run,4,1,0
eclipse.pde.ui-20120217-1437,org.eclipse.pde.internal.ui.views.dependencies,ShowCalleesAction,ShowCalleesAction,8,1,0
eclipse.pde.ui-20120217-1437,org.eclipse.pde.internal.ui.views.dependencies,ShowCalleesAction,run,6,2,0
eclipse.pde.ui-20120217-1437,org.eclipse.pde.internal.ui.views.dependencies,ShowCallersAction,ShowCallersAction,8,1,0
eclipse.pde.ui-20120217-1437,org.eclipse.pde.internal.ui.views.dependencies,ShowCallersAction,run,6,2,0
eclipse.pde.ui-20120217-1437,org.eclipse.pde.internal.ui.views.dependencies,ShowListAction,ShowListAction,8,1,0
eclipse.pde.ui-20120217-1437,org.eclipse.pde.internal.ui.views.dependencies,ShowListAction,run,6,2,0
eclipse.pde.ui-20120217-1437,org.eclipse.pde.internal.ui.views.dependencies,ShowTreeAction,ShowTreeAction,8,1,0
eclipse.pde.ui-20120217-1437,org.eclipse.pde.internal.ui.views.dependencies,ShowTreeAction,run,6,2,0
eclipse.pde.ui-20120217-1437,org.eclipse.pde.internal.ui.views.dependencies,DependenciesViewComparator,DependenciesViewComparator,3,1,0
eclipse.pde.ui-20120217-1437,org.eclipse.pde.internal.ui.views.dependencies,DependenciesViewComparator,compare,3,1,3
eclipse.pde.ui-20120217-1437,org.eclipse.pde.internal.ui.views.dependencies,DependenciesViewComparator,getId,12,5,1
eclipse.pde.ui-20120217-1437,org.eclipse.pde.internal.ui.views.dependencies,DependenciesViewComparator,getViewerComparator,4,2,0
eclipse.pde.ui-20120217-1437,org.eclipse.pde.internal.ui.views.dependencies,DependenciesViewListPage,DependenciesViewListPage,3,1,2
eclipse.pde.ui-20120217-1437,org.eclipse.pde.internal.ui.views.dependencies,DependenciesViewListPage,createViewer,14,1,1
eclipse.pde.ui-20120217-1437,org.eclipse.pde.internal.ui.views.dependencies,DependenciesViewListPage,widgetDisposed,3,1,1
eclipse.pde.ui-20120217-1437,org.eclipse.pde.internal.ui.views.dependencies,DependenciesViewListPage,handleShowOptional,6,3,2
eclipse.pde.ui-20120217-1437,org.eclipse.pde.internal.ui.views.dependencies,DependenciesViewListPage,isShowingOptional,6,2,0
eclipse.pde.ui-20120217-1437,org.eclipse.pde.internal.ui.views.dependencies,DependenciesViewPage,run,3,1,0
eclipse.pde.ui-20120217-1437,org.eclipse.pde.internal.ui.views.dependencies,DependenciesViewPage,update,6,1,1
eclipse.pde.ui-20120217-1437,org.eclipse.pde.internal.ui.views.dependencies,DependenciesViewPage,select,18,6,3
eclipse.pde.ui-20120217-1437,org.eclipse.pde.internal.ui.views.dependencies,DependenciesViewPage,DependenciesViewPage,13,2,2
eclipse.pde.ui-20120217-1437,org.eclipse.pde.internal.ui.views.dependencies,DependenciesViewPage,propertyChange,6,2,1
eclipse.pde.ui-20120217-1437,org.eclipse.pde.internal.ui.views.dependencies,DependenciesViewPage,createControl,6,1,1
eclipse.pde.ui-20120217-1437,org.eclipse.pde.internal.ui.views.dependencies,DependenciesViewPage,createViewer,0,1,1
eclipse.pde.ui-20120217-1437,org.eclipse.pde.internal.ui.views.dependencies,DependenciesViewPage,dispose,4,1,0
eclipse.pde.ui-20120217-1437,org.eclipse.pde.internal.ui.views.dependencies,DependenciesViewPage,fillContextMenu,55,16,1
eclipse.pde.ui-20120217-1437,org.eclipse.pde.internal.ui.views.dependencies,DependenciesViewPage,getControl,3,1,0
eclipse.pde.ui-20120217-1437,org.eclipse.pde.internal.ui.views.dependencies,DependenciesViewPage,getSelectedObject,5,2,0
eclipse.pde.ui-20120217-1437,org.eclipse.pde.internal.ui.views.dependencies,DependenciesViewPage,getSelection,3,1,0
eclipse.pde.ui-20120217-1437,org.eclipse.pde.internal.ui.views.dependencies,DependenciesViewPage,setSelection,3,2,1
eclipse.pde.ui-20120217-1437,org.eclipse.pde.internal.ui.views.dependencies,DependenciesViewPage,getView,3,1,0
eclipse.pde.ui-20120217-1437,org.eclipse.pde.internal.ui.views.dependencies,DependenciesViewPage,handleDoubleClick,18,6,0
eclipse.pde.ui-20120217-1437,org.eclipse.pde.internal.ui.views.dependencies,DependenciesViewPage,handleFocusOn,7,2,0
eclipse.pde.ui-20120217-1437,org.eclipse.pde.internal.ui.views.dependencies,DependenciesViewPage,handleFocusOn,28,9,1
eclipse.pde.ui-20120217-1437,org.eclipse.pde.internal.ui.views.dependencies,DependenciesViewPage,hookContextMenu,13,1,0
eclipse.pde.ui-20120217-1437,org.eclipse.pde.internal.ui.views.dependencies,DependenciesViewPage,menuAboutToShow,3,1,1
eclipse.pde.ui-20120217-1437,org.eclipse.pde.internal.ui.views.dependencies,DependenciesViewPage,hookDoubleClickAction,8,1,0
eclipse.pde.ui-20120217-1437,org.eclipse.pde.internal.ui.views.dependencies,DependenciesViewPage,doubleClick,3,1,1
eclipse.pde.ui-20120217-1437,org.eclipse.pde.internal.ui.views.dependencies,DependenciesViewPage,makeActions,38,2,0
eclipse.pde.ui-20120217-1437,org.eclipse.pde.internal.ui.views.dependencies,DependenciesViewPage,run,3,1,0
eclipse.pde.ui-20120217-1437,org.eclipse.pde.internal.ui.views.dependencies,DependenciesViewPage,run,3,1,0
eclipse.pde.ui-20120217-1437,org.eclipse.pde.internal.ui.views.dependencies,DependenciesViewPage,run,6,2,0
eclipse.pde.ui-20120217-1437,org.eclipse.pde.internal.ui.views.dependencies,DependenciesViewPage,run,5,1,0
eclipse.pde.ui-20120217-1437,org.eclipse.pde.internal.ui.views.dependencies,DependenciesViewPage,handleShowOptional,0,1,2
eclipse.pde.ui-20120217-1437,org.eclipse.pde.internal.ui.views.dependencies,DependenciesViewPage,isShowingOptional,0,1,0
eclipse.pde.ui-20120217-1437,org.eclipse.pde.internal.ui.views.dependencies,DependenciesViewPage,makeContributions,7,1,3
eclipse.pde.ui-20120217-1437,org.eclipse.pde.internal.ui.views.dependencies,DependenciesViewPage,setFocus,8,3,0
eclipse.pde.ui-20120217-1437,org.eclipse.pde.internal.ui.views.dependencies,DependenciesViewPage,setInput,3,2,1
eclipse.pde.ui-20120217-1437,org.eclipse.pde.internal.ui.views.dependencies,DependenciesViewPage,enableRename,25,8,1
eclipse.pde.ui-20120217-1437,org.eclipse.pde.internal.ui.views.dependencies,DependenciesViewPage,setActive,32,10,1
eclipse.pde.ui-20120217-1437,org.eclipse.pde.internal.ui.views.dependencies,DependenciesViewPage,contributeToActionBars,5,1,1
eclipse.pde.ui-20120217-1437,org.eclipse.pde.internal.ui.views.dependencies,DependenciesViewPage,contributeToDropDownMenu,9,1,1
eclipse.pde.ui-20120217-1437,org.eclipse.pde.internal.ui.views.dependencies,DependenciesViewPage,getSettings,8,2,0
eclipse.pde.ui-20120217-1437,org.eclipse.pde.internal.ui.views.dependencies,FocusOnSelectionAction,run,3,1,0
eclipse.pde.ui-20120217-1437,org.eclipse.pde.internal.ui.views.dependencies,FocusOnSelectionAction,update,6,1,1
eclipse.pde.ui-20120217-1437,org.eclipse.pde.internal.ui.views.dependencies,FragmentFilter,select,18,6,3
eclipse.pde.ui-20120217-1437,org.eclipse.pde.internal.ui.views.dependencies,DependenciesViewPageContentProvider,DependenciesViewPageContentProvider,4,1,1
eclipse.pde.ui-20120217-1437,org.eclipse.pde.internal.ui.views.dependencies,DependenciesViewPageContentProvider,attachModelListener,3,1,0
eclipse.pde.ui-20120217-1437,org.eclipse.pde.internal.ui.views.dependencies,DependenciesViewPageContentProvider,removeModelListener,3,1,0
eclipse.pde.ui-20120217-1437,org.eclipse.pde.internal.ui.views.dependencies,DependenciesViewPageContentProvider,dispose,3,1,0
eclipse.pde.ui-20120217-1437,org.eclipse.pde.internal.ui.views.dependencies,DependenciesViewPageContentProvider,handleModifiedModels,15,5,1
eclipse.pde.ui-20120217-1437,org.eclipse.pde.internal.ui.views.dependencies,DependenciesViewPageContentProvider,modelExists,9,4,2
eclipse.pde.ui-20120217-1437,org.eclipse.pde.internal.ui.views.dependencies,DependenciesViewPageContentProvider,inputChanged,4,1,3
eclipse.pde.ui-20120217-1437,org.eclipse.pde.internal.ui.views.dependencies,DependenciesViewPageContentProvider,modelsChanged,24,6,1
eclipse.pde.ui-20120217-1437,org.eclipse.pde.internal.ui.views.dependencies,DependenciesViewPageContentProvider,run,18,5,0
eclipse.pde.ui-20120217-1437,org.eclipse.pde.internal.ui.views.dependencies,DependenciesViewTreePage,CollapseAllAction,8,1,0
eclipse.pde.ui-20120217-1437,org.eclipse.pde.internal.ui.views.dependencies,DependenciesViewTreePage,run,4,1,0
eclipse.pde.ui-20120217-1437,org.eclipse.pde.internal.ui.views.dependencies,DependenciesViewTreePage,select,7,3,3
eclipse.pde.ui-20120217-1437,org.eclipse.pde.internal.ui.views.dependencies,DependenciesViewTreePage,DependenciesViewTreePage,3,1,2
eclipse.pde.ui-20120217-1437,org.eclipse.pde.internal.ui.views.dependencies,DependenciesViewTreePage,createViewer,14,1,1
eclipse.pde.ui-20120217-1437,org.eclipse.pde.internal.ui.views.dependencies,DependenciesViewTreePage,widgetDisposed,3,1,1
eclipse.pde.ui-20120217-1437,org.eclipse.pde.internal.ui.views.dependencies,DependenciesViewTreePage,makeContributions,5,2,3
eclipse.pde.ui-20120217-1437,org.eclipse.pde.internal.ui.views.dependencies,DependenciesViewTreePage,handleShowOptional,4,2,2
eclipse.pde.ui-20120217-1437,org.eclipse.pde.internal.ui.views.dependencies,DependenciesViewTreePage,isShowingOptional,5,3,0
eclipse.pde.ui-20120217-1437,org.eclipse.pde.internal.ui.views.dependencies,CollapseAllAction,CollapseAllAction,8,1,0
eclipse.pde.ui-20120217-1437,org.eclipse.pde.internal.ui.views.dependencies,CollapseAllAction,run,4,1,0
eclipse.pde.ui-20120217-1437,org.eclipse.pde.internal.ui.views.dependencies,OptionalFilter,select,7,3,3
eclipse.pde.ui-20120217-1437,org.eclipse.pde.internal.ui.views.dependencies,HistoryAction,ImageImageDescriptor,4,1,1
eclipse.pde.ui-20120217-1437,org.eclipse.pde.internal.ui.views.dependencies,HistoryAction,equals,3,1,1
eclipse.pde.ui-20120217-1437,org.eclipse.pde.internal.ui.views.dependencies,HistoryAction,getImageData,3,1,0
eclipse.pde.ui-20120217-1437,org.eclipse.pde.internal.ui.views.dependencies,HistoryAction,hashCode,3,1,0
eclipse.pde.ui-20120217-1437,org.eclipse.pde.internal.ui.views.dependencies,HistoryAction,HistoryAction,12,1,2
eclipse.pde.ui-20120217-1437,org.eclipse.pde.internal.ui.views.dependencies,HistoryAction,getImageDescriptor,6,1,1
eclipse.pde.ui-20120217-1437,org.eclipse.pde.internal.ui.views.dependencies,HistoryAction,run,3,1,0
eclipse.pde.ui-20120217-1437,org.eclipse.pde.internal.ui.views.dependencies,ImageImageDescriptor,ImageImageDescriptor,4,1,1
eclipse.pde.ui-20120217-1437,org.eclipse.pde.internal.ui.views.dependencies,ImageImageDescriptor,equals,3,1,1
eclipse.pde.ui-20120217-1437,org.eclipse.pde.internal.ui.views.dependencies,ImageImageDescriptor,getImageData,3,1,0
eclipse.pde.ui-20120217-1437,org.eclipse.pde.internal.ui.views.dependencies,ImageImageDescriptor,hashCode,3,1,0
eclipse.pde.ui-20120217-1437,org.eclipse.pde.internal.ui.views.dependencies,HistoryDropDownAction,HistoryDropDownAction,8,1,1
eclipse.pde.ui-20120217-1437,org.eclipse.pde.internal.ui.views.dependencies,HistoryDropDownAction,addActionToMenu,4,1,2
eclipse.pde.ui-20120217-1437,org.eclipse.pde.internal.ui.views.dependencies,HistoryDropDownAction,addEntries,11,2,2
eclipse.pde.ui-20120217-1437,org.eclipse.pde.internal.ui.views.dependencies,HistoryDropDownAction,dispose,6,2,0
eclipse.pde.ui-20120217-1437,org.eclipse.pde.internal.ui.views.dependencies,HistoryDropDownAction,getMenu,15,3,1
eclipse.pde.ui-20120217-1437,org.eclipse.pde.internal.ui.views.dependencies,HistoryDropDownAction,getMenu,3,1,1
eclipse.pde.ui-20120217-1437,org.eclipse.pde.internal.ui.views.dependencies,HistoryDropDownAction,run,3,1,0
eclipse.pde.ui-20120217-1437,org.eclipse.pde.internal.ui.views.dependencies,HistoryListAction,HistoryListAction,7,1,1
eclipse.pde.ui-20120217-1437,org.eclipse.pde.internal.ui.views.dependencies,HistoryListAction,run,14,3,0
eclipse.pde.ui-20120217-1437,org.eclipse.pde.internal.ui.views.dependencies,HistoryListDialog,getElements,3,1,1
eclipse.pde.ui-20120217-1437,org.eclipse.pde.internal.ui.views.dependencies,HistoryListDialog,HistoryListDialog,5,1,2
eclipse.pde.ui-20120217-1437,org.eclipse.pde.internal.ui.views.dependencies,HistoryListDialog,configureShell,4,1,1
eclipse.pde.ui-20120217-1437,org.eclipse.pde.internal.ui.views.dependencies,HistoryListDialog,create,4,1,0
eclipse.pde.ui-20120217-1437,org.eclipse.pde.internal.ui.views.dependencies,HistoryListDialog,createDialogArea,16,1,1
eclipse.pde.ui-20120217-1437,org.eclipse.pde.internal.ui.views.dependencies,HistoryListDialog,createListArea,12,1,1
eclipse.pde.ui-20120217-1437,org.eclipse.pde.internal.ui.views.dependencies,HistoryListDialog,createListButtons,17,2,1
eclipse.pde.ui-20120217-1437,org.eclipse.pde.internal.ui.views.dependencies,HistoryListDialog,widgetSelected,8,2,1
eclipse.pde.ui-20120217-1437,org.eclipse.pde.internal.ui.views.dependencies,HistoryListDialog,createTableArea,56,5,1
eclipse.pde.ui-20120217-1437,org.eclipse.pde.internal.ui.views.dependencies,HistoryListDialog,widgetDefaultSelected,5,2,1
eclipse.pde.ui-20120217-1437,org.eclipse.pde.internal.ui.views.dependencies,HistoryListDialog,widgetDisposed,3,1,1
eclipse.pde.ui-20120217-1437,org.eclipse.pde.internal.ui.views.dependencies,HistoryListDialog,selectionChanged,17,3,1
eclipse.pde.ui-20120217-1437,org.eclipse.pde.internal.ui.views.dependencies,HistoryListDialog,getRemaining,3,1,0
eclipse.pde.ui-20120217-1437,org.eclipse.pde.internal.ui.views.dependencies,HistoryListDialog,getResult,3,1,0
eclipse.pde.ui-20120217-1437,org.eclipse.pde.internal.ui.views.dependencies,ContentProvider,getElements,3,1,1
eclipse.pde.ui-20120217-1437,org.eclipse.pde.internal.ui.views.dependencies,OpenDependenciesAction,execute,8,2,1
eclipse.pde.ui-20120217-1437,org.eclipse.pde.internal.ui.views.dependencies,OpenDependenciesAction,openDependencies,17,6,1
eclipse.pde.ui-20120217-1437,org.eclipse.pde.internal.ui.views.dependencies,OpenPluginDependenciesAction,OpenPluginDependenciesAction,3,1,1
eclipse.pde.ui-20120217-1437,org.eclipse.pde.internal.ui.views.dependencies,OpenPluginDependenciesAction,run,9,1,0
eclipse.pde.ui-20120217-1437,org.eclipse.pde.internal.ui.views.dependencies,OpenPluginReferencesAction,OpenPluginReferencesAction,3,1,1
eclipse.pde.ui-20120217-1437,org.eclipse.pde.internal.ui.views.dependencies,OpenPluginReferencesAction,run,9,1,0
eclipse.pde.ui-20120217-1437,org.eclipse.pde.internal.ui.views.plugins,AddAllPluginsToJavaSearchHandler,execute,14,1,1
eclipse.pde.ui-20120217-1437,org.eclipse.pde.internal.ui.views.plugins,CopyToClipboardAction,CopyToClipboardAction,4,1,1
eclipse.pde.ui-20120217-1437,org.eclipse.pde.internal.ui.views.plugins,CopyToClipboardAction,CopyToClipboardAction,3,1,1
eclipse.pde.ui-20120217-1437,org.eclipse.pde.internal.ui.views.plugins,CopyToClipboardAction,setSelection,4,1,1
eclipse.pde.ui-20120217-1437,org.eclipse.pde.internal.ui.views.plugins,CopyToClipboardAction,canCopy,8,4,1
eclipse.pde.ui-20120217-1437,org.eclipse.pde.internal.ui.views.plugins,CopyToClipboardAction,run,9,4,0
eclipse.pde.ui-20120217-1437,org.eclipse.pde.internal.ui.views.plugins,CopyToClipboardAction,doCopy,13,3,1
eclipse.pde.ui-20120217-1437,org.eclipse.pde.internal.ui.views.plugins,ImportActionGroup,ImportAction,18,5,2
eclipse.pde.ui-20120217-1437,org.eclipse.pde.internal.ui.views.plugins,ImportActionGroup,run,3,1,0
eclipse.pde.ui-20120217-1437,org.eclipse.pde.internal.ui.views.plugins,ImportActionGroup,fillContextMenu,16,3,1
eclipse.pde.ui-20120217-1437,org.eclipse.pde.internal.ui.views.plugins,ImportActionGroup,handleImport,21,6,2
eclipse.pde.ui-20120217-1437,org.eclipse.pde.internal.ui.views.plugins,ImportActionGroup,getImportDescriptions,15,2,2
eclipse.pde.ui-20120217-1437,org.eclipse.pde.internal.ui.views.plugins,ImportActionGroup,canImport,7,3,1
eclipse.pde.ui-20120217-1437,org.eclipse.pde.internal.ui.views.plugins,ImportActionGroup,getModel,37,12,1
eclipse.pde.ui-20120217-1437,org.eclipse.pde.internal.ui.views.plugins,ImportAction,ImportAction,18,5,2
eclipse.pde.ui-20120217-1437,org.eclipse.pde.internal.ui.views.plugins,ImportAction,run,3,1,0
eclipse.pde.ui-20120217-1437,org.eclipse.pde.internal.ui.views.plugins,ImportFromRepositoryActionDelegate,execute,7,2,1
eclipse.pde.ui-20120217-1437,org.eclipse.pde.internal.ui.views.plugins,JavaSearchActionGroup,JavaSearchAction,5,2,1
eclipse.pde.ui-20120217-1437,org.eclipse.pde.internal.ui.views.plugins,JavaSearchActionGroup,run,13,3,0
eclipse.pde.ui-20120217-1437,org.eclipse.pde.internal.ui.views.plugins,JavaSearchActionGroup,fillContextMenu,19,5,1
eclipse.pde.ui-20120217-1437,org.eclipse.pde.internal.ui.views.plugins,JavaSearchActionGroup,canDoJavaSearchOperation,13,5,2
eclipse.pde.ui-20120217-1437,org.eclipse.pde.internal.ui.views.plugins,JavaSearchActionGroup,getModel,10,3,1
eclipse.pde.ui-20120217-1437,org.eclipse.pde.internal.ui.views.plugins,JavaSearchActionGroup,handleJavaSearch,23,5,1
eclipse.pde.ui-20120217-1437,org.eclipse.pde.internal.ui.views.plugins,JavaSearchAction,JavaSearchAction,5,2,1
eclipse.pde.ui-20120217-1437,org.eclipse.pde.internal.ui.views.plugins,JavaSearchAction,run,13,3,0
eclipse.pde.ui-20120217-1437,org.eclipse.pde.internal.ui.views.plugins,JavaSearchOperation,JavaSearchOperation,4,1,2
eclipse.pde.ui-20120217-1437,org.eclipse.pde.internal.ui.views.plugins,JavaSearchOperation,run,10,2,1
eclipse.pde.ui-20120217-1437,org.eclipse.pde.internal.ui.views.plugins,PluginsContentProvider,PluginsContentProvider,4,1,1
eclipse.pde.ui-20120217-1437,org.eclipse.pde.internal.ui.views.plugins,PluginsContentProvider,inputChanged,9,3,3
eclipse.pde.ui-20120217-1437,org.eclipse.pde.internal.ui.views.plugins,PluginsContentProvider,getChildren,22,8,1
eclipse.pde.ui-20120217-1437,org.eclipse.pde.internal.ui.views.plugins,PluginsContentProvider,getParent,18,6,1
eclipse.pde.ui-20120217-1437,org.eclipse.pde.internal.ui.views.plugins,PluginsContentProvider,hasChildren,13,5,1
eclipse.pde.ui-20120217-1437,org.eclipse.pde.internal.ui.views.plugins,PluginsContentProvider,getElements,3,1,1
eclipse.pde.ui-20120217-1437,org.eclipse.pde.internal.ui.views.plugins,PluginsContentProvider,getCompletionJobListener,8,2,0
eclipse.pde.ui-20120217-1437,org.eclipse.pde.internal.ui.views.plugins,PluginsContentProvider,done,3,2,1
eclipse.pde.ui-20120217-1437,org.eclipse.pde.internal.ui.views.plugins,PluginsDragAdapter,PluginsDragAdapter,3,1,1
eclipse.pde.ui-20120217-1437,org.eclipse.pde.internal.ui.views.plugins,PluginsDragAdapter,dragSetData,10,3,1
eclipse.pde.ui-20120217-1437,org.eclipse.pde.internal.ui.views.plugins,PluginsDragAdapter,dragStart,14,3,1
eclipse.pde.ui-20120217-1437,org.eclipse.pde.internal.ui.views.plugins,PluginsDragAdapter,getSelectedFiles,10,3,0
eclipse.pde.ui-20120217-1437,org.eclipse.pde.internal.ui.views.plugins,PluginsLabelProvider,PluginsLabelProvider,7,1,0
eclipse.pde.ui-20120217-1437,org.eclipse.pde.internal.ui.views.plugins,PluginsLabelProvider,dispose,4,1,0
eclipse.pde.ui-20120217-1437,org.eclipse.pde.internal.ui.views.plugins,PluginsLabelProvider,getText,21,7,1
eclipse.pde.ui-20120217-1437,org.eclipse.pde.internal.ui.views.plugins,PluginsLabelProvider,getImage,32,9,1
eclipse.pde.ui-20120217-1437,org.eclipse.pde.internal.ui.views.plugins,PluginsLabelProvider,getText,5,2,1
eclipse.pde.ui-20120217-1437,org.eclipse.pde.internal.ui.views.plugins,PluginsLabelProvider,getText,3,1,1
eclipse.pde.ui-20120217-1437,org.eclipse.pde.internal.ui.views.plugins,PluginsLabelProvider,getImage,5,3,1
eclipse.pde.ui-20120217-1437,org.eclipse.pde.internal.ui.views.plugins,PluginsLabelProvider,isInJavaSearch,5,1,1
eclipse.pde.ui-20120217-1437,org.eclipse.pde.internal.ui.views.plugins,PluginsLabelProvider,getImage,6,2,1
eclipse.pde.ui-20120217-1437,org.eclipse.pde.internal.ui.views.plugins,PluginsLabelProvider,getFileImage,4,1,1
eclipse.pde.ui-20120217-1437,org.eclipse.pde.internal.ui.views.plugins,PluginsView,DisabledFilter,3,1,1
eclipse.pde.ui-20120217-1437,org.eclipse.pde.internal.ui.views.plugins,PluginsView,select,7,2,3
eclipse.pde.ui-20120217-1437,org.eclipse.pde.internal.ui.views.plugins,PluginsView,select,7,2,3
eclipse.pde.ui-20120217-1437,org.eclipse.pde.internal.ui.views.plugins,PluginsView,select,12,2,3
eclipse.pde.ui-20120217-1437,org.eclipse.pde.internal.ui.views.plugins,PluginsView,CollapseAllAction,6,1,0
eclipse.pde.ui-20120217-1437,org.eclipse.pde.internal.ui.views.plugins,PluginsView,run,3,1,0
eclipse.pde.ui-20120217-1437,org.eclipse.pde.internal.ui.views.plugins,PluginsView,PluginsView,11,2,0
eclipse.pde.ui-20120217-1437,org.eclipse.pde.internal.ui.views.plugins,PluginsView,propertyChange,6,2,1
eclipse.pde.ui-20120217-1437,org.eclipse.pde.internal.ui.views.plugins,PluginsView,dispose,10,2,0
eclipse.pde.ui-20120217-1437,org.eclipse.pde.internal.ui.views.plugins,PluginsView,createPartControl,34,3,1
eclipse.pde.ui-20120217-1437,org.eclipse.pde.internal.ui.views.plugins,PluginsView,compare,5,3,3
eclipse.pde.ui-20120217-1437,org.eclipse.pde.internal.ui.views.plugins,PluginsView,selectionChanged,3,1,1
eclipse.pde.ui-20120217-1437,org.eclipse.pde.internal.ui.views.plugins,PluginsView,contributeToActionBars,4,1,1
eclipse.pde.ui-20120217-1437,org.eclipse.pde.internal.ui.views.plugins,PluginsView,contributeToDropDownMenu,5,1,1
eclipse.pde.ui-20120217-1437,org.eclipse.pde.internal.ui.views.plugins,PluginsView,contributeToLocalToolBar,5,1,1
eclipse.pde.ui-20120217-1437,org.eclipse.pde.internal.ui.views.plugins,PluginsView,registerGlobalActions,18,3,1
eclipse.pde.ui-20120217-1437,org.eclipse.pde.internal.ui.views.plugins,PluginsView,run,12,3,0
eclipse.pde.ui-20120217-1437,org.eclipse.pde.internal.ui.views.plugins,PluginsView,makeActions,99,4,0
eclipse.pde.ui-20120217-1437,org.eclipse.pde.internal.ui.views.plugins,PluginsView,run,3,1,0
eclipse.pde.ui-20120217-1437,org.eclipse.pde.internal.ui.views.plugins,PluginsView,run,7,2,0
eclipse.pde.ui-20120217-1437,org.eclipse.pde.internal.ui.views.plugins,PluginsView,run,7,2,0
eclipse.pde.ui-20120217-1437,org.eclipse.pde.internal.ui.views.plugins,PluginsView,run,7,2,0
eclipse.pde.ui-20120217-1437,org.eclipse.pde.internal.ui.views.plugins,PluginsView,run,3,1,0
eclipse.pde.ui-20120217-1437,org.eclipse.pde.internal.ui.views.plugins,PluginsView,run,3,1,0
eclipse.pde.ui-20120217-1437,org.eclipse.pde.internal.ui.views.plugins,PluginsView,run,3,1,0
eclipse.pde.ui-20120217-1437,org.eclipse.pde.internal.ui.views.plugins,PluginsView,run,3,1,0
eclipse.pde.ui-20120217-1437,org.eclipse.pde.internal.ui.views.plugins,PluginsView,run,3,1,0
eclipse.pde.ui-20120217-1437,org.eclipse.pde.internal.ui.views.plugins,PluginsView,run,3,1,0
eclipse.pde.ui-20120217-1437,org.eclipse.pde.internal.ui.views.plugins,PluginsView,run,4,1,0
eclipse.pde.ui-20120217-1437,org.eclipse.pde.internal.ui.views.plugins,PluginsView,getSelectedFile,5,2,0
eclipse.pde.ui-20120217-1437,org.eclipse.pde.internal.ui.views.plugins,PluginsView,getEnclosingModel,13,6,0
eclipse.pde.ui-20120217-1437,org.eclipse.pde.internal.ui.views.plugins,PluginsView,getSelectedObject,5,2,0
eclipse.pde.ui-20120217-1437,org.eclipse.pde.internal.ui.views.plugins,PluginsView,fillContextMenu,85,17,1
eclipse.pde.ui-20120217-1437,org.eclipse.pde.internal.ui.views.plugins,PluginsView,isShowInApplicable,10,5,0
eclipse.pde.ui-20120217-1437,org.eclipse.pde.internal.ui.views.plugins,PluginsView,fillOpenWithMenu,24,3,2
eclipse.pde.ui-20120217-1437,org.eclipse.pde.internal.ui.views.plugins,PluginsView,initDragAndDrop,5,1,0
eclipse.pde.ui-20120217-1437,org.eclipse.pde.internal.ui.views.plugins,PluginsView,getSettings,8,2,0
eclipse.pde.ui-20120217-1437,org.eclipse.pde.internal.ui.views.plugins,PluginsView,initFilters,14,4,0
eclipse.pde.ui-20120217-1437,org.eclipse.pde.internal.ui.views.plugins,PluginsView,hookContextMenu,13,1,0
eclipse.pde.ui-20120217-1437,org.eclipse.pde.internal.ui.views.plugins,PluginsView,menuAboutToShow,3,1,1
eclipse.pde.ui-20120217-1437,org.eclipse.pde.internal.ui.views.plugins,PluginsView,handleDoubleClick,29,9,0
eclipse.pde.ui-20120217-1437,org.eclipse.pde.internal.ui.views.plugins,PluginsView,isOpenableStorage,4,2,1
eclipse.pde.ui-20120217-1437,org.eclipse.pde.internal.ui.views.plugins,PluginsView,handleOpenStorage,10,1,1
eclipse.pde.ui-20120217-1437,org.eclipse.pde.internal.ui.views.plugins,PluginsView,handleSelectDependencies,14,4,0
eclipse.pde.ui-20120217-1437,org.eclipse.pde.internal.ui.views.plugins,PluginsView,handleSelectInJavaSearch,13,4,0
eclipse.pde.ui-20120217-1437,org.eclipse.pde.internal.ui.views.plugins,PluginsView,handleOpenTextEditor,21,6,2
eclipse.pde.ui-20120217-1437,org.eclipse.pde.internal.ui.views.plugins,PluginsView,handleOpenManifestEditor,3,1,1
eclipse.pde.ui-20120217-1437,org.eclipse.pde.internal.ui.views.plugins,PluginsView,handleOpenSchemaEditor,3,1,1
eclipse.pde.ui-20120217-1437,org.eclipse.pde.internal.ui.views.plugins,PluginsView,handleOpenSystemEditor,26,3,1
eclipse.pde.ui-20120217-1437,org.eclipse.pde.internal.ui.views.plugins,PluginsView,run,4,1,0
eclipse.pde.ui-20120217-1437,org.eclipse.pde.internal.ui.views.plugins,PluginsView,getLocalCopy,28,4,1
eclipse.pde.ui-20120217-1437,org.eclipse.pde.internal.ui.views.plugins,PluginsView,handleSelectionChanged,11,3,1
eclipse.pde.ui-20120217-1437,org.eclipse.pde.internal.ui.views.plugins,PluginsView,hookDoubleClickAction,8,1,0
eclipse.pde.ui-20120217-1437,org.eclipse.pde.internal.ui.views.plugins,PluginsView,doubleClick,3,1,1
eclipse.pde.ui-20120217-1437,org.eclipse.pde.internal.ui.views.plugins,PluginsView,setFocus,3,1,0
eclipse.pde.ui-20120217-1437,org.eclipse.pde.internal.ui.views.plugins,PluginsView,updateTitle,11,3,1
eclipse.pde.ui-20120217-1437,org.eclipse.pde.internal.ui.views.plugins,PluginsView,getInputPath,10,3,1
eclipse.pde.ui-20120217-1437,org.eclipse.pde.internal.ui.views.plugins,PluginsView,updateContentDescription,14,2,0
eclipse.pde.ui-20120217-1437,org.eclipse.pde.internal.ui.views.plugins,PluginsView,modelsChanged,23,8,1
eclipse.pde.ui-20120217-1437,org.eclipse.pde.internal.ui.views.plugins,PluginsView,run,17,7,0
eclipse.pde.ui-20120217-1437,org.eclipse.pde.internal.ui.views.plugins,PluginsView,getModels,3,1,1
eclipse.pde.ui-20120217-1437,org.eclipse.pde.internal.ui.views.plugins,PluginsView,isVisible,7,3,1
eclipse.pde.ui-20120217-1437,org.eclipse.pde.internal.ui.views.plugins,PluginsView,getAdapter,11,4,1
eclipse.pde.ui-20120217-1437,org.eclipse.pde.internal.ui.views.plugins,PluginsView,getShowInSource,23,4,0
eclipse.pde.ui-20120217-1437,org.eclipse.pde.internal.ui.views.plugins,PluginsView,getShowInContext,18,4,0
eclipse.pde.ui-20120217-1437,org.eclipse.pde.internal.ui.views.plugins,PluginsView,getShowInTargetList,8,1,0
eclipse.pde.ui-20120217-1437,org.eclipse.pde.internal.ui.views.plugins,PluginsView,getShowInTargetIds,3,1,0
eclipse.pde.ui-20120217-1437,org.eclipse.pde.internal.ui.views.plugins,PluginsView,getDeferredTreeRoot,28,1,0
eclipse.pde.ui-20120217-1437,org.eclipse.pde.internal.ui.views.plugins,PluginsView,fetchDeferredChildren,5,1,3
eclipse.pde.ui-20120217-1437,org.eclipse.pde.internal.ui.views.plugins,PluginsView,getRule,3,1,1
eclipse.pde.ui-20120217-1437,org.eclipse.pde.internal.ui.views.plugins,PluginsView,isContainer,3,1,0
eclipse.pde.ui-20120217-1437,org.eclipse.pde.internal.ui.views.plugins,PluginsView,getChildren,3,1,1
eclipse.pde.ui-20120217-1437,org.eclipse.pde.internal.ui.views.plugins,PluginsView,getImageDescriptor,3,1,1
eclipse.pde.ui-20120217-1437,org.eclipse.pde.internal.ui.views.plugins,PluginsView,getLabel,3,1,1
eclipse.pde.ui-20120217-1437,org.eclipse.pde.internal.ui.views.plugins,PluginsView,getParent,3,1,1
eclipse.pde.ui-20120217-1437,org.eclipse.pde.internal.ui.views.plugins,DisabledFilter,DisabledFilter,3,1,1
eclipse.pde.ui-20120217-1437,org.eclipse.pde.internal.ui.views.plugins,DisabledFilter,select,7,2,3
eclipse.pde.ui-20120217-1437,org.eclipse.pde.internal.ui.views.plugins,WorkspaceFilter,select,7,2,3
eclipse.pde.ui-20120217-1437,org.eclipse.pde.internal.ui.views.plugins,JavaFilter,select,12,2,3
eclipse.pde.ui-20120217-1437,org.eclipse.pde.internal.ui.views.plugins,CollapseAllAction,CollapseAllAction,6,1,0
eclipse.pde.ui-20120217-1437,org.eclipse.pde.internal.ui.views.plugins,CollapseAllAction,run,3,1,0
eclipse.pde.ui-20120217-1437,org.eclipse.pde.internal.ui.views.target,StateViewPage,select,3,1,3
eclipse.pde.ui-20120217-1437,org.eclipse.pde.internal.ui.views.target,StateViewPage,select,6,2,3
eclipse.pde.ui-20120217-1437,org.eclipse.pde.internal.ui.views.target,StateViewPage,DependencyGroup,3,1,1
eclipse.pde.ui-20120217-1437,org.eclipse.pde.internal.ui.views.target,StateViewPage,getChildren,3,1,0
eclipse.pde.ui-20120217-1437,org.eclipse.pde.internal.ui.views.target,StateViewPage,toString,3,1,0
eclipse.pde.ui-20120217-1437,org.eclipse.pde.internal.ui.views.target,StateViewPage,getChildren,18,6,1
eclipse.pde.ui-20120217-1437,org.eclipse.pde.internal.ui.views.target,StateViewPage,getParent,3,1,1
eclipse.pde.ui-20120217-1437,org.eclipse.pde.internal.ui.views.target,StateViewPage,hasChildren,3,1,1
eclipse.pde.ui-20120217-1437,org.eclipse.pde.internal.ui.views.target,StateViewPage,getElements,4,2,1
eclipse.pde.ui-20120217-1437,org.eclipse.pde.internal.ui.views.target,StateViewPage,getResolvedDependencies,5,3,1
eclipse.pde.ui-20120217-1437,org.eclipse.pde.internal.ui.views.target,StateViewPage,StateLabelProvider,4,1,0
eclipse.pde.ui-20120217-1437,org.eclipse.pde.internal.ui.views.target,StateViewPage,dispose,4,1,0
eclipse.pde.ui-20120217-1437,org.eclipse.pde.internal.ui.views.target,StateViewPage,update,23,3,1
eclipse.pde.ui-20120217-1437,org.eclipse.pde.internal.ui.views.target,StateViewPage,getElementString,17,4,3
eclipse.pde.ui-20120217-1437,org.eclipse.pde.internal.ui.views.target,StateViewPage,getImage,14,7,1
eclipse.pde.ui-20120217-1437,org.eclipse.pde.internal.ui.views.target,StateViewPage,getText,15,4,1
eclipse.pde.ui-20120217-1437,org.eclipse.pde.internal.ui.views.target,StateViewPage,isJREPackage,3,1,1
eclipse.pde.ui-20120217-1437,org.eclipse.pde.internal.ui.views.target,StateViewPage,StateViewPage,12,2,1
eclipse.pde.ui-20120217-1437,org.eclipse.pde.internal.ui.views.target,StateViewPage,propertyChange,6,2,1
eclipse.pde.ui-20120217-1437,org.eclipse.pde.internal.ui.views.target,StateViewPage,createControl,50,4,1
eclipse.pde.ui-20120217-1437,org.eclipse.pde.internal.ui.views.target,StateViewPage,createControl,23,2,2
eclipse.pde.ui-20120217-1437,org.eclipse.pde.internal.ui.views.target,StateViewPage,doubleClick,3,1,1
eclipse.pde.ui-20120217-1437,org.eclipse.pde.internal.ui.views.target,StateViewPage,getControl,3,1,0
eclipse.pde.ui-20120217-1437,org.eclipse.pde.internal.ui.views.target,StateViewPage,setFocus,8,3,0
eclipse.pde.ui-20120217-1437,org.eclipse.pde.internal.ui.views.target,StateViewPage,handleDoubleClick,7,3,0
eclipse.pde.ui-20120217-1437,org.eclipse.pde.internal.ui.views.target,StateViewPage,getBundleDescription,6,4,1
eclipse.pde.ui-20120217-1437,org.eclipse.pde.internal.ui.views.target,StateViewPage,setActive,11,2,1
eclipse.pde.ui-20120217-1437,org.eclipse.pde.internal.ui.views.target,StateViewPage,makeContributions,24,3,3
eclipse.pde.ui-20120217-1437,org.eclipse.pde.internal.ui.views.target,StateViewPage,run,5,2,0
eclipse.pde.ui-20120217-1437,org.eclipse.pde.internal.ui.views.target,StateViewPage,run,5,2,0
eclipse.pde.ui-20120217-1437,org.eclipse.pde.internal.ui.views.target,StateViewPage,hookContextMenu,13,1,0
eclipse.pde.ui-20120217-1437,org.eclipse.pde.internal.ui.views.target,StateViewPage,menuAboutToShow,3,1,1
eclipse.pde.ui-20120217-1437,org.eclipse.pde.internal.ui.views.target,StateViewPage,fillContextMenu,22,4,1
eclipse.pde.ui-20120217-1437,org.eclipse.pde.internal.ui.views.target,StateViewPage,run,3,1,0
eclipse.pde.ui-20120217-1437,org.eclipse.pde.internal.ui.views.target,StateViewPage,dispose,5,1,0
eclipse.pde.ui-20120217-1437,org.eclipse.pde.internal.ui.views.target,StateViewPage,stateResolved,21,5,1
eclipse.pde.ui-20120217-1437,org.eclipse.pde.internal.ui.views.target,StateViewPage,run,15,4,0
eclipse.pde.ui-20120217-1437,org.eclipse.pde.internal.ui.views.target,StateViewPage,stateChanged,9,2,1
eclipse.pde.ui-20120217-1437,org.eclipse.pde.internal.ui.views.target,StateViewPage,run,3,1,0
eclipse.pde.ui-20120217-1437,org.eclipse.pde.internal.ui.views.target,StateViewPage,getSettings,8,2,0
eclipse.pde.ui-20120217-1437,org.eclipse.pde.internal.ui.views.target,StateViewPage,modelsChanged,9,3,1
eclipse.pde.ui-20120217-1437,org.eclipse.pde.internal.ui.views.target,StateViewPage,run,3,1,0
eclipse.pde.ui-20120217-1437,org.eclipse.pde.internal.ui.views.target,DependencyGroup,DependencyGroup,3,1,1
eclipse.pde.ui-20120217-1437,org.eclipse.pde.internal.ui.views.target,DependencyGroup,getChildren,3,1,0
eclipse.pde.ui-20120217-1437,org.eclipse.pde.internal.ui.views.target,DependencyGroup,toString,3,1,0
eclipse.pde.ui-20120217-1437,org.eclipse.pde.internal.ui.views.target,StateContentProvider,getChildren,18,6,1
eclipse.pde.ui-20120217-1437,org.eclipse.pde.internal.ui.views.target,StateContentProvider,getParent,3,1,1
eclipse.pde.ui-20120217-1437,org.eclipse.pde.internal.ui.views.target,StateContentProvider,hasChildren,3,1,1
eclipse.pde.ui-20120217-1437,org.eclipse.pde.internal.ui.views.target,StateContentProvider,getElements,4,2,1
eclipse.pde.ui-20120217-1437,org.eclipse.pde.internal.ui.views.target,StateContentProvider,getResolvedDependencies,5,3,1
eclipse.pde.ui-20120217-1437,org.eclipse.pde.internal.ui.views.target,StateLabelProvider,StateLabelProvider,4,1,0
eclipse.pde.ui-20120217-1437,org.eclipse.pde.internal.ui.views.target,StateLabelProvider,dispose,4,1,0
eclipse.pde.ui-20120217-1437,org.eclipse.pde.internal.ui.views.target,StateLabelProvider,update,23,3,1
eclipse.pde.ui-20120217-1437,org.eclipse.pde.internal.ui.views.target,StateLabelProvider,getElementString,17,4,3
eclipse.pde.ui-20120217-1437,org.eclipse.pde.internal.ui.views.target,StateLabelProvider,getImage,14,7,1
eclipse.pde.ui-20120217-1437,org.eclipse.pde.internal.ui.views.target,StateLabelProvider,getText,15,4,1
eclipse.pde.ui-20120217-1437,org.eclipse.pde.internal.ui.views.target,TargetStateView,addPropertyListener,2,1,1
eclipse.pde.ui-20120217-1437,org.eclipse.pde.internal.ui.views.target,TargetStateView,createPartControl,2,1,1
eclipse.pde.ui-20120217-1437,org.eclipse.pde.internal.ui.views.target,TargetStateView,dispose,2,1,0
eclipse.pde.ui-20120217-1437,org.eclipse.pde.internal.ui.views.target,TargetStateView,getAdapter,3,1,1
eclipse.pde.ui-20120217-1437,org.eclipse.pde.internal.ui.views.target,TargetStateView,getSite,3,1,0
eclipse.pde.ui-20120217-1437,org.eclipse.pde.internal.ui.views.target,TargetStateView,getTitle,3,1,0
eclipse.pde.ui-20120217-1437,org.eclipse.pde.internal.ui.views.target,TargetStateView,getTitleImage,3,1,0
eclipse.pde.ui-20120217-1437,org.eclipse.pde.internal.ui.views.target,TargetStateView,getTitleToolTip,3,1,0
eclipse.pde.ui-20120217-1437,org.eclipse.pde.internal.ui.views.target,TargetStateView,removePropertyListener,2,1,1
eclipse.pde.ui-20120217-1437,org.eclipse.pde.internal.ui.views.target,TargetStateView,setFocus,2,1,0
eclipse.pde.ui-20120217-1437,org.eclipse.pde.internal.ui.views.target,TargetStateView,TargetStateView,4,1,0
eclipse.pde.ui-20120217-1437,org.eclipse.pde.internal.ui.views.target,TargetStateView,createPartControl,4,1,1
eclipse.pde.ui-20120217-1437,org.eclipse.pde.internal.ui.views.target,TargetStateView,createDefaultPage,3,1,1
eclipse.pde.ui-20120217-1437,org.eclipse.pde.internal.ui.views.target,TargetStateView,doCreatePage,10,3,1
eclipse.pde.ui-20120217-1437,org.eclipse.pde.internal.ui.views.target,TargetStateView,doDestroyPage,6,1,2
eclipse.pde.ui-20120217-1437,org.eclipse.pde.internal.ui.views.target,TargetStateView,getBootstrapPart,3,1,0
eclipse.pde.ui-20120217-1437,org.eclipse.pde.internal.ui.views.target,TargetStateView,isImportant,3,1,1
eclipse.pde.ui-20120217-1437,org.eclipse.pde.internal.ui.views.target,TargetStateView,createPage,8,1,1
eclipse.pde.ui-20120217-1437,org.eclipse.pde.internal.ui.views.target,TargetStateView,getDefaultPart,3,1,0
eclipse.pde.ui-20120217-1437,org.eclipse.pde.internal.ui.views.target,DummyPart,addPropertyListener,2,1,1
eclipse.pde.ui-20120217-1437,org.eclipse.pde.internal.ui.views.target,DummyPart,createPartControl,2,1,1
eclipse.pde.ui-20120217-1437,org.eclipse.pde.internal.ui.views.target,DummyPart,dispose,2,1,0
eclipse.pde.ui-20120217-1437,org.eclipse.pde.internal.ui.views.target,DummyPart,getAdapter,3,1,1
eclipse.pde.ui-20120217-1437,org.eclipse.pde.internal.ui.views.target,DummyPart,getSite,3,1,0
eclipse.pde.ui-20120217-1437,org.eclipse.pde.internal.ui.views.target,DummyPart,getTitle,3,1,0
eclipse.pde.ui-20120217-1437,org.eclipse.pde.internal.ui.views.target,DummyPart,getTitleImage,3,1,0
eclipse.pde.ui-20120217-1437,org.eclipse.pde.internal.ui.views.target,DummyPart,getTitleToolTip,3,1,0
eclipse.pde.ui-20120217-1437,org.eclipse.pde.internal.ui.views.target,DummyPart,removePropertyListener,2,1,1
eclipse.pde.ui-20120217-1437,org.eclipse.pde.internal.ui.views.target,DummyPart,setFocus,2,1,0
eclipse.pde.ui-20120217-1437,org.eclipse.pde.internal.ui.wizards,BaseWizardSelectionPage,BaseWizardSelectionPage,6,1,2
eclipse.pde.ui-20120217-1437,org.eclipse.pde.internal.ui.wizards,BaseWizardSelectionPage,createDescriptionIn,7,1,1
eclipse.pde.ui-20120217-1437,org.eclipse.pde.internal.ui.wizards,BaseWizardSelectionPage,createWizardNode,0,1,1
eclipse.pde.ui-20120217-1437,org.eclipse.pde.internal.ui.wizards,BaseWizardSelectionPage,getLabel,3,1,0
eclipse.pde.ui-20120217-1437,org.eclipse.pde.internal.ui.wizards,BaseWizardSelectionPage,setDescriptionText,4,2,1
eclipse.pde.ui-20120217-1437,org.eclipse.pde.internal.ui.wizards,BaseWizardSelectionPage,setDescriptionEnabled,4,2,1
eclipse.pde.ui-20120217-1437,org.eclipse.pde.internal.ui.wizards,BundleProviderHistoryUtil,loadHistory,11,4,2
eclipse.pde.ui-20120217-1437,org.eclipse.pde.internal.ui.wizards,BundleProviderHistoryUtil,saveHistory,18,5,2
eclipse.pde.ui-20120217-1437,org.eclipse.pde.internal.ui.wizards,Category,Category,3,1,1
eclipse.pde.ui-20120217-1437,org.eclipse.pde.internal.ui.wizards,Category,getID,3,1,0
eclipse.pde.ui-20120217-1437,org.eclipse.pde.internal.ui.wizards,Category,getLabel,3,1,0
eclipse.pde.ui-20120217-1437,org.eclipse.pde.internal.ui.wizards,Category,getParentCategoryPath,11,4,0
eclipse.pde.ui-20120217-1437,org.eclipse.pde.internal.ui.wizards,IDefaultValueConsumer,init,0,1,1
eclipse.pde.ui-20120217-1437,org.eclipse.pde.internal.ui.wizards,IDefaultValueConsumer,getDefaultValue,0,1,1
eclipse.pde.ui-20120217-1437,org.eclipse.pde.internal.ui.wizards,IProjectProvider,getProject,0,1,0
eclipse.pde.ui-20120217-1437,org.eclipse.pde.internal.ui.wizards,IProjectProvider,getProjectName,0,1,0
eclipse.pde.ui-20120217-1437,org.eclipse.pde.internal.ui.wizards,IProjectProvider,getLocationPath,0,1,0
eclipse.pde.ui-20120217-1437,org.eclipse.pde.internal.ui.wizards,ListUtil,compare,4,2,2
eclipse.pde.ui-20120217-1437,org.eclipse.pde.internal.ui.wizards,ListUtil,NameComparator,3,1,0
eclipse.pde.ui-20120217-1437,org.eclipse.pde.internal.ui.wizards,ListUtil,isSorterProperty,3,1,2
eclipse.pde.ui-20120217-1437,org.eclipse.pde.internal.ui.wizards,ListUtil,compare,11,3,3
eclipse.pde.ui-20120217-1437,org.eclipse.pde.internal.ui.wizards,ListUtil,propertyChange,5,2,1
eclipse.pde.ui-20120217-1437,org.eclipse.pde.internal.ui.wizards,ListUtil,compare,7,2,3
eclipse.pde.ui-20120217-1437,org.eclipse.pde.internal.ui.wizards,ListUtil,getName,9,5,1
eclipse.pde.ui-20120217-1437,org.eclipse.pde.internal.ui.wizards,ListUtil,getPluginName,3,1,1
eclipse.pde.ui-20120217-1437,org.eclipse.pde.internal.ui.wizards,ListUtil,getColumnText,3,1,2
eclipse.pde.ui-20120217-1437,org.eclipse.pde.internal.ui.wizards,ListUtil,getColumnImage,3,1,2
eclipse.pde.ui-20120217-1437,org.eclipse.pde.internal.ui.wizards,ListUtil,ListUtil,3,1,0
eclipse.pde.ui-20120217-1437,org.eclipse.pde.internal.ui.wizards,NameComparator,NameComparator,3,1,0
eclipse.pde.ui-20120217-1437,org.eclipse.pde.internal.ui.wizards,NameComparator,isSorterProperty,3,1,2
eclipse.pde.ui-20120217-1437,org.eclipse.pde.internal.ui.wizards,FeatureComparator,compare,11,3,3
eclipse.pde.ui-20120217-1437,org.eclipse.pde.internal.ui.wizards,PluginComparator,propertyChange,5,2,1
eclipse.pde.ui-20120217-1437,org.eclipse.pde.internal.ui.wizards,PluginComparator,compare,7,2,3
eclipse.pde.ui-20120217-1437,org.eclipse.pde.internal.ui.wizards,PluginComparator,getName,9,5,1
eclipse.pde.ui-20120217-1437,org.eclipse.pde.internal.ui.wizards,PluginComparator,getPluginName,3,1,1
eclipse.pde.ui-20120217-1437,org.eclipse.pde.internal.ui.wizards,TableLabelProvider,getColumnText,3,1,2
eclipse.pde.ui-20120217-1437,org.eclipse.pde.internal.ui.wizards,TableLabelProvider,getColumnImage,3,1,2
eclipse.pde.ui-20120217-1437,org.eclipse.pde.internal.ui.wizards,NewWizard,NewWizard,4,1,0
eclipse.pde.ui-20120217-1437,org.eclipse.pde.internal.ui.wizards,NewWizard,getSelection,3,1,0
eclipse.pde.ui-20120217-1437,org.eclipse.pde.internal.ui.wizards,NewWizard,getWorkbench,3,1,0
eclipse.pde.ui-20120217-1437,org.eclipse.pde.internal.ui.wizards,NewWizard,init,4,1,2
eclipse.pde.ui-20120217-1437,org.eclipse.pde.internal.ui.wizards,NewWizard,performFinish,3,1,0
eclipse.pde.ui-20120217-1437,org.eclipse.pde.internal.ui.wizards,NewWizard,getDefaultValue,4,2,1
eclipse.pde.ui-20120217-1437,org.eclipse.pde.internal.ui.wizards,NewWizard,init,3,1,1
eclipse.pde.ui-20120217-1437,org.eclipse.pde.internal.ui.wizards,PDEWizardNewFileCreationPage,PDEWizardNewFileCreationPage,3,1,2
eclipse.pde.ui-20120217-1437,org.eclipse.pde.internal.ui.wizards,PDEWizardNewFileCreationPage,validatePage,12,3,0
eclipse.pde.ui-20120217-1437,org.eclipse.pde.internal.ui.wizards,PDEWizardNewFileCreationPage,validateLinkedResource,3,1,0
eclipse.pde.ui-20120217-1437,org.eclipse.pde.internal.ui.wizards,PDEWizardNewFileCreationPage,createLinkTarget,2,1,0
eclipse.pde.ui-20120217-1437,org.eclipse.pde.internal.ui.wizards,RenameDialog,RenameDialog,6,1,2
eclipse.pde.ui-20120217-1437,org.eclipse.pde.internal.ui.wizards,RenameDialog,RenameDialog,9,3,4
eclipse.pde.ui-20120217-1437,org.eclipse.pde.internal.ui.wizards,RenameDialog,initialize,4,1,0
eclipse.pde.ui-20120217-1437,org.eclipse.pde.internal.ui.wizards,RenameDialog,addOldName,3,2,1
eclipse.pde.ui-20120217-1437,org.eclipse.pde.internal.ui.wizards,RenameDialog,setOldName,6,2,1
eclipse.pde.ui-20120217-1437,org.eclipse.pde.internal.ui.wizards,RenameDialog,configureShell,4,1,1
eclipse.pde.ui-20120217-1437,org.eclipse.pde.internal.ui.wizards,RenameDialog,createDialogArea,22,1,1
eclipse.pde.ui-20120217-1437,org.eclipse.pde.internal.ui.wizards,RenameDialog,modifyText,3,1,1
eclipse.pde.ui-20120217-1437,org.eclipse.pde.internal.ui.wizards,RenameDialog,open,9,1,0
eclipse.pde.ui-20120217-1437,org.eclipse.pde.internal.ui.wizards,RenameDialog,textChanged,23,5,1
eclipse.pde.ui-20120217-1437,org.eclipse.pde.internal.ui.wizards,RenameDialog,getNewName,3,1,0
eclipse.pde.ui-20120217-1437,org.eclipse.pde.internal.ui.wizards,RenameDialog,okPressed,4,1,0
eclipse.pde.ui-20120217-1437,org.eclipse.pde.internal.ui.wizards,RenameDialog,computeResult,2,1,0
eclipse.pde.ui-20120217-1437,org.eclipse.pde.internal.ui.wizards,RenameDialog,setTitle,3,1,1
eclipse.pde.ui-20120217-1437,org.eclipse.pde.internal.ui.wizards,RenameDialog,setInputValidator,3,1,1
eclipse.pde.ui-20120217-1437,org.eclipse.pde.internal.ui.wizards,RequiredPluginsContainerPage,getElements,4,2,1
eclipse.pde.ui-20120217-1437,org.eclipse.pde.internal.ui.wizards,RequiredPluginsContainerPage,getText,8,2,1
eclipse.pde.ui-20120217-1437,org.eclipse.pde.internal.ui.wizards,RequiredPluginsContainerPage,getImage,10,3,1
eclipse.pde.ui-20120217-1437,org.eclipse.pde.internal.ui.wizards,RequiredPluginsContainerPage,getColumnText,3,1,2
eclipse.pde.ui-20120217-1437,org.eclipse.pde.internal.ui.wizards,RequiredPluginsContainerPage,getColumnImage,3,1,2
eclipse.pde.ui-20120217-1437,org.eclipse.pde.internal.ui.wizards,RequiredPluginsContainerPage,RequiredPluginsContainerPage,9,1,0
eclipse.pde.ui-20120217-1437,org.eclipse.pde.internal.ui.wizards,RequiredPluginsContainerPage,createControl,19,2,1
eclipse.pde.ui-20120217-1437,org.eclipse.pde.internal.ui.wizards,RequiredPluginsContainerPage,finish,3,1,0
eclipse.pde.ui-20120217-1437,org.eclipse.pde.internal.ui.wizards,RequiredPluginsContainerPage,getSelection,3,1,0
eclipse.pde.ui-20120217-1437,org.eclipse.pde.internal.ui.wizards,RequiredPluginsContainerPage,initialize,3,1,2
eclipse.pde.ui-20120217-1437,org.eclipse.pde.internal.ui.wizards,RequiredPluginsContainerPage,setSelection,5,2,1
eclipse.pde.ui-20120217-1437,org.eclipse.pde.internal.ui.wizards,RequiredPluginsContainerPage,createRealEntries,24,7,0
eclipse.pde.ui-20120217-1437,org.eclipse.pde.internal.ui.wizards,RequiredPluginsContainerPage,getJavaProject,3,1,0
eclipse.pde.ui-20120217-1437,org.eclipse.pde.internal.ui.wizards,RequiredPluginsContainerPage,initializeView,3,1,0
eclipse.pde.ui-20120217-1437,org.eclipse.pde.internal.ui.wizards,EntryContentProvider,getElements,4,2,1
eclipse.pde.ui-20120217-1437,org.eclipse.pde.internal.ui.wizards,EntryLabelProvider,getText,8,2,1
eclipse.pde.ui-20120217-1437,org.eclipse.pde.internal.ui.wizards,EntryLabelProvider,getImage,10,3,1
eclipse.pde.ui-20120217-1437,org.eclipse.pde.internal.ui.wizards,EntryLabelProvider,getColumnText,3,1,2
eclipse.pde.ui-20120217-1437,org.eclipse.pde.internal.ui.wizards,EntryLabelProvider,getColumnImage,3,1,2
eclipse.pde.ui-20120217-1437,org.eclipse.pde.internal.ui.wizards,ResizableWizardDialog,ResizableWizardDialog,4,1,2
eclipse.pde.ui-20120217-1437,org.eclipse.pde.internal.ui.wizards,WizardCollectionComparator,WizardCollectionComparator,3,1,1
eclipse.pde.ui-20120217-1437,org.eclipse.pde.internal.ui.wizards,WizardCollectionComparator,compare,10,5,3
eclipse.pde.ui-20120217-1437,org.eclipse.pde.internal.ui.wizards,WizardCollectionComparator,isSorterProperty,3,1,2
eclipse.pde.ui-20120217-1437,org.eclipse.pde.internal.ui.wizards,WizardCollectionElement,WizardCollectionElement,4,1,3
eclipse.pde.ui-20120217-1437,org.eclipse.pde.internal.ui.wizards,WizardCollectionElement,findChildCollection,12,4,1
eclipse.pde.ui-20120217-1437,org.eclipse.pde.internal.ui.wizards,WizardCollectionElement,findWizard,8,3,1
eclipse.pde.ui-20120217-1437,org.eclipse.pde.internal.ui.wizards,WizardCollectionElement,getId,3,1,0
eclipse.pde.ui-20120217-1437,org.eclipse.pde.internal.ui.wizards,WizardCollectionElement,getPath,4,2,0
eclipse.pde.ui-20120217-1437,org.eclipse.pde.internal.ui.wizards,WizardCollectionElement,getWizards,3,1,0
eclipse.pde.ui-20120217-1437,org.eclipse.pde.internal.ui.wizards,WizardCollectionElement,setId,3,1,1
eclipse.pde.ui-20120217-1437,org.eclipse.pde.internal.ui.wizards,WizardCollectionElement,setWizards,3,1,1
eclipse.pde.ui-20120217-1437,org.eclipse.pde.internal.ui.wizards,WizardCollectionElement,getLocalId,3,1,0
eclipse.pde.ui-20120217-1437,org.eclipse.pde.internal.ui.wizards,WizardCollectionElement,getPluginId,3,1,0
eclipse.pde.ui-20120217-1437,org.eclipse.pde.internal.ui.wizards,WizardElement,WizardElement,4,1,1
eclipse.pde.ui-20120217-1437,org.eclipse.pde.internal.ui.wizards,WizardElement,createExecutableExtension,3,1,0
eclipse.pde.ui-20120217-1437,org.eclipse.pde.internal.ui.wizards,WizardElement,getConfigurationElement,3,1,0
eclipse.pde.ui-20120217-1437,org.eclipse.pde.internal.ui.wizards,WizardElement,getDescription,9,3,0
eclipse.pde.ui-20120217-1437,org.eclipse.pde.internal.ui.wizards,WizardElement,expandDescription,41,10,1
eclipse.pde.ui-20120217-1437,org.eclipse.pde.internal.ui.wizards,WizardElement,getID,3,1,0
eclipse.pde.ui-20120217-1437,org.eclipse.pde.internal.ui.wizards,WizardElement,setImage,3,1,1
eclipse.pde.ui-20120217-1437,org.eclipse.pde.internal.ui.wizards,WizardElement,getTemplateId,3,1,0
eclipse.pde.ui-20120217-1437,org.eclipse.pde.internal.ui.wizards,WizardElement,isTemplate,3,1,0
eclipse.pde.ui-20120217-1437,org.eclipse.pde.internal.ui.wizards,WizardElement,getTemplateElement,4,2,0
eclipse.pde.ui-20120217-1437,org.eclipse.pde.internal.ui.wizards,WizardElement,findTemplateElement,11,4,0
eclipse.pde.ui-20120217-1437,org.eclipse.pde.internal.ui.wizards,WizardElement,getContributingId,4,1,0
eclipse.pde.ui-20120217-1437,org.eclipse.pde.internal.ui.wizards,WizardElement,getLocalId,3,1,0
eclipse.pde.ui-20120217-1437,org.eclipse.pde.internal.ui.wizards,WizardElement,getPluginId,3,1,0
eclipse.pde.ui-20120217-1437,org.eclipse.pde.internal.ui.wizards,WizardElement,create,14,3,1
eclipse.pde.ui-20120217-1437,org.eclipse.pde.internal.ui.wizards,WizardListSelectionPage,WizardSelectedAction,3,1,0
eclipse.pde.ui-20120217-1437,org.eclipse.pde.internal.ui.wizards,WizardListSelectionPage,run,4,1,0
eclipse.pde.ui-20120217-1437,org.eclipse.pde.internal.ui.wizards,WizardListSelectionPage,WizardListSelectionPage,4,1,2
eclipse.pde.ui-20120217-1437,org.eclipse.pde.internal.ui.wizards,WizardListSelectionPage,advanceToNextPage,3,1,0
eclipse.pde.ui-20120217-1437,org.eclipse.pde.internal.ui.wizards,WizardListSelectionPage,getWizardElements,3,1,0
eclipse.pde.ui-20120217-1437,org.eclipse.pde.internal.ui.wizards,WizardListSelectionPage,createControl,33,1,1
eclipse.pde.ui-20120217-1437,org.eclipse.pde.internal.ui.wizards,WizardListSelectionPage,doubleClick,3,1,1
eclipse.pde.ui-20120217-1437,org.eclipse.pde.internal.ui.wizards,WizardListSelectionPage,createAbove,2,1,2
eclipse.pde.ui-20120217-1437,org.eclipse.pde.internal.ui.wizards,WizardListSelectionPage,createBelow,2,1,2
eclipse.pde.ui-20120217-1437,org.eclipse.pde.internal.ui.wizards,WizardListSelectionPage,initializeViewer,2,1,0
eclipse.pde.ui-20120217-1437,org.eclipse.pde.internal.ui.wizards,WizardListSelectionPage,selectionChanged,16,3,1
eclipse.pde.ui-20120217-1437,org.eclipse.pde.internal.ui.wizards,WizardListSelectionPage,getNextPage,12,4,1
eclipse.pde.ui-20120217-1437,org.eclipse.pde.internal.ui.wizards,WizardListSelectionPage,focusAndSelectFirst,10,2,0
eclipse.pde.ui-20120217-1437,org.eclipse.pde.internal.ui.wizards,WizardListSelectionPage,setInitializationData,2,1,3
eclipse.pde.ui-20120217-1437,org.eclipse.pde.internal.ui.wizards,WizardListSelectionPage,getSelectedWizard,5,2,0
eclipse.pde.ui-20120217-1437,org.eclipse.pde.internal.ui.wizards,WizardListSelectionPage,canFlipToNextPage,4,1,0
eclipse.pde.ui-20120217-1437,org.eclipse.pde.internal.ui.wizards,WizardSelectedAction,WizardSelectedAction,3,1,0
eclipse.pde.ui-20120217-1437,org.eclipse.pde.internal.ui.wizards,WizardSelectedAction,run,4,1,0
eclipse.pde.ui-20120217-1437,org.eclipse.pde.internal.ui.wizards,WizardNode,WizardNode,4,1,2
eclipse.pde.ui-20120217-1437,org.eclipse.pde.internal.ui.wizards,WizardNode,createWizard,0,1,0
eclipse.pde.ui-20120217-1437,org.eclipse.pde.internal.ui.wizards,WizardNode,dispose,6,2,0
eclipse.pde.ui-20120217-1437,org.eclipse.pde.internal.ui.wizards,WizardNode,getElement,3,1,0
eclipse.pde.ui-20120217-1437,org.eclipse.pde.internal.ui.wizards,WizardNode,getExtent,3,1,0
eclipse.pde.ui-20120217-1437,org.eclipse.pde.internal.ui.wizards,WizardNode,getWizard,16,3,0
eclipse.pde.ui-20120217-1437,org.eclipse.pde.internal.ui.wizards,WizardNode,isContentCreated,3,1,0
eclipse.pde.ui-20120217-1437,org.eclipse.pde.internal.ui.wizards,WizardTreeSelectionPage,WizardTreeSelectionPage,5,1,3
eclipse.pde.ui-20120217-1437,org.eclipse.pde.internal.ui.wizards,WizardTreeSelectionPage,advanceToNextPage,3,1,0
eclipse.pde.ui-20120217-1437,org.eclipse.pde.internal.ui.wizards,WizardTreeSelectionPage,createControl,48,1,1
eclipse.pde.ui-20120217-1437,org.eclipse.pde.internal.ui.wizards,WizardTreeSelectionPage,doubleClick,9,1,1
eclipse.pde.ui-20120217-1437,org.eclipse.pde.internal.ui.wizards,WizardTreeSelectionPage,run,4,1,0
eclipse.pde.ui-20120217-1437,org.eclipse.pde.internal.ui.wizards,WizardTreeSelectionPage,getSingleSelection,5,2,1
eclipse.pde.ui-20120217-1437,org.eclipse.pde.internal.ui.wizards,WizardTreeSelectionPage,handleCategorySelection,8,2,1
eclipse.pde.ui-20120217-1437,org.eclipse.pde.internal.ui.wizards,WizardTreeSelectionPage,handleWizardSelection,12,2,1
eclipse.pde.ui-20120217-1437,org.eclipse.pde.internal.ui.wizards,WizardTreeSelectionPage,initializeViewers,7,2,0
eclipse.pde.ui-20120217-1437,org.eclipse.pde.internal.ui.wizards,WizardTreeSelectionPage,selectionChanged,4,2,1
eclipse.pde.ui-20120217-1437,org.eclipse.pde.internal.ui.wizards,WizardTreeSelectionPage,setSelectedNode,3,1,1
eclipse.pde.ui-20120217-1437,org.eclipse.pde.internal.ui.wizards.category,CategoryDefinitionWizardPage,CategoryDefinitionWizardPage,7,1,2
eclipse.pde.ui-20120217-1437,org.eclipse.pde.internal.ui.wizards.category,CategoryDefinitionWizardPage,createControl,4,1,1
eclipse.pde.ui-20120217-1437,org.eclipse.pde.internal.ui.wizards.category,CategoryDefinitionWizardPage,createAdvancedControls,2,1,1
eclipse.pde.ui-20120217-1437,org.eclipse.pde.internal.ui.wizards.category,NewCategoryCreationOperation,NewCategoryCreationOperation,5,1,3
eclipse.pde.ui-20120217-1437,org.eclipse.pde.internal.ui.wizards.category,NewCategoryCreationOperation,execute,7,1,1
eclipse.pde.ui-20120217-1437,org.eclipse.pde.internal.ui.wizards.category,NewCategoryCreationOperation,createSiteManifest,11,2,0
eclipse.pde.ui-20120217-1437,org.eclipse.pde.internal.ui.wizards.category,NewCategoryCreationOperation,openFile,23,4,1
eclipse.pde.ui-20120217-1437,org.eclipse.pde.internal.ui.wizards.category,NewCategoryCreationOperation,run,18,4,0
eclipse.pde.ui-20120217-1437,org.eclipse.pde.internal.ui.wizards.category,NewCategoryDefinitionWizard,setInitializationData,3,1,3
eclipse.pde.ui-20120217-1437,org.eclipse.pde.internal.ui.wizards.category,NewCategoryDefinitionWizard,addPages,4,1,0
eclipse.pde.ui-20120217-1437,org.eclipse.pde.internal.ui.wizards.category,NewCategoryDefinitionWizard,performFinish,18,1,0
eclipse.pde.ui-20120217-1437,org.eclipse.pde.internal.ui.wizards.category,NewCategoryDefinitionWizard,init,5,1,2
eclipse.pde.ui-20120217-1437,org.eclipse.pde.internal.ui.wizards.category,NewCategoryDefinitionWizard,initializeDefaultPageImageDescriptor,3,1,0
eclipse.pde.ui-20120217-1437,org.eclipse.pde.internal.ui.wizards.category,NewCategoryDefinitionWizard,setInitialPath,3,1,1
eclipse.pde.ui-20120217-1437,org.eclipse.pde.internal.ui.wizards.category,NewCategoryDefinitionWizard,getFilePath,3,1,0
eclipse.pde.ui-20120217-1437,org.eclipse.pde.internal.ui.wizards.exports,AbstractExportTab,AbstractExportTab,3,1,1
eclipse.pde.ui-20120217-1437,org.eclipse.pde.internal.ui.wizards.exports,AbstractExportTab,createControl,0,1,1
eclipse.pde.ui-20120217-1437,org.eclipse.pde.internal.ui.wizards.exports,AbstractExportTab,initialize,0,1,1
eclipse.pde.ui-20120217-1437,org.eclipse.pde.internal.ui.wizards.exports,AbstractExportTab,saveSettings,0,1,1
eclipse.pde.ui-20120217-1437,org.eclipse.pde.internal.ui.wizards.exports,AbstractExportTab,initializeCombo,9,4,3
eclipse.pde.ui-20120217-1437,org.eclipse.pde.internal.ui.wizards.exports,AbstractExportTab,saveCombo,10,3,3
eclipse.pde.ui-20120217-1437,org.eclipse.pde.internal.ui.wizards.exports,AbstractExportTab,chooseFile,12,4,2
eclipse.pde.ui-20120217-1437,org.eclipse.pde.internal.ui.wizards.exports,AbstractExportTab,isValidLocation,10,2,1
eclipse.pde.ui-20120217-1437,org.eclipse.pde.internal.ui.wizards.exports,AbstractExportWizardPage,AbstractExportWizardPage,3,1,1
eclipse.pde.ui-20120217-1437,org.eclipse.pde.internal.ui.wizards.exports,AbstractExportWizardPage,pageChanged,0,1,0
eclipse.pde.ui-20120217-1437,org.eclipse.pde.internal.ui.wizards.exports,AbstractExportWizardPage,saveSettings,0,1,1
eclipse.pde.ui-20120217-1437,org.eclipse.pde.internal.ui.wizards.exports,AntGeneratingExportWizard,addPages,4,1,0
eclipse.pde.ui-20120217-1437,org.eclipse.pde.internal.ui.wizards.exports,AntGeneratingExportWizard,createPage1,0,1,0
eclipse.pde.ui-20120217-1437,org.eclipse.pde.internal.ui.wizards.exports,AntGeneratingExportWizard,performPreliminaryChecks,58,14,0
eclipse.pde.ui-20120217-1437,org.eclipse.pde.internal.ui.wizards.exports,AntGeneratingExportWizard,confirmDelete,10,4,0
eclipse.pde.ui-20120217-1437,org.eclipse.pde.internal.ui.wizards.exports,AntGeneratingExportWizard,generateAntTask,0,1,0
eclipse.pde.ui-20120217-1437,org.eclipse.pde.internal.ui.wizards.exports,AntGeneratingExportWizard,generateAntBuildFile,18,4,1
eclipse.pde.ui-20120217-1437,org.eclipse.pde.internal.ui.wizards.exports,AntGeneratingExportWizard,setDefaultValues,15,4,2
eclipse.pde.ui-20120217-1437,org.eclipse.pde.internal.ui.wizards.exports,AntGeneratingExportWizard,getExportOperation,3,1,0
eclipse.pde.ui-20120217-1437,org.eclipse.pde.internal.ui.wizards.exports,AntGeneratingExportWizard,AntErrorDialog,4,1,1
eclipse.pde.ui-20120217-1437,org.eclipse.pde.internal.ui.wizards.exports,AntGeneratingExportWizard,createMessageArea,24,1,1
eclipse.pde.ui-20120217-1437,org.eclipse.pde.internal.ui.wizards.exports,AntGeneratingExportWizard,widgetSelected,8,1,1
eclipse.pde.ui-20120217-1437,org.eclipse.pde.internal.ui.wizards.exports,AntErrorDialog,AntErrorDialog,4,1,1
eclipse.pde.ui-20120217-1437,org.eclipse.pde.internal.ui.wizards.exports,AntErrorDialog,createMessageArea,24,1,1
eclipse.pde.ui-20120217-1437,org.eclipse.pde.internal.ui.wizards.exports,AntErrorDialog,widgetSelected,8,1,1
eclipse.pde.ui-20120217-1437,org.eclipse.pde.internal.ui.wizards.exports,BaseExportWizard,BaseExportWizard,7,1,0
eclipse.pde.ui-20120217-1437,org.eclipse.pde.internal.ui.wizards.exports,BaseExportWizard,dispose,4,1,0
eclipse.pde.ui-20120217-1437,org.eclipse.pde.internal.ui.wizards.exports,BaseExportWizard,getSelection,3,1,0
eclipse.pde.ui-20120217-1437,org.eclipse.pde.internal.ui.wizards.exports,BaseExportWizard,getSettingsSection,6,2,1
eclipse.pde.ui-20120217-1437,org.eclipse.pde.internal.ui.wizards.exports,BaseExportWizard,getSettingsSectionName,0,1,0
eclipse.pde.ui-20120217-1437,org.eclipse.pde.internal.ui.wizards.exports,BaseExportWizard,init,3,1,2
eclipse.pde.ui-20120217-1437,org.eclipse.pde.internal.ui.wizards.exports,BaseExportWizard,performFinish,8,4,0
eclipse.pde.ui-20120217-1437,org.eclipse.pde.internal.ui.wizards.exports,BaseExportWizard,saveSettings,7,2,0
eclipse.pde.ui-20120217-1437,org.eclipse.pde.internal.ui.wizards.exports,BaseExportWizard,performPreliminaryChecks,0,1,0
eclipse.pde.ui-20120217-1437,org.eclipse.pde.internal.ui.wizards.exports,BaseExportWizard,confirmDelete,0,1,0
eclipse.pde.ui-20120217-1437,org.eclipse.pde.internal.ui.wizards.exports,BaseExportWizard,scheduleExportJob,0,1,0
eclipse.pde.ui-20120217-1437,org.eclipse.pde.internal.ui.wizards.exports,BaseExportWizardPage,getElements,3,1,1
eclipse.pde.ui-20120217-1437,org.eclipse.pde.internal.ui.wizards.exports,BaseExportWizardPage,ExportPart,3,1,2
eclipse.pde.ui-20120217-1437,org.eclipse.pde.internal.ui.wizards.exports,BaseExportWizardPage,updateCounter,4,1,1
eclipse.pde.ui-20120217-1437,org.eclipse.pde.internal.ui.wizards.exports,BaseExportWizardPage,buttonSelected,12,4,2
eclipse.pde.ui-20120217-1437,org.eclipse.pde.internal.ui.wizards.exports,BaseExportWizardPage,BaseExportWizardPage,6,1,3
eclipse.pde.ui-20120217-1437,org.eclipse.pde.internal.ui.wizards.exports,BaseExportWizardPage,createControl,18,2,1
eclipse.pde.ui-20120217-1437,org.eclipse.pde.internal.ui.wizards.exports,BaseExportWizardPage,createTabs,10,2,2
eclipse.pde.ui-20120217-1437,org.eclipse.pde.internal.ui.wizards.exports,BaseExportWizardPage,createDestinationTab,6,1,1
eclipse.pde.ui-20120217-1437,org.eclipse.pde.internal.ui.wizards.exports,BaseExportWizardPage,createOptionsTab,6,1,1
eclipse.pde.ui-20120217-1437,org.eclipse.pde.internal.ui.wizards.exports,BaseExportWizardPage,createJARSigningTab,6,1,1
eclipse.pde.ui-20120217-1437,org.eclipse.pde.internal.ui.wizards.exports,BaseExportWizardPage,createViewer,29,2,1
eclipse.pde.ui-20120217-1437,org.eclipse.pde.internal.ui.wizards.exports,BaseExportWizardPage,doubleClick,7,2,1
eclipse.pde.ui-20120217-1437,org.eclipse.pde.internal.ui.wizards.exports,BaseExportWizardPage,getInput,0,1,0
eclipse.pde.ui-20120217-1437,org.eclipse.pde.internal.ui.wizards.exports,BaseExportWizardPage,initializeViewer,26,8,0
eclipse.pde.ui-20120217-1437,org.eclipse.pde.internal.ui.wizards.exports,BaseExportWizardPage,handleWorkingSets,18,5,0
eclipse.pde.ui-20120217-1437,org.eclipse.pde.internal.ui.wizards.exports,BaseExportWizardPage,getSelectedItems,3,1,0
eclipse.pde.ui-20120217-1437,org.eclipse.pde.internal.ui.wizards.exports,BaseExportWizardPage,pageChanged,13,5,0
eclipse.pde.ui-20120217-1437,org.eclipse.pde.internal.ui.wizards.exports,BaseExportWizardPage,validateTabs,6,3,0
eclipse.pde.ui-20120217-1437,org.eclipse.pde.internal.ui.wizards.exports,BaseExportWizardPage,hookHelpContext,0,1,1
eclipse.pde.ui-20120217-1437,org.eclipse.pde.internal.ui.wizards.exports,BaseExportWizardPage,isValidModel,0,1,1
eclipse.pde.ui-20120217-1437,org.eclipse.pde.internal.ui.wizards.exports,BaseExportWizardPage,getListElements,0,1,0
eclipse.pde.ui-20120217-1437,org.eclipse.pde.internal.ui.wizards.exports,BaseExportWizardPage,findModelFor,0,1,1
eclipse.pde.ui-20120217-1437,org.eclipse.pde.internal.ui.wizards.exports,BaseExportWizardPage,saveSettings,5,2,1
eclipse.pde.ui-20120217-1437,org.eclipse.pde.internal.ui.wizards.exports,BaseExportWizardPage,doExportToDirectory,3,1,0
eclipse.pde.ui-20120217-1437,org.eclipse.pde.internal.ui.wizards.exports,BaseExportWizardPage,getFileName,3,1,0
eclipse.pde.ui-20120217-1437,org.eclipse.pde.internal.ui.wizards.exports,BaseExportWizardPage,getDestination,3,1,0
eclipse.pde.ui-20120217-1437,org.eclipse.pde.internal.ui.wizards.exports,BaseExportWizardPage,doInstall,3,1,0
eclipse.pde.ui-20120217-1437,org.eclipse.pde.internal.ui.wizards.exports,BaseExportWizardPage,doExportSource,3,1,0
eclipse.pde.ui-20120217-1437,org.eclipse.pde.internal.ui.wizards.exports,BaseExportWizardPage,doExportSourceBundles,3,1,0
eclipse.pde.ui-20120217-1437,org.eclipse.pde.internal.ui.wizards.exports,BaseExportWizardPage,useJARFormat,3,1,0
eclipse.pde.ui-20120217-1437,org.eclipse.pde.internal.ui.wizards.exports,BaseExportWizardPage,allowBinaryCycles,3,1,0
eclipse.pde.ui-20120217-1437,org.eclipse.pde.internal.ui.wizards.exports,BaseExportWizardPage,useWorkspaceCompiledClasses,3,1,0
eclipse.pde.ui-20120217-1437,org.eclipse.pde.internal.ui.wizards.exports,BaseExportWizardPage,doGenerateAntFile,3,1,0
eclipse.pde.ui-20120217-1437,org.eclipse.pde.internal.ui.wizards.exports,BaseExportWizardPage,getAntBuildFileName,3,1,0
eclipse.pde.ui-20120217-1437,org.eclipse.pde.internal.ui.wizards.exports,BaseExportWizardPage,getQualifier,3,1,0
eclipse.pde.ui-20120217-1437,org.eclipse.pde.internal.ui.wizards.exports,BaseExportWizardPage,getSigningInfo,4,2,0
eclipse.pde.ui-20120217-1437,org.eclipse.pde.internal.ui.wizards.exports,BaseExportWizardPage,adjustAdvancedTabsVisibility,0,1,0
eclipse.pde.ui-20120217-1437,org.eclipse.pde.internal.ui.wizards.exports,BaseExportWizardPage,adjustJARSigningTabVisibility,15,4,0
eclipse.pde.ui-20120217-1437,org.eclipse.pde.internal.ui.wizards.exports,ExportListProvider,getElements,3,1,1
eclipse.pde.ui-20120217-1437,org.eclipse.pde.internal.ui.wizards.exports,ExportPart,ExportPart,3,1,2
eclipse.pde.ui-20120217-1437,org.eclipse.pde.internal.ui.wizards.exports,ExportPart,updateCounter,4,1,1
eclipse.pde.ui-20120217-1437,org.eclipse.pde.internal.ui.wizards.exports,ExportPart,buttonSelected,12,4,2
eclipse.pde.ui-20120217-1437,org.eclipse.pde.internal.ui.wizards.exports,CrossPlatformExportPage,toString,3,1,0
eclipse.pde.ui-20120217-1437,org.eclipse.pde.internal.ui.wizards.exports,CrossPlatformExportPage,equals,7,2,1
eclipse.pde.ui-20120217-1437,org.eclipse.pde.internal.ui.wizards.exports,CrossPlatformExportPage,getElements,3,1,1
eclipse.pde.ui-20120217-1437,org.eclipse.pde.internal.ui.wizards.exports,CrossPlatformExportPage,PlatformPart,3,1,2
eclipse.pde.ui-20120217-1437,org.eclipse.pde.internal.ui.wizards.exports,CrossPlatformExportPage,updateCounter,4,1,1
eclipse.pde.ui-20120217-1437,org.eclipse.pde.internal.ui.wizards.exports,CrossPlatformExportPage,buttonSelected,10,3,2
eclipse.pde.ui-20120217-1437,org.eclipse.pde.internal.ui.wizards.exports,CrossPlatformExportPage,CrossPlatformExportPage,7,1,2
eclipse.pde.ui-20120217-1437,org.eclipse.pde.internal.ui.wizards.exports,CrossPlatformExportPage,createControl,12,1,1
eclipse.pde.ui-20120217-1437,org.eclipse.pde.internal.ui.wizards.exports,CrossPlatformExportPage,initialize,34,7,0
eclipse.pde.ui-20120217-1437,org.eclipse.pde.internal.ui.wizards.exports,CrossPlatformExportPage,saveSettings,9,3,1
eclipse.pde.ui-20120217-1437,org.eclipse.pde.internal.ui.wizards.exports,CrossPlatformExportPage,getListElements,13,5,0
eclipse.pde.ui-20120217-1437,org.eclipse.pde.internal.ui.wizards.exports,CrossPlatformExportPage,getWS,6,3,2
eclipse.pde.ui-20120217-1437,org.eclipse.pde.internal.ui.wizards.exports,CrossPlatformExportPage,getOS,12,3,3
eclipse.pde.ui-20120217-1437,org.eclipse.pde.internal.ui.wizards.exports,CrossPlatformExportPage,pageChanged,3,1,0
eclipse.pde.ui-20120217-1437,org.eclipse.pde.internal.ui.wizards.exports,CrossPlatformExportPage,getTargets,14,2,0
eclipse.pde.ui-20120217-1437,org.eclipse.pde.internal.ui.wizards.exports,Configuration,toString,3,1,0
eclipse.pde.ui-20120217-1437,org.eclipse.pde.internal.ui.wizards.exports,Configuration,equals,7,2,1
eclipse.pde.ui-20120217-1437,org.eclipse.pde.internal.ui.wizards.exports,ContentProvider,getElements,3,1,1
eclipse.pde.ui-20120217-1437,org.eclipse.pde.internal.ui.wizards.exports,PlatformPart,PlatformPart,3,1,2
eclipse.pde.ui-20120217-1437,org.eclipse.pde.internal.ui.wizards.exports,PlatformPart,updateCounter,4,1,1
eclipse.pde.ui-20120217-1437,org.eclipse.pde.internal.ui.wizards.exports,PlatformPart,buttonSelected,10,3,2
eclipse.pde.ui-20120217-1437,org.eclipse.pde.internal.ui.wizards.exports,ExportDestinationTab,ExportDestinationTab,3,1,1
eclipse.pde.ui-20120217-1437,org.eclipse.pde.internal.ui.wizards.exports,ExportDestinationTab,createControl,19,1,1
eclipse.pde.ui-20120217-1437,org.eclipse.pde.internal.ui.wizards.exports,ExportDestinationTab,initialize,23,3,1
eclipse.pde.ui-20120217-1437,org.eclipse.pde.internal.ui.wizards.exports,ExportDestinationTab,initializeCombo,4,2,3
eclipse.pde.ui-20120217-1437,org.eclipse.pde.internal.ui.wizards.exports,ExportDestinationTab,updateExportType,11,2,0
eclipse.pde.ui-20120217-1437,org.eclipse.pde.internal.ui.wizards.exports,ExportDestinationTab,hookListeners,54,2,0
eclipse.pde.ui-20120217-1437,org.eclipse.pde.internal.ui.wizards.exports,ExportDestinationTab,widgetSelected,4,1,1
eclipse.pde.ui-20120217-1437,org.eclipse.pde.internal.ui.wizards.exports,ExportDestinationTab,widgetSelected,3,1,1
eclipse.pde.ui-20120217-1437,org.eclipse.pde.internal.ui.wizards.exports,ExportDestinationTab,modifyText,3,1,1
eclipse.pde.ui-20120217-1437,org.eclipse.pde.internal.ui.wizards.exports,ExportDestinationTab,modifyText,3,1,1
eclipse.pde.ui-20120217-1437,org.eclipse.pde.internal.ui.wizards.exports,ExportDestinationTab,widgetSelected,3,1,1
eclipse.pde.ui-20120217-1437,org.eclipse.pde.internal.ui.wizards.exports,ExportDestinationTab,widgetSelected,6,2,1
eclipse.pde.ui-20120217-1437,org.eclipse.pde.internal.ui.wizards.exports,ExportDestinationTab,modifyText,3,1,1
eclipse.pde.ui-20120217-1437,org.eclipse.pde.internal.ui.wizards.exports,ExportDestinationTab,widgetSelected,3,1,1
eclipse.pde.ui-20120217-1437,org.eclipse.pde.internal.ui.wizards.exports,ExportDestinationTab,chooseDestination,13,4,1
eclipse.pde.ui-20120217-1437,org.eclipse.pde.internal.ui.wizards.exports,ExportDestinationTab,saveSettings,10,2,1
eclipse.pde.ui-20120217-1437,org.eclipse.pde.internal.ui.wizards.exports,ExportDestinationTab,validate,15,10,0
eclipse.pde.ui-20120217-1437,org.eclipse.pde.internal.ui.wizards.exports,ExportDestinationTab,getFileName,13,4,0
eclipse.pde.ui-20120217-1437,org.eclipse.pde.internal.ui.wizards.exports,ExportDestinationTab,getDestination,16,4,0
eclipse.pde.ui-20120217-1437,org.eclipse.pde.internal.ui.wizards.exports,ExportDestinationTab,doExportToDirectory,3,1,0
eclipse.pde.ui-20120217-1437,org.eclipse.pde.internal.ui.wizards.exports,ExportDestinationTab,doInstall,3,1,0
eclipse.pde.ui-20120217-1437,org.eclipse.pde.internal.ui.wizards.exports,ExportOptionsTab,ExportOptionsTab,3,1,1
eclipse.pde.ui-20120217-1437,org.eclipse.pde.internal.ui.wizards.exports,ExportOptionsTab,createControl,13,1,1
eclipse.pde.ui-20120217-1437,org.eclipse.pde.internal.ui.wizards.exports,ExportOptionsTab,addSourceOption,14,1,1
eclipse.pde.ui-20120217-1437,org.eclipse.pde.internal.ui.wizards.exports,ExportOptionsTab,addJAROption,9,1,1
eclipse.pde.ui-20120217-1437,org.eclipse.pde.internal.ui.wizards.exports,ExportOptionsTab,widgetSelected,2,1,1
eclipse.pde.ui-20120217-1437,org.eclipse.pde.internal.ui.wizards.exports,ExportOptionsTab,addAllowBinaryCyclesSection,4,1,1
eclipse.pde.ui-20120217-1437,org.eclipse.pde.internal.ui.wizards.exports,ExportOptionsTab,addUseWorkspaceCompiledClassesSection,4,1,1
eclipse.pde.ui-20120217-1437,org.eclipse.pde.internal.ui.wizards.exports,ExportOptionsTab,getJarButtonText,3,1,0
eclipse.pde.ui-20120217-1437,org.eclipse.pde.internal.ui.wizards.exports,ExportOptionsTab,addAdditionalOptions,2,1,1
eclipse.pde.ui-20120217-1437,org.eclipse.pde.internal.ui.wizards.exports,ExportOptionsTab,addAntSection,18,1,1
eclipse.pde.ui-20120217-1437,org.eclipse.pde.internal.ui.wizards.exports,ExportOptionsTab,addQualifierOption,17,1,1
eclipse.pde.ui-20120217-1437,org.eclipse.pde.internal.ui.wizards.exports,ExportOptionsTab,modifyText,3,1,1
eclipse.pde.ui-20120217-1437,org.eclipse.pde.internal.ui.wizards.exports,ExportOptionsTab,initialize,18,1,1
eclipse.pde.ui-20120217-1437,org.eclipse.pde.internal.ui.wizards.exports,ExportOptionsTab,saveSettings,11,1,1
eclipse.pde.ui-20120217-1437,org.eclipse.pde.internal.ui.wizards.exports,ExportOptionsTab,getInitialQualifierText,5,2,1
eclipse.pde.ui-20120217-1437,org.eclipse.pde.internal.ui.wizards.exports,ExportOptionsTab,getInitialJarButtonSelection,4,1,1
eclipse.pde.ui-20120217-1437,org.eclipse.pde.internal.ui.wizards.exports,ExportOptionsTab,getInitialAllowBinaryCyclesSelection,4,1,1
eclipse.pde.ui-20120217-1437,org.eclipse.pde.internal.ui.wizards.exports,ExportOptionsTab,getInitialUseWorkspaceCompiledClassesSelection,4,1,1
eclipse.pde.ui-20120217-1437,org.eclipse.pde.internal.ui.wizards.exports,ExportOptionsTab,hookListeners,47,1,0
eclipse.pde.ui-20120217-1437,org.eclipse.pde.internal.ui.wizards.exports,ExportOptionsTab,widgetSelected,3,1,1
eclipse.pde.ui-20120217-1437,org.eclipse.pde.internal.ui.wizards.exports,ExportOptionsTab,widgetSelected,3,1,1
eclipse.pde.ui-20120217-1437,org.eclipse.pde.internal.ui.wizards.exports,ExportOptionsTab,widgetSelected,5,1,1
eclipse.pde.ui-20120217-1437,org.eclipse.pde.internal.ui.wizards.exports,ExportOptionsTab,widgetSelected,3,1,1
eclipse.pde.ui-20120217-1437,org.eclipse.pde.internal.ui.wizards.exports,ExportOptionsTab,widgetSelected,3,1,1
eclipse.pde.ui-20120217-1437,org.eclipse.pde.internal.ui.wizards.exports,ExportOptionsTab,modifyText,3,1,1
eclipse.pde.ui-20120217-1437,org.eclipse.pde.internal.ui.wizards.exports,ExportOptionsTab,widgetSelected,4,1,1
eclipse.pde.ui-20120217-1437,org.eclipse.pde.internal.ui.wizards.exports,ExportOptionsTab,validate,4,2,0
eclipse.pde.ui-20120217-1437,org.eclipse.pde.internal.ui.wizards.exports,ExportOptionsTab,validateAntCombo,5,2,0
eclipse.pde.ui-20120217-1437,org.eclipse.pde.internal.ui.wizards.exports,ExportOptionsTab,doExportSource,3,1,0
eclipse.pde.ui-20120217-1437,org.eclipse.pde.internal.ui.wizards.exports,ExportOptionsTab,doExportSourceBundles,3,1,0
eclipse.pde.ui-20120217-1437,org.eclipse.pde.internal.ui.wizards.exports,ExportOptionsTab,doBinaryCycles,3,1,0
eclipse.pde.ui-20120217-1437,org.eclipse.pde.internal.ui.wizards.exports,ExportOptionsTab,useWorkspaceCompiledClasses,3,1,0
eclipse.pde.ui-20120217-1437,org.eclipse.pde.internal.ui.wizards.exports,ExportOptionsTab,useJARFormat,3,1,0
eclipse.pde.ui-20120217-1437,org.eclipse.pde.internal.ui.wizards.exports,ExportOptionsTab,doGenerateAntFile,3,1,0
eclipse.pde.ui-20120217-1437,org.eclipse.pde.internal.ui.wizards.exports,ExportOptionsTab,getAntBuildFileName,3,1,0
eclipse.pde.ui-20120217-1437,org.eclipse.pde.internal.ui.wizards.exports,ExportOptionsTab,getQualifier,7,3,0
eclipse.pde.ui-20120217-1437,org.eclipse.pde.internal.ui.wizards.exports,ExportOptionsTab,setEnabledForInstall,5,1,1
eclipse.pde.ui-20120217-1437,org.eclipse.pde.internal.ui.wizards.exports,FeatureDestinationTab,FeatureDestinationTab,3,1,1
eclipse.pde.ui-20120217-1437,org.eclipse.pde.internal.ui.wizards.exports,FeatureDestinationTab,hookListeners,10,1,0
eclipse.pde.ui-20120217-1437,org.eclipse.pde.internal.ui.wizards.exports,FeatureDestinationTab,widgetSelected,4,1,1
eclipse.pde.ui-20120217-1437,org.eclipse.pde.internal.ui.wizards.exports,FeatureExportWizard,FeatureExportWizard,3,1,0
eclipse.pde.ui-20120217-1437,org.eclipse.pde.internal.ui.wizards.exports,FeatureExportWizard,addPages,9,2,0
eclipse.pde.ui-20120217-1437,org.eclipse.pde.internal.ui.wizards.exports,FeatureExportWizard,createPage1,3,1,0
eclipse.pde.ui-20120217-1437,org.eclipse.pde.internal.ui.wizards.exports,FeatureExportWizard,getSettingsSectionName,3,1,0
eclipse.pde.ui-20120217-1437,org.eclipse.pde.internal.ui.wizards.exports,FeatureExportWizard,scheduleExportJob,54,8,0
eclipse.pde.ui-20120217-1437,org.eclipse.pde.internal.ui.wizards.exports,FeatureExportWizard,done,20,4,1
eclipse.pde.ui-20120217-1437,org.eclipse.pde.internal.ui.wizards.exports,FeatureExportWizard,run,4,1,0
eclipse.pde.ui-20120217-1437,org.eclipse.pde.internal.ui.wizards.exports,FeatureExportWizard,generateAntTask,32,3,0
eclipse.pde.ui-20120217-1437,org.eclipse.pde.internal.ui.wizards.exports,FeatureExportWizard,getFeatureIDs,12,4,0
eclipse.pde.ui-20120217-1437,org.eclipse.pde.internal.ui.wizards.exports,FeatureExportWizardPage,FeatureExportWizardPage,4,1,1
eclipse.pde.ui-20120217-1437,org.eclipse.pde.internal.ui.wizards.exports,FeatureExportWizardPage,getInput,3,1,0
eclipse.pde.ui-20120217-1437,org.eclipse.pde.internal.ui.wizards.exports,FeatureExportWizardPage,getListElements,4,1,0
eclipse.pde.ui-20120217-1437,org.eclipse.pde.internal.ui.wizards.exports,FeatureExportWizardPage,hookHelpContext,3,1,1
eclipse.pde.ui-20120217-1437,org.eclipse.pde.internal.ui.wizards.exports,FeatureExportWizardPage,isValidModel,3,1,1
eclipse.pde.ui-20120217-1437,org.eclipse.pde.internal.ui.wizards.exports,FeatureExportWizardPage,createTabs,7,2,2
eclipse.pde.ui-20120217-1437,org.eclipse.pde.internal.ui.wizards.exports,FeatureExportWizardPage,createDestinationTab,6,1,1
eclipse.pde.ui-20120217-1437,org.eclipse.pde.internal.ui.wizards.exports,FeatureExportWizardPage,createOptionsTab,6,1,1
eclipse.pde.ui-20120217-1437,org.eclipse.pde.internal.ui.wizards.exports,FeatureExportWizardPage,createJNLPTab,6,1,1
eclipse.pde.ui-20120217-1437,org.eclipse.pde.internal.ui.wizards.exports,FeatureExportWizardPage,findModelFor,5,2,1
eclipse.pde.ui-20120217-1437,org.eclipse.pde.internal.ui.wizards.exports,FeatureExportWizardPage,saveSettings,4,2,1
eclipse.pde.ui-20120217-1437,org.eclipse.pde.internal.ui.wizards.exports,FeatureExportWizardPage,validateTabs,5,2,0
eclipse.pde.ui-20120217-1437,org.eclipse.pde.internal.ui.wizards.exports,FeatureExportWizardPage,adjustAdvancedTabsVisibility,5,1,0
eclipse.pde.ui-20120217-1437,org.eclipse.pde.internal.ui.wizards.exports,FeatureExportWizardPage,adjustJNLPTabVisibility,16,4,0
eclipse.pde.ui-20120217-1437,org.eclipse.pde.internal.ui.wizards.exports,FeatureExportWizardPage,doMultiPlatform,3,1,0
eclipse.pde.ui-20120217-1437,org.eclipse.pde.internal.ui.wizards.exports,FeatureExportWizardPage,getJNLPInfo,4,2,0
eclipse.pde.ui-20120217-1437,org.eclipse.pde.internal.ui.wizards.exports,FeatureExportWizardPage,doExportMetadata,6,2,0
eclipse.pde.ui-20120217-1437,org.eclipse.pde.internal.ui.wizards.exports,FeatureExportWizardPage,getCategoryDefinition,6,2,0
eclipse.pde.ui-20120217-1437,org.eclipse.pde.internal.ui.wizards.exports,FeatureExportWizardPage,getNextPage,3,1,0
eclipse.pde.ui-20120217-1437,org.eclipse.pde.internal.ui.wizards.exports,FeatureOptionsTab,CategoryResourceListSelectionDialog,15,2,4
eclipse.pde.ui-20120217-1437,org.eclipse.pde.internal.ui.wizards.exports,FeatureOptionsTab,select,9,2,3
eclipse.pde.ui-20120217-1437,org.eclipse.pde.internal.ui.wizards.exports,FeatureOptionsTab,validateItem,20,5,1
eclipse.pde.ui-20120217-1437,org.eclipse.pde.internal.ui.wizards.exports,FeatureOptionsTab,FeatureOptionsTab,3,1,1
eclipse.pde.ui-20120217-1437,org.eclipse.pde.internal.ui.wizards.exports,FeatureOptionsTab,addAdditionalOptions,40,2,1
eclipse.pde.ui-20120217-1437,org.eclipse.pde.internal.ui.wizards.exports,FeatureOptionsTab,widgetSelected,5,1,1
eclipse.pde.ui-20120217-1437,org.eclipse.pde.internal.ui.wizards.exports,FeatureOptionsTab,getJarButtonText,3,1,0
eclipse.pde.ui-20120217-1437,org.eclipse.pde.internal.ui.wizards.exports,FeatureOptionsTab,doExportMetadata,3,1,0
eclipse.pde.ui-20120217-1437,org.eclipse.pde.internal.ui.wizards.exports,FeatureOptionsTab,getCategoryDefinition,7,3,0
eclipse.pde.ui-20120217-1437,org.eclipse.pde.internal.ui.wizards.exports,FeatureOptionsTab,doExportCategories,3,1,0
eclipse.pde.ui-20120217-1437,org.eclipse.pde.internal.ui.wizards.exports,FeatureOptionsTab,initialize,25,5,1
eclipse.pde.ui-20120217-1437,org.eclipse.pde.internal.ui.wizards.exports,FeatureOptionsTab,saveSettings,9,2,1
eclipse.pde.ui-20120217-1437,org.eclipse.pde.internal.ui.wizards.exports,FeatureOptionsTab,hookListeners,30,2,0
eclipse.pde.ui-20120217-1437,org.eclipse.pde.internal.ui.wizards.exports,FeatureOptionsTab,widgetSelected,3,1,1
eclipse.pde.ui-20120217-1437,org.eclipse.pde.internal.ui.wizards.exports,FeatureOptionsTab,widgetSelected,4,1,1
eclipse.pde.ui-20120217-1437,org.eclipse.pde.internal.ui.wizards.exports,FeatureOptionsTab,widgetSelected,3,1,1
eclipse.pde.ui-20120217-1437,org.eclipse.pde.internal.ui.wizards.exports,FeatureOptionsTab,widgetSelected,3,1,1
eclipse.pde.ui-20120217-1437,org.eclipse.pde.internal.ui.wizards.exports,FeatureOptionsTab,updateCategoryGeneration,4,1,0
eclipse.pde.ui-20120217-1437,org.eclipse.pde.internal.ui.wizards.exports,FeatureOptionsTab,doMultiplePlatform,3,1,0
eclipse.pde.ui-20120217-1437,org.eclipse.pde.internal.ui.wizards.exports,FeatureOptionsTab,setEnabledForInstall,10,2,1
eclipse.pde.ui-20120217-1437,org.eclipse.pde.internal.ui.wizards.exports,FeatureOptionsTab,openFile,17,6,1
eclipse.pde.ui-20120217-1437,org.eclipse.pde.internal.ui.wizards.exports,CategoryResourceListSelectionDialog,CategoryResourceListSelectionDialog,15,2,4
eclipse.pde.ui-20120217-1437,org.eclipse.pde.internal.ui.wizards.exports,CategoryResourceListSelectionDialog,select,9,2,3
eclipse.pde.ui-20120217-1437,org.eclipse.pde.internal.ui.wizards.exports,CategoryResourceListSelectionDialog,validateItem,20,5,1
eclipse.pde.ui-20120217-1437,org.eclipse.pde.internal.ui.wizards.exports,JARSigningTab,JARSigningTab,3,1,1
eclipse.pde.ui-20120217-1437,org.eclipse.pde.internal.ui.wizards.exports,JARSigningTab,createControl,47,3,1
eclipse.pde.ui-20120217-1437,org.eclipse.pde.internal.ui.wizards.exports,JARSigningTab,widgetSelected,4,1,1
eclipse.pde.ui-20120217-1437,org.eclipse.pde.internal.ui.wizards.exports,JARSigningTab,widgetSelected,10,3,1
eclipse.pde.ui-20120217-1437,org.eclipse.pde.internal.ui.wizards.exports,JARSigningTab,initialize,8,1,1
eclipse.pde.ui-20120217-1437,org.eclipse.pde.internal.ui.wizards.exports,JARSigningTab,getString,4,1,2
eclipse.pde.ui-20120217-1437,org.eclipse.pde.internal.ui.wizards.exports,JARSigningTab,createLabel,8,1,2
eclipse.pde.ui-20120217-1437,org.eclipse.pde.internal.ui.wizards.exports,JARSigningTab,createText,13,1,2
eclipse.pde.ui-20120217-1437,org.eclipse.pde.internal.ui.wizards.exports,JARSigningTab,modifyText,3,1,1
eclipse.pde.ui-20120217-1437,org.eclipse.pde.internal.ui.wizards.exports,JARSigningTab,validate,15,5,0
eclipse.pde.ui-20120217-1437,org.eclipse.pde.internal.ui.wizards.exports,JARSigningTab,updateGroup,11,1,1
eclipse.pde.ui-20120217-1437,org.eclipse.pde.internal.ui.wizards.exports,JARSigningTab,saveSettings,7,1,1
eclipse.pde.ui-20120217-1437,org.eclipse.pde.internal.ui.wizards.exports,JARSigningTab,getSigningInfo,6,2,0
eclipse.pde.ui-20120217-1437,org.eclipse.pde.internal.ui.wizards.exports,JNLPTab,JNLPTab,3,1,1
eclipse.pde.ui-20120217-1437,org.eclipse.pde.internal.ui.wizards.exports,JNLPTab,createControl,23,1,1
eclipse.pde.ui-20120217-1437,org.eclipse.pde.internal.ui.wizards.exports,JNLPTab,widgetSelected,4,1,1
eclipse.pde.ui-20120217-1437,org.eclipse.pde.internal.ui.wizards.exports,JNLPTab,createLabel,8,1,2
eclipse.pde.ui-20120217-1437,org.eclipse.pde.internal.ui.wizards.exports,JNLPTab,createText,11,1,1
eclipse.pde.ui-20120217-1437,org.eclipse.pde.internal.ui.wizards.exports,JNLPTab,modifyText,3,1,1
eclipse.pde.ui-20120217-1437,org.eclipse.pde.internal.ui.wizards.exports,JNLPTab,initialize,6,1,1
eclipse.pde.ui-20120217-1437,org.eclipse.pde.internal.ui.wizards.exports,JNLPTab,getString,4,1,2
eclipse.pde.ui-20120217-1437,org.eclipse.pde.internal.ui.wizards.exports,JNLPTab,updateGroup,6,1,1
eclipse.pde.ui-20120217-1437,org.eclipse.pde.internal.ui.wizards.exports,JNLPTab,validate,12,4,0
eclipse.pde.ui-20120217-1437,org.eclipse.pde.internal.ui.wizards.exports,JNLPTab,saveSettings,5,1,1
eclipse.pde.ui-20120217-1437,org.eclipse.pde.internal.ui.wizards.exports,JNLPTab,getJNLPInfo,6,2,0
eclipse.pde.ui-20120217-1437,org.eclipse.pde.internal.ui.wizards.exports,PluginExportWizard,PluginExportWizard,3,1,0
eclipse.pde.ui-20120217-1437,org.eclipse.pde.internal.ui.wizards.exports,PluginExportWizard,createPage1,3,1,0
eclipse.pde.ui-20120217-1437,org.eclipse.pde.internal.ui.wizards.exports,PluginExportWizard,getSettingsSectionName,3,1,0
eclipse.pde.ui-20120217-1437,org.eclipse.pde.internal.ui.wizards.exports,PluginExportWizard,scheduleExportJob,46,5,0
eclipse.pde.ui-20120217-1437,org.eclipse.pde.internal.ui.wizards.exports,PluginExportWizard,done,20,4,1
eclipse.pde.ui-20120217-1437,org.eclipse.pde.internal.ui.wizards.exports,PluginExportWizard,run,4,1,0
eclipse.pde.ui-20120217-1437,org.eclipse.pde.internal.ui.wizards.exports,PluginExportWizard,generateAntTask,32,3,0
eclipse.pde.ui-20120217-1437,org.eclipse.pde.internal.ui.wizards.exports,PluginExportWizard,getPluginIDs,12,4,0
eclipse.pde.ui-20120217-1437,org.eclipse.pde.internal.ui.wizards.exports,PluginExportWizardPage,PluginExportWizardPage,4,1,1
eclipse.pde.ui-20120217-1437,org.eclipse.pde.internal.ui.wizards.exports,PluginExportWizardPage,getInput,3,1,0
eclipse.pde.ui-20120217-1437,org.eclipse.pde.internal.ui.wizards.exports,PluginExportWizardPage,getListElements,13,4,0
eclipse.pde.ui-20120217-1437,org.eclipse.pde.internal.ui.wizards.exports,PluginExportWizardPage,hookHelpContext,3,1,1
eclipse.pde.ui-20120217-1437,org.eclipse.pde.internal.ui.wizards.exports,PluginExportWizardPage,hasBuildProperties,4,1,1
eclipse.pde.ui-20120217-1437,org.eclipse.pde.internal.ui.wizards.exports,PluginExportWizardPage,isValidModel,3,1,1
eclipse.pde.ui-20120217-1437,org.eclipse.pde.internal.ui.wizards.exports,PluginExportWizardPage,findModelFor,11,5,1
eclipse.pde.ui-20120217-1437,org.eclipse.pde.internal.ui.wizards.exports,PluginExportWizardPage,isEnableJarButton,3,1,0
eclipse.pde.ui-20120217-1437,org.eclipse.pde.internal.ui.wizards.exports,PluginExportWizardPage,adjustAdvancedTabsVisibility,4,1,0
eclipse.pde.ui-20120217-1437,org.eclipse.pde.internal.ui.wizards.exports,ProductConfigurationSection,ProductConfigurationSection,3,1,1
eclipse.pde.ui-20120217-1437,org.eclipse.pde.internal.ui.wizards.exports,ProductConfigurationSection,createControl,27,1,1
eclipse.pde.ui-20120217-1437,org.eclipse.pde.internal.ui.wizards.exports,ProductConfigurationSection,widgetSelected,3,1,1
eclipse.pde.ui-20120217-1437,org.eclipse.pde.internal.ui.wizards.exports,ProductConfigurationSection,handleBrowse,19,4,0
eclipse.pde.ui-20120217-1437,org.eclipse.pde.internal.ui.wizards.exports,ProductConfigurationSection,hookListeners,9,1,0
eclipse.pde.ui-20120217-1437,org.eclipse.pde.internal.ui.wizards.exports,ProductConfigurationSection,modifyText,4,1,1
eclipse.pde.ui-20120217-1437,org.eclipse.pde.internal.ui.wizards.exports,ProductConfigurationSection,initialize,43,15,2
eclipse.pde.ui-20120217-1437,org.eclipse.pde.internal.ui.wizards.exports,ProductConfigurationSection,getProductFile,3,1,0
eclipse.pde.ui-20120217-1437,org.eclipse.pde.internal.ui.wizards.exports,ProductConfigurationSection,getProductFile,5,2,1
eclipse.pde.ui-20120217-1437,org.eclipse.pde.internal.ui.wizards.exports,ProductConfigurationSection,updateProductFields,11,3,0
eclipse.pde.ui-20120217-1437,org.eclipse.pde.internal.ui.wizards.exports,ProductConfigurationSection,setRoot,12,4,1
eclipse.pde.ui-20120217-1437,org.eclipse.pde.internal.ui.wizards.exports,ProductConfigurationSection,getRootDirectory,3,1,0
eclipse.pde.ui-20120217-1437,org.eclipse.pde.internal.ui.wizards.exports,ProductConfigurationSection,saveSettings,12,2,1
eclipse.pde.ui-20120217-1437,org.eclipse.pde.internal.ui.wizards.exports,ProductConfigurationSection,saveCombo,10,3,1
eclipse.pde.ui-20120217-1437,org.eclipse.pde.internal.ui.wizards.exports,ProductConfigurationSection,validate,9,4,0
eclipse.pde.ui-20120217-1437,org.eclipse.pde.internal.ui.wizards.exports,ProductDestinationGroup,ProductDestinationGroup,3,1,1
eclipse.pde.ui-20120217-1437,org.eclipse.pde.internal.ui.wizards.exports,ProductDestinationGroup,createControl,23,1,1
eclipse.pde.ui-20120217-1437,org.eclipse.pde.internal.ui.wizards.exports,ProductDestinationGroup,initialize,3,1,1
eclipse.pde.ui-20120217-1437,org.eclipse.pde.internal.ui.wizards.exports,ProductDestinationGroup,initialize,16,2,2
eclipse.pde.ui-20120217-1437,org.eclipse.pde.internal.ui.wizards.exports,ProductDestinationGroup,initializeCombo,4,2,3
eclipse.pde.ui-20120217-1437,org.eclipse.pde.internal.ui.wizards.exports,ProductDestinationGroup,updateDestination,19,5,1
eclipse.pde.ui-20120217-1437,org.eclipse.pde.internal.ui.wizards.exports,ProductDestinationGroup,toggleDestinationGroup,6,1,1
eclipse.pde.ui-20120217-1437,org.eclipse.pde.internal.ui.wizards.exports,ProductDestinationGroup,hookListeners,33,1,0
eclipse.pde.ui-20120217-1437,org.eclipse.pde.internal.ui.wizards.exports,ProductDestinationGroup,widgetSelected,4,1,1
eclipse.pde.ui-20120217-1437,org.eclipse.pde.internal.ui.wizards.exports,ProductDestinationGroup,widgetSelected,3,1,1
eclipse.pde.ui-20120217-1437,org.eclipse.pde.internal.ui.wizards.exports,ProductDestinationGroup,modifyText,3,1,1
eclipse.pde.ui-20120217-1437,org.eclipse.pde.internal.ui.wizards.exports,ProductDestinationGroup,modifyText,3,1,1
eclipse.pde.ui-20120217-1437,org.eclipse.pde.internal.ui.wizards.exports,ProductDestinationGroup,widgetSelected,3,1,1
eclipse.pde.ui-20120217-1437,org.eclipse.pde.internal.ui.wizards.exports,ProductDestinationGroup,saveSettings,14,2,1
eclipse.pde.ui-20120217-1437,org.eclipse.pde.internal.ui.wizards.exports,ProductDestinationGroup,doExportToDirectory,3,1,0
eclipse.pde.ui-20120217-1437,org.eclipse.pde.internal.ui.wizards.exports,ProductDestinationGroup,chooseDestination,13,4,0
eclipse.pde.ui-20120217-1437,org.eclipse.pde.internal.ui.wizards.exports,ProductDestinationGroup,validate,11,7,0
eclipse.pde.ui-20120217-1437,org.eclipse.pde.internal.ui.wizards.exports,ProductDestinationGroup,getFileName,13,4,0
eclipse.pde.ui-20120217-1437,org.eclipse.pde.internal.ui.wizards.exports,ProductDestinationGroup,getDestination,12,3,0
eclipse.pde.ui-20120217-1437,org.eclipse.pde.internal.ui.wizards.exports,ProductExportWizard,ProductExportWizard,3,1,0
eclipse.pde.ui-20120217-1437,org.eclipse.pde.internal.ui.wizards.exports,ProductExportWizard,ProductExportWizard,4,1,1
eclipse.pde.ui-20120217-1437,org.eclipse.pde.internal.ui.wizards.exports,ProductExportWizard,addPages,9,2,0
eclipse.pde.ui-20120217-1437,org.eclipse.pde.internal.ui.wizards.exports,ProductExportWizard,getSettingsSectionName,3,1,0
eclipse.pde.ui-20120217-1437,org.eclipse.pde.internal.ui.wizards.exports,ProductExportWizard,scheduleExportJob,20,4,0
eclipse.pde.ui-20120217-1437,org.eclipse.pde.internal.ui.wizards.exports,ProductExportWizard,getFeatureModels,10,3,0
eclipse.pde.ui-20120217-1437,org.eclipse.pde.internal.ui.wizards.exports,ProductExportWizard,getPluginModels,15,5,0
eclipse.pde.ui-20120217-1437,org.eclipse.pde.internal.ui.wizards.exports,ProductExportWizard,performPreliminaryChecks,27,3,0
eclipse.pde.ui-20120217-1437,org.eclipse.pde.internal.ui.wizards.exports,ProductExportWizard,confirmDelete,10,4,0
eclipse.pde.ui-20120217-1437,org.eclipse.pde.internal.ui.wizards.exports,ProductExportWizard,canFinish,3,1,0
eclipse.pde.ui-20120217-1437,org.eclipse.pde.internal.ui.wizards.exports,ProductExportWizardPage,ProductExportWizardPage,6,1,1
eclipse.pde.ui-20120217-1437,org.eclipse.pde.internal.ui.wizards.exports,ProductExportWizardPage,createControl,17,1,1
eclipse.pde.ui-20120217-1437,org.eclipse.pde.internal.ui.wizards.exports,ProductExportWizardPage,createConfigurationSection,4,1,1
eclipse.pde.ui-20120217-1437,org.eclipse.pde.internal.ui.wizards.exports,ProductExportWizardPage,createSynchronizationSection,18,1,1
eclipse.pde.ui-20120217-1437,org.eclipse.pde.internal.ui.wizards.exports,ProductExportWizardPage,createDestinationSection,4,1,1
eclipse.pde.ui-20120217-1437,org.eclipse.pde.internal.ui.wizards.exports,ProductExportWizardPage,createOptionsSection,29,2,1
eclipse.pde.ui-20120217-1437,org.eclipse.pde.internal.ui.wizards.exports,ProductExportWizardPage,widgetSelected,3,1,1
eclipse.pde.ui-20120217-1437,org.eclipse.pde.internal.ui.wizards.exports,ProductExportWizardPage,initialize,18,2,0
eclipse.pde.ui-20120217-1437,org.eclipse.pde.internal.ui.wizards.exports,ProductExportWizardPage,hookListeners,8,1,0
eclipse.pde.ui-20120217-1437,org.eclipse.pde.internal.ui.wizards.exports,ProductExportWizardPage,widgetSelected,3,1,1
eclipse.pde.ui-20120217-1437,org.eclipse.pde.internal.ui.wizards.exports,ProductExportWizardPage,updateProductFields,3,1,0
eclipse.pde.ui-20120217-1437,org.eclipse.pde.internal.ui.wizards.exports,ProductExportWizardPage,pageChanged,8,4,0
eclipse.pde.ui-20120217-1437,org.eclipse.pde.internal.ui.wizards.exports,ProductExportWizardPage,getNextPage,3,1,0
eclipse.pde.ui-20120217-1437,org.eclipse.pde.internal.ui.wizards.exports,ProductExportWizardPage,hookHelpContext,3,1,1
eclipse.pde.ui-20120217-1437,org.eclipse.pde.internal.ui.wizards.exports,ProductExportWizardPage,saveSettings,10,2,1
eclipse.pde.ui-20120217-1437,org.eclipse.pde.internal.ui.wizards.exports,ProductExportWizardPage,doSync,3,1,0
eclipse.pde.ui-20120217-1437,org.eclipse.pde.internal.ui.wizards.exports,ProductExportWizardPage,doMultiPlatform,3,1,0
eclipse.pde.ui-20120217-1437,org.eclipse.pde.internal.ui.wizards.exports,ProductExportWizardPage,doExportSource,3,1,0
eclipse.pde.ui-20120217-1437,org.eclipse.pde.internal.ui.wizards.exports,ProductExportWizardPage,doExportSourceBundles,3,1,0
eclipse.pde.ui-20120217-1437,org.eclipse.pde.internal.ui.wizards.exports,ProductExportWizardPage,doBinaryCycles,3,1,0
eclipse.pde.ui-20120217-1437,org.eclipse.pde.internal.ui.wizards.exports,ProductExportWizardPage,doExportMetadata,3,1,0
eclipse.pde.ui-20120217-1437,org.eclipse.pde.internal.ui.wizards.exports,ProductExportWizardPage,doExportToDirectory,3,1,0
eclipse.pde.ui-20120217-1437,org.eclipse.pde.internal.ui.wizards.exports,ProductExportWizardPage,getFileName,3,1,0
eclipse.pde.ui-20120217-1437,org.eclipse.pde.internal.ui.wizards.exports,ProductExportWizardPage,getDestination,3,1,0
eclipse.pde.ui-20120217-1437,org.eclipse.pde.internal.ui.wizards.exports,ProductExportWizardPage,getRootDirectory,3,1,0
eclipse.pde.ui-20120217-1437,org.eclipse.pde.internal.ui.wizards.exports,ProductExportWizardPage,getProductFile,3,1,0
eclipse.pde.ui-20120217-1437,org.eclipse.pde.internal.ui.wizards.exports,TargetDefinitionExportWizard,TargetDefinitionExportWizard,3,1,0
eclipse.pde.ui-20120217-1437,org.eclipse.pde.internal.ui.wizards.exports,TargetDefinitionExportWizard,TargetDefinitionExportWizard,12,2,1
eclipse.pde.ui-20120217-1437,org.eclipse.pde.internal.ui.wizards.exports,TargetDefinitionExportWizard,addPages,9,2,0
eclipse.pde.ui-20120217-1437,org.eclipse.pde.internal.ui.wizards.exports,TargetDefinitionExportWizard,performFinish,9,1,0
eclipse.pde.ui-20120217-1437,org.eclipse.pde.internal.ui.wizards.exports,TargetDefinitionExportWizard,init,2,1,2
eclipse.pde.ui-20120217-1437,org.eclipse.pde.internal.ui.wizards.exports,TargetDefinitionExportWizardPage,TargetDefinitionExportWizardPage,7,1,1
eclipse.pde.ui-20120217-1437,org.eclipse.pde.internal.ui.wizards.exports,TargetDefinitionExportWizardPage,createControl,9,1,1
eclipse.pde.ui-20120217-1437,org.eclipse.pde.internal.ui.wizards.exports,TargetDefinitionExportWizardPage,createExportDirectoryControl,43,2,1
eclipse.pde.ui-20120217-1437,org.eclipse.pde.internal.ui.wizards.exports,TargetDefinitionExportWizardPage,modifyText,3,1,1
eclipse.pde.ui-20120217-1437,org.eclipse.pde.internal.ui.wizards.exports,TargetDefinitionExportWizardPage,widgetSelected,13,2,1
eclipse.pde.ui-20120217-1437,org.eclipse.pde.internal.ui.wizards.exports,TargetDefinitionExportWizardPage,getDestinationDirectory,3,1,0
eclipse.pde.ui-20120217-1437,org.eclipse.pde.internal.ui.wizards.exports,TargetDefinitionExportWizardPage,isClearDestinationDirectory,3,1,0
eclipse.pde.ui-20120217-1437,org.eclipse.pde.internal.ui.wizards.exports,TargetDefinitionExportWizardPage,controlChanged,3,1,0
eclipse.pde.ui-20120217-1437,org.eclipse.pde.internal.ui.wizards.exports,TargetDefinitionExportWizardPage,validate,13,3,0
eclipse.pde.ui-20120217-1437,org.eclipse.pde.internal.ui.wizards.exports,TargetDefinitionExportWizardPage,storeSettings,25,7,0
eclipse.pde.ui-20120217-1437,org.eclipse.pde.internal.ui.wizards.exports,TargetDefinitionExportWizardPage,initSettings,21,6,0
eclipse.pde.ui-20120217-1437,org.eclipse.pde.internal.ui.wizards.exports,TargetDefinitionExportWizardPage,isValidLocation,10,2,1
eclipse.pde.ui-20120217-1437,org.eclipse.pde.internal.ui.wizards.extension,BaseExtensionPointMainPage,BaseExtensionPointMainPage,4,1,1
eclipse.pde.ui-20120217-1437,org.eclipse.pde.internal.ui.wizards.extension,BaseExtensionPointMainPage,createControl,128,6,1
eclipse.pde.ui-20120217-1437,org.eclipse.pde.internal.ui.wizards.extension,BaseExtensionPointMainPage,modifyText,3,1,1
eclipse.pde.ui-20120217-1437,org.eclipse.pde.internal.ui.wizards.extension,BaseExtensionPointMainPage,widgetSelected,3,1,1
eclipse.pde.ui-20120217-1437,org.eclipse.pde.internal.ui.wizards.extension,BaseExtensionPointMainPage,modifyText,3,1,1
eclipse.pde.ui-20120217-1437,org.eclipse.pde.internal.ui.wizards.extension,BaseExtensionPointMainPage,modifyText,3,1,1
eclipse.pde.ui-20120217-1437,org.eclipse.pde.internal.ui.wizards.extension,BaseExtensionPointMainPage,modifyText,3,1,1
eclipse.pde.ui-20120217-1437,org.eclipse.pde.internal.ui.wizards.extension,BaseExtensionPointMainPage,widgetSelected,3,1,1
eclipse.pde.ui-20120217-1437,org.eclipse.pde.internal.ui.wizards.extension,BaseExtensionPointMainPage,modifyText,3,1,1
eclipse.pde.ui-20120217-1437,org.eclipse.pde.internal.ui.wizards.extension,BaseExtensionPointMainPage,createSchemaStream,54,3,4
eclipse.pde.ui-20120217-1437,org.eclipse.pde.internal.ui.wizards.extension,BaseExtensionPointMainPage,generateSchemaFile,22,3,6
eclipse.pde.ui-20120217-1437,org.eclipse.pde.internal.ui.wizards.extension,BaseExtensionPointMainPage,getOperation,36,4,0
eclipse.pde.ui-20120217-1437,org.eclipse.pde.internal.ui.wizards.extension,BaseExtensionPointMainPage,execute,25,4,1
eclipse.pde.ui-20120217-1437,org.eclipse.pde.internal.ui.wizards.extension,BaseExtensionPointMainPage,run,15,4,0
eclipse.pde.ui-20120217-1437,org.eclipse.pde.internal.ui.wizards.extension,BaseExtensionPointMainPage,getSchemaLocation,14,5,0
eclipse.pde.ui-20120217-1437,org.eclipse.pde.internal.ui.wizards.extension,BaseExtensionPointMainPage,getPluginId,6,2,0
eclipse.pde.ui-20120217-1437,org.eclipse.pde.internal.ui.wizards.extension,BaseExtensionPointMainPage,isPluginIdNeeded,3,1,0
eclipse.pde.ui-20120217-1437,org.eclipse.pde.internal.ui.wizards.extension,BaseExtensionPointMainPage,isPluginIdFinal,3,1,0
eclipse.pde.ui-20120217-1437,org.eclipse.pde.internal.ui.wizards.extension,BaseExtensionPointMainPage,isSharedSchemaSwitchNeeded,3,1,0
eclipse.pde.ui-20120217-1437,org.eclipse.pde.internal.ui.wizards.extension,BaseExtensionPointMainPage,openSchemaFile,16,1,1
eclipse.pde.ui-20120217-1437,org.eclipse.pde.internal.ui.wizards.extension,BaseExtensionPointMainPage,run,9,1,0
eclipse.pde.ui-20120217-1437,org.eclipse.pde.internal.ui.wizards.extension,BaseExtensionPointMainPage,validatePage,6,1,0
eclipse.pde.ui-20120217-1437,org.eclipse.pde.internal.ui.wizards.extension,BaseExtensionPointMainPage,validateFieldContents,0,1,0
eclipse.pde.ui-20120217-1437,org.eclipse.pde.internal.ui.wizards.extension,BaseExtensionPointMainPage,initializeValues,0,1,0
eclipse.pde.ui-20120217-1437,org.eclipse.pde.internal.ui.wizards.extension,BaseExtensionPointMainPage,validateExtensionPointID,15,6,0
eclipse.pde.ui-20120217-1437,org.eclipse.pde.internal.ui.wizards.extension,BaseExtensionPointMainPage,validateExtensionPointName,4,2,0
eclipse.pde.ui-20120217-1437,org.eclipse.pde.internal.ui.wizards.extension,BaseExtensionPointMainPage,validateExtensionPointSchema,4,2,0
eclipse.pde.ui-20120217-1437,org.eclipse.pde.internal.ui.wizards.extension,BaseExtensionPointMainPage,handlePluginBrowse,8,2,0
eclipse.pde.ui-20120217-1437,org.eclipse.pde.internal.ui.wizards.extension,BaseExtensionPointMainPage,handleSchemaLocation,27,4,0
eclipse.pde.ui-20120217-1437,org.eclipse.pde.internal.ui.wizards.extension,BaseExtensionPointMainPage,select,4,2,3
eclipse.pde.ui-20120217-1437,org.eclipse.pde.internal.ui.wizards.extension,BaseExtensionPointMainPage,getWorkspaceRelativePath,5,2,1
eclipse.pde.ui-20120217-1437,org.eclipse.pde.internal.ui.wizards.extension,BaseExtensionPointMainPage,getInvalidIdMessage,3,1,0
eclipse.pde.ui-20120217-1437,org.eclipse.pde.internal.ui.wizards.extension,ExtensionEditorSelectionPage,ExtensionEditorSelectionPage,5,1,1
eclipse.pde.ui-20120217-1437,org.eclipse.pde.internal.ui.wizards.extension,ExtensionEditorSelectionPage,init,5,1,3
eclipse.pde.ui-20120217-1437,org.eclipse.pde.internal.ui.wizards.extension,ExtensionEditorSelectionPage,createWizardNode,13,1,1
eclipse.pde.ui-20120217-1437,org.eclipse.pde.internal.ui.wizards.extension,ExtensionEditorSelectionPage,createWizard,5,1,0
eclipse.pde.ui-20120217-1437,org.eclipse.pde.internal.ui.wizards.extension,ExtensionEditorSelectionPage,createWizard,3,1,1
eclipse.pde.ui-20120217-1437,org.eclipse.pde.internal.ui.wizards.extension,ExtensionEditorWizard,ExtensionEditorWizard,11,1,3
eclipse.pde.ui-20120217-1437,org.eclipse.pde.internal.ui.wizards.extension,ExtensionEditorWizard,addPages,5,1,0
eclipse.pde.ui-20120217-1437,org.eclipse.pde.internal.ui.wizards.extension,ExtensionEditorWizard,loadWizardCollection,4,1,0
eclipse.pde.ui-20120217-1437,org.eclipse.pde.internal.ui.wizards.extension,ExtensionEditorWizard,performFinish,3,1,0
eclipse.pde.ui-20120217-1437,org.eclipse.pde.internal.ui.wizards.extension,ExtensionEditorWizard,dispose,4,1,0
eclipse.pde.ui-20120217-1437,org.eclipse.pde.internal.ui.wizards.extension,ExtensionTreeSelectionPage,ExtensionTreeSelectionPage,3,1,3
eclipse.pde.ui-20120217-1437,org.eclipse.pde.internal.ui.wizards.extension,ExtensionTreeSelectionPage,init,4,1,2
eclipse.pde.ui-20120217-1437,org.eclipse.pde.internal.ui.wizards.extension,ExtensionTreeSelectionPage,createWizardNode,19,3,1
eclipse.pde.ui-20120217-1437,org.eclipse.pde.internal.ui.wizards.extension,ExtensionTreeSelectionPage,createWizard,5,1,0
eclipse.pde.ui-20120217-1437,org.eclipse.pde.internal.ui.wizards.extension,ExtensionTreeSelectionPage,createWizard,9,3,1
eclipse.pde.ui-20120217-1437,org.eclipse.pde.internal.ui.wizards.extension,ExtensionTreeSelectionPage,getSelectionProvider,3,1,0
eclipse.pde.ui-20120217-1437,org.eclipse.pde.internal.ui.wizards.extension,NewExtensionPointMainPage,NewExtensionPointMainPage,3,1,2
eclipse.pde.ui-20120217-1437,org.eclipse.pde.internal.ui.wizards.extension,NewExtensionPointMainPage,NewExtensionPointMainPage,6,1,3
eclipse.pde.ui-20120217-1437,org.eclipse.pde.internal.ui.wizards.extension,NewExtensionPointMainPage,initialize,4,1,0
eclipse.pde.ui-20120217-1437,org.eclipse.pde.internal.ui.wizards.extension,NewExtensionPointMainPage,isPluginIdFinal,3,1,0
eclipse.pde.ui-20120217-1437,org.eclipse.pde.internal.ui.wizards.extension,NewExtensionPointMainPage,finish,31,4,0
eclipse.pde.ui-20120217-1437,org.eclipse.pde.internal.ui.wizards.extension,NewExtensionPointMainPage,getPluginId,3,1,0
eclipse.pde.ui-20120217-1437,org.eclipse.pde.internal.ui.wizards.extension,NewExtensionPointMainPage,initializeValues,6,5,0
eclipse.pde.ui-20120217-1437,org.eclipse.pde.internal.ui.wizards.extension,NewExtensionPointMainPage,validateFieldContents,9,4,0
eclipse.pde.ui-20120217-1437,org.eclipse.pde.internal.ui.wizards.extension,NewExtensionPointMainPage,validateExtensionPointSchema,3,1,0
eclipse.pde.ui-20120217-1437,org.eclipse.pde.internal.ui.wizards.extension,NewExtensionPointWizard,NewExtensionPointWizard,4,1,3
eclipse.pde.ui-20120217-1437,org.eclipse.pde.internal.ui.wizards.extension,NewExtensionPointWizard,NewExtensionPointWizard,6,1,3
eclipse.pde.ui-20120217-1437,org.eclipse.pde.internal.ui.wizards.extension,NewExtensionPointWizard,initialize,6,1,0
eclipse.pde.ui-20120217-1437,org.eclipse.pde.internal.ui.wizards.extension,NewExtensionPointWizard,addPages,4,1,0
eclipse.pde.ui-20120217-1437,org.eclipse.pde.internal.ui.wizards.extension,NewExtensionPointWizard,performFinish,4,2,0
eclipse.pde.ui-20120217-1437,org.eclipse.pde.internal.ui.wizards.extension,NewExtensionRegistryReader,NewExtensionRegistryReader,3,1,0
eclipse.pde.ui-20120217-1437,org.eclipse.pde.internal.ui.wizards.extension,NewExtensionRegistryReader,NewExtensionRegistryReader,3,1,1
eclipse.pde.ui-20120217-1437,org.eclipse.pde.internal.ui.wizards.extension,NewExtensionRegistryReader,createCollectionElement,5,2,3
eclipse.pde.ui-20120217-1437,org.eclipse.pde.internal.ui.wizards.extension,NewExtensionRegistryReader,createWizardElement,16,4,1
eclipse.pde.ui-20120217-1437,org.eclipse.pde.internal.ui.wizards.extension,NewExtensionRegistryReader,createEditorWizardElement,16,4,1
eclipse.pde.ui-20120217-1437,org.eclipse.pde.internal.ui.wizards.extension,NewExtensionRegistryReader,getCategoryStringFor,5,2,1
eclipse.pde.ui-20120217-1437,org.eclipse.pde.internal.ui.wizards.extension,NewExtensionRegistryReader,getChildWithID,10,4,2
eclipse.pde.ui-20120217-1437,org.eclipse.pde.internal.ui.wizards.extension,NewExtensionRegistryReader,insertUsingCategory,16,4,2
eclipse.pde.ui-20120217-1437,org.eclipse.pde.internal.ui.wizards.extension,NewExtensionRegistryReader,moveElementToUncategorizedCategory,5,2,2
eclipse.pde.ui-20120217-1437,org.eclipse.pde.internal.ui.wizards.extension,NewExtensionRegistryReader,processCategory,22,6,2
eclipse.pde.ui-20120217-1437,org.eclipse.pde.internal.ui.wizards.extension,NewExtensionRegistryReader,processElement,25,8,3
eclipse.pde.ui-20120217-1437,org.eclipse.pde.internal.ui.wizards.extension,NewExtensionRegistryReader,readRegistry,15,4,3
eclipse.pde.ui-20120217-1437,org.eclipse.pde.internal.ui.wizards.extension,NewExtensionWizard,NewExtensionWizard,10,1,3
eclipse.pde.ui-20120217-1437,org.eclipse.pde.internal.ui.wizards.extension,NewExtensionWizard,addPages,4,1,0
eclipse.pde.ui-20120217-1437,org.eclipse.pde.internal.ui.wizards.extension,NewExtensionWizard,loadWizardCollection,4,1,0
eclipse.pde.ui-20120217-1437,org.eclipse.pde.internal.ui.wizards.extension,NewExtensionWizard,getTemplates,5,1,0
eclipse.pde.ui-20120217-1437,org.eclipse.pde.internal.ui.wizards.extension,NewExtensionWizard,collectTemplates,13,5,2
eclipse.pde.ui-20120217-1437,org.eclipse.pde.internal.ui.wizards.extension,NewExtensionWizard,performFinish,5,2,0
eclipse.pde.ui-20120217-1437,org.eclipse.pde.internal.ui.wizards.extension,NewExtensionWizard,getEditor,3,1,0
eclipse.pde.ui-20120217-1437,org.eclipse.pde.internal.ui.wizards.extension,NewSchemaFileMainPage,NewSchemaFileMainPage,3,1,1
eclipse.pde.ui-20120217-1437,org.eclipse.pde.internal.ui.wizards.extension,NewSchemaFileMainPage,NewSchemaFileMainPage,7,1,3
eclipse.pde.ui-20120217-1437,org.eclipse.pde.internal.ui.wizards.extension,NewSchemaFileMainPage,finish,22,2,0
eclipse.pde.ui-20120217-1437,org.eclipse.pde.internal.ui.wizards.extension,NewSchemaFileMainPage,isPluginIdNeeded,3,1,0
eclipse.pde.ui-20120217-1437,org.eclipse.pde.internal.ui.wizards.extension,NewSchemaFileMainPage,isPluginIdFinal,3,1,0
eclipse.pde.ui-20120217-1437,org.eclipse.pde.internal.ui.wizards.extension,NewSchemaFileMainPage,isSharedSchemaSwitchNeeded,3,1,0
eclipse.pde.ui-20120217-1437,org.eclipse.pde.internal.ui.wizards.extension,NewSchemaFileMainPage,initializeValues,12,7,0
eclipse.pde.ui-20120217-1437,org.eclipse.pde.internal.ui.wizards.extension,NewSchemaFileMainPage,validateFieldContents,13,6,0
eclipse.pde.ui-20120217-1437,org.eclipse.pde.internal.ui.wizards.extension,NewSchemaFileMainPage,validatePluginID,8,4,0
eclipse.pde.ui-20120217-1437,org.eclipse.pde.internal.ui.wizards.extension,NewSchemaFileMainPage,validateContainer,17,5,0
eclipse.pde.ui-20120217-1437,org.eclipse.pde.internal.ui.wizards.extension,NewSchemaFileWizard,NewSchemaFileWizard,3,1,0
eclipse.pde.ui-20120217-1437,org.eclipse.pde.internal.ui.wizards.extension,NewSchemaFileWizard,NewSchemaFileWizard,6,1,3
eclipse.pde.ui-20120217-1437,org.eclipse.pde.internal.ui.wizards.extension,NewSchemaFileWizard,initialize,6,1,0
eclipse.pde.ui-20120217-1437,org.eclipse.pde.internal.ui.wizards.extension,NewSchemaFileWizard,addPages,4,1,0
eclipse.pde.ui-20120217-1437,org.eclipse.pde.internal.ui.wizards.extension,NewSchemaFileWizard,getSettingsSection,6,2,0
eclipse.pde.ui-20120217-1437,org.eclipse.pde.internal.ui.wizards.extension,NewSchemaFileWizard,init,7,3,2
eclipse.pde.ui-20120217-1437,org.eclipse.pde.internal.ui.wizards.extension,NewSchemaFileWizard,performFinish,3,1,0
eclipse.pde.ui-20120217-1437,org.eclipse.pde.internal.ui.wizards.extension,PointSelectionPage,select,6,3,3
eclipse.pde.ui-20120217-1437,org.eclipse.pde.internal.ui.wizards.extension,PointSelectionPage,setMatchText,6,2,1
eclipse.pde.ui-20120217-1437,org.eclipse.pde.internal.ui.wizards.extension,PointSelectionPage,select,11,1,3
eclipse.pde.ui-20120217-1437,org.eclipse.pde.internal.ui.wizards.extension,PointSelectionPage,getElements,17,6,1
eclipse.pde.ui-20120217-1437,org.eclipse.pde.internal.ui.wizards.extension,PointSelectionPage,getElements,13,5,1
eclipse.pde.ui-20120217-1437,org.eclipse.pde.internal.ui.wizards.extension,PointSelectionPage,getText,3,1,1
eclipse.pde.ui-20120217-1437,org.eclipse.pde.internal.ui.wizards.extension,PointSelectionPage,getColumnText,6,2,2
eclipse.pde.ui-20120217-1437,org.eclipse.pde.internal.ui.wizards.extension,PointSelectionPage,getImage,3,1,1
eclipse.pde.ui-20120217-1437,org.eclipse.pde.internal.ui.wizards.extension,PointSelectionPage,getColumnImage,14,3,2
eclipse.pde.ui-20120217-1437,org.eclipse.pde.internal.ui.wizards.extension,PointSelectionPage,PointSelectionPage,12,1,5
eclipse.pde.ui-20120217-1437,org.eclipse.pde.internal.ui.wizards.extension,PointSelectionPage,createControl,161,7,1
eclipse.pde.ui-20120217-1437,org.eclipse.pde.internal.ui.wizards.extension,PointSelectionPage,widgetSelected,3,1,1
eclipse.pde.ui-20120217-1437,org.eclipse.pde.internal.ui.wizards.extension,PointSelectionPage,modifyText,4,1,1
eclipse.pde.ui-20120217-1437,org.eclipse.pde.internal.ui.wizards.extension,PointSelectionPage,keyPressed,3,2,1
eclipse.pde.ui-20120217-1437,org.eclipse.pde.internal.ui.wizards.extension,PointSelectionPage,keyReleased,2,1,1
eclipse.pde.ui-20120217-1437,org.eclipse.pde.internal.ui.wizards.extension,PointSelectionPage,widgetSelected,3,1,1
eclipse.pde.ui-20120217-1437,org.eclipse.pde.internal.ui.wizards.extension,PointSelectionPage,doubleClick,8,2,1
eclipse.pde.ui-20120217-1437,org.eclipse.pde.internal.ui.wizards.extension,PointSelectionPage,widgetSelected,3,2,1
eclipse.pde.ui-20120217-1437,org.eclipse.pde.internal.ui.wizards.extension,PointSelectionPage,doubleClick,5,2,1
eclipse.pde.ui-20120217-1437,org.eclipse.pde.internal.ui.wizards.extension,PointSelectionPage,createWizardsPage,8,1,1
eclipse.pde.ui-20120217-1437,org.eclipse.pde.internal.ui.wizards.extension,PointSelectionPage,advanceToNextPage,3,1,0
eclipse.pde.ui-20120217-1437,org.eclipse.pde.internal.ui.wizards.extension,PointSelectionPage,canFlipToNextPage,3,1,0
eclipse.pde.ui-20120217-1437,org.eclipse.pde.internal.ui.wizards.extension,PointSelectionPage,canFinish,17,7,0
eclipse.pde.ui-20120217-1437,org.eclipse.pde.internal.ui.wizards.extension,PointSelectionPage,dispose,4,1,0
eclipse.pde.ui-20120217-1437,org.eclipse.pde.internal.ui.wizards.extension,PointSelectionPage,finish,32,6,0
eclipse.pde.ui-20120217-1437,org.eclipse.pde.internal.ui.wizards.extension,PointSelectionPage,getNewExtension,3,1,0
eclipse.pde.ui-20120217-1437,org.eclipse.pde.internal.ui.wizards.extension,PointSelectionPage,initialize,5,1,0
eclipse.pde.ui-20120217-1437,org.eclipse.pde.internal.ui.wizards.extension,PointSelectionPage,selectionChanged,21,5,1
eclipse.pde.ui-20120217-1437,org.eclipse.pde.internal.ui.wizards.extension,PointSelectionPage,handleTemplateSelection,6,1,1
eclipse.pde.ui-20120217-1437,org.eclipse.pde.internal.ui.wizards.extension,PointSelectionPage,handlePointSelection,43,6,1
eclipse.pde.ui-20120217-1437,org.eclipse.pde.internal.ui.wizards.extension,PointSelectionPage,updateTabSelection,12,3,1
eclipse.pde.ui-20120217-1437,org.eclipse.pde.internal.ui.wizards.extension,PointSelectionPage,createWizardNode,20,4,1
eclipse.pde.ui-20120217-1437,org.eclipse.pde.internal.ui.wizards.extension,PointSelectionPage,createWizard,6,2,0
eclipse.pde.ui-20120217-1437,org.eclipse.pde.internal.ui.wizards.extension,PointSelectionPage,createWizard,9,3,1
eclipse.pde.ui-20120217-1437,org.eclipse.pde.internal.ui.wizards.extension,PointSelectionPage,checkModel,12,5,0
eclipse.pde.ui-20120217-1437,org.eclipse.pde.internal.ui.wizards.extension,PointSelectionPage,setVisible,4,2,1
eclipse.pde.ui-20120217-1437,org.eclipse.pde.internal.ui.wizards.extension,PointSelectionPage,setPointDescriptionText,10,2,1
eclipse.pde.ui-20120217-1437,org.eclipse.pde.internal.ui.wizards.extension,PointFilter,select,6,3,3
eclipse.pde.ui-20120217-1437,org.eclipse.pde.internal.ui.wizards.extension,WildcardFilter,setMatchText,6,2,1
eclipse.pde.ui-20120217-1437,org.eclipse.pde.internal.ui.wizards.extension,WildcardFilter,select,11,1,3
eclipse.pde.ui-20120217-1437,org.eclipse.pde.internal.ui.wizards.extension,TemplateContentProvider,getElements,17,6,1
eclipse.pde.ui-20120217-1437,org.eclipse.pde.internal.ui.wizards.extension,PointContentProvider,getElements,13,5,1
eclipse.pde.ui-20120217-1437,org.eclipse.pde.internal.ui.wizards.extension,PointLabelProvider,getText,3,1,1
eclipse.pde.ui-20120217-1437,org.eclipse.pde.internal.ui.wizards.extension,PointLabelProvider,getColumnText,6,2,2
eclipse.pde.ui-20120217-1437,org.eclipse.pde.internal.ui.wizards.extension,PointLabelProvider,getImage,3,1,1
eclipse.pde.ui-20120217-1437,org.eclipse.pde.internal.ui.wizards.extension,PointLabelProvider,getColumnImage,14,3,2
eclipse.pde.ui-20120217-1437,org.eclipse.pde.internal.ui.wizards.feature,AbstractCreateFeatureOperation,AbstractCreateFeatureOperation,6,1,4
eclipse.pde.ui-20120217-1437,org.eclipse.pde.internal.ui.wizards.feature,AbstractCreateFeatureOperation,execute,11,1,1
eclipse.pde.ui-20120217-1437,org.eclipse.pde.internal.ui.wizards.feature,AbstractCreateFeatureOperation,createFeature,20,3,1
eclipse.pde.ui-20120217-1437,org.eclipse.pde.internal.ui.wizards.feature,AbstractCreateFeatureOperation,createProject,17,6,1
eclipse.pde.ui-20120217-1437,org.eclipse.pde.internal.ui.wizards.feature,AbstractCreateFeatureOperation,createBuildProperties,29,7,0
eclipse.pde.ui-20120217-1437,org.eclipse.pde.internal.ui.wizards.feature,AbstractCreateFeatureOperation,createFeature,30,3,0
eclipse.pde.ui-20120217-1437,org.eclipse.pde.internal.ui.wizards.feature,AbstractCreateFeatureOperation,configureFeature,0,1,2
eclipse.pde.ui-20120217-1437,org.eclipse.pde.internal.ui.wizards.feature,AbstractCreateFeatureOperation,openFeatureEditor,19,2,1
eclipse.pde.ui-20120217-1437,org.eclipse.pde.internal.ui.wizards.feature,AbstractCreateFeatureOperation,run,3,1,0
eclipse.pde.ui-20120217-1437,org.eclipse.pde.internal.ui.wizards.feature,AbstractCreateFeatureOperation,shouldOverwriteFeature,3,1,0
eclipse.pde.ui-20120217-1437,org.eclipse.pde.internal.ui.wizards.feature,AbstractFeatureSpecPage,AbstractFeatureSpecPage,3,1,0
eclipse.pde.ui-20120217-1437,org.eclipse.pde.internal.ui.wizards.feature,AbstractFeatureSpecPage,createControl,9,1,1
eclipse.pde.ui-20120217-1437,org.eclipse.pde.internal.ui.wizards.feature,AbstractFeatureSpecPage,createContents,0,1,1
eclipse.pde.ui-20120217-1437,org.eclipse.pde.internal.ui.wizards.feature,AbstractFeatureSpecPage,initialize,0,1,0
eclipse.pde.ui-20120217-1437,org.eclipse.pde.internal.ui.wizards.feature,AbstractFeatureSpecPage,attachListeners,0,1,1
eclipse.pde.ui-20120217-1437,org.eclipse.pde.internal.ui.wizards.feature,AbstractFeatureSpecPage,getHelpId,0,1,0
eclipse.pde.ui-20120217-1437,org.eclipse.pde.internal.ui.wizards.feature,AbstractFeatureSpecPage,saveSettings,0,1,1
eclipse.pde.ui-20120217-1437,org.eclipse.pde.internal.ui.wizards.feature,AbstractFeatureSpecPage,createCommonInput,10,1,1
eclipse.pde.ui-20120217-1437,org.eclipse.pde.internal.ui.wizards.feature,AbstractFeatureSpecPage,createInstallHandlerText,6,1,1
eclipse.pde.ui-20120217-1437,org.eclipse.pde.internal.ui.wizards.feature,AbstractFeatureSpecPage,updateNameRelativeFields,0,1,0
eclipse.pde.ui-20120217-1437,org.eclipse.pde.internal.ui.wizards.feature,AbstractFeatureSpecPage,validatePage,6,3,0
eclipse.pde.ui-20120217-1437,org.eclipse.pde.internal.ui.wizards.feature,AbstractFeatureSpecPage,validateBaseContent,9,5,1
eclipse.pde.ui-20120217-1437,org.eclipse.pde.internal.ui.wizards.feature,AbstractFeatureSpecPage,setValidationMessage,6,2,1
eclipse.pde.ui-20120217-1437,org.eclipse.pde.internal.ui.wizards.feature,AbstractFeatureSpecPage,validateContent,0,1,0
eclipse.pde.ui-20120217-1437,org.eclipse.pde.internal.ui.wizards.feature,AbstractFeatureSpecPage,getInitialName,3,1,0
eclipse.pde.ui-20120217-1437,org.eclipse.pde.internal.ui.wizards.feature,AbstractFeatureSpecPage,setInitialName,3,1,1
eclipse.pde.ui-20120217-1437,org.eclipse.pde.internal.ui.wizards.feature,AbstractFeatureSpecPage,setInitialId,3,1,1
eclipse.pde.ui-20120217-1437,org.eclipse.pde.internal.ui.wizards.feature,AbstractFeatureSpecPage,getInitialId,3,1,0
eclipse.pde.ui-20120217-1437,org.eclipse.pde.internal.ui.wizards.feature,AbstractFeatureSpecPage,verifyVersion,5,2,0
eclipse.pde.ui-20120217-1437,org.eclipse.pde.internal.ui.wizards.feature,AbstractFeatureSpecPage,getFeatureId,0,1,0
eclipse.pde.ui-20120217-1437,org.eclipse.pde.internal.ui.wizards.feature,AbstractFeatureSpecPage,verifyIdRules,8,3,0
eclipse.pde.ui-20120217-1437,org.eclipse.pde.internal.ui.wizards.feature,AbstractFeatureSpecPage,getFeatureToPatch,3,1,0
eclipse.pde.ui-20120217-1437,org.eclipse.pde.internal.ui.wizards.feature,AbstractFeatureSpecPage,getInstallHandlerLibrary,6,3,0
eclipse.pde.ui-20120217-1437,org.eclipse.pde.internal.ui.wizards.feature,AbstractFeatureSpecPage,attachListeners,15,2,0
eclipse.pde.ui-20120217-1437,org.eclipse.pde.internal.ui.wizards.feature,AbstractFeatureSpecPage,modifyText,6,2,1
eclipse.pde.ui-20120217-1437,org.eclipse.pde.internal.ui.wizards.feature,AbstractFeatureSpecPage,getFeatureData,0,1,0
eclipse.pde.ui-20120217-1437,org.eclipse.pde.internal.ui.wizards.feature,AbstractNewFeatureWizard,FeaturePatchProvider,3,1,0
eclipse.pde.ui-20120217-1437,org.eclipse.pde.internal.ui.wizards.feature,AbstractNewFeatureWizard,getProjectName,3,1,0
eclipse.pde.ui-20120217-1437,org.eclipse.pde.internal.ui.wizards.feature,AbstractNewFeatureWizard,getProject,3,1,0
eclipse.pde.ui-20120217-1437,org.eclipse.pde.internal.ui.wizards.feature,AbstractNewFeatureWizard,getLocationPath,3,1,0
eclipse.pde.ui-20120217-1437,org.eclipse.pde.internal.ui.wizards.feature,AbstractNewFeatureWizard,getFeatureToPatch,3,1,0
eclipse.pde.ui-20120217-1437,org.eclipse.pde.internal.ui.wizards.feature,AbstractNewFeatureWizard,getFeatureData,3,1,0
eclipse.pde.ui-20120217-1437,org.eclipse.pde.internal.ui.wizards.feature,AbstractNewFeatureWizard,getInstallHandlerLibrary,3,1,0
eclipse.pde.ui-20120217-1437,org.eclipse.pde.internal.ui.wizards.feature,AbstractNewFeatureWizard,getPluginListSelection,3,1,0
eclipse.pde.ui-20120217-1437,org.eclipse.pde.internal.ui.wizards.feature,AbstractNewFeatureWizard,getLaunchConfiguration,3,1,0
eclipse.pde.ui-20120217-1437,org.eclipse.pde.internal.ui.wizards.feature,AbstractNewFeatureWizard,AbstractNewFeatureWizard,5,1,0
eclipse.pde.ui-20120217-1437,org.eclipse.pde.internal.ui.wizards.feature,AbstractNewFeatureWizard,addPages,9,2,0
eclipse.pde.ui-20120217-1437,org.eclipse.pde.internal.ui.wizards.feature,AbstractNewFeatureWizard,createFirstPage,0,1,0
eclipse.pde.ui-20120217-1437,org.eclipse.pde.internal.ui.wizards.feature,AbstractNewFeatureWizard,canFinish,4,1,0
eclipse.pde.ui-20120217-1437,org.eclipse.pde.internal.ui.wizards.feature,AbstractNewFeatureWizard,getOperation,0,1,0
eclipse.pde.ui-20120217-1437,org.eclipse.pde.internal.ui.wizards.feature,AbstractNewFeatureWizard,performFinish,17,2,0
eclipse.pde.ui-20120217-1437,org.eclipse.pde.internal.ui.wizards.feature,AbstractNewFeatureWizard,setInitializationData,3,1,3
eclipse.pde.ui-20120217-1437,org.eclipse.pde.internal.ui.wizards.feature,FeaturePatchProvider,FeaturePatchProvider,3,1,0
eclipse.pde.ui-20120217-1437,org.eclipse.pde.internal.ui.wizards.feature,FeaturePatchProvider,getProjectName,3,1,0
eclipse.pde.ui-20120217-1437,org.eclipse.pde.internal.ui.wizards.feature,FeaturePatchProvider,getProject,3,1,0
eclipse.pde.ui-20120217-1437,org.eclipse.pde.internal.ui.wizards.feature,FeaturePatchProvider,getLocationPath,3,1,0
eclipse.pde.ui-20120217-1437,org.eclipse.pde.internal.ui.wizards.feature,FeaturePatchProvider,getFeatureToPatch,3,1,0
eclipse.pde.ui-20120217-1437,org.eclipse.pde.internal.ui.wizards.feature,FeaturePatchProvider,getFeatureData,3,1,0
eclipse.pde.ui-20120217-1437,org.eclipse.pde.internal.ui.wizards.feature,FeaturePatchProvider,getInstallHandlerLibrary,3,1,0
eclipse.pde.ui-20120217-1437,org.eclipse.pde.internal.ui.wizards.feature,FeaturePatchProvider,getPluginListSelection,3,1,0
eclipse.pde.ui-20120217-1437,org.eclipse.pde.internal.ui.wizards.feature,FeaturePatchProvider,getLaunchConfiguration,3,1,0
eclipse.pde.ui-20120217-1437,org.eclipse.pde.internal.ui.wizards.feature,BasePluginListPage,BasePluginListPage,5,1,1
eclipse.pde.ui-20120217-1437,org.eclipse.pde.internal.ui.wizards.feature,BasePluginListPage,BasePluginListPage,5,1,3
eclipse.pde.ui-20120217-1437,org.eclipse.pde.internal.ui.wizards.feature,BasePluginListPage,createControl,2,1,1
eclipse.pde.ui-20120217-1437,org.eclipse.pde.internal.ui.wizards.feature,BasePluginListPage,dispose,4,1,0
eclipse.pde.ui-20120217-1437,org.eclipse.pde.internal.ui.wizards.feature,BasePluginListPage,setVisible,6,2,1
eclipse.pde.ui-20120217-1437,org.eclipse.pde.internal.ui.wizards.feature,CreateFeaturePatchOperation,CreateFeaturePatchOperation,4,1,5
eclipse.pde.ui-20120217-1437,org.eclipse.pde.internal.ui.wizards.feature,CreateFeaturePatchOperation,configureFeature,16,3,2
eclipse.pde.ui-20120217-1437,org.eclipse.pde.internal.ui.wizards.feature,CreateFeatureProjectFromLaunchOperation,CreateFeatureProjectFromLaunchOperation,4,1,5
eclipse.pde.ui-20120217-1437,org.eclipse.pde.internal.ui.wizards.feature,CreateFeatureProjectFromLaunchOperation,configureFeature,4,1,2
eclipse.pde.ui-20120217-1437,org.eclipse.pde.internal.ui.wizards.feature,CreateFeatureProjectFromLaunchOperation,getPlugins,14,4,0
eclipse.pde.ui-20120217-1437,org.eclipse.pde.internal.ui.wizards.feature,CreateFeatureProjectOperation,CreateFeatureProjectOperation,4,1,5
eclipse.pde.ui-20120217-1437,org.eclipse.pde.internal.ui.wizards.feature,CreateFeatureProjectOperation,configureFeature,12,2,2
eclipse.pde.ui-20120217-1437,org.eclipse.pde.internal.ui.wizards.feature,FeatureData,FeatureData,4,1,0
eclipse.pde.ui-20120217-1437,org.eclipse.pde.internal.ui.wizards.feature,FeatureData,hasCustomHandler,3,1,0
eclipse.pde.ui-20120217-1437,org.eclipse.pde.internal.ui.wizards.feature,FeatureData,getSourceFolderName,3,1,0
eclipse.pde.ui-20120217-1437,org.eclipse.pde.internal.ui.wizards.feature,FeatureData,getJavaBuildFolderName,3,1,0
eclipse.pde.ui-20120217-1437,org.eclipse.pde.internal.ui.wizards.feature,FeatureSpecPage,FeatureSpecPage,5,1,0
eclipse.pde.ui-20120217-1437,org.eclipse.pde.internal.ui.wizards.feature,FeatureSpecPage,initialize,7,3,0
eclipse.pde.ui-20120217-1437,org.eclipse.pde.internal.ui.wizards.feature,FeatureSpecPage,getFeatureData,9,1,0
eclipse.pde.ui-20120217-1437,org.eclipse.pde.internal.ui.wizards.feature,FeatureSpecPage,validateContent,4,1,0
eclipse.pde.ui-20120217-1437,org.eclipse.pde.internal.ui.wizards.feature,FeatureSpecPage,getHelpId,3,1,0
eclipse.pde.ui-20120217-1437,org.eclipse.pde.internal.ui.wizards.feature,FeatureSpecPage,createContents,19,1,1
eclipse.pde.ui-20120217-1437,org.eclipse.pde.internal.ui.wizards.feature,FeatureSpecPage,attachListeners,4,1,1
eclipse.pde.ui-20120217-1437,org.eclipse.pde.internal.ui.wizards.feature,FeatureSpecPage,getFeatureId,3,1,0
eclipse.pde.ui-20120217-1437,org.eclipse.pde.internal.ui.wizards.feature,FeatureSpecPage,updateNameRelativeFields,11,3,0
eclipse.pde.ui-20120217-1437,org.eclipse.pde.internal.ui.wizards.feature,FeatureSpecPage,saveSettings,3,1,1
eclipse.pde.ui-20120217-1437,org.eclipse.pde.internal.ui.wizards.feature,NewFeaturePatchWizard,NewFeaturePatchWizard,5,1,0
eclipse.pde.ui-20120217-1437,org.eclipse.pde.internal.ui.wizards.feature,NewFeaturePatchWizard,createFirstPage,3,1,0
eclipse.pde.ui-20120217-1437,org.eclipse.pde.internal.ui.wizards.feature,NewFeaturePatchWizard,getOperation,3,1,0
eclipse.pde.ui-20120217-1437,org.eclipse.pde.internal.ui.wizards.feature,NewFeatureProjectWizard,NewFeatureProjectWizard,5,1,0
eclipse.pde.ui-20120217-1437,org.eclipse.pde.internal.ui.wizards.feature,NewFeatureProjectWizard,addPages,7,2,0
eclipse.pde.ui-20120217-1437,org.eclipse.pde.internal.ui.wizards.feature,NewFeatureProjectWizard,hasInterestingProjects,3,1,0
eclipse.pde.ui-20120217-1437,org.eclipse.pde.internal.ui.wizards.feature,NewFeatureProjectWizard,createFirstPage,3,1,0
eclipse.pde.ui-20120217-1437,org.eclipse.pde.internal.ui.wizards.feature,NewFeatureProjectWizard,getFeatureId,3,1,0
eclipse.pde.ui-20120217-1437,org.eclipse.pde.internal.ui.wizards.feature,NewFeatureProjectWizard,getFeatureVersion,3,1,0
eclipse.pde.ui-20120217-1437,org.eclipse.pde.internal.ui.wizards.feature,NewFeatureProjectWizard,getOperation,8,2,0
eclipse.pde.ui-20120217-1437,org.eclipse.pde.internal.ui.wizards.feature,OpenProjectWizardAction,OpenProjectWizardAction,3,1,0
eclipse.pde.ui-20120217-1437,org.eclipse.pde.internal.ui.wizards.feature,OpenProjectWizardAction,run,3,1,0
eclipse.pde.ui-20120217-1437,org.eclipse.pde.internal.ui.wizards.feature,OpenProjectWizardAction,run,15,4,2
eclipse.pde.ui-20120217-1437,org.eclipse.pde.internal.ui.wizards.feature,PatchSpecPage,PatchSpecPage,5,1,0
eclipse.pde.ui-20120217-1437,org.eclipse.pde.internal.ui.wizards.feature,PatchSpecPage,initialize,6,3,0
eclipse.pde.ui-20120217-1437,org.eclipse.pde.internal.ui.wizards.feature,PatchSpecPage,validateContent,10,2,0
eclipse.pde.ui-20120217-1437,org.eclipse.pde.internal.ui.wizards.feature,PatchSpecPage,getNextPage,4,2,0
eclipse.pde.ui-20120217-1437,org.eclipse.pde.internal.ui.wizards.feature,PatchSpecPage,getPatchId,4,2,0
eclipse.pde.ui-20120217-1437,org.eclipse.pde.internal.ui.wizards.feature,PatchSpecPage,getPatchName,4,2,0
eclipse.pde.ui-20120217-1437,org.eclipse.pde.internal.ui.wizards.feature,PatchSpecPage,getPatchProvider,4,2,0
eclipse.pde.ui-20120217-1437,org.eclipse.pde.internal.ui.wizards.feature,PatchSpecPage,getFeatureData,12,1,0
eclipse.pde.ui-20120217-1437,org.eclipse.pde.internal.ui.wizards.feature,PatchSpecPage,verifyIdRules,8,3,0
eclipse.pde.ui-20120217-1437,org.eclipse.pde.internal.ui.wizards.feature,PatchSpecPage,getHelpId,3,1,0
eclipse.pde.ui-20120217-1437,org.eclipse.pde.internal.ui.wizards.feature,PatchSpecPage,createTopGroup,22,1,1
eclipse.pde.ui-20120217-1437,org.eclipse.pde.internal.ui.wizards.feature,PatchSpecPage,createContents,41,2,1
eclipse.pde.ui-20120217-1437,org.eclipse.pde.internal.ui.wizards.feature,PatchSpecPage,widgetSelected,14,2,1
eclipse.pde.ui-20120217-1437,org.eclipse.pde.internal.ui.wizards.feature,PatchSpecPage,attachListeners,6,1,1
eclipse.pde.ui-20120217-1437,org.eclipse.pde.internal.ui.wizards.feature,PatchSpecPage,getFeatureId,3,1,0
eclipse.pde.ui-20120217-1437,org.eclipse.pde.internal.ui.wizards.feature,PatchSpecPage,updateNameRelativeFields,11,3,0
eclipse.pde.ui-20120217-1437,org.eclipse.pde.internal.ui.wizards.feature,PatchSpecPage,saveSettings,3,1,1
eclipse.pde.ui-20120217-1437,org.eclipse.pde.internal.ui.wizards.feature,PluginListPage,getElements,3,1,1
eclipse.pde.ui-20120217-1437,org.eclipse.pde.internal.ui.wizards.feature,PluginListPage,PluginListPage,5,1,0
eclipse.pde.ui-20120217-1437,org.eclipse.pde.internal.ui.wizards.feature,PluginListPage,createControl,68,4,1
eclipse.pde.ui-20120217-1437,org.eclipse.pde.internal.ui.wizards.feature,PluginListPage,widgetSelected,5,1,1
eclipse.pde.ui-20120217-1437,org.eclipse.pde.internal.ui.wizards.feature,PluginListPage,doubleClick,10,2,1
eclipse.pde.ui-20120217-1437,org.eclipse.pde.internal.ui.wizards.feature,PluginListPage,getSelectedPlugins,12,3,0
eclipse.pde.ui-20120217-1437,org.eclipse.pde.internal.ui.wizards.feature,PluginListPage,saveSettings,3,1,1
eclipse.pde.ui-20120217-1437,org.eclipse.pde.internal.ui.wizards.feature,PluginListPage,getLaunchConfigurations,17,4,0
eclipse.pde.ui-20120217-1437,org.eclipse.pde.internal.ui.wizards.feature,PluginListPage,getSelectedLaunchConfiguration,18,5,0
eclipse.pde.ui-20120217-1437,org.eclipse.pde.internal.ui.wizards.feature,PluginContentProvider,getElements,3,1,1
eclipse.pde.ui-20120217-1437,org.eclipse.pde.internal.ui.wizards.imports,AlternateSourceLocations,AlternateSourceLocations,4,1,2
eclipse.pde.ui-20120217-1437,org.eclipse.pde.internal.ui.wizards.imports,AlternateSourceLocations,initializeBundleManifestLocations,5,1,0
eclipse.pde.ui-20120217-1437,org.eclipse.pde.internal.ui.wizards.imports,AlternateSourceLocations,getExtensionLocations,12,4,0
eclipse.pde.ui-20120217-1437,org.eclipse.pde.internal.ui.wizards.imports,BaseImportWizardSecondPage,getElements,3,1,1
eclipse.pde.ui-20120217-1437,org.eclipse.pde.internal.ui.wizards.imports,BaseImportWizardSecondPage,BaseImportWizardSecondPage,5,1,2
eclipse.pde.ui-20120217-1437,org.eclipse.pde.internal.ui.wizards.imports,BaseImportWizardSecondPage,createImportList,20,1,1
eclipse.pde.ui-20120217-1437,org.eclipse.pde.internal.ui.wizards.imports,BaseImportWizardSecondPage,createComputationsOption,8,3,1
eclipse.pde.ui-20120217-1437,org.eclipse.pde.internal.ui.wizards.imports,BaseImportWizardSecondPage,dispose,3,1,0
eclipse.pde.ui-20120217-1437,org.eclipse.pde.internal.ui.wizards.imports,BaseImportWizardSecondPage,setVisible,7,2,1
eclipse.pde.ui-20120217-1437,org.eclipse.pde.internal.ui.wizards.imports,BaseImportWizardSecondPage,refreshPage,0,1,0
eclipse.pde.ui-20120217-1437,org.eclipse.pde.internal.ui.wizards.imports,BaseImportWizardSecondPage,isRefreshNeeded,22,5,0
eclipse.pde.ui-20120217-1437,org.eclipse.pde.internal.ui.wizards.imports,BaseImportWizardSecondPage,findModel,23,6,2
eclipse.pde.ui-20120217-1437,org.eclipse.pde.internal.ui.wizards.imports,BaseImportWizardSecondPage,findFragments,12,4,1
eclipse.pde.ui-20120217-1437,org.eclipse.pde.internal.ui.wizards.imports,BaseImportWizardSecondPage,addPluginAndDependencies,17,5,3
eclipse.pde.ui-20120217-1437,org.eclipse.pde.internal.ui.wizards.imports,BaseImportWizardSecondPage,addDependencies,26,8,3
eclipse.pde.ui-20120217-1437,org.eclipse.pde.internal.ui.wizards.imports,BaseImportWizardSecondPage,getModelsToImport,8,2,0
eclipse.pde.ui-20120217-1437,org.eclipse.pde.internal.ui.wizards.imports,BaseImportWizardSecondPage,storeSettings,5,2,0
eclipse.pde.ui-20120217-1437,org.eclipse.pde.internal.ui.wizards.imports,BaseImportWizardSecondPage,modelsChanged,3,1,1
eclipse.pde.ui-20120217-1437,org.eclipse.pde.internal.ui.wizards.imports,BaseImportWizardSecondPage,forceAutoBuild,3,1,0
eclipse.pde.ui-20120217-1437,org.eclipse.pde.internal.ui.wizards.imports,BaseImportWizardSecondPage,checkRepositoryAvailability,15,5,0
eclipse.pde.ui-20120217-1437,org.eclipse.pde.internal.ui.wizards.imports,ContentProvider,getElements,3,1,1
eclipse.pde.ui-20120217-1437,org.eclipse.pde.internal.ui.wizards.imports,BinaryProjectFilter,select,15,5,3
eclipse.pde.ui-20120217-1437,org.eclipse.pde.internal.ui.wizards.imports,ExternalPluginLibrariesFilter,select,16,5,3
eclipse.pde.ui-20120217-1437,org.eclipse.pde.internal.ui.wizards.imports,FeatureImportOperation,doQuery,0,1,1
eclipse.pde.ui-20120217-1437,org.eclipse.pde.internal.ui.wizards.imports,FeatureImportOperation,FeatureImportOperation,7,1,4
eclipse.pde.ui-20120217-1437,org.eclipse.pde.internal.ui.wizards.imports,FeatureImportOperation,run,26,5,1
eclipse.pde.ui-20120217-1437,org.eclipse.pde.internal.ui.wizards.imports,FeatureImportOperation,createProject,53,11,2
eclipse.pde.ui-20120217-1437,org.eclipse.pde.internal.ui.wizards.imports,FeatureImportOperation,importContent,27,3,5
eclipse.pde.ui-20120217-1437,org.eclipse.pde.internal.ui.wizards.imports,FeatureImportOperation,queryOverwrite,3,1,1
eclipse.pde.ui-20120217-1437,org.eclipse.pde.internal.ui.wizards.imports,FeatureImportOperation,queryReplace,9,3,1
eclipse.pde.ui-20120217-1437,org.eclipse.pde.internal.ui.wizards.imports,FeatureImportOperation,setProjectNatures,10,2,3
eclipse.pde.ui-20120217-1437,org.eclipse.pde.internal.ui.wizards.imports,FeatureImportOperation,setClasspath,7,1,3
eclipse.pde.ui-20120217-1437,org.eclipse.pde.internal.ui.wizards.imports,FeatureImportOperation,needsJavaNature,12,3,1
eclipse.pde.ui-20120217-1437,org.eclipse.pde.internal.ui.wizards.imports,FeatureImportOperation,createBuildProperties,18,4,1
eclipse.pde.ui-20120217-1437,org.eclipse.pde.internal.ui.wizards.imports,IReplaceQuery,doQuery,0,1,1
eclipse.pde.ui-20120217-1437,org.eclipse.pde.internal.ui.wizards.imports,FeatureImportWizard,FeatureImportWizard,6,1,0
eclipse.pde.ui-20120217-1437,org.eclipse.pde.internal.ui.wizards.imports,FeatureImportWizard,init,2,1,2
eclipse.pde.ui-20120217-1437,org.eclipse.pde.internal.ui.wizards.imports,FeatureImportWizard,addPages,5,1,0
eclipse.pde.ui-20120217-1437,org.eclipse.pde.internal.ui.wizards.imports,FeatureImportWizard,getSettingsSection,7,2,1
eclipse.pde.ui-20120217-1437,org.eclipse.pde.internal.ui.wizards.imports,FeatureImportWizard,performFinish,23,1,0
eclipse.pde.ui-20120217-1437,org.eclipse.pde.internal.ui.wizards.imports,FeatureImportWizard,run,10,1,1
eclipse.pde.ui-20120217-1437,org.eclipse.pde.internal.ui.wizards.imports,FeatureImportWizard,computeTargetPath,5,2,0
eclipse.pde.ui-20120217-1437,org.eclipse.pde.internal.ui.wizards.imports,FeatureImportWizard,ReplaceDialog,3,1,2
eclipse.pde.ui-20120217-1437,org.eclipse.pde.internal.ui.wizards.imports,FeatureImportWizard,ReplaceQuery,2,1,1
eclipse.pde.ui-20120217-1437,org.eclipse.pde.internal.ui.wizards.imports,FeatureImportWizard,doQuery,22,5,1
eclipse.pde.ui-20120217-1437,org.eclipse.pde.internal.ui.wizards.imports,FeatureImportWizard,run,13,4,0
eclipse.pde.ui-20120217-1437,org.eclipse.pde.internal.ui.wizards.imports,ReplaceDialog,ReplaceDialog,3,1,2
eclipse.pde.ui-20120217-1437,org.eclipse.pde.internal.ui.wizards.imports,ReplaceQuery,ReplaceQuery,2,1,1
eclipse.pde.ui-20120217-1437,org.eclipse.pde.internal.ui.wizards.imports,ReplaceQuery,doQuery,22,5,1
eclipse.pde.ui-20120217-1437,org.eclipse.pde.internal.ui.wizards.imports,ReplaceQuery,run,13,4,0
eclipse.pde.ui-20120217-1437,org.eclipse.pde.internal.ui.wizards.imports,FeatureImportWizardPage,getElements,4,2,1
eclipse.pde.ui-20120217-1437,org.eclipse.pde.internal.ui.wizards.imports,FeatureImportWizardPage,LocationChangedJob,3,1,2
eclipse.pde.ui-20120217-1437,org.eclipse.pde.internal.ui.wizards.imports,FeatureImportWizardPage,runInUIThread,14,4,1
eclipse.pde.ui-20120217-1437,org.eclipse.pde.internal.ui.wizards.imports,FeatureImportWizardPage,FeatureImportWizardPage,6,1,0
eclipse.pde.ui-20120217-1437,org.eclipse.pde.internal.ui.wizards.imports,FeatureImportWizardPage,createControl,49,1,1
eclipse.pde.ui-20120217-1437,org.eclipse.pde.internal.ui.wizards.imports,FeatureImportWizardPage,widgetSelected,5,1,1
eclipse.pde.ui-20120217-1437,org.eclipse.pde.internal.ui.wizards.imports,FeatureImportWizardPage,widgetSelected,5,1,1
eclipse.pde.ui-20120217-1437,org.eclipse.pde.internal.ui.wizards.imports,FeatureImportWizardPage,getTargetHome,4,1,0
eclipse.pde.ui-20120217-1437,org.eclipse.pde.internal.ui.wizards.imports,FeatureImportWizardPage,hookListeners,34,4,0
eclipse.pde.ui-20120217-1437,org.eclipse.pde.internal.ui.wizards.imports,FeatureImportWizardPage,widgetSelected,5,1,1
eclipse.pde.ui-20120217-1437,org.eclipse.pde.internal.ui.wizards.imports,FeatureImportWizardPage,modifyText,11,3,1
eclipse.pde.ui-20120217-1437,org.eclipse.pde.internal.ui.wizards.imports,FeatureImportWizardPage,widgetSelected,7,2,1
eclipse.pde.ui-20120217-1437,org.eclipse.pde.internal.ui.wizards.imports,FeatureImportWizardPage,locationChanged,9,2,1
eclipse.pde.ui-20120217-1437,org.eclipse.pde.internal.ui.wizards.imports,FeatureImportWizardPage,fillHorizontal,7,1,3
eclipse.pde.ui-20120217-1437,org.eclipse.pde.internal.ui.wizards.imports,FeatureImportWizardPage,initializeFields,24,5,1
eclipse.pde.ui-20120217-1437,org.eclipse.pde.internal.ui.wizards.imports,FeatureImportWizardPage,setOtherEnabled,5,1,1
eclipse.pde.ui-20120217-1437,org.eclipse.pde.internal.ui.wizards.imports,FeatureImportWizardPage,storeSettings,15,4,1
eclipse.pde.ui-20120217-1437,org.eclipse.pde.internal.ui.wizards.imports,FeatureImportWizardPage,chooseDropLocation,8,1,0
eclipse.pde.ui-20120217-1437,org.eclipse.pde.internal.ui.wizards.imports,FeatureImportWizardPage,validateDropLocation,14,5,0
eclipse.pde.ui-20120217-1437,org.eclipse.pde.internal.ui.wizards.imports,FeatureImportWizardPage,isBinary,3,1,0
eclipse.pde.ui-20120217-1437,org.eclipse.pde.internal.ui.wizards.imports,FeatureImportWizardPage,getDropLocation,3,1,0
eclipse.pde.ui-20120217-1437,org.eclipse.pde.internal.ui.wizards.imports,FeatureImportWizardPage,isOtherLocation,3,1,0
eclipse.pde.ui-20120217-1437,org.eclipse.pde.internal.ui.wizards.imports,FeatureImportWizardPage,handleReload,18,5,0
eclipse.pde.ui-20120217-1437,org.eclipse.pde.internal.ui.wizards.imports,FeatureImportWizardPage,createFeatureTable,57,3,1
eclipse.pde.ui-20120217-1437,org.eclipse.pde.internal.ui.wizards.imports,FeatureImportWizardPage,inputChanged,2,1,3
eclipse.pde.ui-20120217-1437,org.eclipse.pde.internal.ui.wizards.imports,FeatureImportWizardPage,dispose,2,1,0
eclipse.pde.ui-20120217-1437,org.eclipse.pde.internal.ui.wizards.imports,FeatureImportWizardPage,getElements,6,2,1
eclipse.pde.ui-20120217-1437,org.eclipse.pde.internal.ui.wizards.imports,FeatureImportWizardPage,hasChildren,3,1,1
eclipse.pde.ui-20120217-1437,org.eclipse.pde.internal.ui.wizards.imports,FeatureImportWizardPage,getParent,3,1,1
eclipse.pde.ui-20120217-1437,org.eclipse.pde.internal.ui.wizards.imports,FeatureImportWizardPage,getChildren,3,1,1
eclipse.pde.ui-20120217-1437,org.eclipse.pde.internal.ui.wizards.imports,FeatureImportWizardPage,checkStateChanged,4,1,1
eclipse.pde.ui-20120217-1437,org.eclipse.pde.internal.ui.wizards.imports,FeatureImportWizardPage,doubleClick,9,2,1
eclipse.pde.ui-20120217-1437,org.eclipse.pde.internal.ui.wizards.imports,FeatureImportWizardPage,updateCounter,8,2,0
eclipse.pde.ui-20120217-1437,org.eclipse.pde.internal.ui.wizards.imports,FeatureImportWizardPage,dispose,4,1,0
eclipse.pde.ui-20120217-1437,org.eclipse.pde.internal.ui.wizards.imports,FeatureImportWizardPage,getModels,30,5,0
eclipse.pde.ui-20120217-1437,org.eclipse.pde.internal.ui.wizards.imports,FeatureImportWizardPage,run,14,5,1
eclipse.pde.ui-20120217-1437,org.eclipse.pde.internal.ui.wizards.imports,FeatureImportWizardPage,createPath,5,2,1
eclipse.pde.ui-20120217-1437,org.eclipse.pde.internal.ui.wizards.imports,FeatureImportWizardPage,doLoadFeatures,17,7,2
eclipse.pde.ui-20120217-1437,org.eclipse.pde.internal.ui.wizards.imports,FeatureImportWizardPage,doLoadFeature,25,4,3
eclipse.pde.ui-20120217-1437,org.eclipse.pde.internal.ui.wizards.imports,FeatureImportWizardPage,getSelectedModels,6,1,0
eclipse.pde.ui-20120217-1437,org.eclipse.pde.internal.ui.wizards.imports,FeatureImportWizardPage,dialogChanged,8,2,0
eclipse.pde.ui-20120217-1437,org.eclipse.pde.internal.ui.wizards.imports,FeatureImportWizardPage,isPageComplete,3,1,0
eclipse.pde.ui-20120217-1437,org.eclipse.pde.internal.ui.wizards.imports,FeatureImportWizardPage,setLocation,5,1,1
eclipse.pde.ui-20120217-1437,org.eclipse.pde.internal.ui.wizards.imports,ContentProvider,getElements,4,2,1
eclipse.pde.ui-20120217-1437,org.eclipse.pde.internal.ui.wizards.imports,LocationChangedJob,LocationChangedJob,3,1,2
eclipse.pde.ui-20120217-1437,org.eclipse.pde.internal.ui.wizards.imports,LocationChangedJob,runInUIThread,14,4,1
eclipse.pde.ui-20120217-1437,org.eclipse.pde.internal.ui.wizards.imports,OverwriteProjectsSelectionDialog,getChildren,3,1,1
eclipse.pde.ui-20120217-1437,org.eclipse.pde.internal.ui.wizards.imports,OverwriteProjectsSelectionDialog,getParent,3,1,1
eclipse.pde.ui-20120217-1437,org.eclipse.pde.internal.ui.wizards.imports,OverwriteProjectsSelectionDialog,hasChildren,3,1,1
eclipse.pde.ui-20120217-1437,org.eclipse.pde.internal.ui.wizards.imports,OverwriteProjectsSelectionDialog,getElements,3,1,1
eclipse.pde.ui-20120217-1437,org.eclipse.pde.internal.ui.wizards.imports,OverwriteProjectsSelectionDialog,dispose,2,1,0
eclipse.pde.ui-20120217-1437,org.eclipse.pde.internal.ui.wizards.imports,OverwriteProjectsSelectionDialog,inputChanged,2,1,3
eclipse.pde.ui-20120217-1437,org.eclipse.pde.internal.ui.wizards.imports,OverwriteProjectsSelectionDialog,getImage,3,1,1
eclipse.pde.ui-20120217-1437,org.eclipse.pde.internal.ui.wizards.imports,OverwriteProjectsSelectionDialog,getText,3,1,1
eclipse.pde.ui-20120217-1437,org.eclipse.pde.internal.ui.wizards.imports,OverwriteProjectsSelectionDialog,update,7,1,1
eclipse.pde.ui-20120217-1437,org.eclipse.pde.internal.ui.wizards.imports,OverwriteProjectsSelectionDialog,getStyledText,16,1,1
eclipse.pde.ui-20120217-1437,org.eclipse.pde.internal.ui.wizards.imports,OverwriteProjectsSelectionDialog,widgetSelected,9,3,1
eclipse.pde.ui-20120217-1437,org.eclipse.pde.internal.ui.wizards.imports,OverwriteProjectsSelectionDialog,OverwriteProjectsSelectionDialog,6,1,2
eclipse.pde.ui-20120217-1437,org.eclipse.pde.internal.ui.wizards.imports,OverwriteProjectsSelectionDialog,configureShell,4,1,1
eclipse.pde.ui-20120217-1437,org.eclipse.pde.internal.ui.wizards.imports,OverwriteProjectsSelectionDialog,computeResult,4,1,0
eclipse.pde.ui-20120217-1437,org.eclipse.pde.internal.ui.wizards.imports,OverwriteProjectsSelectionDialog,createDialogArea,25,2,1
eclipse.pde.ui-20120217-1437,org.eclipse.pde.internal.ui.wizards.imports,OverwriteProjectsSelectionDialog,createTableArea,12,2,1
eclipse.pde.ui-20120217-1437,org.eclipse.pde.internal.ui.wizards.imports,PluginContentProvider,getChildren,3,1,1
eclipse.pde.ui-20120217-1437,org.eclipse.pde.internal.ui.wizards.imports,PluginContentProvider,getParent,3,1,1
eclipse.pde.ui-20120217-1437,org.eclipse.pde.internal.ui.wizards.imports,PluginContentProvider,hasChildren,3,1,1
eclipse.pde.ui-20120217-1437,org.eclipse.pde.internal.ui.wizards.imports,PluginContentProvider,getElements,3,1,1
eclipse.pde.ui-20120217-1437,org.eclipse.pde.internal.ui.wizards.imports,PluginContentProvider,dispose,2,1,0
eclipse.pde.ui-20120217-1437,org.eclipse.pde.internal.ui.wizards.imports,PluginContentProvider,inputChanged,2,1,3
eclipse.pde.ui-20120217-1437,org.eclipse.pde.internal.ui.wizards.imports,StyledPluginLabelProvider,getImage,3,1,1
eclipse.pde.ui-20120217-1437,org.eclipse.pde.internal.ui.wizards.imports,StyledPluginLabelProvider,getText,3,1,1
eclipse.pde.ui-20120217-1437,org.eclipse.pde.internal.ui.wizards.imports,StyledPluginLabelProvider,update,7,1,1
eclipse.pde.ui-20120217-1437,org.eclipse.pde.internal.ui.wizards.imports,StyledPluginLabelProvider,getStyledText,16,1,1
eclipse.pde.ui-20120217-1437,org.eclipse.pde.internal.ui.wizards.imports,ButtonSelectionListener,widgetSelected,9,3,1
eclipse.pde.ui-20120217-1437,org.eclipse.pde.internal.ui.wizards.imports,PluginImportFinishDialog,createDialogArea,17,1,1
eclipse.pde.ui-20120217-1437,org.eclipse.pde.internal.ui.wizards.imports,PluginImportFinishDialog,configureShell,5,1,1
eclipse.pde.ui-20120217-1437,org.eclipse.pde.internal.ui.wizards.imports,PluginImportFinishDialog,createButtonsForButtonBar,3,1,1
eclipse.pde.ui-20120217-1437,org.eclipse.pde.internal.ui.wizards.imports,PluginImportFinishDialog,PluginImportFinishDialog,4,1,1
eclipse.pde.ui-20120217-1437,org.eclipse.pde.internal.ui.wizards.imports,PluginImportFinishDialog,setInput,3,1,1
eclipse.pde.ui-20120217-1437,org.eclipse.pde.internal.ui.wizards.imports,PluginImportFinishDialog,getElements,3,1,1
eclipse.pde.ui-20120217-1437,org.eclipse.pde.internal.ui.wizards.imports,PluginImportFinishDialog,setMessage,4,2,1
eclipse.pde.ui-20120217-1437,org.eclipse.pde.internal.ui.wizards.imports,PluginImportFinishDialog,setTitle,4,2,1
eclipse.pde.ui-20120217-1437,org.eclipse.pde.internal.ui.wizards.imports,PluginImportTableContentProvider,getElements,3,1,1
eclipse.pde.ui-20120217-1437,org.eclipse.pde.internal.ui.wizards.imports,PluginImportHelper,importContent,23,2,5
eclipse.pde.ui-20120217-1437,org.eclipse.pde.internal.ui.wizards.imports,PluginImportHelper,queryOverwrite,3,1,1
eclipse.pde.ui-20120217-1437,org.eclipse.pde.internal.ui.wizards.imports,PluginImportHelper,extractArchive,26,3,4
eclipse.pde.ui-20120217-1437,org.eclipse.pde.internal.ui.wizards.imports,PluginImportHelper,extractFolderFromArchive,26,3,5
eclipse.pde.ui-20120217-1437,org.eclipse.pde.internal.ui.wizards.imports,PluginImportHelper,extractJavaSourceFromArchive,26,3,5
eclipse.pde.ui-20120217-1437,org.eclipse.pde.internal.ui.wizards.imports,PluginImportHelper,collectJavaPackages,19,6,4
eclipse.pde.ui-20120217-1437,org.eclipse.pde.internal.ui.wizards.imports,PluginImportHelper,copyArchive,12,2,3
eclipse.pde.ui-20120217-1437,org.eclipse.pde.internal.ui.wizards.imports,PluginImportHelper,getTopLevelResources,35,7,1
eclipse.pde.ui-20120217-1437,org.eclipse.pde.internal.ui.wizards.imports,PluginImportHelper,collectRequiredBundleFiles,17,6,3
eclipse.pde.ui-20120217-1437,org.eclipse.pde.internal.ui.wizards.imports,PluginImportHelper,collectBinaryFiles,31,8,4
eclipse.pde.ui-20120217-1437,org.eclipse.pde.internal.ui.wizards.imports,PluginImportHelper,collectNonJavaNonBuildFiles,18,7,3
eclipse.pde.ui-20120217-1437,org.eclipse.pde.internal.ui.wizards.imports,PluginImportHelper,collectResources,14,5,3
eclipse.pde.ui-20120217-1437,org.eclipse.pde.internal.ui.wizards.imports,PluginImportHelper,collectResourcesFromFolder,18,6,4
eclipse.pde.ui-20120217-1437,org.eclipse.pde.internal.ui.wizards.imports,PluginImportHelper,collectResourcesFromFolder,16,5,4
eclipse.pde.ui-20120217-1437,org.eclipse.pde.internal.ui.wizards.imports,PluginImportHelper,collectJavaSourceFromRoot,27,8,3
eclipse.pde.ui-20120217-1437,org.eclipse.pde.internal.ui.wizards.imports,PluginImportHelper,collectJavaSource,30,9,4
eclipse.pde.ui-20120217-1437,org.eclipse.pde.internal.ui.wizards.imports,PluginImportHelper,folderContainsFileExtension,17,6,3
eclipse.pde.ui-20120217-1437,org.eclipse.pde.internal.ui.wizards.imports,PluginImportHelper,isClassFolder,3,1,2
eclipse.pde.ui-20120217-1437,org.eclipse.pde.internal.ui.wizards.imports,PluginImportLabelProvider,getImage,3,1,1
eclipse.pde.ui-20120217-1437,org.eclipse.pde.internal.ui.wizards.imports,PluginImportLabelProvider,getText,3,1,1
eclipse.pde.ui-20120217-1437,org.eclipse.pde.internal.ui.wizards.imports,PluginImportLabelProvider,update,7,1,1
eclipse.pde.ui-20120217-1437,org.eclipse.pde.internal.ui.wizards.imports,PluginImportLabelProvider,getStyledText,16,2,1
eclipse.pde.ui-20120217-1437,org.eclipse.pde.internal.ui.wizards.imports,PluginImportOperation,PluginImportOperation,6,1,3
eclipse.pde.ui-20120217-1437,org.eclipse.pde.internal.ui.wizards.imports,PluginImportOperation,setPluginsInUse,3,1,1
eclipse.pde.ui-20120217-1437,org.eclipse.pde.internal.ui.wizards.imports,PluginImportOperation,setAlternateSource,3,1,1
eclipse.pde.ui-20120217-1437,org.eclipse.pde.internal.ui.wizards.imports,PluginImportOperation,NotImportedProjectsWarningDialog,4,1,2
eclipse.pde.ui-20120217-1437,org.eclipse.pde.internal.ui.wizards.imports,PluginImportOperation,createCustomArea,20,2,1
eclipse.pde.ui-20120217-1437,org.eclipse.pde.internal.ui.wizards.imports,PluginImportOperation,runInWorkspace,79,12,1
eclipse.pde.ui-20120217-1437,org.eclipse.pde.internal.ui.wizards.imports,PluginImportOperation,runInUIThread,6,1,1
eclipse.pde.ui-20120217-1437,org.eclipse.pde.internal.ui.wizards.imports,PluginImportOperation,deleteConflictingProjects,100,18,2
eclipse.pde.ui-20120217-1437,org.eclipse.pde.internal.ui.wizards.imports,PluginImportOperation,runInUIThread,9,2,1
eclipse.pde.ui-20120217-1437,org.eclipse.pde.internal.ui.wizards.imports,PluginImportOperation,setClasspaths,15,2,1
eclipse.pde.ui-20120217-1437,org.eclipse.pde.internal.ui.wizards.imports,PluginImportOperation,importPlugin,35,9,3
eclipse.pde.ui-20120217-1437,org.eclipse.pde.internal.ui.wizards.imports,PluginImportOperation,importAsBinary,22,2,3
eclipse.pde.ui-20120217-1437,org.eclipse.pde.internal.ui.wizards.imports,PluginImportOperation,importAsBinaryWithLinks,24,2,3
eclipse.pde.ui-20120217-1437,org.eclipse.pde.internal.ui.wizards.imports,PluginImportOperation,importAsSource,59,6,3
eclipse.pde.ui-20120217-1437,org.eclipse.pde.internal.ui.wizards.imports,PluginImportOperation,createProject,46,9,2
eclipse.pde.ui-20120217-1437,org.eclipse.pde.internal.ui.wizards.imports,PluginImportOperation,findProject,10,3,1
eclipse.pde.ui-20120217-1437,org.eclipse.pde.internal.ui.wizards.imports,PluginImportOperation,safeDeleteCheck,17,6,2
eclipse.pde.ui-20120217-1437,org.eclipse.pde.internal.ui.wizards.imports,PluginImportOperation,canFindSource,38,6,1
eclipse.pde.ui-20120217-1437,org.eclipse.pde.internal.ui.wizards.imports,PluginImportOperation,getSourceManager,28,8,1
eclipse.pde.ui-20120217-1437,org.eclipse.pde.internal.ui.wizards.imports,PluginImportOperation,isExempt,10,4,2
eclipse.pde.ui-20120217-1437,org.eclipse.pde.internal.ui.wizards.imports,PluginImportOperation,runBuildJob,18,1,0
eclipse.pde.ui-20120217-1437,org.eclipse.pde.internal.ui.wizards.imports,PluginImportOperation,belongsTo,3,1,1
eclipse.pde.ui-20120217-1437,org.eclipse.pde.internal.ui.wizards.imports,PluginImportOperation,run,8,1,1
eclipse.pde.ui-20120217-1437,org.eclipse.pde.internal.ui.wizards.imports,PluginImportOperation,importSourceArchives,33,7,4
eclipse.pde.ui-20120217-1437,org.eclipse.pde.internal.ui.wizards.imports,PluginImportOperation,extractSourceFolders,62,13,5
eclipse.pde.ui-20120217-1437,org.eclipse.pde.internal.ui.wizards.imports,PluginImportOperation,handleInternalSource,36,4,3
eclipse.pde.ui-20120217-1437,org.eclipse.pde.internal.ui.wizards.imports,PluginImportOperation,addPackageEntries,13,4,3
eclipse.pde.ui-20120217-1437,org.eclipse.pde.internal.ui.wizards.imports,PluginImportOperation,importAdditionalSourceFiles,36,5,3
eclipse.pde.ui-20120217-1437,org.eclipse.pde.internal.ui.wizards.imports,PluginImportOperation,importRequiredPluginFiles,31,3,3
eclipse.pde.ui-20120217-1437,org.eclipse.pde.internal.ui.wizards.imports,PluginImportOperation,addBuildEntry,11,2,3
eclipse.pde.ui-20120217-1437,org.eclipse.pde.internal.ui.wizards.imports,PluginImportOperation,configureBinIncludes,31,10,3
eclipse.pde.ui-20120217-1437,org.eclipse.pde.internal.ui.wizards.imports,PluginImportOperation,getSourceDirectories,15,4,1
eclipse.pde.ui-20120217-1437,org.eclipse.pde.internal.ui.wizards.imports,PluginImportOperation,modifyBundleClasspathHeader,30,6,2
eclipse.pde.ui-20120217-1437,org.eclipse.pde.internal.ui.wizards.imports,PluginImportOperation,needsJavaNature,21,8,2
eclipse.pde.ui-20120217-1437,org.eclipse.pde.internal.ui.wizards.imports,PluginImportOperation,setProjectNatures,9,3,2
eclipse.pde.ui-20120217-1437,org.eclipse.pde.internal.ui.wizards.imports,PluginImportOperation,getLibraryNames,9,3,1
eclipse.pde.ui-20120217-1437,org.eclipse.pde.internal.ui.wizards.imports,PluginImportOperation,getSourceDirName,4,1,1
eclipse.pde.ui-20120217-1437,org.eclipse.pde.internal.ui.wizards.imports,PluginImportOperation,isJARd,3,1,1
eclipse.pde.ui-20120217-1437,org.eclipse.pde.internal.ui.wizards.imports,PluginImportOperation,setImportDescriptions,3,1,1
eclipse.pde.ui-20120217-1437,org.eclipse.pde.internal.ui.wizards.imports,NotImportedProjectsWarningDialog,NotImportedProjectsWarningDialog,4,1,2
eclipse.pde.ui-20120217-1437,org.eclipse.pde.internal.ui.wizards.imports,NotImportedProjectsWarningDialog,createCustomArea,20,2,1
eclipse.pde.ui-20120217-1437,org.eclipse.pde.internal.ui.wizards.imports,PluginImportWizard,PluginImportWizard,6,1,0
eclipse.pde.ui-20120217-1437,org.eclipse.pde.internal.ui.wizards.imports,PluginImportWizard,init,3,1,2
eclipse.pde.ui-20120217-1437,org.eclipse.pde.internal.ui.wizards.imports,PluginImportWizard,createPageControls,8,2,1
eclipse.pde.ui-20120217-1437,org.eclipse.pde.internal.ui.wizards.imports,PluginImportWizard,addPages,9,1,0
eclipse.pde.ui-20120217-1437,org.eclipse.pde.internal.ui.wizards.imports,PluginImportWizard,getSettingsSection,7,2,1
eclipse.pde.ui-20120217-1437,org.eclipse.pde.internal.ui.wizards.imports,PluginImportWizard,getModelsToImport,4,2,0
eclipse.pde.ui-20120217-1437,org.eclipse.pde.internal.ui.wizards.imports,PluginImportWizard,performFinish,21,6,0
eclipse.pde.ui-20120217-1437,org.eclipse.pde.internal.ui.wizards.imports,PluginImportWizard,getConflictingConfigurationsCount,35,9,1
eclipse.pde.ui-20120217-1437,org.eclipse.pde.internal.ui.wizards.imports,PluginImportWizard,doImportOperation,3,1,4
eclipse.pde.ui-20120217-1437,org.eclipse.pde.internal.ui.wizards.imports,PluginImportWizard,doImportOperation,9,1,6
eclipse.pde.ui-20120217-1437,org.eclipse.pde.internal.ui.wizards.imports,PluginImportWizard,getNextPage,12,4,1
eclipse.pde.ui-20120217-1437,org.eclipse.pde.internal.ui.wizards.imports,PluginImportWizard,getPreviousPage,13,4,1
eclipse.pde.ui-20120217-1437,org.eclipse.pde.internal.ui.wizards.imports,PluginImportWizard,canFinish,3,1,0
eclipse.pde.ui-20120217-1437,org.eclipse.pde.internal.ui.wizards.imports,PluginImportWizard,handlePageChanging,6,2,1
eclipse.pde.ui-20120217-1437,org.eclipse.pde.internal.ui.wizards.imports,PluginImportWizardDetailedPage,getElements,3,1,1
eclipse.pde.ui-20120217-1437,org.eclipse.pde.internal.ui.wizards.imports,PluginImportWizardDetailedPage,select,6,2,3
eclipse.pde.ui-20120217-1437,org.eclipse.pde.internal.ui.wizards.imports,PluginImportWizardDetailedPage,AvailableFilter,3,1,0
eclipse.pde.ui-20120217-1437,org.eclipse.pde.internal.ui.wizards.imports,PluginImportWizardDetailedPage,select,7,4,3
eclipse.pde.ui-20120217-1437,org.eclipse.pde.internal.ui.wizards.imports,PluginImportWizardDetailedPage,setPattern,10,5,1
eclipse.pde.ui-20120217-1437,org.eclipse.pde.internal.ui.wizards.imports,PluginImportWizardDetailedPage,setModel,13,4,1
eclipse.pde.ui-20120217-1437,org.eclipse.pde.internal.ui.wizards.imports,PluginImportWizardDetailedPage,select,6,2,3
eclipse.pde.ui-20120217-1437,org.eclipse.pde.internal.ui.wizards.imports,PluginImportWizardDetailedPage,PluginImportWizardDetailedPage,6,1,2
eclipse.pde.ui-20120217-1437,org.eclipse.pde.internal.ui.wizards.imports,PluginImportWizardDetailedPage,createControl,23,1,1
eclipse.pde.ui-20120217-1437,org.eclipse.pde.internal.ui.wizards.imports,PluginImportWizardDetailedPage,createFilterOptions,17,3,1
eclipse.pde.ui-20120217-1437,org.eclipse.pde.internal.ui.wizards.imports,PluginImportWizardDetailedPage,widgetSelected,9,2,1
eclipse.pde.ui-20120217-1437,org.eclipse.pde.internal.ui.wizards.imports,PluginImportWizardDetailedPage,addFilters,21,2,0
eclipse.pde.ui-20120217-1437,org.eclipse.pde.internal.ui.wizards.imports,PluginImportWizardDetailedPage,runInUIThread,4,1,1
eclipse.pde.ui-20120217-1437,org.eclipse.pde.internal.ui.wizards.imports,PluginImportWizardDetailedPage,initialize,4,1,0
eclipse.pde.ui-20120217-1437,org.eclipse.pde.internal.ui.wizards.imports,PluginImportWizardDetailedPage,addViewerListeners,33,1,0
eclipse.pde.ui-20120217-1437,org.eclipse.pde.internal.ui.wizards.imports,PluginImportWizardDetailedPage,doubleClick,3,1,1
eclipse.pde.ui-20120217-1437,org.eclipse.pde.internal.ui.wizards.imports,PluginImportWizardDetailedPage,doubleClick,3,1,1
eclipse.pde.ui-20120217-1437,org.eclipse.pde.internal.ui.wizards.imports,PluginImportWizardDetailedPage,selectionChanged,3,1,1
eclipse.pde.ui-20120217-1437,org.eclipse.pde.internal.ui.wizards.imports,PluginImportWizardDetailedPage,selectionChanged,3,1,1
eclipse.pde.ui-20120217-1437,org.eclipse.pde.internal.ui.wizards.imports,PluginImportWizardDetailedPage,modifyText,4,1,1
eclipse.pde.ui-20120217-1437,org.eclipse.pde.internal.ui.wizards.imports,PluginImportWizardDetailedPage,createAvailableList,21,1,1
eclipse.pde.ui-20120217-1437,org.eclipse.pde.internal.ui.wizards.imports,PluginImportWizardDetailedPage,createButtonArea,100,1,1
eclipse.pde.ui-20120217-1437,org.eclipse.pde.internal.ui.wizards.imports,PluginImportWizardDetailedPage,widgetSelected,3,1,1
eclipse.pde.ui-20120217-1437,org.eclipse.pde.internal.ui.wizards.imports,PluginImportWizardDetailedPage,widgetSelected,3,1,1
eclipse.pde.ui-20120217-1437,org.eclipse.pde.internal.ui.wizards.imports,PluginImportWizardDetailedPage,widgetSelected,3,1,1
eclipse.pde.ui-20120217-1437,org.eclipse.pde.internal.ui.wizards.imports,PluginImportWizardDetailedPage,widgetSelected,3,1,1
eclipse.pde.ui-20120217-1437,org.eclipse.pde.internal.ui.wizards.imports,PluginImportWizardDetailedPage,widgetSelected,3,1,1
eclipse.pde.ui-20120217-1437,org.eclipse.pde.internal.ui.wizards.imports,PluginImportWizardDetailedPage,widgetSelected,3,1,1
eclipse.pde.ui-20120217-1437,org.eclipse.pde.internal.ui.wizards.imports,PluginImportWizardDetailedPage,widgetSelected,3,1,1
eclipse.pde.ui-20120217-1437,org.eclipse.pde.internal.ui.wizards.imports,PluginImportWizardDetailedPage,widgetSelected,3,1,1
eclipse.pde.ui-20120217-1437,org.eclipse.pde.internal.ui.wizards.imports,PluginImportWizardDetailedPage,createScrollArea,17,1,1
eclipse.pde.ui-20120217-1437,org.eclipse.pde.internal.ui.wizards.imports,PluginImportWizardDetailedPage,setVisible,7,2,1
eclipse.pde.ui-20120217-1437,org.eclipse.pde.internal.ui.wizards.imports,PluginImportWizardDetailedPage,refreshPage,10,1,0
eclipse.pde.ui-20120217-1437,org.eclipse.pde.internal.ui.wizards.imports,PluginImportWizardDetailedPage,pageChanged,3,1,0
eclipse.pde.ui-20120217-1437,org.eclipse.pde.internal.ui.wizards.imports,PluginImportWizardDetailedPage,pageChanged,5,1,2
eclipse.pde.ui-20120217-1437,org.eclipse.pde.internal.ui.wizards.imports,PluginImportWizardDetailedPage,updateCount,7,2,0
eclipse.pde.ui-20120217-1437,org.eclipse.pde.internal.ui.wizards.imports,PluginImportWizardDetailedPage,updateButtonEnablement,10,3,2
eclipse.pde.ui-20120217-1437,org.eclipse.pde.internal.ui.wizards.imports,PluginImportWizardDetailedPage,updateSelectionBasedEnablement,4,2,2
eclipse.pde.ui-20120217-1437,org.eclipse.pde.internal.ui.wizards.imports,PluginImportWizardDetailedPage,handleAdd,10,2,0
eclipse.pde.ui-20120217-1437,org.eclipse.pde.internal.ui.wizards.imports,PluginImportWizardDetailedPage,handleAddAll,11,3,0
eclipse.pde.ui-20120217-1437,org.eclipse.pde.internal.ui.wizards.imports,PluginImportWizardDetailedPage,handleFilter,10,3,0
eclipse.pde.ui-20120217-1437,org.eclipse.pde.internal.ui.wizards.imports,PluginImportWizardDetailedPage,handleRemove,10,2,0
eclipse.pde.ui-20120217-1437,org.eclipse.pde.internal.ui.wizards.imports,PluginImportWizardDetailedPage,doAdd,5,1,1
eclipse.pde.ui-20120217-1437,org.eclipse.pde.internal.ui.wizards.imports,PluginImportWizardDetailedPage,doRemove,5,1,1
eclipse.pde.ui-20120217-1437,org.eclipse.pde.internal.ui.wizards.imports,PluginImportWizardDetailedPage,handleRemoveAll,11,3,0
eclipse.pde.ui-20120217-1437,org.eclipse.pde.internal.ui.wizards.imports,PluginImportWizardDetailedPage,handleSetImportSelection,24,5,1
eclipse.pde.ui-20120217-1437,org.eclipse.pde.internal.ui.wizards.imports,PluginImportWizardDetailedPage,handleSwap,19,5,0
eclipse.pde.ui-20120217-1437,org.eclipse.pde.internal.ui.wizards.imports,PluginImportWizardDetailedPage,handleExistingProjects,11,3,0
eclipse.pde.ui-20120217-1437,org.eclipse.pde.internal.ui.wizards.imports,PluginImportWizardDetailedPage,handleExistingUnshared,11,3,0
eclipse.pde.ui-20120217-1437,org.eclipse.pde.internal.ui.wizards.imports,PluginImportWizardDetailedPage,handleAddRequiredPlugins,15,5,0
eclipse.pde.ui-20120217-1437,org.eclipse.pde.internal.ui.wizards.imports,PluginImportWizardDetailedPage,dispose,3,1,0
eclipse.pde.ui-20120217-1437,org.eclipse.pde.internal.ui.wizards.imports,PluginImportWizardDetailedPage,storeSettings,5,1,0
eclipse.pde.ui-20120217-1437,org.eclipse.pde.internal.ui.wizards.imports,ContentProvider,getElements,3,1,1
eclipse.pde.ui-20120217-1437,org.eclipse.pde.internal.ui.wizards.imports,RepositoryFilter,select,6,2,3
eclipse.pde.ui-20120217-1437,org.eclipse.pde.internal.ui.wizards.imports,AvailableFilter,AvailableFilter,3,1,0
eclipse.pde.ui-20120217-1437,org.eclipse.pde.internal.ui.wizards.imports,AvailableFilter,select,7,4,3
eclipse.pde.ui-20120217-1437,org.eclipse.pde.internal.ui.wizards.imports,AvailableFilter,setPattern,10,5,1
eclipse.pde.ui-20120217-1437,org.eclipse.pde.internal.ui.wizards.imports,VersionFilter,setModel,13,4,1
eclipse.pde.ui-20120217-1437,org.eclipse.pde.internal.ui.wizards.imports,VersionFilter,select,6,2,3
eclipse.pde.ui-20120217-1437,org.eclipse.pde.internal.ui.wizards.imports,PluginImportWizardExpressPage,getElements,11,4,1
eclipse.pde.ui-20120217-1437,org.eclipse.pde.internal.ui.wizards.imports,PluginImportWizardExpressPage,TablePart,3,1,2
eclipse.pde.ui-20120217-1437,org.eclipse.pde.internal.ui.wizards.imports,PluginImportWizardExpressPage,updateCounter,3,1,1
eclipse.pde.ui-20120217-1437,org.eclipse.pde.internal.ui.wizards.imports,PluginImportWizardExpressPage,createStructuredViewer,4,1,3
eclipse.pde.ui-20120217-1437,org.eclipse.pde.internal.ui.wizards.imports,PluginImportWizardExpressPage,elementChecked,4,1,2
eclipse.pde.ui-20120217-1437,org.eclipse.pde.internal.ui.wizards.imports,PluginImportWizardExpressPage,handleSelectAll,4,1,1
eclipse.pde.ui-20120217-1437,org.eclipse.pde.internal.ui.wizards.imports,PluginImportWizardExpressPage,PluginImportWizardExpressPage,6,1,3
eclipse.pde.ui-20120217-1437,org.eclipse.pde.internal.ui.wizards.imports,PluginImportWizardExpressPage,createControl,24,1,1
eclipse.pde.ui-20120217-1437,org.eclipse.pde.internal.ui.wizards.imports,PluginImportWizardExpressPage,widgetSelected,3,1,1
eclipse.pde.ui-20120217-1437,org.eclipse.pde.internal.ui.wizards.imports,PluginImportWizardExpressPage,createButtons,30,1,1
eclipse.pde.ui-20120217-1437,org.eclipse.pde.internal.ui.wizards.imports,PluginImportWizardExpressPage,widgetSelected,4,1,1
eclipse.pde.ui-20120217-1437,org.eclipse.pde.internal.ui.wizards.imports,PluginImportWizardExpressPage,widgetSelected,4,1,1
eclipse.pde.ui-20120217-1437,org.eclipse.pde.internal.ui.wizards.imports,PluginImportWizardExpressPage,createTablePart,19,1,1
eclipse.pde.ui-20120217-1437,org.eclipse.pde.internal.ui.wizards.imports,PluginImportWizardExpressPage,createImportPart,8,1,1
eclipse.pde.ui-20120217-1437,org.eclipse.pde.internal.ui.wizards.imports,PluginImportWizardExpressPage,initialize,18,6,0
eclipse.pde.ui-20120217-1437,org.eclipse.pde.internal.ui.wizards.imports,PluginImportWizardExpressPage,computeModelsToImport,14,3,0
eclipse.pde.ui-20120217-1437,org.eclipse.pde.internal.ui.wizards.imports,PluginImportWizardExpressPage,removeSharedModels,16,5,1
eclipse.pde.ui-20120217-1437,org.eclipse.pde.internal.ui.wizards.imports,PluginImportWizardExpressPage,addExtraPrerequisites,21,7,2
eclipse.pde.ui-20120217-1437,org.eclipse.pde.internal.ui.wizards.imports,PluginImportWizardExpressPage,refreshPage,3,1,0
eclipse.pde.ui-20120217-1437,org.eclipse.pde.internal.ui.wizards.imports,PluginImportWizardExpressPage,pageChanged,7,1,0
eclipse.pde.ui-20120217-1437,org.eclipse.pde.internal.ui.wizards.imports,PluginImportWizardExpressPage,updateCount,4,1,0
eclipse.pde.ui-20120217-1437,org.eclipse.pde.internal.ui.wizards.imports,PluginContentProvider,getElements,11,4,1
eclipse.pde.ui-20120217-1437,org.eclipse.pde.internal.ui.wizards.imports,TablePart,TablePart,3,1,2
eclipse.pde.ui-20120217-1437,org.eclipse.pde.internal.ui.wizards.imports,TablePart,updateCounter,3,1,1
eclipse.pde.ui-20120217-1437,org.eclipse.pde.internal.ui.wizards.imports,TablePart,createStructuredViewer,4,1,3
eclipse.pde.ui-20120217-1437,org.eclipse.pde.internal.ui.wizards.imports,TablePart,elementChecked,4,1,2
eclipse.pde.ui-20120217-1437,org.eclipse.pde.internal.ui.wizards.imports,TablePart,handleSelectAll,4,1,1
eclipse.pde.ui-20120217-1437,org.eclipse.pde.internal.ui.wizards.imports,PluginImportWizardFirstPage,PluginImportWizardFirstPage,6,1,1
eclipse.pde.ui-20120217-1437,org.eclipse.pde.internal.ui.wizards.imports,PluginImportWizardFirstPage,createControl,13,1,1
eclipse.pde.ui-20120217-1437,org.eclipse.pde.internal.ui.wizards.imports,PluginImportWizardFirstPage,createImportChoicesGroup,5,1,1
eclipse.pde.ui-20120217-1437,org.eclipse.pde.internal.ui.wizards.imports,PluginImportWizardFirstPage,createImportOptionsGroup,7,1,1
eclipse.pde.ui-20120217-1437,org.eclipse.pde.internal.ui.wizards.imports,PluginImportWizardFirstPage,initialize,45,7,0
eclipse.pde.ui-20120217-1437,org.eclipse.pde.internal.ui.wizards.imports,PluginImportWizardFirstPage,updateSourceGroup,11,2,1
eclipse.pde.ui-20120217-1437,org.eclipse.pde.internal.ui.wizards.imports,PluginImportWizardFirstPage,refreshTargetDropDown,34,5,0
eclipse.pde.ui-20120217-1437,org.eclipse.pde.internal.ui.wizards.imports,PluginImportWizardFirstPage,compare,7,1,2
eclipse.pde.ui-20120217-1437,org.eclipse.pde.internal.ui.wizards.imports,PluginImportWizardFirstPage,getTargetPlatformService,4,1,0
eclipse.pde.ui-20120217-1437,org.eclipse.pde.internal.ui.wizards.imports,PluginImportWizardFirstPage,createImportFromGroup,84,9,1
eclipse.pde.ui-20120217-1437,org.eclipse.pde.internal.ui.wizards.imports,PluginImportWizardFirstPage,widgetSelected,4,1,1
eclipse.pde.ui-20120217-1437,org.eclipse.pde.internal.ui.wizards.imports,PluginImportWizardFirstPage,widgetSelected,28,8,1
eclipse.pde.ui-20120217-1437,org.eclipse.pde.internal.ui.wizards.imports,PluginImportWizardFirstPage,widgetSelected,4,1,1
eclipse.pde.ui-20120217-1437,org.eclipse.pde.internal.ui.wizards.imports,PluginImportWizardFirstPage,widgetSelected,3,1,1
eclipse.pde.ui-20120217-1437,org.eclipse.pde.internal.ui.wizards.imports,PluginImportWizardFirstPage,widgetSelected,4,1,1
eclipse.pde.ui-20120217-1437,org.eclipse.pde.internal.ui.wizards.imports,PluginImportWizardFirstPage,modifyText,3,1,1
eclipse.pde.ui-20120217-1437,org.eclipse.pde.internal.ui.wizards.imports,PluginImportWizardFirstPage,widgetSelected,4,2,1
eclipse.pde.ui-20120217-1437,org.eclipse.pde.internal.ui.wizards.imports,PluginImportWizardFirstPage,showPreferencePage,15,2,2
eclipse.pde.ui-20120217-1437,org.eclipse.pde.internal.ui.wizards.imports,PluginImportWizardFirstPage,run,5,2,0
eclipse.pde.ui-20120217-1437,org.eclipse.pde.internal.ui.wizards.imports,PluginImportWizardFirstPage,chooseDropLocation,11,2,0
eclipse.pde.ui-20120217-1437,org.eclipse.pde.internal.ui.wizards.imports,PluginImportWizardFirstPage,getTargetHome,4,1,0
eclipse.pde.ui-20120217-1437,org.eclipse.pde.internal.ui.wizards.imports,PluginImportWizardFirstPage,getScanAllPlugins,3,1,0
eclipse.pde.ui-20120217-1437,org.eclipse.pde.internal.ui.wizards.imports,PluginImportWizardFirstPage,getImportType,12,4,0
eclipse.pde.ui-20120217-1437,org.eclipse.pde.internal.ui.wizards.imports,PluginImportWizardFirstPage,getAlternateSourceLocations,3,1,0
eclipse.pde.ui-20120217-1437,org.eclipse.pde.internal.ui.wizards.imports,PluginImportWizardFirstPage,getDropLocation,3,1,0
eclipse.pde.ui-20120217-1437,org.eclipse.pde.internal.ui.wizards.imports,PluginImportWizardFirstPage,storeSettings,15,3,0
eclipse.pde.ui-20120217-1437,org.eclipse.pde.internal.ui.wizards.imports,PluginImportWizardFirstPage,getImportOrigin,10,3,0
eclipse.pde.ui-20120217-1437,org.eclipse.pde.internal.ui.wizards.imports,PluginImportWizardFirstPage,dispose,3,1,0
eclipse.pde.ui-20120217-1437,org.eclipse.pde.internal.ui.wizards.imports,PluginImportWizardFirstPage,validateDropLocation,28,6,0
eclipse.pde.ui-20120217-1437,org.eclipse.pde.internal.ui.wizards.imports,PluginImportWizardFirstPage,resolveTargetPlatform,25,1,1
eclipse.pde.ui-20120217-1437,org.eclipse.pde.internal.ui.wizards.imports,PluginImportWizardFirstPage,run,12,1,1
eclipse.pde.ui-20120217-1437,org.eclipse.pde.internal.ui.wizards.imports,PluginImportWizardFirstPage,resolveArbitraryLocation,16,3,1
eclipse.pde.ui-20120217-1437,org.eclipse.pde.internal.ui.wizards.imports,PluginImportWizardFirstPage,resolveTargetDefinition,64,7,2
eclipse.pde.ui-20120217-1437,org.eclipse.pde.internal.ui.wizards.imports,PluginImportWizardFirstPage,run,51,7,1
eclipse.pde.ui-20120217-1437,org.eclipse.pde.internal.ui.wizards.imports,PluginImportWizardFirstPage,buildImportDescriptions,45,12,2
eclipse.pde.ui-20120217-1437,org.eclipse.pde.internal.ui.wizards.imports,PluginImportWizardFirstPage,arePagesComplete,10,3,0
eclipse.pde.ui-20120217-1437,org.eclipse.pde.internal.ui.wizards.imports,PluginImportWizardFirstPage,finishPages,10,3,0
eclipse.pde.ui-20120217-1437,org.eclipse.pde.internal.ui.wizards.imports,PluginImportWizardFirstPage,getImportDescriptions,16,5,0
eclipse.pde.ui-20120217-1437,org.eclipse.pde.internal.ui.wizards.imports,PluginImportWizardFirstPage,getNextPage,15,5,1
eclipse.pde.ui-20120217-1437,org.eclipse.pde.internal.ui.wizards.imports,PluginImportWizardFirstPage,getPreviousPage,9,3,1
eclipse.pde.ui-20120217-1437,org.eclipse.pde.internal.ui.wizards.imports,PluginImportWizardFirstPage,getModels,14,4,0
eclipse.pde.ui-20120217-1437,org.eclipse.pde.internal.ui.wizards.imports,PluginImportWizardFirstPage,getState,3,1,0
eclipse.pde.ui-20120217-1437,org.eclipse.pde.internal.ui.wizards.imports,PluginImportWizardFirstPage,getTargetDefinition,7,2,0
eclipse.pde.ui-20120217-1437,org.eclipse.pde.internal.ui.wizards.imports,PluginImportWizardFirstPage,isCurrentPage,3,1,0
eclipse.pde.ui-20120217-1437,org.eclipse.pde.internal.ui.wizards.imports,PluginImportWizardFirstPage,isRefreshNeeded,7,2,0
eclipse.pde.ui-20120217-1437,org.eclipse.pde.internal.ui.wizards.imports,PluginImportWizardFirstPage,getImportSource,10,4,0
eclipse.pde.ui-20120217-1437,org.eclipse.pde.internal.ui.wizards.imports,PluginImportWizardFirstPage,configureBundleImportPages,35,8,1
eclipse.pde.ui-20120217-1437,org.eclipse.pde.internal.ui.wizards.imports,RepositoryImportWizard,RepositoryImportWizard,7,1,1
eclipse.pde.ui-20120217-1437,org.eclipse.pde.internal.ui.wizards.imports,RepositoryImportWizard,addPages,21,4,0
eclipse.pde.ui-20120217-1437,org.eclipse.pde.internal.ui.wizards.imports,RepositoryImportWizard,getSettingsSection,7,2,1
eclipse.pde.ui-20120217-1437,org.eclipse.pde.internal.ui.wizards.imports,RepositoryImportWizard,performFinish,32,9,0
eclipse.pde.ui-20120217-1437,org.eclipse.pde.internal.ui.wizards.plugin,AbstractFieldData,getId,3,1,0
eclipse.pde.ui-20120217-1437,org.eclipse.pde.internal.ui.wizards.plugin,AbstractFieldData,getVersion,3,1,0
eclipse.pde.ui-20120217-1437,org.eclipse.pde.internal.ui.wizards.plugin,AbstractFieldData,getName,3,1,0
eclipse.pde.ui-20120217-1437,org.eclipse.pde.internal.ui.wizards.plugin,AbstractFieldData,getProvider,3,1,0
eclipse.pde.ui-20120217-1437,org.eclipse.pde.internal.ui.wizards.plugin,AbstractFieldData,isLegacy,3,1,0
eclipse.pde.ui-20120217-1437,org.eclipse.pde.internal.ui.wizards.plugin,AbstractFieldData,getLibraryName,3,1,0
eclipse.pde.ui-20120217-1437,org.eclipse.pde.internal.ui.wizards.plugin,AbstractFieldData,getSourceFolderName,3,1,0
eclipse.pde.ui-20120217-1437,org.eclipse.pde.internal.ui.wizards.plugin,AbstractFieldData,getOutputFolderName,3,1,0
eclipse.pde.ui-20120217-1437,org.eclipse.pde.internal.ui.wizards.plugin,AbstractFieldData,hasBundleStructure,3,1,0
eclipse.pde.ui-20120217-1437,org.eclipse.pde.internal.ui.wizards.plugin,AbstractFieldData,isSimple,3,1,0
eclipse.pde.ui-20120217-1437,org.eclipse.pde.internal.ui.wizards.plugin,AbstractFieldData,setId,3,1,1
eclipse.pde.ui-20120217-1437,org.eclipse.pde.internal.ui.wizards.plugin,AbstractFieldData,setName,3,1,1
eclipse.pde.ui-20120217-1437,org.eclipse.pde.internal.ui.wizards.plugin,AbstractFieldData,setProvider,3,1,1
eclipse.pde.ui-20120217-1437,org.eclipse.pde.internal.ui.wizards.plugin,AbstractFieldData,setVersion,3,1,1
eclipse.pde.ui-20120217-1437,org.eclipse.pde.internal.ui.wizards.plugin,AbstractFieldData,setLegacy,3,1,1
eclipse.pde.ui-20120217-1437,org.eclipse.pde.internal.ui.wizards.plugin,AbstractFieldData,setLibraryName,3,1,1
eclipse.pde.ui-20120217-1437,org.eclipse.pde.internal.ui.wizards.plugin,AbstractFieldData,setSourceFolderName,3,1,1
eclipse.pde.ui-20120217-1437,org.eclipse.pde.internal.ui.wizards.plugin,AbstractFieldData,setOutputFolderName,3,1,1
eclipse.pde.ui-20120217-1437,org.eclipse.pde.internal.ui.wizards.plugin,AbstractFieldData,setHasBundleStructure,3,1,1
eclipse.pde.ui-20120217-1437,org.eclipse.pde.internal.ui.wizards.plugin,AbstractFieldData,setSimple,3,1,1
eclipse.pde.ui-20120217-1437,org.eclipse.pde.internal.ui.wizards.plugin,AbstractFieldData,getTargetVersion,3,1,0
eclipse.pde.ui-20120217-1437,org.eclipse.pde.internal.ui.wizards.plugin,AbstractFieldData,setTargetVersion,3,1,1
eclipse.pde.ui-20120217-1437,org.eclipse.pde.internal.ui.wizards.plugin,AbstractFieldData,getOSGiFramework,3,1,0
eclipse.pde.ui-20120217-1437,org.eclipse.pde.internal.ui.wizards.plugin,AbstractFieldData,setOSGiFramework,3,1,1
eclipse.pde.ui-20120217-1437,org.eclipse.pde.internal.ui.wizards.plugin,AbstractFieldData,getWorkingSets,3,1,0
eclipse.pde.ui-20120217-1437,org.eclipse.pde.internal.ui.wizards.plugin,AbstractFieldData,setWorkingSets,3,1,1
eclipse.pde.ui-20120217-1437,org.eclipse.pde.internal.ui.wizards.plugin,AbstractFieldData,setExecutionEnvironment,3,1,1
eclipse.pde.ui-20120217-1437,org.eclipse.pde.internal.ui.wizards.plugin,AbstractFieldData,getExecutionEnvironment,3,1,0
eclipse.pde.ui-20120217-1437,org.eclipse.pde.internal.ui.wizards.plugin,ContentPage,modifyText,4,2,1
eclipse.pde.ui-20120217-1437,org.eclipse.pde.internal.ui.wizards.plugin,ContentPage,ContentPage,6,1,4
eclipse.pde.ui-20120217-1437,org.eclipse.pde.internal.ui.wizards.plugin,ContentPage,createText,6,1,2
eclipse.pde.ui-20120217-1437,org.eclipse.pde.internal.ui.wizards.plugin,ContentPage,createText,8,1,3
eclipse.pde.ui-20120217-1437,org.eclipse.pde.internal.ui.wizards.plugin,ContentPage,createProviderCombo,9,1,3
eclipse.pde.ui-20120217-1437,org.eclipse.pde.internal.ui.wizards.plugin,ContentPage,validatePage,0,1,0
eclipse.pde.ui-20120217-1437,org.eclipse.pde.internal.ui.wizards.plugin,ContentPage,validateProperties,22,5,0
eclipse.pde.ui-20120217-1437,org.eclipse.pde.internal.ui.wizards.plugin,ContentPage,validateVersion,9,3,1
eclipse.pde.ui-20120217-1437,org.eclipse.pde.internal.ui.wizards.plugin,ContentPage,validateId,8,3,0
eclipse.pde.ui-20120217-1437,org.eclipse.pde.internal.ui.wizards.plugin,ContentPage,isVersionValid,3,1,1
eclipse.pde.ui-20120217-1437,org.eclipse.pde.internal.ui.wizards.plugin,ContentPage,getNextPage,4,1,0
eclipse.pde.ui-20120217-1437,org.eclipse.pde.internal.ui.wizards.plugin,ContentPage,setVisible,18,5,1
eclipse.pde.ui-20120217-1437,org.eclipse.pde.internal.ui.wizards.plugin,ContentPage,computeId,3,1,0
eclipse.pde.ui-20120217-1437,org.eclipse.pde.internal.ui.wizards.plugin,ContentPage,saveSettings,3,1,1
eclipse.pde.ui-20120217-1437,org.eclipse.pde.internal.ui.wizards.plugin,ContentPage,updateData,6,1,0
eclipse.pde.ui-20120217-1437,org.eclipse.pde.internal.ui.wizards.plugin,ContentPage,getData,3,1,0
eclipse.pde.ui-20120217-1437,org.eclipse.pde.internal.ui.wizards.plugin,ContentPage,getId,3,1,0
eclipse.pde.ui-20120217-1437,org.eclipse.pde.internal.ui.wizards.plugin,FragmentContentPage,modifyText,3,1,1
eclipse.pde.ui-20120217-1437,org.eclipse.pde.internal.ui.wizards.plugin,FragmentContentPage,FragmentContentPage,7,1,4
eclipse.pde.ui-20120217-1437,org.eclipse.pde.internal.ui.wizards.plugin,FragmentContentPage,createControl,11,1,1
eclipse.pde.ui-20120217-1437,org.eclipse.pde.internal.ui.wizards.plugin,FragmentContentPage,createFragmentPropertiesGroup,19,1,1
eclipse.pde.ui-20120217-1437,org.eclipse.pde.internal.ui.wizards.plugin,FragmentContentPage,createParentPluginGroup,15,1,1
eclipse.pde.ui-20120217-1437,org.eclipse.pde.internal.ui.wizards.plugin,FragmentContentPage,createNewVersionComp,12,1,1
eclipse.pde.ui-20120217-1437,org.eclipse.pde.internal.ui.wizards.plugin,FragmentContentPage,createOldVersionComp,24,1,1
eclipse.pde.ui-20120217-1437,org.eclipse.pde.internal.ui.wizards.plugin,FragmentContentPage,createExecutionEnvironmentControls,38,5,1
eclipse.pde.ui-20120217-1437,org.eclipse.pde.internal.ui.wizards.plugin,FragmentContentPage,widgetSelected,3,1,1
eclipse.pde.ui-20120217-1437,org.eclipse.pde.internal.ui.wizards.plugin,FragmentContentPage,handleEvent,3,1,1
eclipse.pde.ui-20120217-1437,org.eclipse.pde.internal.ui.wizards.plugin,FragmentContentPage,createPluginIdContainer,33,3,3
eclipse.pde.ui-20120217-1437,org.eclipse.pde.internal.ui.wizards.plugin,FragmentContentPage,widgetSelected,22,3,1
eclipse.pde.ui-20120217-1437,org.eclipse.pde.internal.ui.wizards.plugin,FragmentContentPage,run,17,3,0
eclipse.pde.ui-20120217-1437,org.eclipse.pde.internal.ui.wizards.plugin,FragmentContentPage,computeInitialPluginVersion,7,2,1
eclipse.pde.ui-20120217-1437,org.eclipse.pde.internal.ui.wizards.plugin,FragmentContentPage,updateData,20,3,0
eclipse.pde.ui-20120217-1437,org.eclipse.pde.internal.ui.wizards.plugin,FragmentContentPage,validatePage,34,10,0
eclipse.pde.ui-20120217-1437,org.eclipse.pde.internal.ui.wizards.plugin,FragmentContentPage,setVisible,7,2,1
eclipse.pde.ui-20120217-1437,org.eclipse.pde.internal.ui.wizards.plugin,FragmentContentPage,updateVersion,9,4,1
eclipse.pde.ui-20120217-1437,org.eclipse.pde.internal.ui.wizards.plugin,FragmentFieldData,getPluginId,3,1,0
eclipse.pde.ui-20120217-1437,org.eclipse.pde.internal.ui.wizards.plugin,FragmentFieldData,getPluginVersion,3,1,0
eclipse.pde.ui-20120217-1437,org.eclipse.pde.internal.ui.wizards.plugin,FragmentFieldData,getMatch,3,1,0
eclipse.pde.ui-20120217-1437,org.eclipse.pde.internal.ui.wizards.plugin,FragmentFieldData,setPluginId,3,1,1
eclipse.pde.ui-20120217-1437,org.eclipse.pde.internal.ui.wizards.plugin,FragmentFieldData,setPluginVersion,3,1,1
eclipse.pde.ui-20120217-1437,org.eclipse.pde.internal.ui.wizards.plugin,FragmentFieldData,setMatch,3,1,1
eclipse.pde.ui-20120217-1437,org.eclipse.pde.internal.ui.wizards.plugin,LibraryPluginFieldData,getLibraryPaths,3,1,0
eclipse.pde.ui-20120217-1437,org.eclipse.pde.internal.ui.wizards.plugin,LibraryPluginFieldData,setLibraryPaths,3,1,1
eclipse.pde.ui-20120217-1437,org.eclipse.pde.internal.ui.wizards.plugin,LibraryPluginFieldData,isUnzipLibraries,3,1,0
eclipse.pde.ui-20120217-1437,org.eclipse.pde.internal.ui.wizards.plugin,LibraryPluginFieldData,setUnzipLibraries,3,1,1
eclipse.pde.ui-20120217-1437,org.eclipse.pde.internal.ui.wizards.plugin,LibraryPluginFieldData,setFindDependencies,3,1,1
eclipse.pde.ui-20120217-1437,org.eclipse.pde.internal.ui.wizards.plugin,LibraryPluginFieldData,doFindDependencies,3,1,0
eclipse.pde.ui-20120217-1437,org.eclipse.pde.internal.ui.wizards.plugin,LibraryPluginFieldData,isUpdateReferences,3,1,0
eclipse.pde.ui-20120217-1437,org.eclipse.pde.internal.ui.wizards.plugin,LibraryPluginFieldData,setUpdateReferences,3,1,1
eclipse.pde.ui-20120217-1437,org.eclipse.pde.internal.ui.wizards.plugin,LibraryPluginFieldData,setPluginsToUpdate,3,1,1
eclipse.pde.ui-20120217-1437,org.eclipse.pde.internal.ui.wizards.plugin,LibraryPluginFieldData,getPluginsToUpdate,3,1,0
eclipse.pde.ui-20120217-1437,org.eclipse.pde.internal.ui.wizards.plugin,LibraryPluginJarsPage,LibraryPluginJarsPage,7,2,3
eclipse.pde.ui-20120217-1437,org.eclipse.pde.internal.ui.wizards.plugin,LibraryPluginJarsPage,chooseFile,17,3,0
eclipse.pde.ui-20120217-1437,org.eclipse.pde.internal.ui.wizards.plugin,LibraryPluginJarsPage,chooseWorkspaceFile,22,3,0
eclipse.pde.ui-20120217-1437,org.eclipse.pde.internal.ui.wizards.plugin,LibraryPluginJarsPage,createControl,98,4,1
eclipse.pde.ui-20120217-1437,org.eclipse.pde.internal.ui.wizards.plugin,LibraryPluginJarsPage,getElements,3,1,1
eclipse.pde.ui-20120217-1437,org.eclipse.pde.internal.ui.wizards.plugin,LibraryPluginJarsPage,getText,15,2,1
eclipse.pde.ui-20120217-1437,org.eclipse.pde.internal.ui.wizards.plugin,LibraryPluginJarsPage,getImage,6,2,1
eclipse.pde.ui-20120217-1437,org.eclipse.pde.internal.ui.wizards.plugin,LibraryPluginJarsPage,keyPressed,5,2,1
eclipse.pde.ui-20120217-1437,org.eclipse.pde.internal.ui.wizards.plugin,LibraryPluginJarsPage,widgetSelected,3,1,1
eclipse.pde.ui-20120217-1437,org.eclipse.pde.internal.ui.wizards.plugin,LibraryPluginJarsPage,widgetSelected,3,1,1
eclipse.pde.ui-20120217-1437,org.eclipse.pde.internal.ui.wizards.plugin,LibraryPluginJarsPage,widgetSelected,3,1,1
eclipse.pde.ui-20120217-1437,org.eclipse.pde.internal.ui.wizards.plugin,LibraryPluginJarsPage,handleRemove,12,3,0
eclipse.pde.ui-20120217-1437,org.eclipse.pde.internal.ui.wizards.plugin,LibraryPluginJarsPage,isPageComplete,3,1,0
eclipse.pde.ui-20120217-1437,org.eclipse.pde.internal.ui.wizards.plugin,LibraryPluginJarsPage,removeJar,18,4,1
eclipse.pde.ui-20120217-1437,org.eclipse.pde.internal.ui.wizards.plugin,LibraryPluginJarsPage,updateData,14,3,0
eclipse.pde.ui-20120217-1437,org.eclipse.pde.internal.ui.wizards.plugin,NewFragmentProjectWizard,NewFragmentProjectWizard,8,1,0
eclipse.pde.ui-20120217-1437,org.eclipse.pde.internal.ui.wizards.plugin,NewFragmentProjectWizard,addPages,20,1,0
eclipse.pde.ui-20120217-1437,org.eclipse.pde.internal.ui.wizards.plugin,NewFragmentProjectWizard,getProjectName,3,1,0
eclipse.pde.ui-20120217-1437,org.eclipse.pde.internal.ui.wizards.plugin,NewFragmentProjectWizard,getProject,3,1,0
eclipse.pde.ui-20120217-1437,org.eclipse.pde.internal.ui.wizards.plugin,NewFragmentProjectWizard,getLocationPath,3,1,0
eclipse.pde.ui-20120217-1437,org.eclipse.pde.internal.ui.wizards.plugin,NewFragmentProjectWizard,canFinish,4,1,0
eclipse.pde.ui-20120217-1437,org.eclipse.pde.internal.ui.wizards.plugin,NewFragmentProjectWizard,performFinish,22,2,0
eclipse.pde.ui-20120217-1437,org.eclipse.pde.internal.ui.wizards.plugin,NewFragmentProjectWizard,dispose,4,1,0
eclipse.pde.ui-20120217-1437,org.eclipse.pde.internal.ui.wizards.plugin,NewFragmentProjectWizard,setInitializationData,3,1,3
eclipse.pde.ui-20120217-1437,org.eclipse.pde.internal.ui.wizards.plugin,NewFragmentProjectWizard,getFragmentId,3,1,0
eclipse.pde.ui-20120217-1437,org.eclipse.pde.internal.ui.wizards.plugin,NewFragmentProjectWizard,getFragmentVersion,3,1,0
eclipse.pde.ui-20120217-1437,org.eclipse.pde.internal.ui.wizards.plugin,NewLibraryPluginCreationOperation,NewLibraryPluginCreationOperation,4,1,3
eclipse.pde.ui-20120217-1437,org.eclipse.pde.internal.ui.wizards.plugin,NewLibraryPluginCreationOperation,addJar,21,2,3
eclipse.pde.ui-20120217-1437,org.eclipse.pde.internal.ui.wizards.plugin,NewLibraryPluginCreationOperation,adjustExportRoot,12,4,2
eclipse.pde.ui-20120217-1437,org.eclipse.pde.internal.ui.wizards.plugin,NewLibraryPluginCreationOperation,adjustManifests,21,4,3
eclipse.pde.ui-20120217-1437,org.eclipse.pde.internal.ui.wizards.plugin,NewLibraryPluginCreationOperation,updateReferences,20,4,2
eclipse.pde.ui-20120217-1437,org.eclipse.pde.internal.ui.wizards.plugin,NewLibraryPluginCreationOperation,updateRequiredPlugins,36,8,3
eclipse.pde.ui-20120217-1437,org.eclipse.pde.internal.ui.wizards.plugin,NewLibraryPluginCreationOperation,isPluginProjectEntry,22,5,1
eclipse.pde.ui-20120217-1437,org.eclipse.pde.internal.ui.wizards.plugin,NewLibraryPluginCreationOperation,getUpdatedClasspath,54,9,2
eclipse.pde.ui-20120217-1437,org.eclipse.pde.internal.ui.wizards.plugin,NewLibraryPluginCreationOperation,createContents,23,6,2
eclipse.pde.ui-20120217-1437,org.eclipse.pde.internal.ui.wizards.plugin,NewLibraryPluginCreationOperation,fillBinIncludes,27,10,2
eclipse.pde.ui-20120217-1437,org.eclipse.pde.internal.ui.wizards.plugin,NewLibraryPluginCreationOperation,getInternalClassPathEntries,17,3,2
eclipse.pde.ui-20120217-1437,org.eclipse.pde.internal.ui.wizards.plugin,NewLibraryPluginCreationOperation,getNumberOfWorkUnits,5,1,0
eclipse.pde.ui-20120217-1437,org.eclipse.pde.internal.ui.wizards.plugin,NewLibraryPluginCreationOperation,importJar,22,2,3
eclipse.pde.ui-20120217-1437,org.eclipse.pde.internal.ui.wizards.plugin,NewLibraryPluginCreationOperation,queryOverwrite,3,1,1
eclipse.pde.ui-20120217-1437,org.eclipse.pde.internal.ui.wizards.plugin,NewLibraryPluginCreationOperation,removeExportRoot,14,4,1
eclipse.pde.ui-20120217-1437,org.eclipse.pde.internal.ui.wizards.plugin,NewLibraryPluginCreationOperation,setPluginLibraries,19,3,1
eclipse.pde.ui-20120217-1437,org.eclipse.pde.internal.ui.wizards.plugin,NewLibraryPluginCreationOperation,createSourceOutputBuildEntries,10,2,2
eclipse.pde.ui-20120217-1437,org.eclipse.pde.internal.ui.wizards.plugin,NewLibraryPluginCreationOperation,addExportedPackages,18,3,2
eclipse.pde.ui-20120217-1437,org.eclipse.pde.internal.ui.wizards.plugin,NewLibraryPluginCreationOperation,addDependencies,46,9,3
eclipse.pde.ui-20120217-1437,org.eclipse.pde.internal.ui.wizards.plugin,NewLibraryPluginCreationOperation,findSecondaryBundles,10,3,2
eclipse.pde.ui-20120217-1437,org.eclipse.pde.internal.ui.wizards.plugin,NewLibraryPluginCreationOperation,addProjectPackages,20,6,2
eclipse.pde.ui-20120217-1437,org.eclipse.pde.internal.ui.wizards.plugin,NewLibraryPluginCreationPage,isChanged,3,1,0
eclipse.pde.ui-20120217-1437,org.eclipse.pde.internal.ui.wizards.plugin,NewLibraryPluginCreationPage,modifyText,6,2,1
eclipse.pde.ui-20120217-1437,org.eclipse.pde.internal.ui.wizards.plugin,NewLibraryPluginCreationPage,setBlocked,3,1,1
eclipse.pde.ui-20120217-1437,org.eclipse.pde.internal.ui.wizards.plugin,NewLibraryPluginCreationPage,NewLibraryPluginCreationPage,7,1,3
eclipse.pde.ui-20120217-1437,org.eclipse.pde.internal.ui.wizards.plugin,NewLibraryPluginCreationPage,createControl,14,1,1
eclipse.pde.ui-20120217-1437,org.eclipse.pde.internal.ui.wizards.plugin,NewLibraryPluginCreationPage,createFormatGroup,50,2,1
eclipse.pde.ui-20120217-1437,org.eclipse.pde.internal.ui.wizards.plugin,NewLibraryPluginCreationPage,widgetSelected,3,1,1
eclipse.pde.ui-20120217-1437,org.eclipse.pde.internal.ui.wizards.plugin,NewLibraryPluginCreationPage,widgetSelected,6,2,1
eclipse.pde.ui-20120217-1437,org.eclipse.pde.internal.ui.wizards.plugin,NewLibraryPluginCreationPage,createExecutionEnvironmentControls,38,5,1
eclipse.pde.ui-20120217-1437,org.eclipse.pde.internal.ui.wizards.plugin,NewLibraryPluginCreationPage,widgetSelected,3,1,1
eclipse.pde.ui-20120217-1437,org.eclipse.pde.internal.ui.wizards.plugin,NewLibraryPluginCreationPage,handleEvent,3,1,1
eclipse.pde.ui-20120217-1437,org.eclipse.pde.internal.ui.wizards.plugin,NewLibraryPluginCreationPage,createPluginPropertiesGroup,27,1,1
eclipse.pde.ui-20120217-1437,org.eclipse.pde.internal.ui.wizards.plugin,NewLibraryPluginCreationPage,createText,8,1,3
eclipse.pde.ui-20120217-1437,org.eclipse.pde.internal.ui.wizards.plugin,NewLibraryPluginCreationPage,getNextPage,4,1,0
eclipse.pde.ui-20120217-1437,org.eclipse.pde.internal.ui.wizards.plugin,NewLibraryPluginCreationPage,isVersionValid,3,1,1
eclipse.pde.ui-20120217-1437,org.eclipse.pde.internal.ui.wizards.plugin,NewLibraryPluginCreationPage,updateData,29,2,0
eclipse.pde.ui-20120217-1437,org.eclipse.pde.internal.ui.wizards.plugin,NewLibraryPluginCreationPage,validateId,8,3,0
eclipse.pde.ui-20120217-1437,org.eclipse.pde.internal.ui.wizards.plugin,NewLibraryPluginCreationPage,validatePage,23,6,0
eclipse.pde.ui-20120217-1437,org.eclipse.pde.internal.ui.wizards.plugin,NewLibraryPluginCreationPage,validateProperties,15,6,0
eclipse.pde.ui-20120217-1437,org.eclipse.pde.internal.ui.wizards.plugin,NewLibraryPluginCreationPage,updateRuntimeDependency,5,1,0
eclipse.pde.ui-20120217-1437,org.eclipse.pde.internal.ui.wizards.plugin,NewLibraryPluginCreationPage,createButton,8,1,4
eclipse.pde.ui-20120217-1437,org.eclipse.pde.internal.ui.wizards.plugin,NewLibraryPluginCreationPage,addSelectionListener,5,2,1
eclipse.pde.ui-20120217-1437,org.eclipse.pde.internal.ui.wizards.plugin,NewLibraryPluginCreationPage,removeSelectionListener,5,2,1
eclipse.pde.ui-20120217-1437,org.eclipse.pde.internal.ui.wizards.plugin,NewLibraryPluginCreationPage,canFlipToNextPage,3,1,0
eclipse.pde.ui-20120217-1437,org.eclipse.pde.internal.ui.wizards.plugin,PropertiesListener,isChanged,3,1,0
eclipse.pde.ui-20120217-1437,org.eclipse.pde.internal.ui.wizards.plugin,PropertiesListener,modifyText,6,2,1
eclipse.pde.ui-20120217-1437,org.eclipse.pde.internal.ui.wizards.plugin,PropertiesListener,setBlocked,3,1,1
eclipse.pde.ui-20120217-1437,org.eclipse.pde.internal.ui.wizards.plugin,NewLibraryPluginCreationUpdateRefPage,getElements,4,2,1
eclipse.pde.ui-20120217-1437,org.eclipse.pde.internal.ui.wizards.plugin,NewLibraryPluginCreationUpdateRefPage,TablePart,3,1,1
eclipse.pde.ui-20120217-1437,org.eclipse.pde.internal.ui.wizards.plugin,NewLibraryPluginCreationUpdateRefPage,createStructuredViewer,5,1,3
eclipse.pde.ui-20120217-1437,org.eclipse.pde.internal.ui.wizards.plugin,NewLibraryPluginCreationUpdateRefPage,NewLibraryPluginCreationUpdateRefPage,10,1,3
eclipse.pde.ui-20120217-1437,org.eclipse.pde.internal.ui.wizards.plugin,NewLibraryPluginCreationUpdateRefPage,computeSelected,15,5,1
eclipse.pde.ui-20120217-1437,org.eclipse.pde.internal.ui.wizards.plugin,NewLibraryPluginCreationUpdateRefPage,createControl,22,2,1
eclipse.pde.ui-20120217-1437,org.eclipse.pde.internal.ui.wizards.plugin,NewLibraryPluginCreationUpdateRefPage,computeUnmigrated,13,3,0
eclipse.pde.ui-20120217-1437,org.eclipse.pde.internal.ui.wizards.plugin,NewLibraryPluginCreationUpdateRefPage,setEnable,3,1,1
eclipse.pde.ui-20120217-1437,org.eclipse.pde.internal.ui.wizards.plugin,NewLibraryPluginCreationUpdateRefPage,updateData,7,2,0
eclipse.pde.ui-20120217-1437,org.eclipse.pde.internal.ui.wizards.plugin,BuildpathContentProvider,getElements,4,2,1
eclipse.pde.ui-20120217-1437,org.eclipse.pde.internal.ui.wizards.plugin,TablePart,TablePart,3,1,1
eclipse.pde.ui-20120217-1437,org.eclipse.pde.internal.ui.wizards.plugin,TablePart,createStructuredViewer,5,1,3
eclipse.pde.ui-20120217-1437,org.eclipse.pde.internal.ui.wizards.plugin,NewLibraryPluginProjectWizard,NewLibraryPluginProjectWizard,10,1,2
eclipse.pde.ui-20120217-1437,org.eclipse.pde.internal.ui.wizards.plugin,NewLibraryPluginProjectWizard,NewLibraryPluginProjectWizard,3,1,0
eclipse.pde.ui-20120217-1437,org.eclipse.pde.internal.ui.wizards.plugin,NewLibraryPluginProjectWizard,addPages,22,2,0
eclipse.pde.ui-20120217-1437,org.eclipse.pde.internal.ui.wizards.plugin,NewLibraryPluginProjectWizard,getLocationPath,3,1,0
eclipse.pde.ui-20120217-1437,org.eclipse.pde.internal.ui.wizards.plugin,NewLibraryPluginProjectWizard,getProject,3,1,0
eclipse.pde.ui-20120217-1437,org.eclipse.pde.internal.ui.wizards.plugin,NewLibraryPluginProjectWizard,getProjectName,3,1,0
eclipse.pde.ui-20120217-1437,org.eclipse.pde.internal.ui.wizards.plugin,NewLibraryPluginProjectWizard,createWizardElement,14,3,1
eclipse.pde.ui-20120217-1437,org.eclipse.pde.internal.ui.wizards.plugin,NewLibraryPluginProjectWizard,dispose,4,1,0
eclipse.pde.ui-20120217-1437,org.eclipse.pde.internal.ui.wizards.plugin,NewLibraryPluginProjectWizard,performFinish,18,1,0
eclipse.pde.ui-20120217-1437,org.eclipse.pde.internal.ui.wizards.plugin,NewLibraryPluginProjectWizard,setInitializationData,3,1,3
eclipse.pde.ui-20120217-1437,org.eclipse.pde.internal.ui.wizards.plugin,NewLibraryPluginProjectWizard,createPageControls,17,2,1
eclipse.pde.ui-20120217-1437,org.eclipse.pde.internal.ui.wizards.plugin,NewLibraryPluginProjectWizard,widgetDefaultSelected,2,1,1
eclipse.pde.ui-20120217-1437,org.eclipse.pde.internal.ui.wizards.plugin,NewLibraryPluginProjectWizard,widgetSelected,9,2,1
eclipse.pde.ui-20120217-1437,org.eclipse.pde.internal.ui.wizards.plugin,NewPluginProjectWizard,NewPluginProjectWizard,7,1,0
eclipse.pde.ui-20120217-1437,org.eclipse.pde.internal.ui.wizards.plugin,NewPluginProjectWizard,NewPluginProjectWizard,4,1,1
eclipse.pde.ui-20120217-1437,org.eclipse.pde.internal.ui.wizards.plugin,NewPluginProjectWizard,addPages,26,3,0
eclipse.pde.ui-20120217-1437,org.eclipse.pde.internal.ui.wizards.plugin,NewPluginProjectWizard,getProjectName,3,1,0
eclipse.pde.ui-20120217-1437,org.eclipse.pde.internal.ui.wizards.plugin,NewPluginProjectWizard,getProject,3,1,0
eclipse.pde.ui-20120217-1437,org.eclipse.pde.internal.ui.wizards.plugin,NewPluginProjectWizard,getLocationPath,3,1,0
eclipse.pde.ui-20120217-1437,org.eclipse.pde.internal.ui.wizards.plugin,NewPluginProjectWizard,canFinish,4,1,0
eclipse.pde.ui-20120217-1437,org.eclipse.pde.internal.ui.wizards.plugin,NewPluginProjectWizard,performFinish,23,3,0
eclipse.pde.ui-20120217-1437,org.eclipse.pde.internal.ui.wizards.plugin,NewPluginProjectWizard,setInitializationData,3,1,3
eclipse.pde.ui-20120217-1437,org.eclipse.pde.internal.ui.wizards.plugin,NewPluginProjectWizard,createWizardElement,14,3,1
eclipse.pde.ui-20120217-1437,org.eclipse.pde.internal.ui.wizards.plugin,NewPluginProjectWizard,getAvailableCodegenWizards,19,6,0
eclipse.pde.ui-20120217-1437,org.eclipse.pde.internal.ui.wizards.plugin,NewPluginProjectWizard,getPluginId,3,1,0
eclipse.pde.ui-20120217-1437,org.eclipse.pde.internal.ui.wizards.plugin,NewPluginProjectWizard,getPluginVersion,3,1,0
eclipse.pde.ui-20120217-1437,org.eclipse.pde.internal.ui.wizards.plugin,NewProjectCreationFromTemplatePage,NewProjectCreationFromTemplatePage,4,1,4
eclipse.pde.ui-20120217-1437,org.eclipse.pde.internal.ui.wizards.plugin,NewProjectCreationFromTemplatePage,createFormatGroup,13,2,1
eclipse.pde.ui-20120217-1437,org.eclipse.pde.internal.ui.wizards.plugin,NewProjectCreationFromTemplatePage,createProjectTypeGroup,13,2,1
eclipse.pde.ui-20120217-1437,org.eclipse.pde.internal.ui.wizards.plugin,NewProjectCreationOperation,NewProjectCreationOperation,5,1,3
eclipse.pde.ui-20120217-1437,org.eclipse.pde.internal.ui.wizards.plugin,NewProjectCreationOperation,adjustManifests,18,6,3
eclipse.pde.ui-20120217-1437,org.eclipse.pde.internal.ui.wizards.plugin,NewProjectCreationOperation,createBuildPropertiesFile,12,2,1
eclipse.pde.ui-20120217-1437,org.eclipse.pde.internal.ui.wizards.plugin,NewProjectCreationOperation,createSourceOutputBuildEntries,16,5,2
eclipse.pde.ui-20120217-1437,org.eclipse.pde.internal.ui.wizards.plugin,NewProjectCreationOperation,createContents,2,1,2
eclipse.pde.ui-20120217-1437,org.eclipse.pde.internal.ui.wizards.plugin,NewProjectCreationOperation,createManifest,91,22,1
eclipse.pde.ui-20120217-1437,org.eclipse.pde.internal.ui.wizards.plugin,NewProjectCreationOperation,createProject,14,6,0
eclipse.pde.ui-20120217-1437,org.eclipse.pde.internal.ui.wizards.plugin,NewProjectCreationOperation,execute,55,11,1
eclipse.pde.ui-20120217-1437,org.eclipse.pde.internal.ui.wizards.plugin,NewProjectCreationOperation,getImportPackagesSet,16,5,0
eclipse.pde.ui-20120217-1437,org.eclipse.pde.internal.ui.wizards.plugin,NewProjectCreationOperation,fillBinIncludes,14,7,2
eclipse.pde.ui-20120217-1437,org.eclipse.pde.internal.ui.wizards.plugin,NewProjectCreationOperation,generateTopLevelPluginClass,6,1,2
eclipse.pde.ui-20120217-1437,org.eclipse.pde.internal.ui.wizards.plugin,NewProjectCreationOperation,getClassPathEntries,13,2,2
eclipse.pde.ui-20120217-1437,org.eclipse.pde.internal.ui.wizards.plugin,NewProjectCreationOperation,getDependencies,16,6,0
eclipse.pde.ui-20120217-1437,org.eclipse.pde.internal.ui.wizards.plugin,NewProjectCreationOperation,getInternalClassPathEntries,9,2,2
eclipse.pde.ui-20120217-1437,org.eclipse.pde.internal.ui.wizards.plugin,NewProjectCreationOperation,getNumberOfWorkUnits,10,5,0
eclipse.pde.ui-20120217-1437,org.eclipse.pde.internal.ui.wizards.plugin,NewProjectCreationOperation,getResult,3,1,0
eclipse.pde.ui-20120217-1437,org.eclipse.pde.internal.ui.wizards.plugin,NewProjectCreationOperation,openFile,20,3,1
eclipse.pde.ui-20120217-1437,org.eclipse.pde.internal.ui.wizards.plugin,NewProjectCreationOperation,run,15,3,0
eclipse.pde.ui-20120217-1437,org.eclipse.pde.internal.ui.wizards.plugin,NewProjectCreationOperation,setClasspath,9,2,2
eclipse.pde.ui-20120217-1437,org.eclipse.pde.internal.ui.wizards.plugin,NewProjectCreationOperation,setPluginLibraries,12,3,1
eclipse.pde.ui-20120217-1437,org.eclipse.pde.internal.ui.wizards.plugin,NewProjectCreationOperation,getCommaValuesFromPackagesSet,15,4,2
eclipse.pde.ui-20120217-1437,org.eclipse.pde.internal.ui.wizards.plugin,NewProjectCreationOperation,addAllSourcePackages,22,6,2
eclipse.pde.ui-20120217-1437,org.eclipse.pde.internal.ui.wizards.plugin,NewProjectCreationOperation,addApiAnalysisNature,14,1,0
eclipse.pde.ui-20120217-1437,org.eclipse.pde.internal.ui.wizards.plugin,NewProjectCreationPage,NewProjectCreationPage,6,1,4
eclipse.pde.ui-20120217-1437,org.eclipse.pde.internal.ui.wizards.plugin,NewProjectCreationPage,createControl,13,1,1
eclipse.pde.ui-20120217-1437,org.eclipse.pde.internal.ui.wizards.plugin,NewProjectCreationPage,createProjectTypeGroup,29,1,1
eclipse.pde.ui-20120217-1437,org.eclipse.pde.internal.ui.wizards.plugin,NewProjectCreationPage,widgetSelected,8,1,1
eclipse.pde.ui-20120217-1437,org.eclipse.pde.internal.ui.wizards.plugin,NewProjectCreationPage,createFormatGroup,47,9,1
eclipse.pde.ui-20120217-1437,org.eclipse.pde.internal.ui.wizards.plugin,NewProjectCreationPage,widgetSelected,3,1,1
eclipse.pde.ui-20120217-1437,org.eclipse.pde.internal.ui.wizards.plugin,NewProjectCreationPage,updateRuntimeDependency,5,1,0
eclipse.pde.ui-20120217-1437,org.eclipse.pde.internal.ui.wizards.plugin,NewProjectCreationPage,createButton,8,1,4
eclipse.pde.ui-20120217-1437,org.eclipse.pde.internal.ui.wizards.plugin,NewProjectCreationPage,createLabel,8,1,2
eclipse.pde.ui-20120217-1437,org.eclipse.pde.internal.ui.wizards.plugin,NewProjectCreationPage,createText,13,1,1
eclipse.pde.ui-20120217-1437,org.eclipse.pde.internal.ui.wizards.plugin,NewProjectCreationPage,modifyText,3,1,1
eclipse.pde.ui-20120217-1437,org.eclipse.pde.internal.ui.wizards.plugin,NewProjectCreationPage,updateData,10,1,0
eclipse.pde.ui-20120217-1437,org.eclipse.pde.internal.ui.wizards.plugin,NewProjectCreationPage,validatePage,35,9,0
eclipse.pde.ui-20120217-1437,org.eclipse.pde.internal.ui.wizards.plugin,NewProjectCreationPage,saveSettings,6,1,1
eclipse.pde.ui-20120217-1437,org.eclipse.pde.internal.ui.wizards.plugin,OpenProjectWizardAction,OpenProjectWizardAction,3,1,0
eclipse.pde.ui-20120217-1437,org.eclipse.pde.internal.ui.wizards.plugin,OpenProjectWizardAction,run,3,1,0
eclipse.pde.ui-20120217-1437,org.eclipse.pde.internal.ui.wizards.plugin,OpenProjectWizardAction,run,14,3,2
eclipse.pde.ui-20120217-1437,org.eclipse.pde.internal.ui.wizards.plugin,PluginClassCodeGenerator,PluginClassCodeGenerator,6,1,4
eclipse.pde.ui-20120217-1437,org.eclipse.pde.internal.ui.wizards.plugin,PluginClassCodeGenerator,generate,28,4,1
eclipse.pde.ui-20120217-1437,org.eclipse.pde.internal.ui.wizards.plugin,PluginClassCodeGenerator,generatePluginClass,75,8,3
eclipse.pde.ui-20120217-1437,org.eclipse.pde.internal.ui.wizards.plugin,PluginClassCodeGenerator,generateActivatorClass,34,2,3
eclipse.pde.ui-20120217-1437,org.eclipse.pde.internal.ui.wizards.plugin,PluginClassCodeGenerator,getDependencies,6,3,0
eclipse.pde.ui-20120217-1437,org.eclipse.pde.internal.ui.wizards.plugin,PluginClassCodeGenerator,getImportPackages,3,1,0
eclipse.pde.ui-20120217-1437,org.eclipse.pde.internal.ui.wizards.plugin,PluginContentFromTemplatePage,PluginContentFromTemplatePage,4,1,5
eclipse.pde.ui-20120217-1437,org.eclipse.pde.internal.ui.wizards.plugin,PluginContentFromTemplatePage,createRCPQuestion,11,2,2
eclipse.pde.ui-20120217-1437,org.eclipse.pde.internal.ui.wizards.plugin,PluginContentFromTemplatePage,createPluginClassGroup,14,3,1
eclipse.pde.ui-20120217-1437,org.eclipse.pde.internal.ui.wizards.plugin,PluginContentPage,modifyText,4,2,1
eclipse.pde.ui-20120217-1437,org.eclipse.pde.internal.ui.wizards.plugin,PluginContentPage,PluginContentPage,5,1,4
eclipse.pde.ui-20120217-1437,org.eclipse.pde.internal.ui.wizards.plugin,PluginContentPage,createControl,10,1,1
eclipse.pde.ui-20120217-1437,org.eclipse.pde.internal.ui.wizards.plugin,PluginContentPage,createPluginPropertiesGroup,16,1,1
eclipse.pde.ui-20120217-1437,org.eclipse.pde.internal.ui.wizards.plugin,PluginContentPage,createExecutionEnvironmentControls,38,5,1
eclipse.pde.ui-20120217-1437,org.eclipse.pde.internal.ui.wizards.plugin,PluginContentPage,widgetSelected,3,1,1
eclipse.pde.ui-20120217-1437,org.eclipse.pde.internal.ui.wizards.plugin,PluginContentPage,handleEvent,3,1,1
eclipse.pde.ui-20120217-1437,org.eclipse.pde.internal.ui.wizards.plugin,PluginContentPage,createPluginClassGroup,37,1,1
eclipse.pde.ui-20120217-1437,org.eclipse.pde.internal.ui.wizards.plugin,PluginContentPage,widgetSelected,6,1,1
eclipse.pde.ui-20120217-1437,org.eclipse.pde.internal.ui.wizards.plugin,PluginContentPage,widgetSelected,4,1,1
eclipse.pde.ui-20120217-1437,org.eclipse.pde.internal.ui.wizards.plugin,PluginContentPage,widgetSelected,4,1,1
eclipse.pde.ui-20120217-1437,org.eclipse.pde.internal.ui.wizards.plugin,PluginContentPage,updateData,15,2,0
eclipse.pde.ui-20120217-1437,org.eclipse.pde.internal.ui.wizards.plugin,PluginContentPage,createRCPQuestion,34,1,2
eclipse.pde.ui-20120217-1437,org.eclipse.pde.internal.ui.wizards.plugin,PluginContentPage,widgetSelected,4,1,1
eclipse.pde.ui-20120217-1437,org.eclipse.pde.internal.ui.wizards.plugin,PluginContentPage,setVisible,29,5,1
eclipse.pde.ui-20120217-1437,org.eclipse.pde.internal.ui.wizards.plugin,PluginContentPage,isPureOSGi,3,1,0
eclipse.pde.ui-20120217-1437,org.eclipse.pde.internal.ui.wizards.plugin,PluginContentPage,validatePage,23,7,0
eclipse.pde.ui-20120217-1437,org.eclipse.pde.internal.ui.wizards.plugin,PluginContentPage,saveSettings,11,3,1
eclipse.pde.ui-20120217-1437,org.eclipse.pde.internal.ui.wizards.plugin,PluginContentPage,canFlipToNextPage,7,2,0
eclipse.pde.ui-20120217-1437,org.eclipse.pde.internal.ui.wizards.plugin,PluginFieldData,getClassname,3,1,0
eclipse.pde.ui-20120217-1437,org.eclipse.pde.internal.ui.wizards.plugin,PluginFieldData,setClassname,3,1,1
eclipse.pde.ui-20120217-1437,org.eclipse.pde.internal.ui.wizards.plugin,PluginFieldData,isUIPlugin,3,1,0
eclipse.pde.ui-20120217-1437,org.eclipse.pde.internal.ui.wizards.plugin,PluginFieldData,setUIPlugin,3,1,1
eclipse.pde.ui-20120217-1437,org.eclipse.pde.internal.ui.wizards.plugin,PluginFieldData,addTemplate,3,2,1
eclipse.pde.ui-20120217-1437,org.eclipse.pde.internal.ui.wizards.plugin,PluginFieldData,getTemplateSections,3,1,0
eclipse.pde.ui-20120217-1437,org.eclipse.pde.internal.ui.wizards.plugin,PluginFieldData,setDoGenerateClass,3,1,1
eclipse.pde.ui-20120217-1437,org.eclipse.pde.internal.ui.wizards.plugin,PluginFieldData,doGenerateClass,3,1,0
eclipse.pde.ui-20120217-1437,org.eclipse.pde.internal.ui.wizards.plugin,PluginFieldData,setRCPApplicationPlugin,3,1,1
eclipse.pde.ui-20120217-1437,org.eclipse.pde.internal.ui.wizards.plugin,PluginFieldData,isRCPApplicationPlugin,3,1,0
eclipse.pde.ui-20120217-1437,org.eclipse.pde.internal.ui.wizards.plugin,PluginFieldData,doEnableAPITooling,3,1,0
eclipse.pde.ui-20120217-1437,org.eclipse.pde.internal.ui.wizards.plugin,PluginFieldData,setEnableAPITooling,3,1,1
eclipse.pde.ui-20120217-1437,org.eclipse.pde.internal.ui.wizards.plugin,TemplateListSelectionPage,select,22,7,3
eclipse.pde.ui-20120217-1437,org.eclipse.pde.internal.ui.wizards.plugin,TemplateListSelectionPage,TemplateListSelectionPage,6,1,3
eclipse.pde.ui-20120217-1437,org.eclipse.pde.internal.ui.wizards.plugin,TemplateListSelectionPage,createControl,4,1,1
eclipse.pde.ui-20120217-1437,org.eclipse.pde.internal.ui.wizards.plugin,TemplateListSelectionPage,createAbove,17,2,2
eclipse.pde.ui-20120217-1437,org.eclipse.pde.internal.ui.wizards.plugin,TemplateListSelectionPage,widgetSelected,6,2,1
eclipse.pde.ui-20120217-1437,org.eclipse.pde.internal.ui.wizards.plugin,TemplateListSelectionPage,initializeViewer,4,2,0
eclipse.pde.ui-20120217-1437,org.eclipse.pde.internal.ui.wizards.plugin,TemplateListSelectionPage,selectInitialTemplate,12,3,0
eclipse.pde.ui-20120217-1437,org.eclipse.pde.internal.ui.wizards.plugin,TemplateListSelectionPage,createWizardNode,10,1,1
eclipse.pde.ui-20120217-1437,org.eclipse.pde.internal.ui.wizards.plugin,TemplateListSelectionPage,createWizard,5,1,0
eclipse.pde.ui-20120217-1437,org.eclipse.pde.internal.ui.wizards.plugin,TemplateListSelectionPage,getSelectedWizard,4,2,0
eclipse.pde.ui-20120217-1437,org.eclipse.pde.internal.ui.wizards.plugin,TemplateListSelectionPage,isPageComplete,5,1,0
eclipse.pde.ui-20120217-1437,org.eclipse.pde.internal.ui.wizards.plugin,TemplateListSelectionPage,canFlipToNextPage,4,1,0
eclipse.pde.ui-20120217-1437,org.eclipse.pde.internal.ui.wizards.plugin,TemplateListSelectionPage,getInitialTemplateId,3,1,0
eclipse.pde.ui-20120217-1437,org.eclipse.pde.internal.ui.wizards.plugin,TemplateListSelectionPage,setInitialTemplateId,3,1,1
eclipse.pde.ui-20120217-1437,org.eclipse.pde.internal.ui.wizards.plugin,TemplateListSelectionPage,setVisible,15,3,1
eclipse.pde.ui-20120217-1437,org.eclipse.pde.internal.ui.wizards.plugin,TemplateListSelectionPage,isAnyTemplateAvailable,10,3,0
eclipse.pde.ui-20120217-1437,org.eclipse.pde.internal.ui.wizards.plugin,WizardFilter,select,22,7,3
eclipse.pde.ui-20120217-1437,org.eclipse.pde.internal.ui.wizards.plugin,TemplateWizardHelper,getFlag,6,2,2
eclipse.pde.ui-20120217-1437,org.eclipse.pde.internal.ui.wizards.plugin,TemplateWizardHelper,getFlag,6,2,3
eclipse.pde.ui-20120217-1437,org.eclipse.pde.internal.ui.wizards.plugin,TemplateWizardHelper,isActive,15,1,1
eclipse.pde.ui-20120217-1437,org.eclipse.pde.internal.ui.wizards.plugin,TemplateWizardHelper,getLocalId,3,1,0
eclipse.pde.ui-20120217-1437,org.eclipse.pde.internal.ui.wizards.plugin,TemplateWizardHelper,getPluginId,3,1,0
eclipse.pde.ui-20120217-1437,org.eclipse.pde.internal.ui.wizards.product,BaseManifestOperation,BaseManifestOperation,4,1,2
eclipse.pde.ui-20120217-1437,org.eclipse.pde.internal.ui.wizards.product,BaseManifestOperation,getShell,3,1,0
eclipse.pde.ui-20120217-1437,org.eclipse.pde.internal.ui.wizards.product,BaseManifestOperation,getFile,5,1,0
eclipse.pde.ui-20120217-1437,org.eclipse.pde.internal.ui.wizards.product,BaseManifestOperation,getModel,4,2,1
eclipse.pde.ui-20120217-1437,org.eclipse.pde.internal.ui.wizards.product,BaseManifestOperation,updateSingleton,22,6,1
eclipse.pde.ui-20120217-1437,org.eclipse.pde.internal.ui.wizards.product,BaseManifestOperation,modifyModel,10,4,2
eclipse.pde.ui-20120217-1437,org.eclipse.pde.internal.ui.wizards.product,BaseProductCreationOperation,BaseProductCreationOperation,3,1,1
eclipse.pde.ui-20120217-1437,org.eclipse.pde.internal.ui.wizards.product,BaseProductCreationOperation,execute,7,1,1
eclipse.pde.ui-20120217-1437,org.eclipse.pde.internal.ui.wizards.product,BaseProductCreationOperation,createContent,6,1,0
eclipse.pde.ui-20120217-1437,org.eclipse.pde.internal.ui.wizards.product,BaseProductCreationOperation,initializeProduct,9,1,1
eclipse.pde.ui-20120217-1437,org.eclipse.pde.internal.ui.wizards.product,BaseProductCreationOperation,getProductProperties,17,6,1
eclipse.pde.ui-20120217-1437,org.eclipse.pde.internal.ui.wizards.product,BaseProductCreationOperation,getProductExtension,19,7,1
eclipse.pde.ui-20120217-1437,org.eclipse.pde.internal.ui.wizards.product,BaseProductCreationOperation,initializeProductInfo,39,8,3
eclipse.pde.ui-20120217-1437,org.eclipse.pde.internal.ui.wizards.product,BaseProductCreationOperation,addPlugins,27,6,3
eclipse.pde.ui-20120217-1437,org.eclipse.pde.internal.ui.wizards.product,BaseProductCreationOperation,addPlugins,9,2,3
eclipse.pde.ui-20120217-1437,org.eclipse.pde.internal.ui.wizards.product,BaseProductCreationOperation,openFile,23,4,0
eclipse.pde.ui-20120217-1437,org.eclipse.pde.internal.ui.wizards.product,BaseProductCreationOperation,run,18,4,0
eclipse.pde.ui-20120217-1437,org.eclipse.pde.internal.ui.wizards.product,NewProductFileAction,NewProductFileAction,3,1,0
eclipse.pde.ui-20120217-1437,org.eclipse.pde.internal.ui.wizards.product,NewProductFileAction,run,3,1,0
eclipse.pde.ui-20120217-1437,org.eclipse.pde.internal.ui.wizards.product,NewProductFileAction,run,10,1,2
eclipse.pde.ui-20120217-1437,org.eclipse.pde.internal.ui.wizards.product,NewProductFileWizard,addPages,4,1,0
eclipse.pde.ui-20120217-1437,org.eclipse.pde.internal.ui.wizards.product,NewProductFileWizard,performFinish,13,1,0
eclipse.pde.ui-20120217-1437,org.eclipse.pde.internal.ui.wizards.product,NewProductFileWizard,getOperation,7,3,0
eclipse.pde.ui-20120217-1437,org.eclipse.pde.internal.ui.wizards.product,NewProductFileWizard,init,5,1,2
eclipse.pde.ui-20120217-1437,org.eclipse.pde.internal.ui.wizards.product,NewProductFileWizard,initializeDefaultPageImageDescriptor,3,1,0
eclipse.pde.ui-20120217-1437,org.eclipse.pde.internal.ui.wizards.product,ProductDefinitionOperation,ProductDefinitionOperation,7,1,5
eclipse.pde.ui-20120217-1437,org.eclipse.pde.internal.ui.wizards.product,ProductDefinitionOperation,ProductDefinitionOperation,7,1,6
eclipse.pde.ui-20120217-1437,org.eclipse.pde.internal.ui.wizards.product,ProductDefinitionOperation,getFormattedPackageName,13,5,1
eclipse.pde.ui-20120217-1437,org.eclipse.pde.internal.ui.wizards.product,ProductDefinitionOperation,createTargetPackage,7,2,0
eclipse.pde.ui-20120217-1437,org.eclipse.pde.internal.ui.wizards.product,ProductDefinitionOperation,createAttributeValueClass,8,2,0
eclipse.pde.ui-20120217-1437,org.eclipse.pde.internal.ui.wizards.product,ProductDefinitionOperation,createTargetClass,13,4,0
eclipse.pde.ui-20120217-1437,org.eclipse.pde.internal.ui.wizards.product,ProductDefinitionOperation,createAttributeValueID,3,1,0
eclipse.pde.ui-20120217-1437,org.eclipse.pde.internal.ui.wizards.product,ProductDefinitionOperation,getUpdateSplashProgressOperation,9,2,0
eclipse.pde.ui-20120217-1437,org.eclipse.pde.internal.ui.wizards.product,ProductDefinitionOperation,updateSplashProgress,18,4,2
eclipse.pde.ui-20120217-1437,org.eclipse.pde.internal.ui.wizards.product,ProductDefinitionOperation,isProgressDefined,7,2,0
eclipse.pde.ui-20120217-1437,org.eclipse.pde.internal.ui.wizards.product,ProductDefinitionOperation,getSplashHandlerType,10,3,0
eclipse.pde.ui-20120217-1437,org.eclipse.pde.internal.ui.wizards.product,ProductDefinitionOperation,updateSplashHandler,4,1,2
eclipse.pde.ui-20120217-1437,org.eclipse.pde.internal.ui.wizards.product,ProductDefinitionOperation,updateSplashHandlerFiles,11,3,2
eclipse.pde.ui-20120217-1437,org.eclipse.pde.internal.ui.wizards.product,ProductDefinitionOperation,updateSplashHandlerModel,9,2,2
eclipse.pde.ui-20120217-1437,org.eclipse.pde.internal.ui.wizards.product,ProductDefinitionOperation,runRemoveSplashAction,9,1,2
eclipse.pde.ui-20120217-1437,org.eclipse.pde.internal.ui.wizards.product,ProductDefinitionOperation,runUpdateSplashAction,14,1,3
eclipse.pde.ui-20120217-1437,org.eclipse.pde.internal.ui.wizards.product,ProductDefinitionOperation,run,15,2,1
eclipse.pde.ui-20120217-1437,org.eclipse.pde.internal.ui.wizards.product,ProductDefinitionOperation,createNewFile,9,1,2
eclipse.pde.ui-20120217-1437,org.eclipse.pde.internal.ui.wizards.product,ProductDefinitionOperation,createExtension,7,1,1
eclipse.pde.ui-20120217-1437,org.eclipse.pde.internal.ui.wizards.product,ProductDefinitionOperation,createExtensionContent,19,7,1
eclipse.pde.ui-20120217-1437,org.eclipse.pde.internal.ui.wizards.product,ProductDefinitionOperation,createElement,10,2,3
eclipse.pde.ui-20120217-1437,org.eclipse.pde.internal.ui.wizards.product,ProductDefinitionOperation,getAboutText,8,2,0
eclipse.pde.ui-20120217-1437,org.eclipse.pde.internal.ui.wizards.product,ProductDefinitionOperation,getAboutImage,4,1,0
eclipse.pde.ui-20120217-1437,org.eclipse.pde.internal.ui.wizards.product,ProductDefinitionOperation,getURL,16,6,1
eclipse.pde.ui-20120217-1437,org.eclipse.pde.internal.ui.wizards.product,ProductDefinitionOperation,getWindowImagesString,14,5,0
eclipse.pde.ui-20120217-1437,org.eclipse.pde.internal.ui.wizards.product,ProductDefinitionOperation,getForegroundColor,4,1,0
eclipse.pde.ui-20120217-1437,org.eclipse.pde.internal.ui.wizards.product,ProductDefinitionOperation,getProgressRect,4,1,0
eclipse.pde.ui-20120217-1437,org.eclipse.pde.internal.ui.wizards.product,ProductDefinitionOperation,getMessageRect,4,1,0
eclipse.pde.ui-20120217-1437,org.eclipse.pde.internal.ui.wizards.product,ProductDefinitionOperation,modifyExistingFile,16,4,2
eclipse.pde.ui-20120217-1437,org.eclipse.pde.internal.ui.wizards.product,ProductDefinitionOperation,modifyModel,8,3,2
eclipse.pde.ui-20120217-1437,org.eclipse.pde.internal.ui.wizards.product,ProductDefinitionOperation,findProductExtension,11,3,1
eclipse.pde.ui-20120217-1437,org.eclipse.pde.internal.ui.wizards.product,ProductDefinitionOperation,insertNewExtension,4,1,1
eclipse.pde.ui-20120217-1437,org.eclipse.pde.internal.ui.wizards.product,ProductDefinitionOperation,modifyExistingExtension,20,3,1
eclipse.pde.ui-20120217-1437,org.eclipse.pde.internal.ui.wizards.product,ProductDefinitionOperation,synchronizeChild,23,7,3
eclipse.pde.ui-20120217-1437,org.eclipse.pde.internal.ui.wizards.product,ProductDefinitionOperation,insertNewProductElement,4,1,1
eclipse.pde.ui-20120217-1437,org.eclipse.pde.internal.ui.wizards.product,ProductDefinitionWizard,ProductDefinitionWizard,6,1,1
eclipse.pde.ui-20120217-1437,org.eclipse.pde.internal.ui.wizards.product,ProductDefinitionWizard,addPages,4,1,0
eclipse.pde.ui-20120217-1437,org.eclipse.pde.internal.ui.wizards.product,ProductDefinitionWizard,performFinish,18,2,0
eclipse.pde.ui-20120217-1437,org.eclipse.pde.internal.ui.wizards.product,ProductDefinitionWizard,getProductId,3,1,0
eclipse.pde.ui-20120217-1437,org.eclipse.pde.internal.ui.wizards.product,ProductDefinitionWizard,getApplication,3,1,0
eclipse.pde.ui-20120217-1437,org.eclipse.pde.internal.ui.wizards.product,ProductDefinitonWizardPage,modifyText,3,1,1
eclipse.pde.ui-20120217-1437,org.eclipse.pde.internal.ui.wizards.product,ProductDefinitonWizardPage,ProductDefinitonWizardPage,7,2,2
eclipse.pde.ui-20120217-1437,org.eclipse.pde.internal.ui.wizards.product,ProductDefinitonWizardPage,createControl,14,1,1
eclipse.pde.ui-20120217-1437,org.eclipse.pde.internal.ui.wizards.product,ProductDefinitonWizardPage,createFormText,10,1,4
eclipse.pde.ui-20120217-1437,org.eclipse.pde.internal.ui.wizards.product,ProductDefinitonWizardPage,createProductGroup,47,4,2
eclipse.pde.ui-20120217-1437,org.eclipse.pde.internal.ui.wizards.product,ProductDefinitonWizardPage,widgetSelected,3,1,1
eclipse.pde.ui-20120217-1437,org.eclipse.pde.internal.ui.wizards.product,ProductDefinitonWizardPage,createApplicationGroup,13,2,2
eclipse.pde.ui-20120217-1437,org.eclipse.pde.internal.ui.wizards.product,ProductDefinitonWizardPage,setVisible,7,3,1
eclipse.pde.ui-20120217-1437,org.eclipse.pde.internal.ui.wizards.product,ProductDefinitonWizardPage,validatePage,8,2,0
eclipse.pde.ui-20120217-1437,org.eclipse.pde.internal.ui.wizards.product,ProductDefinitonWizardPage,validateIdAndProduct,21,7,1
eclipse.pde.ui-20120217-1437,org.eclipse.pde.internal.ui.wizards.product,ProductDefinitonWizardPage,validateId,8,4,0
eclipse.pde.ui-20120217-1437,org.eclipse.pde.internal.ui.wizards.product,ProductDefinitonWizardPage,linkEntered,2,1,1
eclipse.pde.ui-20120217-1437,org.eclipse.pde.internal.ui.wizards.product,ProductDefinitonWizardPage,linkExited,2,1,1
eclipse.pde.ui-20120217-1437,org.eclipse.pde.internal.ui.wizards.product,ProductDefinitonWizardPage,linkActivated,5,2,1
eclipse.pde.ui-20120217-1437,org.eclipse.pde.internal.ui.wizards.product,ProductDefinitonWizardPage,handleBrowse,7,2,0
eclipse.pde.ui-20120217-1437,org.eclipse.pde.internal.ui.wizards.product,ProductDefinitonWizardPage,getProductNameSet,4,2,0
eclipse.pde.ui-20120217-1437,org.eclipse.pde.internal.ui.wizards.product,ProductDefinitonWizardPage,getDefiningPlugin,3,1,0
eclipse.pde.ui-20120217-1437,org.eclipse.pde.internal.ui.wizards.product,ProductDefinitonWizardPage,getProductId,3,1,0
eclipse.pde.ui-20120217-1437,org.eclipse.pde.internal.ui.wizards.product,ProductDefinitonWizardPage,getApplication,3,1,0
eclipse.pde.ui-20120217-1437,org.eclipse.pde.internal.ui.wizards.product,ProductDefinitonWizardPage,getProductName,3,1,0
eclipse.pde.ui-20120217-1437,org.eclipse.pde.internal.ui.wizards.product,ProductDefinitonWizardPage,productNameDefined,3,1,0
eclipse.pde.ui-20120217-1437,org.eclipse.pde.internal.ui.wizards.product,ProductDefinitonWizardPage,getPluginId,5,1,0
eclipse.pde.ui-20120217-1437,org.eclipse.pde.internal.ui.wizards.product,ProductFileWizardPage,ProductFileWizardPage,7,1,2
eclipse.pde.ui-20120217-1437,org.eclipse.pde.internal.ui.wizards.product,ProductFileWizardPage,initializeModel,10,3,1
eclipse.pde.ui-20120217-1437,org.eclipse.pde.internal.ui.wizards.product,ProductFileWizardPage,createAdvancedControls,34,1,1
eclipse.pde.ui-20120217-1437,org.eclipse.pde.internal.ui.wizards.product,ProductFileWizardPage,widgetSelected,3,1,1
eclipse.pde.ui-20120217-1437,org.eclipse.pde.internal.ui.wizards.product,ProductFileWizardPage,widgetSelected,3,1,1
eclipse.pde.ui-20120217-1437,org.eclipse.pde.internal.ui.wizards.product,ProductFileWizardPage,initializeState,24,8,0
eclipse.pde.ui-20120217-1437,org.eclipse.pde.internal.ui.wizards.product,ProductFileWizardPage,getLaunchConfigurations,20,5,0
eclipse.pde.ui-20120217-1437,org.eclipse.pde.internal.ui.wizards.product,ProductFileWizardPage,getSelectedLaunchConfiguration,21,4,0
eclipse.pde.ui-20120217-1437,org.eclipse.pde.internal.ui.wizards.product,ProductFileWizardPage,getSelectedProduct,3,1,0
eclipse.pde.ui-20120217-1437,org.eclipse.pde.internal.ui.wizards.product,ProductFileWizardPage,getInitializationOption,5,3,0
eclipse.pde.ui-20120217-1437,org.eclipse.pde.internal.ui.wizards.product,ProductFileWizardPage,createControl,5,1,1
eclipse.pde.ui-20120217-1437,org.eclipse.pde.internal.ui.wizards.product,ProductFromConfigOperation,ProductFromConfigOperation,4,1,2
eclipse.pde.ui-20120217-1437,org.eclipse.pde.internal.ui.wizards.product,ProductFromConfigOperation,initializeProduct,80,17,1
eclipse.pde.ui-20120217-1437,org.eclipse.pde.internal.ui.wizards.product,ProductFromExtensionOperation,ProductFromExtensionOperation,4,1,2
eclipse.pde.ui-20120217-1437,org.eclipse.pde.internal.ui.wizards.product,ProductFromExtensionOperation,initializeProduct,7,2,1
eclipse.pde.ui-20120217-1437,org.eclipse.pde.internal.ui.wizards.product,ProductFromExtensionOperation,getPlugins,23,7,0
eclipse.pde.ui-20120217-1437,org.eclipse.pde.internal.ui.wizards.product,ProductIntroOperation,ProductIntroOperation,6,1,4
eclipse.pde.ui-20120217-1437,org.eclipse.pde.internal.ui.wizards.product,ProductIntroOperation,run,16,2,1
eclipse.pde.ui-20120217-1437,org.eclipse.pde.internal.ui.wizards.product,ProductIntroOperation,createNewFile,8,1,1
eclipse.pde.ui-20120217-1437,org.eclipse.pde.internal.ui.wizards.product,ProductIntroOperation,createIntroExtension,7,1,1
eclipse.pde.ui-20120217-1437,org.eclipse.pde.internal.ui.wizards.product,ProductIntroOperation,createIntroConfigExtension,6,1,1
eclipse.pde.ui-20120217-1437,org.eclipse.pde.internal.ui.wizards.product,ProductIntroOperation,createIntroExtensionContent,7,1,1
eclipse.pde.ui-20120217-1437,org.eclipse.pde.internal.ui.wizards.product,ProductIntroOperation,createIntroBindingExtensionContent,7,1,1
eclipse.pde.ui-20120217-1437,org.eclipse.pde.internal.ui.wizards.product,ProductIntroOperation,createIntroConfigExtensionContent,9,1,1
eclipse.pde.ui-20120217-1437,org.eclipse.pde.internal.ui.wizards.product,ProductIntroOperation,createPresentationElement,15,1,1
eclipse.pde.ui-20120217-1437,org.eclipse.pde.internal.ui.wizards.product,ProductIntroOperation,modifyExistingFile,29,5,2
eclipse.pde.ui-20120217-1437,org.eclipse.pde.internal.ui.wizards.product,ProductIntroOperation,modifyModel,21,4,2
eclipse.pde.ui-20120217-1437,org.eclipse.pde.internal.ui.wizards.product,ProductIntroOperation,getExtension,10,3,2
eclipse.pde.ui-20120217-1437,org.eclipse.pde.internal.ui.wizards.product,ProductIntroOperation,generateFiles,24,3,1
eclipse.pde.ui-20120217-1437,org.eclipse.pde.internal.ui.wizards.product,ProductIntroOperation,generateFiles,39,10,5
eclipse.pde.ui-20120217-1437,org.eclipse.pde.internal.ui.wizards.product,ProductIntroOperation,copyFile,16,2,5
eclipse.pde.ui-20120217-1437,org.eclipse.pde.internal.ui.wizards.product,ProductIntroOperation,getProcessedStream,40,8,3
eclipse.pde.ui-20120217-1437,org.eclipse.pde.internal.ui.wizards.product,ProductIntroOperation,getReplacementString,6,2,2
eclipse.pde.ui-20120217-1437,org.eclipse.pde.internal.ui.wizards.product,ProductIntroOperation,getValue,3,1,1
eclipse.pde.ui-20120217-1437,org.eclipse.pde.internal.ui.wizards.product,ProductIntroWizard,ProductIntroWizard,7,1,2
eclipse.pde.ui-20120217-1437,org.eclipse.pde.internal.ui.wizards.product,ProductIntroWizard,addPages,8,2,0
eclipse.pde.ui-20120217-1437,org.eclipse.pde.internal.ui.wizards.product,ProductIntroWizard,performFinish,25,4,0
eclipse.pde.ui-20120217-1437,org.eclipse.pde.internal.ui.wizards.product,ProductIntroWizard,getIntroId,3,1,0
eclipse.pde.ui-20120217-1437,org.eclipse.pde.internal.ui.wizards.product,ProductIntroWizard,getProductId,3,1,0
eclipse.pde.ui-20120217-1437,org.eclipse.pde.internal.ui.wizards.product,ProductIntroWizard,getApplication,3,1,0
eclipse.pde.ui-20120217-1437,org.eclipse.pde.internal.ui.wizards.product,ProductIntroWizardPage,modifyText,3,1,1
eclipse.pde.ui-20120217-1437,org.eclipse.pde.internal.ui.wizards.product,ProductIntroWizardPage,ProductIntroWizardPage,7,1,2
eclipse.pde.ui-20120217-1437,org.eclipse.pde.internal.ui.wizards.product,ProductIntroWizardPage,createControl,13,1,1
eclipse.pde.ui-20120217-1437,org.eclipse.pde.internal.ui.wizards.product,ProductIntroWizardPage,createProductGroup,40,2,2
eclipse.pde.ui-20120217-1437,org.eclipse.pde.internal.ui.wizards.product,ProductIntroWizardPage,widgetSelected,3,1,1
eclipse.pde.ui-20120217-1437,org.eclipse.pde.internal.ui.wizards.product,ProductIntroWizardPage,setVisible,7,2,1
eclipse.pde.ui-20120217-1437,org.eclipse.pde.internal.ui.wizards.product,ProductIntroWizardPage,validatePage,15,4,0
eclipse.pde.ui-20120217-1437,org.eclipse.pde.internal.ui.wizards.product,ProductIntroWizardPage,validateId,10,7,1
eclipse.pde.ui-20120217-1437,org.eclipse.pde.internal.ui.wizards.product,ProductIntroWizardPage,handleBrowse,9,2,0
eclipse.pde.ui-20120217-1437,org.eclipse.pde.internal.ui.wizards.product,ProductIntroWizardPage,getAvailableIntroId,9,2,1
eclipse.pde.ui-20120217-1437,org.eclipse.pde.internal.ui.wizards.product,ProductIntroWizardPage,getCurrentIntroIds,15,5,0
eclipse.pde.ui-20120217-1437,org.eclipse.pde.internal.ui.wizards.product,ProductIntroWizardPage,getDefiningPlugin,3,1,0
eclipse.pde.ui-20120217-1437,org.eclipse.pde.internal.ui.wizards.product,ProductIntroWizardPage,getIntroId,3,1,0
eclipse.pde.ui-20120217-1437,org.eclipse.pde.internal.ui.wizards.product,ProductIntroWizardPage,getPluginId,5,1,0
eclipse.pde.ui-20120217-1437,org.eclipse.pde.internal.ui.wizards.product,ProductIntroWizardPage,linkEntered,2,1,1
eclipse.pde.ui-20120217-1437,org.eclipse.pde.internal.ui.wizards.product,ProductIntroWizardPage,linkExited,2,1,1
eclipse.pde.ui-20120217-1437,org.eclipse.pde.internal.ui.wizards.product,ProductIntroWizardPage,linkActivated,5,2,1
eclipse.pde.ui-20120217-1437,org.eclipse.pde.internal.ui.wizards.product,RemoveSplashHandlerBindingAction,RemoveSplashHandlerBindingAction,3,1,0
eclipse.pde.ui-20120217-1437,org.eclipse.pde.internal.ui.wizards.product,RemoveSplashHandlerBindingAction,setFieldProductID,3,1,1
eclipse.pde.ui-20120217-1437,org.eclipse.pde.internal.ui.wizards.product,RemoveSplashHandlerBindingAction,setFieldTargetPackage,3,1,1
eclipse.pde.ui-20120217-1437,org.eclipse.pde.internal.ui.wizards.product,RemoveSplashHandlerBindingAction,reset,7,1,0
eclipse.pde.ui-20120217-1437,org.eclipse.pde.internal.ui.wizards.product,RemoveSplashHandlerBindingAction,run,8,1,0
eclipse.pde.ui-20120217-1437,org.eclipse.pde.internal.ui.wizards.product,RemoveSplashHandlerBindingAction,hasException,5,2,0
eclipse.pde.ui-20120217-1437,org.eclipse.pde.internal.ui.wizards.product,RemoveSplashHandlerBindingAction,setModel,3,1,1
eclipse.pde.ui-20120217-1437,org.eclipse.pde.internal.ui.wizards.product,RemoveSplashHandlerBindingAction,setMonitor,3,1,1
eclipse.pde.ui-20120217-1437,org.eclipse.pde.internal.ui.wizards.product,RemoveSplashHandlerBindingAction,updateModel,10,2,0
eclipse.pde.ui-20120217-1437,org.eclipse.pde.internal.ui.wizards.product,RemoveSplashHandlerBindingAction,removeMatchingProductBindingElements,21,6,2
eclipse.pde.ui-20120217-1437,org.eclipse.pde.internal.ui.wizards.product,RemoveSplashHandlerBindingAction,isGeneratedSplashID,10,3,1
eclipse.pde.ui-20120217-1437,org.eclipse.pde.internal.ui.wizards.product,RemoveSplashHandlerBindingAction,findProductBindingElements,19,6,1
eclipse.pde.ui-20120217-1437,org.eclipse.pde.internal.ui.wizards.product,RemoveSplashHandlerBindingAction,findFirstExtension,10,3,1
eclipse.pde.ui-20120217-1437,org.eclipse.pde.internal.ui.wizards.product,SynchronizationOperation,SynchronizationOperation,3,1,3
eclipse.pde.ui-20120217-1437,org.eclipse.pde.internal.ui.wizards.product,SynchronizationOperation,getProductId,5,1,1
eclipse.pde.ui-20120217-1437,org.eclipse.pde.internal.ui.wizards.product,SynchronizationOperation,getPluginId,5,1,1
eclipse.pde.ui-20120217-1437,org.eclipse.pde.internal.ui.wizards.product,SynchronizationOperation,run,13,3,1
eclipse.pde.ui-20120217-1437,org.eclipse.pde.internal.ui.wizards.product,SynchronizationOperation,createCoreException,4,1,1
eclipse.pde.ui-20120217-1437,org.eclipse.pde.internal.ui.wizards.product,TextEditUtilities,getInsertOperation,9,3,2
eclipse.pde.ui-20120217-1437,org.eclipse.pde.internal.ui.wizards.product,TextEditUtilities,addAttributeOperation,10,3,3
eclipse.pde.ui-20120217-1437,org.eclipse.pde.internal.ui.wizards.product,TextEditUtilities,shouldTerminateElement,8,1,2
eclipse.pde.ui-20120217-1437,org.eclipse.pde.internal.ui.wizards.product,TextEditUtilities,getHighestNodeToBeWritten,14,3,2
eclipse.pde.ui-20120217-1437,org.eclipse.pde.internal.ui.wizards.product,TextEditUtilities,insertAfterSibling,13,4,2
eclipse.pde.ui-20120217-1437,org.eclipse.pde.internal.ui.wizards.product,TextEditUtilities,insertAsFirstChild,7,1,2
eclipse.pde.ui-20120217-1437,org.eclipse.pde.internal.ui.wizards.product,TextEditUtilities,getNextPosition,11,3,3
eclipse.pde.ui-20120217-1437,org.eclipse.pde.internal.ui.wizards.product,UpdateSplashHandlerAction,UpdateSplashHandlerAction,3,1,0
eclipse.pde.ui-20120217-1437,org.eclipse.pde.internal.ui.wizards.product,UpdateSplashHandlerAction,setFieldID,3,1,1
eclipse.pde.ui-20120217-1437,org.eclipse.pde.internal.ui.wizards.product,UpdateSplashHandlerAction,setFieldSplashID,3,1,1
eclipse.pde.ui-20120217-1437,org.eclipse.pde.internal.ui.wizards.product,UpdateSplashHandlerAction,setFieldProductID,3,1,1
eclipse.pde.ui-20120217-1437,org.eclipse.pde.internal.ui.wizards.product,UpdateSplashHandlerAction,setFieldClass,3,1,1
eclipse.pde.ui-20120217-1437,org.eclipse.pde.internal.ui.wizards.product,UpdateSplashHandlerAction,setFieldTemplate,3,1,1
eclipse.pde.ui-20120217-1437,org.eclipse.pde.internal.ui.wizards.product,UpdateSplashHandlerAction,setFieldPluginID,3,1,1
eclipse.pde.ui-20120217-1437,org.eclipse.pde.internal.ui.wizards.product,UpdateSplashHandlerAction,reset,11,1,0
eclipse.pde.ui-20120217-1437,org.eclipse.pde.internal.ui.wizards.product,UpdateSplashHandlerAction,setModel,3,1,1
eclipse.pde.ui-20120217-1437,org.eclipse.pde.internal.ui.wizards.product,UpdateSplashHandlerAction,setMonitor,3,1,1
eclipse.pde.ui-20120217-1437,org.eclipse.pde.internal.ui.wizards.product,UpdateSplashHandlerAction,run,8,1,0
eclipse.pde.ui-20120217-1437,org.eclipse.pde.internal.ui.wizards.product,UpdateSplashHandlerAction,hasException,5,2,0
eclipse.pde.ui-20120217-1437,org.eclipse.pde.internal.ui.wizards.product,UpdateSplashHandlerAction,updateModel,20,5,0
eclipse.pde.ui-20120217-1437,org.eclipse.pde.internal.ui.wizards.product,UpdateSplashHandlerAction,addExtensionSplash,7,1,0
eclipse.pde.ui-20120217-1437,org.eclipse.pde.internal.ui.wizards.product,UpdateSplashHandlerAction,addExtensionPointSplashExtension,6,1,0
eclipse.pde.ui-20120217-1437,org.eclipse.pde.internal.ui.wizards.product,UpdateSplashHandlerAction,createExtensionPointSplash,7,1,0
eclipse.pde.ui-20120217-1437,org.eclipse.pde.internal.ui.wizards.product,UpdateSplashHandlerAction,findFirstExtension,10,3,1
eclipse.pde.ui-20120217-1437,org.eclipse.pde.internal.ui.wizards.product,UpdateSplashHandlerAction,findFirstExtensionPoint,10,3,1
eclipse.pde.ui-20120217-1437,org.eclipse.pde.internal.ui.wizards.product,UpdateSplashHandlerAction,addExtensionSplashHandlers,6,1,0
eclipse.pde.ui-20120217-1437,org.eclipse.pde.internal.ui.wizards.product,UpdateSplashHandlerAction,createExtensionSplashHandlers,6,1,0
eclipse.pde.ui-20120217-1437,org.eclipse.pde.internal.ui.wizards.product,UpdateSplashHandlerAction,createExtensionChildrenSplashHandlers,4,1,1
eclipse.pde.ui-20120217-1437,org.eclipse.pde.internal.ui.wizards.product,UpdateSplashHandlerAction,addElementSplashHandler,6,2,1
eclipse.pde.ui-20120217-1437,org.eclipse.pde.internal.ui.wizards.product,UpdateSplashHandlerAction,addElementProductBinding,6,2,1
eclipse.pde.ui-20120217-1437,org.eclipse.pde.internal.ui.wizards.product,UpdateSplashHandlerAction,createElementSplashHandler,7,1,1
eclipse.pde.ui-20120217-1437,org.eclipse.pde.internal.ui.wizards.product,UpdateSplashHandlerAction,createElementProductBinding,7,1,1
eclipse.pde.ui-20120217-1437,org.eclipse.pde.internal.ui.wizards.product,UpdateSplashHandlerAction,modifyExtensionSplashHandlers,5,1,1
eclipse.pde.ui-20120217-1437,org.eclipse.pde.internal.ui.wizards.product,UpdateSplashHandlerAction,modifyExtensionChildrenSplashHandlers,17,3,1
eclipse.pde.ui-20120217-1437,org.eclipse.pde.internal.ui.wizards.product,UpdateSplashHandlerAction,removeMatchingProductBindingElements,21,7,1
eclipse.pde.ui-20120217-1437,org.eclipse.pde.internal.ui.wizards.product,UpdateSplashHandlerAction,findSplashHandlerElement,18,6,1
eclipse.pde.ui-20120217-1437,org.eclipse.pde.internal.ui.wizards.product,UpdateSplashHandlerAction,syncSplashHandlerElement,7,2,1
eclipse.pde.ui-20120217-1437,org.eclipse.pde.internal.ui.wizards.product,UpdateSplashHandlerAction,syncProductBindingElement,7,2,1
eclipse.pde.ui-20120217-1437,org.eclipse.pde.internal.ui.wizards.product,UpdateSplashHandlerAction,findProductBindingElement,18,6,1
eclipse.pde.ui-20120217-1437,org.eclipse.pde.internal.ui.wizards.product,UpdateSplashHandlerAction,createExtensionSplash,7,1,0
eclipse.pde.ui-20120217-1437,org.eclipse.pde.internal.ui.wizards.product,UpdateSplashHandlerAction,createExtensionChildrenSplash,23,6,1
eclipse.pde.ui-20120217-1437,org.eclipse.pde.internal.ui.wizards.product,UpdateSplashHandlerAction,createElementSplash,8,1,4
eclipse.pde.ui-20120217-1437,org.eclipse.pde.internal.ui.wizards.product,UpdateSplashHandlerAction,isExtensibleTemplateSelected,6,2,1
eclipse.pde.ui-20120217-1437,org.eclipse.pde.internal.ui.wizards.product,UpdateSplashProgressOperation,UpdateSplashProgressOperation,3,1,0
eclipse.pde.ui-20120217-1437,org.eclipse.pde.internal.ui.wizards.product,UpdateSplashProgressOperation,reset,11,1,0
eclipse.pde.ui-20120217-1437,org.eclipse.pde.internal.ui.wizards.product,UpdateSplashProgressOperation,setPluginID,3,1,1
eclipse.pde.ui-20120217-1437,org.eclipse.pde.internal.ui.wizards.product,UpdateSplashProgressOperation,setModel,3,1,1
eclipse.pde.ui-20120217-1437,org.eclipse.pde.internal.ui.wizards.product,UpdateSplashProgressOperation,setMonitor,6,2,1
eclipse.pde.ui-20120217-1437,org.eclipse.pde.internal.ui.wizards.product,UpdateSplashProgressOperation,setShowProgress,3,1,1
eclipse.pde.ui-20120217-1437,org.eclipse.pde.internal.ui.wizards.product,UpdateSplashProgressOperation,setProductID,3,1,1
eclipse.pde.ui-20120217-1437,org.eclipse.pde.internal.ui.wizards.product,UpdateSplashProgressOperation,setProject,3,1,1
eclipse.pde.ui-20120217-1437,org.eclipse.pde.internal.ui.wizards.product,UpdateSplashProgressOperation,run,10,1,1
eclipse.pde.ui-20120217-1437,org.eclipse.pde.internal.ui.wizards.product,UpdateSplashProgressOperation,update,24,5,0
eclipse.pde.ui-20120217-1437,org.eclipse.pde.internal.ui.wizards.product,UpdateSplashProgressOperation,isAttributeValueDefined,6,2,1
eclipse.pde.ui-20120217-1437,org.eclipse.pde.internal.ui.wizards.product,UpdateSplashProgressOperation,isFileExist,6,2,1
eclipse.pde.ui-20120217-1437,org.eclipse.pde.internal.ui.wizards.product,UpdateSplashProgressOperation,updatePreferenceCustomizationElement,23,5,1
eclipse.pde.ui-20120217-1437,org.eclipse.pde.internal.ui.wizards.product,UpdateSplashProgressOperation,createCoreException,4,1,2
eclipse.pde.ui-20120217-1437,org.eclipse.pde.internal.ui.wizards.product,UpdateSplashProgressOperation,createCoreException,4,1,1
eclipse.pde.ui-20120217-1437,org.eclipse.pde.internal.ui.wizards.product,UpdateSplashProgressOperation,getTextFileBufferManager,9,3,0
eclipse.pde.ui-20120217-1437,org.eclipse.pde.internal.ui.wizards.product,UpdateSplashProgressOperation,getPluginCustomizationBuffer,9,2,1
eclipse.pde.ui-20120217-1437,org.eclipse.pde.internal.ui.wizards.product,UpdateSplashProgressOperation,getBuildModel,9,1,1
eclipse.pde.ui-20120217-1437,org.eclipse.pde.internal.ui.wizards.product,UpdateSplashProgressOperation,updatePluginCustomizationFile,26,2,1
eclipse.pde.ui-20120217-1437,org.eclipse.pde.internal.ui.wizards.product,UpdateSplashProgressOperation,savePluginCustomFileChanges,22,6,1
eclipse.pde.ui-20120217-1437,org.eclipse.pde.internal.ui.wizards.product,UpdateSplashProgressOperation,getBooleanValue,6,2,1
eclipse.pde.ui-20120217-1437,org.eclipse.pde.internal.ui.wizards.product,UpdateSplashProgressOperation,updateShowProgressEntry,17,4,1
eclipse.pde.ui-20120217-1437,org.eclipse.pde.internal.ui.wizards.product,UpdateSplashProgressOperation,removeEntryTokens,5,2,2
eclipse.pde.ui-20120217-1437,org.eclipse.pde.internal.ui.wizards.product,UpdateSplashProgressOperation,addShowProgressEntry,5,1,1
eclipse.pde.ui-20120217-1437,org.eclipse.pde.internal.ui.wizards.product,UpdateSplashProgressOperation,createPluginCustomizationFile,20,5,0
eclipse.pde.ui-20120217-1437,org.eclipse.pde.internal.ui.wizards.product,UpdateSplashProgressOperation,addPreferenceCustomizationElement,8,1,1
eclipse.pde.ui-20120217-1437,org.eclipse.pde.internal.ui.wizards.product,UpdateSplashProgressOperation,createDefaultPluginCustomizationFile,10,2,1
eclipse.pde.ui-20120217-1437,org.eclipse.pde.internal.ui.wizards.product,UpdateSplashProgressOperation,updateDefaultPluginCustomizationFile,6,2,0
eclipse.pde.ui-20120217-1437,org.eclipse.pde.internal.ui.wizards.product,UpdateSplashProgressOperation,findPrefCustPropertyElement,27,8,1
eclipse.pde.ui-20120217-1437,org.eclipse.pde.internal.ui.wizards.product,UpdateSplashProgressOperation,findProductElement,13,4,1
eclipse.pde.ui-20120217-1437,org.eclipse.pde.internal.ui.wizards.product,UpdateSplashProgressOperation,findProductExtension,15,4,0
eclipse.pde.ui-20120217-1437,org.eclipse.pde.internal.ui.wizards.site,NewSiteProjectCreationOperation,NewSiteProjectCreationOperation,6,1,4
eclipse.pde.ui-20120217-1437,org.eclipse.pde.internal.ui.wizards.site,NewSiteProjectCreationOperation,execute,20,2,1
eclipse.pde.ui-20120217-1437,org.eclipse.pde.internal.ui.wizards.site,NewSiteProjectCreationOperation,createSiteManifest,10,2,0
eclipse.pde.ui-20120217-1437,org.eclipse.pde.internal.ui.wizards.site,NewSiteProjectCreationOperation,openFile,23,4,1
eclipse.pde.ui-20120217-1437,org.eclipse.pde.internal.ui.wizards.site,NewSiteProjectCreationOperation,run,18,4,0
eclipse.pde.ui-20120217-1437,org.eclipse.pde.internal.ui.wizards.site,NewSiteProjectCreationOperation,createHTMLFile,66,1,0
eclipse.pde.ui-20120217-1437,org.eclipse.pde.internal.ui.wizards.site,NewSiteProjectCreationOperation,createCSSFile,18,1,0
eclipse.pde.ui-20120217-1437,org.eclipse.pde.internal.ui.wizards.site,NewSiteProjectCreationOperation,createXSLFile,220,1,0
eclipse.pde.ui-20120217-1437,org.eclipse.pde.internal.ui.wizards.site,NewSiteProjectCreationOperation,writeFile,16,2,2
eclipse.pde.ui-20120217-1437,org.eclipse.pde.internal.ui.wizards.site,NewSiteProjectCreationPage,NewSiteProjectCreationPage,3,1,1
eclipse.pde.ui-20120217-1437,org.eclipse.pde.internal.ui.wizards.site,NewSiteProjectCreationPage,createControl,44,1,1
eclipse.pde.ui-20120217-1437,org.eclipse.pde.internal.ui.wizards.site,NewSiteProjectCreationPage,widgetSelected,5,1,1
eclipse.pde.ui-20120217-1437,org.eclipse.pde.internal.ui.wizards.site,NewSiteProjectCreationPage,modifyText,3,1,1
eclipse.pde.ui-20120217-1437,org.eclipse.pde.internal.ui.wizards.site,NewSiteProjectCreationPage,getWebLocation,8,5,0
eclipse.pde.ui-20120217-1437,org.eclipse.pde.internal.ui.wizards.site,NewSiteProjectCreationPage,validatePage,9,3,0
eclipse.pde.ui-20120217-1437,org.eclipse.pde.internal.ui.wizards.site,NewSiteProjectWizard,NewSiteProjectWizard,6,1,0
eclipse.pde.ui-20120217-1437,org.eclipse.pde.internal.ui.wizards.site,NewSiteProjectWizard,addPages,8,2,0
eclipse.pde.ui-20120217-1437,org.eclipse.pde.internal.ui.wizards.site,NewSiteProjectWizard,performFinish,18,1,0
eclipse.pde.ui-20120217-1437,org.eclipse.pde.internal.ui.wizards.site,NewSiteProjectWizard,setInitializationData,3,1,3
eclipse.pde.ui-20120217-1437,org.eclipse.pde.internal.ui.wizards.site,OpenProjectWizardAction,OpenProjectWizardAction,3,1,0
eclipse.pde.ui-20120217-1437,org.eclipse.pde.internal.ui.wizards.site,OpenProjectWizardAction,run,3,1,0
eclipse.pde.ui-20120217-1437,org.eclipse.pde.internal.ui.wizards.site,OpenProjectWizardAction,run,13,2,2
eclipse.pde.ui-20120217-1437,org.eclipse.pde.internal.ui.wizards.target,EditTargetDefinitionWizard,EditTargetDefinitionWizard,4,1,2
eclipse.pde.ui-20120217-1437,org.eclipse.pde.internal.ui.wizards.target,EditTargetDefinitionWizard,performFinish,3,1,0
eclipse.pde.ui-20120217-1437,org.eclipse.pde.internal.ui.wizards.target,EditTargetDefinitionWizard,addPages,3,1,0
eclipse.pde.ui-20120217-1437,org.eclipse.pde.internal.ui.wizards.target,EditTargetDefinitionWizard,setTargetDefinition,28,5,2
eclipse.pde.ui-20120217-1437,org.eclipse.pde.internal.ui.wizards.target,EditTargetDefinitionWizard,getTargetDefinition,3,1,0
eclipse.pde.ui-20120217-1437,org.eclipse.pde.internal.ui.wizards.target,EditTargetNode,dispose,7,2,0
eclipse.pde.ui-20120217-1437,org.eclipse.pde.internal.ui.wizards.target,EditTargetNode,getExtent,3,1,0
eclipse.pde.ui-20120217-1437,org.eclipse.pde.internal.ui.wizards.target,EditTargetNode,getWizard,7,2,0
eclipse.pde.ui-20120217-1437,org.eclipse.pde.internal.ui.wizards.target,EditTargetNode,isContentCreated,3,1,0
eclipse.pde.ui-20120217-1437,org.eclipse.pde.internal.ui.wizards.target,EditTargetNode,setTargetDefinition,6,2,1
eclipse.pde.ui-20120217-1437,org.eclipse.pde.internal.ui.wizards.target,MoveTargetDefinitionPage,MoveTargetDefinitionPage,6,1,2
eclipse.pde.ui-20120217-1437,org.eclipse.pde.internal.ui.wizards.target,MoveTargetDefinitionPage,createAdvancedControls,2,1,1
eclipse.pde.ui-20120217-1437,org.eclipse.pde.internal.ui.wizards.target,MoveTargetDefinitionPage,setFilter,3,1,1
eclipse.pde.ui-20120217-1437,org.eclipse.pde.internal.ui.wizards.target,MoveTargetDefinitionPage,validatePage,12,3,0
eclipse.pde.ui-20120217-1437,org.eclipse.pde.internal.ui.wizards.target,MoveTargetDefinitionPage,createControl,4,1,1
eclipse.pde.ui-20120217-1437,org.eclipse.pde.internal.ui.wizards.target,MoveTargetDefinitionWizard,MoveTargetDefinitionWizard,7,1,1
eclipse.pde.ui-20120217-1437,org.eclipse.pde.internal.ui.wizards.target,MoveTargetDefinitionWizard,addPages,5,1,0
eclipse.pde.ui-20120217-1437,org.eclipse.pde.internal.ui.wizards.target,MoveTargetDefinitionWizard,performFinish,4,1,0
eclipse.pde.ui-20120217-1437,org.eclipse.pde.internal.ui.wizards.target,MoveTargetDefinitionWizard,getTargetFileLocation,3,1,0
eclipse.pde.ui-20120217-1437,org.eclipse.pde.internal.ui.wizards.target,NewTargetDefinitionWizard,addPages,6,2,0
eclipse.pde.ui-20120217-1437,org.eclipse.pde.internal.ui.wizards.target,NewTargetDefinitionWizard,performFinish,34,5,0
eclipse.pde.ui-20120217-1437,org.eclipse.pde.internal.ui.wizards.target,NewTargetDefinitionWizard,init,5,1,2
eclipse.pde.ui-20120217-1437,org.eclipse.pde.internal.ui.wizards.target,NewTargetDefinitionWizard,initializeDefaultPageImageDescriptor,3,1,0
eclipse.pde.ui-20120217-1437,org.eclipse.pde.internal.ui.wizards.target,NewTargetDefinitionWizard,setInitialPath,3,1,1
eclipse.pde.ui-20120217-1437,org.eclipse.pde.internal.ui.wizards.target,NewTargetDefinitionWizard,getFilePath,3,1,0
eclipse.pde.ui-20120217-1437,org.eclipse.pde.internal.ui.wizards.target,NewTargetDefinitionWizard2,NewTargetDefinitionWizard2,6,1,0
eclipse.pde.ui-20120217-1437,org.eclipse.pde.internal.ui.wizards.target,NewTargetDefinitionWizard2,addPages,5,1,0
eclipse.pde.ui-20120217-1437,org.eclipse.pde.internal.ui.wizards.target,NewTargetDefinitionWizard2,canFinish,3,1,0
eclipse.pde.ui-20120217-1437,org.eclipse.pde.internal.ui.wizards.target,NewTargetDefinitionWizard2,performFinish,3,1,0
eclipse.pde.ui-20120217-1437,org.eclipse.pde.internal.ui.wizards.target,NewTargetDefinitionWizard2,getTargetDefinition,3,1,0
eclipse.pde.ui-20120217-1437,org.eclipse.pde.internal.ui.wizards.target,NewTargetDefinitionWizard2,setTargetDefinition,3,1,1
eclipse.pde.ui-20120217-1437,org.eclipse.pde.internal.ui.wizards.target,TargetCreationPage,TargetCreationPage,5,1,1
eclipse.pde.ui-20120217-1437,org.eclipse.pde.internal.ui.wizards.target,TargetCreationPage,getTargetService,3,1,0
eclipse.pde.ui-20120217-1437,org.eclipse.pde.internal.ui.wizards.target,TargetCreationPage,createControl,30,1,1
eclipse.pde.ui-20120217-1437,org.eclipse.pde.internal.ui.wizards.target,TargetCreationPage,widgetSelected,4,1,1
eclipse.pde.ui-20120217-1437,org.eclipse.pde.internal.ui.wizards.target,TargetCreationPage,widgetSelected,3,1,1
eclipse.pde.ui-20120217-1437,org.eclipse.pde.internal.ui.wizards.target,TargetCreationPage,initializeTargetCombo,13,4,0
eclipse.pde.ui-20120217-1437,org.eclipse.pde.internal.ui.wizards.target,TargetCreationPage,getInitializationOption,6,4,0
eclipse.pde.ui-20120217-1437,org.eclipse.pde.internal.ui.wizards.target,TargetCreationPage,getTargetId,3,1,0
eclipse.pde.ui-20120217-1437,org.eclipse.pde.internal.ui.wizards.target,TargetCreationPage,setTargetId,3,1,1
eclipse.pde.ui-20120217-1437,org.eclipse.pde.internal.ui.wizards.target,TargetCreationPage,createTarget,40,6,1
eclipse.pde.ui-20120217-1437,org.eclipse.pde.internal.ui.wizards.target,TargetCreationPage,populateBasicTarget,7,2,1
eclipse.pde.ui-20120217-1437,org.eclipse.pde.internal.ui.wizards.target,TargetCreationPage,populateFromCurrentTargetPlatform,7,2,1
eclipse.pde.ui-20120217-1437,org.eclipse.pde.internal.ui.wizards.target,TargetCreationPage,populateFromTemplate,6,2,2
eclipse.pde.ui-20120217-1437,org.eclipse.pde.internal.ui.wizards.target,TargetCreationPage,getNextPage,14,3,0
eclipse.pde.ui-20120217-1437,org.eclipse.pde.internal.ui.wizards.target,TargetDefinitionContentPage,ResolutionProgressMonitor,3,1,1
eclipse.pde.ui-20120217-1437,org.eclipse.pde.internal.ui.wizards.target,TargetDefinitionContentPage,setBlocked,3,1,1
eclipse.pde.ui-20120217-1437,org.eclipse.pde.internal.ui.wizards.target,TargetDefinitionContentPage,clearBlocked,3,1,0
eclipse.pde.ui-20120217-1437,org.eclipse.pde.internal.ui.wizards.target,TargetDefinitionContentPage,TargetDefinitionContentPage,6,1,1
eclipse.pde.ui-20120217-1437,org.eclipse.pde.internal.ui.wizards.target,TargetDefinitionContentPage,createControl,57,2,1
eclipse.pde.ui-20120217-1437,org.eclipse.pde.internal.ui.wizards.target,TargetDefinitionContentPage,modifyText,12,2,1
eclipse.pde.ui-20120217-1437,org.eclipse.pde.internal.ui.wizards.target,TargetDefinitionContentPage,initializeListeners,46,7,0
eclipse.pde.ui-20120217-1437,org.eclipse.pde.internal.ui.wizards.target,TargetDefinitionContentPage,contentsChanged,39,7,4
eclipse.pde.ui-20120217-1437,org.eclipse.pde.internal.ui.wizards.target,TargetDefinitionContentPage,run,6,2,1
eclipse.pde.ui-20120217-1437,org.eclipse.pde.internal.ui.wizards.target,TargetDefinitionContentPage,targetChanged,82,12,1
eclipse.pde.ui-20120217-1437,org.eclipse.pde.internal.ui.wizards.target,TargetDefinitionContentPage,runInUIThread,32,4,1
eclipse.pde.ui-20120217-1437,org.eclipse.pde.internal.ui.wizards.target,TargetDefinitionContentPage,run,6,2,1
eclipse.pde.ui-20120217-1437,org.eclipse.pde.internal.ui.wizards.target,TargetDefinitionContentPage,createTargetEnvironmentGroup,40,2,1
eclipse.pde.ui-20120217-1437,org.eclipse.pde.internal.ui.wizards.target,TargetDefinitionContentPage,modifyText,3,1,1
eclipse.pde.ui-20120217-1437,org.eclipse.pde.internal.ui.wizards.target,TargetDefinitionContentPage,modifyText,3,1,1
eclipse.pde.ui-20120217-1437,org.eclipse.pde.internal.ui.wizards.target,TargetDefinitionContentPage,modifyText,3,1,1
eclipse.pde.ui-20120217-1437,org.eclipse.pde.internal.ui.wizards.target,TargetDefinitionContentPage,modifyText,6,2,1
eclipse.pde.ui-20120217-1437,org.eclipse.pde.internal.ui.wizards.target,TargetDefinitionContentPage,getModelValue,9,3,1
eclipse.pde.ui-20120217-1437,org.eclipse.pde.internal.ui.wizards.target,TargetDefinitionContentPage,addExtraChoices,6,2,2
eclipse.pde.ui-20120217-1437,org.eclipse.pde.internal.ui.wizards.target,TargetDefinitionContentPage,initializeChoices,39,9,0
eclipse.pde.ui-20120217-1437,org.eclipse.pde.internal.ui.wizards.target,TargetDefinitionContentPage,createJREGroup,43,1,1
eclipse.pde.ui-20120217-1437,org.eclipse.pde.internal.ui.wizards.target,TargetDefinitionContentPage,widgetSelected,4,1,1
eclipse.pde.ui-20120217-1437,org.eclipse.pde.internal.ui.wizards.target,TargetDefinitionContentPage,widgetSelected,4,1,1
eclipse.pde.ui-20120217-1437,org.eclipse.pde.internal.ui.wizards.target,TargetDefinitionContentPage,modifyText,3,1,1
eclipse.pde.ui-20120217-1437,org.eclipse.pde.internal.ui.wizards.target,TargetDefinitionContentPage,widgetSelected,4,1,1
eclipse.pde.ui-20120217-1437,org.eclipse.pde.internal.ui.wizards.target,TargetDefinitionContentPage,modifyText,3,1,1
eclipse.pde.ui-20120217-1437,org.eclipse.pde.internal.ui.wizards.target,TargetDefinitionContentPage,initializeJREValues,6,2,0
eclipse.pde.ui-20120217-1437,org.eclipse.pde.internal.ui.wizards.target,TargetDefinitionContentPage,updateJREWidgets,4,1,0
eclipse.pde.ui-20120217-1437,org.eclipse.pde.internal.ui.wizards.target,TargetDefinitionContentPage,createArgumentsGroup,33,1,1
eclipse.pde.ui-20120217-1437,org.eclipse.pde.internal.ui.wizards.target,TargetDefinitionContentPage,modifyText,3,1,1
eclipse.pde.ui-20120217-1437,org.eclipse.pde.internal.ui.wizards.target,TargetDefinitionContentPage,modifyText,3,1,1
eclipse.pde.ui-20120217-1437,org.eclipse.pde.internal.ui.wizards.target,TargetDefinitionContentPage,getVMArgsListener,18,4,1
eclipse.pde.ui-20120217-1437,org.eclipse.pde.internal.ui.wizards.target,TargetDefinitionContentPage,widgetSelected,13,4,1
eclipse.pde.ui-20120217-1437,org.eclipse.pde.internal.ui.wizards.target,TargetDefinitionContentPage,getVariablesListener,13,2,1
eclipse.pde.ui-20120217-1437,org.eclipse.pde.internal.ui.wizards.target,TargetDefinitionContentPage,widgetSelected,8,2,1
eclipse.pde.ui-20120217-1437,org.eclipse.pde.internal.ui.wizards.target,TargetDefinitionContentPage,createImplicitTabContents,11,1,1
eclipse.pde.ui-20120217-1437,org.eclipse.pde.internal.ui.wizards.target,TargetDefinitionContentPage,createImpLabel,8,1,1
eclipse.pde.ui-20120217-1437,org.eclipse.pde.internal.ui.wizards.target,TargetDefinitionContentPage,createImpTable,44,4,1
eclipse.pde.ui-20120217-1437,org.eclipse.pde.internal.ui.wizards.target,TargetDefinitionContentPage,getElements,10,3,1
eclipse.pde.ui-20120217-1437,org.eclipse.pde.internal.ui.wizards.target,TargetDefinitionContentPage,compare,5,1,3
eclipse.pde.ui-20120217-1437,org.eclipse.pde.internal.ui.wizards.target,TargetDefinitionContentPage,selectionChanged,3,1,1
eclipse.pde.ui-20120217-1437,org.eclipse.pde.internal.ui.wizards.target,TargetDefinitionContentPage,keyPressed,5,2,1
eclipse.pde.ui-20120217-1437,org.eclipse.pde.internal.ui.wizards.target,TargetDefinitionContentPage,createImpButtons,25,1,1
eclipse.pde.ui-20120217-1437,org.eclipse.pde.internal.ui.wizards.target,TargetDefinitionContentPage,widgetSelected,3,1,1
eclipse.pde.ui-20120217-1437,org.eclipse.pde.internal.ui.wizards.target,TargetDefinitionContentPage,widgetSelected,3,1,1
eclipse.pde.ui-20120217-1437,org.eclipse.pde.internal.ui.wizards.target,TargetDefinitionContentPage,widgetSelected,3,1,1
eclipse.pde.ui-20120217-1437,org.eclipse.pde.internal.ui.wizards.target,TargetDefinitionContentPage,handleAdd,29,4,0
eclipse.pde.ui-20120217-1437,org.eclipse.pde.internal.ui.wizards.target,TargetDefinitionContentPage,getValidBundles,24,7,0
eclipse.pde.ui-20120217-1437,org.eclipse.pde.internal.ui.wizards.target,TargetDefinitionContentPage,handleRemove,15,4,0
eclipse.pde.ui-20120217-1437,org.eclipse.pde.internal.ui.wizards.target,TargetDefinitionContentPage,handleRemoveAll,5,1,0
eclipse.pde.ui-20120217-1437,org.eclipse.pde.internal.ui.wizards.target,TargetDefinitionContentPage,updateImpButtons,6,1,0
eclipse.pde.ui-20120217-1437,org.eclipse.pde.internal.ui.wizards.target,TargetDefinitionContentPage,isPageComplete,4,2,0
eclipse.pde.ui-20120217-1437,org.eclipse.pde.internal.ui.wizards.target,ResolutionProgressMonitor,ResolutionProgressMonitor,3,1,1
eclipse.pde.ui-20120217-1437,org.eclipse.pde.internal.ui.wizards.target,ResolutionProgressMonitor,setBlocked,3,1,1
eclipse.pde.ui-20120217-1437,org.eclipse.pde.internal.ui.wizards.target,ResolutionProgressMonitor,clearBlocked,3,1,0
eclipse.pde.ui-20120217-1437,org.eclipse.pde.internal.ui.wizards.target,TargetDefinitionPage,TargetDefinitionPage,4,1,2
eclipse.pde.ui-20120217-1437,org.eclipse.pde.internal.ui.wizards.target,TargetDefinitionPage,getTargetDefinition,3,1,0
eclipse.pde.ui-20120217-1437,org.eclipse.pde.internal.ui.wizards.target,TargetDefinitionPage,targetChanged,3,1,1
eclipse.pde.ui-20120217-1437,org.eclipse.pde.internal.ui.wizards.target,TargetDefinitionPage,getTargetService,3,1,0
eclipse.pde.ui-20120217-1437,org.eclipse.pde.internal.ui.wizards.target,TargetDefinitionWizardPage,TargetDefinitionWizardPage,6,1,2
eclipse.pde.ui-20120217-1437,org.eclipse.pde.internal.ui.wizards.target,TargetDefinitionWizardPage,createControl,4,1,1
eclipse.pde.ui-20120217-1437,org.eclipse.pde.internal.ui.wizards.target,TargetDefinitionWizardPage,createAdvancedControls,21,1,1
eclipse.pde.ui-20120217-1437,org.eclipse.pde.internal.ui.wizards.target,TargetDefinitionWizardPage,widgetSelected,4,1,1
eclipse.pde.ui-20120217-1437,org.eclipse.pde.internal.ui.wizards.target,TargetDefinitionWizardPage,initializeTargetCombo,10,4,0
eclipse.pde.ui-20120217-1437,org.eclipse.pde.internal.ui.wizards.target,TargetDefinitionWizardPage,getInitializationOption,6,4,0
eclipse.pde.ui-20120217-1437,org.eclipse.pde.internal.ui.wizards.target,TargetDefinitionWizardPage,getTargetId,3,1,0
eclipse.pde.ui-20120217-1437,org.eclipse.pde.internal.ui.wizards.templates,ControlStack,ControlStack,4,1,0
eclipse.pde.ui-20120217-1437,org.eclipse.pde.internal.ui.wizards.templates,ControlStack,setValueProvider,3,1,1
eclipse.pde.ui-20120217-1437,org.eclipse.pde.internal.ui.wizards.templates,ControlStack,processLine,25,6,1
eclipse.pde.ui-20120217-1437,org.eclipse.pde.internal.ui.wizards.templates,ControlStack,getCurrentState,8,4,0
eclipse.pde.ui-20120217-1437,org.eclipse.pde.internal.ui.wizards.templates,NewExtensionTemplateWizard,NewExtensionTemplateWizard,7,1,1
eclipse.pde.ui-20120217-1437,org.eclipse.pde.internal.ui.wizards.templates,NewExtensionTemplateWizard,init,4,1,2
eclipse.pde.ui-20120217-1437,org.eclipse.pde.internal.ui.wizards.templates,NewExtensionTemplateWizard,addPages,7,2,0
eclipse.pde.ui-20120217-1437,org.eclipse.pde.internal.ui.wizards.templates,NewExtensionTemplateWizard,performFinish,31,1,0
eclipse.pde.ui-20120217-1437,org.eclipse.pde.internal.ui.wizards.templates,NewExtensionTemplateWizard,execute,14,1,1
eclipse.pde.ui-20120217-1437,org.eclipse.pde.internal.ui.wizards.templates,NewExtensionTemplateWizard,updateDependencies,14,3,0
eclipse.pde.ui-20120217-1437,org.eclipse.pde.internal.ui.wizards.templates,NewExtensionTemplateWizard,modelContains,11,3,1
eclipse.pde.ui-20120217-1437,org.eclipse.pde.internal.ui.wizards.templates,NewExtensionTemplateWizard,updatedDependencies,3,1,0
eclipse.pde.ui-20120217-1437,org.eclipse.pde.internal.ui.wizards.templates,NewPluginTemplateChoiceWizard,NewPluginTemplateChoiceWizard,2,1,0
eclipse.pde.ui-20120217-1437,org.eclipse.pde.internal.ui.wizards.templates,NewPluginTemplateChoiceWizard,getTemplateSections,6,2,0
eclipse.pde.ui-20120217-1437,org.eclipse.pde.internal.ui.wizards.templates,NewPluginTemplateChoiceWizard,addAdditionalPages,4,1,0
eclipse.pde.ui-20120217-1437,org.eclipse.pde.internal.ui.wizards.templates,NewPluginTemplateChoiceWizard,getNextPage,4,2,1
eclipse.pde.ui-20120217-1437,org.eclipse.pde.internal.ui.wizards.templates,NewPluginTemplateChoiceWizard,getPreviousPage,3,1,1
eclipse.pde.ui-20120217-1437,org.eclipse.pde.internal.ui.wizards.templates,NewPluginTemplateChoiceWizard,getCandidates,6,2,0
eclipse.pde.ui-20120217-1437,org.eclipse.pde.internal.ui.wizards.templates,NewPluginTemplateChoiceWizard,canFinish,11,4,0
eclipse.pde.ui-20120217-1437,org.eclipse.pde.internal.ui.wizards.templates,NewPluginTemplateChoiceWizard,createCandidates,11,2,0
eclipse.pde.ui-20120217-1437,org.eclipse.pde.internal.ui.wizards.templates,NewPluginTemplateChoiceWizard,addTemplate,12,3,2
eclipse.pde.ui-20120217-1437,org.eclipse.pde.internal.ui.wizards.templates,NewPluginTemplateChoiceWizard,createPageControls,3,1,1
eclipse.pde.ui-20120217-1437,org.eclipse.pde.internal.ui.wizards.templates,PreprocessorParser,getValue,0,1,0
eclipse.pde.ui-20120217-1437,org.eclipse.pde.internal.ui.wizards.templates,PreprocessorParser,LeafNode,3,1,1
eclipse.pde.ui-20120217-1437,org.eclipse.pde.internal.ui.wizards.templates,PreprocessorParser,getValue,3,1,0
eclipse.pde.ui-20120217-1437,org.eclipse.pde.internal.ui.wizards.templates,PreprocessorParser,toString,4,2,0
eclipse.pde.ui-20120217-1437,org.eclipse.pde.internal.ui.wizards.templates,PreprocessorParser,ExpressionNode,5,1,3
eclipse.pde.ui-20120217-1437,org.eclipse.pde.internal.ui.wizards.templates,PreprocessorParser,getValue,39,10,0
eclipse.pde.ui-20120217-1437,org.eclipse.pde.internal.ui.wizards.templates,PreprocessorParser,toString,5,1,0
eclipse.pde.ui-20120217-1437,org.eclipse.pde.internal.ui.wizards.templates,PreprocessorParser,PreprocessorParser,3,1,0
eclipse.pde.ui-20120217-1437,org.eclipse.pde.internal.ui.wizards.templates,PreprocessorParser,PreprocessorParser,4,1,1
eclipse.pde.ui-20120217-1437,org.eclipse.pde.internal.ui.wizards.templates,PreprocessorParser,setVariableProvider,3,1,1
eclipse.pde.ui-20120217-1437,org.eclipse.pde.internal.ui.wizards.templates,PreprocessorParser,main,19,1,1
eclipse.pde.ui-20120217-1437,org.eclipse.pde.internal.ui.wizards.templates,PreprocessorParser,getValue,3,1,1
eclipse.pde.ui-20120217-1437,org.eclipse.pde.internal.ui.wizards.templates,PreprocessorParser,parseAndEvaluate,6,1,1
eclipse.pde.ui-20120217-1437,org.eclipse.pde.internal.ui.wizards.templates,PreprocessorParser,evaluate,13,5,0
eclipse.pde.ui-20120217-1437,org.eclipse.pde.internal.ui.wizards.templates,PreprocessorParser,reset,5,1,0
eclipse.pde.ui-20120217-1437,org.eclipse.pde.internal.ui.wizards.templates,PreprocessorParser,parse,54,15,0
eclipse.pde.ui-20120217-1437,org.eclipse.pde.internal.ui.wizards.templates,PreprocessorParser,getCurrentRoot,7,2,0
eclipse.pde.ui-20120217-1437,org.eclipse.pde.internal.ui.wizards.templates,PreprocessorParser,replaceRoot,5,2,1
eclipse.pde.ui-20120217-1437,org.eclipse.pde.internal.ui.wizards.templates,PreprocessorParser,pushNode,12,4,1
eclipse.pde.ui-20120217-1437,org.eclipse.pde.internal.ui.wizards.templates,PreprocessorParser,pushNode,4,1,1
eclipse.pde.ui-20120217-1437,org.eclipse.pde.internal.ui.wizards.templates,PreprocessorParser,pushRoot,3,1,0
eclipse.pde.ui-20120217-1437,org.eclipse.pde.internal.ui.wizards.templates,PreprocessorParser,popRoot,5,1,0
eclipse.pde.ui-20120217-1437,org.eclipse.pde.internal.ui.wizards.templates,PreprocessorParser,throwUnexpectedToken,4,1,2
eclipse.pde.ui-20120217-1437,org.eclipse.pde.internal.ui.wizards.templates,PreprocessorParser,getNextToken,61,23,0
eclipse.pde.ui-20120217-1437,org.eclipse.pde.internal.ui.wizards.templates,PreprocessorParser,testSingleToken,7,2,2
eclipse.pde.ui-20120217-1437,org.eclipse.pde.internal.ui.wizards.templates,PreprocessorParser,testDoubleToken,10,3,2
eclipse.pde.ui-20120217-1437,org.eclipse.pde.internal.ui.wizards.templates,Node,getValue,0,1,0
eclipse.pde.ui-20120217-1437,org.eclipse.pde.internal.ui.wizards.templates,LeafNode,LeafNode,3,1,1
eclipse.pde.ui-20120217-1437,org.eclipse.pde.internal.ui.wizards.templates,LeafNode,getValue,3,1,0
eclipse.pde.ui-20120217-1437,org.eclipse.pde.internal.ui.wizards.templates,LeafNode,toString,4,2,0
eclipse.pde.ui-20120217-1437,org.eclipse.pde.internal.ui.wizards.templates,ExpressionNode,ExpressionNode,5,1,3
eclipse.pde.ui-20120217-1437,org.eclipse.pde.internal.ui.wizards.templates,ExpressionNode,getValue,39,10,0
eclipse.pde.ui-20120217-1437,org.eclipse.pde.internal.ui.wizards.templates,ExpressionNode,toString,5,1,0
eclipse.pde.ui-20120217-1437,org.eclipse.pde.internal.ui.wizards.templates,TemplateSelectionPage,TablePart,3,1,1
eclipse.pde.ui-20120217-1437,org.eclipse.pde.internal.ui.wizards.templates,TemplateSelectionPage,createStructuredViewer,3,1,3
eclipse.pde.ui-20120217-1437,org.eclipse.pde.internal.ui.wizards.templates,TemplateSelectionPage,updateCounter,4,2,1
eclipse.pde.ui-20120217-1437,org.eclipse.pde.internal.ui.wizards.templates,TemplateSelectionPage,getElements,3,1,1
eclipse.pde.ui-20120217-1437,org.eclipse.pde.internal.ui.wizards.templates,TemplateSelectionPage,getColumnText,5,2,2
eclipse.pde.ui-20120217-1437,org.eclipse.pde.internal.ui.wizards.templates,TemplateSelectionPage,getColumnImage,4,2,2
eclipse.pde.ui-20120217-1437,org.eclipse.pde.internal.ui.wizards.templates,TemplateSelectionPage,TemplateSelectionPage,7,1,1
eclipse.pde.ui-20120217-1437,org.eclipse.pde.internal.ui.wizards.templates,TemplateSelectionPage,initializeTemplates,7,1,0
eclipse.pde.ui-20120217-1437,org.eclipse.pde.internal.ui.wizards.templates,TemplateSelectionPage,dispose,4,1,0
eclipse.pde.ui-20120217-1437,org.eclipse.pde.internal.ui.wizards.templates,TemplateSelectionPage,createControl,28,1,1
eclipse.pde.ui-20120217-1437,org.eclipse.pde.internal.ui.wizards.templates,TemplateSelectionPage,selectionChanged,4,1,1
eclipse.pde.ui-20120217-1437,org.eclipse.pde.internal.ui.wizards.templates,TemplateSelectionPage,initializeWizardPages,6,3,0
eclipse.pde.ui-20120217-1437,org.eclipse.pde.internal.ui.wizards.templates,TemplateSelectionPage,getSelectedTemplates,6,1,0
eclipse.pde.ui-20120217-1437,org.eclipse.pde.internal.ui.wizards.templates,TemplateSelectionPage,initializeTable,13,1,1
eclipse.pde.ui-20120217-1437,org.eclipse.pde.internal.ui.wizards.templates,TemplateSelectionPage,handleSelectionChanged,5,2,1
eclipse.pde.ui-20120217-1437,org.eclipse.pde.internal.ui.wizards.templates,TemplateSelectionPage,canFlipToNextPage,4,2,0
eclipse.pde.ui-20120217-1437,org.eclipse.pde.internal.ui.wizards.templates,TemplateSelectionPage,getNextPage,12,4,0
eclipse.pde.ui-20120217-1437,org.eclipse.pde.internal.ui.wizards.templates,TemplateSelectionPage,getNextVisiblePage,6,3,1
eclipse.pde.ui-20120217-1437,org.eclipse.pde.internal.ui.wizards.templates,TablePart,TablePart,3,1,1
eclipse.pde.ui-20120217-1437,org.eclipse.pde.internal.ui.wizards.templates,TablePart,createStructuredViewer,3,1,3
eclipse.pde.ui-20120217-1437,org.eclipse.pde.internal.ui.wizards.templates,TablePart,updateCounter,4,2,1
eclipse.pde.ui-20120217-1437,org.eclipse.pde.internal.ui.wizards.templates,ListContentProvider,getElements,3,1,1
eclipse.pde.ui-20120217-1437,org.eclipse.pde.internal.ui.wizards.templates,ListLabelProvider,getColumnText,5,2,2
eclipse.pde.ui-20120217-1437,org.eclipse.pde.internal.ui.wizards.templates,ListLabelProvider,getColumnImage,4,2,2
eclipse.pde.ui-20120217-1437,org.eclipse.pde.internal.ui.wizards.tools,ConvertJarsAction,ConvertJarsAction,3,1,0
eclipse.pde.ui-20120217-1437,org.eclipse.pde.internal.ui.wizards.tools,ConvertJarsAction,setActivePart,3,1,2
eclipse.pde.ui-20120217-1437,org.eclipse.pde.internal.ui.wizards.tools,ConvertJarsAction,run,35,5,1
eclipse.pde.ui-20120217-1437,org.eclipse.pde.internal.ui.wizards.tools,ConvertJarsAction,selectionChanged,30,8,2
eclipse.pde.ui-20120217-1437,org.eclipse.pde.internal.ui.wizards.tools,ConvertProjectToPluginOperation,ConvertProjectToPluginOperation,4,1,2
eclipse.pde.ui-20120217-1437,org.eclipse.pde.internal.ui.wizards.tools,ConvertProjectToPluginOperation,execute,16,2,1
eclipse.pde.ui-20120217-1437,org.eclipse.pde.internal.ui.wizards.tools,ConvertProjectToPluginOperation,convertProject,39,12,2
eclipse.pde.ui-20120217-1437,org.eclipse.pde.internal.ui.wizards.tools,ConvertProjectToPluginOperation,loadClasspathEntries,38,6,2
eclipse.pde.ui-20120217-1437,org.eclipse.pde.internal.ui.wizards.tools,ConvertProjectToPluginOperation,getRelativePath,4,1,2
eclipse.pde.ui-20120217-1437,org.eclipse.pde.internal.ui.wizards.tools,ConvertProjectToPluginOperation,loadLibraryName,11,3,1
eclipse.pde.ui-20120217-1437,org.eclipse.pde.internal.ui.wizards.tools,ConvertProjectToPluginOperation,organizeExports,9,2,1
eclipse.pde.ui-20120217-1437,org.eclipse.pde.internal.ui.wizards.tools,ConvertProjectToPluginOperation,modifyModel,4,2,2
eclipse.pde.ui-20120217-1437,org.eclipse.pde.internal.ui.wizards.tools,ConvertProjectToPluginOperation,createInitialName,7,2,1
eclipse.pde.ui-20120217-1437,org.eclipse.pde.internal.ui.wizards.tools,ConvertProjectToPluginOperation,createManifestFile,41,8,2
eclipse.pde.ui-20120217-1437,org.eclipse.pde.internal.ui.wizards.tools,ConvertProjectToPluginOperation,isOldTarget,3,1,0
eclipse.pde.ui-20120217-1437,org.eclipse.pde.internal.ui.wizards.tools,ConvertProjectsAction,setActivePart,2,1,2
eclipse.pde.ui-20120217-1437,org.eclipse.pde.internal.ui.wizards.tools,ConvertProjectsAction,run,35,8,1
eclipse.pde.ui-20120217-1437,org.eclipse.pde.internal.ui.wizards.tools,ConvertProjectsAction,run,3,1,0
eclipse.pde.ui-20120217-1437,org.eclipse.pde.internal.ui.wizards.tools,ConvertProjectsAction,selectionChanged,3,1,2
eclipse.pde.ui-20120217-1437,org.eclipse.pde.internal.ui.wizards.tools,ConvertProjectsAction,getDisplay,5,2,0
eclipse.pde.ui-20120217-1437,org.eclipse.pde.internal.ui.wizards.tools,ConvertProjectsAction,getUnconvertedProjects,8,3,0
eclipse.pde.ui-20120217-1437,org.eclipse.pde.internal.ui.wizards.tools,ConvertedProjectWizard,ConvertedProjectWizard,12,2,2
eclipse.pde.ui-20120217-1437,org.eclipse.pde.internal.ui.wizards.tools,ConvertedProjectWizard,addPages,4,1,0
eclipse.pde.ui-20120217-1437,org.eclipse.pde.internal.ui.wizards.tools,ConvertedProjectWizard,performFinish,3,1,0
eclipse.pde.ui-20120217-1437,org.eclipse.pde.internal.ui.wizards.tools,ConvertedProjectsPage,getImage,3,1,1
eclipse.pde.ui-20120217-1437,org.eclipse.pde.internal.ui.wizards.tools,ConvertedProjectsPage,getText,3,1,1
eclipse.pde.ui-20120217-1437,org.eclipse.pde.internal.ui.wizards.tools,ConvertedProjectsPage,ConvertedProjectsPage,7,1,2
eclipse.pde.ui-20120217-1437,org.eclipse.pde.internal.ui.wizards.tools,ConvertedProjectsPage,createControl,39,1,1
eclipse.pde.ui-20120217-1437,org.eclipse.pde.internal.ui.wizards.tools,ConvertedProjectsPage,checkStateChanged,3,1,1
eclipse.pde.ui-20120217-1437,org.eclipse.pde.internal.ui.wizards.tools,ConvertedProjectsPage,widgetSelected,4,1,1
eclipse.pde.ui-20120217-1437,org.eclipse.pde.internal.ui.wizards.tools,ConvertedProjectsPage,widgetSelected,4,1,1
eclipse.pde.ui-20120217-1437,org.eclipse.pde.internal.ui.wizards.tools,ConvertedProjectsPage,updateButtons,5,1,0
eclipse.pde.ui-20120217-1437,org.eclipse.pde.internal.ui.wizards.tools,ConvertedProjectsPage,storeSettings,6,2,0
eclipse.pde.ui-20120217-1437,org.eclipse.pde.internal.ui.wizards.tools,ConvertedProjectsPage,loadSettings,6,2,0
eclipse.pde.ui-20120217-1437,org.eclipse.pde.internal.ui.wizards.tools,ConvertedProjectsPage,finish,22,2,0
eclipse.pde.ui-20120217-1437,org.eclipse.pde.internal.ui.wizards.tools,ProjectLabelProvider,getImage,3,1,1
eclipse.pde.ui-20120217-1437,org.eclipse.pde.internal.ui.wizards.tools,ProjectLabelProvider,getText,3,1,1
eclipse.pde.ui-20120217-1437,org.eclipse.pde.internal.ui.wizards.tools,ExtensionPointMappings,initialize,15,1,0
eclipse.pde.ui-20120217-1437,org.eclipse.pde.internal.ui.wizards.tools,ExtensionPointMappings,isDeprecated,4,2,1
eclipse.pde.ui-20120217-1437,org.eclipse.pde.internal.ui.wizards.tools,ExtensionPointMappings,hasMovedFromHelpToBase,3,1,1
eclipse.pde.ui-20120217-1437,org.eclipse.pde.internal.ui.wizards.tools,ExtensionPointMappings,hasMovedFromHelpToUI,3,1,1
eclipse.pde.ui-20120217-1437,org.eclipse.pde.internal.ui.wizards.tools,ExtensionPointMappings,getNewId,4,2,1
eclipse.pde.ui-20120217-1437,org.eclipse.pde.internal.ui.wizards.tools,OrganizeManifest,organizeRequireBundles,16,6,2
eclipse.pde.ui-20120217-1437,org.eclipse.pde.internal.ui.wizards.tools,OrganizeManifest,organizeExportPackages,34,14,4
eclipse.pde.ui-20120217-1437,org.eclipse.pde.internal.ui.wizards.tools,OrganizeManifest,markPackagesInternal,13,5,2
eclipse.pde.ui-20120217-1437,org.eclipse.pde.internal.ui.wizards.tools,OrganizeManifest,organizeImportPackages,16,6,2
eclipse.pde.ui-20120217-1437,org.eclipse.pde.internal.ui.wizards.tools,OrganizeManifest,getAvailableExportedPackages,9,2,0
eclipse.pde.ui-20120217-1437,org.eclipse.pde.internal.ui.wizards.tools,OrganizeManifest,removeUnneededLazyStart,10,5,1
eclipse.pde.ui-20120217-1437,org.eclipse.pde.internal.ui.wizards.tools,OrganizeManifest,deleteUselessPluginFile,7,3,2
eclipse.pde.ui-20120217-1437,org.eclipse.pde.internal.ui.wizards.tools,OrganizeManifest,removeUnusedKeys,36,16,3
eclipse.pde.ui-20120217-1437,org.eclipse.pde.internal.ui.wizards.tools,OrganizeManifest,modifyModel,27,14,2
eclipse.pde.ui-20120217-1437,org.eclipse.pde.internal.ui.wizards.tools,OrganizeManifest,findTranslatedStrings,24,5,4
eclipse.pde.ui-20120217-1437,org.eclipse.pde.internal.ui.wizards.tools,OrganizeManifest,getTextModel,17,6,2
eclipse.pde.ui-20120217-1437,org.eclipse.pde.internal.ui.wizards.tools,OrganizeManifest,getTextBundle,14,4,1
eclipse.pde.ui-20120217-1437,org.eclipse.pde.internal.ui.wizards.tools,OrganizeManifest,findTranslatedXMLStrings,10,6,2
eclipse.pde.ui-20120217-1437,org.eclipse.pde.internal.ui.wizards.tools,OrganizeManifest,inspectElementForTranslation,13,7,2
eclipse.pde.ui-20120217-1437,org.eclipse.pde.internal.ui.wizards.tools,OrganizeManifest,findTranslatedMFStrings,7,4,2
eclipse.pde.ui-20120217-1437,org.eclipse.pde.internal.ui.wizards.tools,OrganizeManifest,getTranslatedKey,4,2,1
eclipse.pde.ui-20120217-1437,org.eclipse.pde.internal.ui.wizards.tools,OrganizeManifest,fileExists,3,1,2
eclipse.pde.ui-20120217-1437,org.eclipse.pde.internal.ui.wizards.tools,OrganizeManifest,prefixIconPaths,9,4,1
eclipse.pde.ui-20120217-1437,org.eclipse.pde.internal.ui.wizards.tools,OrganizeManifest,inspectElementsIconPaths,35,10,2
eclipse.pde.ui-20120217-1437,org.eclipse.pde.internal.ui.wizards.tools,OrganizeManifest,getTextEdit,8,3,1
eclipse.pde.ui-20120217-1437,org.eclipse.pde.internal.ui.wizards.tools,OrganizeManifestsAction,execute,4,1,1
eclipse.pde.ui-20120217-1437,org.eclipse.pde.internal.ui.wizards.tools,OrganizeManifestsAction,runOrganizeManfestsAction,30,9,1
eclipse.pde.ui-20120217-1437,org.eclipse.pde.internal.ui.wizards.tools,OrganizeManifestsProcessor,OrganizeManifestsProcessor,3,1,1
eclipse.pde.ui-20120217-1437,org.eclipse.pde.internal.ui.wizards.tools,OrganizeManifestsProcessor,checkFinalConditions,7,3,2
eclipse.pde.ui-20120217-1437,org.eclipse.pde.internal.ui.wizards.tools,OrganizeManifestsProcessor,checkInitialConditions,3,1,1
eclipse.pde.ui-20120217-1437,org.eclipse.pde.internal.ui.wizards.tools,OrganizeManifestsProcessor,createChange,10,3,1
eclipse.pde.ui-20120217-1437,org.eclipse.pde.internal.ui.wizards.tools,OrganizeManifestsProcessor,cleanProject,27,6,2
eclipse.pde.ui-20120217-1437,org.eclipse.pde.internal.ui.wizards.tools,OrganizeManifestsProcessor,modifyModel,11,2,2
eclipse.pde.ui-20120217-1437,org.eclipse.pde.internal.ui.wizards.tools,OrganizeManifestsProcessor,runCleanup,74,26,3
eclipse.pde.ui-20120217-1437,org.eclipse.pde.internal.ui.wizards.tools,OrganizeManifestsProcessor,getElements,3,1,0
eclipse.pde.ui-20120217-1437,org.eclipse.pde.internal.ui.wizards.tools,OrganizeManifestsProcessor,getIdentifier,3,1,0
eclipse.pde.ui-20120217-1437,org.eclipse.pde.internal.ui.wizards.tools,OrganizeManifestsProcessor,getProcessorName,3,1,0
eclipse.pde.ui-20120217-1437,org.eclipse.pde.internal.ui.wizards.tools,OrganizeManifestsProcessor,isApplicable,3,1,0
eclipse.pde.ui-20120217-1437,org.eclipse.pde.internal.ui.wizards.tools,OrganizeManifestsProcessor,loadParticipants,3,1,2
eclipse.pde.ui-20120217-1437,org.eclipse.pde.internal.ui.wizards.tools,OrganizeManifestsProcessor,getTotalTicksPerProject,15,12,0
eclipse.pde.ui-20120217-1437,org.eclipse.pde.internal.ui.wizards.tools,OrganizeManifestsProcessor,setAddMissing,3,1,1
eclipse.pde.ui-20120217-1437,org.eclipse.pde.internal.ui.wizards.tools,OrganizeManifestsProcessor,setMarkInternal,3,1,1
eclipse.pde.ui-20120217-1437,org.eclipse.pde.internal.ui.wizards.tools,OrganizeManifestsProcessor,setPackageFilter,3,1,1
eclipse.pde.ui-20120217-1437,org.eclipse.pde.internal.ui.wizards.tools,OrganizeManifestsProcessor,setRemoveUnresolved,3,1,1
eclipse.pde.ui-20120217-1437,org.eclipse.pde.internal.ui.wizards.tools,OrganizeManifestsProcessor,setCalculateUses,3,1,1
eclipse.pde.ui-20120217-1437,org.eclipse.pde.internal.ui.wizards.tools,OrganizeManifestsProcessor,setModifyDep,3,1,1
eclipse.pde.ui-20120217-1437,org.eclipse.pde.internal.ui.wizards.tools,OrganizeManifestsProcessor,setRemoveDependencies,3,1,1
eclipse.pde.ui-20120217-1437,org.eclipse.pde.internal.ui.wizards.tools,OrganizeManifestsProcessor,setUnusedDependencies,3,1,1
eclipse.pde.ui-20120217-1437,org.eclipse.pde.internal.ui.wizards.tools,OrganizeManifestsProcessor,setRemoveLazy,3,1,1
eclipse.pde.ui-20120217-1437,org.eclipse.pde.internal.ui.wizards.tools,OrganizeManifestsProcessor,setRemoveUselessFiles,3,1,1
eclipse.pde.ui-20120217-1437,org.eclipse.pde.internal.ui.wizards.tools,OrganizeManifestsProcessor,setPrefixIconNL,3,1,1
eclipse.pde.ui-20120217-1437,org.eclipse.pde.internal.ui.wizards.tools,OrganizeManifestsProcessor,setUnusedKeys,3,1,1
eclipse.pde.ui-20120217-1437,org.eclipse.pde.internal.ui.wizards.tools,OrganizeManifestsProcessor,setAddDependencies,3,1,1
eclipse.pde.ui-20120217-1437,org.eclipse.pde.internal.ui.wizards.tools,OrganizeManifestsWizard,OrganizeManifestsWizard,7,1,1
eclipse.pde.ui-20120217-1437,org.eclipse.pde.internal.ui.wizards.tools,OrganizeManifestsWizard,performFinish,4,1,0
eclipse.pde.ui-20120217-1437,org.eclipse.pde.internal.ui.wizards.tools,OrganizeManifestsWizard,addUserInputPages,6,1,0
eclipse.pde.ui-20120217-1437,org.eclipse.pde.internal.ui.wizards.tools,OrganizeManifestsWizard,getProjectsWithCustomBuild,26,8,1
eclipse.pde.ui-20120217-1437,org.eclipse.pde.internal.ui.wizards.tools,OrganizeManifestsWizard,getCustomSelection,6,2,1
eclipse.pde.ui-20120217-1437,org.eclipse.pde.internal.ui.wizards.tools,OrganizeManifestsWizardPage,OrganizeManifestsWizardPage,6,1,1
eclipse.pde.ui-20120217-1437,org.eclipse.pde.internal.ui.wizards.tools,OrganizeManifestsWizardPage,createControl,17,2,1
eclipse.pde.ui-20120217-1437,org.eclipse.pde.internal.ui.wizards.tools,OrganizeManifestsWizardPage,createCustomBuildWarning,27,4,1
eclipse.pde.ui-20120217-1437,org.eclipse.pde.internal.ui.wizards.tools,OrganizeManifestsWizardPage,createExportedPackagesGroup,29,1,1
eclipse.pde.ui-20120217-1437,org.eclipse.pde.internal.ui.wizards.tools,OrganizeManifestsWizardPage,createRequireImportGroup,18,1,1
eclipse.pde.ui-20120217-1437,org.eclipse.pde.internal.ui.wizards.tools,OrganizeManifestsWizardPage,createGeneralGroup,7,1,1
eclipse.pde.ui-20120217-1437,org.eclipse.pde.internal.ui.wizards.tools,OrganizeManifestsWizardPage,createNLSGroup,7,1,1
eclipse.pde.ui-20120217-1437,org.eclipse.pde.internal.ui.wizards.tools,OrganizeManifestsWizardPage,presetOptions,46,2,0
eclipse.pde.ui-20120217-1437,org.eclipse.pde.internal.ui.wizards.tools,OrganizeManifestsWizardPage,performOk,16,1,0
eclipse.pde.ui-20120217-1437,org.eclipse.pde.internal.ui.wizards.tools,OrganizeManifestsWizardPage,setEnabledStates,9,1,0
eclipse.pde.ui-20120217-1437,org.eclipse.pde.internal.ui.wizards.tools,OrganizeManifestsWizardPage,setButtonArrays,3,1,0
eclipse.pde.ui-20120217-1437,org.eclipse.pde.internal.ui.wizards.tools,OrganizeManifestsWizardPage,setPageComplete,10,3,0
eclipse.pde.ui-20120217-1437,org.eclipse.pde.internal.ui.wizards.tools,OrganizeManifestsWizardPage,hookListeners,28,1,0
eclipse.pde.ui-20120217-1437,org.eclipse.pde.internal.ui.wizards.tools,OrganizeManifestsWizardPage,widgetSelected,4,1,1
eclipse.pde.ui-20120217-1437,org.eclipse.pde.internal.ui.wizards.tools,OrganizeManifestsWizardPage,widgetSelected,4,1,1
eclipse.pde.ui-20120217-1437,org.eclipse.pde.internal.ui.wizards.tools,OrganizeManifestsWizardPage,widgetSelected,3,1,1
eclipse.pde.ui-20120217-1437,org.eclipse.pde.internal.ui.wizards.tools,OrganizeManifestsWizardPage,modifyText,3,1,1
eclipse.pde.ui-20120217-1437,org.eclipse.pde.internal.ui.wizards.tools,OrganizeManifestsWizardPage,doProcessorSetting,17,16,1
eclipse.pde.ui-20120217-1437,org.eclipse.pde.internal.ui.wizards.tools,OrganizeManifestsWizardPage,hookSelectionListener,5,2,2
eclipse.pde.ui-20120217-1437,org.eclipse.pde.internal.ui.wizards.tools,OrganizeManifestsWizardPage,hookTextListener,5,2,2
eclipse.pde.ui-20120217-1437,org.eclipse.pde.internal.ui.wizards.tools,UpdateBuildpathWizard,UpdateBuildpathWizard,9,1,2
eclipse.pde.ui-20120217-1437,org.eclipse.pde.internal.ui.wizards.tools,UpdateBuildpathWizard,getSettingsSection,7,2,1
eclipse.pde.ui-20120217-1437,org.eclipse.pde.internal.ui.wizards.tools,UpdateBuildpathWizard,performFinish,11,2,0
eclipse.pde.ui-20120217-1437,org.eclipse.pde.internal.ui.wizards.tools,UpdateBuildpathWizard,addPages,4,1,0
eclipse.pde.ui-20120217-1437,org.eclipse.pde.internal.ui.wizards.tools,UpdateBuildpathWizardPage,getElements,4,2,1
eclipse.pde.ui-20120217-1437,org.eclipse.pde.internal.ui.wizards.tools,UpdateBuildpathWizardPage,TablePart,3,1,1
eclipse.pde.ui-20120217-1437,org.eclipse.pde.internal.ui.wizards.tools,UpdateBuildpathWizardPage,updateCounter,4,1,1
eclipse.pde.ui-20120217-1437,org.eclipse.pde.internal.ui.wizards.tools,UpdateBuildpathWizardPage,createStructuredViewer,5,1,3
eclipse.pde.ui-20120217-1437,org.eclipse.pde.internal.ui.wizards.tools,UpdateBuildpathWizardPage,UpdateBuildpathWizardPage,9,1,2
eclipse.pde.ui-20120217-1437,org.eclipse.pde.internal.ui.wizards.tools,UpdateBuildpathWizardPage,dispose,4,1,0
eclipse.pde.ui-20120217-1437,org.eclipse.pde.internal.ui.wizards.tools,UpdateBuildpathWizardPage,createControl,20,1,1
eclipse.pde.ui-20120217-1437,org.eclipse.pde.internal.ui.wizards.tools,UpdateBuildpathWizardPage,storeSettings,2,1,0
eclipse.pde.ui-20120217-1437,org.eclipse.pde.internal.ui.wizards.tools,UpdateBuildpathWizardPage,getSelected,3,1,0
eclipse.pde.ui-20120217-1437,org.eclipse.pde.internal.ui.wizards.tools,UpdateBuildpathWizardPage,dialogChanged,3,1,0
eclipse.pde.ui-20120217-1437,org.eclipse.pde.internal.ui.wizards.tools,UpdateBuildpathWizardPage,isPageComplete,3,1,0
eclipse.pde.ui-20120217-1437,org.eclipse.pde.internal.ui.wizards.tools,BuildpathContentProvider,getElements,4,2,1
eclipse.pde.ui-20120217-1437,org.eclipse.pde.internal.ui.wizards.tools,TablePart,TablePart,3,1,1
eclipse.pde.ui-20120217-1437,org.eclipse.pde.internal.ui.wizards.tools,TablePart,updateCounter,4,1,1
eclipse.pde.ui-20120217-1437,org.eclipse.pde.internal.ui.wizards.tools,TablePart,createStructuredViewer,5,1,3
eclipse.pde.ui-20120217-1437,org.eclipse.pde.internal.ui.wizards.tools,UpdateClasspathAction,execute,47,9,1
eclipse.pde.ui-20120217-1437,org.eclipse.pde.internal.ui.wizards.tools,UpdateClasspathAction,run,3,1,0
eclipse.pde.ui-20120217-1437,org.eclipse.pde.internal.ui.wizards.tools,UpdateClasspathAction,getModelsToUpdate,13,3,0
eclipse.pde.ui-20120217-1437,org.eclipse.pde.internal.ui.wizards.tools,UpdateClasspathJob,UpdateClasspathJob,5,1,1
eclipse.pde.ui-20120217-1437,org.eclipse.pde.internal.ui.wizards.tools,UpdateClasspathJob,doUpdateClasspath,27,6,2
eclipse.pde.ui-20120217-1437,org.eclipse.pde.internal.ui.wizards.tools,UpdateClasspathJob,run,3,1,1
eclipse.pde.ui-20120217-1437,org.eclipse.pde.internal.ui.wizards.tools,UpdateClasspathJob,isCanceled,3,1,0
eclipse.pde.ui-20120217-1437,org.eclipse.pde.internal.ui.wizards.tools,UpdateClasspathJob,run,16,2,1
eclipse.pde.ui-20120217-1437,org.eclipse.pde.internal.ui.wizards.tools,UpdateClasspathWorkspaceRunnable,run,3,1,1
eclipse.pde.ui-20120217-1437,org.eclipse.pde.internal.ui.wizards.tools,UpdateClasspathWorkspaceRunnable,isCanceled,3,1,0
eclipse.pde.ui-20120217-1437,org.eclipse.pde.ui,IBundleContentWizard,getImportPackages,0,1,0
eclipse.pde.ui-20120217-1437,org.eclipse.pde.ui,IExtensionEditorWizard,init,0,1,3
eclipse.pde.ui-20120217-1437,org.eclipse.pde.ui,IExtensionWizard,init,0,1,2
eclipse.pde.ui-20120217-1437,org.eclipse.pde.ui,IFieldData,getId,0,1,0
eclipse.pde.ui-20120217-1437,org.eclipse.pde.ui,IFieldData,getVersion,0,1,0
eclipse.pde.ui-20120217-1437,org.eclipse.pde.ui,IFieldData,getName,0,1,0
eclipse.pde.ui-20120217-1437,org.eclipse.pde.ui,IFieldData,getProvider,0,1,0
eclipse.pde.ui-20120217-1437,org.eclipse.pde.ui,IFieldData,getLibraryName,0,1,0
eclipse.pde.ui-20120217-1437,org.eclipse.pde.ui,IFieldData,getSourceFolderName,0,1,0
eclipse.pde.ui-20120217-1437,org.eclipse.pde.ui,IFieldData,getOutputFolderName,0,1,0
eclipse.pde.ui-20120217-1437,org.eclipse.pde.ui,IFieldData,isLegacy,0,1,0
eclipse.pde.ui-20120217-1437,org.eclipse.pde.ui,IFieldData,hasBundleStructure,0,1,0
eclipse.pde.ui-20120217-1437,org.eclipse.pde.ui,IFieldData,isSimple,0,1,0
eclipse.pde.ui-20120217-1437,org.eclipse.pde.ui,IFragmentFieldData,getPluginId,0,1,0
eclipse.pde.ui-20120217-1437,org.eclipse.pde.ui,IFragmentFieldData,getPluginVersion,0,1,0
eclipse.pde.ui-20120217-1437,org.eclipse.pde.ui,IFragmentFieldData,getMatch,0,1,0
eclipse.pde.ui-20120217-1437,org.eclipse.pde.ui,IPluginContentWizard,init,0,1,1
eclipse.pde.ui-20120217-1437,org.eclipse.pde.ui,IPluginContentWizard,getDependencies,0,1,1
eclipse.pde.ui-20120217-1437,org.eclipse.pde.ui,IPluginContentWizard,getNewFiles,0,1,0
eclipse.pde.ui-20120217-1437,org.eclipse.pde.ui,IPluginContentWizard,performFinish,0,1,3
eclipse.pde.ui-20120217-1437,org.eclipse.pde.ui,IPluginFieldData,getClassname,0,1,0
eclipse.pde.ui-20120217-1437,org.eclipse.pde.ui,IPluginFieldData,isUIPlugin,0,1,0
eclipse.pde.ui-20120217-1437,org.eclipse.pde.ui,IPluginFieldData,doGenerateClass,0,1,0
eclipse.pde.ui-20120217-1437,org.eclipse.pde.ui,IProvisionerWizard,getLocations,0,1,0
eclipse.pde.ui-20120217-1437,org.eclipse.pde.ui.launcher,AbstractLaunchShortcut,launch,4,2,1
eclipse.pde.ui-20120217-1437,org.eclipse.pde.ui.launcher,AbstractLaunchShortcut,findLaunchConfiguration,14,3,1
eclipse.pde.ui-20120217-1437,org.eclipse.pde.ui.launcher,AbstractLaunchShortcut,getLaunchConfigurations,16,3,0
eclipse.pde.ui-20120217-1437,org.eclipse.pde.ui.launcher,AbstractLaunchShortcut,chooseConfiguration,16,2,2
eclipse.pde.ui-20120217-1437,org.eclipse.pde.ui.launcher,AbstractLaunchShortcut,createNewConfiguration,15,1,0
eclipse.pde.ui-20120217-1437,org.eclipse.pde.ui.launcher,AbstractLaunchShortcut,getName,3,1,1
eclipse.pde.ui-20120217-1437,org.eclipse.pde.ui.launcher,AbstractLaunchShortcut,initializeConfiguration,0,1,1
eclipse.pde.ui-20120217-1437,org.eclipse.pde.ui.launcher,AbstractLaunchShortcut,getLaunchConfigurationTypeName,0,1,0
eclipse.pde.ui-20120217-1437,org.eclipse.pde.ui.launcher,AbstractLaunchShortcut,isGoodMatch,0,1,1
eclipse.pde.ui-20120217-1437,org.eclipse.pde.ui.launcher,AbstractLauncherTab,createStartingSpace,6,1,2
eclipse.pde.ui-20120217-1437,org.eclipse.pde.ui.launcher,AbstractLauncherTab,isValid,3,1,1
eclipse.pde.ui-20120217-1437,org.eclipse.pde.ui.launcher,AbstractLauncherTab,activated,2,1,1
eclipse.pde.ui-20120217-1437,org.eclipse.pde.ui.launcher,AbstractLauncherTab,deactivated,2,1,1
eclipse.pde.ui-20120217-1437,org.eclipse.pde.ui.launcher,AbstractLauncherTab,updateLaunchConfigurationDialog,4,1,0
eclipse.pde.ui-20120217-1437,org.eclipse.pde.ui.launcher,AbstractLauncherTab,scheduleUpdateJob,3,1,0
eclipse.pde.ui-20120217-1437,org.eclipse.pde.ui.launcher,AbstractLauncherTab,validateTab,0,1,0
eclipse.pde.ui-20120217-1437,org.eclipse.pde.ui.launcher,AbstractPDELaunchConfigurationTabGroup,initializeFrom,19,3,1
eclipse.pde.ui-20120217-1437,org.eclipse.pde.ui.launcher,AbstractPDELaunchConfigurationTabGroup,run,12,3,0
eclipse.pde.ui-20120217-1437,org.eclipse.pde.ui.launcher,AbstractPDELaunchConfigurationTabGroup,checkBackwardCompatibility,25,6,1
eclipse.pde.ui-20120217-1437,org.eclipse.pde.ui.launcher,AbstractPDELaunchConfigurationTabGroup,setDefaults,11,5,1
eclipse.pde.ui-20120217-1437,org.eclipse.pde.ui.launcher,BundlesTab,BundlesTab,5,1,0
eclipse.pde.ui-20120217-1437,org.eclipse.pde.ui.launcher,BundlesTab,dispose,5,1,0
eclipse.pde.ui-20120217-1437,org.eclipse.pde.ui.launcher,BundlesTab,createControl,9,1,1
eclipse.pde.ui-20120217-1437,org.eclipse.pde.ui.launcher,BundlesTab,initializeFrom,17,2,1
eclipse.pde.ui-20120217-1437,org.eclipse.pde.ui.launcher,BundlesTab,setDefaults,3,1,1
eclipse.pde.ui-20120217-1437,org.eclipse.pde.ui.launcher,BundlesTab,performApply,4,1,1
eclipse.pde.ui-20120217-1437,org.eclipse.pde.ui.launcher,BundlesTab,getName,3,1,0
eclipse.pde.ui-20120217-1437,org.eclipse.pde.ui.launcher,BundlesTab,getImage,3,1,0
eclipse.pde.ui-20120217-1437,org.eclipse.pde.ui.launcher,BundlesTab,activated,2,1,1
eclipse.pde.ui-20120217-1437,org.eclipse.pde.ui.launcher,BundlesTab,validateTab,2,1,0
eclipse.pde.ui-20120217-1437,org.eclipse.pde.ui.launcher,BundlesTab,getId,3,1,0
eclipse.pde.ui-20120217-1437,org.eclipse.pde.ui.launcher,ConfigurationTab,ConfigurationTab,3,1,0
eclipse.pde.ui-20120217-1437,org.eclipse.pde.ui.launcher,ConfigurationTab,ConfigurationTab,7,1,1
eclipse.pde.ui-20120217-1437,org.eclipse.pde.ui.launcher,ConfigurationTab,createControl,11,1,1
eclipse.pde.ui-20120217-1437,org.eclipse.pde.ui.launcher,ConfigurationTab,setDefaults,5,1,1
eclipse.pde.ui-20120217-1437,org.eclipse.pde.ui.launcher,ConfigurationTab,initializeFrom,9,1,1
eclipse.pde.ui-20120217-1437,org.eclipse.pde.ui.launcher,ConfigurationTab,performApply,5,1,1
eclipse.pde.ui-20120217-1437,org.eclipse.pde.ui.launcher,ConfigurationTab,getName,3,1,0
eclipse.pde.ui-20120217-1437,org.eclipse.pde.ui.launcher,ConfigurationTab,getImage,3,1,0
eclipse.pde.ui-20120217-1437,org.eclipse.pde.ui.launcher,ConfigurationTab,dispose,3,2,0
eclipse.pde.ui-20120217-1437,org.eclipse.pde.ui.launcher,ConfigurationTab,validateTab,8,3,0
eclipse.pde.ui-20120217-1437,org.eclipse.pde.ui.launcher,ConfigurationTab,getId,3,1,0
eclipse.pde.ui-20120217-1437,org.eclipse.pde.ui.launcher,EclipseApplicationLaunchConfiguration,getProgramArguments,82,13,1
eclipse.pde.ui-20120217-1437,org.eclipse.pde.ui.launcher,EclipseApplicationLaunchConfiguration,validateFeatures,13,3,0
eclipse.pde.ui-20120217-1437,org.eclipse.pde.ui.launcher,EclipseApplicationLaunchConfiguration,getProductPath,3,1,0
eclipse.pde.ui-20120217-1437,org.eclipse.pde.ui.launcher,EclipseApplicationLaunchConfiguration,computeShowsplashArgument,5,1,0
eclipse.pde.ui-20120217-1437,org.eclipse.pde.ui.launcher,EclipseApplicationLaunchConfiguration,ensureProductFilesExist,10,4,1
eclipse.pde.ui-20120217-1437,org.eclipse.pde.ui.launcher,EclipseApplicationLaunchConfiguration,getConfigDir,19,4,1
eclipse.pde.ui-20120217-1437,org.eclipse.pde.ui.launcher,EclipseApplicationLaunchConfiguration,clear,7,4,2
eclipse.pde.ui-20120217-1437,org.eclipse.pde.ui.launcher,EclipseApplicationLaunchConfiguration,preLaunchCheck,12,2,3
eclipse.pde.ui-20120217-1437,org.eclipse.pde.ui.launcher,EclipseApplicationLaunchConfiguration,validateConfigIni,11,4,1
eclipse.pde.ui-20120217-1437,org.eclipse.pde.ui.launcher,EclipseApplicationLaunchConfiguration,getVMArguments,11,2,1
eclipse.pde.ui-20120217-1437,org.eclipse.pde.ui.launcher,EclipseLaunchShortcut,launch,5,1,2
eclipse.pde.ui-20120217-1437,org.eclipse.pde.ui.launcher,EclipseLaunchShortcut,launch,29,7,2
eclipse.pde.ui-20120217-1437,org.eclipse.pde.ui.launcher,EclipseLaunchShortcut,launch,17,5,2
eclipse.pde.ui-20120217-1437,org.eclipse.pde.ui.launcher,EclipseLaunchShortcut,findLaunchConfiguration,15,3,1
eclipse.pde.ui-20120217-1437,org.eclipse.pde.ui.launcher,EclipseLaunchShortcut,getAvailableApplications,17,5,0
eclipse.pde.ui-20120217-1437,org.eclipse.pde.ui.launcher,EclipseLaunchShortcut,getProduct,22,8,1
eclipse.pde.ui-20120217-1437,org.eclipse.pde.ui.launcher,EclipseLaunchShortcut,isGoodMatch,13,2,1
eclipse.pde.ui-20120217-1437,org.eclipse.pde.ui.launcher,EclipseLaunchShortcut,initializeConfiguration,33,6,1
eclipse.pde.ui-20120217-1437,org.eclipse.pde.ui.launcher,EclipseLaunchShortcut,initializeProgramArguments,4,2,1
eclipse.pde.ui-20120217-1437,org.eclipse.pde.ui.launcher,EclipseLaunchShortcut,initializeVMArguments,4,2,1
eclipse.pde.ui-20120217-1437,org.eclipse.pde.ui.launcher,EclipseLaunchShortcut,getLaunchConfigurationTypeName,3,1,0
eclipse.pde.ui-20120217-1437,org.eclipse.pde.ui.launcher,EclipseLaunchShortcut,getName,5,2,1
eclipse.pde.ui-20120217-1437,org.eclipse.pde.ui.launcher,EclipseLaunchShortcut,initializePluginsList,19,4,1
eclipse.pde.ui-20120217-1437,org.eclipse.pde.ui.launcher,EclipseLaunchShortcut,appendPlugin,6,2,2
eclipse.pde.ui-20120217-1437,org.eclipse.pde.ui.launcher,EclipseLauncherTabGroup,createTabs,5,1,2
eclipse.pde.ui-20120217-1437,org.eclipse.pde.ui.launcher,EclipseLauncherTabGroup,performApply,12,3,1
eclipse.pde.ui-20120217-1437,org.eclipse.pde.ui.launcher,EquinoxLaunchConfiguration,getProgramArguments,13,2,1
eclipse.pde.ui-20120217-1437,org.eclipse.pde.ui.launcher,EquinoxLaunchConfiguration,saveConfigurationFile,33,6,1
eclipse.pde.ui-20120217-1437,org.eclipse.pde.ui.launcher,EquinoxLaunchConfiguration,getBundles,16,5,1
eclipse.pde.ui-20120217-1437,org.eclipse.pde.ui.launcher,EquinoxLaunchConfiguration,appendStartData,14,6,3
eclipse.pde.ui-20120217-1437,org.eclipse.pde.ui.launcher,EquinoxLaunchConfiguration,preLaunchCheck,21,4,3
eclipse.pde.ui-20120217-1437,org.eclipse.pde.ui.launcher,EquinoxLaunchConfiguration,validatePluginDependencies,4,1,2
eclipse.pde.ui-20120217-1437,org.eclipse.pde.ui.launcher,EquinoxLaunchConfiguration,clear,3,2,2
eclipse.pde.ui-20120217-1437,org.eclipse.pde.ui.launcher,EquinoxPluginsTab,getDefaultStartLevel,3,1,0
eclipse.pde.ui-20120217-1437,org.eclipse.pde.ui.launcher,JUnitTabGroup,createTabs,5,1,2
eclipse.pde.ui-20120217-1437,org.eclipse.pde.ui.launcher,JUnitWorkbenchLaunchShortcut,getLaunchConfigurationTypeId,3,1,0
eclipse.pde.ui-20120217-1437,org.eclipse.pde.ui.launcher,JUnitWorkbenchLaunchShortcut,createLaunchConfiguration,35,8,1
eclipse.pde.ui-20120217-1437,org.eclipse.pde.ui.launcher,MainTab,MainTab,6,1,0
eclipse.pde.ui-20120217-1437,org.eclipse.pde.ui.launcher,MainTab,dispose,4,1,0
eclipse.pde.ui-20120217-1437,org.eclipse.pde.ui.launcher,MainTab,createControl,32,6,1
eclipse.pde.ui-20120217-1437,org.eclipse.pde.ui.launcher,MainTab,handleEvent,11,5,1
eclipse.pde.ui-20120217-1437,org.eclipse.pde.ui.launcher,MainTab,applyData,3,2,1
eclipse.pde.ui-20120217-1437,org.eclipse.pde.ui.launcher,MainTab,initializeFrom,12,1,1
eclipse.pde.ui-20120217-1437,org.eclipse.pde.ui.launcher,MainTab,setDefaults,5,1,1
eclipse.pde.ui-20120217-1437,org.eclipse.pde.ui.launcher,MainTab,performApply,5,1,1
eclipse.pde.ui-20120217-1437,org.eclipse.pde.ui.launcher,MainTab,getName,3,1,0
eclipse.pde.ui-20120217-1437,org.eclipse.pde.ui.launcher,MainTab,getImage,3,1,0
eclipse.pde.ui-20120217-1437,org.eclipse.pde.ui.launcher,MainTab,createWorkspaceDataBlock,3,1,0
eclipse.pde.ui-20120217-1437,org.eclipse.pde.ui.launcher,MainTab,createProgramBlock,3,1,0
eclipse.pde.ui-20120217-1437,org.eclipse.pde.ui.launcher,MainTab,createJREBlock,3,1,0
eclipse.pde.ui-20120217-1437,org.eclipse.pde.ui.launcher,MainTab,validateTab,5,2,0
eclipse.pde.ui-20120217-1437,org.eclipse.pde.ui.launcher,MainTab,getId,3,1,0
eclipse.pde.ui-20120217-1437,org.eclipse.pde.ui.launcher,OSGiLaunchShortcut,launch,3,1,2
eclipse.pde.ui-20120217-1437,org.eclipse.pde.ui.launcher,OSGiLaunchShortcut,launch,3,1,2
eclipse.pde.ui-20120217-1437,org.eclipse.pde.ui.launcher,OSGiLaunchShortcut,getLaunchConfigurationTypeName,3,1,0
eclipse.pde.ui-20120217-1437,org.eclipse.pde.ui.launcher,OSGiLaunchShortcut,initializeConfiguration,4,1,1
eclipse.pde.ui-20120217-1437,org.eclipse.pde.ui.launcher,OSGiLaunchShortcut,isGoodMatch,3,1,1
eclipse.pde.ui-20120217-1437,org.eclipse.pde.ui.launcher,OSGiLauncherTabGroup,createTabs,4,1,2
eclipse.pde.ui-20120217-1437,org.eclipse.pde.ui.launcher,OSGiLauncherTabGroup,setDefaults,5,1,1
eclipse.pde.ui-20120217-1437,org.eclipse.pde.ui.launcher,OSGiSettingsTab,OSGiSettingsTab,5,1,0
eclipse.pde.ui-20120217-1437,org.eclipse.pde.ui.launcher,OSGiSettingsTab,createControl,10,1,1
eclipse.pde.ui-20120217-1437,org.eclipse.pde.ui.launcher,OSGiSettingsTab,setDefaults,4,1,1
eclipse.pde.ui-20120217-1437,org.eclipse.pde.ui.launcher,OSGiSettingsTab,initializeFrom,10,1,1
eclipse.pde.ui-20120217-1437,org.eclipse.pde.ui.launcher,OSGiSettingsTab,performApply,4,1,1
eclipse.pde.ui-20120217-1437,org.eclipse.pde.ui.launcher,OSGiSettingsTab,getName,3,1,0
eclipse.pde.ui-20120217-1437,org.eclipse.pde.ui.launcher,OSGiSettingsTab,getImage,3,1,0
eclipse.pde.ui-20120217-1437,org.eclipse.pde.ui.launcher,OSGiSettingsTab,dispose,3,2,0
eclipse.pde.ui-20120217-1437,org.eclipse.pde.ui.launcher,OSGiSettingsTab,validateTab,2,1,0
eclipse.pde.ui-20120217-1437,org.eclipse.pde.ui.launcher,OSGiSettingsTab,updateLaunchConfigurationDialog,3,2,0
eclipse.pde.ui-20120217-1437,org.eclipse.pde.ui.launcher,OSGiSettingsTab,getId,3,1,0
eclipse.pde.ui-20120217-1437,org.eclipse.pde.ui.launcher,PluginJUnitMainTab,createProgramBlock,3,1,0
eclipse.pde.ui-20120217-1437,org.eclipse.pde.ui.launcher,PluginJUnitMainTab,initializeFrom,12,1,1
eclipse.pde.ui-20120217-1437,org.eclipse.pde.ui.launcher,PluginJUnitMainTab,setDefaults,5,1,1
eclipse.pde.ui-20120217-1437,org.eclipse.pde.ui.launcher,PluginJUnitMainTab,performApply,5,1,1
eclipse.pde.ui-20120217-1437,org.eclipse.pde.ui.launcher,PluginJUnitMainTab,getId,3,1,0
eclipse.pde.ui-20120217-1437,org.eclipse.pde.ui.launcher,PluginsTab,widgetSelected,11,1,1
eclipse.pde.ui-20120217-1437,org.eclipse.pde.ui.launcher,PluginsTab,modifyText,3,1,1
eclipse.pde.ui-20120217-1437,org.eclipse.pde.ui.launcher,PluginsTab,PluginsTab,5,1,0
eclipse.pde.ui-20120217-1437,org.eclipse.pde.ui.launcher,PluginsTab,PluginsTab,3,1,1
eclipse.pde.ui-20120217-1437,org.eclipse.pde.ui.launcher,PluginsTab,dispose,5,1,0
eclipse.pde.ui-20120217-1437,org.eclipse.pde.ui.launcher,PluginsTab,createControl,28,1,1
eclipse.pde.ui-20120217-1437,org.eclipse.pde.ui.launcher,PluginsTab,initializeFrom,25,4,1
eclipse.pde.ui-20120217-1437,org.eclipse.pde.ui.launcher,PluginsTab,setDefaults,6,1,1
eclipse.pde.ui-20120217-1437,org.eclipse.pde.ui.launcher,PluginsTab,performApply,20,3,1
eclipse.pde.ui-20120217-1437,org.eclipse.pde.ui.launcher,PluginsTab,getName,3,1,0
eclipse.pde.ui-20120217-1437,org.eclipse.pde.ui.launcher,PluginsTab,getImage,3,1,0
eclipse.pde.ui-20120217-1437,org.eclipse.pde.ui.launcher,PluginsTab,validateTab,4,1,0
eclipse.pde.ui-20120217-1437,org.eclipse.pde.ui.launcher,PluginsTab,getId,3,1,0
eclipse.pde.ui-20120217-1437,org.eclipse.pde.ui.launcher,Listener,widgetSelected,11,1,1
eclipse.pde.ui-20120217-1437,org.eclipse.pde.ui.launcher,Listener,modifyText,3,1,1
eclipse.pde.ui-20120217-1437,org.eclipse.pde.ui.launcher,TestTab,TestTab,3,1,0
eclipse.pde.ui-20120217-1437,org.eclipse.pde.ui.launcher,TestTab,createControl,6,1,1
eclipse.pde.ui-20120217-1437,org.eclipse.pde.ui.launcher,TestTab,createRunInUIThreadGroup,11,1,1
eclipse.pde.ui-20120217-1437,org.eclipse.pde.ui.launcher,TestTab,widgetSelected,3,1,1
eclipse.pde.ui-20120217-1437,org.eclipse.pde.ui.launcher,TestTab,createSpacer,4,1,1
eclipse.pde.ui-20120217-1437,org.eclipse.pde.ui.launcher,TestTab,initializeFrom,4,1,1
eclipse.pde.ui-20120217-1437,org.eclipse.pde.ui.launcher,TestTab,updateRunInUIThreadGroup,9,1,1
eclipse.pde.ui-20120217-1437,org.eclipse.pde.ui.launcher,TestTab,performApply,5,1,1
eclipse.pde.ui-20120217-1437,org.eclipse.pde.ui.launcher,TestTab,getId,3,1,0
eclipse.pde.ui-20120217-1437,org.eclipse.pde.ui.launcher,TestTab,activated,3,1,1
eclipse.pde.ui-20120217-1437,org.eclipse.pde.ui.launcher,TestTab,canSave,3,1,0
eclipse.pde.ui-20120217-1437,org.eclipse.pde.ui.launcher,TestTab,deactivated,3,1,1
eclipse.pde.ui-20120217-1437,org.eclipse.pde.ui.launcher,TestTab,dispose,3,1,0
eclipse.pde.ui-20120217-1437,org.eclipse.pde.ui.launcher,TestTab,getErrorMessage,3,1,0
eclipse.pde.ui-20120217-1437,org.eclipse.pde.ui.launcher,TestTab,getImage,3,1,0
eclipse.pde.ui-20120217-1437,org.eclipse.pde.ui.launcher,TestTab,getMessage,3,1,0
eclipse.pde.ui-20120217-1437,org.eclipse.pde.ui.launcher,TestTab,getName,3,1,0
eclipse.pde.ui-20120217-1437,org.eclipse.pde.ui.launcher,TestTab,isValid,3,1,1
eclipse.pde.ui-20120217-1437,org.eclipse.pde.ui.launcher,TestTab,setDefaults,3,1,1
eclipse.pde.ui-20120217-1437,org.eclipse.pde.ui.launcher,TestTab,setLaunchConfigurationDialog,4,1,1
eclipse.pde.ui-20120217-1437,org.eclipse.pde.ui.launcher,TestTab,getControl,3,1,0
eclipse.pde.ui-20120217-1437,org.eclipse.pde.ui.launcher,TestTab,getLaunchConfigurationDialog,3,1,0
eclipse.pde.ui-20120217-1437,org.eclipse.pde.ui.launcher,TracingTab,TracingTab,5,1,0
eclipse.pde.ui-20120217-1437,org.eclipse.pde.ui.launcher,TracingTab,createControl,8,1,1
eclipse.pde.ui-20120217-1437,org.eclipse.pde.ui.launcher,TracingTab,activated,3,1,1
eclipse.pde.ui-20120217-1437,org.eclipse.pde.ui.launcher,TracingTab,dispose,6,2,0
eclipse.pde.ui-20120217-1437,org.eclipse.pde.ui.launcher,TracingTab,initializeFrom,3,1,1
eclipse.pde.ui-20120217-1437,org.eclipse.pde.ui.launcher,TracingTab,performApply,3,1,1
eclipse.pde.ui-20120217-1437,org.eclipse.pde.ui.launcher,TracingTab,setDefaults,3,1,1
eclipse.pde.ui-20120217-1437,org.eclipse.pde.ui.launcher,TracingTab,getName,3,1,0
eclipse.pde.ui-20120217-1437,org.eclipse.pde.ui.launcher,TracingTab,getImage,3,1,0
eclipse.pde.ui-20120217-1437,org.eclipse.pde.ui.launcher,TracingTab,validateTab,2,1,0
eclipse.pde.ui-20120217-1437,org.eclipse.pde.ui.launcher,TracingTab,getId,3,1,0
eclipse.pde.ui-20120217-1437,org.eclipse.pde.ui.target,ITargetLocationEditor,canEdit,0,1,2
eclipse.pde.ui-20120217-1437,org.eclipse.pde.ui.target,ITargetLocationEditor,getEditWizard,0,1,2
eclipse.pde.ui-20120217-1437,org.eclipse.pde.ui.target,ITargetLocationUpdater,canUpdate,0,1,2
eclipse.pde.ui-20120217-1437,org.eclipse.pde.ui.target,ITargetLocationUpdater,update,0,1,3
eclipse.pde.ui-20120217-1437,org.eclipse.pde.ui.target,ITargetLocationWizard,setTarget,0,1,1
eclipse.pde.ui-20120217-1437,org.eclipse.pde.ui.target,ITargetLocationWizard,getLocations,0,1,0
eclipse.pde.ui-20120217-1437,org.eclipse.pde.ui.templates,AbstractChoiceOption,AbstractChoiceOption,4,1,4
eclipse.pde.ui-20120217-1437,org.eclipse.pde.ui.templates,AbstractChoiceOption,getChoice,3,1,0
eclipse.pde.ui-20120217-1437,org.eclipse.pde.ui.templates,AbstractChoiceOption,setValue,3,1,1
eclipse.pde.ui-20120217-1437,org.eclipse.pde.ui.templates,AbstractChoiceOption,setValue,6,2,2
eclipse.pde.ui-20120217-1437,org.eclipse.pde.ui.templates,AbstractChoiceOption,setOptionValue,0,1,1
eclipse.pde.ui-20120217-1437,org.eclipse.pde.ui.templates,AbstractChoiceOption,setEnabled,4,1,1
eclipse.pde.ui-20120217-1437,org.eclipse.pde.ui.templates,AbstractChoiceOption,setOptionEnabled,0,1,1
eclipse.pde.ui-20120217-1437,org.eclipse.pde.ui.templates,AbstractChoiceOption,fill,6,1,2
eclipse.pde.ui-20120217-1437,org.eclipse.pde.ui.templates,AbstractChoiceOption,createComposite,5,1,2
eclipse.pde.ui-20120217-1437,org.eclipse.pde.ui.templates,AbstractChoiceOption,selectChoice,5,1,1
eclipse.pde.ui-20120217-1437,org.eclipse.pde.ui.templates,AbstractChoiceOption,selectOptionChoice,0,1,1
eclipse.pde.ui-20120217-1437,org.eclipse.pde.ui.templates,AbstractChoiceOption,isBlocked,3,1,0
eclipse.pde.ui-20120217-1437,org.eclipse.pde.ui.templates,AbstractNewPluginTemplateWizard,AbstractNewPluginTemplateWizard,6,1,0
eclipse.pde.ui-20120217-1437,org.eclipse.pde.ui.templates,AbstractNewPluginTemplateWizard,init,4,1,1
eclipse.pde.ui-20120217-1437,org.eclipse.pde.ui.templates,AbstractNewPluginTemplateWizard,getData,3,1,0
eclipse.pde.ui-20120217-1437,org.eclipse.pde.ui.templates,AbstractNewPluginTemplateWizard,addAdditionalPages,0,1,0
eclipse.pde.ui-20120217-1437,org.eclipse.pde.ui.templates,AbstractNewPluginTemplateWizard,addPages,3,1,0
eclipse.pde.ui-20120217-1437,org.eclipse.pde.ui.templates,AbstractNewPluginTemplateWizard,performFinish,3,1,0
eclipse.pde.ui-20120217-1437,org.eclipse.pde.ui.templates,AbstractNewPluginTemplateWizard,performFinish,17,2,3
eclipse.pde.ui-20120217-1437,org.eclipse.pde.ui.templates,AbstractNewPluginTemplateWizard,getTemplateSections,0,1,0
eclipse.pde.ui-20120217-1437,org.eclipse.pde.ui.templates,AbstractNewPluginTemplateWizard,getDependencies,11,4,1
eclipse.pde.ui-20120217-1437,org.eclipse.pde.ui.templates,AbstractNewPluginTemplateWizard,getNewFiles,11,4,0
eclipse.pde.ui-20120217-1437,org.eclipse.pde.ui.templates,AbstractNewPluginTemplateWizard,hasPages,3,1,0
eclipse.pde.ui-20120217-1437,org.eclipse.pde.ui.templates,AbstractNewPluginTemplateWizard,getImportPackages,3,1,0
eclipse.pde.ui-20120217-1437,org.eclipse.pde.ui.templates,AbstractTemplateSection,getReplacementString,4,1,2
eclipse.pde.ui-20120217-1437,org.eclipse.pde.ui.templates,AbstractTemplateSection,getValue,3,1,1
eclipse.pde.ui-20120217-1437,org.eclipse.pde.ui.templates,AbstractTemplateSection,getKeyValue,32,9,1
eclipse.pde.ui-20120217-1437,org.eclipse.pde.ui.templates,AbstractTemplateSection,getTemplateLocation,3,1,0
eclipse.pde.ui-20120217-1437,org.eclipse.pde.ui.templates,AbstractTemplateSection,getDescription,3,1,0
eclipse.pde.ui-20120217-1437,org.eclipse.pde.ui.templates,AbstractTemplateSection,getPluginResourceString,10,2,1
eclipse.pde.ui-20120217-1437,org.eclipse.pde.ui.templates,AbstractTemplateSection,getPluginResourceBundle,0,1,0
eclipse.pde.ui-20120217-1437,org.eclipse.pde.ui.templates,AbstractTemplateSection,addPages,2,1,1
eclipse.pde.ui-20120217-1437,org.eclipse.pde.ui.templates,AbstractTemplateSection,getPagesAdded,3,1,0
eclipse.pde.ui-20120217-1437,org.eclipse.pde.ui.templates,AbstractTemplateSection,markPagesAdded,3,1,0
eclipse.pde.ui-20120217-1437,org.eclipse.pde.ui.templates,AbstractTemplateSection,getNumberOfWorkUnits,3,1,0
eclipse.pde.ui-20120217-1437,org.eclipse.pde.ui.templates,AbstractTemplateSection,getDependencies,3,1,1
eclipse.pde.ui-20120217-1437,org.eclipse.pde.ui.templates,AbstractTemplateSection,getSourceFolder,19,4,1
eclipse.pde.ui-20120217-1437,org.eclipse.pde.ui.templates,AbstractTemplateSection,generateFiles,3,1,1
eclipse.pde.ui-20120217-1437,org.eclipse.pde.ui.templates,AbstractTemplateSection,generateFiles,54,8,2
eclipse.pde.ui-20120217-1437,org.eclipse.pde.ui.templates,AbstractTemplateSection,isOkToCreateFolder,3,1,1
eclipse.pde.ui-20120217-1437,org.eclipse.pde.ui.templates,AbstractTemplateSection,isOkToCreateFile,3,1,1
eclipse.pde.ui-20120217-1437,org.eclipse.pde.ui.templates,AbstractTemplateSection,updateModel,0,1,1
eclipse.pde.ui-20120217-1437,org.eclipse.pde.ui.templates,AbstractTemplateSection,execute,6,1,3
eclipse.pde.ui-20120217-1437,org.eclipse.pde.ui.templates,AbstractTemplateSection,createExtension,14,4,2
eclipse.pde.ui-20120217-1437,org.eclipse.pde.ui.templates,AbstractTemplateSection,generateFiles,47,13,5
eclipse.pde.ui-20120217-1437,org.eclipse.pde.ui.templates,AbstractTemplateSection,generateFiles,68,17,6
eclipse.pde.ui-20120217-1437,org.eclipse.pde.ui.templates,AbstractTemplateSection,generateJavaSourceFolder,13,5,2
eclipse.pde.ui-20120217-1437,org.eclipse.pde.ui.templates,AbstractTemplateSection,copyFile,17,2,5
eclipse.pde.ui-20120217-1437,org.eclipse.pde.ui.templates,AbstractTemplateSection,getProcessedString,24,6,2
eclipse.pde.ui-20120217-1437,org.eclipse.pde.ui.templates,AbstractTemplateSection,getProcessedStream,74,14,3
eclipse.pde.ui-20120217-1437,org.eclipse.pde.ui.templates,AbstractTemplateSection,getTargetVersion,9,2,0
eclipse.pde.ui-20120217-1437,org.eclipse.pde.ui.templates,AbstractTemplateSection,setManifestHeader,6,2,2
eclipse.pde.ui-20120217-1437,org.eclipse.pde.ui.templates,AbstractTemplateSection,getManifestHeader,7,2,1
eclipse.pde.ui-20120217-1437,org.eclipse.pde.ui.templates,AbstractTemplateSection,hasBundleManifest,4,1,0
eclipse.pde.ui-20120217-1437,org.eclipse.pde.ui.templates,AbstractTemplateSection,getBundleFromModel,10,3,0
eclipse.pde.ui-20120217-1437,org.eclipse.pde.ui.templates,BaseOptionTemplateSection,addOption,5,1,4
eclipse.pde.ui-20120217-1437,org.eclipse.pde.ui.templates,BaseOptionTemplateSection,addOption,5,1,4
eclipse.pde.ui-20120217-1437,org.eclipse.pde.ui.templates,BaseOptionTemplateSection,addOption,7,2,5
eclipse.pde.ui-20120217-1437,org.eclipse.pde.ui.templates,BaseOptionTemplateSection,addComboChoiceOption,5,1,5
eclipse.pde.ui-20120217-1437,org.eclipse.pde.ui.templates,BaseOptionTemplateSection,addBlankField,5,1,1
eclipse.pde.ui-20120217-1437,org.eclipse.pde.ui.templates,BaseOptionTemplateSection,addBlankField,5,1,2
eclipse.pde.ui-20120217-1437,org.eclipse.pde.ui.templates,BaseOptionTemplateSection,initializeOption,6,3,2
eclipse.pde.ui-20120217-1437,org.eclipse.pde.ui.templates,BaseOptionTemplateSection,getStringOption,18,6,1
eclipse.pde.ui-20120217-1437,org.eclipse.pde.ui.templates,BaseOptionTemplateSection,getBooleanOption,7,2,1
eclipse.pde.ui-20120217-1437,org.eclipse.pde.ui.templates,BaseOptionTemplateSection,setOptionEnabled,4,2,2
eclipse.pde.ui-20120217-1437,org.eclipse.pde.ui.templates,BaseOptionTemplateSection,getValue,5,2,1
eclipse.pde.ui-20120217-1437,org.eclipse.pde.ui.templates,BaseOptionTemplateSection,isDependentOnParentWizard,3,1,0
eclipse.pde.ui-20120217-1437,org.eclipse.pde.ui.templates,BaseOptionTemplateSection,initializeFields,2,1,1
eclipse.pde.ui-20120217-1437,org.eclipse.pde.ui.templates,BaseOptionTemplateSection,initializeFields,2,1,1
eclipse.pde.ui-20120217-1437,org.eclipse.pde.ui.templates,BaseOptionTemplateSection,validateOptions,0,1,1
eclipse.pde.ui-20120217-1437,org.eclipse.pde.ui.templates,BaseOptionTemplateSection,getReplacementString,5,2,2
eclipse.pde.ui-20120217-1437,org.eclipse.pde.ui.templates,BaseOptionTemplateSection,execute,4,1,3
eclipse.pde.ui-20120217-1437,org.eclipse.pde.ui.templates,BaseOptionTemplateSection,registerOption,4,1,3
eclipse.pde.ui-20120217-1437,org.eclipse.pde.ui.templates,BaseOptionTemplateSection,getOption,3,1,1
eclipse.pde.ui-20120217-1437,org.eclipse.pde.ui.templates,BlankField,getUniqueName,3,1,0
eclipse.pde.ui-20120217-1437,org.eclipse.pde.ui.templates,BlankField,BlankField,4,1,1
eclipse.pde.ui-20120217-1437,org.eclipse.pde.ui.templates,BlankField,BlankField,4,1,2
eclipse.pde.ui-20120217-1437,org.eclipse.pde.ui.templates,BlankField,createControl,7,1,2
eclipse.pde.ui-20120217-1437,org.eclipse.pde.ui.templates,BooleanOption,BooleanOption,3,1,3
eclipse.pde.ui-20120217-1437,org.eclipse.pde.ui.templates,BooleanOption,isSelected,3,1,0
eclipse.pde.ui-20120217-1437,org.eclipse.pde.ui.templates,BooleanOption,setSelected,3,1,1
eclipse.pde.ui-20120217-1437,org.eclipse.pde.ui.templates,BooleanOption,setValue,4,2,1
eclipse.pde.ui-20120217-1437,org.eclipse.pde.ui.templates,BooleanOption,createControl,16,1,2
eclipse.pde.ui-20120217-1437,org.eclipse.pde.ui.templates,BooleanOption,widgetSelected,4,1,1
eclipse.pde.ui-20120217-1437,org.eclipse.pde.ui.templates,BooleanOption,setEnabled,4,2,1
eclipse.pde.ui-20120217-1437,org.eclipse.pde.ui.templates,ChoiceOption,ChoiceOption,4,1,4
eclipse.pde.ui-20120217-1437,org.eclipse.pde.ui.templates,ChoiceOption,createControl,30,5,2
eclipse.pde.ui-20120217-1437,org.eclipse.pde.ui.templates,ChoiceOption,widgetSelected,8,3,1
eclipse.pde.ui-20120217-1437,org.eclipse.pde.ui.templates,ChoiceOption,getChoice,3,1,0
eclipse.pde.ui-20120217-1437,org.eclipse.pde.ui.templates,ChoiceOption,setValue,6,2,1
eclipse.pde.ui-20120217-1437,org.eclipse.pde.ui.templates,ChoiceOption,setEnabled,9,3,1
eclipse.pde.ui-20120217-1437,org.eclipse.pde.ui.templates,ChoiceOption,fill,6,1,2
eclipse.pde.ui-20120217-1437,org.eclipse.pde.ui.templates,ChoiceOption,createComposite,5,1,2
eclipse.pde.ui-20120217-1437,org.eclipse.pde.ui.templates,ChoiceOption,createRadioButton,8,1,3
eclipse.pde.ui-20120217-1437,org.eclipse.pde.ui.templates,ChoiceOption,selectChoice,14,3,1
eclipse.pde.ui-20120217-1437,org.eclipse.pde.ui.templates,ComboChoiceOption,ComboChoiceOption,3,1,4
eclipse.pde.ui-20120217-1437,org.eclipse.pde.ui.templates,ComboChoiceOption,createControl,24,5,2
eclipse.pde.ui-20120217-1437,org.eclipse.pde.ui.templates,ComboChoiceOption,widgetSelected,8,3,1
eclipse.pde.ui-20120217-1437,org.eclipse.pde.ui.templates,ComboChoiceOption,setOptionValue,5,2,1
eclipse.pde.ui-20120217-1437,org.eclipse.pde.ui.templates,ComboChoiceOption,setOptionEnabled,6,2,1
eclipse.pde.ui-20120217-1437,org.eclipse.pde.ui.templates,ComboChoiceOption,selectOptionChoice,10,2,1
eclipse.pde.ui-20120217-1437,org.eclipse.pde.ui.templates,ComboChoiceOption,getIndexOfChoice,13,4,1
eclipse.pde.ui-20120217-1437,org.eclipse.pde.ui.templates,ITemplateSection,getTemplateLocation,0,1,0
eclipse.pde.ui-20120217-1437,org.eclipse.pde.ui.templates,ITemplateSection,getLabel,0,1,0
eclipse.pde.ui-20120217-1437,org.eclipse.pde.ui.templates,ITemplateSection,getDescription,0,1,0
eclipse.pde.ui-20120217-1437,org.eclipse.pde.ui.templates,ITemplateSection,getReplacementString,0,1,2
eclipse.pde.ui-20120217-1437,org.eclipse.pde.ui.templates,ITemplateSection,addPages,0,1,1
eclipse.pde.ui-20120217-1437,org.eclipse.pde.ui.templates,ITemplateSection,getPage,0,1,1
eclipse.pde.ui-20120217-1437,org.eclipse.pde.ui.templates,ITemplateSection,getPageCount,0,1,0
eclipse.pde.ui-20120217-1437,org.eclipse.pde.ui.templates,ITemplateSection,getPagesAdded,0,1,0
eclipse.pde.ui-20120217-1437,org.eclipse.pde.ui.templates,ITemplateSection,getNumberOfWorkUnits,0,1,0
eclipse.pde.ui-20120217-1437,org.eclipse.pde.ui.templates,ITemplateSection,getDependencies,0,1,1
eclipse.pde.ui-20120217-1437,org.eclipse.pde.ui.templates,ITemplateSection,getUsedExtensionPoint,0,1,0
eclipse.pde.ui-20120217-1437,org.eclipse.pde.ui.templates,ITemplateSection,execute,0,1,3
eclipse.pde.ui-20120217-1437,org.eclipse.pde.ui.templates,ITemplateSection,getNewFiles,0,1,0
eclipse.pde.ui-20120217-1437,org.eclipse.pde.ui.templates,IVariableProvider,getValue,0,1,1
eclipse.pde.ui-20120217-1437,org.eclipse.pde.ui.templates,NewPluginProjectFromTemplateWizard,NewPluginProjectFromTemplateWizard,7,1,0
eclipse.pde.ui-20120217-1437,org.eclipse.pde.ui.templates,NewPluginProjectFromTemplateWizard,getTemplateID,0,1,0
eclipse.pde.ui-20120217-1437,org.eclipse.pde.ui.templates,NewPluginProjectFromTemplateWizard,addPages,39,4,0
eclipse.pde.ui-20120217-1437,org.eclipse.pde.ui.templates,NewPluginProjectFromTemplateWizard,getProjectName,3,1,0
eclipse.pde.ui-20120217-1437,org.eclipse.pde.ui.templates,NewPluginProjectFromTemplateWizard,getProject,3,1,0
eclipse.pde.ui-20120217-1437,org.eclipse.pde.ui.templates,NewPluginProjectFromTemplateWizard,getLocationPath,3,1,0
eclipse.pde.ui-20120217-1437,org.eclipse.pde.ui.templates,NewPluginProjectFromTemplateWizard,canFinish,8,3,0
eclipse.pde.ui-20120217-1437,org.eclipse.pde.ui.templates,NewPluginProjectFromTemplateWizard,performFinish,22,3,0
eclipse.pde.ui-20120217-1437,org.eclipse.pde.ui.templates,NewPluginProjectFromTemplateWizard,setInitializationData,3,1,3
eclipse.pde.ui-20120217-1437,org.eclipse.pde.ui.templates,NewPluginProjectFromTemplateWizard,getTemplateWizard,23,7,0
eclipse.pde.ui-20120217-1437,org.eclipse.pde.ui.templates,NewPluginTemplateWizard,NewPluginTemplateWizard,3,1,0
eclipse.pde.ui-20120217-1437,org.eclipse.pde.ui.templates,NewPluginTemplateWizard,createTemplateSections,0,1,0
eclipse.pde.ui-20120217-1437,org.eclipse.pde.ui.templates,NewPluginTemplateWizard,getTemplateSections,3,1,0
eclipse.pde.ui-20120217-1437,org.eclipse.pde.ui.templates,NewPluginTemplateWizard,addAdditionalPages,5,2,0
eclipse.pde.ui-20120217-1437,org.eclipse.pde.ui.templates,OptionTemplateSection,TemplatePage,3,1,0
eclipse.pde.ui-20120217-1437,org.eclipse.pde.ui.templates,OptionTemplateSection,OptionTemplateSection,2,1,0
eclipse.pde.ui-20120217-1437,org.eclipse.pde.ui.templates,OptionTemplateSection,getSectionId,0,1,0
eclipse.pde.ui-20120217-1437,org.eclipse.pde.ui.templates,OptionTemplateSection,getTemplateDirectory,5,2,0
eclipse.pde.ui-20120217-1437,org.eclipse.pde.ui.templates,OptionTemplateSection,getInstallURL,0,1,0
eclipse.pde.ui-20120217-1437,org.eclipse.pde.ui.templates,OptionTemplateSection,getTemplateLocation,10,1,0
eclipse.pde.ui-20120217-1437,org.eclipse.pde.ui.templates,OptionTemplateSection,getPage,5,2,1
eclipse.pde.ui-20120217-1437,org.eclipse.pde.ui.templates,OptionTemplateSection,createPage,6,2,1
eclipse.pde.ui-20120217-1437,org.eclipse.pde.ui.templates,OptionTemplateSection,createPage,6,2,2
eclipse.pde.ui-20120217-1437,org.eclipse.pde.ui.templates,OptionTemplateSection,getPageCount,3,1,0
eclipse.pde.ui-20120217-1437,org.eclipse.pde.ui.templates,OptionTemplateSection,setPageCount,6,2,1
eclipse.pde.ui-20120217-1437,org.eclipse.pde.ui.templates,OptionTemplateSection,getOptions,5,2,1
eclipse.pde.ui-20120217-1437,org.eclipse.pde.ui.templates,OptionTemplateSection,getOptions,7,3,1
eclipse.pde.ui-20120217-1437,org.eclipse.pde.ui.templates,OptionTemplateSection,getPageIndex,7,3,1
eclipse.pde.ui-20120217-1437,org.eclipse.pde.ui.templates,OptionTemplateSection,getLabel,4,1,0
eclipse.pde.ui-20120217-1437,org.eclipse.pde.ui.templates,OptionTemplateSection,getDescription,4,1,0
eclipse.pde.ui-20120217-1437,org.eclipse.pde.ui.templates,OptionTemplateSection,flagMissingRequiredOption,16,4,1
eclipse.pde.ui-20120217-1437,org.eclipse.pde.ui.templates,OptionTemplateSection,resetPageState,8,2,0
eclipse.pde.ui-20120217-1437,org.eclipse.pde.ui.templates,OptionTemplateSection,registerOption,7,2,3
eclipse.pde.ui-20120217-1437,org.eclipse.pde.ui.templates,OptionTemplateSection,validateOptions,6,2,1
eclipse.pde.ui-20120217-1437,org.eclipse.pde.ui.templates,OptionTemplateSection,validateContainerPage,11,3,1
eclipse.pde.ui-20120217-1437,org.eclipse.pde.ui.templates,TemplatePage,TemplatePage,3,1,0
eclipse.pde.ui-20120217-1437,org.eclipse.pde.ui.templates,OptionTemplateWizardPage,OptionTemplateWizardPage,6,1,3
eclipse.pde.ui-20120217-1437,org.eclipse.pde.ui.templates,OptionTemplateWizardPage,createControl,15,3,1
eclipse.pde.ui-20120217-1437,org.eclipse.pde.ui.templates,OptionTemplateWizardPage,setVisible,10,3,1
eclipse.pde.ui-20120217-1437,org.eclipse.pde.ui.templates,PluginReference,PluginReference,5,1,3
eclipse.pde.ui-20120217-1437,org.eclipse.pde.ui.templates,PluginReference,equals,10,5,1
eclipse.pde.ui-20120217-1437,org.eclipse.pde.ui.templates,PluginReference,getMatch,3,1,0
eclipse.pde.ui-20120217-1437,org.eclipse.pde.ui.templates,PluginReference,getVersion,3,1,0
eclipse.pde.ui-20120217-1437,org.eclipse.pde.ui.templates,PluginReference,setMatch,3,1,1
eclipse.pde.ui-20120217-1437,org.eclipse.pde.ui.templates,PluginReference,setVersion,3,1,1
eclipse.pde.ui-20120217-1437,org.eclipse.pde.ui.templates,PluginReference,getId,3,1,0
eclipse.pde.ui-20120217-1437,org.eclipse.pde.ui.templates,PluginReference,setId,3,1,1
eclipse.pde.ui-20120217-1437,org.eclipse.pde.ui.templates,RadioChoiceOption,RadioChoiceOption,4,1,4
eclipse.pde.ui-20120217-1437,org.eclipse.pde.ui.templates,RadioChoiceOption,createRadioButton,8,1,3
eclipse.pde.ui-20120217-1437,org.eclipse.pde.ui.templates,RadioChoiceOption,createControl,29,5,2
eclipse.pde.ui-20120217-1437,org.eclipse.pde.ui.templates,RadioChoiceOption,widgetSelected,8,3,1
eclipse.pde.ui-20120217-1437,org.eclipse.pde.ui.templates,RadioChoiceOption,setOptionValue,5,2,1
eclipse.pde.ui-20120217-1437,org.eclipse.pde.ui.templates,RadioChoiceOption,setOptionEnabled,8,3,1
eclipse.pde.ui-20120217-1437,org.eclipse.pde.ui.templates,RadioChoiceOption,selectOptionChoice,12,3,1
eclipse.pde.ui-20120217-1437,org.eclipse.pde.ui.templates,StringOption,StringOption,5,1,3
eclipse.pde.ui-20120217-1437,org.eclipse.pde.ui.templates,StringOption,setReadOnly,8,2,1
eclipse.pde.ui-20120217-1437,org.eclipse.pde.ui.templates,StringOption,getText,4,2,0
eclipse.pde.ui-20120217-1437,org.eclipse.pde.ui.templates,StringOption,setText,3,1,1
eclipse.pde.ui-20120217-1437,org.eclipse.pde.ui.templates,StringOption,setValue,9,2,1
eclipse.pde.ui-20120217-1437,org.eclipse.pde.ui.templates,StringOption,createControl,18,3,2
eclipse.pde.ui-20120217-1437,org.eclipse.pde.ui.templates,StringOption,modifyText,5,2,1
eclipse.pde.ui-20120217-1437,org.eclipse.pde.ui.templates,StringOption,isEmpty,3,1,0
eclipse.pde.ui-20120217-1437,org.eclipse.pde.ui.templates,StringOption,setEnabled,7,2,1
eclipse.pde.ui-20120217-1437,org.eclipse.pde.ui.templates,TemplateField,TemplateField,4,1,2
eclipse.pde.ui-20120217-1437,org.eclipse.pde.ui.templates,TemplateField,getLabel,3,1,0
eclipse.pde.ui-20120217-1437,org.eclipse.pde.ui.templates,TemplateField,setLabel,3,1,1
eclipse.pde.ui-20120217-1437,org.eclipse.pde.ui.templates,TemplateField,getSection,3,1,0
eclipse.pde.ui-20120217-1437,org.eclipse.pde.ui.templates,TemplateField,createLabel,5,1,2
eclipse.pde.ui-20120217-1437,org.eclipse.pde.ui.templates,TemplateField,createControl,0,1,2
eclipse.pde.ui-20120217-1437,org.eclipse.pde.ui.templates,TemplateOption,TemplateOption,4,1,3
eclipse.pde.ui-20120217-1437,org.eclipse.pde.ui.templates,TemplateOption,getName,3,1,0
eclipse.pde.ui-20120217-1437,org.eclipse.pde.ui.templates,TemplateOption,setName,3,1,1
eclipse.pde.ui-20120217-1437,org.eclipse.pde.ui.templates,TemplateOption,getValue,3,1,0
eclipse.pde.ui-20120217-1437,org.eclipse.pde.ui.templates,TemplateOption,isEmpty,3,1,0
eclipse.pde.ui-20120217-1437,org.eclipse.pde.ui.templates,TemplateOption,setRequired,3,1,1
eclipse.pde.ui-20120217-1437,org.eclipse.pde.ui.templates,TemplateOption,isRequired,3,1,0
eclipse.pde.ui-20120217-1437,org.eclipse.pde.ui.templates,TemplateOption,setValue,3,1,1
eclipse.pde.ui-20120217-1437,org.eclipse.pde.ui.templates,TemplateOption,isEnabled,3,1,0
eclipse.pde.ui-20120217-1437,org.eclipse.pde.ui.templates,TemplateOption,setEnabled,3,1,1
eclipse.pde.ui-20120217-1437,org.eclipse.pde.ui.templates,TemplateOption,getMessageLabel,15,5,0
eclipse.pde.ui-20120217-1437,org.eclipse.pde.internal.ui.samples,ProjectNamesPage,ProjectNamesPage,6,1,1
eclipse.pde.ui-20120217-1437,org.eclipse.pde.internal.ui.samples,ProjectNamesPage,setVisible,5,2,1
eclipse.pde.ui-20120217-1437,org.eclipse.pde.internal.ui.samples,ProjectNamesPage,updateEntries,31,6,0
eclipse.pde.ui-20120217-1437,org.eclipse.pde.internal.ui.samples,ProjectNamesPage,getProjectNames,12,3,0
eclipse.pde.ui-20120217-1437,org.eclipse.pde.internal.ui.samples,ProjectNamesPage,createEntry,14,1,2
eclipse.pde.ui-20120217-1437,org.eclipse.pde.internal.ui.samples,ProjectNamesPage,modifyText,3,1,1
eclipse.pde.ui-20120217-1437,org.eclipse.pde.internal.ui.samples,ProjectNamesPage,validateEntries,37,7,0
eclipse.pde.ui-20120217-1437,org.eclipse.pde.internal.ui.samples,ProjectNamesPage,createControl,9,1,1
eclipse.pde.ui-20120217-1437,org.eclipse.pde.internal.ui.samples,ReviewPage,ReviewPage,6,1,1
eclipse.pde.ui-20120217-1437,org.eclipse.pde.internal.ui.samples,ReviewPage,setVisible,5,2,1
eclipse.pde.ui-20120217-1437,org.eclipse.pde.internal.ui.samples,ReviewPage,updateContent,16,3,0
eclipse.pde.ui-20120217-1437,org.eclipse.pde.internal.ui.samples,ReviewPage,createControl,17,1,1
eclipse.pde.ui-20120217-1437,org.eclipse.pde.internal.ui.samples,SampleEditor,resourceChanged,11,2,1
eclipse.pde.ui-20120217-1437,org.eclipse.pde.internal.ui.samples,SampleEditor,visit,11,4,1
eclipse.pde.ui-20120217-1437,org.eclipse.pde.internal.ui.samples,SampleEditor,SampleEditor,4,1,0
eclipse.pde.ui-20120217-1437,org.eclipse.pde.internal.ui.samples,SampleEditor,createPartControl,53,5,1
eclipse.pde.ui-20120217-1437,org.eclipse.pde.internal.ui.samples,SampleEditor,linkActivated,3,1,1
eclipse.pde.ui-20120217-1437,org.eclipse.pde.internal.ui.samples,SampleEditor,linkActivated,12,4,1
eclipse.pde.ui-20120217-1437,org.eclipse.pde.internal.ui.samples,SampleEditor,doRun,15,2,3
eclipse.pde.ui-20120217-1437,org.eclipse.pde.internal.ui.samples,SampleEditor,run,3,1,0
eclipse.pde.ui-20120217-1437,org.eclipse.pde.internal.ui.samples,SampleEditor,loadContent,17,1,0
eclipse.pde.ui-20120217-1437,org.eclipse.pde.internal.ui.samples,SampleEditor,dispose,9,2,0
eclipse.pde.ui-20120217-1437,org.eclipse.pde.internal.ui.samples,SampleEditor,setFocus,3,1,0
eclipse.pde.ui-20120217-1437,org.eclipse.pde.internal.ui.samples,SampleEditor,doSave,2,1,1
eclipse.pde.ui-20120217-1437,org.eclipse.pde.internal.ui.samples,SampleEditor,doSaveAs,2,1,0
eclipse.pde.ui-20120217-1437,org.eclipse.pde.internal.ui.samples,SampleEditor,isDirty,3,1,0
eclipse.pde.ui-20120217-1437,org.eclipse.pde.internal.ui.samples,SampleEditor,isSaveAsAllowed,3,1,0
eclipse.pde.ui-20120217-1437,org.eclipse.pde.internal.ui.samples,SampleEditor,init,6,1,2
eclipse.pde.ui-20120217-1437,org.eclipse.pde.internal.ui.samples,SampleEditor,close,11,2,0
eclipse.pde.ui-20120217-1437,org.eclipse.pde.internal.ui.samples,SampleEditor,run,5,2,0
eclipse.pde.ui-20120217-1437,org.eclipse.pde.internal.ui.samples,InputFileListener,resourceChanged,11,2,1
eclipse.pde.ui-20120217-1437,org.eclipse.pde.internal.ui.samples,InputFileListener,visit,11,4,1
eclipse.pde.ui-20120217-1437,org.eclipse.pde.internal.ui.samples,SampleOperation,SampleOperation,5,1,3
eclipse.pde.ui-20120217-1437,org.eclipse.pde.internal.ui.samples,SampleOperation,getSampleManifest,3,1,0
eclipse.pde.ui-20120217-1437,org.eclipse.pde.internal.ui.samples,SampleOperation,getCreatedProjects,3,1,0
eclipse.pde.ui-20120217-1437,org.eclipse.pde.internal.ui.samples,SampleOperation,run,38,5,1
eclipse.pde.ui-20120217-1437,org.eclipse.pde.internal.ui.samples,SampleOperation,run,21,5,1
eclipse.pde.ui-20120217-1437,org.eclipse.pde.internal.ui.samples,SampleOperation,throwCoreException,5,1,1
eclipse.pde.ui-20120217-1437,org.eclipse.pde.internal.ui.samples,SampleOperation,importProject,43,10,3
eclipse.pde.ui-20120217-1437,org.eclipse.pde.internal.ui.samples,SampleOperation,createSampleManifest,22,2,3
eclipse.pde.ui-20120217-1437,org.eclipse.pde.internal.ui.samples,SampleOperation,createSampleManifestContent,11,2,2
eclipse.pde.ui-20120217-1437,org.eclipse.pde.internal.ui.samples,SampleOperation,writeProperty,4,2,3
eclipse.pde.ui-20120217-1437,org.eclipse.pde.internal.ui.samples,SampleOperation,getZipFileFromPluginDir,11,1,2
eclipse.pde.ui-20120217-1437,org.eclipse.pde.internal.ui.samples,SampleOperation,importFilesFromZip,5,1,3
eclipse.pde.ui-20120217-1437,org.eclipse.pde.internal.ui.samples,SampleStandbyContent,SampleStandbyContent,4,1,0
eclipse.pde.ui-20120217-1437,org.eclipse.pde.internal.ui.samples,SampleStandbyContent,createPartControl,46,6,2
eclipse.pde.ui-20120217-1437,org.eclipse.pde.internal.ui.samples,SampleStandbyContent,linkActivated,3,2,1
eclipse.pde.ui-20120217-1437,org.eclipse.pde.internal.ui.samples,SampleStandbyContent,linkActivated,15,5,1
eclipse.pde.ui-20120217-1437,org.eclipse.pde.internal.ui.samples,SampleStandbyContent,doRun,15,2,3
eclipse.pde.ui-20120217-1437,org.eclipse.pde.internal.ui.samples,SampleStandbyContent,run,3,1,0
eclipse.pde.ui-20120217-1437,org.eclipse.pde.internal.ui.samples,SampleStandbyContent,doBrowse,34,9,0
eclipse.pde.ui-20120217-1437,org.eclipse.pde.internal.ui.samples,SampleStandbyContent,findTarget,7,3,0
eclipse.pde.ui-20120217-1437,org.eclipse.pde.internal.ui.samples,SampleStandbyContent,findSelectReveal,12,5,2
eclipse.pde.ui-20120217-1437,org.eclipse.pde.internal.ui.samples,SampleStandbyContent,getControl,3,1,0
eclipse.pde.ui-20120217-1437,org.eclipse.pde.internal.ui.samples,SampleStandbyContent,init,2,1,1
eclipse.pde.ui-20120217-1437,org.eclipse.pde.internal.ui.samples,SampleStandbyContent,setInput,14,4,1
eclipse.pde.ui-20120217-1437,org.eclipse.pde.internal.ui.samples,SampleStandbyContent,update,27,4,1
eclipse.pde.ui-20120217-1437,org.eclipse.pde.internal.ui.samples,SampleStandbyContent,setFocus,3,1,0
eclipse.pde.ui-20120217-1437,org.eclipse.pde.internal.ui.samples,SampleStandbyContent,dispose,3,1,0
eclipse.pde.ui-20120217-1437,org.eclipse.pde.internal.ui.samples,SampleStandbyContent,init,3,1,2
eclipse.pde.ui-20120217-1437,org.eclipse.pde.internal.ui.samples,SampleStandbyContent,getCachedInput,4,2,1
eclipse.pde.ui-20120217-1437,org.eclipse.pde.internal.ui.samples,SampleStandbyContent,saveState,4,2,1
eclipse.pde.ui-20120217-1437,org.eclipse.pde.internal.ui.samples,SampleWizard,queryOverwrite,5,1,1
eclipse.pde.ui-20120217-1437,org.eclipse.pde.internal.ui.samples,SampleWizard,openDialog,14,1,1
eclipse.pde.ui-20120217-1437,org.eclipse.pde.internal.ui.samples,SampleWizard,run,7,1,0
eclipse.pde.ui-20120217-1437,org.eclipse.pde.internal.ui.samples,SampleWizard,SampleWizard,9,1,0
eclipse.pde.ui-20120217-1437,org.eclipse.pde.internal.ui.samples,SampleWizard,dispose,4,1,0
eclipse.pde.ui-20120217-1437,org.eclipse.pde.internal.ui.samples,SampleWizard,getSamples,3,1,0
eclipse.pde.ui-20120217-1437,org.eclipse.pde.internal.ui.samples,SampleWizard,addPages,7,2,0
eclipse.pde.ui-20120217-1437,org.eclipse.pde.internal.ui.samples,SampleWizard,performFinish,32,5,0
eclipse.pde.ui-20120217-1437,org.eclipse.pde.internal.ui.samples,SampleWizard,selectReveal,2,1,1
eclipse.pde.ui-20120217-1437,org.eclipse.pde.internal.ui.samples,SampleWizard,enableActivities,14,3,0
eclipse.pde.ui-20120217-1437,org.eclipse.pde.internal.ui.samples,SampleWizard,setInitializationData,13,4,3
eclipse.pde.ui-20120217-1437,org.eclipse.pde.internal.ui.samples,SampleWizard,init,2,1,2
eclipse.pde.ui-20120217-1437,org.eclipse.pde.internal.ui.samples,SampleWizard,getSelection,3,1,0
eclipse.pde.ui-20120217-1437,org.eclipse.pde.internal.ui.samples,SampleWizard,setSelection,3,1,1
eclipse.pde.ui-20120217-1437,org.eclipse.pde.internal.ui.samples,SampleWizard,isSampleEditorNeeded,3,1,0
eclipse.pde.ui-20120217-1437,org.eclipse.pde.internal.ui.samples,SampleWizard,setSampleEditorNeeded,3,1,1
eclipse.pde.ui-20120217-1437,org.eclipse.pde.internal.ui.samples,SampleWizard,isSwitchPerspective,3,1,0
eclipse.pde.ui-20120217-1437,org.eclipse.pde.internal.ui.samples,SampleWizard,setSwitchPerspective,3,1,1
eclipse.pde.ui-20120217-1437,org.eclipse.pde.internal.ui.samples,SampleWizard,isSelectRevealEnabled,3,1,0
eclipse.pde.ui-20120217-1437,org.eclipse.pde.internal.ui.samples,SampleWizard,setSelectRevealEnabled,3,1,1
eclipse.pde.ui-20120217-1437,org.eclipse.pde.internal.ui.samples,SampleWizard,getActivitiesEnabled,3,1,0
eclipse.pde.ui-20120217-1437,org.eclipse.pde.internal.ui.samples,SampleWizard,setActivitiesEnabled,3,1,1
eclipse.pde.ui-20120217-1437,org.eclipse.pde.internal.ui.samples,ImportOverwriteQuery,queryOverwrite,5,1,1
eclipse.pde.ui-20120217-1437,org.eclipse.pde.internal.ui.samples,ImportOverwriteQuery,openDialog,14,1,1
eclipse.pde.ui-20120217-1437,org.eclipse.pde.internal.ui.samples,ImportOverwriteQuery,run,7,1,0
eclipse.pde.ui-20120217-1437,org.eclipse.pde.internal.ui.samples,SelectionPage,SelectionPart,3,1,0
eclipse.pde.ui-20120217-1437,org.eclipse.pde.internal.ui.samples,SelectionPage,buttonSelected,3,2,2
eclipse.pde.ui-20120217-1437,org.eclipse.pde.internal.ui.samples,SelectionPage,selectionChanged,3,1,1
eclipse.pde.ui-20120217-1437,org.eclipse.pde.internal.ui.samples,SelectionPage,handleDoubleClick,2,1,1
eclipse.pde.ui-20120217-1437,org.eclipse.pde.internal.ui.samples,SelectionPage,getElements,3,1,1
eclipse.pde.ui-20120217-1437,org.eclipse.pde.internal.ui.samples,SelectionPage,SampleLabelProvider,3,1,0
eclipse.pde.ui-20120217-1437,org.eclipse.pde.internal.ui.samples,SelectionPage,getText,4,1,1
eclipse.pde.ui-20120217-1437,org.eclipse.pde.internal.ui.samples,SelectionPage,getImage,3,1,1
eclipse.pde.ui-20120217-1437,org.eclipse.pde.internal.ui.samples,SelectionPage,SelectionPage,7,1,1
eclipse.pde.ui-20120217-1437,org.eclipse.pde.internal.ui.samples,SelectionPage,createControl,18,1,1
eclipse.pde.ui-20120217-1437,org.eclipse.pde.internal.ui.samples,SelectionPage,doMoreInfo,7,2,0
eclipse.pde.ui-20120217-1437,org.eclipse.pde.internal.ui.samples,SelectionPage,updateSelection,21,3,1
eclipse.pde.ui-20120217-1437,org.eclipse.pde.internal.ui.samples,SelectionPart,SelectionPart,3,1,0
eclipse.pde.ui-20120217-1437,org.eclipse.pde.internal.ui.samples,SelectionPart,buttonSelected,3,2,2
eclipse.pde.ui-20120217-1437,org.eclipse.pde.internal.ui.samples,SelectionPart,selectionChanged,3,1,1
eclipse.pde.ui-20120217-1437,org.eclipse.pde.internal.ui.samples,SelectionPart,handleDoubleClick,2,1,1
eclipse.pde.ui-20120217-1437,org.eclipse.pde.internal.ui.samples,SampleProvider,getElements,3,1,1
eclipse.pde.ui-20120217-1437,org.eclipse.pde.internal.ui.samples,SampleLabelProvider,SampleLabelProvider,3,1,0
eclipse.pde.ui-20120217-1437,org.eclipse.pde.internal.ui.samples,SampleLabelProvider,getText,4,1,1
eclipse.pde.ui-20120217-1437,org.eclipse.pde.internal.ui.samples,SampleLabelProvider,getImage,3,1,1
eclipse.pde.ui-20120217-1437,org.eclipse.pde.internal.ui.samples,ShowSampleAction,ShowSampleAction,3,1,0
eclipse.pde.ui-20120217-1437,org.eclipse.pde.internal.ui.samples,ShowSampleAction,run,28,4,2
eclipse.pde.ui-20120217-1437,org.eclipse.pde.internal.ui.samples,ShowSampleAction,run,19,3,0
eclipse.pde.ui-20120217-1437,org.eclipse.pde.internal.ui.samples,ShowSampleAction,switchToSampleStandby,15,2,1
eclipse.pde.ui-20120217-1437,org.eclipse.pde.internal.ui.samples,ShowSampleAction,ensureProperContext,15,2,1
eclipse.pde.ui-20120217-1437,org.eclipse.pde.internal.ui.samples,ShowSampleAction,enableActivities,2,1,1
eclipse.pde.ui-20120217-1437,org.eclipse.pde.internal.ui.samples,ShowSampleAction,ensureSampleFeaturePresent,9,4,0
eclipse.pde.ui-20120217-1437,org.eclipse.pde.internal.ui.samples,ShowSampleAction,checkFeature,3,1,1
eclipse.pde.ui-20120217-1437,org.eclipse.pde.internal.ui.samples,ShowSampleAction,getProfile,7,3,0
eclipse.pde.ui-20120217-1437,org.eclipse.pde.internal.ui.samples,ShowSampleAction,getSampleFeatureQuery,3,1,0
eclipse.pde.ui-20120217-1437,org.eclipse.pde.internal.ui.samples,ShowSampleAction,downloadFeature,39,4,0
eclipse.pde.ui-20120217-1437,org.eclipse.pde.internal.ui.samples,ShowSampleAction,run,23,4,1
eclipse.pde.ui-20120217-1437,org.eclipse.pde.internal.ui.samples,ShowSampleAction,findSampleIUs,4,1,2
eclipse.pde.ui-20120217-1437,org.eclipse.pde.internal.ui.samples,ShowSampleAction,createInstallOperation,7,1,1
eclipse.pde.ui-20120217-1437,org.eclipse.pde.internal.ui.samples,ShowSampleAction,applyConfiguration,14,1,0
eclipse.pde.ui-20120217-1437,org.eclipse.pde.internal.ui.samples,ShowTargetPlatformAction,run,15,1,0
eclipse.pde.ui-20120217-1437,org.eclipse.pde.internal.ui.samples,ShowTargetPlatformAction,run,5,1,0
eclipse.pde.ui-20120217-1437,org.eclipse.ui.trace.internal,TracingComponentColumnEditingSupport,TracingComponentColumnEditingSupport,13,2,2
eclipse.pde.ui-20120217-1437,org.eclipse.ui.trace.internal,TracingComponentColumnEditingSupport,canEdit,10,2,1
eclipse.pde.ui-20120217-1437,org.eclipse.ui.trace.internal,TracingComponentColumnEditingSupport,getCellEditor,10,3,1
eclipse.pde.ui-20120217-1437,org.eclipse.ui.trace.internal,TracingComponentColumnEditingSupport,getValue,21,5,1
eclipse.pde.ui-20120217-1437,org.eclipse.ui.trace.internal,TracingComponentColumnEditingSupport,setValue,24,6,2
eclipse.pde.ui-20120217-1437,org.eclipse.ui.trace.internal,TracingComponentComparator,compareNullCases,13,4,2
eclipse.pde.ui-20120217-1437,org.eclipse.ui.trace.internal,TracingComponentComparator,compare,24,5,3
eclipse.pde.ui-20120217-1437,org.eclipse.ui.trace.internal,TracingComponentTreeViewer,TracingComponentTreeViewer,4,1,1
eclipse.pde.ui-20120217-1437,org.eclipse.ui.trace.internal,TracingComponentTreeViewer,doCreateTreeViewer,3,1,2
eclipse.pde.ui-20120217-1437,org.eclipse.ui.trace.internal,TracingComponentTreeViewer,setEnabled,5,1,1
eclipse.pde.ui-20120217-1437,org.eclipse.ui.trace.internal,TracingComponentViewerFilter,TracingComponentViewerFilter,4,1,0
eclipse.pde.ui-20120217-1437,org.eclipse.ui.trace.internal,TracingComponentViewerFilter,setPattern,5,1,1
eclipse.pde.ui-20120217-1437,org.eclipse.ui.trace.internal,TracingComponentViewerFilter,forceVisibleDebugOptions,8,3,1
eclipse.pde.ui-20120217-1437,org.eclipse.ui.trace.internal,TracingComponentViewerFilter,isElementVisible,29,6,2
eclipse.pde.ui-20120217-1437,org.eclipse.ui.trace.internal,TracingDoubleClickListener,doubleClick,8,2,1
eclipse.pde.ui-20120217-1437,org.eclipse.ui.trace.internal,TracingPreferencePage,TracingPreferencePage,3,1,0
eclipse.pde.ui-20120217-1437,org.eclipse.ui.trace.internal,TracingPreferencePage,init,2,1,1
eclipse.pde.ui-20120217-1437,org.eclipse.ui.trace.internal,TracingPreferencePage,dispose,15,1,0
eclipse.pde.ui-20120217-1437,org.eclipse.ui.trace.internal,TracingPreferencePage,purgeModel,7,2,0
eclipse.pde.ui-20120217-1437,org.eclipse.ui.trace.internal,TracingPreferencePage,disposeWidget,7,3,1
eclipse.pde.ui-20120217-1437,org.eclipse.ui.trace.internal,TracingPreferencePage,createContents,13,1,1
eclipse.pde.ui-20120217-1437,org.eclipse.ui.trace.internal,TracingPreferencePage,addEnableTracingSection,28,2,1
eclipse.pde.ui-20120217-1437,org.eclipse.ui.trace.internal,TracingPreferencePage,widgetSelected,3,1,1
eclipse.pde.ui-20120217-1437,org.eclipse.ui.trace.internal,TracingPreferencePage,addBundleViewerSection,28,1,1
eclipse.pde.ui-20120217-1437,org.eclipse.ui.trace.internal,TracingPreferencePage,addTracingOptionsSection,68,3,1
eclipse.pde.ui-20120217-1437,org.eclipse.ui.trace.internal,TracingPreferencePage,handleEvent,11,2,1
eclipse.pde.ui-20120217-1437,org.eclipse.ui.trace.internal,TracingPreferencePage,widgetSelected,8,2,1
eclipse.pde.ui-20120217-1437,org.eclipse.ui.trace.internal,TracingPreferencePage,handleEvent,3,1,1
eclipse.pde.ui-20120217-1437,org.eclipse.ui.trace.internal,TracingPreferencePage,handleEvent,3,1,1
eclipse.pde.ui-20120217-1437,org.eclipse.ui.trace.internal,TracingPreferencePage,setUIValuesFromPreferences,16,3,0
eclipse.pde.ui-20120217-1437,org.eclipse.ui.trace.internal,TracingPreferencePage,getInput,13,2,1
eclipse.pde.ui-20120217-1437,org.eclipse.ui.trace.internal,TracingPreferencePage,verifyIntInput,19,4,2
eclipse.pde.ui-20120217-1437,org.eclipse.ui.trace.internal,TracingPreferencePage,enableTracingButtonSelected,25,3,1
eclipse.pde.ui-20120217-1437,org.eclipse.ui.trace.internal,TracingPreferencePage,buildDisplayableComponents,20,5,0
eclipse.pde.ui-20120217-1437,org.eclipse.ui.trace.internal,TracingPreferencePage,mergePrefsWithDebugOptions,30,8,0
eclipse.pde.ui-20120217-1437,org.eclipse.ui.trace.internal,TracingPreferencePage,performDefaults,9,1,0
eclipse.pde.ui-20120217-1437,org.eclipse.ui.trace.internal,TracingPreferencePage,performOk,39,7,0
eclipse.pde.ui-20120217-1437,org.eclipse.ui.trace.internal,TracingPreferencePage,savePreferences,25,5,1
eclipse.pde.ui-20120217-1437,org.eclipse.ui.trace.internal,TracingPreferencePage,getAllUniqueDebugOptions,16,4,1
eclipse.pde.ui-20120217-1437,org.eclipse.ui.trace.internal,TracingPreferencePage,getViewer,3,1,0
eclipse.pde.ui-20120217-1437,org.eclipse.ui.trace.internal,TracingPreferencePage,getViewerTree,3,1,0
eclipse.pde.ui-20120217-1437,org.eclipse.ui.trace.internal,TracingUIActivator,TracingUIActivator,2,1,0
eclipse.pde.ui-20120217-1437,org.eclipse.ui.trace.internal,TracingUIActivator,getDefault,3,1,0
eclipse.pde.ui-20120217-1437,org.eclipse.ui.trace.internal,TracingUIActivator,start,17,3,1
eclipse.pde.ui-20120217-1437,org.eclipse.ui.trace.internal,TracingUIActivator,stop,4,1,1
eclipse.pde.ui-20120217-1437,org.eclipse.ui.trace.internal,TracingUIActivator,logException,6,2,1
eclipse.pde.ui-20120217-1437,org.eclipse.ui.trace.internal.datamodel,AbstractTracingNode,AbstractTracingNode,3,1,0
eclipse.pde.ui-20120217-1437,org.eclipse.ui.trace.internal.datamodel,AbstractTracingNode,populateChildren,0,1,0
eclipse.pde.ui-20120217-1437,org.eclipse.ui.trace.internal.datamodel,AbstractTracingNode,getLabel,3,1,0
eclipse.pde.ui-20120217-1437,org.eclipse.ui.trace.internal.datamodel,AbstractTracingNode,getParent,3,1,0
eclipse.pde.ui-20120217-1437,org.eclipse.ui.trace.internal.datamodel,AbstractTracingNode,getChildren,4,1,0
eclipse.pde.ui-20120217-1437,org.eclipse.ui.trace.internal.datamodel,AbstractTracingNode,hasChildren,4,1,0
eclipse.pde.ui-20120217-1437,org.eclipse.ui.trace.internal.datamodel,AbstractTracingNode,addChild,5,2,1
eclipse.pde.ui-20120217-1437,org.eclipse.ui.trace.internal.datamodel,AbstractTracingNode,initialize,6,2,0
eclipse.pde.ui-20120217-1437,org.eclipse.ui.trace.internal.datamodel,AbstractTracingNode,setLabel,3,1,1
eclipse.pde.ui-20120217-1437,org.eclipse.ui.trace.internal.datamodel,AbstractTracingNode,setParent,8,3,1
eclipse.pde.ui-20120217-1437,org.eclipse.ui.trace.internal.datamodel,ModifiedDebugOptions,ModifiedDebugOptions,4,1,0
eclipse.pde.ui-20120217-1437,org.eclipse.ui.trace.internal.datamodel,ModifiedDebugOptions,getDebugOptionsToAdd,3,1,0
eclipse.pde.ui-20120217-1437,org.eclipse.ui.trace.internal.datamodel,ModifiedDebugOptions,getDebugOptionsToRemove,3,1,0
eclipse.pde.ui-20120217-1437,org.eclipse.ui.trace.internal.datamodel,ModifiedDebugOptions,addDebugOption,9,3,1
eclipse.pde.ui-20120217-1437,org.eclipse.ui.trace.internal.datamodel,ModifiedDebugOptions,removeDebugOption,9,3,1
eclipse.pde.ui-20120217-1437,org.eclipse.ui.trace.internal.datamodel,ModifiedDebugOptions,clear,4,1,0
eclipse.pde.ui-20120217-1437,org.eclipse.ui.trace.internal.datamodel,TracingCollections,TracingCollections,8,1,0
eclipse.pde.ui-20120217-1437,org.eclipse.ui.trace.internal.datamodel,TracingCollections,getInstance,6,2,0
eclipse.pde.ui-20120217-1437,org.eclipse.ui.trace.internal.datamodel,TracingCollections,getModifiedDebugOptions,3,1,0
eclipse.pde.ui-20120217-1437,org.eclipse.ui.trace.internal.datamodel,TracingCollections,storeTracingDebugOption,12,4,1
eclipse.pde.ui-20120217-1437,org.eclipse.ui.trace.internal.datamodel,TracingCollections,getTracingDebugOptions,10,3,1
eclipse.pde.ui-20120217-1437,org.eclipse.ui.trace.internal.datamodel,TracingCollections,getTracingComponent,21,5,1
eclipse.pde.ui-20120217-1437,org.eclipse.ui.trace.internal.datamodel,TracingCollections,getDebugOptions,11,3,1
eclipse.pde.ui-20120217-1437,org.eclipse.ui.trace.internal.datamodel,TracingCollections,setBundleIsConsumed,5,2,2
eclipse.pde.ui-20120217-1437,org.eclipse.ui.trace.internal.datamodel,TracingCollections,isBundleConsumed,10,3,1
eclipse.pde.ui-20120217-1437,org.eclipse.ui.trace.internal.datamodel,TracingCollections,storeBundleInComponent,10,3,2
eclipse.pde.ui-20120217-1437,org.eclipse.ui.trace.internal.datamodel,TracingCollections,getComponentsContainingBundle,10,3,1
eclipse.pde.ui-20120217-1437,org.eclipse.ui.trace.internal.datamodel,TracingCollections,clear,7,1,0
eclipse.pde.ui-20120217-1437,org.eclipse.ui.trace.internal.datamodel,TracingComponent,TracingComponent,8,1,1
eclipse.pde.ui-20120217-1437,org.eclipse.ui.trace.internal.datamodel,TracingComponent,hashCode,6,1,0
eclipse.pde.ui-20120217-1437,org.eclipse.ui.trace.internal.datamodel,TracingComponent,equals,21,7,1
eclipse.pde.ui-20120217-1437,org.eclipse.ui.trace.internal.datamodel,TracingComponent,toString,11,1,0
eclipse.pde.ui-20120217-1437,org.eclipse.ui.trace.internal.datamodel,TracingComponent,isEnabled,16,4,0
eclipse.pde.ui-20120217-1437,org.eclipse.ui.trace.internal.datamodel,TracingComponent,populateChildren,35,7,0
eclipse.pde.ui-20120217-1437,org.eclipse.ui.trace.internal.datamodel,TracingComponent,getChildren,8,2,0
eclipse.pde.ui-20120217-1437,org.eclipse.ui.trace.internal.datamodel,TracingComponent,addBundle,22,8,3
eclipse.pde.ui-20120217-1437,org.eclipse.ui.trace.internal.datamodel,TracingComponent,addBundles,12,3,1
eclipse.pde.ui-20120217-1437,org.eclipse.ui.trace.internal.datamodel,TracingComponent,addBundle,6,2,2
eclipse.pde.ui-20120217-1437,org.eclipse.ui.trace.internal.datamodel,TracingComponent,removeBundle,5,2,1
eclipse.pde.ui-20120217-1437,org.eclipse.ui.trace.internal.datamodel,TracingComponent,isConsumed,3,1,0
eclipse.pde.ui-20120217-1437,org.eclipse.ui.trace.internal.datamodel,TracingComponent,getId,3,1,0
eclipse.pde.ui-20120217-1437,org.eclipse.ui.trace.internal.datamodel,TracingComponent,getBundles,3,1,0
eclipse.pde.ui-20120217-1437,org.eclipse.ui.trace.internal.datamodel,TracingComponent,getLabel,7,2,0
eclipse.pde.ui-20120217-1437,org.eclipse.ui.trace.internal.datamodel,TracingComponentDebugOption,TracingComponentDebugOption,3,1,2
eclipse.pde.ui-20120217-1437,org.eclipse.ui.trace.internal.datamodel,TracingComponentDebugOption,TracingComponentDebugOption,9,1,3
eclipse.pde.ui-20120217-1437,org.eclipse.ui.trace.internal.datamodel,TracingComponentDebugOption,toString,16,2,0
eclipse.pde.ui-20120217-1437,org.eclipse.ui.trace.internal.datamodel,TracingComponentDebugOption,hashCode,7,1,0
eclipse.pde.ui-20120217-1437,org.eclipse.ui.trace.internal.datamodel,TracingComponentDebugOption,equals,29,10,1
eclipse.pde.ui-20120217-1437,org.eclipse.ui.trace.internal.datamodel,TracingComponentDebugOption,isEnabled,11,2,0
eclipse.pde.ui-20120217-1437,org.eclipse.ui.trace.internal.datamodel,TracingComponentDebugOption,populateChildren,2,1,0
eclipse.pde.ui-20120217-1437,org.eclipse.ui.trace.internal.datamodel,TracingComponentDebugOption,getChildren,3,1,0
eclipse.pde.ui-20120217-1437,org.eclipse.ui.trace.internal.datamodel,TracingComponentDebugOption,getOptionPath,3,1,0
eclipse.pde.ui-20120217-1437,org.eclipse.ui.trace.internal.datamodel,TracingComponentDebugOption,getOptionPathValue,3,1,0
eclipse.pde.ui-20120217-1437,org.eclipse.ui.trace.internal.datamodel,TracingComponentDebugOption,setOptionPathValue,4,1,1
eclipse.pde.ui-20120217-1437,org.eclipse.ui.trace.internal.datamodel,TracingComponentDebugOption,setOptionPathValue,3,1,1
eclipse.pde.ui-20120217-1437,org.eclipse.ui.trace.internal.datamodel,TracingComponentDebugOption,clone,3,1,0
eclipse.pde.ui-20120217-1437,org.eclipse.ui.trace.internal.datamodel,TracingNode,getLabel,0,1,0
eclipse.pde.ui-20120217-1437,org.eclipse.ui.trace.internal.datamodel,TracingNode,getChildren,0,1,0
eclipse.pde.ui-20120217-1437,org.eclipse.ui.trace.internal.datamodel,TracingNode,getParent,0,1,0
eclipse.pde.ui-20120217-1437,org.eclipse.ui.trace.internal.datamodel,TracingNode,setLabel,0,1,1
eclipse.pde.ui-20120217-1437,org.eclipse.ui.trace.internal.datamodel,TracingNode,setParent,0,1,1
eclipse.pde.ui-20120217-1437,org.eclipse.ui.trace.internal.datamodel,TracingNode,addChild,0,1,1
eclipse.pde.ui-20120217-1437,org.eclipse.ui.trace.internal.datamodel,TracingNode,hasChildren,0,1,0
eclipse.pde.ui-20120217-1437,org.eclipse.ui.trace.internal.datamodel,TracingNode,isEnabled,0,1,0
eclipse.pde.ui-20120217-1437,org.eclipse.ui.trace.internal.providers,TracingComponentColumnLabelProvider,TracingComponentColumnLabelProvider,4,1,1
eclipse.pde.ui-20120217-1437,org.eclipse.ui.trace.internal.providers,TracingComponentColumnLabelProvider,getText,3,1,1
eclipse.pde.ui-20120217-1437,org.eclipse.ui.trace.internal.providers,TracingComponentContentProvider,getChildren,8,2,1
eclipse.pde.ui-20120217-1437,org.eclipse.ui.trace.internal.providers,TracingComponentContentProvider,hasChildren,7,2,1
eclipse.pde.ui-20120217-1437,org.eclipse.ui.trace.internal.providers,TracingComponentContentProvider,getElements,14,4,1
eclipse.pde.ui-20120217-1437,org.eclipse.ui.trace.internal.providers,TracingComponentContentProvider,getParent,7,2,1
eclipse.pde.ui-20120217-1437,org.eclipse.ui.trace.internal.providers,TracingComponentContentProvider,dispose,2,1,0
eclipse.pde.ui-20120217-1437,org.eclipse.ui.trace.internal.providers,TracingComponentContentProvider,inputChanged,2,1,3
eclipse.pde.ui-20120217-1437,org.eclipse.ui.trace.internal.providers,TracingComponentLabelProvider,getText,3,1,1
eclipse.pde.ui-20120217-1437,org.eclipse.ui.trace.internal.providers,TracingComponentLabelProvider,getLabel,24,7,2
eclipse.pde.ui-20120217-1437,org.eclipse.ui.trace.internal.utils,DebugOptionsHandler,getDebugOptions,7,2,0
eclipse.pde.ui-20120217-1437,org.eclipse.ui.trace.internal.utils,DebugOptionsHandler,isTracingEnabled,3,1,0
eclipse.pde.ui-20120217-1437,org.eclipse.ui.trace.internal.utils,DebugOptionsHandler,setDebugEnabled,3,1,1
eclipse.pde.ui-20120217-1437,org.eclipse.ui.trace.internal.utils,DebugOptionsHandler,isLaunchInDebugMode,3,1,0
eclipse.pde.ui-20120217-1437,org.eclipse.ui.trace.internal.utils,DebugOptionsHandler,setLaunchInDebugMode,3,1,1
eclipse.pde.ui-20120217-1437,org.eclipse.ui.trace.internal.utils,PreferenceHandler,initializeDefaultPreferences,3,1,0
eclipse.pde.ui-20120217-1437,org.eclipse.ui.trace.internal.utils,PreferenceHandler,getPreferences,3,1,0
eclipse.pde.ui-20120217-1437,org.eclipse.ui.trace.internal.utils,PreferenceHandler,getPreferenceProperties,12,2,0
eclipse.pde.ui-20120217-1437,org.eclipse.ui.trace.internal.utils,PreferenceHandler,setDefaultPreferences,8,1,0
eclipse.pde.ui-20120217-1437,org.eclipse.ui.trace.internal.utils,PreferenceHandler,savePreferences,16,3,1
eclipse.pde.ui-20120217-1437,org.eclipse.ui.trace.internal.utils,PreferenceHandler,isTracingEnabled,6,1,0
eclipse.pde.ui-20120217-1437,org.eclipse.ui.trace.internal.utils,PreferenceHandler,getMaxFileCount,6,1,0
eclipse.pde.ui-20120217-1437,org.eclipse.ui.trace.internal.utils,PreferenceHandler,getMaxFileSize,6,1,0
eclipse.pde.ui-20120217-1437,org.eclipse.ui.trace.internal.utils,PreferenceHandler,getFilePath,6,1,0
eclipse.pde.ui-20120217-1437,org.eclipse.ui.trace.internal.utils,TracingUtils,isValueBoolean,3,1,1
eclipse.pde.ui-20120217-1437,org.eclipse.ui.trace.internal.utils,TracingUtils,convertToString,10,2,1
eclipse.pde.ui-20120217-1437,org.eclipse.ui.trace.internal.utils,TracingUtils,convertToDebugOption,12,3,1
eclipse.pde.ui-20120217-1437,org.eclipse.ui.trace.internal.utils,TracingUtils,convertToMap,13,4,1
eclipse.pde.ui-20120217-1437,org.eclipse.ui.trace.internal.utils,TracingUtils,loadOptionsFromBundle,27,4,1
eclipse.pde.ui-20120217-1437,org.eclipse.ui.internal.views.log,AbstractEntry,addChild,6,2,1
eclipse.pde.ui-20120217-1437,org.eclipse.ui.internal.views.log,AbstractEntry,getChildren,3,1,1
eclipse.pde.ui-20120217-1437,org.eclipse.ui.internal.views.log,AbstractEntry,hasChildren,3,1,0
eclipse.pde.ui-20120217-1437,org.eclipse.ui.internal.views.log,AbstractEntry,size,3,1,0
eclipse.pde.ui-20120217-1437,org.eclipse.ui.internal.views.log,AbstractEntry,getImageDescriptor,3,1,1
eclipse.pde.ui-20120217-1437,org.eclipse.ui.internal.views.log,AbstractEntry,getLabel,3,1,1
eclipse.pde.ui-20120217-1437,org.eclipse.ui.internal.views.log,AbstractEntry,getParent,3,1,1
eclipse.pde.ui-20120217-1437,org.eclipse.ui.internal.views.log,AbstractEntry,setParent,3,1,1
eclipse.pde.ui-20120217-1437,org.eclipse.ui.internal.views.log,AbstractEntry,removeChildren,3,1,1
eclipse.pde.ui-20120217-1437,org.eclipse.ui.internal.views.log,AbstractEntry,removeAllChildren,3,1,0
eclipse.pde.ui-20120217-1437,org.eclipse.ui.internal.views.log,AbstractEntry,write,0,1,1
eclipse.pde.ui-20120217-1437,org.eclipse.ui.internal.views.log,Activator,Activator,2,1,0
eclipse.pde.ui-20120217-1437,org.eclipse.ui.internal.views.log,Activator,start,4,1,1
eclipse.pde.ui-20120217-1437,org.eclipse.ui.internal.views.log,Activator,stop,4,1,1
eclipse.pde.ui-20120217-1437,org.eclipse.ui.internal.views.log,Activator,getDefault,3,1,0
eclipse.pde.ui-20120217-1437,org.eclipse.ui.internal.views.log,Activator,initializeImageRegistry,26,1,1
eclipse.pde.ui-20120217-1437,org.eclipse.ui.internal.views.log,Activator,createImageDescriptor,3,1,1
eclipse.pde.ui-20120217-1437,org.eclipse.ui.internal.views.log,EventDetailsDialog,EventDetailsDialog,17,1,5
eclipse.pde.ui-20120217-1437,org.eclipse.ui.internal.views.log,EventDetailsDialog,configureShell,4,1,1
eclipse.pde.ui-20120217-1437,org.eclipse.ui.internal.views.log,EventDetailsDialog,initialize,12,2,0
eclipse.pde.ui-20120217-1437,org.eclipse.ui.internal.views.log,EventDetailsDialog,resetChildIndex,14,5,0
eclipse.pde.ui-20120217-1437,org.eclipse.ui.internal.views.log,EventDetailsDialog,isChild,3,1,1
eclipse.pde.ui-20120217-1437,org.eclipse.ui.internal.views.log,EventDetailsDialog,isOpen,3,1,0
eclipse.pde.ui-20120217-1437,org.eclipse.ui.internal.views.log,EventDetailsDialog,open,18,3,0
eclipse.pde.ui-20120217-1437,org.eclipse.ui.internal.views.log,EventDetailsDialog,close,10,2,0
eclipse.pde.ui-20120217-1437,org.eclipse.ui.internal.views.log,EventDetailsDialog,create,8,3,0
eclipse.pde.ui-20120217-1437,org.eclipse.ui.internal.views.log,EventDetailsDialog,buttonPressed,7,6,1
eclipse.pde.ui-20120217-1437,org.eclipse.ui.internal.views.log,EventDetailsDialog,backPressed,23,5,0
eclipse.pde.ui-20120217-1437,org.eclipse.ui.internal.views.log,EventDetailsDialog,nextPressed,17,3,0
eclipse.pde.ui-20120217-1437,org.eclipse.ui.internal.views.log,EventDetailsDialog,copyPressed,14,1,0
eclipse.pde.ui-20120217-1437,org.eclipse.ui.internal.views.log,EventDetailsDialog,setComparator,4,1,1
eclipse.pde.ui-20120217-1437,org.eclipse.ui.internal.views.log,EventDetailsDialog,setComparator,33,4,2
eclipse.pde.ui-20120217-1437,org.eclipse.ui.internal.views.log,EventDetailsDialog,compare,6,2,2
eclipse.pde.ui-20120217-1437,org.eclipse.ui.internal.views.log,EventDetailsDialog,compare,5,1,2
eclipse.pde.ui-20120217-1437,org.eclipse.ui.internal.views.log,EventDetailsDialog,compare,5,1,2
eclipse.pde.ui-20120217-1437,org.eclipse.ui.internal.views.log,EventDetailsDialog,resetSelection,4,1,3
eclipse.pde.ui-20120217-1437,org.eclipse.ui.internal.views.log,EventDetailsDialog,resetSelection,11,3,1
eclipse.pde.ui-20120217-1437,org.eclipse.ui.internal.views.log,EventDetailsDialog,resetButtons,4,1,0
eclipse.pde.ui-20120217-1437,org.eclipse.ui.internal.views.log,EventDetailsDialog,setEntrySelectionInTable,4,1,0
eclipse.pde.ui-20120217-1437,org.eclipse.ui.internal.views.log,EventDetailsDialog,updateProperties,39,7,0
eclipse.pde.ui-20120217-1437,org.eclipse.ui.internal.views.log,EventDetailsDialog,updateButtons,12,2,0
eclipse.pde.ui-20120217-1437,org.eclipse.ui.internal.views.log,EventDetailsDialog,findNextSelectedChild,39,6,1
eclipse.pde.ui-20120217-1437,org.eclipse.ui.internal.views.log,EventDetailsDialog,nextChildExists,34,5,3
eclipse.pde.ui-20120217-1437,org.eclipse.ui.internal.views.log,EventDetailsDialog,setEntryChildren,6,2,0
eclipse.pde.ui-20120217-1437,org.eclipse.ui.internal.views.log,EventDetailsDialog,setEntryChildren,11,4,1
eclipse.pde.ui-20120217-1437,org.eclipse.ui.internal.views.log,EventDetailsDialog,getSashForm,3,1,0
eclipse.pde.ui-20120217-1437,org.eclipse.ui.internal.views.log,EventDetailsDialog,createDialogArea,15,1,1
eclipse.pde.ui-20120217-1437,org.eclipse.ui.internal.views.log,EventDetailsDialog,createSashForm,8,1,1
eclipse.pde.ui-20120217-1437,org.eclipse.ui.internal.views.log,EventDetailsDialog,createToolbarButtonBar,70,2,1
eclipse.pde.ui-20120217-1437,org.eclipse.ui.internal.views.log,EventDetailsDialog,getName,3,1,1
eclipse.pde.ui-20120217-1437,org.eclipse.ui.internal.views.log,EventDetailsDialog,getName,3,1,1
eclipse.pde.ui-20120217-1437,org.eclipse.ui.internal.views.log,EventDetailsDialog,getName,3,1,1
eclipse.pde.ui-20120217-1437,org.eclipse.ui.internal.views.log,EventDetailsDialog,widgetSelected,7,2,1
eclipse.pde.ui-20120217-1437,org.eclipse.ui.internal.views.log,EventDetailsDialog,getName,3,1,1
eclipse.pde.ui-20120217-1437,org.eclipse.ui.internal.views.log,EventDetailsDialog,createButtonsForButtonBar,3,1,1
eclipse.pde.ui-20120217-1437,org.eclipse.ui.internal.views.log,EventDetailsDialog,createDetailsSection,12,1,1
eclipse.pde.ui-20120217-1437,org.eclipse.ui.internal.views.log,EventDetailsDialog,createTextSection,30,1,1
eclipse.pde.ui-20120217-1437,org.eclipse.ui.internal.views.log,EventDetailsDialog,createStackSection,21,1,1
eclipse.pde.ui-20120217-1437,org.eclipse.ui.internal.views.log,EventDetailsDialog,createSessionSection,19,1,1
eclipse.pde.ui-20120217-1437,org.eclipse.ui.internal.views.log,EventDetailsDialog,getFilters,14,3,0
eclipse.pde.ui-20120217-1437,org.eclipse.ui.internal.views.log,EventDetailsDialog,filterStack,20,5,1
eclipse.pde.ui-20120217-1437,org.eclipse.ui.internal.views.log,EventDetailsDialog,storeSettings,3,1,0
eclipse.pde.ui-20120217-1437,org.eclipse.ui.internal.views.log,EventDetailsDialog,getDialogSettings,6,2,0
eclipse.pde.ui-20120217-1437,org.eclipse.ui.internal.views.log,EventDetailsDialog,readConfiguration,20,1,0
eclipse.pde.ui-20120217-1437,org.eclipse.ui.internal.views.log,EventDetailsDialog,writeConfiguration,13,1,0
eclipse.pde.ui-20120217-1437,org.eclipse.ui.internal.views.log,EventDetailsDialog,getElements,3,1,0
eclipse.pde.ui-20120217-1437,org.eclipse.ui.internal.views.log,EventDetailsDialogAction,EventDetailsDialogAction,7,1,3
eclipse.pde.ui-20120217-1437,org.eclipse.ui.internal.views.log,EventDetailsDialogAction,resetSelection,9,3,2
eclipse.pde.ui-20120217-1437,org.eclipse.ui.internal.views.log,EventDetailsDialogAction,resetSelection,5,3,0
eclipse.pde.ui-20120217-1437,org.eclipse.ui.internal.views.log,EventDetailsDialogAction,resetDialogButtons,3,2,0
eclipse.pde.ui-20120217-1437,org.eclipse.ui.internal.views.log,EventDetailsDialogAction,setComparator,4,2,1
eclipse.pde.ui-20120217-1437,org.eclipse.ui.internal.views.log,EventDetailsDialogAction,run,12,3,0
eclipse.pde.ui-20120217-1437,org.eclipse.ui.internal.views.log,FilterDialog,FilterDialog,4,1,2
eclipse.pde.ui-20120217-1437,org.eclipse.ui.internal.views.log,FilterDialog,configureShell,4,1,1
eclipse.pde.ui-20120217-1437,org.eclipse.ui.internal.views.log,FilterDialog,createDialogArea,9,1,1
eclipse.pde.ui-20120217-1437,org.eclipse.ui.internal.views.log,FilterDialog,createEventTypesGroup,20,1,1
eclipse.pde.ui-20120217-1437,org.eclipse.ui.internal.views.log,FilterDialog,createLimitSection,41,3,1
eclipse.pde.ui-20120217-1437,org.eclipse.ui.internal.views.log,FilterDialog,widgetSelected,3,1,1
eclipse.pde.ui-20120217-1437,org.eclipse.ui.internal.views.log,FilterDialog,verifyText,5,2,1
eclipse.pde.ui-20120217-1437,org.eclipse.ui.internal.views.log,FilterDialog,modifyText,10,2,1
eclipse.pde.ui-20120217-1437,org.eclipse.ui.internal.views.log,FilterDialog,createSessionSection,23,2,1
eclipse.pde.ui-20120217-1437,org.eclipse.ui.internal.views.log,FilterDialog,createFilterSection,61,3,1
eclipse.pde.ui-20120217-1437,org.eclipse.ui.internal.views.log,FilterDialog,widgetSelected,3,1,1
eclipse.pde.ui-20120217-1437,org.eclipse.ui.internal.views.log,FilterDialog,widgetSelected,3,1,1
eclipse.pde.ui-20120217-1437,org.eclipse.ui.internal.views.log,FilterDialog,widgetSelected,3,1,1
eclipse.pde.ui-20120217-1437,org.eclipse.ui.internal.views.log,FilterDialog,widgetSelected,3,1,1
eclipse.pde.ui-20120217-1437,org.eclipse.ui.internal.views.log,FilterDialog,addFilter,15,3,0
eclipse.pde.ui-20120217-1437,org.eclipse.ui.internal.views.log,FilterDialog,isValid,3,1,1
eclipse.pde.ui-20120217-1437,org.eclipse.ui.internal.views.log,FilterDialog,removeFilter,7,2,0
eclipse.pde.ui-20120217-1437,org.eclipse.ui.internal.views.log,FilterDialog,setStackTraceFilterEnabled,5,1,1
eclipse.pde.ui-20120217-1437,org.eclipse.ui.internal.views.log,FilterDialog,createButtonsForButtonBar,4,1,1
eclipse.pde.ui-20120217-1437,org.eclipse.ui.internal.views.log,FilterDialog,okPressed,20,3,0
eclipse.pde.ui-20120217-1437,org.eclipse.ui.internal.views.log,Group,Group,3,1,1
eclipse.pde.ui-20120217-1437,org.eclipse.ui.internal.views.log,Group,write,8,2,1
eclipse.pde.ui-20120217-1437,org.eclipse.ui.internal.views.log,Group,toString,3,1,0
eclipse.pde.ui-20120217-1437,org.eclipse.ui.internal.views.log,ILogFileProvider,getLogSources,0,1,0
eclipse.pde.ui-20120217-1437,org.eclipse.ui.internal.views.log,ImportLogAction,ImportConfigurationLogAction,6,1,2
eclipse.pde.ui-20120217-1437,org.eclipse.ui.internal.views.log,ImportLogAction,doRun,3,1,0
eclipse.pde.ui-20120217-1437,org.eclipse.ui.internal.views.log,ImportLogAction,run,6,2,0
eclipse.pde.ui-20120217-1437,org.eclipse.ui.internal.views.log,ImportLogAction,equals,7,2,1
eclipse.pde.ui-20120217-1437,org.eclipse.ui.internal.views.log,ImportLogAction,ImportLogAction,6,1,3
eclipse.pde.ui-20120217-1437,org.eclipse.ui.internal.views.log,ImportLogAction,run,3,1,0
eclipse.pde.ui-20120217-1437,org.eclipse.ui.internal.views.log,ImportLogAction,getMenu,7,2,1
eclipse.pde.ui-20120217-1437,org.eclipse.ui.internal.views.log,ImportLogAction,getMenu,7,2,1
eclipse.pde.ui-20120217-1437,org.eclipse.ui.internal.views.log,ImportLogAction,menuUpdateNeeded,32,9,1
eclipse.pde.ui-20120217-1437,org.eclipse.ui.internal.views.log,ImportLogAction,getLogActions,10,2,0
eclipse.pde.ui-20120217-1437,org.eclipse.ui.internal.views.log,ImportLogAction,createMenuItems,28,3,1
eclipse.pde.ui-20120217-1437,org.eclipse.ui.internal.views.log,ImportLogAction,doRun,3,1,0
eclipse.pde.ui-20120217-1437,org.eclipse.ui.internal.views.log,ImportLogAction,dispose,10,3,0
eclipse.pde.ui-20120217-1437,org.eclipse.ui.internal.views.log,ImportConfigurationLogAction,ImportConfigurationLogAction,6,1,2
eclipse.pde.ui-20120217-1437,org.eclipse.ui.internal.views.log,ImportConfigurationLogAction,doRun,3,1,0
eclipse.pde.ui-20120217-1437,org.eclipse.ui.internal.views.log,ImportConfigurationLogAction,run,6,2,0
eclipse.pde.ui-20120217-1437,org.eclipse.ui.internal.views.log,ImportConfigurationLogAction,equals,7,2,1
eclipse.pde.ui-20120217-1437,org.eclipse.ui.internal.views.log,LogEntry,LogEntry,2,1,0
eclipse.pde.ui-20120217-1437,org.eclipse.ui.internal.views.log,LogEntry,LogEntry,3,1,1
eclipse.pde.ui-20120217-1437,org.eclipse.ui.internal.views.log,LogEntry,getSession,6,2,0
eclipse.pde.ui-20120217-1437,org.eclipse.ui.internal.views.log,LogEntry,setSession,3,1,1
eclipse.pde.ui-20120217-1437,org.eclipse.ui.internal.views.log,LogEntry,getSeverity,3,1,0
eclipse.pde.ui-20120217-1437,org.eclipse.ui.internal.views.log,LogEntry,isOK,3,1,0
eclipse.pde.ui-20120217-1437,org.eclipse.ui.internal.views.log,LogEntry,getCode,3,1,0
eclipse.pde.ui-20120217-1437,org.eclipse.ui.internal.views.log,LogEntry,getPluginId,3,1,0
eclipse.pde.ui-20120217-1437,org.eclipse.ui.internal.views.log,LogEntry,getMessage,3,1,0
eclipse.pde.ui-20120217-1437,org.eclipse.ui.internal.views.log,LogEntry,getStack,3,1,0
eclipse.pde.ui-20120217-1437,org.eclipse.ui.internal.views.log,LogEntry,getFormattedDate,6,2,0
eclipse.pde.ui-20120217-1437,org.eclipse.ui.internal.views.log,LogEntry,getDate,6,2,0
eclipse.pde.ui-20120217-1437,org.eclipse.ui.internal.views.log,LogEntry,getSeverityText,21,5,0
eclipse.pde.ui-20120217-1437,org.eclipse.ui.internal.views.log,LogEntry,toString,3,1,0
eclipse.pde.ui-20120217-1437,org.eclipse.ui.internal.views.log,LogEntry,getLabel,3,1,1
eclipse.pde.ui-20120217-1437,org.eclipse.ui.internal.views.log,LogEntry,processEntry,51,7,1
eclipse.pde.ui-20120217-1437,org.eclipse.ui.internal.views.log,LogEntry,appendToken,6,2,2
eclipse.pde.ui-20120217-1437,org.eclipse.ui.internal.views.log,LogEntry,processSubEntry,56,8,1
eclipse.pde.ui-20120217-1437,org.eclipse.ui.internal.views.log,LogEntry,setStack,3,1,1
eclipse.pde.ui-20120217-1437,org.eclipse.ui.internal.views.log,LogEntry,setMessage,3,1,1
eclipse.pde.ui-20120217-1437,org.eclipse.ui.internal.views.log,LogEntry,processStatus,23,4,1
eclipse.pde.ui-20120217-1437,org.eclipse.ui.internal.views.log,LogEntry,write,16,5,1
eclipse.pde.ui-20120217-1437,org.eclipse.ui.internal.views.log,LogFilesManager,addLogFileProvider,5,2,1
eclipse.pde.ui-20120217-1437,org.eclipse.ui.internal.views.log,LogFilesManager,removeLogFileProvider,3,1,1
eclipse.pde.ui-20120217-1437,org.eclipse.ui.internal.views.log,LogFilesManager,getLogSources,10,2,0
eclipse.pde.ui-20120217-1437,org.eclipse.ui.internal.views.log,LogReader,parseLogFile,123,27,3
eclipse.pde.ui-20120217-1437,org.eclipse.ui.internal.views.log,LogReader,setData,14,5,4
eclipse.pde.ui-20120217-1437,org.eclipse.ui.internal.views.log,LogReader,updateCurrentSession,11,5,2
eclipse.pde.ui-20120217-1437,org.eclipse.ui.internal.views.log,LogReader,addEntry,11,4,3
eclipse.pde.ui-20120217-1437,org.eclipse.ui.internal.views.log,LogReader,isLogged,14,5,2
eclipse.pde.ui-20120217-1437,org.eclipse.ui.internal.views.log,LogReader,setNewParent,4,2,3
eclipse.pde.ui-20120217-1437,org.eclipse.ui.internal.views.log,LogSession,LogSession,3,1,0
eclipse.pde.ui-20120217-1437,org.eclipse.ui.internal.views.log,LogSession,getDate,3,1,0
eclipse.pde.ui-20120217-1437,org.eclipse.ui.internal.views.log,LogSession,setDate,8,1,1
eclipse.pde.ui-20120217-1437,org.eclipse.ui.internal.views.log,LogSession,getSessionData,3,1,0
eclipse.pde.ui-20120217-1437,org.eclipse.ui.internal.views.log,LogSession,setSessionData,3,1,1
eclipse.pde.ui-20120217-1437,org.eclipse.ui.internal.views.log,LogSession,processLogLine,11,3,1
eclipse.pde.ui-20120217-1437,org.eclipse.ui.internal.views.log,LogSession,write,5,1,1
eclipse.pde.ui-20120217-1437,org.eclipse.ui.internal.views.log,LogView,GroupByAction,7,2,2
eclipse.pde.ui-20120217-1437,org.eclipse.ui.internal.views.log,LogView,run,6,2,0
eclipse.pde.ui-20120217-1437,org.eclipse.ui.internal.views.log,LogView,LogView,6,1,0
eclipse.pde.ui-20120217-1437,org.eclipse.ui.internal.views.log,LogView,createPartControl,45,7,1
eclipse.pde.ui-20120217-1437,org.eclipse.ui.internal.views.log,LogView,perspectiveChanged,18,7,4
eclipse.pde.ui-20120217-1437,org.eclipse.ui.internal.views.log,LogView,perspectiveActivated,2,1,2
eclipse.pde.ui-20120217-1437,org.eclipse.ui.internal.views.log,LogView,perspectiveChanged,2,1,3
eclipse.pde.ui-20120217-1437,org.eclipse.ui.internal.views.log,LogView,createActions,59,3,0
eclipse.pde.ui-20120217-1437,org.eclipse.ui.internal.views.log,LogView,menuAboutToShow,20,2,1
eclipse.pde.ui-20120217-1437,org.eclipse.ui.internal.views.log,LogView,createActivateViewAction,10,1,0
eclipse.pde.ui-20120217-1437,org.eclipse.ui.internal.views.log,LogView,run,3,1,0
eclipse.pde.ui-20120217-1437,org.eclipse.ui.internal.views.log,LogView,createClearAction,13,1,0
eclipse.pde.ui-20120217-1437,org.eclipse.ui.internal.views.log,LogView,run,3,1,0
eclipse.pde.ui-20120217-1437,org.eclipse.ui.internal.views.log,LogView,createCopyAction,10,1,0
eclipse.pde.ui-20120217-1437,org.eclipse.ui.internal.views.log,LogView,run,3,1,0
eclipse.pde.ui-20120217-1437,org.eclipse.ui.internal.views.log,LogView,createDeleteLogAction,13,1,0
eclipse.pde.ui-20120217-1437,org.eclipse.ui.internal.views.log,LogView,run,3,1,0
eclipse.pde.ui-20120217-1437,org.eclipse.ui.internal.views.log,LogView,createExportLogAction,13,1,0
eclipse.pde.ui-20120217-1437,org.eclipse.ui.internal.views.log,LogView,run,3,1,0
eclipse.pde.ui-20120217-1437,org.eclipse.ui.internal.views.log,LogView,createExportLogEntryAction,13,1,0
eclipse.pde.ui-20120217-1437,org.eclipse.ui.internal.views.log,LogView,run,3,1,0
eclipse.pde.ui-20120217-1437,org.eclipse.ui.internal.views.log,LogView,createFilterAction,12,1,0
eclipse.pde.ui-20120217-1437,org.eclipse.ui.internal.views.log,LogView,run,3,1,0
eclipse.pde.ui-20120217-1437,org.eclipse.ui.internal.views.log,LogView,createImportLogAction,7,1,0
eclipse.pde.ui-20120217-1437,org.eclipse.ui.internal.views.log,LogView,createOpenLogAction,27,2,0
eclipse.pde.ui-20120217-1437,org.eclipse.ui.internal.views.log,LogView,run,8,2,0
eclipse.pde.ui-20120217-1437,org.eclipse.ui.internal.views.log,LogView,createPropertiesAction,8,1,0
eclipse.pde.ui-20120217-1437,org.eclipse.ui.internal.views.log,LogView,createReadLogAction,13,1,0
eclipse.pde.ui-20120217-1437,org.eclipse.ui.internal.views.log,LogView,run,4,1,0
eclipse.pde.ui-20120217-1437,org.eclipse.ui.internal.views.log,LogView,createShowTextFilter,12,1,0
eclipse.pde.ui-20120217-1437,org.eclipse.ui.internal.views.log,LogView,run,3,1,0
eclipse.pde.ui-20120217-1437,org.eclipse.ui.internal.views.log,LogView,showFilterText,14,2,1
eclipse.pde.ui-20120217-1437,org.eclipse.ui.internal.views.log,LogView,createGroupByAction,7,1,0
eclipse.pde.ui-20120217-1437,org.eclipse.ui.internal.views.log,LogView,createViewer,50,4,1
eclipse.pde.ui-20120217-1437,org.eclipse.ui.internal.views.log,LogView,isLeafMatch,11,2,2
eclipse.pde.ui-20120217-1437,org.eclipse.ui.internal.views.log,LogView,selectionChanged,4,2,1
eclipse.pde.ui-20120217-1437,org.eclipse.ui.internal.views.log,LogView,doubleClick,4,1,1
eclipse.pde.ui-20120217-1437,org.eclipse.ui.internal.views.log,LogView,createColumns,53,3,1
eclipse.pde.ui-20120217-1437,org.eclipse.ui.internal.views.log,LogView,widgetSelected,11,2,1
eclipse.pde.ui-20120217-1437,org.eclipse.ui.internal.views.log,LogView,widgetSelected,11,2,1
eclipse.pde.ui-20120217-1437,org.eclipse.ui.internal.views.log,LogView,widgetSelected,10,1,1
eclipse.pde.ui-20120217-1437,org.eclipse.ui.internal.views.log,LogView,initializeViewerSorter,8,4,0
eclipse.pde.ui-20120217-1437,org.eclipse.ui.internal.views.log,LogView,setColumnSorting,4,1,2
eclipse.pde.ui-20120217-1437,org.eclipse.ui.internal.views.log,LogView,dispose,9,2,0
eclipse.pde.ui-20120217-1437,org.eclipse.ui.internal.views.log,LogView,handleImport,17,4,0
eclipse.pde.ui-20120217-1437,org.eclipse.ui.internal.views.log,LogView,handleImportPath,6,2,1
eclipse.pde.ui-20120217-1437,org.eclipse.ui.internal.views.log,LogView,setLogFile,25,1,1
eclipse.pde.ui-20120217-1437,org.eclipse.ui.internal.views.log,LogView,run,4,1,1
eclipse.pde.ui-20120217-1437,org.eclipse.ui.internal.views.log,LogView,handleExport,40,9,1
eclipse.pde.ui-20120217-1437,org.eclipse.ui.internal.views.log,LogView,copy,7,2,2
eclipse.pde.ui-20120217-1437,org.eclipse.ui.internal.views.log,LogView,handleFilter,6,2,0
eclipse.pde.ui-20120217-1437,org.eclipse.ui.internal.views.log,LogView,doDeleteLog,8,3,0
eclipse.pde.ui-20120217-1437,org.eclipse.ui.internal.views.log,LogView,fillContextMenu,2,1,1
eclipse.pde.ui-20120217-1437,org.eclipse.ui.internal.views.log,LogView,getElements,3,1,0
eclipse.pde.ui-20120217-1437,org.eclipse.ui.internal.views.log,LogView,handleClear,14,2,0
eclipse.pde.ui-20120217-1437,org.eclipse.ui.internal.views.log,LogView,run,9,2,0
eclipse.pde.ui-20120217-1437,org.eclipse.ui.internal.views.log,LogView,reloadLog,23,1,0
eclipse.pde.ui-20120217-1437,org.eclipse.ui.internal.views.log,LogView,run,4,1,1
eclipse.pde.ui-20120217-1437,org.eclipse.ui.internal.views.log,LogView,readLogFile,20,2,0
eclipse.pde.ui-20120217-1437,org.eclipse.ui.internal.views.log,LogView,run,3,1,0
eclipse.pde.ui-20120217-1437,org.eclipse.ui.internal.views.log,LogView,isEclipseStartTime,9,1,1
eclipse.pde.ui-20120217-1437,org.eclipse.ui.internal.views.log,LogView,getTitleSummary,21,5,0
eclipse.pde.ui-20120217-1437,org.eclipse.ui.internal.views.log,LogView,group,12,3,1
eclipse.pde.ui-20120217-1437,org.eclipse.ui.internal.views.log,LogView,limitEntriesCount,40,8,0
eclipse.pde.ui-20120217-1437,org.eclipse.ui.internal.views.log,LogView,compare,11,3,2
eclipse.pde.ui-20120217-1437,org.eclipse.ui.internal.views.log,LogView,getEntriesCount,11,3,0
eclipse.pde.ui-20120217-1437,org.eclipse.ui.internal.views.log,LogView,getGroup,31,6,1
eclipse.pde.ui-20120217-1437,org.eclipse.ui.internal.views.log,LogView,logging,24,5,2
eclipse.pde.ui-20120217-1437,org.eclipse.ui.internal.views.log,LogView,pushBatchedEntries,17,3,0
eclipse.pde.ui-20120217-1437,org.eclipse.ui.internal.views.log,LogView,run,11,3,1
eclipse.pde.ui-20120217-1437,org.eclipse.ui.internal.views.log,LogView,createLogEntry,5,1,1
eclipse.pde.ui-20120217-1437,org.eclipse.ui.internal.views.log,LogView,pushEntry,7,2,1
eclipse.pde.ui-20120217-1437,org.eclipse.ui.internal.views.log,LogView,asyncRefresh,25,6,1
eclipse.pde.ui-20120217-1437,org.eclipse.ui.internal.views.log,LogView,run,15,4,0
eclipse.pde.ui-20120217-1437,org.eclipse.ui.internal.views.log,LogView,setFocus,13,5,0
eclipse.pde.ui-20120217-1437,org.eclipse.ui.internal.views.log,LogView,handleSelectionChanged,6,1,1
eclipse.pde.ui-20120217-1437,org.eclipse.ui.internal.views.log,LogView,updateStatus,8,2,1
eclipse.pde.ui-20120217-1437,org.eclipse.ui.internal.views.log,LogView,selectionToString,16,2,1
eclipse.pde.ui-20120217-1437,org.eclipse.ui.internal.views.log,LogView,copyToClipboard,6,2,1
eclipse.pde.ui-20120217-1437,org.eclipse.ui.internal.views.log,LogView,init,29,5,2
eclipse.pde.ui-20120217-1437,org.eclipse.ui.internal.views.log,LogView,initializeMemento,23,8,0
eclipse.pde.ui-20120217-1437,org.eclipse.ui.internal.views.log,LogView,saveState,9,2,1
eclipse.pde.ui-20120217-1437,org.eclipse.ui.internal.views.log,LogView,getColumnWidth,4,1,2
eclipse.pde.ui-20120217-1437,org.eclipse.ui.internal.views.log,LogView,addMouseListeners,23,6,0
eclipse.pde.ui-20120217-1437,org.eclipse.ui.internal.views.log,LogView,handleEvent,14,5,1
eclipse.pde.ui-20120217-1437,org.eclipse.ui.internal.views.log,LogView,addDragSource,28,4,0
eclipse.pde.ui-20120217-1437,org.eclipse.ui.internal.views.log,LogView,dragStart,12,3,1
eclipse.pde.ui-20120217-1437,org.eclipse.ui.internal.views.log,LogView,dragSetData,8,2,1
eclipse.pde.ui-20120217-1437,org.eclipse.ui.internal.views.log,LogView,makeHoverShell,33,1,0
eclipse.pde.ui-20120217-1437,org.eclipse.ui.internal.views.log,LogView,widgetDisposed,3,1,1
eclipse.pde.ui-20120217-1437,org.eclipse.ui.internal.views.log,LogView,onTextShellDispose,4,1,1
eclipse.pde.ui-20120217-1437,org.eclipse.ui.internal.views.log,LogView,onMouseDown,6,2,1
eclipse.pde.ui-20120217-1437,org.eclipse.ui.internal.views.log,LogView,onMouseHover,32,9,1
eclipse.pde.ui-20120217-1437,org.eclipse.ui.internal.views.log,LogView,onMouseMove,15,4,1
eclipse.pde.ui-20120217-1437,org.eclipse.ui.internal.views.log,LogView,getNumberOfParents,5,2,1
eclipse.pde.ui-20120217-1437,org.eclipse.ui.internal.views.log,LogView,getComparator,3,1,0
eclipse.pde.ui-20120217-1437,org.eclipse.ui.internal.views.log,LogView,setComparator,52,10,1
eclipse.pde.ui-20120217-1437,org.eclipse.ui.internal.views.log,LogView,compare,19,6,2
eclipse.pde.ui-20120217-1437,org.eclipse.ui.internal.views.log,LogView,compare,8,2,2
eclipse.pde.ui-20120217-1437,org.eclipse.ui.internal.views.log,LogView,compare,8,2,2
eclipse.pde.ui-20120217-1437,org.eclipse.ui.internal.views.log,LogView,getDefaultComparator,3,1,0
eclipse.pde.ui-20120217-1437,org.eclipse.ui.internal.views.log,LogView,getViewerComparator,66,15,1
eclipse.pde.ui-20120217-1437,org.eclipse.ui.internal.views.log,LogView,compare,8,2,3
eclipse.pde.ui-20120217-1437,org.eclipse.ui.internal.views.log,LogView,compare,8,2,3
eclipse.pde.ui-20120217-1437,org.eclipse.ui.internal.views.log,LogView,indexOf,5,4,2
eclipse.pde.ui-20120217-1437,org.eclipse.ui.internal.views.log,LogView,compare,28,8,3
eclipse.pde.ui-20120217-1437,org.eclipse.ui.internal.views.log,LogView,resetDialogButtons,3,1,0
eclipse.pde.ui-20120217-1437,org.eclipse.ui.internal.views.log,LogView,getLogSettings,4,1,0
eclipse.pde.ui-20120217-1437,org.eclipse.ui.internal.views.log,LogView,getLogPreferences,3,1,0
eclipse.pde.ui-20120217-1437,org.eclipse.ui.internal.views.log,LogView,readSettings,29,2,0
eclipse.pde.ui-20120217-1437,org.eclipse.ui.internal.views.log,LogView,getColumnWidthPreference,4,1,3
eclipse.pde.ui-20120217-1437,org.eclipse.ui.internal.views.log,LogView,writeSettings,4,1,0
eclipse.pde.ui-20120217-1437,org.eclipse.ui.internal.views.log,LogView,writeFilterSettings,11,2,0
eclipse.pde.ui-20120217-1437,org.eclipse.ui.internal.views.log,LogView,writeViewSettings,16,1,0
eclipse.pde.ui-20120217-1437,org.eclipse.ui.internal.views.log,LogView,sortByDateDescending,3,1,0
eclipse.pde.ui-20120217-1437,org.eclipse.ui.internal.views.log,LogView,getOpenLogFileJob,30,5,0
eclipse.pde.ui-20120217-1437,org.eclipse.ui.internal.views.log,LogView,run,24,5,1
eclipse.pde.ui-20120217-1437,org.eclipse.ui.internal.views.log,LogView,run,4,1,0
eclipse.pde.ui-20120217-1437,org.eclipse.ui.internal.views.log,LogView,getLogFile,3,1,0
eclipse.pde.ui-20120217-1437,org.eclipse.ui.internal.views.log,LogView,isCurrentLogSession,3,1,1
eclipse.pde.ui-20120217-1437,org.eclipse.ui.internal.views.log,LogView,isPlatformLogOpen,3,1,0
eclipse.pde.ui-20120217-1437,org.eclipse.ui.internal.views.log,LogView,setPlatformLog,3,1,0
eclipse.pde.ui-20120217-1437,org.eclipse.ui.internal.views.log,GroupByAction,GroupByAction,7,2,2
eclipse.pde.ui-20120217-1437,org.eclipse.ui.internal.views.log,GroupByAction,run,6,2,0
eclipse.pde.ui-20120217-1437,org.eclipse.ui.internal.views.log,LogViewContentProvider,LogViewContentProvider,3,1,1
eclipse.pde.ui-20120217-1437,org.eclipse.ui.internal.views.log,LogViewContentProvider,dispose,2,1,0
eclipse.pde.ui-20120217-1437,org.eclipse.ui.internal.views.log,LogViewContentProvider,getChildren,3,1,1
eclipse.pde.ui-20120217-1437,org.eclipse.ui.internal.views.log,LogViewContentProvider,getElements,3,1,1
eclipse.pde.ui-20120217-1437,org.eclipse.ui.internal.views.log,LogViewContentProvider,getParent,6,2,1
eclipse.pde.ui-20120217-1437,org.eclipse.ui.internal.views.log,LogViewContentProvider,hasChildren,3,1,1
eclipse.pde.ui-20120217-1437,org.eclipse.ui.internal.views.log,LogViewContentProvider,inputChanged,2,1,3
eclipse.pde.ui-20120217-1437,org.eclipse.ui.internal.views.log,LogViewContentProvider,isDeleted,3,1,1
eclipse.pde.ui-20120217-1437,org.eclipse.ui.internal.views.log,LogViewLabelProvider,LogViewLabelProvider,9,1,1
eclipse.pde.ui-20120217-1437,org.eclipse.ui.internal.views.log,LogViewLabelProvider,dispose,5,2,0
eclipse.pde.ui-20120217-1437,org.eclipse.ui.internal.views.log,LogViewLabelProvider,getColumnImage,19,6,2
eclipse.pde.ui-20120217-1437,org.eclipse.ui.internal.views.log,LogViewLabelProvider,getColumnText,31,11,2
eclipse.pde.ui-20120217-1437,org.eclipse.ui.internal.views.log,LogViewLabelProvider,connect,3,2,1
eclipse.pde.ui-20120217-1437,org.eclipse.ui.internal.views.log,LogViewLabelProvider,disconnect,6,2,1
eclipse.pde.ui-20120217-1437,org.eclipse.ui.internal.views.log,LogViewLabelProvider,getFont,6,2,2
eclipse.pde.ui-20120217-1437,org.eclipse.ui.internal.views.log,OpenIDELogFileAction,OpenIDELogFileAction,3,1,1
eclipse.pde.ui-20120217-1437,org.eclipse.ui.internal.views.log,OpenIDELogFileAction,run,13,2,0
eclipse.pde.ui-20120217-1437,org.eclipse.ui.internal.views.log,OpenLogDialog,OpenLogDialog,5,1,2
eclipse.pde.ui-20120217-1437,org.eclipse.ui.internal.views.log,OpenLogDialog,configureShell,5,1,1
eclipse.pde.ui-20120217-1437,org.eclipse.ui.internal.views.log,OpenLogDialog,createButtonsForButtonBar,3,1,1
eclipse.pde.ui-20120217-1437,org.eclipse.ui.internal.views.log,OpenLogDialog,create,7,3,0
eclipse.pde.ui-20120217-1437,org.eclipse.ui.internal.views.log,OpenLogDialog,createDialogArea,11,1,1
eclipse.pde.ui-20120217-1437,org.eclipse.ui.internal.views.log,OpenLogDialog,getLogSummary,12,2,0
eclipse.pde.ui-20120217-1437,org.eclipse.ui.internal.views.log,OpenLogDialog,buttonPressed,7,2,1
eclipse.pde.ui-20120217-1437,org.eclipse.ui.internal.views.log,OpenLogDialog,storeSettings,3,1,0
eclipse.pde.ui-20120217-1437,org.eclipse.ui.internal.views.log,OpenLogDialog,getDialogSettings,6,2,0
eclipse.pde.ui-20120217-1437,org.eclipse.ui.internal.views.log,OpenLogDialog,readConfiguration,15,1,0
eclipse.pde.ui-20120217-1437,org.eclipse.ui.internal.views.log,OpenLogDialog,writeConfiguration,9,1,0
eclipse.pde.ui-20120217-1437,org.eclipse.ui.internal.views.log,OpenLogDialog,readFile,4,2,1
eclipse.pde.ui-20120217-1437,org.eclipse.ui.internal.views.log,OpenLogDialog,readLargeFile,24,7,1
eclipse.pde.ui-20120217-1437,org.eclipse.ui.internal.views.log,OpenLogDialog,readLargeFileWithMonitor,22,1,1
eclipse.pde.ui-20120217-1437,org.eclipse.ui.internal.views.log,OpenLogDialog,run,9,1,1
eclipse.pde.ui-20120217-1437,org.eclipse.ui.internal.views.log,OpenLogDialog,readFileWithMonitor,22,1,1
eclipse.pde.ui-20120217-1437,org.eclipse.ui.internal.views.log,OpenLogDialog,run,9,1,1
eclipse.pde.ui-20120217-1437,org.eclipse.ui.internal.views.log,SharedImages,SharedImages,2,1,0
eclipse.pde.ui-20120217-1437,org.eclipse.ui.internal.views.log,SharedImages,getImageDescriptor,3,1,1
eclipse.pde.ui-20120217-1437,org.eclipse.ui.internal.views.log,SharedImages,getImage,3,1,1
eclipse.pde.ui-20120217-1437,org.eclipse.ui.internal.views.log,TailInputStream,TailInputStream,6,1,2
eclipse.pde.ui-20120217-1437,org.eclipse.ui.internal.views.log,TailInputStream,skipHead,9,3,1
eclipse.pde.ui-20120217-1437,org.eclipse.ui.internal.views.log,TailInputStream,read,8,2,0
eclipse.pde.ui-20120217-1437,org.eclipse.ui.internal.views.log,TailInputStream,read,3,1,1
eclipse.pde.ui-20120217-1437,org.eclipse.ui.internal.views.log,TailInputStream,read,3,1,3
eclipse.pde.ui-20120217-1437,org.eclipse.ui.internal.views.log,TailInputStream,close,3,1,0
